,round,tube,sp,st,final_pop
0,0,0,3,"(0.10171774043149463, 0.0, 0.3066454727815258, 0.0, 0.0, 0.0, 0.0, 0.0, 0.0, 0.0)",53
1,0,0,8,"(0.09369258606422372, 0.0, 0.08884829153137015, 0.09247639241939104, 0.09173902283359818, 0.0, 0.028624918864351683, 0.0, 0.0, 0.0)",1
2,0,0,8,"(0.09369258606422372, 0.0, 0.09886232529533268, 0.13222263940620044, 0.09173902283359818, 0.0, 0.028624918864351683, 0.0, 0.0, 0.0)",1
3,0,0,8,"(0.09369258606422372, 0.0, 0.09886232529533268, 0.09247639241939104, 0.09173902283359818, 0.0, 0.028624918864351683, 0.0, 0.0, 0.0)",462
4,0,0,10,"(0.11625219362765292, 0.1850363672609433, 0.03174902951990664, 0.14308596490431968, 0.05763570236664028, 0.06611563774201018, 0.13892215992622148, 0.0, 0.0, 0.202679747511148)",3
5,0,0,14,"(0.0, 0.19712773158530275, 0.0, 0.06465848392454172, 0.21549567419416185, 0.23288989104369132, 0.0, 0.0, 0.20206654534823063, 0.0)",3
6,0,1,3,"(0.10171774043149463, 0.0, 0.3066454727815258, 0.0, 0.0, 0.0, 0.0, 0.0, 0.0, 0.0)",5
7,0,1,6,"(0.019292460235586745, 0.060567902097448605, 0.04477045167749137, 0.0, 0.0, 0.019787538810802065, 0.0, 0.0, 0.017081544759145573, 0.03297099355630315)",155
8,0,1,6,"(0.019292460235586745, 0.060567902097448605, 0.04477045167749137, 0.0, 0.0, 0.019787538810802065, 0.0, 0.0, 0.020537454904757984, 0.03297099355630315)",1
9,0,1,6,"(0.019292460235586745, 0.060567902097448605, 0.04477045167749137, 0.0, 0.0, 0.021683468712895494, 0.0, 0.0, 0.017081544759145573, 0.03297099355630315)",1
10,0,1,7,"(0.11781548560357764, 0.0, 0.0, 0.0, 0.08963196916637059, 0.11151276847102691, 0.0, 0.06846774248654515, 0.11387011139749449, 0.0)",1
11,0,1,7,"(0.11781548560357764, 0.0, 0.0, 0.0, 0.08963196916637059, 0.06164521714842443, 0.0, 0.06846774248654515, 0.11387011139749449, 0.0)",125
12,0,1,10,"(0.11625219362765292, 0.1850363672609433, 0.03174902951990664, 0.14308596490431968, 0.05763570236664028, 0.06611563774201018, 0.13892215992622148, 0.0, 0.0, 0.202679747511148)",3
13,0,2,5,"(0.019349111660996066, 0.03908441615997125, 0.11586884486708367, 0.06350311310887341, 0.0, 0.12471305397179729, 0.0, 0.014102761358655541, 0.0, 0.042068358139173895)",2
14,0,2,5,"(0.019349111660996066, 0.041148219819951024, 0.11586884486708367, 0.06350311310887341, 0.0, 0.12471305397179729, 0.0, 0.02071857728102252, 0.0, 0.04676631653974659)",1
15,0,2,5,"(0.019349111660996066, 0.03908441615997125, 0.11586884486708367, 0.06350311310887341, 0.0, 0.12471305397179729, 0.0, 0.02071857728102252, 0.0, 0.019898303266826907)",1
16,0,2,5,"(0.0394072681305971, 0.03908441615997125, 0.11586884486708367, 0.06350311310887341, 0.0, 0.12471305397179729, 0.0, 0.02071857728102252, 0.0, 0.042068358139173895)",1
17,0,2,5,"(0.019349111660996066, 0.03908441615997125, 0.11586884486708367, 0.06350311310887341, 0.0, 0.12471305397179729, 0.0, 0.02071857728102252, 0.0, 0.042068358139173895)",173
18,0,2,5,"(0.019349111660996066, 0.03908441615997125, 0.11586884486708367, 0.06350311310887341, 0.0, 0.12471305397179729, 0.0, 0.016659143180617363, 0.0, 0.042068358139173895)",2
19,0,2,5,"(0.019349111660996066, 0.03908441615997125, 0.11586884486708367, 0.095097579848097, 0.0, 0.12471305397179729, 0.0, 0.02071857728102252, 0.0, 0.042068358139173895)",5
20,0,2,7,"(0.11781548560357764, 0.0, 0.0, 0.0, 0.08963196916637059, 0.06164521714842443, 0.0, 0.06846774248654515, 0.11387011139749449, 0.0)",33
21,0,2,11,"(0.09033430006888621, 0.14970886995698662, 0.0, 0.0, 0.0, 0.04688669779969397, 0.0, 0.08279881135943302, 0.0, 0.006987404576600495)",2
22,0,2,11,"(0.09033430006888621, 0.08611100548566572, 0.0, 0.0, 0.0, 0.04688669779969397, 0.0, 0.08279881135943302, 0.0, 0.01812760691895582)",1
23,0,2,11,"(0.09033430006888621, 0.2441993410172398, 0.0, 0.0, 0.0, 0.04688669779969397, 0.0, 0.08279881135943302, 0.0, 0.01812760691895582)",1
24,0,2,11,"(0.09033430006888621, 0.14970886995698662, 0.0, 0.0, 0.0, 0.04688669779969397, 0.0, 0.08279881135943302, 0.0, 0.006648923480969445)",13
25,0,2,11,"(0.09033430006888621, 0.14970886995698662, 0.0, 0.0, 0.0, 0.05875220119848084, 0.0, 0.08279881135943302, 0.0, 0.01812760691895582)",1
26,0,2,11,"(0.09033430006888621, 0.14970886995698662, 0.0, 0.0, 0.0, 0.04688669779969397, 0.0, 0.10751946453625845, 0.0, 0.01812760691895582)",1
27,0,2,11,"(0.09033430006888621, 0.14970886995698662, 0.0, 0.0, 0.0, 0.04688669779969397, 0.0, 0.10688253087231761, 0.0, 0.01812760691895582)",1
28,0,2,11,"(0.09033430006888621, 0.10675904076995463, 0.0, 0.0, 0.0, 0.04688669779969397, 0.0, 0.08279881135943302, 0.0, 0.01812760691895582)",1
29,0,2,11,"(0.09033430006888621, 0.14970886995698662, 0.0, 0.0, 0.0, 0.04688669779969397, 0.0, 0.08279881135943302, 0.0, 0.018892643760124967)",2
30,0,2,11,"(0.09033430006888621, 0.14970886995698662, 0.0, 0.0, 0.0, 0.04688669779969397, 0.0, 0.08279881135943302, 0.0, 0.01812760691895582)",601
31,0,2,14,"(0.0, 0.19712773158530275, 0.0, 0.06465848392454172, 0.21549567419416185, 0.23288989104369132, 0.0, 0.0, 0.20206654534823063, 0.0)",3
32,0,3,5,"(0.019349111660996066, 0.03908441615997125, 0.11586884486708367, 0.06350311310887341, 0.0, 0.10269260150829594, 0.0, 0.02071857728102252, 0.0, 0.042068358139173895)",1
33,0,3,5,"(0.019349111660996066, 0.03908441615997125, 0.11586884486708367, 0.06350311310887341, 0.0, 0.12471305397179729, 0.0, 0.02071857728102252, 0.0, 0.042068358139173895)",116
34,0,3,7,"(0.11781548560357764, 0.0, 0.0, 0.0, 0.08963196916637059, 0.06164521714842443, 0.0, 0.06846774248654515, 0.11387011139749449, 0.0)",14
35,0,3,8,"(0.09369258606422372, 0.0, 0.07121086711419244, 0.09247639241939104, 0.09173902283359818, 0.0, 0.028624918864351683, 0.0, 0.0, 0.0)",1
36,0,3,8,"(0.09369258606422372, 0.0, 0.09886232529533268, 0.09247639241939104, 0.09173902283359818, 0.0, 0.028624918864351683, 0.0, 0.0, 0.0)",184
37,0,3,8,"(0.09369258606422372, 0.0, 0.07121086711419244, 0.09247639241939104, 0.07626554761850493, 0.0, 0.011271228250754044, 0.0, 0.0, 0.0)",1
38,0,3,8,"(0.09369258606422372, 0.0, 0.09886232529533268, 0.09247639241939104, 0.09173902283359818, 0.0, 0.026217479459168247, 0.0, 0.0, 0.0)",3
39,0,3,8,"(0.09369258606422372, 0.0, 0.08934728441018282, 0.09247639241939104, 0.09173902283359818, 0.0, 0.028624918864351683, 0.0, 0.0, 0.0)",2
40,0,3,8,"(0.09369258606422372, 0.0, 0.09886232529533268, 0.09247639241939104, 0.04024057406620982, 0.0, 0.028624918864351683, 0.0, 0.0, 0.0)",1
41,0,3,8,"(0.09369258606422372, 0.0, 0.09886232529533268, 0.135485020980292, 0.09173902283359818, 0.0, 0.028624918864351683, 0.0, 0.0, 0.0)",1
42,0,3,11,"(0.09033430006888621, 0.14970886995698662, 0.0, 0.0, 0.0, 0.04688669779969397, 0.0, 0.05694427736119352, 0.0, 0.00623003382837632)",1
43,0,3,11,"(0.09033430006888621, 0.14790300066155807, 0.0, 0.0, 0.0, 0.04688669779969397, 0.0, 0.08279881135943302, 0.0, 0.01812760691895582)",2
44,0,3,11,"(0.09033430006888621, 0.14970886995698662, 0.0, 0.0, 0.0, 0.04688669779969397, 0.0, 0.10155001707153577, 0.0, 0.01812760691895582)",3
45,0,3,11,"(0.09033430006888621, 0.14970886995698662, 0.0, 0.0, 0.0, 0.04688669779969397, 0.0, 0.05432667301117464, 0.0, 0.01812760691895582)",1
46,0,3,11,"(0.09033430006888621, 0.14970886995698662, 0.0, 0.0, 0.0, 0.04688669779969397, 0.0, 0.08279881135943302, 0.0, 0.01812760691895582)",468
47,0,3,11,"(0.07782583900015255, 0.14970886995698662, 0.0, 0.0, 0.0, 0.04688669779969397, 0.0, 0.08279881135943302, 0.0, 0.01812760691895582)",1
48,0,3,11,"(0.09033430006888621, 0.3964654070318471, 0.0, 0.0, 0.0, 0.04688669779969397, 0.0, 0.10155001707153577, 0.0, 0.01812760691895582)",1
49,0,3,11,"(0.08720351722472644, 0.14970886995698662, 0.0, 0.0, 0.0, 0.04688669779969397, 0.0, 0.08279881135943302, 0.0, 0.01812760691895582)",1
50,0,3,11,"(0.09033430006888621, 0.14970886995698662, 0.0, 0.0, 0.0, 0.055765040458768574, 0.0, 0.08279881135943302, 0.0, 0.023122294428424787)",2
51,0,3,11,"(0.09033430006888621, 0.11081854356144992, 0.0, 0.0, 0.0, 0.04688669779969397, 0.0, 0.08279881135943302, 0.0, 0.01812760691895582)",1
52,0,3,11,"(0.09033430006888621, 0.14970886995698662, 0.0, 0.0, 0.0, 0.029671154427786693, 0.0, 0.08279881135943302, 0.0, 0.01812760691895582)",1
53,0,4,5,"(0.019349111660996066, 0.03908441615997125, 0.08192879446036319, 0.06350311310887341, 0.0, 0.12471305397179729, 0.0, 0.02071857728102252, 0.0, 0.04644556229334543)",2
54,0,4,5,"(0.019349111660996066, 0.03908441615997125, 0.11586884486708367, 0.06350311310887341, 0.0, 0.12471305397179729, 0.0, 0.02071857728102252, 0.0, 0.04967032607465311)",9
55,0,4,5,"(0.019349111660996066, 0.03908441615997125, 0.13127402271283783, 0.06350311310887341, 0.0, 0.12471305397179729, 0.0, 0.02071857728102252, 0.0, 0.042068358139173895)",1
56,0,4,5,"(0.019349111660996066, 0.03908441615997125, 0.11586884486708367, 0.06350311310887341, 0.0, 0.12471305397179729, 0.0, 0.02071857728102252, 0.0, 0.05864878192881621)",1
57,0,4,5,"(0.019349111660996066, 0.03908441615997125, 0.11586884486708367, 0.07768283639291822, 0.0, 0.12471305397179729, 0.0, 0.02071857728102252, 0.0, 0.042068358139173895)",1
58,0,4,5,"(0.019349111660996066, 0.020188528141625327, 0.11586884486708367, 0.06350311310887341, 0.0, 0.12427058567392411, 0.0, 0.02071857728102252, 0.0, 0.042068358139173895)",1
59,0,4,5,"(0.019349111660996066, 0.03908441615997125, 0.11586884486708367, 0.06350311310887341, 0.0, 0.12471305397179729, 0.0, 0.02071857728102252, 0.0, 0.042068358139173895)",366
60,0,4,5,"(0.014950817911453215, 0.03908441615997125, 0.11586884486708367, 0.06350311310887341, 0.0, 0.12471305397179729, 0.0, 0.02071857728102252, 0.0, 0.042068358139173895)",1
61,0,4,5,"(0.019349111660996066, 0.03908441615997125, 0.11586884486708367, 0.06350311310887341, 0.0, 0.12471305397179729, 0.0, 0.03164646658733238, 0.0, 0.042068358139173895)",1
62,0,4,5,"(0.019349111660996066, 0.08716055720209627, 0.11586884486708367, 0.06350311310887341, 0.0, 0.12471305397179729, 0.0, 0.02071857728102252, 0.0, 0.042068358139173895)",1
63,0,4,5,"(0.019349111660996066, 0.023939147616317956, 0.11586884486708367, 0.06350311310887341, 0.0, 0.12471305397179729, 0.0, 0.02071857728102252, 0.0, 0.042068358139173895)",8
64,0,4,5,"(0.019349111660996066, 0.03908441615997125, 0.11586884486708367, 0.06350311310887341, 0.0, 0.12471305397179729, 0.0, 0.04151517553014062, 0.0, 0.042068358139173895)",1
65,0,4,5,"(0.019349111660996066, 0.03908441615997125, 0.11586884486708367, 0.06350311310887341, 0.0, 0.12471305397179729, 0.0, 0.02071857728102252, 0.0, 0.0701981548610207)",2
66,0,4,5,"(0.019349111660996066, 0.03908441615997125, 0.11586884486708367, 0.06921856728849536, 0.0, 0.12471305397179729, 0.0, 0.02071857728102252, 0.0, 0.032455453917477256)",55
67,0,4,13,"(0.0, 0.0, 0.11679612853536596, 0.06920069129515957, 0.09172770611919409, 0.07489992963210028, 0.0, 0.0, 0.14899621190854193, 0.0)",109
68,0,4,13,"(0.0, 0.0, 0.10985484886911108, 0.10119687114185873, 0.09172770611919409, 0.07489992963210028, 0.0, 0.0, 0.14899621190854193, 0.0)",2
69,0,4,14,"(0.0, 0.19712773158530275, 0.0, 0.06465848392454172, 0.21549567419416185, 0.23288989104369132, 0.0, 0.0, 0.20206654534823063, 0.0)",3
70,0,5,0,"(0.13391888120475692, 0.0, 0.0820336341115034, 0.0, 0.0, 0.0, 0.0, 0.22676584393532853, 0.2313216566208673, 0.03895704798490097)",3
71,0,5,7,"(0.11781548560357764, 0.0, 0.0, 0.0, 0.08963196916637059, 0.06164521714842443, 0.0, 0.06846774248654515, 0.11387011139749449, 0.0)",137
72,0,5,7,"(0.11633356767097136, 0.0, 0.0, 0.0, 0.08963196916637059, 0.06164521714842443, 0.0, 0.06846774248654515, 0.11387011139749449, 0.0)",6
73,0,5,12,"(0.0, 0.1063989220923299, 0.0015111703434619284, 0.04642784640271252, 0.08672640026861606, 0.0, 0.12675493410285443, 0.19294877208059033, 0.0, 0.10322515837540021)",69
74,0,5,12,"(0.0, 0.1063989220923299, 0.0015111703434619284, 0.04642784640271252, 0.08672640026861606, 0.0, 0.12675493410285443, 0.08683192859996375, 0.0, 0.10322515837540021)",1
75,0,5,14,"(0.0, 0.19712773158530275, 0.0, 0.06465848392454172, 0.21549567419416185, 0.23288989104369132, 0.0, 0.0, 0.20206654534823063, 0.0)",4
76,0,6,7,"(0.11781548560357764, 0.0, 0.0, 0.0, 0.08963196916637059, 0.06164521714842443, 0.0, 0.06846774248654515, 0.11387011139749449, 0.0)",15
77,0,6,8,"(0.09369258606422372, 0.0, 0.09912153161495606, 0.09247639241939104, 0.09330778826387473, 0.0, 0.028624918864351683, 0.0, 0.0, 0.0)",3
78,0,6,8,"(0.09369258606422372, 0.0, 0.09886232529533268, 0.09247639241939104, 0.09173902283359818, 0.0, 0.01801684745410799, 0.0, 0.0, 0.0)",1
79,0,6,8,"(0.09369258606422372, 0.0, 0.09886232529533268, 0.09247639241939104, 0.09173902283359818, 0.0, 0.028624918864351683, 0.0, 0.0, 0.0)",177
80,0,6,8,"(0.09369258606422372, 0.0, 0.09886232529533268, 0.05838694634680533, 0.1731950011195877, 0.0, 0.018445040681388972, 0.0, 0.0, 0.0)",1
81,0,6,8,"(0.09369258606422372, 0.0, 0.08373171837377671, 0.09247639241939104, 0.09173902283359818, 0.0, 0.04010022507988618, 0.0, 0.0, 0.0)",1
82,0,6,8,"(0.06065476481188279, 0.0, 0.09886232529533268, 0.09247639241939104, 0.09418821028983573, 0.0, 0.028624918864351683, 0.0, 0.0, 0.0)",4
83,0,6,9,"(0.052550939459601514, 0.0, 0.04225710535970975, 0.0, 0.12647368364204675, 0.13743956853625588, 0.0576626659711753, 0.11395506571919103, 0.0, 0.02195829510738229)",23
84,0,6,11,"(0.09033430006888621, 0.14970886995698662, 0.0, 0.0, 0.0, 0.04688669779969397, 0.0, 0.08279881135943302, 0.0, 0.01812760691895582)",383
85,0,6,11,"(0.07330871126788682, 0.14970886995698662, 0.0, 0.0, 0.0, 0.04688669779969397, 0.0, 0.11273627453067292, 0.0, 0.021545451224661335)",1
86,0,7,3,"(0.10171774043149463, 0.0, 0.3066454727815258, 0.0, 0.0, 0.0, 0.0, 0.0, 0.0, 0.0)",17
87,0,7,3,"(0.10171774043149463, 0.0, 0.27212502600169547, 0.0, 0.0, 0.0, 0.0, 0.0, 0.0, 0.0)",2
88,0,7,5,"(0.019349111660996066, 0.03908441615997125, 0.11586884486708367, 0.042590621602280575, 0.0, 0.12471305397179729, 0.0, 0.02071857728102252, 0.0, 0.042068358139173895)",2
89,0,7,5,"(0.019349111660996066, 0.03908441615997125, 0.10076821850212035, 0.06350311310887341, 0.0, 0.12471305397179729, 0.0, 0.02071857728102252, 0.0, 0.042068358139173895)",1
90,0,7,5,"(0.020329543065881694, 0.07311084542835736, 0.11586884486708367, 0.06603618389879623, 0.0, 0.12471305397179729, 0.0, 0.02071857728102252, 0.0, 0.042068358139173895)",1
91,0,7,5,"(0.019349111660996066, 0.06817387033610874, 0.11586884486708367, 0.06350311310887341, 0.0, 0.12471305397179729, 0.0, 0.01657959651927058, 0.0, 0.042068358139173895)",3
92,0,7,5,"(0.019349111660996066, 0.03908441615997125, 0.06803548829863035, 0.06350311310887341, 0.0, 0.12471305397179729, 0.0, 0.02611574881529889, 0.0, 0.042068358139173895)",2
93,0,7,5,"(0.019349111660996066, 0.03908441615997125, 0.11586884486708367, 0.06350311310887341, 0.0, 0.12471305397179729, 0.0, 0.02071857728102252, 0.0, 0.059261610612449486)",1
94,0,7,5,"(0.019349111660996066, 0.03908441615997125, 0.11586884486708367, 0.06350311310887341, 0.0, 0.12471305397179729, 0.0, 0.02071857728102252, 0.0, 0.042068358139173895)",526
95,0,7,9,"(0.052550939459601514, 0.0, 0.04225710535970975, 0.0, 0.12647368364204675, 0.13743956853625588, 0.0576626659711753, 0.11395506571919103, 0.0, 0.02195829510738229)",101
96,0,7,10,"(0.11625219362765292, 0.1850363672609433, 0.03174902951990664, 0.14308596490431968, 0.05763570236664028, 0.06611563774201018, 0.13892215992622148, 0.0, 0.0, 0.202679747511148)",1
97,0,8,0,"(0.13391888120475692, 0.0, 0.0820336341115034, 0.0, 0.0, 0.0, 0.0, 0.22676584393532853, 0.2313216566208673, 0.03895704798490097)",4
98,0,8,0,"(0.2870297759192264, 0.0, 0.0820336341115034, 0.0, 0.0, 0.0, 0.0, 0.22676584393532853, 0.2313216566208673, 0.03895704798490097)",1
99,0,8,11,"(0.09033430006888621, 0.14970886995698662, 0.0, 0.0, 0.0, 0.05656998880054968, 0.0, 0.08279881135943302, 0.0, 0.022440752948836608)",1
100,0,8,11,"(0.09033430006888621, 0.08678938950639571, 0.0, 0.0, 0.0, 0.04688669779969397, 0.0, 0.08279881135943302, 0.0, 0.01812760691895582)",1
101,0,8,11,"(0.09033430006888621, 0.14970886995698662, 0.0, 0.0, 0.0, 0.04688669779969397, 0.0, 0.046058505691260694, 0.0, 0.01812760691895582)",1
102,0,8,11,"(0.09033430006888621, 0.17753841044690927, 0.0, 0.0, 0.0, 0.04688669779969397, 0.0, 0.08279881135943302, 0.0, 0.02616278842374987)",2
103,0,8,11,"(0.09033430006888621, 0.14970886995698662, 0.0, 0.0, 0.0, 0.04688669779969397, 0.0, 0.08279881135943302, 0.0, 0.01812760691895582)",570
104,0,8,11,"(0.09033430006888621, 0.14970886995698662, 0.0, 0.0, 0.0, 0.0451797667043316, 0.0, 0.08279881135943302, 0.0, 0.01812760691895582)",3
105,0,8,11,"(0.09033430006888621, 0.2123127799234941, 0.0, 0.0, 0.0, 0.05397568897915249, 0.0, 0.08279881135943302, 0.0, 0.01812760691895582)",1
106,0,8,11,"(0.10199141885005623, 0.14970886995698662, 0.0, 0.0, 0.0, 0.026180083821947562, 0.0, 0.08279881135943302, 0.0, 0.01812760691895582)",1
107,0,8,11,"(0.09033430006888621, 0.07610602957170572, 0.0, 0.0, 0.0, 0.05747759098534792, 0.0, 0.04916042547381497, 0.0, 0.0352732688905501)",9
108,0,8,11,"(0.09033430006888621, 0.14970886995698662, 0.0, 0.0, 0.0, 0.04688669779969397, 0.0, 0.08279881135943302, 0.0, 0.022544901205703946)",1
109,0,8,13,"(0.0, 0.0, 0.11679612853536596, 0.06920069129515957, 0.09172770611919409, 0.054236744766082784, 0.0, 0.0, 0.14899621190854193, 0.0)",3
110,0,8,13,"(0.0, 0.0, 0.11679612853536596, 0.06920069129515957, 0.07554748456829415, 0.07489992963210028, 0.0, 0.0, 0.14899621190854193, 0.0)",2
111,0,8,13,"(0.0, 0.0, 0.08330505622513054, 0.06920069129515957, 0.09172770611919409, 0.07489992963210028, 0.0, 0.0, 0.14899621190854193, 0.0)",2
112,0,8,13,"(0.0, 0.0, 0.0547873332217599, 0.06920069129515957, 0.09172770611919409, 0.07489992963210028, 0.0, 0.0, 0.14899621190854193, 0.0)",1
113,0,8,13,"(0.0, 0.0, 0.11679612853536596, 0.06920069129515957, 0.09172770611919409, 0.07489992963210028, 0.0, 0.0, 0.14899621190854193, 0.0)",134
114,0,8,14,"(0.0, 0.19712773158530275, 0.0, 0.06465848392454172, 0.21549567419416185, 0.23288989104369132, 0.0, 0.0, 0.20206654534823063, 0.0)",3
115,0,9,4,"(0.04867523231235475, 0.0, 0.0, 0.04460824933273595, 0.0, 0.0014291004804860002, 0.01586352477703272, 0.027620616827367193, 0.005662088617961285, 0.028703392335186102)",5
116,0,9,4,"(0.03136505589717127, 0.0, 0.0, 0.049559007307417025, 0.0, 0.0014291004804860002, 0.01586352477703272, 0.027620616827367193, 0.005662088617961285, 0.016598539113054)",1
117,0,9,4,"(0.03136505589717127, 0.0, 0.0, 0.03248678328236583, 0.0, 0.0014291004804860002, 0.01586352477703272, 0.027620616827367193, 0.005662088617961285, 0.016598539113054)",468
118,0,9,4,"(0.03136505589717127, 0.0, 0.0, 0.03248678328236583, 0.0, 0.0014291004804860002, 0.01586352477703272, 0.027620616827367193, 0.003695848521308794, 0.016598539113054)",1
119,0,9,4,"(0.03136505589717127, 0.0, 0.0, 0.03248678328236583, 0.0, 0.0014291004804860002, 0.01586352477703272, 0.027620616827367193, 0.007110791996453747, 0.016598539113054)",1
120,0,9,4,"(0.03136505589717127, 0.0, 0.0, 0.03248678328236583, 0.0, 0.0014291004804860002, 0.01586352477703272, 0.027620616827367193, 0.0052126549130737405, 0.01003298032911033)",1
121,0,9,4,"(0.03136505589717127, 0.0, 0.0, 0.03975431189822087, 0.0, 0.0014291004804860002, 0.01586352477703272, 0.027620616827367193, 0.005662088617961285, 0.016598539113054)",1
122,0,9,5,"(0.019349111660996066, 0.03908441615997125, 0.11586884486708367, 0.06350311310887341, 0.0, 0.12471305397179729, 0.0, 0.02071857728102252, 0.0, 0.042068358139173895)",19
123,0,9,11,"(0.09033430006888621, 0.14970886995698662, 0.0, 0.0, 0.0, 0.04688669779969397, 0.0, 0.08279881135943302, 0.0, 0.01812760691895582)",444
124,0,9,11,"(0.09033430006888621, 0.14970886995698662, 0.0, 0.0, 0.0, 0.025687652929467324, 0.0, 0.11318662630667824, 0.0, 0.01812760691895582)",2
125,0,9,11,"(0.09033430006888621, 0.25842636915941486, 0.0, 0.0, 0.0, 0.04688669779969397, 0.0, 0.04019432259829903, 0.0, 0.01812760691895582)",1
126,0,9,14,"(0.0, 0.19712773158530275, 0.0, 0.06465848392454172, 0.21549567419416185, 0.23288989104369132, 0.0, 0.0, 0.20206654534823063, 0.0)",2
127,0,10,1,"(0.0, 0.14271175734203523, 0.0, 0.0, 0.0, 0.4132150174857902, 0.0, 0.27853396239544037, 0.0, 0.0)",16
128,0,10,2,"(0.0, 0.0, 0.0538381097699007, 0.0, 0.0, 0.1733845557962937, 0.18347724696100404, 0.0, 0.06343498635015178, 0.0)",66
129,0,10,3,"(0.10171774043149463, 0.0, 0.3066454727815258, 0.0, 0.0, 0.0, 0.0, 0.0, 0.0, 0.0)",12
130,0,10,6,"(0.019292460235586745, 0.060567902097448605, 0.04477045167749137, 0.0, 0.0, 0.019787538810802065, 0.0, 0.0, 0.017081544759145573, 0.03297099355630315)",226
131,0,10,6,"(0.019292460235586745, 0.060567902097448605, 0.04477045167749137, 0.0, 0.0, 0.019787538810802065, 0.0, 0.0, 0.017081544759145573, 0.03022490056908436)",7
132,0,10,6,"(0.019292460235586745, 0.060567902097448605, 0.04477045167749137, 0.0, 0.0, 0.019887546426021866, 0.0, 0.0, 0.017081544759145573, 0.03297099355630315)",1
133,0,10,6,"(0.019292460235586745, 0.060567902097448605, 0.04797144919787006, 0.0, 0.0, 0.019787538810802065, 0.0, 0.0, 0.016381354847592667, 0.027084905096478807)",4
134,0,11,3,"(0.10171774043149463, 0.0, 0.3066454727815258, 0.0, 0.0, 0.0, 0.0, 0.0, 0.0, 0.0)",11
135,0,11,10,"(0.11625219362765292, 0.1850363672609433, 0.03174902951990664, 0.14308596490431968, 0.05763570236664028, 0.06611563774201018, 0.13892215992622148, 0.0, 0.0, 0.202679747511148)",1
136,0,11,11,"(0.2084922410749651, 0.14970886995698662, 0.0, 0.0, 0.0, 0.04688669779969397, 0.0, 0.08279881135943302, 0.0, 0.01812760691895582)",1
137,0,11,11,"(0.09033430006888621, 0.14970886995698662, 0.0, 0.0, 0.0, 0.09357669495817521, 0.0, 0.08279881135943302, 0.0, 0.01812760691895582)",2
138,0,11,11,"(0.09033430006888621, 0.14970886995698662, 0.0, 0.0, 0.0, 0.04688669779969397, 0.0, 0.08279881135943302, 0.0, 0.017335063996215174)",3
139,0,11,11,"(0.09033430006888621, 0.14970886995698662, 0.0, 0.0, 0.0, 0.04688669779969397, 0.0, 0.08279881135943302, 0.0, 0.02150234794647967)",5
140,0,11,11,"(0.10682551189550013, 0.17504200672084422, 0.0, 0.0, 0.0, 0.04688669779969397, 0.0, 0.08279881135943302, 0.0, 0.02562830723191663)",1
141,0,11,11,"(0.06690133309986027, 0.19760886233622965, 0.0, 0.0, 0.0, 0.04919166037356949, 0.0, 0.08279881135943302, 0.0, 0.01812760691895582)",1
142,0,11,11,"(0.09033430006888621, 0.14970886995698662, 0.0, 0.0, 0.0, 0.04688669779969397, 0.0, 0.06720263382940271, 0.0, 0.01812760691895582)",2
143,0,11,11,"(0.09033430006888621, 0.14970886995698662, 0.0, 0.0, 0.0, 0.04688669779969397, 0.0, 0.1389128117040238, 0.0, 0.01812760691895582)",2
144,0,11,11,"(0.09033430006888621, 0.14970886995698662, 0.0, 0.0, 0.0, 0.04688669779969397, 0.0, 0.07578926930943297, 0.0, 0.01812760691895582)",1
145,0,11,11,"(0.09033430006888621, 0.11472922269418395, 0.0, 0.0, 0.0, 0.04688669779969397, 0.0, 0.06405624435168815, 0.0, 0.01812760691895582)",1
146,0,11,11,"(0.09033430006888621, 0.14970886995698662, 0.0, 0.0, 0.0, 0.04688669779969397, 0.0, 0.08279881135943302, 0.0, 0.01812760691895582)",534
147,0,11,11,"(0.10456620007855523, 0.14970886995698662, 0.0, 0.0, 0.0, 0.04688669779969397, 0.0, 0.05603859311645129, 0.0, 0.01812760691895582)",2
148,0,11,14,"(0.0, 0.19712773158530275, 0.0, 0.06465848392454172, 0.21549567419416185, 0.23288989104369132, 0.0, 0.0, 0.20206654534823063, 0.0)",4
149,0,12,2,"(0.0, 0.0, 0.0538381097699007, 0.0, 0.0, 0.15937811227620896, 0.18347724696100404, 0.0, 0.05522704066545801, 0.0)",1
150,0,12,2,"(0.0, 0.0, 0.0538381097699007, 0.0, 0.0, 0.19622450159227528, 0.18347724696100404, 0.0, 0.06343498635015178, 0.0)",1
151,0,12,2,"(0.0, 0.0, 0.0538381097699007, 0.0, 0.0, 0.1733845557962937, 0.18347724696100404, 0.0, 0.06343498635015178, 0.0)",71
152,0,12,8,"(0.09369258606422372, 0.0, 0.09886232529533268, 0.09247639241939104, 0.09173902283359818, 0.0, 0.028624918864351683, 0.0, 0.0, 0.0)",497
153,0,12,8,"(0.09369258606422372, 0.0, 0.09886232529533268, 0.09247639241939104, 0.08525984900581979, 0.0, 0.028624918864351683, 0.0, 0.0, 0.0)",4
154,0,12,8,"(0.09369258606422372, 0.0, 0.09886232529533268, 0.09247639241939104, 0.08035390841422631, 0.0, 0.028624918864351683, 0.0, 0.0, 0.0)",1
155,0,12,8,"(0.09369258606422372, 0.0, 0.09886232529533268, 0.09247639241939104, 0.09133227460407302, 0.0, 0.028624918864351683, 0.0, 0.0, 0.0)",1
156,0,12,8,"(0.078426181682014, 0.0, 0.05729732335253691, 0.09247639241939104, 0.09173902283359818, 0.0, 0.028624918864351683, 0.0, 0.0, 0.0)",1
157,0,12,8,"(0.09369258606422372, 0.0, 0.09886232529533268, 0.09247639241939104, 0.09173902283359818, 0.0, 0.019439621027705224, 0.0, 0.0, 0.0)",25
158,0,12,8,"(0.09369258606422372, 0.0, 0.09886232529533268, 0.09247639241939104, 0.10362660337486816, 0.0, 0.03152396014770526, 0.0, 0.0, 0.0)",22
159,0,12,8,"(0.09369258606422372, 0.0, 0.09886232529533268, 0.09247639241939104, 0.09402570561471178, 0.0, 0.028624918864351683, 0.0, 0.0, 0.0)",1
160,0,12,9,"(0.052550939459601514, 0.0, 0.0840793518954045, 0.0, 0.12647368364204675, 0.13743956853625588, 0.0576626659711753, 0.11395506571919103, 0.0, 0.014841488746155167)",2
161,0,12,9,"(0.052550939459601514, 0.0, 0.0840793518954045, 0.0, 0.12647368364204675, 0.16309255145357812, 0.0576626659711753, 0.11395506571919103, 0.0, 0.014841488746155167)",5
162,0,12,9,"(0.052550939459601514, 0.0, 0.04225710535970975, 0.0, 0.12647368364204675, 0.13743956853625588, 0.0576626659711753, 0.11395506571919103, 0.0, 0.02195829510738229)",52
163,0,12,9,"(0.052550939459601514, 0.0, 0.04225710535970975, 0.0, 0.12647368364204675, 0.13743956853625588, 0.0467058283399609, 0.11395506571919103, 0.0, 0.02195829510738229)",6
164,0,12,13,"(0.0, 0.0, 0.11679612853536596, 0.06920069129515957, 0.09172770611919409, 0.07489992963210028, 0.0, 0.0, 0.14899621190854193, 0.0)",164
165,0,12,13,"(0.0, 0.0, 0.11679612853536596, 0.06920069129515957, 0.09172770611919409, 0.08533964154803673, 0.0, 0.0, 0.14899621190854193, 0.0)",1
166,0,13,2,"(0.0, 0.0, 0.0538381097699007, 0.0, 0.0, 0.1733845557962937, 0.18347724696100404, 0.0, 0.06343498635015178, 0.0)",14
167,0,13,8,"(0.09369258606422372, 0.0, 0.09886232529533268, 0.09247639241939104, 0.09173902283359818, 0.0, 0.028624918864351683, 0.0, 0.0, 0.0)",428
168,0,13,8,"(0.09369258606422372, 0.0, 0.09886232529533268, 0.09247639241939104, 0.09173902283359818, 0.0, 0.015825840820275994, 0.0, 0.0, 0.0)",3
169,0,13,8,"(0.09369258606422372, 0.0, 0.09886232529533268, 0.09247639241939104, 0.09173902283359818, 0.0, 0.02727743791577627, 0.0, 0.0, 0.0)",2
170,0,13,8,"(0.09369258606422372, 0.0, 0.09886232529533268, 0.09247639241939104, 0.09173902283359818, 0.0, 0.016564533981707034, 0.0, 0.0, 0.0)",2
171,0,13,8,"(0.09369258606422372, 0.0, 0.09886232529533268, 0.09247639241939104, 0.09173902283359818, 0.0, 0.046011547755165624, 0.0, 0.0, 0.0)",2
172,0,13,11,"(0.09033430006888621, 0.14970886995698662, 0.0, 0.0, 0.0, 0.04688669779969397, 0.0, 0.08301380404647904, 0.0, 0.01812760691895582)",2
173,0,13,11,"(0.09033430006888621, 0.14970886995698662, 0.0, 0.0, 0.0, 0.04688669779969397, 0.0, 0.1842132919136266, 0.0, 0.01812760691895582)",1
174,0,13,11,"(0.09033430006888621, 0.19234551929519964, 0.0, 0.0, 0.0, 0.04688669779969397, 0.0, 0.08279881135943302, 0.0, 0.01812760691895582)",1
175,0,13,11,"(0.09033430006888621, 0.14970886995698662, 0.0, 0.0, 0.0, 0.04688669779969397, 0.0, 0.07043823505278163, 0.0, 0.01812760691895582)",1
176,0,13,11,"(0.09033430006888621, 0.14970886995698662, 0.0, 0.0, 0.0, 0.04688669779969397, 0.0, 0.08279881135943302, 0.0, 0.01812760691895582)",293
177,0,13,11,"(0.09446081844157507, 0.14970886995698662, 0.0, 0.0, 0.0, 0.04688669779969397, 0.0, 0.12212471823732113, 0.0, 0.01812760691895582)",1
178,0,13,11,"(0.09033430006888621, 0.18370530079402003, 0.0, 0.0, 0.0, 0.04688669779969397, 0.0, 0.08279881135943302, 0.0, 0.01812760691895582)",7
179,0,13,13,"(0.0, 0.0, 0.11679612853536596, 0.06920069129515957, 0.09172770611919409, 0.07489992963210028, 0.0, 0.0, 0.1660216068863338, 0.0)",3
180,0,13,13,"(0.0, 0.0, 0.11679612853536596, 0.06337623674475576, 0.09172770611919409, 0.07489992963210028, 0.0, 0.0, 0.14899621190854193, 0.0)",2
181,0,13,13,"(0.0, 0.0, 0.11679612853536596, 0.06920069129515957, 0.09172770611919409, 0.07489992963210028, 0.0, 0.0, 0.14899621190854193, 0.0)",155
182,0,13,13,"(0.0, 0.0, 0.11737700598775558, 0.06920069129515957, 0.09172770611919409, 0.07489992963210028, 0.0, 0.0, 0.11590366824276814, 0.0)",1
183,0,14,0,"(0.13391888120475692, 0.0, 0.0820336341115034, 0.0, 0.0, 0.0, 0.0, 0.22676584393532853, 0.2313216566208673, 0.03895704798490097)",1
184,0,14,2,"(0.0, 0.0, 0.0538381097699007, 0.0, 0.0, 0.1733845557962937, 0.18347724696100404, 0.0, 0.06343498635015178, 0.0)",55
185,0,14,6,"(0.019292460235586745, 0.060567902097448605, 0.04477045167749137, 0.0, 0.0, 0.020213418553273244, 0.0, 0.0, 0.017081544759145573, 0.03297099355630315)",1
186,0,14,6,"(0.019292460235586745, 0.060567902097448605, 0.04477045167749137, 0.0, 0.0, 0.019787538810802065, 0.0, 0.0, 0.012368171271988186, 0.03297099355630315)",1
187,0,14,6,"(0.019292460235586745, 0.060567902097448605, 0.04477045167749137, 0.0, 0.0, 0.06814427253085865, 0.0, 0.0, 0.017081544759145573, 0.03297099355630315)",1
188,0,14,6,"(0.019292460235586745, 0.060567902097448605, 0.04477045167749137, 0.0, 0.0, 0.041349121338631924, 0.0, 0.0, 0.017081544759145573, 0.03297099355630315)",1
189,0,14,6,"(0.019292460235586745, 0.04931217002528276, 0.04477045167749137, 0.0, 0.0, 0.019787538810802065, 0.0, 0.0, 0.017081544759145573, 0.03297099355630315)",7
190,0,14,6,"(0.019292460235586745, 0.060567902097448605, 0.04477045167749137, 0.0, 0.0, 0.019787538810802065, 0.0, 0.0, 0.017081544759145573, 0.03297099355630315)",236
191,0,14,6,"(0.019292460235586745, 0.060567902097448605, 0.04930853036715304, 0.0, 0.0, 0.019787538810802065, 0.0, 0.0, 0.017081544759145573, 0.03297099355630315)",2
192,0,14,13,"(0.0, 0.0, 0.11679612853536596, 0.06920069129515957, 0.08860528533477129, 0.07489992963210028, 0.0, 0.0, 0.14899621190854193, 0.0)",2
193,0,14,13,"(0.0, 0.0, 0.11679612853536596, 0.06920069129515957, 0.09172770611919409, 0.07489992963210028, 0.0, 0.0, 0.14899621190854193, 0.0)",101
194,0,15,0,"(0.13391888120475692, 0.0, 0.0820336341115034, 0.0, 0.0, 0.0, 0.0, 0.22676584393532853, 0.2313216566208673, 0.03895704798490097)",4
195,0,15,1,"(0.0, 0.14271175734203523, 0.0, 0.0, 0.0, 0.4132150174857902, 0.0, 0.27853396239544037, 0.0, 0.0)",41
196,0,15,9,"(0.052550939459601514, 0.0, 0.04225710535970975, 0.0, 0.12647368364204675, 0.13743956853625588, 0.0576626659711753, 0.11395506571919103, 0.0, 0.02195829510738229)",158
197,0,15,12,"(0.0, 0.1063989220923299, 0.0015111703434619284, 0.04642784640271252, 0.08672640026861606, 0.0, 0.12675493410285443, 0.19294877208059033, 0.0, 0.10322515837540021)",372
198,0,16,0,"(0.13391888120475692, 0.0, 0.0820336341115034, 0.0, 0.0, 0.0, 0.0, 0.22676584393532853, 0.2313216566208673, 0.03895704798490097)",2
199,0,16,2,"(0.0, 0.0, 0.0538381097699007, 0.0, 0.0, 0.1733845557962937, 0.18347724696100404, 0.0, 0.06343498635015178, 0.0)",6
200,0,16,2,"(0.0, 0.0, 0.0538381097699007, 0.0, 0.0, 0.1733845557962937, 0.10760650415365768, 0.0, 0.06343498635015178, 0.0)",1
201,0,16,4,"(0.03136505589717127, 0.0, 0.0, 0.03248678328236583, 0.0, 0.0014291004804860002, 0.01586352477703272, 0.027620616827367193, 0.005662088617961285, 0.016598539113054)",437
202,0,16,4,"(0.03136505589717127, 0.0, 0.0, 0.03248678328236583, 0.0, 0.0013276837037871528, 0.01586352477703272, 0.027620616827367193, 0.005662088617961285, 0.016598539113054)",2
203,0,16,4,"(0.03136505589717127, 0.0, 0.0, 0.03248678328236583, 0.0, 0.0014291004804860002, 0.01586352477703272, 0.027620616827367193, 0.005662088617961285, 0.03448620576759039)",1
204,0,16,4,"(0.03136505589717127, 0.0, 0.0, 0.03248678328236583, 0.0, 0.0014291004804860002, 0.01586352477703272, 0.027620616827367193, 0.005662088617961285, 0.012223270171711596)",2
205,0,16,4,"(0.03136505589717127, 0.0, 0.0, 0.03248678328236583, 0.0, 0.001265730157973563, 0.01586352477703272, 0.027620616827367193, 0.005662088617961285, 0.016598539113054)",3
206,0,16,4,"(0.025000700815285378, 0.0, 0.0, 0.03246273466358689, 0.0, 0.0014291004804860002, 0.01586352477703272, 0.027620616827367193, 0.005662088617961285, 0.016598539113054)",1
207,0,16,4,"(0.03185346456255321, 0.0, 0.0, 0.03248678328236583, 0.0, 0.0014291004804860002, 0.01586352477703272, 0.027620616827367193, 0.005662088617961285, 0.016598539113054)",1
208,0,16,4,"(0.03235392117043561, 0.0, 0.0, 0.03248678328236583, 0.0, 0.0014291004804860002, 0.01586352477703272, 0.02222217147547447, 0.005662088617961285, 0.016598539113054)",1
209,0,16,4,"(0.03136505589717127, 0.0, 0.0, 0.03107282756985192, 0.0, 0.0014291004804860002, 0.01586352477703272, 0.027620616827367193, 0.005662088617961285, 0.016598539113054)",1
210,0,16,12,"(0.0, 0.1063989220923299, 0.0015111703434619284, 0.04642784640271252, 0.08672640026861606, 0.0, 0.12675493410285443, 0.19294877208059033, 0.0, 0.10322515837540021)",19
211,0,17,0,"(0.13391888120475692, 0.0, 0.0820336341115034, 0.0, 0.0, 0.0, 0.0, 0.22676584393532853, 0.2313216566208673, 0.03895704798490097)",1
212,0,17,1,"(0.0, 0.14271175734203523, 0.0, 0.0, 0.0, 0.4132150174857902, 0.0, 0.27853396239544037, 0.0, 0.0)",40
213,0,17,9,"(0.052550939459601514, 0.0, 0.04225710535970975, 0.0, 0.21579910292591895, 0.13743956853625588, 0.0576626659711753, 0.11395506571919103, 0.0, 0.02195829510738229)",1
214,0,17,9,"(0.052550939459601514, 0.0, 0.04225710535970975, 0.0, 0.12647368364204675, 0.13743956853625588, 0.0576626659711753, 0.11395506571919103, 0.0, 0.02195829510738229)",137
215,0,17,9,"(0.052550939459601514, 0.0, 0.04225710535970975, 0.0, 0.12647368364204675, 0.13743956853625588, 0.045519310970009275, 0.11395506571919103, 0.0, 0.02195829510738229)",6
216,0,17,12,"(0.0, 0.1063989220923299, 0.0015111703434619284, 0.04642784640271252, 0.08672640026861606, 0.0, 0.20145386695995326, 0.19294877208059033, 0.0, 0.10322515837540021)",2
217,0,17,12,"(0.0, 0.1063989220923299, 0.0015111703434619284, 0.035311067474205086, 0.08672640026861606, 0.0, 0.12675493410285443, 0.19294877208059033, 0.0, 0.10322515837540021)",3
218,0,17,12,"(0.0, 0.08988575453053474, 0.0015111703434619284, 0.04642784640271252, 0.08672640026861606, 0.0, 0.12675493410285443, 0.19773879428488036, 0.0, 0.10322515837540021)",3
219,0,17,12,"(0.0, 0.1063989220923299, 0.0015111703434619284, 0.04642784640271252, 0.08672640026861606, 0.0, 0.12675493410285443, 0.19294877208059033, 0.0, 0.10322515837540021)",172
220,0,18,3,"(0.10171774043149463, 0.0, 0.3066454727815258, 0.0, 0.0, 0.0, 0.0, 0.0, 0.0, 0.0)",12
221,0,18,3,"(0.10171774043149463, 0.0, 0.35909135184746593, 0.0, 0.0, 0.0, 0.0, 0.0, 0.0, 0.0)",1
222,0,18,6,"(0.019292460235586745, 0.060567902097448605, 0.04477045167749137, 0.0, 0.0, 0.019787538810802065, 0.0, 0.0, 0.017081544759145573, 0.03297099355630315)",59
223,0,18,9,"(0.052550939459601514, 0.0, 0.04225710535970975, 0.0, 0.12647368364204675, 0.13743956853625588, 0.0576626659711753, 0.11395506571919103, 0.0, 0.02195829510738229)",88
224,0,18,9,"(0.052550939459601514, 0.0, 0.01654649736211525, 0.0, 0.12647368364204675, 0.13743956853625588, 0.0576626659711753, 0.11395506571919103, 0.0, 0.02195829510738229)",5
225,0,18,13,"(0.0, 0.0, 0.11679612853536596, 0.06920069129515957, 0.09172770611919409, 0.07489992963210028, 0.0, 0.0, 0.14899621190854193, 0.0)",89
226,0,19,1,"(0.0, 0.14271175734203523, 0.0, 0.0, 0.0, 0.4132150174857902, 0.0, 0.27853396239544037, 0.0, 0.0)",21
227,0,19,5,"(0.019349111660996066, 0.03908441615997125, 0.11586884486708367, 0.06350311310887341, 0.0, 0.12471305397179729, 0.0, 0.02071857728102252, 0.0, 0.042068358139173895)",60
228,0,19,8,"(0.09369258606422372, 0.0, 0.09886232529533268, 0.09247639241939104, 0.09173902283359818, 0.0, 0.022725761458338718, 0.0, 0.0, 0.0)",9
229,0,19,8,"(0.09369258606422372, 0.0, 0.09886232529533268, 0.09247639241939104, 0.09173902283359818, 0.0, 0.014902947430348153, 0.0, 0.0, 0.0)",8
230,0,19,8,"(0.09369258606422372, 0.0, 0.09886232529533268, 0.09247639241939104, 0.09173902283359818, 0.0, 0.028624918864351683, 0.0, 0.0, 0.0)",443
231,0,19,8,"(0.12648848980275712, 0.0, 0.09886232529533268, 0.09247639241939104, 0.09173902283359818, 0.0, 0.028624918864351683, 0.0, 0.0, 0.0)",1
232,0,19,12,"(0.0, 0.13822309905811425, 0.0015111703434619284, 0.04642784640271252, 0.08672640026861606, 0.0, 0.12675493410285443, 0.19294877208059033, 0.0, 0.10322515837540021)",1
233,0,19,12,"(0.0, 0.1063989220923299, 0.0015111703434619284, 0.04642784640271252, 0.08672640026861606, 0.0, 0.12675493410285443, 0.19294877208059033, 0.0, 0.10322515837540021)",111
234,0,19,12,"(0.0, 0.1063989220923299, 0.0015111703434619284, 0.04642784640271252, 0.08672640026861606, 0.0, 0.12675493410285443, 0.31184743108133783, 0.0, 0.10322515837540021)",1
235,0,19,12,"(0.0, 0.1063989220923299, 0.0023506718134733645, 0.04642784640271252, 0.08672640026861606, 0.0, 0.12675493410285443, 0.19294877208059033, 0.0, 0.10322515837540021)",1
236,0,20,5,"(0.019349111660996066, 0.03908441615997125, 0.11586884486708367, 0.06350311310887341, 0.0, 0.12471305397179729, 0.0, 0.020842774488186878, 0.0, 0.042068358139173895)",13
237,0,20,5,"(0.019349111660996066, 0.03908441615997125, 0.14261725081769488, 0.06350311310887341, 0.0, 0.12471305397179729, 0.0, 0.02071857728102252, 0.0, 0.042068358139173895)",1
238,0,20,5,"(0.03218015612562198, 0.03908441615997125, 0.11586884486708367, 0.06350311310887341, 0.0, 0.12471305397179729, 0.0, 0.02071857728102252, 0.0, 0.042068358139173895)",12
239,0,20,5,"(0.019349111660996066, 0.03680932212282292, 0.11586884486708367, 0.06350311310887341, 0.0, 0.12471305397179729, 0.0, 0.02071857728102252, 0.0, 0.042068358139173895)",2
240,0,20,5,"(0.019349111660996066, 0.03908441615997125, 0.11586884486708367, 0.06350311310887341, 0.0, 0.12471305397179729, 0.0, 0.02071857728102252, 0.0, 0.042068358139173895)",289
241,0,20,5,"(0.027476739030169776, 0.03908441615997125, 0.11586884486708367, 0.06350311310887341, 0.0, 0.12471305397179729, 0.0, 0.02071857728102252, 0.0, 0.042068358139173895)",24
242,0,20,5,"(0.02711431537212308, 0.03908441615997125, 0.11586884486708367, 0.06350311310887341, 0.0, 0.12471305397179729, 0.0, 0.02071857728102252, 0.0, 0.042068358139173895)",1
243,0,20,5,"(0.02041215153382383, 0.041032765616754396, 0.11586884486708367, 0.06350311310887341, 0.0, 0.12471305397179729, 0.0, 0.020842774488186878, 0.0, 0.042068358139173895)",1
244,0,20,5,"(0.019349111660996066, 0.05817799934825498, 0.11586884486708367, 0.06350311310887341, 0.0, 0.12471305397179729, 0.0, 0.02071857728102252, 0.0, 0.042068358139173895)",2
245,0,20,5,"(0.019349111660996066, 0.03908441615997125, 0.14165966347273604, 0.06350311310887341, 0.0, 0.12471305397179729, 0.0, 0.02071857728102252, 0.0, 0.042068358139173895)",1
246,0,20,5,"(0.019349111660996066, 0.03908441615997125, 0.11586884486708367, 0.06350311310887341, 0.0, 0.11078214068459354, 0.0, 0.02071857728102252, 0.0, 0.042068358139173895)",2
247,0,20,5,"(0.014017910474596577, 0.041479655017292096, 0.10098799593694999, 0.06350311310887341, 0.0, 0.12471305397179729, 0.0, 0.02071857728102252, 0.0, 0.042068358139173895)",1
248,0,20,7,"(0.11781548560357764, 0.0, 0.0, 0.0, 0.08963196916637059, 0.06164521714842443, 0.0, 0.06846774248654515, 0.11387011139749449, 0.0)",51
249,0,20,9,"(0.052550939459601514, 0.0, 0.04225710535970975, 0.0, 0.12647368364204675, 0.1500244523334594, 0.0576626659711753, 0.11395506571919103, 0.0, 0.02195829510738229)",6
250,0,20,9,"(0.052550939459601514, 0.0, 0.04225710535970975, 0.0, 0.12647368364204675, 0.13743956853625588, 0.0576626659711753, 0.11395506571919103, 0.0, 0.02195829510738229)",95
251,0,20,10,"(0.11625219362765292, 0.1850363672609433, 0.03174902951990664, 0.14308596490431968, 0.05763570236664028, 0.06611563774201018, 0.13892215992622148, 0.0, 0.0, 0.202679747511148)",3
252,1,0,5,"(0.017129679870384322, 0.03908441615997125, 0.11586884486708367, 0.06350311310887341, 0.0, 0.12471305397179729, 0.0, 0.02071857728102252, 0.0, 0.02115648577060226)",1
253,1,0,5,"(0.019349111660996066, 0.03908441615997125, 0.11586884486708367, 0.07596270022975707, 0.0, 0.12471305397179729, 0.0, 0.02071857728102252, 0.0, 0.042068358139173895)",3
254,1,0,5,"(0.019349111660996066, 0.03908441615997125, 0.11586884486708367, 0.06350311310887341, 0.0, 0.12471305397179729, 0.0, 0.015356234279917037, 0.0, 0.042068358139173895)",2
255,1,0,5,"(0.019349111660996066, 0.050140588926264065, 0.11586884486708367, 0.06350311310887341, 0.0, 0.12471305397179729, 0.0, 0.02071857728102252, 0.0, 0.042068358139173895)",1
256,1,0,5,"(0.019349111660996066, 0.03908441615997125, 0.11586884486708367, 0.06350311310887341, 0.0, 0.12471305397179729, 0.0, 0.02071857728102252, 0.0, 0.042068358139173895)",292
257,1,0,8,"(0.13003412191524258, 0.0, 0.08627361611855487, 0.09247639241939104, 0.09173902283359818, 0.0, 0.028624918864351683, 0.0, 0.0, 0.0)",1
258,1,0,8,"(0.09369258606422372, 0.0, 0.09886232529533268, 0.09247639241939104, 0.06439298226767265, 0.0, 0.028624918864351683, 0.0, 0.0, 0.0)",2
259,1,0,8,"(0.17210395985854712, 0.0, 0.09886232529533268, 0.09247639241939104, 0.09173902283359818, 0.0, 0.03754314812875008, 0.0, 0.0, 0.0)",1
260,1,0,8,"(0.09369258606422372, 0.0, 0.09886232529533268, 0.09247639241939104, 0.09173902283359818, 0.0, 0.028624918864351683, 0.0, 0.0, 0.0)",449
261,1,1,1,"(0.0, 0.14271175734203523, 0.0, 0.0, 0.0, 0.4132150174857902, 0.0, 0.27853396239544037, 0.0, 0.0)",2
262,1,1,1,"(0.0, 0.07940822270178494, 0.0, 0.0, 0.0, 0.4132150174857902, 0.0, 0.27853396239544037, 0.0, 0.0)",2
263,1,1,5,"(0.019349111660996066, 0.03908441615997125, 0.11586884486708367, 0.06350311310887341, 0.0, 0.12471305397179729, 0.0, 0.02071857728102252, 0.0, 0.042068358139173895)",39
264,1,1,5,"(0.019349111660996066, 0.07775970776658227, 0.11586884486708367, 0.06350311310887341, 0.0, 0.12471305397179729, 0.0, 0.02071857728102252, 0.0, 0.042068358139173895)",2
265,1,1,8,"(0.09369258606422372, 0.0, 0.09886232529533268, 0.09247639241939104, 0.09173902283359818, 0.0, 0.028624918864351683, 0.0, 0.0, 0.0)",458
266,1,1,8,"(0.09369258606422372, 0.0, 0.3755829201359479, 0.09247639241939104, 0.09173902283359818, 0.0, 0.028624918864351683, 0.0, 0.0, 0.0)",2
267,1,1,8,"(0.09369258606422372, 0.0, 0.09886232529533268, 0.04427312087945919, 0.09173902283359818, 0.0, 0.028624918864351683, 0.0, 0.0, 0.0)",4
268,1,1,8,"(0.09369258606422372, 0.0, 0.09886232529533268, 0.09247639241939104, 0.09173902283359818, 0.0, 0.039435995808086675, 0.0, 0.0, 0.0)",1
269,1,1,8,"(0.13415416755267306, 0.0, 0.09886232529533268, 0.09247639241939104, 0.09173902283359818, 0.0, 0.028624918864351683, 0.0, 0.0, 0.0)",7
270,1,1,8,"(0.09369258606422372, 0.0, 0.09886232529533268, 0.09247639241939104, 0.09173902283359818, 0.0, 0.014902947430348153, 0.0, 0.0, 0.0)",4
271,1,1,12,"(0.0, 0.1063989220923299, 0.0015111703434619284, 0.04642784640271252, 0.08672640026861606, 0.0, 0.12675493410285443, 0.19294877208059033, 0.0, 0.10322515837540021)",81
272,1,2,5,"(0.019349111660996066, 0.03908441615997125, 0.11586884486708367, 0.06350311310887341, 0.0, 0.12471305397179729, 0.0, 0.02071857728102252, 0.0, 0.042068358139173895)",155
273,1,2,5,"(0.019349111660996066, 0.03908441615997125, 0.11586884486708367, 0.06350311310887341, 0.0, 0.12471305397179729, 0.0, 0.023754771806916458, 0.0, 0.042068358139173895)",1
274,1,2,5,"(0.019349111660996066, 0.03908441615997125, 0.11586884486708367, 0.1026484531637208, 0.0, 0.12471305397179729, 0.0, 0.02071857728102252, 0.0, 0.042068358139173895)",4
275,1,2,5,"(0.012449831153007062, 0.03908441615997125, 0.11586884486708367, 0.05419800144972651, 0.0, 0.12471305397179729, 0.0, 0.010863356507655034, 0.0, 0.042068358139173895)",2
276,1,2,5,"(0.019349111660996066, 0.03908441615997125, 0.11586884486708367, 0.07966151864409476, 0.0, 0.12471305397179729, 0.0, 0.02071857728102252, 0.0, 0.042068358139173895)",10
277,1,2,8,"(0.09369258606422372, 0.0, 0.09886232529533268, 0.09247639241939104, 0.09605983994966635, 0.0, 0.028624918864351683, 0.0, 0.0, 0.0)",1
278,1,2,8,"(0.09369258606422372, 0.0, 0.18096039773318429, 0.09247639241939104, 0.09173902283359818, 0.0, 0.028624918864351683, 0.0, 0.0, 0.0)",3
279,1,2,8,"(0.09369258606422372, 0.0, 0.09886232529533268, 0.09247639241939104, 0.09173902283359818, 0.0, 0.028624918864351683, 0.0, 0.0, 0.0)",311
280,1,2,8,"(0.09369258606422372, 0.0, 0.09886232529533268, 0.09247639241939104, 0.09173902283359818, 0.0, 0.022725761458338718, 0.0, 0.0, 0.0)",120
281,1,2,8,"(0.09369258606422372, 0.0, 0.11994881181252261, 0.09247639241939104, 0.09173902283359818, 0.0, 0.028624918864351683, 0.0, 0.0, 0.0)",1
282,1,2,8,"(0.09369258606422372, 0.0, 0.09886232529533268, 0.09247639241939104, 0.11483249774578785, 0.0, 0.022725761458338718, 0.0, 0.0, 0.0)",1
283,1,2,12,"(0.0, 0.1063989220923299, 0.0015111703434619284, 0.04642784640271252, 0.08672640026861606, 0.0, 0.12675493410285443, 0.19294877208059033, 0.0, 0.10322515837540021)",49
284,1,2,12,"(0.0, 0.1063989220923299, 0.0015111703434619284, 0.034153015218153136, 0.08672640026861606, 0.0, 0.12675493410285443, 0.19294877208059033, 0.0, 0.10322515837540021)",1
285,1,2,12,"(0.0, 0.1063989220923299, 0.0015111703434619284, 0.01228318310392434, 0.08672640026861606, 0.0, 0.12675493410285443, 0.3805023717315732, 0.0, 0.10322515837540021)",1
286,1,3,8,"(0.10244190302628718, 0.0, 0.09886232529533268, 0.09247639241939104, 0.09173902283359818, 0.0, 0.028624918864351683, 0.0, 0.0, 0.0)",1
287,1,3,8,"(0.09369258606422372, 0.0, 0.10721666226369084, 0.09247639241939104, 0.09173902283359818, 0.0, 0.02814380314060131, 0.0, 0.0, 0.0)",1
288,1,3,8,"(0.09369258606422372, 0.0, 0.09886232529533268, 0.09247639241939104, 0.06095675209002445, 0.0, 0.028624918864351683, 0.0, 0.0, 0.0)",3
289,1,3,8,"(0.09369258606422372, 0.0, 0.09886232529533268, 0.1349601424825567, 0.09173902283359818, 0.0, 0.028624918864351683, 0.0, 0.0, 0.0)",1
290,1,3,8,"(0.09369258606422372, 0.0, 0.09886232529533268, 0.15032971585748542, 0.09173902283359818, 0.0, 0.03928184519723823, 0.0, 0.0, 0.0)",6
291,1,3,8,"(0.09369258606422372, 0.0, 0.09886232529533268, 0.09247639241939104, 0.09173902283359818, 0.0, 0.028624918864351683, 0.0, 0.0, 0.0)",416
292,1,3,8,"(0.09369258606422372, 0.0, 0.09886232529533268, 0.08907027714078515, 0.09173902283359818, 0.0, 0.028624918864351683, 0.0, 0.0, 0.0)",1
293,1,3,11,"(0.12493329248545959, 0.14970886995698662, 0.0, 0.0, 0.0, 0.04688669779969397, 0.0, 0.08279881135943302, 0.0, 0.01812760691895582)",2
294,1,3,11,"(0.09033430006888621, 0.14970886995698662, 0.0, 0.0, 0.0, 0.021842835274698023, 0.0, 0.08279881135943302, 0.0, 0.03095954689147111)",1
295,1,3,11,"(0.09033430006888621, 0.14970886995698662, 0.0, 0.0, 0.0, 0.07481956461578962, 0.0, 0.08279881135943302, 0.0, 0.01812760691895582)",1
296,1,3,11,"(0.0738160303036379, 0.13337524877505474, 0.0, 0.0, 0.0, 0.04688669779969397, 0.0, 0.08279881135943302, 0.0, 0.01812760691895582)",1
297,1,3,11,"(0.09033430006888621, 0.14970886995698662, 0.0, 0.0, 0.0, 0.04688669779969397, 0.0, 0.08279881135943302, 0.0, 0.01812760691895582)",354
298,1,3,11,"(0.09033430006888621, 0.14985538698267692, 0.0, 0.0, 0.0, 0.04688669779969397, 0.0, 0.08279881135943302, 0.0, 0.01812760691895582)",1
299,1,3,11,"(0.09033430006888621, 0.19234551929519964, 0.0, 0.0, 0.0, 0.04688669779969397, 0.0, 0.08279881135943302, 0.0, 0.01812760691895582)",2
300,1,3,11,"(0.09033430006888621, 0.12367611867663979, 0.0, 0.0, 0.0, 0.04688669779969397, 0.0, 0.08279881135943302, 0.0, 0.01812760691895582)",1
301,1,3,11,"(0.09033430006888621, 0.14970886995698662, 0.0, 0.0, 0.0, 0.04984625334631808, 0.0, 0.08279881135943302, 0.0, 0.01812760691895582)",1
302,1,3,13,"(0.0, 0.0, 0.11679612853536596, 0.10240632526506115, 0.09172770611919409, 0.07489992963210028, 0.0, 0.0, 0.14899621190854193, 0.0)",1
303,1,3,13,"(0.0, 0.0, 0.11679612853536596, 0.06920069129515957, 0.09172770611919409, 0.07489992963210028, 0.0, 0.0, 0.14899621190854193, 0.0)",139
304,1,4,8,"(0.09369258606422372, 0.0, 0.09886232529533268, 0.08482728508228994, 0.09173902283359818, 0.0, 0.02727743791577627, 0.0, 0.0, 0.0)",2
305,1,4,8,"(0.09369258606422372, 0.0, 0.09886232529533268, 0.09247639241939104, 0.09173902283359818, 0.0, 0.028624918864351683, 0.0, 0.0, 0.0)",306
306,1,4,8,"(0.09369258606422372, 0.0, 0.09886232529533268, 0.06718987834883236, 0.09173902283359818, 0.0, 0.028624918864351683, 0.0, 0.0, 0.0)",1
307,1,4,8,"(0.2756541906041052, 0.0, 0.05117461516917286, 0.09247639241939104, 0.09173902283359818, 0.0, 0.028624918864351683, 0.0, 0.0, 0.0)",2
308,1,4,8,"(0.09369258606422372, 0.0, 0.09886232529533268, 0.09247639241939104, 0.09173902283359818, 0.0, 0.02727743791577627, 0.0, 0.0, 0.0)",37
309,1,4,8,"(0.1699905617245926, 0.0, 0.09886232529533268, 0.09247639241939104, 0.09173902283359818, 0.0, 0.028624918864351683, 0.0, 0.0, 0.0)",1
310,1,4,11,"(0.09033430006888621, 0.14970886995698662, 0.0, 0.0, 0.0, 0.04688669779969397, 0.0, 0.08279881135943302, 0.0, 0.017465231597565786)",2
311,1,4,11,"(0.09033430006888621, 0.14970886995698662, 0.0, 0.0, 0.0, 0.04688669779969397, 0.0, 0.08279881135943302, 0.0, 0.01812760691895582)",381
312,1,4,11,"(0.0983808428777818, 0.14970886995698662, 0.0, 0.0, 0.0, 0.06483227226953102, 0.0, 0.08279881135943302, 0.0, 0.01812760691895582)",2
313,1,4,11,"(0.09033430006888621, 0.14970886995698662, 0.0, 0.0, 0.0, 0.05424189544099367, 0.0, 0.08279881135943302, 0.0, 0.01812760691895582)",1
314,1,4,11,"(0.028563567584683286, 0.14970886995698662, 0.0, 0.0, 0.0, 0.04688669779969397, 0.0, 0.08279881135943302, 0.0, 0.016012283334573035)",2
315,1,4,11,"(0.09033430006888621, 0.18370530079402003, 0.0, 0.0, 0.0, 0.04688669779969397, 0.0, 0.08279881135943302, 0.0, 0.01812760691895582)",7
316,1,4,11,"(0.09033430006888621, 0.14970886995698662, 0.0, 0.0, 0.0, 0.04688669779969397, 0.0, 0.08279881135943302, 0.0, 0.02200211286446377)",1
317,1,4,11,"(0.09033430006888621, 0.14970886995698662, 0.0, 0.0, 0.0, 0.02479611597080583, 0.0, 0.08279881135943302, 0.0, 0.01812760691895582)",2
318,1,4,13,"(0.0, 0.0, 0.11679612853536596, 0.06920069129515957, 0.0723391690394897, 0.07489992963210028, 0.0, 0.0, 0.14899621190854193, 0.0)",3
319,1,4,13,"(0.0, 0.0, 0.11679612853536596, 0.06920069129515957, 0.09172770611919409, 0.07489992963210028, 0.0, 0.0, 0.14899621190854193, 0.0)",177
320,1,5,8,"(0.09369258606422372, 0.0, 0.11231427513685377, 0.09247639241939104, 0.09173902283359818, 0.0, 0.028624918864351683, 0.0, 0.0, 0.0)",1
321,1,5,8,"(0.09369258606422372, 0.0, 0.09886232529533268, 0.07095434937317456, 0.09173902283359818, 0.0, 0.028624918864351683, 0.0, 0.0, 0.0)",1
322,1,5,8,"(0.09369258606422372, 0.0, 0.1148937601911191, 0.09247639241939104, 0.09173902283359818, 0.0, 0.028624918864351683, 0.0, 0.0, 0.0)",3
323,1,5,8,"(0.09369258606422372, 0.0, 0.0937397887454472, 0.060047855625578364, 0.13462210471804872, 0.0, 0.028624918864351683, 0.0, 0.0, 0.0)",1
324,1,5,8,"(0.09369258606422372, 0.0, 0.09886232529533268, 0.09247639241939104, 0.09173902283359818, 0.0, 0.028624918864351683, 0.0, 0.0, 0.0)",454
325,1,5,11,"(0.09033430006888621, 0.14970886995698662, 0.0, 0.0, 0.0, 0.04688669779969397, 0.0, 0.08279881135943302, 0.0, 0.01812760691895582)",270
326,1,5,11,"(0.09033430006888621, 0.18370530079402003, 0.0, 0.0, 0.0, 0.04688669779969397, 0.0, 0.08279881135943302, 0.0, 0.01812760691895582)",19
327,1,5,11,"(0.09033430006888621, 0.14970886995698662, 0.0, 0.0, 0.0, 0.04688669779969397, 0.0, 0.04125770110626705, 0.0, 0.01812760691895582)",1
328,1,5,11,"(0.09033430006888621, 0.14970886995698662, 0.0, 0.0, 0.0, 0.04688669779969397, 0.0, 0.04749309456388427, 0.0, 0.01812760691895582)",1
329,1,5,13,"(0.0, 0.0, 0.11679612853536596, 0.06920069129515957, 0.06285219721809396, 0.07489992963210028, 0.0, 0.0, 0.17067350455489527, 0.0)",1
330,1,5,13,"(0.0, 0.0, 0.11679612853536596, 0.06920069129515957, 0.09172770611919409, 0.07489992963210028, 0.0, 0.0, 0.14899621190854193, 0.0)",167
331,1,5,13,"(0.0, 0.0, 0.11679612853536596, 0.06920069129515957, 0.09172770611919409, 0.03777126510987014, 0.0, 0.0, 0.14899621190854193, 0.0)",1
332,1,5,13,"(0.0, 0.0, 0.11679612853536596, 0.06920069129515957, 0.09172770611919409, 0.06537099996204761, 0.0, 0.0, 0.14899621190854193, 0.0)",1
333,1,6,9,"(0.052550939459601514, 0.0, 0.04225710535970975, 0.0, 0.12647368364204675, 0.13743956853625588, 0.03263459693012619, 0.09272554563256243, 0.0, 0.02195829510738229)",1
334,1,6,9,"(0.052550939459601514, 0.0, 0.04225710535970975, 0.0, 0.12647368364204675, 0.13743956853625588, 0.0576626659711753, 0.11395506571919103, 0.0, 0.02195829510738229)",151
335,1,6,12,"(0.0, 0.13838927671410997, 0.0015111703434619284, 0.04642784640271252, 0.08672640026861606, 0.0, 0.12675493410285443, 0.19294877208059033, 0.0, 0.16220048912451307)",1
336,1,6,12,"(0.0, 0.10141751792093585, 0.0015111703434619284, 0.04642784640271252, 0.08672640026861606, 0.0, 0.12675493410285443, 0.19294877208059033, 0.0, 0.10322515837540021)",11
337,1,6,12,"(0.0, 0.1063989220923299, 0.0015111703434619284, 0.04642784640271252, 0.08672640026861606, 0.0, 0.12675493410285443, 0.19294877208059033, 0.0, 0.10322515837540021)",316
338,1,6,12,"(0.0, 0.1063989220923299, 0.0015111703434619284, 0.03196076982753279, 0.08672640026861606, 0.0, 0.12675493410285443, 0.19294877208059033, 0.0, 0.10322515837540021)",8
339,1,6,12,"(0.0, 0.1063989220923299, 0.0014524565627178848, 0.04642784640271252, 0.08672640026861606, 0.0, 0.12675493410285443, 0.19294877208059033, 0.0, 0.10322515837540021)",6
340,1,6,12,"(0.0, 0.1063989220923299, 0.0015111703434619284, 0.04642784640271252, 0.09406520945554872, 0.0, 0.12675493410285443, 0.19294877208059033, 0.0, 0.10322515837540021)",1
341,1,7,0,"(0.13391888120475692, 0.0, 0.0820336341115034, 0.0, 0.0, 0.0, 0.0, 0.22676584393532853, 0.2313216566208673, 0.03895704798490097)",1
342,1,7,1,"(0.0, 0.14271175734203523, 0.0, 0.0, 0.0, 0.4132150174857902, 0.0, 0.27853396239544037, 0.0, 0.0)",6
343,1,7,9,"(0.052550939459601514, 0.0, 0.04225710535970975, 0.0, 0.12647368364204675, 0.13743956853625588, 0.0576626659711753, 0.11395506571919103, 0.0, 0.02195829510738229)",134
344,1,7,12,"(0.0, 0.11712971081320515, 0.0015111703434619284, 0.04642784640271252, 0.08672640026861606, 0.0, 0.12675493410285443, 0.19294877208059033, 0.0, 0.10322515837540021)",2
345,1,7,12,"(0.0, 0.1063989220923299, 0.0015111703434619284, 0.04642784640271252, 0.08672640026861606, 0.0, 0.12675493410285443, 0.19294877208059033, 0.0, 0.10322515837540021)",308
346,1,7,12,"(0.0, 0.13781014235860548, 0.0015111703434619284, 0.05241768173245827, 0.08672640026861606, 0.0, 0.12675493410285443, 0.19294877208059033, 0.0, 0.10322515837540021)",6
347,1,8,1,"(0.0, 0.14271175734203523, 0.0, 0.0, 0.0, 0.4132150174857902, 0.0, 0.27853396239544037, 0.0, 0.0)",13
348,1,8,9,"(0.052550939459601514, 0.0, 0.022023953206624484, 0.0, 0.12647368364204675, 0.11748807637340547, 0.11364163605584665, 0.11395506571919103, 0.0, 0.02195829510738229)",1
349,1,8,9,"(0.052550939459601514, 0.0, 0.04225710535970975, 0.0, 0.12647368364204675, 0.13743956853625588, 0.08400582772486656, 0.11395506571919103, 0.0, 0.02195829510738229)",1
350,1,8,9,"(0.052550939459601514, 0.0, 0.04225710535970975, 0.0, 0.12647368364204675, 0.11748807637340547, 0.056624455895288174, 0.11395506571919103, 0.0, 0.02195829510738229)",41
351,1,8,9,"(0.052550939459601514, 0.0, 0.04225710535970975, 0.0, 0.12647368364204675, 0.13743956853625588, 0.0576626659711753, 0.11395506571919103, 0.0, 0.02195829510738229)",94
352,1,8,9,"(0.052550939459601514, 0.0, 0.04225710535970975, 0.0, 0.08762791772495443, 0.13743956853625588, 0.0576626659711753, 0.11395506571919103, 0.0, 0.02195829510738229)",1
353,1,8,9,"(0.052550939459601514, 0.0, 0.04225710535970975, 0.0, 0.12647368364204675, 0.13743956853625588, 0.0576626659711753, 0.1525190859556132, 0.0, 0.02195829510738229)",1
354,1,8,9,"(0.052550939459601514, 0.0, 0.04225710535970975, 0.0, 0.12647368364204675, 0.11748807637340547, 0.056624455895288174, 0.11395506571919103, 0.0, 0.04540299714389471)",1
355,1,8,12,"(0.0, 0.1063989220923299, 0.0017137002342056146, 0.04642784640271252, 0.08672640026861606, 0.0, 0.12675493410285443, 0.19294877208059033, 0.0, 0.10322515837540021)",2
356,1,8,12,"(0.0, 0.1063989220923299, 0.0015111703434619284, 0.04642784640271252, 0.08672640026861606, 0.0, 0.12675493410285443, 0.19294877208059033, 0.0, 0.10322515837540021)",383
357,1,8,12,"(0.0, 0.1063989220923299, 0.0015111703434619284, 0.04642784640271252, 0.10037103705394418, 0.0, 0.12675493410285443, 0.19294877208059033, 0.0, 0.10322515837540021)",1
358,1,8,12,"(0.0, 0.1063989220923299, 0.0015111703434619284, 0.04642784640271252, 0.08672640026861606, 0.0, 0.12675493410285443, 0.17415514381608635, 0.0, 0.10322515837540021)",1
359,1,9,1,"(0.0, 0.14271175734203523, 0.0, 0.0, 0.0, 0.48786018220123906, 0.0, 0.27853396239544037, 0.0, 0.0)",3
360,1,9,1,"(0.0, 0.14271175734203523, 0.0, 0.0, 0.0, 0.4132150174857902, 0.0, 0.27853396239544037, 0.0, 0.0)",20
361,1,9,1,"(0.0, 0.13034420279648273, 0.0, 0.0, 0.0, 0.37740535917187307, 0.0, 0.49225043803164426, 0.0, 0.0)",1
362,1,9,9,"(0.052550939459601514, 0.0, 0.04225710535970975, 0.0, 0.12647368364204675, 0.13743956853625588, 0.03466335202511149, 0.11395506571919103, 0.0, 0.02195829510738229)",1
363,1,9,9,"(0.052550939459601514, 0.0, 0.04225710535970975, 0.0, 0.14322378770872632, 0.13743956853625588, 0.0576626659711753, 0.11395506571919103, 0.0, 0.02195829510738229)",2
364,1,9,9,"(0.052550939459601514, 0.0, 0.036361054762175174, 0.0, 0.12647368364204675, 0.13743956853625588, 0.0576626659711753, 0.13708409568306018, 0.0, 0.03072529695681059)",1
365,1,9,9,"(0.052550939459601514, 0.0, 0.04225710535970975, 0.0, 0.12647368364204675, 0.13743956853625588, 0.0576626659711753, 0.11395506571919103, 0.0, 0.02195829510738229)",130
366,1,9,12,"(0.0, 0.1063989220923299, 0.0015111703434619284, 0.0886367973667602, 0.08672640026861606, 0.0, 0.12675493410285443, 0.12354457404818589, 0.0, 0.10322515837540021)",4
367,1,9,12,"(0.0, 0.1063989220923299, 0.0015111703434619284, 0.041336394452603634, 0.08672640026861606, 0.0, 0.12675493410285443, 0.19294877208059033, 0.0, 0.10322515837540021)",2
368,1,9,12,"(0.0, 0.1063989220923299, 0.0012909645134917339, 0.04642784640271252, 0.08672640026861606, 0.0, 0.12675493410285443, 0.19294877208059033, 0.0, 0.10322515837540021)",1
369,1,9,12,"(0.0, 0.1063989220923299, 0.0015111703434619284, 0.04642784640271252, 0.08672640026861606, 0.0, 0.12675493410285443, 0.19294877208059033, 0.0, 0.10322515837540021)",363
370,1,9,12,"(0.0, 0.1063989220923299, 0.0015554723741298092, 0.04642784640271252, 0.08672640026861606, 0.0, 0.09091125842115637, 0.19294877208059033, 0.0, 0.130799261483053)",14
371,1,9,12,"(0.0, 0.08988575453053474, 0.0015111703434619284, 0.04642784640271252, 0.08672640026861606, 0.0, 0.12675493410285443, 0.19773879428488036, 0.0, 0.10322515837540021)",43
372,1,9,12,"(0.0, 0.1369172319992762, 0.0015111703434619284, 0.04642784640271252, 0.08672640026861606, 0.0, 0.12675493410285443, 0.19294877208059033, 0.0, 0.10322515837540021)",2
373,1,10,1,"(0.0, 0.14271175734203523, 0.0, 0.0, 0.0, 0.4132150174857902, 0.0, 0.27853396239544037, 0.0, 0.0)",5
374,1,10,9,"(0.12351584216281979, 0.0, 0.05096011778567069, 0.0, 0.12647368364204675, 0.13743956853625588, 0.0576626659711753, 0.11395506571919103, 0.0, 0.02195829510738229)",1
375,1,10,9,"(0.052550939459601514, 0.0, 0.04225710535970975, 0.0, 0.12647368364204675, 0.13743956853625588, 0.0576626659711753, 0.11395506571919103, 0.0, 0.026293035782014695)",2
376,1,10,9,"(0.052550939459601514, 0.0, 0.04225710535970975, 0.0, 0.12647368364204675, 0.13743956853625588, 0.0576626659711753, 0.11395506571919103, 0.0, 0.02665795304915848)",1
377,1,10,9,"(0.052550939459601514, 0.0, 0.04225710535970975, 0.0, 0.12647368364204675, 0.13743956853625588, 0.0576626659711753, 0.11395506571919103, 0.0, 0.02195829510738229)",136
378,1,10,12,"(0.0, 0.1063989220923299, 0.0015111703434619284, 0.04642784640271252, 0.08672640026861606, 0.0, 0.12675493410285443, 0.19294877208059033, 0.0, 0.10322515837540021)",274
379,1,10,12,"(0.0, 0.1063989220923299, 0.0015111703434619284, 0.05094785619611268, 0.08672640026861606, 0.0, 0.12675493410285443, 0.19294877208059033, 0.0, 0.10322515837540021)",1
380,1,10,12,"(0.0, 0.06897149375654169, 0.0015111703434619284, 0.04642784640271252, 0.08672640026861606, 0.0, 0.12675493410285443, 0.19294877208059033, 0.0, 0.1824238846052148)",1
381,1,11,9,"(0.052550939459601514, 0.0, 0.04225710535970975, 0.0, 0.12647368364204675, 0.13743956853625588, 0.0576626659711753, 0.11395506571919103, 0.0, 0.02195829510738229)",96
382,1,11,9,"(0.052550939459601514, 0.0, 0.04225710535970975, 0.0, 0.12647368364204675, 0.13743956853625588, 0.045519310970009275, 0.11395506571919103, 0.0, 0.02195829510738229)",12
383,1,11,9,"(0.0994357630953677, 0.0, 0.04225710535970975, 0.0, 0.12647368364204675, 0.13743956853625588, 0.0576626659711753, 0.11395506571919103, 0.0, 0.02195829510738229)",1
384,1,11,9,"(0.052550939459601514, 0.0, 0.04225710535970975, 0.0, 0.12647368364204675, 0.13743956853625588, 0.045519310970009275, 0.20019715973664595, 0.0, 0.02195829510738229)",13
385,1,11,12,"(0.0, 0.1063989220923299, 0.0010648406055277619, 0.04642784640271252, 0.08672640026861606, 0.0, 0.15951643605624627, 0.19294877208059033, 0.0, 0.10322515837540021)",1
386,1,11,12,"(0.0, 0.1063989220923299, 0.0015111703434619284, 0.04642784640271252, 0.08672640026861606, 0.0, 0.12675493410285443, 0.19294877208059033, 0.0, 0.10322515837540021)",299
387,1,11,12,"(0.0, 0.1063989220923299, 0.0020424019650437577, 0.04642784640271252, 0.08672640026861606, 0.0, 0.12675493410285443, 0.399864862076687, 0.0, 0.10322515837540021)",1
388,1,11,12,"(0.0, 0.1063989220923299, 0.0015111703434619284, 0.04642784640271252, 0.08672640026861606, 0.0, 0.10115113205104474, 0.19294877208059033, 0.0, 0.10322515837540021)",5
389,1,11,12,"(0.0, 0.10365179899775781, 0.0015111703434619284, 0.04642784640271252, 0.08672640026861606, 0.0, 0.12675493410285443, 0.19294877208059033, 0.0, 0.10322515837540021)",1
390,1,11,12,"(0.0, 0.11174256229927368, 0.0015111703434619284, 0.04642784640271252, 0.08672640026861606, 0.0, 0.12675493410285443, 0.19294877208059033, 0.0, 0.10322515837540021)",1
391,1,11,12,"(0.0, 0.1063989220923299, 0.002262900646375936, 0.04642784640271252, 0.08672640026861606, 0.0, 0.12675493410285443, 0.19294877208059033, 0.0, 0.10322515837540021)",2
392,1,12,5,"(0.03130727513454348, 0.03908441615997125, 0.11586884486708367, 0.06350311310887341, 0.0, 0.12471305397179729, 0.0, 0.007387342975658501, 0.0, 0.042068358139173895)",6
393,1,12,5,"(0.019349111660996066, 0.05602450015709177, 0.11586884486708367, 0.06350311310887341, 0.0, 0.12471305397179729, 0.0, 0.02071857728102252, 0.0, 0.032171469437760065)",2
394,1,12,5,"(0.019349111660996066, 0.03908441615997125, 0.11586884486708367, 0.06350311310887341, 0.0, 0.12471305397179729, 0.0, 0.015459228142138466, 0.0, 0.042068358139173895)",2
395,1,12,5,"(0.019349111660996066, 0.03908441615997125, 0.11586884486708367, 0.06350311310887341, 0.0, 0.12471305397179729, 0.0, 0.02071857728102252, 0.0, 0.07691705792348233)",1
396,1,12,5,"(0.01569234378189028, 0.03908441615997125, 0.11586884486708367, 0.06350311310887341, 0.0, 0.12471305397179729, 0.0, 0.02071857728102252, 0.0, 0.042068358139173895)",1
397,1,12,5,"(0.019349111660996066, 0.03908441615997125, 0.11586884486708367, 0.06350311310887341, 0.0, 0.12471305397179729, 0.0, 0.02071857728102252, 0.0, 0.042068358139173895)",485
398,1,12,9,"(0.052550939459601514, 0.0, 0.04225710535970975, 0.0, 0.12647368364204675, 0.13743956853625588, 0.0576626659711753, 0.11395506571919103, 0.0, 0.02195829510738229)",89
399,1,12,9,"(0.052550939459601514, 0.0, 0.04225710535970975, 0.0, 0.12647368364204675, 0.13743956853625588, 0.0576626659711753, 0.11803980090704691, 0.0, 0.02195829510738229)",6
400,1,13,3,"(0.10171774043149463, 0.0, 0.3066454727815258, 0.0, 0.0, 0.0, 0.0, 0.0, 0.0, 0.0)",2
401,1,13,3,"(0.10171774043149463, 0.0, 0.27212502600169547, 0.0, 0.0, 0.0, 0.0, 0.0, 0.0, 0.0)",2
402,1,13,5,"(0.019349111660996066, 0.03908441615997125, 0.11586884486708367, 0.06350311310887341, 0.0, 0.12471305397179729, 0.0, 0.02071857728102252, 0.0, 0.042068358139173895)",500
403,1,13,5,"(0.019349111660996066, 0.03908441615997125, 0.11586884486708367, 0.06350311310887341, 0.0, 0.12044924530887645, 0.0, 0.02071857728102252, 0.0, 0.042068358139173895)",1
404,1,13,5,"(0.019349111660996066, 0.03908441615997125, 0.16426366209244816, 0.06350311310887341, 0.0, 0.12471305397179729, 0.0, 0.022555244726148675, 0.0, 0.042068358139173895)",2
405,1,13,5,"(0.019349111660996066, 0.03908441615997125, 0.11586884486708367, 0.1137295240563221, 0.0, 0.12471305397179729, 0.0, 0.02071857728102252, 0.0, 0.042068358139173895)",1
406,1,13,5,"(0.02151532335569349, 0.03908441615997125, 0.11586884486708367, 0.06350311310887341, 0.0, 0.12471305397179729, 0.0, 0.02071857728102252, 0.0, 0.042068358139173895)",2
407,1,13,9,"(0.052550939459601514, 0.0, 0.04225710535970975, 0.0, 0.12647368364204675, 0.13743956853625588, 0.0576626659711753, 0.11395506571919103, 0.0, 0.02195829510738229)",81
408,1,13,9,"(0.052550939459601514, 0.0, 0.04225710535970975, 0.0, 0.12647368364204675, 0.12912954114391575, 0.0576626659711753, 0.11395506571919103, 0.0, 0.02195829510738229)",2
409,1,13,9,"(0.052550939459601514, 0.0, 0.04225710535970975, 0.0, 0.12647368364204675, 0.10295394984869356, 0.0576626659711753, 0.11395506571919103, 0.0, 0.02195829510738229)",1
410,1,14,5,"(0.019349111660996066, 0.03908441615997125, 0.11586884486708367, 0.06350311310887341, 0.0, 0.12471305397179729, 0.0, 0.02071857728102252, 0.0, 0.042068358139173895)",449
411,1,14,5,"(0.019349111660996066, 0.03908441615997125, 0.11586884486708367, 0.06350311310887341, 0.0, 0.12471305397179729, 0.0, 0.02071857728102252, 0.0, 0.07953455898970922)",1
412,1,14,5,"(0.019349111660996066, 0.03557127930927761, 0.11586884486708367, 0.07297197243869885, 0.0, 0.12471305397179729, 0.0, 0.02071857728102252, 0.0, 0.03036001211287798)",3
413,1,14,5,"(0.019349111660996066, 0.03908441615997125, 0.14039329289351127, 0.0427833914501998, 0.0, 0.26838584241718394, 0.0, 0.02071857728102252, 0.0, 0.042068358139173895)",1
414,1,14,5,"(0.010401233780983286, 0.03908441615997125, 0.11586884486708367, 0.06350311310887341, 0.0, 0.12471305397179729, 0.0, 0.02071857728102252, 0.0, 0.042068358139173895)",4
415,1,14,5,"(0.019349111660996066, 0.039265564025787805, 0.11586884486708367, 0.06350311310887341, 0.0, 0.12471305397179729, 0.0, 0.02071857728102252, 0.0, 0.042068358139173895)",3
416,1,14,5,"(0.019349111660996066, 0.03908441615997125, 0.10163379387959931, 0.06350311310887341, 0.0, 0.12471305397179729, 0.0, 0.02071857728102252, 0.0, 0.042068358139173895)",1
417,1,14,9,"(0.052550939459601514, 0.0, 0.04225710535970975, 0.0, 0.12647368364204675, 0.13743956853625588, 0.0576626659711753, 0.11395506571919103, 0.0, 0.02195829510738229)",65
418,1,15,5,"(0.019349111660996066, 0.03908441615997125, 0.11586884486708367, 0.06350311310887341, 0.0, 0.12471305397179729, 0.0, 0.02071857728102252, 0.0, 0.034886091528083404)",1
419,1,15,5,"(0.019349111660996066, 0.03908441615997125, 0.11586884486708367, 0.06350311310887341, 0.0, 0.12471305397179729, 0.0, 0.03420634680268384, 0.0, 0.042068358139173895)",2
420,1,15,5,"(0.019349111660996066, 0.03908441615997125, 0.14165966347273604, 0.06350311310887341, 0.0, 0.12471305397179729, 0.0, 0.02071857728102252, 0.0, 0.042068358139173895)",13
421,1,15,5,"(0.019349111660996066, 0.03908441615997125, 0.11586884486708367, 0.06350311310887341, 0.0, 0.12471305397179729, 0.0, 0.02071857728102252, 0.0, 0.042068358139173895)",414
422,1,15,5,"(0.01795445894442277, 0.0369696039304653, 0.11586884486708367, 0.06350311310887341, 0.0, 0.12471305397179729, 0.0, 0.02071857728102252, 0.0, 0.042068358139173895)",2
423,1,15,5,"(0.027476739030169776, 0.03908441615997125, 0.11586884486708367, 0.06350311310887341, 0.0, 0.12471305397179729, 0.0, 0.02071857728102252, 0.0, 0.042068358139173895)",85
424,1,15,7,"(0.11781548560357764, 0.0, 0.0, 0.0, 0.08963196916637059, 0.06164521714842443, 0.0, 0.06846774248654515, 0.11387011139749449, 0.0)",8
425,1,15,7,"(0.11781548560357764, 0.0, 0.0, 0.0, 0.07299551372646286, 0.06164521714842443, 0.0, 0.06846774248654515, 0.11387011139749449, 0.0)",1
426,1,15,9,"(0.052550939459601514, 0.0, 0.04225710535970975, 0.0, 0.12647368364204675, 0.13743956853625588, 0.0576626659711753, 0.11395506571919103, 0.0, 0.02195829510738229)",91
427,1,16,5,"(0.019349111660996066, 0.03908441615997125, 0.11586884486708367, 0.06350311310887341, 0.0, 0.12471305397179729, 0.0, 0.02071857728102252, 0.0, 0.042068358139173895)",340
428,1,16,5,"(0.019349111660996066, 0.03908441615997125, 0.11586884486708367, 0.06350311310887341, 0.0, 0.15960201927372283, 0.0, 0.02071857728102252, 0.0, 0.042068358139173895)",3
429,1,16,5,"(0.027476739030169776, 0.03908441615997125, 0.11586884486708367, 0.06350311310887341, 0.0, 0.12471305397179729, 0.0, 0.02071857728102252, 0.0, 0.042068358139173895)",135
430,1,16,5,"(0.02820384442417841, 0.03908441615997125, 0.11586884486708367, 0.11184293284159176, 0.0, 0.12471305397179729, 0.0, 0.018025570820620215, 0.0, 0.042068358139173895)",1
431,1,16,7,"(0.11781548560357764, 0.0, 0.0, 0.0, 0.08963196916637059, 0.06164521714842443, 0.0, 0.06846774248654515, 0.11387011139749449, 0.0)",25
432,1,16,9,"(0.052550939459601514, 0.0, 0.04225710535970975, 0.0, 0.12647368364204675, 0.13743956853625588, 0.0576626659711753, 0.11395506571919103, 0.0, 0.02195829510738229)",32
433,1,17,5,"(0.019349111660996066, 0.03908441615997125, 0.11586884486708367, 0.06350311310887341, 0.0, 0.12471305397179729, 0.0, 0.02071857728102252, 0.0, 0.042068358139173895)",304
434,1,17,5,"(0.027476739030169776, 0.03908441615997125, 0.11586884486708367, 0.06350311310887341, 0.0, 0.12471305397179729, 0.0, 0.02071857728102252, 0.0, 0.042068358139173895)",11
435,1,17,5,"(0.019349111660996066, 0.03908441615997125, 0.11586884486708367, 0.05581502777970912, 0.0, 0.12471305397179729, 0.0, 0.02071857728102252, 0.0, 0.042068358139173895)",22
436,1,17,5,"(0.03218015612562198, 0.03908441615997125, 0.11586884486708367, 0.06350311310887341, 0.0, 0.12471305397179729, 0.0, 0.02071857728102252, 0.0, 0.042068358139173895)",3
437,1,17,5,"(0.027476739030169776, 0.03908441615997125, 0.11586884486708367, 0.06350311310887341, 0.0, 0.12471305397179729, 0.0, 0.02071857728102252, 0.0, 0.046495581906479275)",1
438,1,17,7,"(0.11781548560357764, 0.0, 0.0, 0.0, 0.08963196916637059, 0.06164521714842443, 0.0, 0.06846774248654515, 0.11387011139749449, 0.0)",10
439,1,17,9,"(0.052550939459601514, 0.0, 0.04225710535970975, 0.0, 0.12647368364204675, 0.13743956853625588, 0.0576626659711753, 0.11395506571919103, 0.0, 0.02195829510738229)",65
440,1,17,9,"(0.052550939459601514, 0.0, 0.04225710535970975, 0.0, 0.12647368364204675, 0.1500244523334594, 0.0576626659711753, 0.11395506571919103, 0.0, 0.02195829510738229)",21
441,1,17,9,"(0.0585444693223526, 0.0, 0.04225710535970975, 0.0, 0.12647368364204675, 0.13743956853625588, 0.0576626659711753, 0.11395506571919103, 0.0, 0.02195829510738229)",1
442,1,18,2,"(0.0, 0.0, 0.0538381097699007, 0.0, 0.0, 0.1733845557962937, 0.18347724696100404, 0.0, 0.06343498635015178, 0.0)",25
443,1,18,8,"(0.09369258606422372, 0.0, 0.09886232529533268, 0.06552054811863915, 0.09173902283359818, 0.0, 0.023935202344624585, 0.0, 0.0, 0.0)",1
444,1,18,8,"(0.09369258606422372, 0.0, 0.09886232529533268, 0.09247639241939104, 0.09173902283359818, 0.0, 0.035744807377102936, 0.0, 0.0, 0.0)",1
445,1,18,8,"(0.09369258606422372, 0.0, 0.09886232529533268, 0.09247639241939104, 0.09173902283359818, 0.0, 0.014059051259627163, 0.0, 0.0, 0.0)",1
446,1,18,8,"(0.09369258606422372, 0.0, 0.09886232529533268, 0.09247639241939104, 0.059683850220138994, 0.0, 0.028624918864351683, 0.0, 0.0, 0.0)",1
447,1,18,8,"(0.09369258606422372, 0.0, 0.09886232529533268, 0.09247639241939104, 0.09173902283359818, 0.0, 0.028624918864351683, 0.0, 0.0, 0.0)",423
448,1,18,8,"(0.12256630781016242, 0.0, 0.09886232529533268, 0.09247639241939104, 0.09173902283359818, 0.0, 0.028624918864351683, 0.0, 0.0, 0.0)",1
449,1,18,8,"(0.09369258606422372, 0.0, 0.09886232529533268, 0.09247639241939104, 0.09173902283359818, 0.0, 0.019439621027705224, 0.0, 0.0, 0.0)",2
450,1,18,8,"(0.09369258606422372, 0.0, 0.09886232529533268, 0.09247639241939104, 0.10362660337486816, 0.0, 0.03152396014770526, 0.0, 0.0, 0.0)",34
451,1,18,8,"(0.09369258606422372, 0.0, 0.09886232529533268, 0.08651925142407811, 0.09173902283359818, 0.0, 0.028624918864351683, 0.0, 0.0, 0.0)",2
452,1,18,9,"(0.052550939459601514, 0.0, 0.04225710535970975, 0.0, 0.12647368364204675, 0.13743956853625588, 0.06346919056042266, 0.11395506571919103, 0.0, 0.02195829510738229)",4
453,1,18,9,"(0.052550939459601514, 0.0, 0.04225710535970975, 0.0, 0.12647368364204675, 0.13743956853625588, 0.0467058283399609, 0.11395506571919103, 0.0, 0.02195829510738229)",9
454,1,18,9,"(0.052550939459601514, 0.0, 0.04225710535970975, 0.0, 0.12647368364204675, 0.13743956853625588, 0.0576626659711753, 0.11395506571919103, 0.0, 0.02195829510738229)",9
455,1,18,13,"(0.0, 0.0, 0.11679612853536596, 0.06920069129515957, 0.09172770611919409, 0.07489992963210028, 0.0, 0.0, 0.14899621190854193, 0.0)",171
456,1,18,13,"(0.0, 0.0, 0.10909465566250379, 0.06920069129515957, 0.09172770611919409, 0.13748134461048103, 0.0, 0.0, 0.14899621190854193, 0.0)",1
457,1,18,13,"(0.0, 0.0, 0.11679612853536596, 0.08365826947784304, 0.09172770611919409, 0.07489992963210028, 0.0, 0.0, 0.168444975137126, 0.0)",1
458,1,19,2,"(0.0, 0.0, 0.0538381097699007, 0.0, 0.0, 0.1733845557962937, 0.18347724696100404, 0.0, 0.06343498635015178, 0.0)",12
459,1,19,8,"(0.09369258606422372, 0.0, 0.21191921051207355, 0.1678776564268487, 0.09173902283359818, 0.0, 0.028624918864351683, 0.0, 0.0, 0.0)",2
460,1,19,8,"(0.09369258606422372, 0.0, 0.09886232529533268, 0.09247639241939104, 0.09173902283359818, 0.0, 0.028624918864351683, 0.0, 0.0, 0.0)",494
461,1,19,8,"(0.09369258606422372, 0.0, 0.09886232529533268, 0.09247639241939104, 0.13656850661561348, 0.0, 0.028624918864351683, 0.0, 0.0, 0.0)",6
462,1,19,8,"(0.09369258606422372, 0.0, 0.09886232529533268, 0.09247639241939104, 0.13270795432525723, 0.0, 0.028624918864351683, 0.0, 0.0, 0.0)",2
463,1,19,8,"(0.09369258606422372, 0.0, 0.09886232529533268, 0.09247639241939104, 0.09173902283359818, 0.0, 0.019439621027705224, 0.0, 0.0, 0.0)",2
464,1,19,8,"(0.09369258606422372, 0.0, 0.09886232529533268, 0.06288425828557376, 0.09173902283359818, 0.0, 0.02139909396210223, 0.0, 0.0, 0.0)",2
465,1,19,8,"(0.09369258606422372, 0.0, 0.11577705673945529, 0.09247639241939104, 0.09173902283359818, 0.0, 0.025233697498481086, 0.0, 0.0, 0.0)",5
466,1,19,9,"(0.052550939459601514, 0.0, 0.04225710535970975, 0.0, 0.12647368364204675, 0.13743956853625588, 0.0576626659711753, 0.11395506571919103, 0.0, 0.02195829510738229)",10
467,1,19,13,"(0.0, 0.0, 0.11679612853536596, 0.06920069129515957, 0.09172770611919409, 0.07489992963210028, 0.0, 0.0, 0.14899621190854193, 0.0)",169
468,1,19,13,"(0.0, 0.0, 0.11679612853536596, 0.07731740490906186, 0.09172770611919409, 0.07489992963210028, 0.0, 0.0, 0.14899621190854193, 0.0)",1
469,1,19,13,"(0.0, 0.0, 0.11679612853536596, 0.06920069129515957, 0.09172770611919409, 0.07489992963210028, 0.0, 0.0, 0.12218349646497902, 0.0)",1
470,1,19,13,"(0.0, 0.0, 0.11679612853536596, 0.06920069129515957, 0.09172770611919409, 0.0815827612120399, 0.0, 0.0, 0.1307725746362487, 0.0)",1
471,1,20,2,"(0.0, 0.0, 0.0538381097699007, 0.0, 0.0, 0.1733845557962937, 0.18347724696100404, 0.0, 0.06343498635015178, 0.0)",6
472,1,20,2,"(0.0, 0.0, 0.0745528533169802, 0.0, 0.0, 0.1733845557962937, 0.17634278405737952, 0.0, 0.06343498635015178, 0.0)",21
473,1,20,8,"(0.09369258606422372, 0.0, 0.09886232529533268, 0.09247639241939104, 0.08525984900581979, 0.0, 0.028624918864351683, 0.0, 0.0, 0.0)",12
474,1,20,8,"(0.09369258606422372, 0.0, 0.09886232529533268, 0.09247639241939104, 0.15926138052145486, 0.0, 0.020274861456701734, 0.0, 0.0, 0.0)",1
475,1,20,8,"(0.09369258606422372, 0.0, 0.09886232529533268, 0.09247639241939104, 0.09173902283359818, 0.0, 0.02343281332314532, 0.0, 0.0, 0.0)",2
476,1,20,8,"(0.09369258606422372, 0.0, 0.09886232529533268, 0.09247639241939104, 0.10362660337486816, 0.0, 0.03152396014770526, 0.0, 0.0, 0.0)",6
477,1,20,8,"(0.09369258606422372, 0.0, 0.14007532838683412, 0.09247639241939104, 0.09173902283359818, 0.0, 0.02101013449010002, 0.0, 0.0, 0.0)",1
478,1,20,8,"(0.09369258606422372, 0.0, 0.09886232529533268, 0.16289523088147373, 0.09173902283359818, 0.0, 0.028624918864351683, 0.0, 0.0, 0.0)",1
479,1,20,8,"(0.07616644386628485, 0.0, 0.09886232529533268, 0.08390105300842296, 0.09173902283359818, 0.0, 0.028624918864351683, 0.0, 0.0, 0.0)",1
480,1,20,8,"(0.09369258606422372, 0.0, 0.09886232529533268, 0.09247639241939104, 0.09173902283359818, 0.0, 0.028624918864351683, 0.0, 0.0, 0.0)",504
481,1,20,8,"(0.09369258606422372, 0.0, 0.09886232529533268, 0.11963638434760315, 0.09173902283359818, 0.0, 0.028624918864351683, 0.0, 0.0, 0.0)",4
482,1,20,8,"(0.09369258606422372, 0.0, 0.09886232529533268, 0.09247639241939104, 0.058405869632486083, 0.0, 0.028624918864351683, 0.0, 0.0, 0.0)",1
483,1,20,8,"(0.09369258606422372, 0.0, 0.09886232529533268, 0.09247639241939104, 0.09173902283359818, 0.0, 0.03663029909555061, 0.0, 0.0, 0.0)",1
484,1,20,8,"(0.08207206093997997, 0.0, 0.09886232529533268, 0.09247639241939104, 0.09173902283359818, 0.0, 0.028624918864351683, 0.0, 0.0, 0.0)",1
485,1,20,8,"(0.09369258606422372, 0.0, 0.09886232529533268, 0.09247639241939104, 0.08405296786353715, 0.0, 0.028624918864351683, 0.0, 0.0, 0.0)",3
486,1,20,9,"(0.052550939459601514, 0.0, 0.04225710535970975, 0.0, 0.12647368364204675, 0.13743956853625588, 0.0576626659711753, 0.11395506571919103, 0.0, 0.02195829510738229)",1
487,1,20,13,"(0.0, 0.0, 0.11679612853536596, 0.06920069129515957, 0.09172770611919409, 0.07090712148918124, 0.0, 0.0, 0.14899621190854193, 0.0)",2
488,1,20,13,"(0.0, 0.0, 0.11679612853536596, 0.12156367269247303, 0.09172770611919409, 0.07489992963210028, 0.0, 0.0, 0.1938067545135911, 0.0)",1
489,1,20,13,"(0.0, 0.0, 0.11679612853536596, 0.06920069129515957, 0.09172770611919409, 0.07489992963210028, 0.0, 0.0, 0.14899621190854193, 0.0)",198
490,1,20,13,"(0.0, 0.0, 0.11679612853536596, 0.06920069129515957, 0.09172770611919409, 0.043677245841545295, 0.0, 0.0, 0.1622554172012841, 0.0)",4
491,2,0,8,"(0.09369258606422372, 0.0, 0.09886232529533268, 0.09247639241939104, 0.09173902283359818, 0.0, 0.028624918864351683, 0.0, 0.0, 0.0)",341
492,2,0,8,"(0.09369258606422372, 0.0, 0.09886232529533268, 0.09194102117513347, 0.09173902283359818, 0.0, 0.028624918864351683, 0.0, 0.0, 0.0)",1
493,2,0,11,"(0.09033430006888621, 0.14970886995698662, 0.0, 0.0, 0.0, 0.04688669779969397, 0.0, 0.08279881135943302, 0.0, 0.012040096805004926)",1
494,2,0,11,"(0.09033430006888621, 0.18614601023084199, 0.0, 0.0, 0.0, 0.04688669779969397, 0.0, 0.08279881135943302, 0.0, 0.01812760691895582)",2
495,2,0,11,"(0.09033430006888621, 0.17747755992610473, 0.0, 0.0, 0.0, 0.04688669779969397, 0.0, 0.08279881135943302, 0.0, 0.01812760691895582)",2
496,2,0,11,"(0.09033430006888621, 0.14970886995698662, 0.0, 0.0, 0.0, 0.03136963598603269, 0.0, 0.08279881135943302, 0.0, 0.01812760691895582)",1
497,2,0,11,"(0.09033430006888621, 0.14970886995698662, 0.0, 0.0, 0.0, 0.04688669779969397, 0.0, 0.08279881135943302, 0.0, 0.01812760691895582)",433
498,2,0,13,"(0.0, 0.0, 0.2756037317649989, 0.06920069129515957, 0.09172770611919409, 0.07489992963210028, 0.0, 0.0, 0.14899621190854193, 0.0)",1
499,2,0,13,"(0.0, 0.0, 0.11679612853536596, 0.0429051968020109, 0.09172770611919409, 0.09822963749989638, 0.0, 0.0, 0.14899621190854193, 0.0)",1
500,2,0,13,"(0.0, 0.0, 0.11679612853536596, 0.06920069129515957, 0.09172770611919409, 0.07489992963210028, 0.0, 0.0, 0.14899621190854193, 0.0)",148
501,2,0,13,"(0.0, 0.0, 0.11679612853536596, 0.06920069129515957, 0.09905629531237499, 0.07489992963210028, 0.0, 0.0, 0.14899621190854193, 0.0)",7
502,2,0,13,"(0.0, 0.0, 0.15812315004737143, 0.06920069129515957, 0.09172770611919409, 0.07489992963210028, 0.0, 0.0, 0.14899621190854193, 0.0)",3
503,2,1,8,"(0.09369258606422372, 0.0, 0.09886232529533268, 0.09247639241939104, 0.09173902283359818, 0.0, 0.029808312751815107, 0.0, 0.0, 0.0)",4
504,2,1,8,"(0.09369258606422372, 0.0, 0.09886232529533268, 0.09247639241939104, 0.07728333704833155, 0.0, 0.028624918864351683, 0.0, 0.0, 0.0)",1
505,2,1,8,"(0.09369258606422372, 0.0, 0.0579885671039046, 0.09247639241939104, 0.21330023902635706, 0.0, 0.028624918864351683, 0.0, 0.0, 0.0)",1
506,2,1,8,"(0.09369258606422372, 0.0, 0.09886232529533268, 0.09247639241939104, 0.07390286690834579, 0.0, 0.028624918864351683, 0.0, 0.0, 0.0)",2
507,2,1,8,"(0.09369258606422372, 0.0, 0.09886232529533268, 0.06906964578379066, 0.11870471108838236, 0.0, 0.028624918864351683, 0.0, 0.0, 0.0)",1
508,2,1,8,"(0.09369258606422372, 0.0, 0.09886232529533268, 0.09247639241939104, 0.09173902283359818, 0.0, 0.028624918864351683, 0.0, 0.0, 0.0)",390
509,2,1,11,"(0.09033430006888621, 0.14970886995698662, 0.0, 0.0, 0.0, 0.04688669779969397, 0.0, 0.08279881135943302, 0.0, 0.01812760691895582)",344
510,2,1,11,"(0.09033430006888621, 0.14970886995698662, 0.0, 0.0, 0.0, 0.07481956461578962, 0.0, 0.08279881135943302, 0.0, 0.01812760691895582)",6
511,2,1,11,"(0.054285896313381175, 0.14970886995698662, 0.0, 0.0, 0.0, 0.04688669779969397, 0.0, 0.08279881135943302, 0.0, 0.01812760691895582)",3
512,2,1,11,"(0.09033430006888621, 0.17479653006503287, 0.0, 0.0, 0.0, 0.04688669779969397, 0.0, 0.08279881135943302, 0.0, 0.01812760691895582)",1
513,2,1,11,"(0.09033430006888621, 0.14970886995698662, 0.0, 0.0, 0.0, 0.04688669779969397, 0.0, 0.08279881135943302, 0.0, 0.013843301547089045)",2
514,2,1,13,"(0.0, 0.0, 0.11679612853536596, 0.08467516336695734, 0.09172770611919409, 0.07489992963210028, 0.0, 0.0, 0.14899621190854193, 0.0)",1
515,2,1,13,"(0.0, 0.0, 0.11679612853536596, 0.07035151136686243, 0.09172770611919409, 0.07489992963210028, 0.0, 0.0, 0.14899621190854193, 0.0)",1
516,2,1,13,"(0.0, 0.0, 0.11679612853536596, 0.06920069129515957, 0.09172770611919409, 0.07489992963210028, 0.0, 0.0, 0.14899621190854193, 0.0)",165
517,2,2,8,"(0.09369258606422372, 0.0, 0.09886232529533268, 0.09247639241939104, 0.09173902283359818, 0.0, 0.026823830031375978, 0.0, 0.0, 0.0)",1
518,2,2,8,"(0.09369258606422372, 0.0, 0.059888921983030995, 0.11161297275566305, 0.09173902283359818, 0.0, 0.028624918864351683, 0.0, 0.0, 0.0)",1
519,2,2,8,"(0.11832224031241292, 0.0, 0.09886232529533268, 0.09247639241939104, 0.07933963810848223, 0.0, 0.028624918864351683, 0.0, 0.0, 0.0)",1
520,2,2,8,"(0.09369258606422372, 0.0, 0.09886232529533268, 0.09247639241939104, 0.09173902283359818, 0.0, 0.028624918864351683, 0.0, 0.0, 0.0)",307
521,2,2,8,"(0.054194080278183045, 0.0, 0.09886232529533268, 0.09247639241939104, 0.09173902283359818, 0.0, 0.028624918864351683, 0.0, 0.0, 0.0)",6
522,2,2,11,"(0.0901382686570362, 0.14970886995698662, 0.0, 0.0, 0.0, 0.0888667784592273, 0.0, 0.06932734578885777, 0.0, 0.026579002962762364)",4
523,2,2,11,"(0.09033430006888621, 0.14970886995698662, 0.0, 0.0, 0.0, 0.04688669779969397, 0.0, 0.08279881135943302, 0.0, 0.01812760691895582)",502
524,2,2,11,"(0.09033430006888621, 0.14970886995698662, 0.0, 0.0, 0.0, 0.04688669779969397, 0.0, 0.10374501355549555, 0.0, 0.01812760691895582)",1
525,2,2,11,"(0.09033430006888621, 0.14970886995698662, 0.0, 0.0, 0.0, 0.033963507888087344, 0.0, 0.08279881135943302, 0.0, 0.01812760691895582)",1
526,2,2,11,"(0.09033430006888621, 0.14970886995698662, 0.0, 0.0, 0.0, 0.05075047374675655, 0.0, 0.08279881135943302, 0.0, 0.01812760691895582)",1
527,2,2,11,"(0.08097248514278164, 0.14970886995698662, 0.0, 0.0, 0.0, 0.04688669779969397, 0.0, 0.08279881135943302, 0.0, 0.01812760691895582)",2
528,2,2,11,"(0.09033430006888621, 0.14970886995698662, 0.0, 0.0, 0.0, 0.04688669779969397, 0.0, 0.08279881135943302, 0.0, 0.030386100138651628)",2
529,2,2,11,"(0.09033430006888621, 0.1578644969803282, 0.0, 0.0, 0.0, 0.04688669779969397, 0.0, 0.08279881135943302, 0.0, 0.01812760691895582)",1
530,2,2,11,"(0.09033430006888621, 0.12717645605155486, 0.0, 0.0, 0.0, 0.04688669779969397, 0.0, 0.08279881135943302, 0.0, 0.01812760691895582)",3
531,2,2,13,"(0.0, 0.0, 0.11679612853536596, 0.06920069129515957, 0.09172770611919409, 0.07489992963210028, 0.0, 0.0, 0.14899621190854193, 0.0)",162
532,2,2,13,"(0.0, 0.0, 0.11679612853536596, 0.06920069129515957, 0.09172770611919409, 0.07489992963210028, 0.0, 0.0, 0.21634887060904268, 0.0)",1
533,2,2,13,"(0.0, 0.0, 0.11679612853536596, 0.09073513187595769, 0.09172770611919409, 0.07489992963210028, 0.0, 0.0, 0.14899621190854193, 0.0)",7
534,2,3,8,"(0.09369258606422372, 0.0, 0.09886232529533268, 0.09247639241939104, 0.09173902283359818, 0.0, 0.019275462625647794, 0.0, 0.0, 0.0)",1
535,2,3,8,"(0.09369258606422372, 0.0, 0.09886232529533268, 0.09247639241939104, 0.09173902283359818, 0.0, 0.028624918864351683, 0.0, 0.0, 0.0)",323
536,2,3,8,"(0.09369258606422372, 0.0, 0.09411427926317545, 0.09247639241939104, 0.11263708064788391, 0.0, 0.04004001359978281, 0.0, 0.0, 0.0)",2
537,2,3,8,"(0.09369258606422372, 0.0, 0.09886232529533268, 0.09247639241939104, 0.09173902283359818, 0.0, 0.01693795197368416, 0.0, 0.0, 0.0)",3
538,2,3,8,"(0.09369258606422372, 0.0, 0.09886232529533268, 0.09247639241939104, 0.09173902283359818, 0.0, 0.018569412974769616, 0.0, 0.0, 0.0)",1
539,2,3,8,"(0.09369258606422372, 0.0, 0.09886232529533268, 0.03921918322245054, 0.09173902283359818, 0.0, 0.028624918864351683, 0.0, 0.0, 0.0)",1
540,2,3,8,"(0.09369258606422372, 0.0, 0.06627514811954455, 0.09247639241939104, 0.09173902283359818, 0.0, 0.029141136600231925, 0.0, 0.0, 0.0)",19
541,2,3,11,"(0.09033430006888621, 0.14970886995698662, 0.0, 0.0, 0.0, 0.0580749301081791, 0.0, 0.08279881135943302, 0.0, 0.01812760691895582)",1
542,2,3,11,"(0.07302522180802405, 0.14970886995698662, 0.0, 0.0, 0.0, 0.04688669779969397, 0.0, 0.08279881135943302, 0.0, 0.01812760691895582)",1
543,2,3,11,"(0.09033430006888621, 0.1205922629242793, 0.0, 0.0, 0.0, 0.04688669779969397, 0.0, 0.08279881135943302, 0.0, 0.01812760691895582)",1
544,2,3,11,"(0.09033430006888621, 0.14970886995698662, 0.0, 0.0, 0.0, 0.04871522097388756, 0.0, 0.08279881135943302, 0.0, 0.01812760691895582)",4
545,2,3,11,"(0.09033430006888621, 0.14970886995698662, 0.0, 0.0, 0.0, 0.04688669779969397, 0.0, 0.08338563291180386, 0.0, 0.027852650426581114)",12
546,2,3,11,"(0.09600794232057205, 0.14970886995698662, 0.0, 0.0, 0.0, 0.04688669779969397, 0.0, 0.07994633151479578, 0.0, 0.01812760691895582)",4
547,2,3,11,"(0.09651262903525483, 0.14970886995698662, 0.0, 0.0, 0.0, 0.04688669779969397, 0.0, 0.08279881135943302, 0.0, 0.01812760691895582)",5
548,2,3,11,"(0.09033430006888621, 0.14970886995698662, 0.0, 0.0, 0.0, 0.04688669779969397, 0.0, 0.08279881135943302, 0.0, 0.01812760691895582)",448
549,2,3,13,"(0.0, 0.0, 0.11679612853536596, 0.06920069129515957, 0.09172770611919409, 0.07489992963210028, 0.0, 0.0, 0.14899621190854193, 0.0)",166
550,2,3,13,"(0.0, 0.0, 0.11679612853536596, 0.05991106271168066, 0.07838859728153438, 0.07489992963210028, 0.0, 0.0, 0.14899621190854193, 0.0)",1
551,2,3,13,"(0.0, 0.0, 0.11679612853536596, 0.06154386132027769, 0.09172770611919409, 0.07489992963210028, 0.0, 0.0, 0.14899621190854193, 0.0)",1
552,2,3,13,"(0.0, 0.0, 0.11679612853536596, 0.06920069129515957, 0.0723391690394897, 0.07489992963210028, 0.0, 0.0, 0.14899621190854193, 0.0)",8
553,2,3,13,"(0.0, 0.0, 0.11679612853536596, 0.06920069129515957, 0.03970056098451084, 0.07489992963210028, 0.0, 0.0, 0.14899621190854193, 0.0)",1
554,2,4,8,"(0.2756541906041052, 0.0, 0.05117461516917286, 0.09247639241939104, 0.09173902283359818, 0.0, 0.028624918864351683, 0.0, 0.0, 0.0)",6
555,2,4,8,"(0.09369258606422372, 0.0, 0.058510430099405965, 0.07498915290123222, 0.09173902283359818, 0.0, 0.044634897630305335, 0.0, 0.0, 0.0)",3
556,2,4,8,"(0.09369258606422372, 0.0, 0.09583733006874023, 0.09247639241939104, 0.09173902283359818, 0.0, 0.028624918864351683, 0.0, 0.0, 0.0)",1
557,2,4,8,"(0.09369258606422372, 0.0, 0.09886232529533268, 0.09247639241939104, 0.09173902283359818, 0.0, 0.04357037093627773, 0.0, 0.0, 0.0)",3
558,2,4,8,"(0.09369258606422372, 0.0, 0.09886232529533268, 0.09247639241939104, 0.09173902283359818, 0.0, 0.028624918864351683, 0.0, 0.0, 0.0)",359
559,2,4,8,"(0.09369258606422372, 0.0, 0.09886232529533268, 0.09247639241939104, 0.09173902283359818, 0.0, 0.02727743791577627, 0.0, 0.0, 0.0)",9
560,2,4,8,"(0.09369258606422372, 0.0, 0.09886232529533268, 0.08468271015947093, 0.09173902283359818, 0.0, 0.028624918864351683, 0.0, 0.0, 0.0)",1
561,2,4,8,"(0.059234277207783646, 0.0, 0.09886232529533268, 0.09247639241939104, 0.09173902283359818, 0.0, 0.028624918864351683, 0.0, 0.0, 0.0)",2
562,2,4,11,"(0.09033430006888621, 0.14970886995698662, 0.0, 0.0, 0.0, 0.04688669779969397, 0.0, 0.08727819230316812, 0.0, 0.01812760691895582)",2
563,2,4,11,"(0.09033430006888621, 0.14970886995698662, 0.0, 0.0, 0.0, 0.04688669779969397, 0.0, 0.08279881135943302, 0.0, 0.01812760691895582)",446
564,2,4,11,"(0.07799267145535438, 0.14970886995698662, 0.0, 0.0, 0.0, 0.04688669779969397, 0.0, 0.08279881135943302, 0.0, 0.01812760691895582)",1
565,2,4,11,"(0.09033430006888621, 0.14970886995698662, 0.0, 0.0, 0.0, 0.07865815562363444, 0.0, 0.08279881135943302, 0.0, 0.01812760691895582)",1
566,2,4,13,"(0.0, 0.0, 0.08371570152214405, 0.06920069129515957, 0.09172770611919409, 0.07489992963210028, 0.0, 0.0, 0.14899621190854193, 0.0)",2
567,2,4,13,"(0.0, 0.0, 0.11679612853536596, 0.06920069129515957, 0.09172770611919409, 0.07489992963210028, 0.0, 0.0, 0.14899621190854193, 0.0)",159
568,2,4,13,"(0.0, 0.0, 0.19015279020935305, 0.06920069129515957, 0.09172770611919409, 0.07489992963210028, 0.0, 0.0, 0.14899621190854193, 0.0)",2
569,2,5,8,"(0.09369258606422372, 0.0, 0.09886232529533268, 0.09247639241939104, 0.24894494286726865, 0.0, 0.028624918864351683, 0.0, 0.0, 0.0)",10
570,2,5,8,"(0.09369258606422372, 0.0, 0.09886232529533268, 0.09247639241939104, 0.09173902283359818, 0.0, 0.03892014140742212, 0.0, 0.0, 0.0)",1
571,2,5,8,"(0.09369258606422372, 0.0, 0.09886232529533268, 0.09247639241939104, 0.09173902283359818, 0.0, 0.02727743791577627, 0.0, 0.0, 0.0)",91
572,2,5,8,"(0.09369258606422372, 0.0, 0.09886232529533268, 0.09247639241939104, 0.09173902283359818, 0.0, 0.028624918864351683, 0.0, 0.0, 0.0)",291
573,2,5,8,"(0.09369258606422372, 0.0, 0.09886232529533268, 0.09247639241939104, 0.09173902283359818, 0.0, 0.018874626171212376, 0.0, 0.0, 0.0)",1
574,2,5,8,"(0.12731073069171903, 0.0, 0.09886232529533268, 0.09247639241939104, 0.09173902283359818, 0.0, 0.021878263963137964, 0.0, 0.0, 0.0)",2
575,2,5,8,"(0.09369258606422372, 0.0, 0.06102620724595578, 0.09247639241939104, 0.09173902283359818, 0.0, 0.03629409943454881, 0.0, 0.0, 0.0)",1
576,2,5,11,"(0.09033430006888621, 0.14970886995698662, 0.0, 0.0, 0.0, 0.04688669779969397, 0.0, 0.08279881135943302, 0.0, 0.01812760691895582)",347
577,2,5,11,"(0.09033430006888621, 0.14970886995698662, 0.0, 0.0, 0.0, 0.029030410373607107, 0.0, 0.08279881135943302, 0.0, 0.014048398117634942)",2
578,2,5,11,"(0.15147653592736096, 0.12313421398015016, 0.0, 0.0, 0.0, 0.04688669779969397, 0.0, 0.08279881135943302, 0.0, 0.018199996163545517)",1
579,2,5,11,"(0.09033430006888621, 0.14970886995698662, 0.0, 0.0, 0.0, 0.04688669779969397, 0.0, 0.08279881135943302, 0.0, 0.025487383788245048)",2
580,2,5,11,"(0.11122625354908895, 0.14970886995698662, 0.0, 0.0, 0.0, 0.04688669779969397, 0.0, 0.08279881135943302, 0.0, 0.01812760691895582)",1
581,2,5,11,"(0.09033430006888621, 0.14970886995698662, 0.0, 0.0, 0.0, 0.02479611597080583, 0.0, 0.08279881135943302, 0.0, 0.01812760691895582)",15
582,2,5,11,"(0.09033430006888621, 0.18370530079402003, 0.0, 0.0, 0.0, 0.04688669779969397, 0.0, 0.08279881135943302, 0.0, 0.01812760691895582)",8
583,2,5,13,"(0.0, 0.0, 0.11679612853536596, 0.06920069129515957, 0.09172770611919409, 0.07489992963210028, 0.0, 0.0, 0.14899621190854193, 0.0)",151
584,2,6,8,"(0.09369258606422372, 0.0, 0.09886232529533268, 0.09247639241939104, 0.06408397608805924, 0.0, 0.028624918864351683, 0.0, 0.0, 0.0)",1
585,2,6,8,"(0.09369258606422372, 0.0, 0.1148937601911191, 0.09247639241939104, 0.09173902283359818, 0.0, 0.028624918864351683, 0.0, 0.0, 0.0)",28
586,2,6,8,"(0.09369258606422372, 0.0, 0.1148937601911191, 0.24257899075511521, 0.09173902283359818, 0.0, 0.028624918864351683, 0.0, 0.0, 0.0)",2
587,2,6,8,"(0.09369258606422372, 0.0, 0.09886232529533268, 0.09247639241939104, 0.09173902283359818, 0.0, 0.028624918864351683, 0.0, 0.0, 0.0)",335
588,2,6,11,"(0.09033430006888621, 0.14970886995698662, 0.0, 0.0, 0.0, 0.07287969919268424, 0.0, 0.08279881135943302, 0.0, 0.01812760691895582)",1
589,2,6,11,"(0.09033430006888621, 0.18370530079402003, 0.0, 0.0, 0.0, 0.04688669779969397, 0.0, 0.08279881135943302, 0.0, 0.01812760691895582)",4
590,2,6,11,"(0.09033430006888621, 0.14970886995698662, 0.0, 0.0, 0.0, 0.03636218921420412, 0.0, 0.08279881135943302, 0.0, 0.01812760691895582)",1
591,2,6,11,"(0.09033430006888621, 0.14970886995698662, 0.0, 0.0, 0.0, 0.04688669779969397, 0.0, 0.08279881135943302, 0.0, 0.029324339774371173)",1
592,2,6,11,"(0.09033430006888621, 0.14970886995698662, 0.0, 0.0, 0.0, 0.025880128870804493, 0.0, 0.08279881135943302, 0.0, 0.01059551079087233)",1
593,2,6,11,"(0.10184561292234935, 0.14970886995698662, 0.0, 0.0, 0.0, 0.02238576331860779, 0.0, 0.08279881135943302, 0.0, 0.017743184141199974)",5
594,2,6,11,"(0.09033430006888621, 0.14970886995698662, 0.0, 0.0, 0.0, 0.04688669779969397, 0.0, 0.057335102020400555, 0.0, 0.01812760691895582)",9
595,2,6,11,"(0.09033430006888621, 0.14970886995698662, 0.0, 0.0, 0.0, 0.04688669779969397, 0.0, 0.08279881135943302, 0.0, 0.01812760691895582)",404
596,2,6,11,"(0.056688956303872724, 0.14970886995698662, 0.0, 0.0, 0.0, 0.04688669779969397, 0.0, 0.08330589912292077, 0.0, 0.01448961828590077)",2
597,2,6,13,"(0.0, 0.0, 0.11679612853536596, 0.06920069129515957, 0.09172770611919409, 0.07489992963210028, 0.0, 0.0, 0.14899621190854193, 0.0)",153
598,2,7,8,"(0.09369258606422372, 0.0, 0.09886232529533268, 0.09247639241939104, 0.09173902283359818, 0.0, 0.028624918864351683, 0.0, 0.0, 0.0)",409
599,2,7,8,"(0.09369258606422372, 0.0, 0.09886232529533268, 0.03832411742065563, 0.09173902283359818, 0.0, 0.028624918864351683, 0.0, 0.0, 0.0)",1
600,2,7,11,"(0.09033430006888621, 0.14970886995698662, 0.0, 0.0, 0.0, 0.04688669779969397, 0.0, 0.08279881135943302, 0.0, 0.01812760691895582)",315
601,2,7,11,"(0.09033430006888621, 0.18370530079402003, 0.0, 0.0, 0.0, 0.04688669779969397, 0.0, 0.04555007297520451, 0.0, 0.01812760691895582)",2
602,2,7,11,"(0.09033430006888621, 0.14970886995698662, 0.0, 0.0, 0.0, 0.051702827040438215, 0.0, 0.08279881135943302, 0.0, 0.01812760691895582)",2
603,2,7,11,"(0.09033430006888621, 0.14970886995698662, 0.0, 0.0, 0.0, 0.04688669779969397, 0.0, 0.09585439634170763, 0.0, 0.01812760691895582)",1
604,2,7,11,"(0.09033430006888621, 0.14970886995698662, 0.0, 0.0, 0.0, 0.04688669779969397, 0.0, 0.07125957469027898, 0.0, 0.01812760691895582)",1
605,2,7,11,"(0.09033430006888621, 0.18370530079402003, 0.0, 0.0, 0.0, 0.04688669779969397, 0.0, 0.08279881135943302, 0.0, 0.01812760691895582)",44
606,2,7,11,"(0.09033430006888621, 0.14075723963500403, 0.0, 0.0, 0.0, 0.04688669779969397, 0.0, 0.08279881135943302, 0.0, 0.01812760691895582)",1
607,2,7,13,"(0.0, 0.0, 0.11679612853536596, 0.06920069129515957, 0.09172770611919409, 0.07489992963210028, 0.0, 0.0, 0.14899621190854193, 0.0)",150
608,2,7,13,"(0.0, 0.0, 0.11679612853536596, 0.06920069129515957, 0.09172770611919409, 0.051979619637870705, 0.0, 0.0, 0.14899621190854193, 0.0)",4
609,2,7,13,"(0.0, 0.0, 0.11679612853536596, 0.06920069129515957, 0.09172770611919409, 0.07370368669827049, 0.0, 0.0, 0.14899621190854193, 0.0)",2
610,2,7,13,"(0.0, 0.0, 0.11679612853536596, 0.06920069129515957, 0.09172770611919409, 0.07489992963210028, 0.0, 0.0, 0.11163265763977087, 0.0)",1
611,2,7,13,"(0.0, 0.0, 0.11679612853536596, 0.10668685960093134, 0.09172770611919409, 0.07489992963210028, 0.0, 0.0, 0.14899621190854193, 0.0)",1
612,2,8,8,"(0.09369258606422372, 0.0, 0.17463756953567575, 0.09247639241939104, 0.09173902283359818, 0.0, 0.028624918864351683, 0.0, 0.0, 0.0)",1
613,2,8,8,"(0.09369258606422372, 0.0, 0.09886232529533268, 0.09247639241939104, 0.05286383725577084, 0.0, 0.028624918864351683, 0.0, 0.0, 0.0)",2
614,2,8,8,"(0.13105482597532153, 0.0, 0.09886232529533268, 0.09247639241939104, 0.09173902283359818, 0.0, 0.028624918864351683, 0.0, 0.0, 0.0)",2
615,2,8,8,"(0.16124189780911835, 0.0, 0.09886232529533268, 0.09247639241939104, 0.09173902283359818, 0.0, 0.028624918864351683, 0.0, 0.0, 0.0)",2
616,2,8,8,"(0.09369258606422372, 0.0, 0.09886232529533268, 0.08363857744617097, 0.09173902283359818, 0.0, 0.028624918864351683, 0.0, 0.0, 0.0)",1
617,2,8,8,"(0.09369258606422372, 0.0, 0.1219907358529785, 0.09247639241939104, 0.09173902283359818, 0.0, 0.028624918864351683, 0.0, 0.0, 0.0)",1
618,2,8,8,"(0.09369258606422372, 0.0, 0.09886232529533268, 0.09247639241939104, 0.09173902283359818, 0.0, 0.028624918864351683, 0.0, 0.0, 0.0)",416
619,2,8,8,"(0.09369258606422372, 0.0, 0.09886232529533268, 0.09247639241939104, 0.08453742789449177, 0.0, 0.028624918864351683, 0.0, 0.0, 0.0)",1
620,2,8,8,"(0.09369258606422372, 0.0, 0.12893433131156534, 0.05686533906584686, 0.09173902283359818, 0.0, 0.028624918864351683, 0.0, 0.0, 0.0)",1
621,2,8,11,"(0.09033430006888621, 0.14970886995698662, 0.0, 0.0, 0.0, 0.03498980642107709, 0.0, 0.08279881135943302, 0.0, 0.02579804286266569)",1
622,2,8,11,"(0.09033430006888621, 0.18370530079402003, 0.0, 0.0, 0.0, 0.04688669779969397, 0.0, 0.08279881135943302, 0.0, 0.01812760691895582)",12
623,2,8,11,"(0.09033430006888621, 0.14970886995698662, 0.0, 0.0, 0.0, 0.04688669779969397, 0.0, 0.08279881135943302, 0.0, 0.01812760691895582)",339
624,2,8,11,"(0.09033430006888621, 0.14970886995698662, 0.0, 0.0, 0.0, 0.04688669779969397, 0.0, 0.12908288693596362, 0.0, 0.01812760691895582)",5
625,2,8,11,"(0.09033430006888621, 0.1539343122419657, 0.0, 0.0, 0.0, 0.04688669779969397, 0.0, 0.08279881135943302, 0.0, 0.010437949933009297)",1
626,2,8,11,"(0.09033430006888621, 0.14970886995698662, 0.0, 0.0, 0.0, 0.04688669779969397, 0.0, 0.08279881135943302, 0.0, 0.01891655021211464)",1
627,2,8,11,"(0.09033430006888621, 0.13462732355576326, 0.0, 0.0, 0.0, 0.04688669779969397, 0.0, 0.08279881135943302, 0.0, 0.01812760691895582)",2
628,2,8,11,"(0.09033430006888621, 0.14970886995698662, 0.0, 0.0, 0.0, 0.04688669779969397, 0.0, 0.08279881135943302, 0.0, 0.008984704131644334)",2
629,2,8,11,"(0.09033430006888621, 0.33907324659045934, 0.0, 0.0, 0.0, 0.04688669779969397, 0.0, 0.08279881135943302, 0.0, 0.01812760691895582)",2
630,2,8,13,"(0.0, 0.0, 0.11679612853536596, 0.06920069129515957, 0.09172770611919409, 0.07489992963210028, 0.0, 0.0, 0.14899621190854193, 0.0)",166
631,2,9,9,"(0.052550939459601514, 0.0, 0.04225710535970975, 0.0, 0.12647368364204675, 0.13743956853625588, 0.0576626659711753, 0.11395506571919103, 0.0, 0.02195829510738229)",177
632,2,9,12,"(0.0, 0.1063989220923299, 0.0015111703434619284, 0.04642784640271252, 0.08672640026861606, 0.0, 0.12675493410285443, 0.19294877208059033, 0.0, 0.10322515837540021)",310
633,2,10,1,"(0.0, 0.13034420279648273, 0.0, 0.0, 0.0, 0.37740535917187307, 0.0, 0.49225043803164426, 0.0, 0.0)",1
634,2,10,1,"(0.0, 0.14271175734203523, 0.0, 0.0, 0.0, 0.4132150174857902, 0.0, 0.27853396239544037, 0.0, 0.0)",8
635,2,10,9,"(0.052550939459601514, 0.0, 0.03254537175821555, 0.0, 0.12647368364204675, 0.13743956853625588, 0.0576626659711753, 0.11395506571919103, 0.0, 0.02195829510738229)",2
636,2,10,9,"(0.052550939459601514, 0.0, 0.04225710535970975, 0.0, 0.12647368364204675, 0.13743956853625588, 0.07918952934198348, 0.11395506571919103, 0.0, 0.013156319059285635)",3
637,2,10,9,"(0.052550939459601514, 0.0, 0.04225710535970975, 0.0, 0.12647368364204675, 0.13743956853625588, 0.0576626659711753, 0.11395506571919103, 0.0, 0.02195829510738229)",128
638,2,10,12,"(0.0, 0.1063989220923299, 0.0015111703434619284, 0.04642784640271252, 0.08672640026861606, 0.0, 0.12675493410285443, 0.19294877208059033, 0.0, 0.09408977291954305)",3
639,2,10,12,"(0.0, 0.1063989220923299, 0.0015111703434619284, 0.0886367973667602, 0.08672640026861606, 0.0, 0.12675493410285443, 0.12354457404818589, 0.0, 0.10322515837540021)",21
640,2,10,12,"(0.0, 0.08988575453053474, 0.0015111703434619284, 0.04642784640271252, 0.08672640026861606, 0.0, 0.12675493410285443, 0.19773879428488036, 0.0, 0.10322515837540021)",12
641,2,10,12,"(0.0, 0.1063989220923299, 0.0015111703434619284, 0.07325485918067554, 0.08672640026861606, 0.0, 0.12675493410285443, 0.19294877208059033, 0.0, 0.10322515837540021)",1
642,2,10,12,"(0.0, 0.17594660330891457, 0.0015111703434619284, 0.04642784640271252, 0.08672640026861606, 0.0, 0.12675493410285443, 0.19294877208059033, 0.0, 0.10322515837540021)",2
643,2,10,12,"(0.0, 0.1063989220923299, 0.0015111703434619284, 0.04642784640271252, 0.08672640026861606, 0.0, 0.12675493410285443, 0.19294877208059033, 0.0, 0.10322515837540021)",349
644,2,11,9,"(0.052550939459601514, 0.0, 0.04225710535970975, 0.0, 0.12647368364204675, 0.13743956853625588, 0.0576626659711753, 0.11395506571919103, 0.0, 0.02195829510738229)",192
645,2,11,9,"(0.052550939459601514, 0.0, 0.04225710535970975, 0.0, 0.1274131230492103, 0.13743956853625588, 0.0576626659711753, 0.11395506571919103, 0.0, 0.02195829510738229)",5
646,2,11,9,"(0.052550939459601514, 0.0, 0.038834140246851674, 0.0, 0.12647368364204675, 0.13743956853625588, 0.0576626659711753, 0.11395506571919103, 0.0, 0.02195829510738229)",1
647,2,11,12,"(0.0, 0.1063989220923299, 0.0015554723741298092, 0.04642784640271252, 0.0947550972407878, 0.0, 0.0700169311965398, 0.19294877208059033, 0.0, 0.130799261483053)",3
648,2,11,12,"(0.0, 0.1063989220923299, 0.0015554723741298092, 0.04642784640271252, 0.08672640026861606, 0.0, 0.09091125842115637, 0.19294877208059033, 0.0, 0.130799261483053)",31
649,2,11,12,"(0.0, 0.1063989220923299, 0.0015111703434619284, 0.04642784640271252, 0.08672640026861606, 0.0, 0.12675493410285443, 0.19294877208059033, 0.0, 0.10322515837540021)",188
650,2,11,12,"(0.0, 0.08988575453053474, 0.0015111703434619284, 0.04642784640271252, 0.08672640026861606, 0.0, 0.12675493410285443, 0.19773879428488036, 0.0, 0.10322515837540021)",70
651,2,12,1,"(0.0, 0.14271175734203523, 0.0, 0.0, 0.0, 0.4132150174857902, 0.0, 0.27853396239544037, 0.0, 0.0)",22
652,2,12,9,"(0.052550939459601514, 0.0, 0.04225710535970975, 0.0, 0.12647368364204675, 0.13743956853625588, 0.0576626659711753, 0.11395506571919103, 0.0, 0.02195829510738229)",131
653,2,12,9,"(0.052550939459601514, 0.0, 0.04225710535970975, 0.0, 0.12947065770365299, 0.13743956853625588, 0.0576626659711753, 0.11395506571919103, 0.0, 0.02195829510738229)",55
654,2,12,12,"(0.0, 0.1063989220923299, 0.0015111703434619284, 0.0231677600244325, 0.08672640026861606, 0.0, 0.12675493410285443, 0.19294877208059033, 0.0, 0.10322515837540021)",1
655,2,12,12,"(0.0, 0.1063989220923299, 0.0012526870508546594, 0.04642784640271252, 0.08672640026861606, 0.0, 0.12675493410285443, 0.19294877208059033, 0.0, 0.10322515837540021)",1
656,2,12,12,"(0.0, 0.1063989220923299, 0.0015111703434619284, 0.03509667598374139, 0.05413201335800754, 0.0, 0.09273067480959077, 0.19294877208059033, 0.0, 0.10322515837540021)",1
657,2,12,12,"(0.0, 0.1063989220923299, 0.0015111703434619284, 0.04642784640271252, 0.08672640026861606, 0.0, 0.12675493410285443, 0.19294877208059033, 0.0, 0.10322515837540021)",326
658,2,13,9,"(0.052550939459601514, 0.0, 0.04225710535970975, 0.0, 0.12647368364204675, 0.11748807637340547, 0.056624455895288174, 0.11395506571919103, 0.0, 0.02195829510738229)",26
659,2,13,9,"(0.037239401484344625, 0.0, 0.04225710535970975, 0.0, 0.12647368364204675, 0.13743956853625588, 0.0576626659711753, 0.11395506571919103, 0.0, 0.02195829510738229)",1
660,2,13,9,"(0.052550939459601514, 0.0, 0.04225710535970975, 0.0, 0.12647368364204675, 0.13743956853625588, 0.0576626659711753, 0.11395506571919103, 0.0, 0.02195829510738229)",118
661,2,13,12,"(0.0, 0.1063989220923299, 0.0017137002342056146, 0.04642784640271252, 0.08672640026861606, 0.0, 0.12675493410285443, 0.19294877208059033, 0.0, 0.10322515837540021)",35
662,2,13,12,"(0.0, 0.1063989220923299, 0.0015111703434619284, 0.04642784640271252, 0.08672640026861606, 0.0, 0.12675493410285443, 0.2001608307033284, 0.0, 0.10322515837540021)",1
663,2,13,12,"(0.0, 0.1063989220923299, 0.0015111703434619284, 0.04642784640271252, 0.08672640026861606, 0.0, 0.12675493410285443, 0.19294877208059033, 0.0, 0.10322515837540021)",280
664,2,13,12,"(0.0, 0.21665760111375668, 0.0015111703434619284, 0.04642784640271252, 0.08672640026861606, 0.0, 0.12675493410285443, 0.19294877208059033, 0.0, 0.10322515837540021)",3
665,2,13,12,"(0.0, 0.1063989220923299, 0.0015111703434619284, 0.04642784640271252, 0.08672640026861606, 0.0, 0.1120385897707858, 0.19294877208059033, 0.0, 0.13599676958245951)",2
666,2,13,12,"(0.0, 0.1063989220923299, 0.0015111703434619284, 0.04642784640271252, 0.08672640026861606, 0.0, 0.12675493410285443, 0.19294877208059033, 0.0, 0.12588348110416575)",4
667,2,14,9,"(0.07226563473330445, 0.0, 0.04225710535970975, 0.0, 0.12647368364204675, 0.18586281326263662, 0.0576626659711753, 0.11395506571919103, 0.0, 0.02195829510738229)",32
668,2,14,9,"(0.052550939459601514, 0.0, 0.04225710535970975, 0.0, 0.08873193637809845, 0.11748807637340547, 0.056624455895288174, 0.11395506571919103, 0.0, 0.02195829510738229)",1
669,2,14,9,"(0.052550939459601514, 0.0, 0.04225710535970975, 0.0, 0.12647368364204675, 0.11748807637340547, 0.056624455895288174, 0.11395506571919103, 0.0, 0.02195829510738229)",41
670,2,14,9,"(0.052550939459601514, 0.0, 0.04225710535970975, 0.0, 0.12647368364204675, 0.13743956853625588, 0.0576626659711753, 0.11395506571919103, 0.0, 0.02195829510738229)",78
671,2,14,12,"(0.0, 0.1063989220923299, 0.0014381934862497962, 0.04642784640271252, 0.042127423927718226, 0.0, 0.12675493410285443, 0.19294877208059033, 0.0, 0.10322515837540021)",2
672,2,14,12,"(0.0, 0.1063989220923299, 0.0015111703434619284, 0.04642784640271252, 0.08672640026861606, 0.0, 0.12675493410285443, 0.19294877208059033, 0.0, 0.10322515837540021)",293
673,2,14,12,"(0.0, 0.1063989220923299, 0.0015111703434619284, 0.04642784640271252, 0.08672640026861606, 0.0, 0.12675493410285443, 0.1900146478422728, 0.0, 0.10322515837540021)",4
674,2,14,12,"(0.0, 0.1063989220923299, 0.0015111703434619284, 0.04642784640271252, 0.08672640026861606, 0.0, 0.12675493410285443, 0.19294877208059033, 0.0, 0.09781554393446824)",6
675,2,14,12,"(0.0, 0.1063989220923299, 0.0012543512593553513, 0.04642784640271252, 0.09894354126482928, 0.0, 0.12675493410285443, 0.19294877208059033, 0.0, 0.10322515837540021)",2
676,2,14,12,"(0.0, 0.1063989220923299, 0.0014337492115787148, 0.04642784640271252, 0.08672640026861606, 0.0, 0.12675493410285443, 0.19294877208059033, 0.0, 0.10322515837540021)",3
677,2,14,12,"(0.0, 0.1063989220923299, 0.0015111703434619284, 0.04342035168190557, 0.08672640026861606, 0.0, 0.12675493410285443, 0.19294877208059033, 0.0, 0.10322515837540021)",9
678,2,14,12,"(0.0, 0.1373275759722202, 0.0023737609363374875, 0.04642784640271252, 0.08672640026861606, 0.0, 0.12675493410285443, 0.19294877208059033, 0.0, 0.10322515837540021)",1
679,2,14,12,"(0.0, 0.1063989220923299, 0.0015111703434619284, 0.09501286267751093, 0.08672640026861606, 0.0, 0.12675493410285443, 0.17715699648847355, 0.0, 0.10322515837540021)",1
680,2,15,9,"(0.06770363409613604, 0.0, 0.04225710535970975, 0.0, 0.12647368364204675, 0.13743956853625588, 0.0576626659711753, 0.11395506571919103, 0.0, 0.02195829510738229)",3
681,2,15,9,"(0.052550939459601514, 0.0, 0.04225710535970975, 0.0, 0.12647368364204675, 0.1415590065670036, 0.0576626659711753, 0.11395506571919103, 0.0, 0.02195829510738229)",1
682,2,15,9,"(0.052550939459601514, 0.0, 0.03836063090044732, 0.0, 0.12647368364204675, 0.13743956853625588, 0.0576626659711753, 0.11395506571919103, 0.0, 0.02195829510738229)",4
683,2,15,9,"(0.052550939459601514, 0.0, 0.04225710535970975, 0.0, 0.12647368364204675, 0.08732530298975459, 0.0576626659711753, 0.11395506571919103, 0.0, 0.02195829510738229)",2
684,2,15,9,"(0.052550939459601514, 0.0, 0.04225710535970975, 0.0, 0.12647368364204675, 0.13743956853625588, 0.0576626659711753, 0.11395506571919103, 0.0, 0.02195829510738229)",128
685,2,15,12,"(0.0, 0.1063989220923299, 0.000847165108484505, 0.0337307259755229, 0.08672640026861606, 0.0, 0.12675493410285443, 0.19294877208059033, 0.0, 0.10322515837540021)",1
686,2,15,12,"(0.0, 0.1063989220923299, 0.0015111703434619284, 0.03932353627639388, 0.08672640026861606, 0.0, 0.12675493410285443, 0.19294877208059033, 0.0, 0.10322515837540021)",47
687,2,15,12,"(0.0, 0.1063989220923299, 0.0015111703434619284, 0.04642784640271252, 0.08672640026861606, 0.0, 0.12675493410285443, 0.15433104826641664, 0.0, 0.10322515837540021)",5
688,2,15,12,"(0.0, 0.1063989220923299, 0.0015111703434619284, 0.04642784640271252, 0.08672640026861606, 0.0, 0.12675493410285443, 0.19294877208059033, 0.0, 0.10322515837540021)",244
689,2,15,12,"(0.0, 0.23649208350497058, 0.0015111703434619284, 0.04642784640271252, 0.08672640026861606, 0.0, 0.12675493410285443, 0.19294877208059033, 0.0, 0.10322515837540021)",1
690,2,16,9,"(0.052550939459601514, 0.0, 0.05032098711296292, 0.0, 0.12647368364204675, 0.13743956853625588, 0.0576626659711753, 0.11395506571919103, 0.0, 0.02195829510738229)",4
691,2,16,9,"(0.052550939459601514, 0.0, 0.04225710535970975, 0.0, 0.12647368364204675, 0.13743956853625588, 0.0576626659711753, 0.11395506571919103, 0.0, 0.025233287590740405)",1
692,2,16,9,"(0.052550939459601514, 0.0, 0.030068036157000832, 0.0, 0.12647368364204675, 0.13743956853625588, 0.0576626659711753, 0.11395506571919103, 0.0, 0.02195829510738229)",2
693,2,16,9,"(0.03946008488420329, 0.0, 0.07827210655682304, 0.0, 0.10217482885648375, 0.21664141885871005, 0.0576626659711753, 0.11395506571919103, 0.0, 0.02195829510738229)",4
694,2,16,9,"(0.052550939459601514, 0.0, 0.039378444387305374, 0.0, 0.12647368364204675, 0.13743956853625588, 0.0576626659711753, 0.11395506571919103, 0.0, 0.02195829510738229)",1
695,2,16,9,"(0.052550939459601514, 0.0, 0.04225710535970975, 0.0, 0.12647368364204675, 0.13743956853625588, 0.0576626659711753, 0.11395506571919103, 0.0, 0.02195829510738229)",119
696,2,16,12,"(0.0, 0.1063989220923299, 0.0015111703434619284, 0.04642784640271252, 0.08672640026861606, 0.0, 0.12675493410285443, 0.19294877208059033, 0.0, 0.10322515837540021)",322
697,2,16,12,"(0.0, 0.1063989220923299, 0.0015111703434619284, 0.04642784640271252, 0.08672640026861606, 0.0, 0.12675493410285443, 0.16514620216242654, 0.0, 0.10322515837540021)",10
698,2,17,9,"(0.052550939459601514, 0.0, 0.04225710535970975, 0.0, 0.12647368364204675, 0.13166591804305688, 0.0576626659711753, 0.11395506571919103, 0.0, 0.02195829510738229)",3
699,2,17,9,"(0.052550939459601514, 0.0, 0.04225710535970975, 0.0, 0.12647368364204675, 0.13743956853625588, 0.0576626659711753, 0.11395506571919103, 0.0, 0.02195829510738229)",128
700,2,17,12,"(0.0, 0.1063989220923299, 0.0015111703434619284, 0.04642784640271252, 0.08672640026861606, 0.0, 0.12675493410285443, 0.16959725878754753, 0.0, 0.07593518926794836)",1
701,2,17,12,"(0.0, 0.1063989220923299, 0.0015111703434619284, 0.04642784640271252, 0.08672640026861606, 0.0, 0.12675493410285443, 0.19294877208059033, 0.0, 0.10322515837540021)",358
702,2,17,12,"(0.0, 0.1063989220923299, 0.0015111703434619284, 0.04642784640271252, 0.08672640026861606, 0.0, 0.12675493410285443, 0.19294877208059033, 0.0, 0.13635081301852608)",1
703,2,18,9,"(0.052550939459601514, 0.0, 0.04225710535970975, 0.0, 0.12647368364204675, 0.13743956853625588, 0.0576626659711753, 0.11395506571919103, 0.0, 0.02195829510738229)",126
704,2,18,9,"(0.052550939459601514, 0.0, 0.04225710535970975, 0.0, 0.12647368364204675, 0.13743956853625588, 0.02061419816343987, 0.11395506571919103, 0.0, 0.02195829510738229)",7
705,2,18,12,"(0.0, 0.1063989220923299, 0.0015111703434619284, 0.04642784640271252, 0.08672640026861606, 0.0, 0.12675493410285443, 0.19294877208059033, 0.0, 0.10322515837540021)",321
706,2,18,12,"(0.0, 0.1063989220923299, 0.0021299493629551767, 0.04642784640271252, 0.08672640026861606, 0.0, 0.12675493410285443, 0.19294877208059033, 0.0, 0.10322515837540021)",1
707,2,18,12,"(0.0, 0.1063989220923299, 0.0015111703434619284, 0.04642784640271252, 0.08672640026861606, 0.0, 0.12675493410285443, 0.11053057100183145, 0.0, 0.10322515837540021)",2
708,2,18,12,"(0.0, 0.1063989220923299, 0.002125013257582577, 0.04642784640271252, 0.11082146680985258, 0.0, 0.12675493410285443, 0.19294877208059033, 0.0, 0.10322515837540021)",2
709,2,19,9,"(0.052550939459601514, 0.0, 0.04225710535970975, 0.0, 0.12647368364204675, 0.13743956853625588, 0.0576626659711753, 0.11395506571919103, 0.0, 0.02195829510738229)",128
710,2,19,12,"(0.0, 0.1063989220923299, 0.0015111703434619284, 0.04642784640271252, 0.08672640026861606, 0.0, 0.10260903629600845, 0.19294877208059033, 0.0, 0.10322515837540021)",2
711,2,19,12,"(0.0, 0.1063989220923299, 0.0015111703434619284, 0.04642784640271252, 0.13989072602552086, 0.0, 0.12675493410285443, 0.19294877208059033, 0.0, 0.10322515837540021)",2
712,2,19,12,"(0.0, 0.1063989220923299, 0.001830816859264084, 0.04642784640271252, 0.08672640026861606, 0.0, 0.12675493410285443, 0.19294877208059033, 0.0, 0.10322515837540021)",1
713,2,19,12,"(0.0, 0.1063989220923299, 0.0015111703434619284, 0.04642784640271252, 0.08672640026861606, 0.0, 0.12675493410285443, 0.19294877208059033, 0.0, 0.10322515837540021)",305
714,2,20,9,"(0.052550939459601514, 0.0, 0.04225710535970975, 0.0, 0.10503663332676559, 0.13743956853625588, 0.0576626659711753, 0.11395506571919103, 0.0, 0.02195829510738229)",1
715,2,20,9,"(0.052550939459601514, 0.0, 0.04225710535970975, 0.0, 0.12647368364204675, 0.05760922304837679, 0.0576626659711753, 0.11395506571919103, 0.0, 0.02195829510738229)",2
716,2,20,9,"(0.052550939459601514, 0.0, 0.04225710535970975, 0.0, 0.12647368364204675, 0.13743956853625588, 0.0576626659711753, 0.11395506571919103, 0.0, 0.02195829510738229)",111
717,2,20,12,"(0.0, 0.1063989220923299, 0.0014524565627178848, 0.04642784640271252, 0.0684879877353045, 0.0, 0.12675493410285443, 0.19294877208059033, 0.0, 0.12929990769956934)",5
718,2,20,12,"(0.0, 0.1063989220923299, 0.0011082436615782291, 0.04642784640271252, 0.061412793842855744, 0.0, 0.12675493410285443, 0.19294877208059033, 0.0, 0.10322515837540021)",1
719,2,20,12,"(0.0, 0.1063989220923299, 0.0014524565627178848, 0.04642784640271252, 0.08672640026861606, 0.0, 0.12675493410285443, 0.19294877208059033, 0.0, 0.10322515837540021)",24
720,2,20,12,"(0.0, 0.1063989220923299, 0.002002772478056368, 0.04642784640271252, 0.08672640026861606, 0.0, 0.12675493410285443, 0.19294877208059033, 0.0, 0.10322515837540021)",4
721,2,20,12,"(0.0, 0.1063989220923299, 0.0014524565627178848, 0.03364731842718429, 0.08672640026861606, 0.0, 0.12675493410285443, 0.19294877208059033, 0.0, 0.10322515837540021)",1
722,2,20,12,"(0.0, 0.1063989220923299, 0.0015111703434619284, 0.06970357552337265, 0.08672640026861606, 0.0, 0.12675493410285443, 0.19294877208059033, 0.0, 0.10322515837540021)",1
723,2,20,12,"(0.0, 0.1063989220923299, 0.0015111703434619284, 0.04642784640271252, 0.08672640026861606, 0.0, 0.12675493410285443, 0.13466456663947265, 0.0, 0.10322515837540021)",4
724,2,20,12,"(0.0, 0.1063989220923299, 0.0015111703434619284, 0.0681596027009536, 0.08672640026861606, 0.0, 0.12675493410285443, 0.19294877208059033, 0.0, 0.10322515837540021)",1
725,2,20,12,"(0.0, 0.1063989220923299, 0.0015111703434619284, 0.04642784640271252, 0.08672640026861606, 0.0, 0.12675493410285443, 0.19294877208059033, 0.0, 0.10322515837540021)",296
726,3,0,8,"(0.09369258606422372, 0.0, 0.09886232529533268, 0.07324530764415235, 0.09173902283359818, 0.0, 0.03745412682113376, 0.0, 0.0, 0.0)",3
727,3,0,8,"(0.09369258606422372, 0.0, 0.09886232529533268, 0.09247639241939104, 0.09173902283359818, 0.0, 0.028624918864351683, 0.0, 0.0, 0.0)",409
728,3,0,8,"(0.09369258606422372, 0.0, 0.08038139616205808, 0.05075612866793766, 0.09173902283359818, 0.0, 0.028624918864351683, 0.0, 0.0, 0.0)",5
729,3,0,8,"(0.09369258606422372, 0.0, 0.09886232529533268, 0.03354455036114148, 0.09173902283359818, 0.0, 0.028624918864351683, 0.0, 0.0, 0.0)",1
730,3,0,11,"(0.09033430006888621, 0.14970886995698662, 0.0, 0.0, 0.0, 0.04688669779969397, 0.0, 0.10304543139087341, 0.0, 0.01812760691895582)",1
731,3,0,11,"(0.09033430006888621, 0.14970886995698662, 0.0, 0.0, 0.0, 0.04688669779969397, 0.0, 0.1389170041415133, 0.0, 0.01812760691895582)",1
732,3,0,11,"(0.09033430006888621, 0.14970886995698662, 0.0, 0.0, 0.0, 0.04688669779969397, 0.0, 0.08279881135943302, 0.0, 0.012717814653465144)",3
733,3,0,11,"(0.09033430006888621, 0.14970886995698662, 0.0, 0.0, 0.0, 0.04688669779969397, 0.0, 0.08279881135943302, 0.0, 0.01812760691895582)",384
734,3,0,11,"(0.06841834668800718, 0.14970886995698662, 0.0, 0.0, 0.0, 0.04688669779969397, 0.0, 0.08279881135943302, 0.0, 0.02448842337134985)",1
735,3,0,11,"(0.11935013173497516, 0.14970886995698662, 0.0, 0.0, 0.0, 0.04688669779969397, 0.0, 0.08279881135943302, 0.0, 0.01812760691895582)",1
736,3,0,11,"(0.09033430006888621, 0.14970886995698662, 0.0, 0.0, 0.0, 0.04688669779969397, 0.0, 0.08279881135943302, 0.0, 0.02296048299638856)",2
737,3,0,13,"(0.0, 0.0, 0.11679612853536596, 0.06920069129515957, 0.09172770611919409, 0.07489992963210028, 0.0, 0.0, 0.14899621190854193, 0.0)",157
738,3,0,13,"(0.0, 0.0, 0.11679612853536596, 0.09076048821071254, 0.09172770611919409, 0.07489992963210028, 0.0, 0.0, 0.14899621190854193, 0.0)",1
739,3,0,13,"(0.0, 0.0, 0.11679612853536596, 0.06920069129515957, 0.09172770611919409, 0.06223792110422859, 0.0, 0.0, 0.19322700152800995, 0.0)",1
740,3,1,8,"(0.09369258606422372, 0.0, 0.09886232529533268, 0.09247639241939104, 0.09173902283359818, 0.0, 0.028624918864351683, 0.0, 0.0, 0.0)",258
741,3,1,8,"(0.09369258606422372, 0.0, 0.14190228663413668, 0.09247639241939104, 0.09173902283359818, 0.0, 0.028624918864351683, 0.0, 0.0, 0.0)",1
742,3,1,8,"(0.09369258606422372, 0.0, 0.09886232529533268, 0.1112795670175348, 0.09173902283359818, 0.0, 0.028624918864351683, 0.0, 0.0, 0.0)",1
743,3,1,8,"(0.09369258606422372, 0.0, 0.09886232529533268, 0.09247639241939104, 0.1509231572557589, 0.0, 0.028624918864351683, 0.0, 0.0, 0.0)",7
744,3,1,11,"(0.09033430006888621, 0.23213437943848467, 0.0, 0.0, 0.0, 0.04688669779969397, 0.0, 0.08279881135943302, 0.0, 0.01812760691895582)",10
745,3,1,11,"(0.09033430006888621, 0.14970886995698662, 0.0, 0.0, 0.0, 0.03637042143030742, 0.0, 0.08279881135943302, 0.0, 0.01812760691895582)",2
746,3,1,11,"(0.09033430006888621, 0.14970886995698662, 0.0, 0.0, 0.0, 0.04688669779969397, 0.0, 0.08279881135943302, 0.0, 0.024911687885042902)",2
747,3,1,11,"(0.08357490128784158, 0.14970886995698662, 0.0, 0.0, 0.0, 0.04688669779969397, 0.0, 0.08279881135943302, 0.0, 0.01812760691895582)",1
748,3,1,11,"(0.06478063434461054, 0.14970886995698662, 0.0, 0.0, 0.0, 0.05511270096103139, 0.0, 0.08279881135943302, 0.0, 0.01812760691895582)",2
749,3,1,11,"(0.09033430006888621, 0.14970886995698662, 0.0, 0.0, 0.0, 0.04688669779969397, 0.0, 0.08279881135943302, 0.0, 0.01812760691895582)",499
750,3,1,11,"(0.09033430006888621, 0.14970886995698662, 0.0, 0.0, 0.0, 0.04688669779969397, 0.0, 0.08279881135943302, 0.0, 0.025228846548714556)",1
751,3,1,11,"(0.09033430006888621, 0.14970886995698662, 0.0, 0.0, 0.0, 0.055855712667541926, 0.0, 0.08279881135943302, 0.0, 0.03181501887692636)",1
752,3,1,11,"(0.11145850239699025, 0.14970886995698662, 0.0, 0.0, 0.0, 0.04366807259048159, 0.0, 0.08279881135943302, 0.0, 0.01812760691895582)",7
753,3,1,11,"(0.09033430006888621, 0.14970886995698662, 0.0, 0.0, 0.0, 0.04688669779969397, 0.0, 0.08279881135943302, 0.0, 0.01947571509601209)",3
754,3,1,11,"(0.09033430006888621, 0.15949202860788553, 0.0, 0.0, 0.0, 0.04688669779969397, 0.0, 0.10885751485320196, 0.0, 0.01812760691895582)",1
755,3,1,11,"(0.09033430006888621, 0.14970886995698662, 0.0, 0.0, 0.0, 0.04688669779969397, 0.0, 0.07376371562760126, 0.0, 0.01812760691895582)",3
756,3,1,13,"(0.0, 0.0, 0.05587159798750495, 0.06920069129515957, 0.09172770611919409, 0.07489992963210028, 0.0, 0.0, 0.14899621190854193, 0.0)",1
757,3,1,13,"(0.0, 0.0, 0.11679612853536596, 0.06920069129515957, 0.09172770611919409, 0.07489992963210028, 0.0, 0.0, 0.14899621190854193, 0.0)",167
758,3,1,13,"(0.0, 0.0, 0.11679612853536596, 0.06920069129515957, 0.09172770611919409, 0.07490416174776197, 0.0, 0.0, 0.186922785781914, 0.0)",1
759,3,1,13,"(0.0, 0.0, 0.11679612853536596, 0.06920069129515957, 0.09172770611919409, 0.11270587018114807, 0.0, 0.0, 0.14899621190854193, 0.0)",1
760,3,1,13,"(0.0, 0.0, 0.11679612853536596, 0.06920069129515957, 0.09172770611919409, 0.07489992963210028, 0.0, 0.0, 0.2310896273848381, 0.0)",1
761,3,1,13,"(0.0, 0.0, 0.11679612853536596, 0.10152681135761799, 0.09172770611919409, 0.07489992963210028, 0.0, 0.0, 0.14899621190854193, 0.0)",2
762,3,2,8,"(0.09369258606422372, 0.0, 0.09886232529533268, 0.09247639241939104, 0.09173902283359818, 0.0, 0.028624918864351683, 0.0, 0.0, 0.0)",350
763,3,2,8,"(0.09369258606422372, 0.0, 0.07324026289890921, 0.04431420218238662, 0.09173902283359818, 0.0, 0.028624918864351683, 0.0, 0.0, 0.0)",1
764,3,2,8,"(0.09369258606422372, 0.0, 0.09886232529533268, 0.09823034779226153, 0.09173902283359818, 0.0, 0.028624918864351683, 0.0, 0.0, 0.0)",1
765,3,2,11,"(0.09349167652382302, 0.14970886995698662, 0.0, 0.0, 0.0, 0.04688669779969397, 0.0, 0.08279881135943302, 0.0, 0.01812760691895582)",1
766,3,2,11,"(0.09033430006888621, 0.33837952724228104, 0.0, 0.0, 0.0, 0.07597120946030834, 0.0, 0.08279881135943302, 0.0, 0.017375514270332078)",1
767,3,2,11,"(0.09033430006888621, 0.09031777809367302, 0.0, 0.0, 0.0, 0.04688669779969397, 0.0, 0.08279881135943302, 0.0, 0.01812760691895582)",3
768,3,2,11,"(0.09033430006888621, 0.14970886995698662, 0.0, 0.0, 0.0, 0.04688669779969397, 0.0, 0.08279881135943302, 0.0, 0.01812760691895582)",502
769,3,2,11,"(0.09033430006888621, 0.14970886995698662, 0.0, 0.0, 0.0, 0.04688669779969397, 0.0, 0.09187740245688081, 0.0, 0.01812760691895582)",10
770,3,2,11,"(0.09033430006888621, 0.14970886995698662, 0.0, 0.0, 0.0, 0.01816361611764982, 0.0, 0.08279881135943302, 0.0, 0.01812760691895582)",1
771,3,2,11,"(0.09033430006888621, 0.14970886995698662, 0.0, 0.0, 0.0, 0.04688669779969397, 0.0, 0.09216659880026803, 0.0, 0.01812760691895582)",2
772,3,2,11,"(0.09033430006888621, 0.14970886995698662, 0.0, 0.0, 0.0, 0.07117261113585178, 0.0, 0.08279881135943302, 0.0, 0.01812760691895582)",2
773,3,2,11,"(0.09033430006888621, 0.14970886995698662, 0.0, 0.0, 0.0, 0.031923016943837784, 0.0, 0.08279881135943302, 0.0, 0.01812760691895582)",3
774,3,2,13,"(0.0, 0.0, 0.11679612853536596, 0.06920069129515957, 0.09172770611919409, 0.07489992963210028, 0.0, 0.0, 0.14899621190854193, 0.0)",180
775,3,2,13,"(0.0, 0.0, 0.11679612853536596, 0.06920069129515957, 0.09172770611919409, 0.09622430852375216, 0.0, 0.0, 0.14899621190854193, 0.0)",1
776,3,3,8,"(0.09369258606422372, 0.0, 0.09886232529533268, 0.09247639241939104, 0.09173902283359818, 0.0, 0.045589684406556356, 0.0, 0.0, 0.0)",1
777,3,3,8,"(0.1457822871629802, 0.0, 0.09886232529533268, 0.07762184499773003, 0.09173902283359818, 0.0, 0.03440048274713834, 0.0, 0.0, 0.0)",1
778,3,3,8,"(0.1457822871629802, 0.0, 0.09886232529533268, 0.09247639241939104, 0.09173902283359818, 0.0, 0.028624918864351683, 0.0, 0.0, 0.0)",13
779,3,3,8,"(0.09369258606422372, 0.0, 0.13524025837032397, 0.09247639241939104, 0.09173902283359818, 0.0, 0.028624918864351683, 0.0, 0.0, 0.0)",2
780,3,3,8,"(0.09369258606422372, 0.0, 0.09886232529533268, 0.09247639241939104, 0.09173902283359818, 0.0, 0.021712685295336667, 0.0, 0.0, 0.0)",2
781,3,3,8,"(0.09369258606422372, 0.0, 0.09886232529533268, 0.09247639241939104, 0.09173902283359818, 0.0, 0.029808312751815107, 0.0, 0.0, 0.0)",25
782,3,3,8,"(0.09369258606422372, 0.0, 0.09886232529533268, 0.09247639241939104, 0.09173902283359818, 0.0, 0.028624918864351683, 0.0, 0.0, 0.0)",317
783,3,3,11,"(0.09033430006888621, 0.14970886995698662, 0.0, 0.0, 0.0, 0.04688669779969397, 0.0, 0.11923980098075689, 0.0, 0.019095540878315723)",1
784,3,3,11,"(0.04747965628063941, 0.14970886995698662, 0.0, 0.0, 0.0, 0.04688669779969397, 0.0, 0.08279881135943302, 0.0, 0.016542200141421336)",4
785,3,3,11,"(0.09033430006888621, 0.19511713647049533, 0.0, 0.0, 0.0, 0.04688669779969397, 0.0, 0.08279881135943302, 0.0, 0.01812760691895582)",1
786,3,3,11,"(0.09033430006888621, 0.14970886995698662, 0.0, 0.0, 0.0, 0.04688669779969397, 0.0, 0.07442956088291339, 0.0, 0.01812760691895582)",1
787,3,3,11,"(0.09033430006888621, 0.2835566013475428, 0.0, 0.0, 0.0, 0.04688669779969397, 0.0, 0.08279881135943302, 0.0, 0.01812760691895582)",1
788,3,3,11,"(0.09033430006888621, 0.14970886995698662, 0.0, 0.0, 0.0, 0.03257846649275755, 0.0, 0.08279881135943302, 0.0, 0.01812760691895582)",1
789,3,3,11,"(0.08137522075137647, 0.14970886995698662, 0.0, 0.0, 0.0, 0.04688669779969397, 0.0, 0.08279881135943302, 0.0, 0.01812760691895582)",2
790,3,3,11,"(0.09033430006888621, 0.14970886995698662, 0.0, 0.0, 0.0, 0.0785960114273163, 0.0, 0.08279881135943302, 0.0, 0.01812760691895582)",1
791,3,3,11,"(0.09033430006888621, 0.0795850559634035, 0.0, 0.0, 0.0, 0.04688669779969397, 0.0, 0.08279881135943302, 0.0, 0.013018058735287531)",12
792,3,3,11,"(0.09033430006888621, 0.14970886995698662, 0.0, 0.0, 0.0, 0.038124512295202126, 0.0, 0.08279881135943302, 0.0, 0.01812760691895582)",1
793,3,3,11,"(0.09033430006888621, 0.14970886995698662, 0.0, 0.0, 0.0, 0.04688669779969397, 0.0, 0.08279881135943302, 0.0, 0.013843301547089045)",13
794,3,3,11,"(0.09033430006888621, 0.14970886995698662, 0.0, 0.0, 0.0, 0.04688669779969397, 0.0, 0.08279881135943302, 0.0, 0.01812760691895582)",391
795,3,3,11,"(0.08315543272257779, 0.14970886995698662, 0.0, 0.0, 0.0, 0.04688669779969397, 0.0, 0.0762413849268717, 0.0, 0.01812760691895582)",4
796,3,3,11,"(0.09033430006888621, 0.14970886995698662, 0.0, 0.0, 0.0, 0.07000767885496946, 0.0, 0.08279881135943302, 0.0, 0.01812760691895582)",1
797,3,3,13,"(0.0, 0.0, 0.11679612853536596, 0.06920069129515957, 0.09172770611919409, 0.07489992963210028, 0.0, 0.0, 0.14899621190854193, 0.0)",162
798,3,3,13,"(0.0, 0.0, 0.11679612853536596, 0.06920069129515957, 0.09172770611919409, 0.07489992963210028, 0.0, 0.0, 0.4052695363720999, 0.0)",1
799,3,4,8,"(0.09369258606422372, 0.0, 0.09886232529533268, 0.09247639241939104, 0.09173902283359818, 0.0, 0.028624918864351683, 0.0, 0.0, 0.0)",324
800,3,4,8,"(0.09369258606422372, 0.0, 0.09886232529533268, 0.07999306095253407, 0.09173902283359818, 0.0, 0.028624918864351683, 0.0, 0.0, 0.0)",1
801,3,4,11,"(0.09033430006888621, 0.19532055681407479, 0.0, 0.0, 0.0, 0.0856749483129363, 0.0, 0.08279881135943302, 0.0, 0.01812760691895582)",1
802,3,4,11,"(0.09033430006888621, 0.1645472258613481, 0.0, 0.0, 0.0, 0.04688669779969397, 0.0, 0.07911482924266654, 0.0, 0.01812760691895582)",1
803,3,4,11,"(0.09033430006888621, 0.14970886995698662, 0.0, 0.0, 0.0, 0.12095869870396224, 0.0, 0.11012883424542219, 0.0, 0.01812760691895582)",1
804,3,4,11,"(0.09033430006888621, 0.14970886995698662, 0.0, 0.0, 0.0, 0.04688669779969397, 0.0, 0.08279881135943302, 0.0, 0.01812760691895582)",450
805,3,4,11,"(0.09033430006888621, 0.14970886995698662, 0.0, 0.0, 0.0, 0.06246895296755582, 0.0, 0.08279881135943302, 0.0, 0.01812760691895582)",1
806,3,4,13,"(0.0, 0.0, 0.11679612853536596, 0.06920069129515957, 0.09172770611919409, 0.11429496664660115, 0.0, 0.0, 0.14899621190854193, 0.0)",1
807,3,4,13,"(0.0, 0.0, 0.17331505521701834, 0.06920069129515957, 0.06146249374349554, 0.07489992963210028, 0.0, 0.0, 0.14899621190854193, 0.0)",1
808,3,4,13,"(0.0, 0.0, 0.11679612853536596, 0.0834444495500664, 0.09172770611919409, 0.07489992963210028, 0.0, 0.0, 0.14899621190854193, 0.0)",1
809,3,4,13,"(0.0, 0.0, 0.11679612853536596, 0.06920069129515957, 0.09172770611919409, 0.07489992963210028, 0.0, 0.0, 0.14899621190854193, 0.0)",166
810,3,5,8,"(0.09369258606422372, 0.0, 0.09886232529533268, 0.09247639241939104, 0.09173902283359818, 0.0, 0.028624918864351683, 0.0, 0.0, 0.0)",311
811,3,5,8,"(0.08361987372735245, 0.0, 0.09886232529533268, 0.09247639241939104, 0.07924296426312878, 0.0, 0.028624918864351683, 0.0, 0.0, 0.0)",2
812,3,5,8,"(0.09369258606422372, 0.0, 0.07066932290844491, 0.09247639241939104, 0.09173902283359818, 0.0, 0.028624918864351683, 0.0, 0.0, 0.0)",1
813,3,5,8,"(0.09369258606422372, 0.0, 0.09886232529533268, 0.09247639241939104, 0.08901866629774535, 0.0, 0.027117840054164996, 0.0, 0.0, 0.0)",5
814,3,5,11,"(0.06894655316609145, 0.14970886995698662, 0.0, 0.0, 0.0, 0.04688669779969397, 0.0, 0.08279881135943302, 0.0, 0.019491879880035153)",1
815,3,5,11,"(0.09033430006888621, 0.2720404147718941, 0.0, 0.0, 0.0, 0.04688669779969397, 0.0, 0.08279881135943302, 0.0, 0.01812760691895582)",1
816,3,5,11,"(0.08671682129941383, 0.14970886995698662, 0.0, 0.0, 0.0, 0.04688669779969397, 0.0, 0.08279881135943302, 0.0, 0.01812760691895582)",1
817,3,5,11,"(0.09033430006888621, 0.1040531282671548, 0.0, 0.0, 0.0, 0.02040460674117362, 0.0, 0.08279881135943302, 0.0, 0.01812760691895582)",2
818,3,5,11,"(0.09033430006888621, 0.14970886995698662, 0.0, 0.0, 0.0, 0.04688669779969397, 0.0, 0.08279881135943302, 0.0, 0.01812760691895582)",439
819,3,5,11,"(0.11513209601541458, 0.14970886995698662, 0.0, 0.0, 0.0, 0.04688669779969397, 0.0, 0.08279881135943302, 0.0, 0.01812760691895582)",1
820,3,5,11,"(0.09033430006888621, 0.14970886995698662, 0.0, 0.0, 0.0, 0.04769851825921382, 0.0, 0.08279881135943302, 0.0, 0.01812760691895582)",1
821,3,5,11,"(0.14497266358065622, 0.14970886995698662, 0.0, 0.0, 0.0, 0.04688669779969397, 0.0, 0.061106574467814784, 0.0, 0.01812760691895582)",5
822,3,5,11,"(0.09033430006888621, 0.17183395149811936, 0.0, 0.0, 0.0, 0.04688669779969397, 0.0, 0.06894029443067962, 0.0, 0.01812760691895582)",1
823,3,5,13,"(0.0, 0.0, 0.11679612853536596, 0.05061993583767309, 0.09172770611919409, 0.09102577735211058, 0.0, 0.0, 0.14899621190854193, 0.0)",1
824,3,5,13,"(0.0, 0.0, 0.11679612853536596, 0.06920069129515957, 0.09172770611919409, 0.07489992963210028, 0.0, 0.0, 0.14899621190854193, 0.0)",165
825,3,5,13,"(0.0, 0.0, 0.11679612853536596, 0.06920069129515957, 0.09426595253389367, 0.07489992963210028, 0.0, 0.0, 0.14899621190854193, 0.0)",15
826,3,6,8,"(0.09369258606422372, 0.0, 0.09886232529533268, 0.06926696007405306, 0.09173902283359818, 0.0, 0.028624918864351683, 0.0, 0.0, 0.0)",3
827,3,6,8,"(0.09369258606422372, 0.0, 0.06948656338127777, 0.09247639241939104, 0.09173902283359818, 0.0, 0.028624918864351683, 0.0, 0.0, 0.0)",1
828,3,6,8,"(0.07066997174243336, 0.0, 0.09886232529533268, 0.09247639241939104, 0.09173902283359818, 0.0, 0.028624918864351683, 0.0, 0.0, 0.0)",3
829,3,6,8,"(0.09369258606422372, 0.0, 0.09886232529533268, 0.09247639241939104, 0.09173902283359818, 0.0, 0.02727743791577627, 0.0, 0.0, 0.0)",4
830,3,6,8,"(0.09369258606422372, 0.0, 0.09886232529533268, 0.04752336259616437, 0.09173902283359818, 0.0, 0.028624918864351683, 0.0, 0.0, 0.0)",3
831,3,6,8,"(0.09369258606422372, 0.0, 0.09583733006874023, 0.09247639241939104, 0.09173902283359818, 0.0, 0.028624918864351683, 0.0, 0.0, 0.0)",7
832,3,6,8,"(0.09369258606422372, 0.0, 0.09886232529533268, 0.08333828578199033, 0.09173902283359818, 0.0, 0.028624918864351683, 0.0, 0.0, 0.0)",19
833,3,6,8,"(0.09369258606422372, 0.0, 0.09886232529533268, 0.09247639241939104, 0.09173902283359818, 0.0, 0.028624918864351683, 0.0, 0.0, 0.0)",341
834,3,6,11,"(0.09033430006888621, 0.14970886995698662, 0.0, 0.0, 0.0, 0.04688669779969397, 0.0, 0.07381478572748248, 0.0, 0.01812760691895582)",2
835,3,6,11,"(0.05570961568365329, 0.14970886995698662, 0.0, 0.0, 0.0, 0.04688669779969397, 0.0, 0.15423369199478992, 0.0, 0.016464700827177464)",1
836,3,6,11,"(0.09033430006888621, 0.14970886995698662, 0.0, 0.0, 0.0, 0.020615762680095406, 0.0, 0.08279881135943302, 0.0, 0.01812760691895582)",1
837,3,6,11,"(0.09033430006888621, 0.14970886995698662, 0.0, 0.0, 0.0, 0.04688669779969397, 0.0, 0.08298192437106451, 0.0, 0.01812760691895582)",1
838,3,6,11,"(0.09033430006888621, 0.19315588482008778, 0.0, 0.0, 0.0, 0.04688669779969397, 0.0, 0.08279881135943302, 0.0, 0.01812760691895582)",2
839,3,6,11,"(0.10528157442029308, 0.14970886995698662, 0.0, 0.0, 0.0, 0.06438797235839139, 0.0, 0.053324437316558865, 0.0, 0.01812760691895582)",1
840,3,6,11,"(0.09033430006888621, 0.14970886995698662, 0.0, 0.0, 0.0, 0.037911775788828594, 0.0, 0.08279881135943302, 0.0, 0.01812760691895582)",4
841,3,6,11,"(0.09033430006888621, 0.14970886995698662, 0.0, 0.0, 0.0, 0.04688669779969397, 0.0, 0.08279881135943302, 0.0, 0.01812760691895582)",429
842,3,6,13,"(0.0, 0.0, 0.11679612853536596, 0.06920069129515957, 0.09172770611919409, 0.07489992963210028, 0.0, 0.0, 0.14899621190854193, 0.0)",159
843,3,6,13,"(0.0, 0.0, 0.11679612853536596, 0.036418454468891866, 0.09172770611919409, 0.07489992963210028, 0.0, 0.0, 0.14899621190854193, 0.0)",3
844,3,6,13,"(0.0, 0.0, 0.11679612853536596, 0.08655056823743694, 0.09172770611919409, 0.07489992963210028, 0.0, 0.0, 0.14899621190854193, 0.0)",1
845,3,7,8,"(0.2756541906041052, 0.0, 0.05117461516917286, 0.09247639241939104, 0.09173902283359818, 0.0, 0.028624918864351683, 0.0, 0.0, 0.0)",7
846,3,7,8,"(0.09369258606422372, 0.0, 0.09886232529533268, 0.08468271015947093, 0.09173902283359818, 0.0, 0.028624918864351683, 0.0, 0.0, 0.0)",13
847,3,7,8,"(0.09369258606422372, 0.0, 0.09886232529533268, 0.08993054780529643, 0.09173902283359818, 0.0, 0.028624918864351683, 0.0, 0.0, 0.0)",8
848,3,7,8,"(0.09369258606422372, 0.0, 0.09886232529533268, 0.09247639241939104, 0.050681681620454146, 0.0, 0.048924208427475725, 0.0, 0.0, 0.0)",1
849,3,7,8,"(0.09369258606422372, 0.0, 0.09886232529533268, 0.16845756910683768, 0.09173902283359818, 0.0, 0.028624918864351683, 0.0, 0.0, 0.0)",1
850,3,7,8,"(0.09369258606422372, 0.0, 0.09886232529533268, 0.09247639241939104, 0.09173902283359818, 0.0, 0.04357037093627773, 0.0, 0.0, 0.0)",74
851,3,7,8,"(0.09369258606422372, 0.0, 0.058510430099405965, 0.07498915290123222, 0.09173902283359818, 0.0, 0.044634897630305335, 0.0, 0.0, 0.0)",9
852,3,7,8,"(0.09369258606422372, 0.0, 0.09886232529533268, 0.09247639241939104, 0.0800377677752172, 0.0, 0.028624918864351683, 0.0, 0.0, 0.0)",1
853,3,7,8,"(0.09369258606422372, 0.0, 0.09886232529533268, 0.09247639241939104, 0.09173902283359818, 0.0, 0.028624918864351683, 0.0, 0.0, 0.0)",252
854,3,7,11,"(0.08528886097153875, 0.14970886995698662, 0.0, 0.0, 0.0, 0.04688669779969397, 0.0, 0.08279881135943302, 0.0, 0.01812760691895582)",1
855,3,7,11,"(0.09033430006888621, 0.14970886995698662, 0.0, 0.0, 0.0, 0.04688669779969397, 0.0, 0.06898002434424376, 0.0, 0.01812760691895582)",1
856,3,7,11,"(0.09033430006888621, 0.14970886995698662, 0.0, 0.0, 0.0, 0.025597191005220805, 0.0, 0.08279881135943302, 0.0, 0.01812760691895582)",1
857,3,7,11,"(0.09033430006888621, 0.14970886995698662, 0.0, 0.0, 0.0, 0.04688669779969397, 0.0, 0.08279881135943302, 0.0, 0.01812760691895582)",444
858,3,7,13,"(0.0, 0.0, 0.11679612853536596, 0.06920069129515957, 0.09172770611919409, 0.07489992963210028, 0.0, 0.0, 0.14899621190854193, 0.0)",165
859,3,8,8,"(0.09369258606422372, 0.0, 0.09886232529533268, 0.09247639241939104, 0.09173902283359818, 0.0, 0.028624918864351683, 0.0, 0.0, 0.0)",340
860,3,8,8,"(0.09369258606422372, 0.0, 0.09886232529533268, 0.09196522519044105, 0.07946031152873598, 0.0, 0.028624918864351683, 0.0, 0.0, 0.0)",6
861,3,8,8,"(0.09369258606422372, 0.0, 0.09886232529533268, 0.09247639241939104, 0.06175597375237993, 0.0, 0.028624918864351683, 0.0, 0.0, 0.0)",1
862,3,8,8,"(0.09369258606422372, 0.0, 0.09886232529533268, 0.09247639241939104, 0.09173902283359818, 0.0, 0.02727743791577627, 0.0, 0.0, 0.0)",2
863,3,8,8,"(0.09369258606422372, 0.0, 0.09747881534007524, 0.09247639241939104, 0.09173902283359818, 0.0, 0.028624918864351683, 0.0, 0.0, 0.0)",1
864,3,8,8,"(0.09369258606422372, 0.0, 0.10390288123151165, 0.09247639241939104, 0.09173902283359818, 0.0, 0.04250334870767795, 0.0, 0.0, 0.0)",2
865,3,8,11,"(0.09033430006888621, 0.14970886995698662, 0.0, 0.0, 0.0, 0.04688669779969397, 0.0, 0.08016851654148106, 0.0, 0.01812760691895582)",2
866,3,8,11,"(0.13131151892717682, 0.14970886995698662, 0.0, 0.0, 0.0, 0.03279421401127746, 0.0, 0.08279881135943302, 0.0, 0.01812760691895582)",5
867,3,8,11,"(0.09033430006888621, 0.14970886995698662, 0.0, 0.0, 0.0, 0.040347269320972386, 0.0, 0.08279881135943302, 0.0, 0.01812760691895582)",2
868,3,8,11,"(0.09033430006888621, 0.14970886995698662, 0.0, 0.0, 0.0, 0.04688669779969397, 0.0, 0.08279881135943302, 0.0, 0.016245350518167594)",2
869,3,8,11,"(0.09033430006888621, 0.14970886995698662, 0.0, 0.0, 0.0, 0.04688669779969397, 0.0, 0.06504192465318069, 0.0, 0.037246160229021635)",1
870,3,8,11,"(0.08698629501050974, 0.14970886995698662, 0.0, 0.0, 0.0, 0.04688669779969397, 0.0, 0.08279881135943302, 0.0, 0.01812760691895582)",1
871,3,8,11,"(0.09033430006888621, 0.14970886995698662, 0.0, 0.0, 0.0, 0.04688669779969397, 0.0, 0.08279881135943302, 0.0, 0.01812760691895582)",380
872,3,8,11,"(0.10970231923792717, 0.14970886995698662, 0.0, 0.0, 0.0, 0.04688669779969397, 0.0, 0.09736474802504565, 0.0, 0.01810959566446855)",1
873,3,8,13,"(0.0, 0.0, 0.11679612853536596, 0.06920069129515957, 0.09172770611919409, 0.07489992963210028, 0.0, 0.0, 0.14899621190854193, 0.0)",161
874,3,8,13,"(0.0, 0.0, 0.11679612853536596, 0.06920069129515957, 0.09172770611919409, 0.16216672066225382, 0.0, 0.0, 0.14899621190854193, 0.0)",3
875,3,8,13,"(0.0, 0.0, 0.11679612853536596, 0.09360181020132066, 0.09172770611919409, 0.07489992963210028, 0.0, 0.0, 0.14899621190854193, 0.0)",2
876,3,8,13,"(0.0, 0.0, 0.11679612853536596, 0.06920069129515957, 0.09172770611919409, 0.070743608591643, 0.0, 0.0, 0.14899621190854193, 0.0)",1
877,3,9,8,"(0.09369258606422372, 0.0, 0.09886232529533268, 0.09247639241939104, 0.09173902283359818, 0.0, 0.028624918864351683, 0.0, 0.0, 0.0)",366
878,3,9,8,"(0.10629048541520911, 0.0, 0.09886232529533268, 0.09247639241939104, 0.09173902283359818, 0.0, 0.028624918864351683, 0.0, 0.0, 0.0)",3
879,3,9,8,"(0.09369258606422372, 0.0, 0.09886232529533268, 0.09108857126568368, 0.09173902283359818, 0.0, 0.028624918864351683, 0.0, 0.0, 0.0)",3
880,3,9,8,"(0.09369258606422372, 0.0, 0.0833841927982431, 0.09247639241939104, 0.09173902283359818, 0.0, 0.028624918864351683, 0.0, 0.0, 0.0)",1
881,3,9,11,"(0.09033430006888621, 0.20888702718052546, 0.0, 0.0, 0.0, 0.04688669779969397, 0.0, 0.08279881135943302, 0.0, 0.01812760691895582)",2
882,3,9,11,"(0.04171329968138954, 0.14970886995698662, 0.0, 0.0, 0.0, 0.04688669779969397, 0.0, 0.08279881135943302, 0.0, 0.008059075045406726)",4
883,3,9,11,"(0.09033430006888621, 0.14970886995698662, 0.0, 0.0, 0.0, 0.04688669779969397, 0.0, 0.06225359790228739, 0.0, 0.01812760691895582)",1
884,3,9,11,"(0.09033430006888621, 0.14970886995698662, 0.0, 0.0, 0.0, 0.04688669779969397, 0.0, 0.08279881135943302, 0.0, 0.01812760691895582)",459
885,3,9,11,"(0.08397658742374914, 0.14970886995698662, 0.0, 0.0, 0.0, 0.04688669779969397, 0.0, 0.08279881135943302, 0.0, 0.01812760691895582)",1
886,3,9,11,"(0.06466907193709562, 0.14970886995698662, 0.0, 0.0, 0.0, 0.04688669779969397, 0.0, 0.08279881135943302, 0.0, 0.01812760691895582)",1
887,3,9,11,"(0.1083061452778969, 0.14970886995698662, 0.0, 0.0, 0.0, 0.04688669779969397, 0.0, 0.08279881135943302, 0.0, 0.01812760691895582)",1
888,3,9,11,"(0.09033430006888621, 0.2985382911541616, 0.0, 0.0, 0.0, 0.04688669779969397, 0.0, 0.08279881135943302, 0.0, 0.01812760691895582)",1
889,3,9,11,"(0.03783888440271435, 0.14970886995698662, 0.0, 0.0, 0.0, 0.04688669779969397, 0.0, 0.08279881135943302, 0.0, 0.01812760691895582)",1
890,3,9,13,"(0.0, 0.0, 0.2756037317649989, 0.06920069129515957, 0.09172770611919409, 0.07489992963210028, 0.0, 0.0, 0.14899621190854193, 0.0)",4
891,3,9,13,"(0.0, 0.0, 0.2756037317649989, 0.06920069129515957, 0.09172770611919409, 0.11296678113926684, 0.0, 0.0, 0.14899621190854193, 0.0)",1
892,3,9,13,"(0.0, 0.0, 0.11679612853536596, 0.06920069129515957, 0.09172770611919409, 0.07489992963210028, 0.0, 0.0, 0.14899621190854193, 0.0)",132
893,3,9,13,"(0.0, 0.0, 0.11679612853536596, 0.06920069129515957, 0.09905629531237499, 0.07489992963210028, 0.0, 0.0, 0.14899621190854193, 0.0)",9
894,3,10,8,"(0.09369258606422372, 0.0, 0.09886232529533268, 0.09247639241939104, 0.09173902283359818, 0.0, 0.028624918864351683, 0.0, 0.0, 0.0)",389
895,3,10,11,"(0.09033430006888621, 0.14970886995698662, 0.0, 0.0, 0.0, 0.054321057523948536, 0.0, 0.08279881135943302, 0.0, 0.01812760691895582)",2
896,3,10,11,"(0.06422762317770088, 0.14970886995698662, 0.0, 0.0, 0.0, 0.04688669779969397, 0.0, 0.08279881135943302, 0.0, 0.01812760691895582)",3
897,3,10,11,"(0.09033430006888621, 0.14970886995698662, 0.0, 0.0, 0.0, 0.04688669779969397, 0.0, 0.08279881135943302, 0.0, 0.01812760691895582)",382
898,3,10,13,"(0.0, 0.0, 0.11679612853536596, 0.0468784034004993, 0.09172770611919409, 0.07489992963210028, 0.0, 0.0, 0.14899621190854193, 0.0)",5
899,3,10,13,"(0.0, 0.0, 0.11679612853536596, 0.06920069129515957, 0.09172770611919409, 0.07489992963210028, 0.0, 0.0, 0.14899621190854193, 0.0)",172
900,3,11,8,"(0.09369258606422372, 0.0, 0.09886232529533268, 0.1276153391065419, 0.20255727223838152, 0.0, 0.028624918864351683, 0.0, 0.0, 0.0)",2
901,3,11,8,"(0.09369258606422372, 0.0, 0.09886232529533268, 0.09247639241939104, 0.06043921165681216, 0.0, 0.028624918864351683, 0.0, 0.0, 0.0)",1
902,3,11,8,"(0.09369258606422372, 0.0, 0.09886232529533268, 0.09247639241939104, 0.09173902283359818, 0.0, 0.02897856819095156, 0.0, 0.0, 0.0)",1
903,3,11,8,"(0.09369258606422372, 0.0, 0.09886232529533268, 0.09247639241939104, 0.09173902283359818, 0.0, 0.028624918864351683, 0.0, 0.0, 0.0)",325
904,3,11,8,"(0.09369258606422372, 0.0, 0.09886232529533268, 0.09247639241939104, 0.08407180407690712, 0.0, 0.028624918864351683, 0.0, 0.0, 0.0)",1
905,3,11,11,"(0.09033430006888621, 0.14970886995698662, 0.0, 0.0, 0.0, 0.07991615292725468, 0.0, 0.08279881135943302, 0.0, 0.026193894260017104)",2
906,3,11,11,"(0.11869917805516383, 0.14970886995698662, 0.0, 0.0, 0.0, 0.04240282877343276, 0.0, 0.08279881135943302, 0.0, 0.01812760691895582)",1
907,3,11,11,"(0.09033430006888621, 0.20260016995962696, 0.0, 0.0, 0.0, 0.04688669779969397, 0.0, 0.08279881135943302, 0.0, 0.01812760691895582)",7
908,3,11,11,"(0.09033430006888621, 0.14970886995698662, 0.0, 0.0, 0.0, 0.04688669779969397, 0.0, 0.08279881135943302, 0.0, 0.01812760691895582)",459
909,3,11,11,"(0.07861677824587958, 0.14970886995698662, 0.0, 0.0, 0.0, 0.04688669779969397, 0.0, 0.08279881135943302, 0.0, 0.01812760691895582)",1
910,3,11,11,"(0.09033430006888621, 0.14970886995698662, 0.0, 0.0, 0.0, 0.04688669779969397, 0.0, 0.08279881135943302, 0.0, 0.0334393193233058)",2
911,3,11,13,"(0.0, 0.0, 0.11679612853536596, 0.06920069129515957, 0.09172770611919409, 0.07489992963210028, 0.0, 0.0, 0.14899621190854193, 0.0)",151
912,3,12,8,"(0.0887830178009486, 0.0, 0.09886232529533268, 0.09247639241939104, 0.09173902283359818, 0.0, 0.028624918864351683, 0.0, 0.0, 0.0)",2
913,3,12,8,"(0.09369258606422372, 0.0, 0.08128374979277804, 0.09247639241939104, 0.09173902283359818, 0.0, 0.018611973855146523, 0.0, 0.0, 0.0)",2
914,3,12,8,"(0.09369258606422372, 0.0, 0.21600294793802444, 0.0745959498917831, 0.09173902283359818, 0.0, 0.028624918864351683, 0.0, 0.0, 0.0)",9
915,3,12,8,"(0.09369258606422372, 0.0, 0.21066906030591695, 0.09247639241939104, 0.09173902283359818, 0.0, 0.03515138959817644, 0.0, 0.0, 0.0)",1
916,3,12,8,"(0.09369258606422372, 0.0, 0.09886232529533268, 0.09247639241939104, 0.09173902283359818, 0.0, 0.028624918864351683, 0.0, 0.0, 0.0)",329
917,3,12,11,"(0.09033430006888621, 0.14970886995698662, 0.0, 0.0, 0.0, 0.04688669779969397, 0.0, 0.08279881135943302, 0.0, 0.021870554265176353)",1
918,3,12,11,"(0.09033430006888621, 0.14970886995698662, 0.0, 0.0, 0.0, 0.04688669779969397, 0.0, 0.11016172140388901, 0.0, 0.01812760691895582)",7
919,3,12,11,"(0.09033430006888621, 0.14970886995698662, 0.0, 0.0, 0.0, 0.04688669779969397, 0.0, 0.08279881135943302, 0.0, 0.01812760691895582)",383
920,3,12,11,"(0.09033430006888621, 0.14970886995698662, 0.0, 0.0, 0.0, 0.04688669779969397, 0.0, 0.08338563291180386, 0.0, 0.027852650426581114)",5
921,3,12,11,"(0.09600794232057205, 0.14970886995698662, 0.0, 0.0, 0.0, 0.04688669779969397, 0.0, 0.07994633151479578, 0.0, 0.01812760691895582)",12
922,3,12,11,"(0.09651262903525483, 0.14970886995698662, 0.0, 0.0, 0.0, 0.04688669779969397, 0.0, 0.08279881135943302, 0.0, 0.01812760691895582)",6
923,3,12,11,"(0.09033430006888621, 0.17940143496097521, 0.0, 0.0, 0.0, 0.04688669779969397, 0.0, 0.08279881135943302, 0.0, 0.01812760691895582)",1
924,3,12,11,"(0.09600794232057205, 0.14970886995698662, 0.0, 0.0, 0.0, 0.04757681859286835, 0.0, 0.07994633151479578, 0.0, 0.01812760691895582)",1
925,3,12,13,"(0.0, 0.0, 0.11679612853536596, 0.06920069129515957, 0.09172770611919409, 0.07489992963210028, 0.0, 0.0, 0.14899621190854193, 0.0)",149
926,3,12,13,"(0.0, 0.0, 0.11679612853536596, 0.1136985559614584, 0.09172770611919409, 0.07489992963210028, 0.0, 0.0, 0.14899621190854193, 0.0)",3
927,3,12,13,"(0.0, 0.0, 0.11679612853536596, 0.06920069129515957, 0.09069475771995769, 0.07489992963210028, 0.0, 0.0, 0.14899621190854193, 0.0)",1
928,3,12,13,"(0.0, 0.0, 0.11679612853536596, 0.06920069129515957, 0.09172770611919409, 0.037466734461534326, 0.0, 0.0, 0.26735444704755046, 0.0)",1
929,3,13,8,"(0.09369258606422372, 0.0, 0.09886232529533268, 0.09247639241939104, 0.09173902283359818, 0.0, 0.013331149291917256, 0.0, 0.0, 0.0)",1
930,3,13,8,"(0.09369258606422372, 0.0, 0.09665696406580956, 0.09247639241939104, 0.09173902283359818, 0.0, 0.028624918864351683, 0.0, 0.0, 0.0)",1
931,3,13,8,"(0.0995788665133911, 0.0, 0.09886232529533268, 0.09247639241939104, 0.09173902283359818, 0.0, 0.028624918864351683, 0.0, 0.0, 0.0)",1
932,3,13,8,"(0.09369258606422372, 0.0, 0.09886232529533268, 0.14576460696335616, 0.12200556336930143, 0.0, 0.062393274644892555, 0.0, 0.0, 0.0)",1
933,3,13,8,"(0.09369258606422372, 0.0, 0.09886232529533268, 0.09247639241939104, 0.14858718952679298, 0.0, 0.028624918864351683, 0.0, 0.0, 0.0)",3
934,3,13,8,"(0.09369258606422372, 0.0, 0.09886232529533268, 0.09247639241939104, 0.09173902283359818, 0.0, 0.028624918864351683, 0.0, 0.0, 0.0)",257
935,3,13,8,"(0.09369258606422372, 0.0, 0.06627514811954455, 0.09247639241939104, 0.09173902283359818, 0.0, 0.029141136600231925, 0.0, 0.0, 0.0)",32
936,3,13,8,"(0.09369258606422372, 0.0, 0.09886232529533268, 0.09247639241939104, 0.0966716053561692, 0.0, 0.028624918864351683, 0.0, 0.0, 0.0)",5
937,3,13,11,"(0.09033430006888621, 0.14970886995698662, 0.0, 0.0, 0.0, 0.04688669779969397, 0.0, 0.08023807162366318, 0.0, 0.01812760691895582)",2
938,3,13,11,"(0.09033430006888621, 0.14970886995698662, 0.0, 0.0, 0.0, 0.04688669779969397, 0.0, 0.1206934242495163, 0.0, 0.01812760691895582)",1
939,3,13,11,"(0.09651262903525483, 0.14970886995698662, 0.0, 0.0, 0.0, 0.04688669779969397, 0.0, 0.08279881135943302, 0.0, 0.01812760691895582)",31
940,3,13,11,"(0.09033430006888621, 0.14970886995698662, 0.0, 0.0, 0.0, 0.04688669779969397, 0.0, 0.0696943367375115, 0.0, 0.01812760691895582)",1
941,3,13,11,"(0.09033430006888621, 0.26596444961318155, 0.0, 0.0, 0.0, 0.04688669779969397, 0.0, 0.08279881135943302, 0.0, 0.01812760691895582)",1
942,3,13,11,"(0.09033430006888621, 0.14970886995698662, 0.0, 0.0, 0.0, 0.04688669779969397, 0.0, 0.06149029747993026, 0.0, 0.01812760691895582)",2
943,3,13,11,"(0.09033430006888621, 0.17945922980619422, 0.0, 0.0, 0.0, 0.04688669779969397, 0.0, 0.08279881135943302, 0.0, 0.01812760691895582)",1
944,3,13,11,"(0.09033430006888621, 0.14970886995698662, 0.0, 0.0, 0.0, 0.04688669779969397, 0.0, 0.08279881135943302, 0.0, 0.012340208923228468)",2
945,3,13,11,"(0.09573224867961469, 0.14970886995698662, 0.0, 0.0, 0.0, 0.04688669779969397, 0.0, 0.1068981860941954, 0.0, 0.01812760691895582)",1
946,3,13,11,"(0.09033430006888621, 0.14970886995698662, 0.0, 0.0, 0.0, 0.04688669779969397, 0.0, 0.08279881135943302, 0.0, 0.01812760691895582)",470
947,3,13,11,"(0.10935628596834707, 0.14970886995698662, 0.0, 0.0, 0.0, 0.07023907191425621, 0.0, 0.08279881135943302, 0.0, 0.01812760691895582)",2
948,3,13,11,"(0.09033430006888621, 0.14970886995698662, 0.0, 0.0, 0.0, 0.04936611350615158, 0.0, 0.08279881135943302, 0.0, 0.01812760691895582)",2
949,3,13,13,"(0.0, 0.0, 0.11679612853536596, 0.10286614091701173, 0.09172770611919409, 0.07489992963210028, 0.0, 0.0, 0.14899621190854193, 0.0)",1
950,3,13,13,"(0.0, 0.0, 0.11679612853536596, 0.03689458278167457, 0.09172770611919409, 0.07489992963210028, 0.0, 0.0, 0.14899621190854193, 0.0)",1
951,3,13,13,"(0.0, 0.0, 0.11679612853536596, 0.06920069129515957, 0.09172770611919409, 0.07489992963210028, 0.0, 0.0, 0.14899621190854193, 0.0)",160
952,3,13,13,"(0.0, 0.0, 0.11679612853536596, 0.04440653245273039, 0.09172770611919409, 0.07489992963210028, 0.0, 0.0, 0.14899621190854193, 0.0)",1
953,3,14,8,"(0.09369258606422372, 0.0, 0.09886232529533268, 0.09247639241939104, 0.07263049435192777, 0.0, 0.01890044177173536, 0.0, 0.0, 0.0)",2
954,3,14,8,"(0.09369258606422372, 0.0, 0.09886232529533268, 0.09247639241939104, 0.09173902283359818, 0.0, 0.019275462625647794, 0.0, 0.0, 0.0)",6
955,3,14,8,"(0.09369258606422372, 0.0, 0.09886232529533268, 0.09247639241939104, 0.09173902283359818, 0.0, 0.028624918864351683, 0.0, 0.0, 0.0)",329
956,3,14,8,"(0.09369258606422372, 0.0, 0.06627514811954455, 0.09247639241939104, 0.09173902283359818, 0.0, 0.029141136600231925, 0.0, 0.0, 0.0)",10
957,3,14,8,"(0.09369258606422372, 0.0, 0.17593850228779606, 0.09247639241939104, 0.09173902283359818, 0.0, 0.017339738295460018, 0.0, 0.0, 0.0)",2
958,3,14,8,"(0.041222177881094064, 0.0, 0.09886232529533268, 0.053067688349240506, 0.09173902283359818, 0.0, 0.028624918864351683, 0.0, 0.0, 0.0)",1
959,3,14,8,"(0.09369258606422372, 0.0, 0.09886232529533268, 0.09247639241939104, 0.09173902283359818, 0.0, 0.03204097819543929, 0.0, 0.0, 0.0)",1
960,3,14,11,"(0.07496799019181481, 0.21227982243343305, 0.0, 0.0, 0.0, 0.03990397470356915, 0.0, 0.08279881135943302, 0.0, 0.01812760691895582)",1
961,3,14,11,"(0.09033430006888621, 0.14970886995698662, 0.0, 0.0, 0.0, 0.04688669779969397, 0.0, 0.20548382523335898, 0.0, 0.01812760691895582)",1
962,3,14,11,"(0.14106244797275944, 0.14970886995698662, 0.0, 0.0, 0.0, 0.04688669779969397, 0.0, 0.08279881135943302, 0.0, 0.01812760691895582)",9
963,3,14,11,"(0.09033430006888621, 0.14970886995698662, 0.0, 0.0, 0.0, 0.04688669779969397, 0.0, 0.08279881135943302, 0.0, 0.01812760691895582)",406
964,3,14,11,"(0.09033430006888621, 0.14970886995698662, 0.0, 0.0, 0.0, 0.04688669779969397, 0.0, 0.08338563291180386, 0.0, 0.027852650426581114)",10
965,3,14,13,"(0.0, 0.0, 0.11679612853536596, 0.06920069129515957, 0.1297228507050791, 0.07489992963210028, 0.0, 0.0, 0.14899621190854193, 0.0)",1
966,3,14,13,"(0.0, 0.0, 0.11679612853536596, 0.06920069129515957, 0.09172770611919409, 0.07489992963210028, 0.0, 0.0, 0.14899621190854193, 0.0)",133
967,3,14,13,"(0.0, 0.0, 0.11679612853536596, 0.06920069129515957, 0.0723391690394897, 0.07489992963210028, 0.0, 0.0, 0.14899621190854193, 0.0)",6
968,3,15,8,"(0.09369258606422372, 0.0, 0.11742124960997882, 0.08868838934381866, 0.09173902283359818, 0.0, 0.028624918864351683, 0.0, 0.0, 0.0)",2
969,3,15,8,"(0.21316377734644035, 0.0, 0.09886232529533268, 0.09247639241939104, 0.09173902283359818, 0.0, 0.028624918864351683, 0.0, 0.0, 0.0)",1
970,3,15,8,"(0.09369258606422372, 0.0, 0.09886232529533268, 0.09247639241939104, 0.09173902283359818, 0.0, 0.028624918864351683, 0.0, 0.0, 0.0)",368
971,3,15,8,"(0.09369258606422372, 0.0, 0.09886232529533268, 0.09247639241939104, 0.09173902283359818, 0.0, 0.017302069883848237, 0.0, 0.0, 0.0)",2
972,3,15,11,"(0.09033430006888621, 0.14970886995698662, 0.0, 0.0, 0.0, 0.04688669779969397, 0.0, 0.07970803099759287, 0.0, 0.01812760691895582)",6
973,3,15,11,"(0.09033430006888621, 0.14970886995698662, 0.0, 0.0, 0.0, 0.07675674014929995, 0.0, 0.08279881135943302, 0.0, 0.01812760691895582)",1
974,3,15,11,"(0.09033430006888621, 0.14970886995698662, 0.0, 0.0, 0.0, 0.04688669779969397, 0.0, 0.08279881135943302, 0.0, 0.03261589567291138)",4
975,3,15,11,"(0.09033430006888621, 0.14970886995698662, 0.0, 0.0, 0.0, 0.04688669779969397, 0.0, 0.08279881135943302, 0.0, 0.01812760691895582)",446
976,3,15,13,"(0.0, 0.0, 0.11679612853536596, 0.06920069129515957, 0.09172770611919409, 0.07489992963210028, 0.0, 0.0, 0.14899621190854193, 0.0)",160
977,3,16,8,"(0.1008920820826145, 0.0, 0.09886232529533268, 0.09247639241939104, 0.09173902283359818, 0.0, 0.028624918864351683, 0.0, 0.0, 0.0)",1
978,3,16,8,"(0.09369258606422372, 0.0, 0.09886232529533268, 0.09247639241939104, 0.1156227329622948, 0.0, 0.028624918864351683, 0.0, 0.0, 0.0)",1
979,3,16,8,"(0.11020533050587096, 0.0, 0.09886232529533268, 0.09247639241939104, 0.09173902283359818, 0.0, 0.028590737318863472, 0.0, 0.0, 0.0)",1
980,3,16,8,"(0.09369258606422372, 0.0, 0.09886232529533268, 0.09247639241939104, 0.09173902283359818, 0.0, 0.02158884013186747, 0.0, 0.0, 0.0)",1
981,3,16,8,"(0.09369258606422372, 0.0, 0.09886232529533268, 0.09247639241939104, 0.09173902283359818, 0.0, 0.028624918864351683, 0.0, 0.0, 0.0)",333
982,3,16,8,"(0.16124189780911835, 0.0, 0.09886232529533268, 0.09247639241939104, 0.09173902283359818, 0.0, 0.028624918864351683, 0.0, 0.0, 0.0)",41
983,3,16,11,"(0.05019762040874226, 0.14970886995698662, 0.0, 0.0, 0.0, 0.04688669779969397, 0.0, 0.08279881135943302, 0.0, 0.01812760691895582)",1
984,3,16,11,"(0.09033430006888621, 0.12315445344676815, 0.0, 0.0, 0.0, 0.04688669779969397, 0.0, 0.08279881135943302, 0.0, 0.01812760691895582)",1
985,3,16,11,"(0.09033430006888621, 0.14970886995698662, 0.0, 0.0, 0.0, 0.04688669779969397, 0.0, 0.08279881135943302, 0.0, 0.01812760691895582)",395
986,3,16,11,"(0.09033430006888621, 0.14970886995698662, 0.0, 0.0, 0.0, 0.04688669779969397, 0.0, 0.08425989590629498, 0.0, 0.016375068446002054)",3
987,3,16,11,"(0.10715359384602369, 0.14970886995698662, 0.0, 0.0, 0.0, 0.04688669779969397, 0.0, 0.08279881135943302, 0.0, 0.01812760691895582)",3
988,3,16,11,"(0.08928001464518114, 0.14970886995698662, 0.0, 0.0, 0.0, 0.04688669779969397, 0.0, 0.05673318791299511, 0.0, 0.025296769013243993)",1
989,3,16,11,"(0.09033430006888621, 0.14970886995698662, 0.0, 0.0, 0.0, 0.02452510740576566, 0.0, 0.08279881135943302, 0.0, 0.01812760691895582)",1
990,3,16,13,"(0.0, 0.0, 0.11679612853536596, 0.06920069129515957, 0.09172770611919409, 0.07489992963210028, 0.0, 0.0, 0.14899621190854193, 0.0)",157
991,3,16,13,"(0.0, 0.0, 0.11679612853536596, 0.06920069129515957, 0.09172770611919409, 0.09270743516243357, 0.0, 0.0, 0.14899621190854193, 0.0)",1
992,3,16,13,"(0.0, 0.0, 0.1720094876408717, 0.06920069129515957, 0.09172770611919409, 0.07489992963210028, 0.0, 0.0, 0.14899621190854193, 0.0)",2
993,3,16,13,"(0.0, 0.0, 0.11679612853536596, 0.07047736642981368, 0.09172770611919409, 0.07489992963210028, 0.0, 0.0, 0.14899621190854193, 0.0)",1
994,3,16,13,"(0.0, 0.0, 0.13867630555285607, 0.06920069129515957, 0.09172770611919409, 0.07489992963210028, 0.0, 0.0, 0.14899621190854193, 0.0)",4
995,3,17,8,"(0.061199377239272476, 0.0, 0.09886232529533268, 0.07451364293817513, 0.09173902283359818, 0.0, 0.03224793609433344, 0.0, 0.0, 0.0)",2
996,3,17,8,"(0.09369258606422372, 0.0, 0.08879083172023826, 0.09247639241939104, 0.09173902283359818, 0.0, 0.028624918864351683, 0.0, 0.0, 0.0)",2
997,3,17,8,"(0.09369258606422372, 0.0, 0.07016265810010935, 0.09247639241939104, 0.09173902283359818, 0.0, 0.028624918864351683, 0.0, 0.0, 0.0)",1
998,3,17,8,"(0.10387569636862982, 0.0, 0.09886232529533268, 0.09247639241939104, 0.09173902283359818, 0.0, 0.028624918864351683, 0.0, 0.0, 0.0)",3
999,3,17,8,"(0.1511393873724351, 0.0, 0.09886232529533268, 0.09247639241939104, 0.09173902283359818, 0.0, 0.028624918864351683, 0.0, 0.0, 0.0)",1
1000,3,17,8,"(0.09369258606422372, 0.0, 0.09886232529533268, 0.09247639241939104, 0.09173902283359818, 0.0, 0.028624918864351683, 0.0, 0.0, 0.0)",339
1001,3,17,11,"(0.09033430006888621, 0.14970886995698662, 0.0, 0.0, 0.0, 0.04688669779969397, 0.0, 0.12741436297309536, 0.0, 0.015427848716010172)",4
1002,3,17,11,"(0.09033430006888621, 0.14970886995698662, 0.0, 0.0, 0.0, 0.04688669779969397, 0.0, 0.08895115056708651, 0.0, 0.01812760691895582)",1
1003,3,17,11,"(0.09033430006888621, 0.14970886995698662, 0.0, 0.0, 0.0, 0.03498980642107709, 0.0, 0.08279881135943302, 0.0, 0.02579804286266569)",5
1004,3,17,11,"(0.09033430006888621, 0.14970886995698662, 0.0, 0.0, 0.0, 0.04688669779969397, 0.0, 0.08279881135943302, 0.0, 0.01812760691895582)",358
1005,3,17,11,"(0.12018772712526422, 0.14970886995698662, 0.0, 0.0, 0.0, 0.04688669779969397, 0.0, 0.08279881135943302, 0.0, 0.01812760691895582)",5
1006,3,17,11,"(0.09033430006888621, 0.14970886995698662, 0.0, 0.0, 0.0, 0.04688669779969397, 0.0, 0.08279881135943302, 0.0, 0.017831924279197744)",6
1007,3,17,11,"(0.09033430006888621, 0.14970886995698662, 0.0, 0.0, 0.0, 0.04688669779969397, 0.0, 0.04851512343474489, 0.0, 0.01812760691895582)",1
1008,3,17,11,"(0.09033430006888621, 0.14970886995698662, 0.0, 0.0, 0.0, 0.054317007062283464, 0.0, 0.08279881135943302, 0.0, 0.01812760691895582)",2
1009,3,17,11,"(0.05477359962403032, 0.35338745479965705, 0.0, 0.0, 0.0, 0.04688669779969397, 0.0, 0.08279881135943302, 0.0, 0.01812760691895582)",1
1010,3,17,11,"(0.09033430006888621, 0.18370530079402003, 0.0, 0.0, 0.0, 0.04688669779969397, 0.0, 0.08279881135943302, 0.0, 0.01812760691895582)",1
1011,3,17,11,"(0.09033430006888621, 0.1547601037033707, 0.0, 0.0, 0.0, 0.04688669779969397, 0.0, 0.08279881135943302, 0.0, 0.01812760691895582)",1
1012,3,17,11,"(0.11585417279677156, 0.08969993034574833, 0.0, 0.0, 0.0, 0.04688669779969397, 0.0, 0.08279881135943302, 0.0, 0.01812760691895582)",2
1013,3,17,11,"(0.09033430006888621, 0.14970886995698662, 0.0, 0.0, 0.0, 0.04688669779969397, 0.0, 0.08279881135943302, 0.0, 0.014576294689647823)",1
1014,3,17,13,"(0.0, 0.0, 0.11679612853536596, 0.08712863115354871, 0.09172770611919409, 0.07489992963210028, 0.0, 0.0, 0.18971234814658436, 0.0)",1
1015,3,17,13,"(0.0, 0.0, 0.0751076437745069, 0.06920069129515957, 0.09172770611919409, 0.07489992963210028, 0.0, 0.0, 0.14899621190854193, 0.0)",4
1016,3,17,13,"(0.0, 0.0, 0.11679612853536596, 0.06920069129515957, 0.09172770611919409, 0.07489992963210028, 0.0, 0.0, 0.14899621190854193, 0.0)",183
1017,3,17,13,"(0.0, 0.0, 0.11679612853536596, 0.055577209136072794, 0.09172770611919409, 0.07489992963210028, 0.0, 0.0, 0.14899621190854193, 0.0)",1
1018,3,18,8,"(0.05838347352769845, 0.0, 0.09886232529533268, 0.09247639241939104, 0.09173902283359818, 0.0, 0.052654940857473014, 0.0, 0.0, 0.0)",1
1019,3,18,8,"(0.09369258606422372, 0.0, 0.09886232529533268, 0.09247639241939104, 0.1834042442723613, 0.0, 0.028624918864351683, 0.0, 0.0, 0.0)",1
1020,3,18,8,"(0.09369258606422372, 0.0, 0.13236972523762397, 0.09247639241939104, 0.09173902283359818, 0.0, 0.028624918864351683, 0.0, 0.0, 0.0)",1
1021,3,18,8,"(0.09369258606422372, 0.0, 0.09886232529533268, 0.09247639241939104, 0.09173902283359818, 0.0, 0.028624918864351683, 0.0, 0.0, 0.0)",346
1022,3,18,8,"(0.12645756019327997, 0.0, 0.09886232529533268, 0.09247639241939104, 0.09173902283359818, 0.0, 0.028624918864351683, 0.0, 0.0, 0.0)",1
1023,3,18,8,"(0.09369258606422372, 0.0, 0.10261528353513792, 0.09247639241939104, 0.04040247962335459, 0.0, 0.028624918864351683, 0.0, 0.0, 0.0)",2
1024,3,18,11,"(0.042109421056518964, 0.18370530079402003, 0.0, 0.0, 0.0, 0.04688669779969397, 0.0, 0.11651255372005505, 0.0, 0.01812760691895582)",1
1025,3,18,11,"(0.09033430006888621, 0.18370530079402003, 0.0, 0.0, 0.0, 0.04688669779969397, 0.0, 0.07819298617344318, 0.0, 0.01812760691895582)",2
1026,3,18,11,"(0.10024111364738746, 0.2171819611865161, 0.0, 0.0, 0.0, 0.04688669779969397, 0.0, 0.08279881135943302, 0.0, 0.01812760691895582)",3
1027,3,18,11,"(0.09033430006888621, 0.14970886995698662, 0.0, 0.0, 0.0, 0.04688669779969397, 0.0, 0.08279881135943302, 0.0, 0.03191126683756211)",1
1028,3,18,11,"(0.09033430006888621, 0.061802706383040855, 0.0, 0.0, 0.0, 0.04688669779969397, 0.0, 0.08279881135943302, 0.0, 0.01812760691895582)",1
1029,3,18,11,"(0.09788489299989328, 0.14970886995698662, 0.0, 0.0, 0.0, 0.04688669779969397, 0.0, 0.08279881135943302, 0.0, 0.01812760691895582)",2
1030,3,18,11,"(0.0744579237764761, 0.14970886995698662, 0.0, 0.0, 0.0, 0.04688669779969397, 0.0, 0.08279881135943302, 0.0, 0.01812760691895582)",1
1031,3,18,11,"(0.09033430006888621, 0.14970886995698662, 0.0, 0.0, 0.0, 0.04688669779969397, 0.0, 0.08279881135943302, 0.0, 0.01812760691895582)",313
1032,3,18,11,"(0.09033430006888621, 0.18370530079402003, 0.0, 0.0, 0.0, 0.04688669779969397, 0.0, 0.08279881135943302, 0.0, 0.01812760691895582)",66
1033,3,18,11,"(0.09033430006888621, 0.18370530079402003, 0.0, 0.0, 0.0, 0.04688669779969397, 0.0, 0.09351257307836876, 0.0, 0.01812760691895582)",2
1034,3,18,13,"(0.0, 0.0, 0.11679612853536596, 0.06920069129515957, 0.09172770611919409, 0.07489992963210028, 0.0, 0.0, 0.14899621190854193, 0.0)",183
1035,3,18,13,"(0.0, 0.0, 0.172071803079008, 0.08963450161396948, 0.09172770611919409, 0.2297223634488604, 0.0, 0.0, 0.14899621190854193, 0.0)",1
1036,3,18,13,"(0.0, 0.0, 0.1197132366415396, 0.06920069129515957, 0.09172770611919409, 0.07489992963210028, 0.0, 0.0, 0.14899621190854193, 0.0)",1
1037,3,19,8,"(0.09369258606422372, 0.0, 0.09886232529533268, 0.09247639241939104, 0.1097850999593431, 0.0, 0.028624918864351683, 0.0, 0.0, 0.0)",3
1038,3,19,8,"(0.09369258606422372, 0.0, 0.08280901192765361, 0.09247639241939104, 0.09173902283359818, 0.0, 0.028624918864351683, 0.0, 0.0, 0.0)",1
1039,3,19,8,"(0.09369258606422372, 0.0, 0.09886232529533268, 0.09247639241939104, 0.09173902283359818, 0.0, 0.05056248057635147, 0.0, 0.0, 0.0)",1
1040,3,19,8,"(0.09369258606422372, 0.0, 0.09886232529533268, 0.1486911375133534, 0.09173902283359818, 0.0, 0.028624918864351683, 0.0, 0.0, 0.0)",1
1041,3,19,8,"(0.09369258606422372, 0.0, 0.09886232529533268, 0.08873763537573227, 0.09173902283359818, 0.0, 0.028624918864351683, 0.0, 0.0, 0.0)",11
1042,3,19,8,"(0.09369258606422372, 0.0, 0.09886232529533268, 0.09247639241939104, 0.09173902283359818, 0.0, 0.028624918864351683, 0.0, 0.0, 0.0)",339
1043,3,19,8,"(0.09369258606422372, 0.0, 0.09402343945986685, 0.09247639241939104, 0.057402483551692175, 0.0, 0.028624918864351683, 0.0, 0.0, 0.0)",1
1044,3,19,11,"(0.09033430006888621, 0.18370530079402003, 0.0, 0.0, 0.0, 0.04688669779969397, 0.0, 0.08279881135943302, 0.0, 0.02734972054608033)",1
1045,3,19,11,"(0.10109229066974083, 0.18370530079402003, 0.0, 0.0, 0.0, 0.04688669779969397, 0.0, 0.08279881135943302, 0.0, 0.01812760691895582)",2
1046,3,19,11,"(0.09033430006888621, 0.18370530079402003, 0.0, 0.0, 0.0, 0.04688669779969397, 0.0, 0.08279881135943302, 0.0, 0.01812760691895582)",46
1047,3,19,11,"(0.13375024817270909, 0.14970886995698662, 0.0, 0.0, 0.0, 0.04688669779969397, 0.0, 0.08279881135943302, 0.0, 0.01812760691895582)",2
1048,3,19,11,"(0.09033430006888621, 0.14970886995698662, 0.0, 0.0, 0.0, 0.036122172327913114, 0.0, 0.15295339552631096, 0.0, 0.01812760691895582)",1
1049,3,19,11,"(0.09033430006888621, 0.1022653054475037, 0.0, 0.0, 0.0, 0.04688669779969397, 0.0, 0.08279881135943302, 0.0, 0.01468698828841423)",1
1050,3,19,11,"(0.09033430006888621, 0.1876204358703509, 0.0, 0.0, 0.0, 0.04688669779969397, 0.0, 0.08279881135943302, 0.0, 0.01812760691895582)",1
1051,3,19,11,"(0.09033430006888621, 0.14970886995698662, 0.0, 0.0, 0.0, 0.04688669779969397, 0.0, 0.08279881135943302, 0.0, 0.014204956970321345)",1
1052,3,19,11,"(0.09033430006888621, 0.18370530079402003, 0.0, 0.0, 0.0, 0.10384612348670126, 0.0, 0.08279881135943302, 0.0, 0.022193374366178773)",1
1053,3,19,11,"(0.09033430006888621, 0.14970886995698662, 0.0, 0.0, 0.0, 0.04688669779969397, 0.0, 0.08279881135943302, 0.0, 0.01812760691895582)",291
1054,3,19,11,"(0.09033430006888621, 0.18370530079402003, 0.0, 0.0, 0.0, 0.03132571372070108, 0.0, 0.08279881135943302, 0.0, 0.01812760691895582)",1
1055,3,19,11,"(0.09033430006888621, 0.14970886995698662, 0.0, 0.0, 0.0, 0.04688669779969397, 0.0, 0.055406944150185725, 0.0, 0.015400664625103118)",1
1056,3,19,11,"(0.09033430006888621, 0.14970886995698662, 0.0, 0.0, 0.0, 0.04688669779969397, 0.0, 0.06885704765655132, 0.0, 0.016609627034634606)",1
1057,3,19,11,"(0.09033430006888621, 0.18370530079402003, 0.0, 0.0, 0.0, 0.04688669779969397, 0.0, 0.04555007297520451, 0.0, 0.01812760691895582)",14
1058,3,19,11,"(0.09033430006888621, 0.14970886995698662, 0.0, 0.0, 0.0, 0.08736885975236731, 0.0, 0.08279881135943302, 0.0, 0.01812760691895582)",1
1059,3,19,13,"(0.0, 0.0, 0.11679612853536596, 0.06920069129515957, 0.09172770611919409, 0.07489992963210028, 0.0, 0.0, 0.12601224672278327, 0.0)",2
1060,3,19,13,"(0.0, 0.0, 0.11679612853536596, 0.06920069129515957, 0.09172770611919409, 0.07489992963210028, 0.0, 0.0, 0.20162966415643266, 0.0)",1
1061,3,19,13,"(0.0, 0.0, 0.11679612853536596, 0.06920069129515957, 0.09172770611919409, 0.07489992963210028, 0.0, 0.0, 0.14899621190854193, 0.0)",150
1062,3,20,8,"(0.09369258606422372, 0.0, 0.0841684268138058, 0.11156115074906324, 0.11023318168258696, 0.0, 0.028624918864351683, 0.0, 0.0, 0.0)",1
1063,3,20,8,"(0.06385428839705068, 0.0, 0.09886232529533268, 0.09247639241939104, 0.09173902283359818, 0.0, 0.020721039967140323, 0.0, 0.0, 0.0)",1
1064,3,20,8,"(0.09159838766418585, 0.0, 0.09886232529533268, 0.09247639241939104, 0.09173902283359818, 0.0, 0.028624918864351683, 0.0, 0.0, 0.0)",8
1065,3,20,8,"(0.09369258606422372, 0.0, 0.09886232529533268, 0.09247639241939104, 0.09173902283359818, 0.0, 0.028624918864351683, 0.0, 0.0, 0.0)",325
1066,3,20,8,"(0.09369258606422372, 0.0, 0.09886232529533268, 0.12878635674837147, 0.09173902283359818, 0.0, 0.028624918864351683, 0.0, 0.0, 0.0)",6
1067,3,20,11,"(0.09033430006888621, 0.14970886995698662, 0.0, 0.0, 0.0, 0.04688669779969397, 0.0, 0.08279881135943302, 0.0, 0.01812760691895582)",307
1068,3,20,11,"(0.09033430006888621, 0.14010885732754152, 0.0, 0.0, 0.0, 0.04688669779969397, 0.0, 0.08279881135943302, 0.0, 0.01812760691895582)",1
1069,3,20,11,"(0.09033430006888621, 0.18370530079402003, 0.0, 0.0, 0.0, 0.04688669779969397, 0.0, 0.04948012984707183, 0.0, 0.01812760691895582)",4
1070,3,20,11,"(0.09033430006888621, 0.18370530079402003, 0.0, 0.0, 0.0, 0.04688669779969397, 0.0, 0.08279881135943302, 0.0, 0.01812760691895582)",116
1071,3,20,11,"(0.09033430006888621, 0.18370530079402003, 0.0, 0.0, 0.0, 0.03697430906376825, 0.0, 0.08279881135943302, 0.0, 0.01812760691895582)",1
1072,3,20,11,"(0.049795856354046236, 0.14970886995698662, 0.0, 0.0, 0.0, 0.027288378623013792, 0.0, 0.08979325784799706, 0.0, 0.011455577438226575)",1
1073,3,20,11,"(0.09033430006888621, 0.14970886995698662, 0.0, 0.0, 0.0, 0.04688669779969397, 0.0, 0.09454840995503996, 0.0, 0.01812760691895582)",11
1074,3,20,11,"(0.09033430006888621, 0.20183156520287784, 0.0, 0.0, 0.0, 0.04688669779969397, 0.0, 0.08279881135943302, 0.0, 0.01812760691895582)",3
1075,3,20,13,"(0.0, 0.0, 0.11679612853536596, 0.06920069129515957, 0.10484428534732222, 0.06814886156276714, 0.0, 0.0, 0.14899621190854193, 0.0)",1
1076,3,20,13,"(0.0, 0.0, 0.09020127516550745, 0.06920069129515957, 0.09172770611919409, 0.07489992963210028, 0.0, 0.0, 0.14899621190854193, 0.0)",7
1077,3,20,13,"(0.0, 0.0, 0.09942598230405142, 0.06971016712646437, 0.09172770611919409, 0.09317418484951596, 0.0, 0.0, 0.19980264870281556, 0.0)",1
1078,3,20,13,"(0.0, 0.0, 0.11679612853536596, 0.06920069129515957, 0.09172770611919409, 0.07489992963210028, 0.0, 0.0, 0.14899621190854193, 0.0)",158
1079,3,20,13,"(0.0, 0.0, 0.15819282682821034, 0.06920069129515957, 0.09172770611919409, 0.07489992963210028, 0.0, 0.0, 0.14899621190854193, 0.0)",1
1080,3,20,13,"(0.0, 0.0, 0.11679612853536596, 0.06920069129515957, 0.09172770611919409, 0.10489332425493683, 0.0, 0.0, 0.14899621190854193, 0.0)",1
1081,3,20,13,"(0.0, 0.0, 0.11679612853536596, 0.06920069129515957, 0.09172770611919409, 0.07949767085051153, 0.0, 0.0, 0.14899621190854193, 0.0)",1
1082,4,0,8,"(0.09369258606422372, 0.0, 0.09886232529533268, 0.09505717681649593, 0.09173902283359818, 0.0, 0.028624918864351683, 0.0, 0.0, 0.0)",1
1083,4,0,8,"(0.09369258606422372, 0.0, 0.09886232529533268, 0.09247639241939104, 0.09173902283359818, 0.0, 0.045292143772013724, 0.0, 0.0, 0.0)",1
1084,4,0,8,"(0.09369258606422372, 0.0, 0.22837895931855393, 0.09247639241939104, 0.09173902283359818, 0.0, 0.028624918864351683, 0.0, 0.0, 0.0)",3
1085,4,0,8,"(0.09369258606422372, 0.0, 0.09886232529533268, 0.09247639241939104, 0.09173902283359818, 0.0, 0.04332828660472791, 0.0, 0.0, 0.0)",1
1086,4,0,8,"(0.09369258606422372, 0.0, 0.09886232529533268, 0.09247639241939104, 0.09173902283359818, 0.0, 0.03213680883003743, 0.0, 0.0, 0.0)",1
1087,4,0,8,"(0.09369258606422372, 0.0, 0.09886232529533268, 0.09247639241939104, 0.09173902283359818, 0.0, 0.028624918864351683, 0.0, 0.0, 0.0)",384
1088,4,0,8,"(0.09369258606422372, 0.0, 0.08201664683374611, 0.09247639241939104, 0.09173902283359818, 0.0, 0.028624918864351683, 0.0, 0.0, 0.0)",1
1089,4,0,11,"(0.09033430006888621, 0.14444841471715442, 0.0, 0.0, 0.0, 0.04688669779969397, 0.0, 0.08279881135943302, 0.0, 0.01812760691895582)",1
1090,4,0,11,"(0.09033430006888621, 0.14970886995698662, 0.0, 0.0, 0.0, 0.04688669779969397, 0.0, 0.08279881135943302, 0.0, 0.01812760691895582)",222
1091,4,0,11,"(0.09033430006888621, 0.18370530079402003, 0.0, 0.0, 0.0, 0.04688669779969397, 0.0, 0.06537233062116501, 0.0, 0.01834195995183582)",2
1092,4,0,11,"(0.09033430006888621, 0.14970886995698662, 0.0, 0.0, 0.0, 0.04688669779969397, 0.0, 0.09047186464642118, 0.0, 0.01812760691895582)",1
1093,4,0,11,"(0.09033430006888621, 0.14970886995698662, 0.0, 0.0, 0.0, 0.10501832584087473, 0.0, 0.05051818550520539, 0.0, 0.01812760691895582)",1
1094,4,0,11,"(0.09033430006888621, 0.18370530079402003, 0.0, 0.0, 0.0, 0.04688669779969397, 0.0, 0.08279881135943302, 0.0, 0.01812760691895582)",209
1095,4,0,13,"(0.0, 0.0, 0.11679612853536596, 0.06920069129515957, 0.09172770611919409, 0.07489992963210028, 0.0, 0.0, 0.14899621190854193, 0.0)",166
1096,4,0,13,"(0.0, 0.0, 0.11679612853536596, 0.06920069129515957, 0.08214569653206862, 0.07489992963210028, 0.0, 0.0, 0.14899621190854193, 0.0)",1
1097,4,1,8,"(0.09159838766418585, 0.0, 0.09886232529533268, 0.09247639241939104, 0.09173902283359818, 0.0, 0.028624918864351683, 0.0, 0.0, 0.0)",10
1098,4,1,8,"(0.11128508546296399, 0.0, 0.09886232529533268, 0.11959696728758108, 0.09173902283359818, 0.0, 0.028624918864351683, 0.0, 0.0, 0.0)",1
1099,4,1,8,"(0.09369258606422372, 0.0, 0.09886232529533268, 0.07463249414848624, 0.09173902283359818, 0.0, 0.028624918864351683, 0.0, 0.0, 0.0)",1
1100,4,1,8,"(0.09369258606422372, 0.0, 0.21178380042310513, 0.09365405095990956, 0.09173902283359818, 0.0, 0.028624918864351683, 0.0, 0.0, 0.0)",1
1101,4,1,8,"(0.09369258606422372, 0.0, 0.09886232529533268, 0.09247639241939104, 0.09173902283359818, 0.0, 0.028624918864351683, 0.0, 0.0, 0.0)",328
1102,4,1,8,"(0.057613803043593696, 0.0, 0.09886232529533268, 0.09247639241939104, 0.09173902283359818, 0.0, 0.028624918864351683, 0.0, 0.0, 0.0)",2
1103,4,1,11,"(0.09033430006888621, 0.14970886995698662, 0.0, 0.0, 0.0, 0.04688669779969397, 0.0, 0.043089577681829146, 0.0, 0.01812760691895582)",2
1104,4,1,11,"(0.09033430006888621, 0.14970886995698662, 0.0, 0.0, 0.0, 0.04688669779969397, 0.0, 0.09454840995503996, 0.0, 0.01812760691895582)",5
1105,4,1,11,"(0.09033430006888621, 0.18370530079402003, 0.0, 0.0, 0.0, 0.04688669779969397, 0.0, 0.08279881135943302, 0.0, 0.01812760691895582)",64
1106,4,1,11,"(0.09033430006888621, 0.14970886995698662, 0.0, 0.0, 0.0, 0.04688669779969397, 0.0, 0.08279881135943302, 0.0, 0.01812760691895582)",361
1107,4,1,11,"(0.09033430006888621, 0.14970886995698662, 0.0, 0.0, 0.0, 0.03955463078111118, 0.0, 0.08279881135943302, 0.0, 0.01812760691895582)",1
1108,4,1,13,"(0.0, 0.0, 0.11679612853536596, 0.11926780096616114, 0.09172770611919409, 0.07489992963210028, 0.0, 0.0, 0.14899621190854193, 0.0)",2
1109,4,1,13,"(0.0, 0.0, 0.11679612853536596, 0.06920069129515957, 0.09172770611919409, 0.07489992963210028, 0.0, 0.0, 0.14899621190854193, 0.0)",96
1110,4,1,13,"(0.0, 0.0, 0.11679612853536596, 0.06920069129515957, 0.09172770611919409, 0.07949767085051153, 0.0, 0.0, 0.14899621190854193, 0.0)",84
1111,4,2,8,"(0.09369258606422372, 0.0, 0.1505334023924433, 0.09247639241939104, 0.09173902283359818, 0.0, 0.028624918864351683, 0.0, 0.0, 0.0)",3
1112,4,2,8,"(0.09369258606422372, 0.0, 0.09886232529533268, 0.09247639241939104, 0.09173902283359818, 0.0, 0.028624918864351683, 0.0, 0.0, 0.0)",345
1113,4,2,8,"(0.09369258606422372, 0.0, 0.09886232529533268, 0.09247639241939104, 0.08212531047733837, 0.0, 0.028624918864351683, 0.0, 0.0, 0.0)",1
1114,4,2,8,"(0.10631607131767695, 0.0, 0.09886232529533268, 0.09247639241939104, 0.09173902283359818, 0.0, 0.028624918864351683, 0.0, 0.0, 0.0)",1
1115,4,2,8,"(0.07289736000845728, 0.0, 0.04672542723400353, 0.1097819714790073, 0.09173902283359818, 0.0, 0.028624918864351683, 0.0, 0.0, 0.0)",1
1116,4,2,11,"(0.09033430006888621, 0.14970886995698662, 0.0, 0.0, 0.0, 0.04688669779969397, 0.0, 0.08790870647453891, 0.0, 0.014076238985612504)",1
1117,4,2,11,"(0.09033430006888621, 0.14970886995698662, 0.0, 0.0, 0.0, 0.04688669779969397, 0.0, 0.09454840995503996, 0.0, 0.01812760691895582)",19
1118,4,2,11,"(0.09033430006888621, 0.13866864419048872, 0.0, 0.0, 0.0, 0.04688669779969397, 0.0, 0.08279881135943302, 0.0, 0.01812760691895582)",1
1119,4,2,11,"(0.09033430006888621, 0.14970886995698662, 0.0, 0.0, 0.0, 0.04688669779969397, 0.0, 0.08279881135943302, 0.0, 0.01812760691895582)",300
1120,4,2,11,"(0.09033430006888621, 0.18370530079402003, 0.0, 0.0, 0.0, 0.04688669779969397, 0.0, 0.08279881135943302, 0.0, 0.01812760691895582)",109
1121,4,2,11,"(0.09033430006888621, 0.18370530079402003, 0.0, 0.0, 0.0, 0.04688669779969397, 0.0, 0.08279881135943302, 0.0, 0.012962552139514666)",1
1122,4,2,11,"(0.09033430006888621, 0.1544503582818178, 0.0, 0.0, 0.0, 0.04688669779969397, 0.0, 0.06560138566961983, 0.0, 0.01812760691895582)",2
1123,4,2,11,"(0.09033430006888621, 0.14242436722407367, 0.0, 0.0, 0.0, 0.04688669779969397, 0.0, 0.08279881135943302, 0.0, 0.01901032741909017)",1
1124,4,2,11,"(0.09122361327031636, 0.18370530079402003, 0.0, 0.0, 0.0, 0.04688669779969397, 0.0, 0.08279881135943302, 0.0, 0.01812760691895582)",1
1125,4,2,11,"(0.09033430006888621, 0.14970886995698662, 0.0, 0.0, 0.0, 0.04688669779969397, 0.0, 0.08555788478660485, 0.0, 0.01641659633133938)",14
1126,4,2,13,"(0.0, 0.0, 0.11679612853536596, 0.06920069129515957, 0.09172770611919409, 0.07489992963210028, 0.0, 0.0, 0.14899621190854193, 0.0)",140
1127,4,2,13,"(0.0, 0.0, 0.09020127516550745, 0.06920069129515957, 0.09172770611919409, 0.07489992963210028, 0.0, 0.0, 0.14899621190854193, 0.0)",5
1128,4,2,13,"(0.0, 0.0, 0.11679612853536596, 0.06920069129515957, 0.09172770611919409, 0.10436322414374506, 0.0, 0.0, 0.14899621190854193, 0.0)",1
1129,4,2,13,"(0.0, 0.0, 0.24265648514467208, 0.03792681621106711, 0.08554972331344954, 0.07489992963210028, 0.0, 0.0, 0.14899621190854193, 0.0)",1
1130,4,3,8,"(0.09369258606422372, 0.0, 0.09886232529533268, 0.09090006143642745, 0.09173902283359818, 0.0, 0.028624918864351683, 0.0, 0.0, 0.0)",1
1131,4,3,8,"(0.19422434200011848, 0.0, 0.09886232529533268, 0.09247639241939104, 0.09173902283359818, 0.0, 0.028624918864351683, 0.0, 0.0, 0.0)",2
1132,4,3,8,"(0.13051447237705277, 0.0, 0.09886232529533268, 0.09247639241939104, 0.09173902283359818, 0.0, 0.028624918864351683, 0.0, 0.0, 0.0)",1
1133,4,3,8,"(0.09369258606422372, 0.0, 0.09886232529533268, 0.03712188051015489, 0.0966716053561692, 0.0, 0.028624918864351683, 0.0, 0.0, 0.0)",4
1134,4,3,8,"(0.09369258606422372, 0.0, 0.09886232529533268, 0.09247639241939104, 0.09173902283359818, 0.0, 0.028624918864351683, 0.0, 0.0, 0.0)",255
1135,4,3,8,"(0.13851700134405537, 0.0, 0.09886232529533268, 0.12091406286235089, 0.09173902283359818, 0.0, 0.028624918864351683, 0.0, 0.0, 0.0)",1
1136,4,3,8,"(0.09369258606422372, 0.0, 0.09886232529533268, 0.09247639241939104, 0.0966716053561692, 0.0, 0.028624918864351683, 0.0, 0.0, 0.0)",45
1137,4,3,11,"(0.0642707651099281, 0.14970886995698662, 0.0, 0.0, 0.0, 0.042283028299912276, 0.0, 0.03990533598743217, 0.0, 0.01812760691895582)",1
1138,4,3,11,"(0.04631555702726759, 0.14970886995698662, 0.0, 0.0, 0.0, 0.04688669779969397, 0.0, 0.08279881135943302, 0.0, 0.01812760691895582)",1
1139,4,3,11,"(0.10935628596834707, 0.14970886995698662, 0.0, 0.0, 0.0, 0.07023907191425621, 0.0, 0.08279881135943302, 0.0, 0.01812760691895582)",4
1140,4,3,11,"(0.09033430006888621, 0.14970886995698662, 0.0, 0.0, 0.0, 0.04688669779969397, 0.0, 0.08279881135943302, 0.0, 0.01812760691895582)",451
1141,4,3,11,"(0.12826755204947146, 0.14970886995698662, 0.0, 0.0, 0.0, 0.04688669779969397, 0.0, 0.08279881135943302, 0.0, 0.01812760691895582)",1
1142,4,3,11,"(0.09033430006888621, 0.14970886995698662, 0.0, 0.0, 0.0, 0.06553974595659609, 0.0, 0.08279881135943302, 0.0, 0.009088538784939782)",1
1143,4,3,11,"(0.07142996172259139, 0.14970886995698662, 0.0, 0.0, 0.0, 0.04688669779969397, 0.0, 0.08279881135943302, 0.0, 0.01812760691895582)",1
1144,4,3,11,"(0.09651262903525483, 0.14970886995698662, 0.0, 0.0, 0.0, 0.04688669779969397, 0.0, 0.08279881135943302, 0.0, 0.01812760691895582)",57
1145,4,3,13,"(0.0, 0.0, 0.11679612853536596, 0.06920069129515957, 0.09172770611919409, 0.07489992963210028, 0.0, 0.0, 0.14899621190854193, 0.0)",157
1146,4,4,8,"(0.09451973108064578, 0.0, 0.09886232529533268, 0.09247639241939104, 0.09173902283359818, 0.0, 0.018227401591421385, 0.0, 0.0, 0.0)",1
1147,4,4,8,"(0.09369258606422372, 0.0, 0.09886232529533268, 0.09247639241939104, 0.061151434109726066, 0.0, 0.028624918864351683, 0.0, 0.0, 0.0)",2
1148,4,4,8,"(0.09369258606422372, 0.0, 0.06627514811954455, 0.09247639241939104, 0.09173902283359818, 0.0, 0.029141136600231925, 0.0, 0.0, 0.0)",49
1149,4,4,8,"(0.09369258606422372, 0.0, 0.09886232529533268, 0.09247639241939104, 0.09173902283359818, 0.0, 0.028624918864351683, 0.0, 0.0, 0.0)",297
1150,4,4,11,"(0.09033430006888621, 0.14970886995698662, 0.0, 0.0, 0.0, 0.043025343759782245, 0.0, 0.08279881135943302, 0.0, 0.01812760691895582)",16
1151,4,4,11,"(0.09651262903525483, 0.14970886995698662, 0.0, 0.0, 0.0, 0.04688669779969397, 0.0, 0.08279881135943302, 0.0, 0.01812760691895582)",20
1152,4,4,11,"(0.09033430006888621, 0.14176856231764592, 0.0, 0.0, 0.0, 0.04688669779969397, 0.0, 0.08279881135943302, 0.0, 0.01812760691895582)",2
1153,4,4,11,"(0.09033430006888621, 0.14970886995698662, 0.0, 0.0, 0.0, 0.04688669779969397, 0.0, 0.08279881135943302, 0.0, 0.01812760691895582)",389
1154,4,4,11,"(0.09033430006888621, 0.1280641983920869, 0.0, 0.0, 0.0, 0.04688669779969397, 0.0, 0.08279881135943302, 0.0, 0.01812760691895582)",4
1155,4,4,11,"(0.09033430006888621, 0.14970886995698662, 0.0, 0.0, 0.0, 0.04688669779969397, 0.0, 0.0696943367375115, 0.0, 0.01812760691895582)",34
1156,4,4,11,"(0.09033430006888621, 0.14970886995698662, 0.0, 0.0, 0.0, 0.04688669779969397, 0.0, 0.08279881135943302, 0.0, 0.03038664255766433)",1
1157,4,4,13,"(0.0, 0.0, 0.11679612853536596, 0.06920069129515957, 0.09172770611919409, 0.07489992963210028, 0.0, 0.0, 0.14899621190854193, 0.0)",131
1158,4,4,13,"(0.0, 0.0, 0.10794806089589158, 0.06920069129515957, 0.09172770611919409, 0.07489992963210028, 0.0, 0.0, 0.14899621190854193, 0.0)",7
1159,4,4,13,"(0.0, 0.0, 0.10794806089589158, 0.06920069129515957, 0.09172770611919409, 0.07489992963210028, 0.0, 0.0, 0.10276279665367762, 0.0)",1
1160,4,5,8,"(0.09369258606422372, 0.0, 0.06627514811954455, 0.1746236147753588, 0.09173902283359818, 0.0, 0.029141136600231925, 0.0, 0.0, 0.0)",1
1161,4,5,8,"(0.09369258606422372, 0.0, 0.11191825494454005, 0.09247639241939104, 0.09173902283359818, 0.0, 0.029141136600231925, 0.0, 0.0, 0.0)",1
1162,4,5,8,"(0.06972902914211333, 0.0, 0.07109870414330548, 0.09731764300688052, 0.09173902283359818, 0.0, 0.04753747931254934, 0.0, 0.0, 0.0)",1
1163,4,5,8,"(0.07014303490050822, 0.0, 0.09886232529533268, 0.09247639241939104, 0.09173902283359818, 0.0, 0.028624918864351683, 0.0, 0.0, 0.0)",3
1164,4,5,8,"(0.09369258606422372, 0.0, 0.09886232529533268, 0.07983510702295696, 0.09173902283359818, 0.0, 0.028624918864351683, 0.0, 0.0, 0.0)",1
1165,4,5,8,"(0.09369258606422372, 0.0, 0.06627514811954455, 0.09247639241939104, 0.09173902283359818, 0.0, 0.05450119673198151, 0.0, 0.0, 0.0)",1
1166,4,5,8,"(0.09369258606422372, 0.0, 0.09886232529533268, 0.09247639241939104, 0.09173902283359818, 0.0, 0.028624918864351683, 0.0, 0.0, 0.0)",194
1167,4,5,8,"(0.09369258606422372, 0.0, 0.06627514811954455, 0.09247639241939104, 0.09173902283359818, 0.0, 0.029141136600231925, 0.0, 0.0, 0.0)",197
1168,4,5,8,"(0.09369258606422372, 0.0, 0.06627514811954455, 0.1134063896051417, 0.09173902283359818, 0.0, 0.029141136600231925, 0.0, 0.0, 0.0)",1
1169,4,5,11,"(0.07994454555181113, 0.14970886995698662, 0.0, 0.0, 0.0, 0.04688669779969397, 0.0, 0.08279881135943302, 0.0, 0.01812760691895582)",1
1170,4,5,11,"(0.09033430006888621, 0.14970886995698662, 0.0, 0.0, 0.0, 0.04688669779969397, 0.0, 0.05388326008680871, 0.0, 0.01812760691895582)",1
1171,4,5,11,"(0.09033430006888621, 0.14970886995698662, 0.0, 0.0, 0.0, 0.04688669779969397, 0.0, 0.04450287500747748, 0.0, 0.019190163572554573)",7
1172,4,5,11,"(0.07176131464632289, 0.14970886995698662, 0.0, 0.0, 0.0, 0.04688669779969397, 0.0, 0.08279881135943302, 0.0, 0.01812760691895582)",1
1173,4,5,11,"(0.09033430006888621, 0.14970886995698662, 0.0, 0.0, 0.0, 0.04688669779969397, 0.0, 0.08279881135943302, 0.0, 0.023764966787779524)",5
1174,4,5,11,"(0.16944586418860558, 0.14970886995698662, 0.0, 0.0, 0.0, 0.04688669779969397, 0.0, 0.06304650358250342, 0.0, 0.01812760691895582)",1
1175,4,5,11,"(0.09033430006888621, 0.14970886995698662, 0.0, 0.0, 0.0, 0.04688669779969397, 0.0, 0.08279881135943302, 0.0, 0.01812760691895582)",334
1176,4,5,11,"(0.09033430006888621, 0.14970886995698662, 0.0, 0.0, 0.0, 0.04688669779969397, 0.0, 0.08279881135943302, 0.0, 0.028094053875697154)",1
1177,4,5,13,"(0.0, 0.0, 0.11679612853536596, 0.06920069129515957, 0.09614920748508907, 0.07489992963210028, 0.0, 0.0, 0.14899621190854193, 0.0)",1
1178,4,5,13,"(0.0, 0.0, 0.11679612853536596, 0.06920069129515957, 0.09172770611919409, 0.07489992963210028, 0.0, 0.0, 0.14899621190854193, 0.0)",148
1179,4,6,8,"(0.09369258606422372, 0.0, 0.09886232529533268, 0.09247639241939104, 0.09173902283359818, 0.0, 0.017062987687280623, 0.0, 0.0, 0.0)",1
1180,4,6,8,"(0.09369258606422372, 0.0, 0.09886232529533268, 0.09247639241939104, 0.09173902283359818, 0.0, 0.031122758617795815, 0.0, 0.0, 0.0)",1
1181,4,6,8,"(0.09369258606422372, 0.0, 0.09886232529533268, 0.09247639241939104, 0.09173902283359818, 0.0, 0.03340057390739708, 0.0, 0.0, 0.0)",3
1182,4,6,8,"(0.09369258606422372, 0.0, 0.09886232529533268, 0.09247639241939104, 0.09173902283359818, 0.0, 0.028624918864351683, 0.0, 0.0, 0.0)",344
1183,4,6,8,"(0.16201129923915744, 0.0, 0.09886232529533268, 0.11457038637572067, 0.25701689913702896, 0.0, 0.028624918864351683, 0.0, 0.0, 0.0)",1
1184,4,6,8,"(0.09369258606422372, 0.0, 0.09886232529533268, 0.09247639241939104, 0.08845798344214889, 0.0, 0.028624918864351683, 0.0, 0.0, 0.0)",2
1185,4,6,8,"(0.09369258606422372, 0.0, 0.08594744630147587, 0.09247639241939104, 0.09173902283359818, 0.0, 0.029767427949569537, 0.0, 0.0, 0.0)",2
1186,4,6,11,"(0.09033430006888621, 0.14970886995698662, 0.0, 0.0, 0.0, 0.054098835283379505, 0.0, 0.08279881135943302, 0.0, 0.01812760691895582)",1
1187,4,6,11,"(0.13675944853486938, 0.24086177810037127, 0.0, 0.0, 0.0, 0.09495175142104, 0.0, 0.08279881135943302, 0.0, 0.01812760691895582)",2
1188,4,6,11,"(0.09033430006888621, 0.14970886995698662, 0.0, 0.0, 0.0, 0.04688669779969397, 0.0, 0.08279881135943302, 0.0, 0.01812760691895582)",404
1189,4,6,11,"(0.09033430006888621, 0.14970886995698662, 0.0, 0.0, 0.0, 0.04688669779969397, 0.0, 0.10017877715372749, 0.0, 0.01812760691895582)",1
1190,4,6,11,"(0.09033430006888621, 0.09472412751963144, 0.0, 0.0, 0.0, 0.04876410251606858, 0.0, 0.08279881135943302, 0.0, 0.01812760691895582)",3
1191,4,6,13,"(0.0, 0.0, 0.11679612853536596, 0.048883709337711224, 0.09172770611919409, 0.07489992963210028, 0.0, 0.0, 0.14899621190854193, 0.0)",1
1192,4,6,13,"(0.0, 0.0, 0.16816766948967882, 0.06920069129515957, 0.09245591163742309, 0.07489992963210028, 0.0, 0.0, 0.14899621190854193, 0.0)",1
1193,4,6,13,"(0.0, 0.0, 0.11679612853536596, 0.06920069129515957, 0.09172770611919409, 0.07489992963210028, 0.0, 0.0, 0.14899621190854193, 0.0)",155
1194,4,7,8,"(0.09369258606422372, 0.0, 0.1326970427041221, 0.09247639241939104, 0.09173902283359818, 0.0, 0.028624918864351683, 0.0, 0.0, 0.0)",1
1195,4,7,8,"(0.09369258606422372, 0.0, 0.09886232529533268, 0.09247639241939104, 0.09173902283359818, 0.0, 0.028624918864351683, 0.0, 0.0, 0.0)",341
1196,4,7,8,"(0.060355934083426516, 0.0, 0.09886232529533268, 0.09247639241939104, 0.09173902283359818, 0.0, 0.028624918864351683, 0.0, 0.0, 0.0)",1
1197,4,7,8,"(0.09369258606422372, 0.0, 0.09886232529533268, 0.09247639241939104, 0.09122953677314703, 0.0, 0.04378659065199628, 0.0, 0.0, 0.0)",1
1198,4,7,8,"(0.07348795807236977, 0.0, 0.09886232529533268, 0.09247639241939104, 0.09173902283359818, 0.0, 0.028624918864351683, 0.0, 0.0, 0.0)",2
1199,4,7,8,"(0.09369258606422372, 0.0, 0.09886232529533268, 0.09247639241939104, 0.1791239446643995, 0.0, 0.028624918864351683, 0.0, 0.0, 0.0)",2
1200,4,7,8,"(0.06360704768826646, 0.0, 0.09886232529533268, 0.09247639241939104, 0.09173902283359818, 0.0, 0.028624918864351683, 0.0, 0.0, 0.0)",1
1201,4,7,8,"(0.09369258606422372, 0.0, 0.09886232529533268, 0.09247639241939104, 0.1509231572557589, 0.0, 0.028624918864351683, 0.0, 0.0, 0.0)",22
1202,4,7,8,"(0.09369258606422372, 0.0, 0.09886232529533268, 0.09247639241939104, 0.09173902283359818, 0.0, 0.029165320486989395, 0.0, 0.0, 0.0)",1
1203,4,7,8,"(0.09369258606422372, 0.0, 0.09886232529533268, 0.09133447235828913, 0.09173902283359818, 0.0, 0.02452921299302162, 0.0, 0.0, 0.0)",2
1204,4,7,11,"(0.09033430006888621, 0.14970886995698662, 0.0, 0.0, 0.0, 0.04688669779969397, 0.0, 0.08279881135943302, 0.0, 0.01947571509601209)",16
1205,4,7,11,"(0.09033430006888621, 0.14970886995698662, 0.0, 0.0, 0.0, 0.04688669779969397, 0.0, 0.08279881135943302, 0.0, 0.01812760691895582)",439
1206,4,7,11,"(0.182628169359347, 0.14970886995698662, 0.0, 0.0, 0.0, 0.04688669779969397, 0.0, 0.08279881135943302, 0.0, 0.01812760691895582)",1
1207,4,7,11,"(0.06478063434461054, 0.14970886995698662, 0.0, 0.0, 0.0, 0.05511270096103139, 0.0, 0.08279881135943302, 0.0, 0.01812760691895582)",9
1208,4,7,11,"(0.09033430006888621, 0.14970886995698662, 0.0, 0.0, 0.0, 0.04688669779969397, 0.0, 0.08279881135943302, 0.0, 0.012367761074580654)",2
1209,4,7,11,"(0.09033430006888621, 0.14970886995698662, 0.0, 0.0, 0.0, 0.04688669779969397, 0.0, 0.04474733524434238, 0.0, 0.01812760691895582)",1
1210,4,7,11,"(0.09033430006888621, 0.09854367140526288, 0.0, 0.0, 0.0, 0.04688669779969397, 0.0, 0.0636873409561954, 0.0, 0.01812760691895582)",2
1211,4,7,13,"(0.0, 0.0, 0.11679612853536596, 0.06920069129515957, 0.09172770611919409, 0.07489992963210028, 0.0, 0.0, 0.14899621190854193, 0.0)",143
1212,4,7,13,"(0.0, 0.0, 0.11679612853536596, 0.10152681135761799, 0.09172770611919409, 0.07489992963210028, 0.0, 0.0, 0.14899621190854193, 0.0)",19
1213,4,7,13,"(0.0, 0.0, 0.11679612853536596, 0.06920069129515957, 0.09172770611919409, 0.13731652453984317, 0.0, 0.0, 0.14899621190854193, 0.0)",1
1214,4,7,13,"(0.0, 0.0, 0.11679612853536596, 0.19339407934373332, 0.09172770611919409, 0.07489992963210028, 0.0, 0.0, 0.14899621190854193, 0.0)",1
1215,4,8,8,"(0.09369258606422372, 0.0, 0.05100208503946173, 0.09247639241939104, 0.09173902283359818, 0.0, 0.028624918864351683, 0.0, 0.0, 0.0)",15
1216,4,8,8,"(0.09369258606422372, 0.0, 0.09886232529533268, 0.09247639241939104, 0.06812466590519739, 0.0, 0.028624918864351683, 0.0, 0.0, 0.0)",2
1217,4,8,8,"(0.09369258606422372, 0.0, 0.09886232529533268, 0.09247639241939104, 0.07354489401533987, 0.0, 0.029013302261308983, 0.0, 0.0, 0.0)",2
1218,4,8,8,"(0.09369258606422372, 0.0, 0.12852431833564815, 0.09247639241939104, 0.09173902283359818, 0.0, 0.028624918864351683, 0.0, 0.0, 0.0)",1
1219,4,8,8,"(0.11178747707840606, 0.0, 0.09886232529533268, 0.09247639241939104, 0.09173902283359818, 0.0, 0.028624918864351683, 0.0, 0.0, 0.0)",25
1220,4,8,8,"(0.09369258606422372, 0.0, 0.11353124199664408, 0.09247639241939104, 0.09173902283359818, 0.0, 0.028624918864351683, 0.0, 0.0, 0.0)",1
1221,4,8,8,"(0.09369258606422372, 0.0, 0.09886232529533268, 0.09247639241939104, 0.09173902283359818, 0.0, 0.028624918864351683, 0.0, 0.0, 0.0)",290
1222,4,8,11,"(0.09033430006888621, 0.13174033997907747, 0.0, 0.0, 0.0, 0.04688669779969397, 0.0, 0.08279881135943302, 0.0, 0.01812760691895582)",1
1223,4,8,11,"(0.09033430006888621, 0.14970886995698662, 0.0, 0.0, 0.0, 0.04688669779969397, 0.0, 0.06706532820485966, 0.0, 0.01812760691895582)",1
1224,4,8,11,"(0.09033430006888621, 0.14970886995698662, 0.0, 0.0, 0.0, 0.04688669779969397, 0.0, 0.08279881135943302, 0.0, 0.01812760691895582)",406
1225,4,8,11,"(0.09033430006888621, 0.24569226496949198, 0.0, 0.0, 0.0, 0.04688669779969397, 0.0, 0.08279881135943302, 0.0, 0.01812760691895582)",1
1226,4,8,11,"(0.09490243996699886, 0.14970886995698662, 0.0, 0.0, 0.0, 0.04688669779969397, 0.0, 0.08279881135943302, 0.0, 0.019157041310737387)",2
1227,4,8,11,"(0.09033430006888621, 0.14970886995698662, 0.0, 0.0, 0.0, 0.04688669779969397, 0.0, 0.08279881135943302, 0.0, 0.025228846548714556)",24
1228,4,8,11,"(0.09033430006888621, 0.22206516580677937, 0.0, 0.0, 0.0, 0.04688669779969397, 0.0, 0.08279881135943302, 0.0, 0.01812760691895582)",1
1229,4,8,13,"(0.0, 0.0, 0.11679612853536596, 0.06920069129515957, 0.09172770611919409, 0.0907411743513183, 0.0, 0.0, 0.14899621190854193, 0.0)",1
1230,4,8,13,"(0.0, 0.0, 0.11679612853536596, 0.06638668638132969, 0.09172770611919409, 0.07489992963210028, 0.0, 0.0, 0.17390260729587853, 0.0)",1
1231,4,8,13,"(0.0, 0.0, 0.11679612853536596, 0.05139160741707831, 0.08406710526377284, 0.1010926562608927, 0.0, 0.0, 0.14899621190854193, 0.0)",1
1232,4,8,13,"(0.0, 0.0, 0.11679612853536596, 0.06920069129515957, 0.09172770611919409, 0.07489992963210028, 0.0, 0.0, 0.14899621190854193, 0.0)",159
1233,4,8,13,"(0.0, 0.0, 0.13464046702062646, 0.06920069129515957, 0.09172770611919409, 0.0907411743513183, 0.0, 0.0, 0.14899621190854193, 0.0)",1
1234,4,9,8,"(0.09369258606422372, 0.0, 0.09886232529533268, 0.09247639241939104, 0.09173902283359818, 0.0, 0.028624918864351683, 0.0, 0.0, 0.0)",372
1235,4,9,8,"(0.09369258606422372, 0.0, 0.09886232529533268, 0.09247639241939104, 0.09173902283359818, 0.0, 0.024551034163103815, 0.0, 0.0, 0.0)",1
1236,4,9,11,"(0.05616374159201538, 0.29498897801141255, 0.0, 0.0, 0.0, 0.06676540684471637, 0.0, 0.08279881135943302, 0.0, 0.01745877573266567)",1
1237,4,9,11,"(0.09033430006888621, 0.14970886995698662, 0.0, 0.0, 0.0, 0.04688669779969397, 0.0, 0.08279881135943302, 0.0, 0.022276223275651055)",3
1238,4,9,11,"(0.09033430006888621, 0.14970886995698662, 0.0, 0.0, 0.0, 0.04688669779969397, 0.0, 0.08279881135943302, 0.0, 0.01469775452432085)",1
1239,4,9,11,"(0.09033430006888621, 0.14970886995698662, 0.0, 0.0, 0.0, 0.04688669779969397, 0.0, 0.08279881135943302, 0.0, 0.011291796436868711)",1
1240,4,9,11,"(0.10054120305593256, 0.14970886995698662, 0.0, 0.0, 0.0, 0.04688669779969397, 0.0, 0.08279881135943302, 0.0, 0.01812760691895582)",1
1241,4,9,11,"(0.09033430006888621, 0.14970886995698662, 0.0, 0.0, 0.0, 0.04688669779969397, 0.0, 0.08279881135943302, 0.0, 0.01812760691895582)",350
1242,4,9,11,"(0.09033430006888621, 0.14970886995698662, 0.0, 0.0, 0.0, 0.04688669779969397, 0.0, 0.06604215635201402, 0.0, 0.01812760691895582)",12
1243,4,9,11,"(0.09033430006888621, 0.1465525563094422, 0.0, 0.0, 0.0, 0.04688669779969397, 0.0, 0.08279881135943302, 0.0, 0.01812760691895582)",2
1244,4,9,11,"(0.09033430006888621, 0.14970886995698662, 0.0, 0.0, 0.0, 0.04688669779969397, 0.0, 0.11614896731090374, 0.0, 0.01812760691895582)",3
1245,4,9,13,"(0.0, 0.0, 0.11679612853536596, 0.06920069129515957, 0.09172770611919409, 0.07489992963210028, 0.0, 0.0, 0.14899621190854193, 0.0)",151
1246,4,10,8,"(0.09369258606422372, 0.0, 0.09886232529533268, 0.09247639241939104, 0.09173902283359818, 0.0, 0.028624918864351683, 0.0, 0.0, 0.0)",333
1247,4,10,8,"(0.09627441342333255, 0.0, 0.09886232529533268, 0.09247639241939104, 0.09173902283359818, 0.0, 0.028624918864351683, 0.0, 0.0, 0.0)",2
1248,4,10,8,"(0.09369258606422372, 0.0, 0.09886232529533268, 0.09247639241939104, 0.09173902283359818, 0.0, 0.06009364551963687, 0.0, 0.0, 0.0)",1
1249,4,10,8,"(0.09369258606422372, 0.0, 0.09886232529533268, 0.09247639241939104, 0.09173902283359818, 0.0, 0.021281011113804656, 0.0, 0.0, 0.0)",2
1250,4,10,8,"(0.09369258606422372, 0.0, 0.04821493377336885, 0.09247639241939104, 0.09173902283359818, 0.0, 0.028624918864351683, 0.0, 0.0, 0.0)",1
1251,4,10,11,"(0.09033430006888621, 0.14970886995698662, 0.0, 0.0, 0.0, 0.02640299017531697, 0.0, 0.08279881135943302, 0.0, 0.01812760691895582)",3
1252,4,10,11,"(0.09033430006888621, 0.14970886995698662, 0.0, 0.0, 0.0, 0.023989743372210236, 0.0, 0.08279881135943302, 0.0, 0.01812760691895582)",2
1253,4,10,11,"(0.09033430006888621, 0.14970886995698662, 0.0, 0.0, 0.0, 0.04688669779969397, 0.0, 0.1285566333555503, 0.0, 0.01812760691895582)",1
1254,4,10,11,"(0.18467970113493729, 0.14970886995698662, 0.0, 0.0, 0.0, 0.04688669779969397, 0.0, 0.08279881135943302, 0.0, 0.01812760691895582)",1
1255,4,10,11,"(0.09033430006888621, 0.14970886995698662, 0.0, 0.0, 0.0, 0.04688669779969397, 0.0, 0.08279881135943302, 0.0, 0.01812760691895582)",433
1256,4,10,13,"(0.0, 0.0, 0.11679612853536596, 0.06920069129515957, 0.09172770611919409, 0.07489992963210028, 0.0, 0.0, 0.14899621190854193, 0.0)",111
1257,4,10,13,"(0.0, 0.0, 0.11679612853536596, 0.06920069129515957, 0.09172770611919409, 0.07069675184229054, 0.0, 0.0, 0.14899621190854193, 0.0)",1
1258,4,10,13,"(0.0, 0.0, 0.11679612853536596, 0.06920069129515957, 0.09905629531237499, 0.07489992963210028, 0.0, 0.0, 0.14899621190854193, 0.0)",60
1259,4,11,8,"(0.09607901536059493, 0.0, 0.09886232529533268, 0.09247639241939104, 0.09173902283359818, 0.0, 0.028624918864351683, 0.0, 0.0, 0.0)",1
1260,4,11,8,"(0.06632512629162501, 0.0, 0.11972614011587282, 0.09247639241939104, 0.09173902283359818, 0.0, 0.028624918864351683, 0.0, 0.0, 0.0)",5
1261,4,11,8,"(0.09369258606422372, 0.0, 0.09886232529533268, 0.09247639241939104, 0.07540178559694279, 0.0, 0.028624918864351683, 0.0, 0.0, 0.0)",2
1262,4,11,8,"(0.09369258606422372, 0.0, 0.09886232529533268, 0.09247639241939104, 0.09173902283359818, 0.0, 0.028624918864351683, 0.0, 0.0, 0.0)",289
1263,4,11,8,"(0.06612986954263327, 0.0, 0.09886232529533268, 0.09247639241939104, 0.09173902283359818, 0.0, 0.028624918864351683, 0.0, 0.0, 0.0)",1
1264,4,11,8,"(0.09369258606422372, 0.0, 0.07516182692003129, 0.09247639241939104, 0.12678860169508196, 0.0, 0.030946390864664917, 0.0, 0.0, 0.0)",1
1265,4,11,8,"(0.09369258606422372, 0.0, 0.09886232529533268, 0.09247639241939104, 0.06703895477504924, 0.0, 0.030622234840182703, 0.0, 0.0, 0.0)",2
1266,4,11,8,"(0.09369258606422372, 0.0, 0.09886232529533268, 0.09108857126568368, 0.09173902283359818, 0.0, 0.028624918864351683, 0.0, 0.0, 0.0)",23
1267,4,11,11,"(0.09033430006888621, 0.14970886995698662, 0.0, 0.0, 0.0, 0.04568906259093692, 0.0, 0.08279881135943302, 0.0, 0.01812760691895582)",1
1268,4,11,11,"(0.03783888440271435, 0.14970886995698662, 0.0, 0.0, 0.0, 0.04688669779969397, 0.0, 0.08279881135943302, 0.0, 0.01812760691895582)",6
1269,4,11,11,"(0.1151121229398238, 0.14970886995698662, 0.0, 0.0, 0.0, 0.04688669779969397, 0.0, 0.08279881135943302, 0.0, 0.01812760691895582)",1
1270,4,11,11,"(0.09033430006888621, 0.14970886995698662, 0.0, 0.0, 0.0, 0.05428368341935001, 0.0, 0.08279881135943302, 0.0, 0.01812760691895582)",1
1271,4,11,11,"(0.09033430006888621, 0.14970886995698662, 0.0, 0.0, 0.0, 0.04688669779969397, 0.0, 0.08279881135943302, 0.0, 0.01812760691895582)",452
1272,4,11,11,"(0.1083061452778969, 0.14970886995698662, 0.0, 0.0, 0.0, 0.04688669779969397, 0.0, 0.07151662201794022, 0.0, 0.01812760691895582)",1
1273,4,11,11,"(0.1083061452778969, 0.14970886995698662, 0.0, 0.0, 0.0, 0.04688669779969397, 0.0, 0.08279881135943302, 0.0, 0.01812760691895582)",17
1274,4,11,11,"(0.09033430006888621, 0.1308458696458233, 0.0, 0.0, 0.0, 0.04688669779969397, 0.0, 0.08279881135943302, 0.0, 0.01812760691895582)",1
1275,4,11,11,"(0.09033430006888621, 0.14970886995698662, 0.0, 0.0, 0.0, 0.04688669779969397, 0.0, 0.08279881135943302, 0.0, 0.011452431907824771)",1
1276,4,11,11,"(0.03783888440271435, 0.14970886995698662, 0.0, 0.0, 0.0, 0.04688669779969397, 0.0, 0.08279881135943302, 0.0, 0.02197444805084161)",3
1277,4,11,11,"(0.09033430006888621, 0.14970886995698662, 0.0, 0.0, 0.0, 0.04688669779969397, 0.0, 0.0945031608979268, 0.0, 0.022376300407281696)",1
1278,4,11,11,"(0.17028534775525433, 0.14970886995698662, 0.0, 0.0, 0.0, 0.04688669779969397, 0.0, 0.08279881135943302, 0.0, 0.01812760691895582)",1
1279,4,11,11,"(0.10658758472277914, 0.14970886995698662, 0.0, 0.0, 0.0, 0.04688669779969397, 0.0, 0.08279881135943302, 0.0, 0.01812760691895582)",1
1280,4,11,13,"(0.0, 0.0, 0.11679612853536596, 0.06920069129515957, 0.09172770611919409, 0.07489992963210028, 0.0, 0.0, 0.14899621190854193, 0.0)",175
1281,4,11,13,"(0.0, 0.0, 0.11679612853536596, 0.06920069129515957, 0.07253993050468371, 0.07489992963210028, 0.0, 0.0, 0.14899621190854193, 0.0)",1
1282,4,12,8,"(0.09369258606422372, 0.0, 0.06944207621248488, 0.09247639241939104, 0.09173902283359818, 0.0, 0.028624918864351683, 0.0, 0.0, 0.0)",3
1283,4,12,8,"(0.09369258606422372, 0.0, 0.09886232529533268, 0.09247639241939104, 0.09173902283359818, 0.0, 0.028624918864351683, 0.0, 0.0, 0.0)",421
1284,4,12,8,"(0.09369258606422372, 0.0, 0.09886232529533268, 0.09247639241939104, 0.09173902283359818, 0.0, 0.029808312751815107, 0.0, 0.0, 0.0)",16
1285,4,12,8,"(0.1087228548523946, 0.0, 0.09886232529533268, 0.09247639241939104, 0.09173902283359818, 0.0, 0.02765883899228515, 0.0, 0.0, 0.0)",1
1286,4,12,8,"(0.09369258606422372, 0.0, 0.07705089101551474, 0.09247639241939104, 0.09173902283359818, 0.0, 0.028624918864351683, 0.0, 0.0, 0.0)",1
1287,4,12,8,"(0.09369258606422372, 0.0, 0.13207455273786847, 0.09247639241939104, 0.09173902283359818, 0.0, 0.03741136412650634, 0.0, 0.0, 0.0)",1
1288,4,12,8,"(0.09369258606422372, 0.0, 0.09886232529533268, 0.14103956390142589, 0.09173902283359818, 0.0, 0.028624918864351683, 0.0, 0.0, 0.0)",2
1289,4,12,8,"(0.09369258606422372, 0.0, 0.13300604977658603, 0.09247639241939104, 0.09173902283359818, 0.0, 0.028624918864351683, 0.0, 0.0, 0.0)",3
1290,4,12,8,"(0.09369258606422372, 0.0, 0.13524025837032397, 0.09247639241939104, 0.09173902283359818, 0.0, 0.028624918864351683, 0.0, 0.0, 0.0)",8
1291,4,12,8,"(0.09369258606422372, 0.0, 0.10414691617948643, 0.09247639241939104, 0.09173902283359818, 0.0, 0.028624918864351683, 0.0, 0.0, 0.0)",2
1292,4,12,11,"(0.09033430006888621, 0.14970886995698662, 0.0, 0.0, 0.0, 0.04688669779969397, 0.0, 0.08279881135943302, 0.0, 0.01812760691895582)",258
1293,4,12,11,"(0.09033430006888621, 0.14970886995698662, 0.0, 0.0, 0.0, 0.04688669779969397, 0.0, 0.08865862669502517, 0.0, 0.01812760691895582)",6
1294,4,12,11,"(0.09033430006888621, 0.14970886995698662, 0.0, 0.0, 0.0, 0.043251285168743867, 0.0, 0.08279881135943302, 0.0, 0.01812760691895582)",4
1295,4,12,11,"(0.06651874416599686, 0.14970886995698662, 0.0, 0.0, 0.0, 0.04688669779969397, 0.0, 0.08279881135943302, 0.0, 0.01812760691895582)",2
1296,4,12,11,"(0.09033430006888621, 0.14970886995698662, 0.0, 0.0, 0.0, 0.054445007621040827, 0.0, 0.08279881135943302, 0.0, 0.01812760691895582)",2
1297,4,12,11,"(0.09033430006888621, 0.14970886995698662, 0.0, 0.0, 0.0, 0.07741028001416114, 0.0, 0.08627040328694516, 0.0, 0.016344206108358524)",2
1298,4,12,13,"(0.0, 0.0, 0.11679612853536596, 0.06164763217816648, 0.09172770611919409, 0.07489992963210028, 0.0, 0.0, 0.14899621190854193, 0.0)",1
1299,4,12,13,"(0.0, 0.0, 0.11679612853536596, 0.06920069129515957, 0.09172770611919409, 0.07489992963210028, 0.0, 0.0, 0.14899621190854193, 0.0)",125
1300,4,12,13,"(0.0, 0.0, 0.11679612853536596, 0.07424936666957087, 0.09172770611919409, 0.07489992963210028, 0.0, 0.0, 0.14899621190854193, 0.0)",2
1301,4,12,13,"(0.0, 0.0, 0.11679612853536596, 0.06920069129515957, 0.15862278179532474, 0.07489992963210028, 0.0, 0.0, 0.14899621190854193, 0.0)",2
1302,4,13,8,"(0.09369258606422372, 0.0, 0.09886232529533268, 0.09247639241939104, 0.09173902283359818, 0.0, 0.029808312751815107, 0.0, 0.0, 0.0)",18
1303,4,13,8,"(0.09369258606422372, 0.0, 0.09886232529533268, 0.09247639241939104, 0.09173902283359818, 0.0, 0.020856515849120464, 0.0, 0.0, 0.0)",1
1304,4,13,8,"(0.09369258606422372, 0.0, 0.09886232529533268, 0.09247639241939104, 0.09173902283359818, 0.0, 0.028624918864351683, 0.0, 0.0, 0.0)",320
1305,4,13,8,"(0.09369258606422372, 0.0, 0.09886232529533268, 0.03262992444755638, 0.09173902283359818, 0.0, 0.028624918864351683, 0.0, 0.0, 0.0)",1
1306,4,13,8,"(0.09369258606422372, 0.0, 0.11053000098319168, 0.09247639241939104, 0.09173902283359818, 0.0, 0.02178264613039847, 0.0, 0.0, 0.0)",1
1307,4,13,8,"(0.09369258606422372, 0.0, 0.1127997948714042, 0.09247639241939104, 0.09173902283359818, 0.0, 0.028624918864351683, 0.0, 0.0, 0.0)",3
1308,4,13,8,"(0.09369258606422372, 0.0, 0.09886232529533268, 0.10840186119234367, 0.06578575264052236, 0.0, 0.03848787312879227, 0.0, 0.0, 0.0)",1
1309,4,13,8,"(0.09369258606422372, 0.0, 0.09092257679511362, 0.09247639241939104, 0.09173902283359818, 0.0, 0.028624918864351683, 0.0, 0.0, 0.0)",1
1310,4,13,8,"(0.09369258606422372, 0.0, 0.09886232529533268, 0.09247639241939104, 0.12703421926068734, 0.0, 0.028624918864351683, 0.0, 0.0, 0.0)",1
1311,4,13,11,"(0.09033430006888621, 0.14970886995698662, 0.0, 0.0, 0.0, 0.04688669779969397, 0.0, 0.08279881135943302, 0.0, 0.013843301547089045)",9
1312,4,13,11,"(0.09033430006888621, 0.14970886995698662, 0.0, 0.0, 0.0, 0.04688669779969397, 0.0, 0.08279881135943302, 0.0, 0.01812760691895582)",398
1313,4,13,11,"(0.09033430006888621, 0.14970886995698662, 0.0, 0.0, 0.0, 0.03547496229282279, 0.0, 0.08279881135943302, 0.0, 0.01812760691895582)",2
1314,4,13,11,"(0.09033430006888621, 0.0795850559634035, 0.0, 0.0, 0.0, 0.04688669779969397, 0.0, 0.08279881135943302, 0.0, 0.006127631985389062)",3
1315,4,13,11,"(0.06858543380925224, 0.0795850559634035, 0.0, 0.0, 0.0, 0.04688669779969397, 0.0, 0.08279881135943302, 0.0, 0.013018058735287531)",3
1316,4,13,11,"(0.09033430006888621, 0.0795850559634035, 0.0, 0.0, 0.0, 0.04688669779969397, 0.0, 0.08279881135943302, 0.0, 0.013018058735287531)",36
1317,4,13,13,"(0.0, 0.0, 0.11679612853536596, 0.06920069129515957, 0.09172770611919409, 0.0577390281307094, 0.0, 0.0, 0.14899621190854193, 0.0)",1
1318,4,13,13,"(0.0, 0.0, 0.11679612853536596, 0.03477693420154314, 0.09172770611919409, 0.07489992963210028, 0.0, 0.0, 0.14899621190854193, 0.0)",3
1319,4,13,13,"(0.0, 0.0, 0.11679612853536596, 0.06920069129515957, 0.09172770611919409, 0.07489992963210028, 0.0, 0.0, 0.14899621190854193, 0.0)",149
1320,4,13,13,"(0.0, 0.0, 0.11679612853536596, 0.06001367371886427, 0.09172770611919409, 0.07489992963210028, 0.0, 0.0, 0.14899621190854193, 0.0)",6
1321,4,14,8,"(0.1457822871629802, 0.0, 0.09886232529533268, 0.08700170962374021, 0.09173902283359818, 0.0, 0.028624918864351683, 0.0, 0.0, 0.0)",2
1322,4,14,8,"(0.05270540980660419, 0.0, 0.03709298746437375, 0.050040306014328254, 0.09173902283359818, 0.0, 0.028624918864351683, 0.0, 0.0, 0.0)",1
1323,4,14,8,"(0.09369258606422372, 0.0, 0.09886232529533268, 0.09247639241939104, 0.09173902283359818, 0.0, 0.021712685295336667, 0.0, 0.0, 0.0)",29
1324,4,14,8,"(0.09369258606422372, 0.0, 0.09886232529533268, 0.09247639241939104, 0.09173902283359818, 0.0, 0.026730832722451716, 0.0, 0.0, 0.0)",2
1325,4,14,8,"(0.09369258606422372, 0.0, 0.09886232529533268, 0.09247639241939104, 0.09173902283359818, 0.0, 0.028624918864351683, 0.0, 0.0, 0.0)",197
1326,4,14,8,"(0.09369258606422372, 0.0, 0.10771620574098473, 0.09247639241939104, 0.09173902283359818, 0.0, 0.028624918864351683, 0.0, 0.0, 0.0)",2
1327,4,14,8,"(0.09369258606422372, 0.0, 0.09187251478377403, 0.09247639241939104, 0.09173902283359818, 0.0, 0.028624918864351683, 0.0, 0.0, 0.0)",1
1328,4,14,8,"(0.1457822871629802, 0.0, 0.09886232529533268, 0.09247639241939104, 0.09173902283359818, 0.0, 0.028624918864351683, 0.0, 0.0, 0.0)",91
1329,4,14,11,"(0.09033430006888621, 0.14970886995698662, 0.0, 0.0, 0.0, 0.04688669779969397, 0.0, 0.229054624753231, 0.0, 0.01812760691895582)",4
1330,4,14,11,"(0.09033430006888621, 0.14970886995698662, 0.0, 0.0, 0.0, 0.02272204680223731, 0.0, 0.08279881135943302, 0.0, 0.01812760691895582)",1
1331,4,14,11,"(0.09033430006888621, 0.14970886995698662, 0.0, 0.0, 0.0, 0.04688669779969397, 0.0, 0.08279881135943302, 0.0, 0.013843301547089045)",8
1332,4,14,11,"(0.09033430006888621, 0.14970886995698662, 0.0, 0.0, 0.0, 0.04688669779969397, 0.0, 0.07170085594456087, 0.0, 0.01812760691895582)",5
1333,4,14,11,"(0.09033430006888621, 0.14970886995698662, 0.0, 0.0, 0.0, 0.04688669779969397, 0.0, 0.06924123551489877, 0.0, 0.01812760691895582)",3
1334,4,14,11,"(0.10693569244670773, 0.21014662306732088, 0.0, 0.0, 0.0, 0.04688669779969397, 0.0, 0.08279881135943302, 0.0, 0.01812760691895582)",1
1335,4,14,11,"(0.09033430006888621, 0.14970886995698662, 0.0, 0.0, 0.0, 0.04688669779969397, 0.0, 0.08279881135943302, 0.0, 0.01812760691895582)",402
1336,4,14,11,"(0.12316848264007349, 0.14970886995698662, 0.0, 0.0, 0.0, 0.04688669779969397, 0.0, 0.08279881135943302, 0.0, 0.01812760691895582)",1
1337,4,14,13,"(0.0, 0.0, 0.11679612853536596, 0.06920069129515957, 0.0840138967177628, 0.07489992963210028, 0.0, 0.0, 0.14899621190854193, 0.0)",1
1338,4,14,13,"(0.0, 0.0, 0.11679612853536596, 0.06920069129515957, 0.09172770611919409, 0.07489992963210028, 0.0, 0.0, 0.10789405007496994, 0.0)",1
1339,4,14,13,"(0.0, 0.0, 0.11679612853536596, 0.06920069129515957, 0.09172770611919409, 0.07489992963210028, 0.0, 0.0, 0.14899621190854193, 0.0)",184
1340,4,15,8,"(0.09369258606422372, 0.0, 0.09886232529533268, 0.09247639241939104, 0.09173902283359818, 0.0, 0.03996565434853596, 0.0, 0.0, 0.0)",15
1341,4,15,8,"(0.09369258606422372, 0.0, 0.09886232529533268, 0.09247639241939104, 0.09173902283359818, 0.0, 0.028624918864351683, 0.0, 0.0, 0.0)",332
1342,4,15,8,"(0.09369258606422372, 0.0, 0.09886232529533268, 0.08080723062867802, 0.09173902283359818, 0.0, 0.05025542870899829, 0.0, 0.0, 0.0)",4
1343,4,15,8,"(0.09369258606422372, 0.0, 0.15189065280341058, 0.09247639241939104, 0.09173902283359818, 0.0, 0.03996565434853596, 0.0, 0.0, 0.0)",1
1344,4,15,11,"(0.09033430006888621, 0.14970886995698662, 0.0, 0.0, 0.0, 0.025325274633865795, 0.0, 0.1267187972500095, 0.0, 0.01812760691895582)",1
1345,4,15,11,"(0.18462394166392798, 0.14970886995698662, 0.0, 0.0, 0.0, 0.04688669779969397, 0.0, 0.06157271283561892, 0.0, 0.01812760691895582)",1
1346,4,15,11,"(0.09033430006888621, 0.14970886995698662, 0.0, 0.0, 0.0, 0.04688669779969397, 0.0, 0.08279881135943302, 0.0, 0.011923985683465964)",4
1347,4,15,11,"(0.09033430006888621, 0.20286236567475147, 0.0, 0.0, 0.0, 0.04688669779969397, 0.0, 0.08279881135943302, 0.0, 0.016318918042329624)",1
1348,4,15,11,"(0.09033430006888621, 0.14970886995698662, 0.0, 0.0, 0.0, 0.04688669779969397, 0.0, 0.08279881135943302, 0.0, 0.01812760691895582)",294
1349,4,15,11,"(0.09033430006888621, 0.14970886995698662, 0.0, 0.0, 0.0, 0.01816361611764982, 0.0, 0.08279881135943302, 0.0, 0.01812760691895582)",28
1350,4,15,11,"(0.09033430006888621, 0.14970886995698662, 0.0, 0.0, 0.0, 0.05120161961651637, 0.0, 0.08279881135943302, 0.0, 0.01812760691895582)",1
1351,4,15,11,"(0.09033430006888621, 0.09031777809367302, 0.0, 0.0, 0.0, 0.04688669779969397, 0.0, 0.08279881135943302, 0.0, 0.01812760691895582)",28
1352,4,15,11,"(0.09033430006888621, 0.14970886995698662, 0.0, 0.0, 0.0, 0.04688669779969397, 0.0, 0.08279881135943302, 0.0, 0.020958803937156698)",2
1353,4,15,11,"(0.09033430006888621, 0.14970886995698662, 0.0, 0.0, 0.0, 0.04688669779969397, 0.0, 0.09187740245688081, 0.0, 0.01812760691895582)",73
1354,4,15,11,"(0.09033430006888621, 0.14970886995698662, 0.0, 0.0, 0.0, 0.04688669779969397, 0.0, 0.08279881135943302, 0.0, 0.018391301048109376)",1
1355,4,15,11,"(0.09033430006888621, 0.09486083143923738, 0.0, 0.0, 0.0, 0.04688669779969397, 0.0, 0.08279881135943302, 0.0, 0.01812760691895582)",2
1356,4,15,13,"(0.0, 0.0, 0.11679612853536596, 0.06920069129515957, 0.09172770611919409, 0.07489992963210028, 0.0, 0.0, 0.14899621190854193, 0.0)",145
1357,4,15,13,"(0.0, 0.0, 0.11679612853536596, 0.028452259839311288, 0.09808419126693792, 0.07489992963210028, 0.0, 0.0, 0.14899621190854193, 0.0)",2
1358,4,15,13,"(0.0, 0.0, 0.08869774474248486, 0.06920069129515957, 0.09172770611919409, 0.07489992963210028, 0.0, 0.0, 0.14899621190854193, 0.0)",1
1359,4,16,8,"(0.09369258606422372, 0.0, 0.09886232529533268, 0.09823034779226153, 0.09173902283359818, 0.0, 0.028624918864351683, 0.0, 0.0, 0.0)",1
1360,4,16,8,"(0.09369258606422372, 0.0, 0.09886232529533268, 0.09247639241939104, 0.10401381793614793, 0.0, 0.028624918864351683, 0.0, 0.0, 0.0)",5
1361,4,16,8,"(0.09369258606422372, 0.0, 0.09886232529533268, 0.09247639241939104, 0.09173902283359818, 0.0, 0.028624918864351683, 0.0, 0.0, 0.0)",308
1362,4,16,8,"(0.09369258606422372, 0.0, 0.14803118139745342, 0.09247639241939104, 0.09173902283359818, 0.0, 0.028624918864351683, 0.0, 0.0, 0.0)",2
1363,4,16,11,"(0.09033430006888621, 0.14970886995698662, 0.0, 0.0, 0.0, 0.05538515405218967, 0.0, 0.08279881135943302, 0.0, 0.01812760691895582)",1
1364,4,16,11,"(0.09033430006888621, 0.14970886995698662, 0.0, 0.0, 0.0, 0.02645362910287047, 0.0, 0.049476546123002334, 0.0, 0.01812760691895582)",1
1365,4,16,11,"(0.15767098321135326, 0.14970886995698662, 0.0, 0.0, 0.0, 0.04688669779969397, 0.0, 0.08279881135943302, 0.0, 0.01812760691895582)",1
1366,4,16,11,"(0.09695850724446656, 0.14970886995698662, 0.0, 0.0, 0.0, 0.04688669779969397, 0.0, 0.08279881135943302, 0.0, 0.01812760691895582)",1
1367,4,16,11,"(0.09033430006888621, 0.14970886995698662, 0.0, 0.0, 0.0, 0.04688669779969397, 0.0, 0.08279881135943302, 0.0, 0.012016656142631643)",2
1368,4,16,11,"(0.09033430006888621, 0.14970886995698662, 0.0, 0.0, 0.0, 0.04688669779969397, 0.0, 0.08279881135943302, 0.0, 0.01812760691895582)",482
1369,4,16,11,"(0.09033430006888621, 0.14970886995698662, 0.0, 0.0, 0.0, 0.04688669779969397, 0.0, 0.0867139836154393, 0.0, 0.01812760691895582)",1
1370,4,16,11,"(0.09033430006888621, 0.14970886995698662, 0.0, 0.0, 0.0, 0.04688669779969397, 0.0, 0.03298687357927147, 0.0, 0.013787102347741095)",2
1371,4,16,13,"(0.0, 0.0, 0.11679612853536596, 0.06920069129515957, 0.09172770611919409, 0.07489992963210028, 0.0, 0.0, 0.14899621190854193, 0.0)",160
1372,4,17,8,"(0.04421413391481178, 0.0, 0.09886232529533268, 0.09247639241939104, 0.09173902283359818, 0.0, 0.028624918864351683, 0.0, 0.0, 0.0)",1
1373,4,17,8,"(0.10832449611660233, 0.0, 0.12309734757979525, 0.09247639241939104, 0.09173902283359818, 0.0, 0.028624918864351683, 0.0, 0.0, 0.0)",1
1374,4,17,8,"(0.09369258606422372, 0.0, 0.09886232529533268, 0.06099343296726364, 0.09173902283359818, 0.0, 0.04043709183017919, 0.0, 0.0, 0.0)",1
1375,4,17,8,"(0.09369258606422372, 0.0, 0.0843808520671504, 0.09247639241939104, 0.09173902283359818, 0.0, 0.028624918864351683, 0.0, 0.0, 0.0)",3
1376,4,17,8,"(0.09369258606422372, 0.0, 0.09886232529533268, 0.09247639241939104, 0.17314015631327295, 0.0, 0.028624918864351683, 0.0, 0.0, 0.0)",1
1377,4,17,8,"(0.09369258606422372, 0.0, 0.09886232529533268, 0.09247639241939104, 0.09173902283359818, 0.0, 0.028624918864351683, 0.0, 0.0, 0.0)",378
1378,4,17,8,"(0.09369258606422372, 0.0, 0.09886232529533268, 0.09247639241939104, 0.10259923593615965, 0.0, 0.028624918864351683, 0.0, 0.0, 0.0)",2
1379,4,17,11,"(0.09146709315670025, 0.14970886995698662, 0.0, 0.0, 0.0, 0.04688669779969397, 0.0, 0.08279881135943302, 0.0, 0.01812760691895582)",4
1380,4,17,11,"(0.09033430006888621, 0.14970886995698662, 0.0, 0.0, 0.0, 0.04688669779969397, 0.0, 0.08279881135943302, 0.0, 0.01812760691895582)",377
1381,4,17,11,"(0.07482420492525053, 0.14949660005042167, 0.0, 0.0, 0.0, 0.04688669779969397, 0.0, 0.06901114920764868, 0.0, 0.030253639005022957)",8
1382,4,17,13,"(0.0, 0.0, 0.11679612853536596, 0.06920069129515957, 0.09172770611919409, 0.07489992963210028, 0.0, 0.0, 0.14899621190854193, 0.0)",154
1383,4,18,8,"(0.09369258606422372, 0.0, 0.09886232529533268, 0.09247639241939104, 0.09437746609848531, 0.0, 0.04357037093627773, 0.0, 0.0, 0.0)",2
1384,4,18,8,"(0.09369258606422372, 0.0, 0.09886232529533268, 0.09247639241939104, 0.12180338068242529, 0.0, 0.04357037093627773, 0.0, 0.0, 0.0)",1
1385,4,18,8,"(0.09369258606422372, 0.0, 0.09886232529533268, 0.09247639241939104, 0.09173902283359818, 0.0, 0.028624918864351683, 0.0, 0.0, 0.0)",233
1386,4,18,8,"(0.09369258606422372, 0.0, 0.09886232529533268, 0.09247639241939104, 0.09173902283359818, 0.0, 0.04357037093627773, 0.0, 0.0, 0.0)",133
1387,4,18,8,"(0.09369258606422372, 0.0, 0.058510430099405965, 0.07498915290123222, 0.09173902283359818, 0.0, 0.044634897630305335, 0.0, 0.0, 0.0)",20
1388,4,18,8,"(0.10627358974475798, 0.0, 0.09886232529533268, 0.09247639241939104, 0.09173902283359818, 0.0, 0.04357037093627773, 0.0, 0.0, 0.0)",1
1389,4,18,11,"(0.07672252792800753, 0.14970886995698662, 0.0, 0.0, 0.0, 0.04688669779969397, 0.0, 0.08279881135943302, 0.0, 0.01812760691895582)",1
1390,4,18,11,"(0.09033430006888621, 0.12382362961986203, 0.0, 0.0, 0.0, 0.04688669779969397, 0.0, 0.08279881135943302, 0.0, 0.01812760691895582)",1
1391,4,18,11,"(0.09033430006888621, 0.14970886995698662, 0.0, 0.0, 0.0, 0.04688669779969397, 0.0, 0.08279881135943302, 0.0, 0.011133207384133894)",1
1392,4,18,11,"(0.12426134268449102, 0.14970886995698662, 0.0, 0.0, 0.0, 0.04688669779969397, 0.0, 0.08279881135943302, 0.0, 0.011752487076848216)",1
1393,4,18,11,"(0.09033430006888621, 0.14970886995698662, 0.0, 0.0, 0.0, 0.04688669779969397, 0.0, 0.08279881135943302, 0.0, 0.01812760691895582)",368
1394,4,18,11,"(0.09033430006888621, 0.26829949720137247, 0.0, 0.0, 0.0, 0.04688669779969397, 0.0, 0.08279881135943302, 0.0, 0.01812760691895582)",18
1395,4,18,11,"(0.09033430006888621, 0.2155210912165594, 0.0, 0.0, 0.0, 0.04688669779969397, 0.0, 0.08279881135943302, 0.0, 0.01812760691895582)",1
1396,4,18,11,"(0.09033430006888621, 0.14970886995698662, 0.0, 0.0, 0.0, 0.028439599565576144, 0.0, 0.08279881135943302, 0.0, 0.01812760691895582)",1
1397,4,18,13,"(0.0, 0.0, 0.11679612853536596, 0.06920069129515957, 0.09172770611919409, 0.07489992963210028, 0.0, 0.0, 0.14899621190854193, 0.0)",152
1398,4,18,13,"(0.0, 0.0, 0.11679612853536596, 0.06958597481225527, 0.09172770611919409, 0.07489992963210028, 0.0, 0.0, 0.14899621190854193, 0.0)",6
1399,4,19,8,"(0.09369258606422372, 0.0, 0.09886232529533268, 0.09247639241939104, 0.09173902283359818, 0.0, 0.04357037093627773, 0.0, 0.0, 0.0)",129
1400,4,19,8,"(0.09369258606422372, 0.0, 0.16798820331397207, 0.09247639241939104, 0.08304717337068468, 0.0, 0.04357037093627773, 0.0, 0.0, 0.0)",4
1401,4,19,8,"(0.08044357404954883, 0.0, 0.04661016630938664, 0.09247639241939104, 0.09173902283359818, 0.0, 0.028624918864351683, 0.0, 0.0, 0.0)",2
1402,4,19,8,"(0.09816261801857913, 0.0, 0.09886232529533268, 0.09247639241939104, 0.09173902283359818, 0.0, 0.028624918864351683, 0.0, 0.0, 0.0)",3
1403,4,19,8,"(0.09369258606422372, 0.0, 0.09886232529533268, 0.09247639241939104, 0.09173902283359818, 0.0, 0.028624918864351683, 0.0, 0.0, 0.0)",183
1404,4,19,11,"(0.1023059477463774, 0.14970886995698662, 0.0, 0.0, 0.0, 0.04688669779969397, 0.0, 0.08279881135943302, 0.0, 0.01812760691895582)",1
1405,4,19,11,"(0.09033430006888621, 0.14970886995698662, 0.0, 0.0, 0.0, 0.04688669779969397, 0.0, 0.08279881135943302, 0.0, 0.019815776404682704)",1
1406,4,19,11,"(0.09033430006888621, 0.14970886995698662, 0.0, 0.0, 0.0, 0.025927890942423787, 0.0, 0.08279881135943302, 0.0, 0.01812760691895582)",1
1407,4,19,11,"(0.09033430006888621, 0.14970886995698662, 0.0, 0.0, 0.0, 0.0484013828802516, 0.0, 0.08279881135943302, 0.0, 0.01812760691895582)",2
1408,4,19,11,"(0.09033430006888621, 0.14970886995698662, 0.0, 0.0, 0.0, 0.04688669779969397, 0.0, 0.08279881135943302, 0.0, 0.01812760691895582)",503
1409,4,19,11,"(0.09033430006888621, 0.14970886995698662, 0.0, 0.0, 0.0, 0.04414286761771169, 0.0, 0.07463436523149525, 0.0, 0.01812760691895582)",4
1410,4,19,11,"(0.07031546860091696, 0.14970886995698662, 0.0, 0.0, 0.0, 0.03511890458081779, 0.0, 0.08279881135943302, 0.0, 0.01812760691895582)",4
1411,4,19,11,"(0.09033430006888621, 0.18224490549021052, 0.0, 0.0, 0.0, 0.04688669779969397, 0.0, 0.08279881135943302, 0.0, 0.01812760691895582)",1
1412,4,19,11,"(0.09033430006888621, 0.14970886995698662, 0.0, 0.0, 0.0, 0.04688669779969397, 0.0, 0.08279881135943302, 0.0, 0.03728385188443904)",1
1413,4,19,11,"(0.09033430006888621, 0.14970886995698662, 0.0, 0.0, 0.0, 0.04688669779969397, 0.0, 0.042066302835031, 0.0, 0.01812760691895582)",5
1414,4,19,13,"(0.0, 0.0, 0.11679612853536596, 0.06920069129515957, 0.09172770611919409, 0.07489992963210028, 0.0, 0.0, 0.14899621190854193, 0.0)",147
1415,4,19,13,"(0.0, 0.0, 0.11679612853536596, 0.07458438407668407, 0.09172770611919409, 0.07489992963210028, 0.0, 0.0, 0.14899621190854193, 0.0)",3
1416,4,20,8,"(0.09369258606422372, 0.0, 0.09886232529533268, 0.09247639241939104, 0.11190521850412219, 0.0, 0.028624918864351683, 0.0, 0.0, 0.0)",1
1417,4,20,8,"(0.09369258606422372, 0.0, 0.09886232529533268, 0.09247639241939104, 0.09173902283359818, 0.0, 0.028624918864351683, 0.0, 0.0, 0.0)",355
1418,4,20,8,"(0.2756541906041052, 0.0, 0.05117461516917286, 0.09247639241939104, 0.09173902283359818, 0.0, 0.028624918864351683, 0.0, 0.0, 0.0)",1
1419,4,20,8,"(0.09369258606422372, 0.0, 0.09886232529533268, 0.09247639241939104, 0.09173902283359818, 0.0, 0.04357037093627773, 0.0, 0.0, 0.0)",11
1420,4,20,8,"(0.09233021820643578, 0.0, 0.09886232529533268, 0.09247639241939104, 0.09173902283359818, 0.0, 0.028624918864351683, 0.0, 0.0, 0.0)",1
1421,4,20,11,"(0.09033430006888621, 0.14970886995698662, 0.0, 0.0, 0.0, 0.04688669779969397, 0.0, 0.08279881135943302, 0.0, 0.01812760691895582)",414
1422,4,20,11,"(0.09033430006888621, 0.1630595366758996, 0.0, 0.0, 0.0, 0.04688669779969397, 0.0, 0.08279881135943302, 0.0, 0.01812760691895582)",9
1423,4,20,11,"(0.07304615243790681, 0.14970886995698662, 0.0, 0.0, 0.0, 0.01625444063670699, 0.0, 0.08279881135943302, 0.0, 0.01812760691895582)",1
1424,4,20,11,"(0.09033430006888621, 0.14970886995698662, 0.0, 0.0, 0.0, 0.02022884331198882, 0.0, 0.08279881135943302, 0.0, 0.01812760691895582)",1
1425,4,20,11,"(0.09033430006888621, 0.14970886995698662, 0.0, 0.0, 0.0, 0.053622368613771065, 0.0, 0.08279881135943302, 0.0, 0.01812760691895582)",1
1426,4,20,13,"(0.0, 0.0, 0.11679612853536596, 0.06920069129515957, 0.09172770611919409, 0.08413432286602529, 0.0, 0.0, 0.14899621190854193, 0.0)",1
1427,4,20,13,"(0.0, 0.0, 0.11679612853536596, 0.06920069129515957, 0.09172770611919409, 0.07489992963210028, 0.0, 0.0, 0.14899621190854193, 0.0)",171
1428,5,0,8,"(0.0346213956983804, 0.0, 0.09886232529533268, 0.10986339951301043, 0.09115597750089925, 0.0, 0.028624918864351683, 0.0, 0.0, 0.0)",2
1429,5,0,8,"(0.09369258606422372, 0.0, 0.09886232529533268, 0.09247639241939104, 0.0970103730484331, 0.0, 0.05941253625295324, 0.0, 0.0, 0.0)",1
1430,5,0,8,"(0.09369258606422372, 0.0, 0.07177786031606166, 0.09247639241939104, 0.09173902283359818, 0.0, 0.05542244113635606, 0.0, 0.0, 0.0)",2
1431,5,0,8,"(0.09369258606422372, 0.0, 0.09886232529533268, 0.09247639241939104, 0.09173902283359818, 0.0, 0.04396059757197873, 0.0, 0.0, 0.0)",2
1432,5,0,8,"(0.09369258606422372, 0.0, 0.09886232529533268, 0.09247639241939104, 0.09173902283359818, 0.0, 0.028624918864351683, 0.0, 0.0, 0.0)",136
1433,5,0,8,"(0.05100111183895687, 0.0, 0.09886232529533268, 0.10986339951301043, 0.07372682276627089, 0.0, 0.028624918864351683, 0.0, 0.0, 0.0)",29
1434,5,0,8,"(0.09369258606422372, 0.0, 0.09886232529533268, 0.10087162485398637, 0.09173902283359818, 0.0, 0.028624918864351683, 0.0, 0.0, 0.0)",1
1435,5,0,8,"(0.09369258606422372, 0.0, 0.09886232529533268, 0.09247639241939104, 0.09173902283359818, 0.0, 0.04357037093627773, 0.0, 0.0, 0.0)",160
1436,5,0,11,"(0.10480721615478335, 0.14970886995698662, 0.0, 0.0, 0.0, 0.04688669779969397, 0.0, 0.08279881135943302, 0.0, 0.01812760691895582)",2
1437,5,0,11,"(0.09033430006888621, 0.14970886995698662, 0.0, 0.0, 0.0, 0.04688669779969397, 0.0, 0.08279881135943302, 0.0, 0.01812760691895582)",435
1438,5,0,11,"(0.09033430006888621, 0.14970886995698662, 0.0, 0.0, 0.0, 0.039188390885526336, 0.0, 0.08279881135943302, 0.0, 0.03941401606200769)",23
1439,5,0,11,"(0.09033430006888621, 0.09740942233228368, 0.0, 0.0, 0.0, 0.04688669779969397, 0.0, 0.08279881135943302, 0.0, 0.01812760691895582)",1
1440,5,0,11,"(0.09033430006888621, 0.14970886995698662, 0.0, 0.0, 0.0, 0.04688669779969397, 0.0, 0.06427031347671432, 0.0, 0.01812760691895582)",2
1441,5,0,11,"(0.09033430006888621, 0.14970886995698662, 0.0, 0.0, 0.0, 0.04688669779969397, 0.0, 0.08279881135943302, 0.0, 0.024908796692240037)",1
1442,5,0,11,"(0.09033430006888621, 0.14970886995698662, 0.0, 0.0, 0.0, 0.04688669779969397, 0.0, 0.08210208858978701, 0.0, 0.039535114476824305)",2
1443,5,0,13,"(0.0, 0.0, 0.11679612853536596, 0.058523312421158, 0.09172770611919409, 0.11874966060006337, 0.0, 0.0, 0.14899621190854193, 0.0)",1
1444,5,0,13,"(0.0, 0.0, 0.11679612853536596, 0.0574905564202869, 0.09172770611919409, 0.07489992963210028, 0.0, 0.0, 0.14899621190854193, 0.0)",6
1445,5,0,13,"(0.0, 0.0, 0.11679612853536596, 0.06920069129515957, 0.09172770611919409, 0.06723046086850255, 0.0, 0.0, 0.14899621190854193, 0.0)",13
1446,5,0,13,"(0.0, 0.0, 0.11679612853536596, 0.04644041491065495, 0.06729489746005692, 0.07489992963210028, 0.0, 0.0, 0.14899621190854193, 0.0)",5
1447,5,0,13,"(0.0, 0.0, 0.11679612853536596, 0.06920069129515957, 0.09172770611919409, 0.07489992963210028, 0.0, 0.0, 0.14899621190854193, 0.0)",168
1448,5,1,8,"(0.09369258606422372, 0.0, 0.08433890658157518, 0.09247639241939104, 0.09173902283359818, 0.0, 0.04357037093627773, 0.0, 0.0, 0.0)",2
1449,5,1,8,"(0.09369258606422372, 0.0, 0.09886232529533268, 0.09247639241939104, 0.09173902283359818, 0.0, 0.027112671771039484, 0.0, 0.0, 0.0)",2
1450,5,1,8,"(0.09369258606422372, 0.0, 0.09886232529533268, 0.09247639241939104, 0.09173902283359818, 0.0, 0.04357037093627773, 0.0, 0.0, 0.0)",108
1451,5,1,8,"(0.09369258606422372, 0.0, 0.09886232529533268, 0.10322165425304888, 0.09173902283359818, 0.0, 0.028624918864351683, 0.0, 0.0, 0.0)",3
1452,5,1,8,"(0.09369258606422372, 0.0, 0.09886232529533268, 0.09247639241939104, 0.09173902283359818, 0.0, 0.028624918864351683, 0.0, 0.0, 0.0)",220
1453,5,1,8,"(0.07878191930692628, 0.0, 0.09886232529533268, 0.09247639241939104, 0.09173902283359818, 0.0, 0.027112671771039484, 0.0, 0.0, 0.0)",1
1454,5,1,8,"(0.09369258606422372, 0.0, 0.09886232529533268, 0.09247639241939104, 0.09173902283359818, 0.0, 0.013327828030444968, 0.0, 0.0, 0.0)",2
1455,5,1,8,"(0.11970277231703244, 0.0, 0.09886232529533268, 0.09247639241939104, 0.09173902283359818, 0.0, 0.028624918864351683, 0.0, 0.0, 0.0)",1
1456,5,1,11,"(0.0466703689188359, 0.14970886995698662, 0.0, 0.0, 0.0, 0.04688669779969397, 0.0, 0.08279881135943302, 0.0, 0.01812760691895582)",1
1457,5,1,11,"(0.0795005280925331, 0.14970886995698662, 0.0, 0.0, 0.0, 0.04688669779969397, 0.0, 0.09535249615445623, 0.0, 0.01812760691895582)",3
1458,5,1,11,"(0.09033430006888621, 0.16546521206328663, 0.0, 0.0, 0.0, 0.04688669779969397, 0.0, 0.08279881135943302, 0.0, 0.01812760691895582)",2
1459,5,1,11,"(0.09033430006888621, 0.14970886995698662, 0.0, 0.0, 0.0, 0.04688669779969397, 0.0, 0.08279881135943302, 0.0, 0.027758291001918206)",2
1460,5,1,11,"(0.09033430006888621, 0.14970886995698662, 0.0, 0.0, 0.0, 0.04688669779969397, 0.0, 0.08279881135943302, 0.0, 0.01812760691895582)",510
1461,5,1,11,"(0.06660646048005182, 0.09911489852753604, 0.0, 0.0, 0.0, 0.04688669779969397, 0.0, 0.0613572500768459, 0.0, 0.01812760691895582)",1
1462,5,1,11,"(0.09033430006888621, 0.14970886995698662, 0.0, 0.0, 0.0, 0.0520677402683506, 0.0, 0.08279881135943302, 0.0, 0.01812760691895582)",1
1463,5,1,11,"(0.09033430006888621, 0.14970886995698662, 0.0, 0.0, 0.0, 0.04119973470286665, 0.0, 0.08279881135943302, 0.0, 0.014052009998833754)",1
1464,5,1,11,"(0.09033430006888621, 0.14970886995698662, 0.0, 0.0, 0.0, 0.04688669779969397, 0.0, 0.07027051406332378, 0.0, 0.01812760691895582)",1
1465,5,1,13,"(0.0, 0.0, 0.09822065362345822, 0.06920069129515957, 0.09172770611919409, 0.07489992963210028, 0.0, 0.0, 0.14899621190854193, 0.0)",2
1466,5,1,13,"(0.0, 0.0, 0.11679612853536596, 0.06920069129515957, 0.09172770611919409, 0.07489992963210028, 0.0, 0.0, 0.14899621190854193, 0.0)",148
1467,5,1,13,"(0.0, 0.0, 0.2689562606340228, 0.06920069129515957, 0.09172770611919409, 0.07489992963210028, 0.0, 0.0, 0.14899621190854193, 0.0)",2
1468,5,1,13,"(0.0, 0.0, 0.11679612853536596, 0.05991141897040076, 0.09172770611919409, 0.07489992963210028, 0.0, 0.0, 0.14899621190854193, 0.0)",1
1469,5,2,8,"(0.09369258606422372, 0.0, 0.09215627583539703, 0.09247639241939104, 0.09173902283359818, 0.0, 0.028624918864351683, 0.0, 0.0, 0.0)",1
1470,5,2,8,"(0.09369258606422372, 0.0, 0.09886232529533268, 0.09247639241939104, 0.09173902283359818, 0.0, 0.04357037093627773, 0.0, 0.0, 0.0)",81
1471,5,2,8,"(0.09369258606422372, 0.0, 0.09886232529533268, 0.09247639241939104, 0.09173902283359818, 0.0, 0.028624918864351683, 0.0, 0.0, 0.0)",243
1472,5,2,8,"(0.09369258606422372, 0.0, 0.09886232529533268, 0.09704945932799453, 0.09173902283359818, 0.0, 0.04357037093627773, 0.0, 0.0, 0.0)",2
1473,5,2,11,"(0.09033430006888621, 0.1966614706332654, 0.0, 0.0, 0.0, 0.04688669779969397, 0.0, 0.07129516836323004, 0.0, 0.01812760691895582)",2
1474,5,2,11,"(0.09033430006888621, 0.14970886995698662, 0.0, 0.0, 0.0, 0.04688669779969397, 0.0, 0.11429252852061851, 0.0, 0.01812760691895582)",5
1475,5,2,11,"(0.09033430006888621, 0.14970886995698662, 0.0, 0.0, 0.0, 0.04924297381484276, 0.0, 0.12299941714015558, 0.0, 0.01812760691895582)",1
1476,5,2,11,"(0.09033430006888621, 0.14970886995698662, 0.0, 0.0, 0.0, 0.04287136105339283, 0.0, 0.08279881135943302, 0.0, 0.01812760691895582)",1
1477,5,2,11,"(0.09033430006888621, 0.14970886995698662, 0.0, 0.0, 0.0, 0.04688669779969397, 0.0, 0.08279881135943302, 0.0, 0.01812760691895582)",481
1478,5,2,11,"(0.09033430006888621, 0.14970886995698662, 0.0, 0.0, 0.0, 0.04688669779969397, 0.0, 0.13120675252079309, 0.0, 0.01812760691895582)",3
1479,5,2,13,"(0.0, 0.0, 0.11679612853536596, 0.06920069129515957, 0.10499470587615788, 0.07489992963210028, 0.0, 0.0, 0.14899621190854193, 0.0)",1
1480,5,2,13,"(0.0, 0.0, 0.11679612853536596, 0.05475472104264989, 0.09172770611919409, 0.07489992963210028, 0.0, 0.0, 0.14899621190854193, 0.0)",4
1481,5,2,13,"(0.0, 0.0, 0.11679612853536596, 0.06920069129515957, 0.09172770611919409, 0.07489992963210028, 0.0, 0.0, 0.14899621190854193, 0.0)",174
1482,5,3,8,"(0.09369258606422372, 0.0, 0.09886232529533268, 0.04931443708829649, 0.09173902283359818, 0.0, 0.028624918864351683, 0.0, 0.0, 0.0)",2
1483,5,3,8,"(0.06631377023241335, 0.0, 0.09886232529533268, 0.09247639241939104, 0.09173902283359818, 0.0, 0.028624918864351683, 0.0, 0.0, 0.0)",1
1484,5,3,8,"(0.09369258606422372, 0.0, 0.21178380042310513, 0.09365405095990956, 0.09173902283359818, 0.0, 0.028624918864351683, 0.0, 0.0, 0.0)",14
1485,5,3,8,"(0.09369258606422372, 0.0, 0.09886232529533268, 0.09247639241939104, 0.09173902283359818, 0.0, 0.028624918864351683, 0.0, 0.0, 0.0)",298
1486,5,3,11,"(0.09033430006888621, 0.14970886995698662, 0.0, 0.0, 0.0, 0.04688669779969397, 0.0, 0.08279881135943302, 0.0, 0.01812760691895582)",450
1487,5,3,11,"(0.10023472012912868, 0.14970886995698662, 0.0, 0.0, 0.0, 0.05676739235924072, 0.0, 0.08279881135943302, 0.0, 0.01812760691895582)",3
1488,5,3,11,"(0.09033430006888621, 0.14970886995698662, 0.0, 0.0, 0.0, 0.0451579327401877, 0.0, 0.08279881135943302, 0.0, 0.01812760691895582)",3
1489,5,3,11,"(0.09033430006888621, 0.14970886995698662, 0.0, 0.0, 0.0, 0.04688669779969397, 0.0, 0.1724116743838991, 0.0, 0.01812760691895582)",2
1490,5,3,11,"(0.09033430006888621, 0.14970886995698662, 0.0, 0.0, 0.0, 0.04688669779969397, 0.0, 0.043089577681829146, 0.0, 0.01812760691895582)",6
1491,5,3,11,"(0.09033430006888621, 0.14970886995698662, 0.0, 0.0, 0.0, 0.07716417254201757, 0.0, 0.08279881135943302, 0.0, 0.01812760691895582)",1
1492,5,3,11,"(0.09033430006888621, 0.18370530079402003, 0.0, 0.0, 0.0, 0.04688669779969397, 0.0, 0.08279881135943302, 0.0, 0.01812760691895582)",22
1493,5,3,13,"(0.0, 0.0, 0.11679612853536596, 0.06920069129515957, 0.09172770611919409, 0.07949767085051153, 0.0, 0.0, 0.14899621190854193, 0.0)",105
1494,5,3,13,"(0.0, 0.0, 0.13962444334135432, 0.06920069129515957, 0.09172770611919409, 0.07949767085051153, 0.0, 0.0, 0.14899621190854193, 0.0)",1
1495,5,3,13,"(0.0, 0.0, 0.11679612853536596, 0.06920069129515957, 0.09172770611919409, 0.07489992963210028, 0.0, 0.0, 0.14899621190854193, 0.0)",53
1496,5,3,13,"(0.0, 0.0, 0.14307610708343543, 0.06920069129515957, 0.09172770611919409, 0.07949767085051153, 0.0, 0.0, 0.14899621190854193, 0.0)",2
1497,5,4,8,"(0.09369258606422372, 0.0, 0.09886232529533268, 0.09247639241939104, 0.09173902283359818, 0.0, 0.028624918864351683, 0.0, 0.0, 0.0)",278
1498,5,4,8,"(0.07408907308834457, 0.0, 0.09886232529533268, 0.09247639241939104, 0.09173902283359818, 0.0, 0.028624918864351683, 0.0, 0.0, 0.0)",3
1499,5,4,8,"(0.057613803043593696, 0.0, 0.09886232529533268, 0.09247639241939104, 0.09173902283359818, 0.0, 0.028624918864351683, 0.0, 0.0, 0.0)",11
1500,5,4,8,"(0.06972510352183213, 0.0, 0.09886232529533268, 0.14841507649947513, 0.09173902283359818, 0.0, 0.018077913025617426, 0.0, 0.0, 0.0)",1
1501,5,4,8,"(0.19229342936885496, 0.0, 0.09886232529533268, 0.09247639241939104, 0.09173902283359818, 0.0, 0.015694365478743602, 0.0, 0.0, 0.0)",1
1502,5,4,8,"(0.09159838766418585, 0.0, 0.09886232529533268, 0.09247639241939104, 0.09173902283359818, 0.0, 0.028624918864351683, 0.0, 0.0, 0.0)",17
1503,5,4,8,"(0.057613803043593696, 0.0, 0.1601908007517383, 0.09247639241939104, 0.09173902283359818, 0.0, 0.028624918864351683, 0.0, 0.0, 0.0)",3
1504,5,4,11,"(0.09033430006888621, 0.14970886995698662, 0.0, 0.0, 0.0, 0.04688669779969397, 0.0, 0.08279881135943302, 0.0, 0.01812760691895582)",396
1505,5,4,11,"(0.09033430006888621, 0.2855882813949483, 0.0, 0.0, 0.0, 0.04688669779969397, 0.0, 0.08279881135943302, 0.0, 0.01812760691895582)",2
1506,5,4,11,"(0.09033430006888621, 0.14970886995698662, 0.0, 0.0, 0.0, 0.07773713686561223, 0.0, 0.08279881135943302, 0.0, 0.01812760691895582)",5
1507,5,4,11,"(0.09033430006888621, 0.14970886995698662, 0.0, 0.0, 0.0, 0.06162049068317004, 0.0, 0.08279881135943302, 0.0, 0.01812760691895582)",3
1508,5,4,11,"(0.09033430006888621, 0.14970886995698662, 0.0, 0.0, 0.0, 0.04688669779969397, 0.0, 0.057154603566423795, 0.0, 0.01812760691895582)",1
1509,5,4,11,"(0.09033430006888621, 0.14970886995698662, 0.0, 0.0, 0.0, 0.04688669779969397, 0.0, 0.0993100815739947, 0.0, 0.01812760691895582)",4
1510,5,4,11,"(0.09033430006888621, 0.18370530079402003, 0.0, 0.0, 0.0, 0.04688669779969397, 0.0, 0.08279881135943302, 0.0, 0.01812760691895582)",77
1511,5,4,11,"(0.09033430006888621, 0.14970886995698662, 0.0, 0.0, 0.0, 0.04688669779969397, 0.0, 0.07925434236340745, 0.0, 0.01812760691895582)",2
1512,5,4,13,"(0.0, 0.0, 0.11679612853536596, 0.06920069129515957, 0.07328090617173551, 0.07949767085051153, 0.0, 0.0, 0.14899621190854193, 0.0)",2
1513,5,4,13,"(0.0, 0.0, 0.11679612853536596, 0.06920069129515957, 0.09172770611919409, 0.07489992963210028, 0.0, 0.0, 0.14899621190854193, 0.0)",101
1514,5,4,13,"(0.0, 0.0, 0.11679612853536596, 0.06920069129515957, 0.09172770611919409, 0.07949767085051153, 0.0, 0.0, 0.14899621190854193, 0.0)",55
1515,5,4,13,"(0.0, 0.0, 0.11679612853536596, 0.06920069129515957, 0.05573977453457103, 0.07489992963210028, 0.0, 0.0, 0.14899621190854193, 0.0)",1
1516,5,5,8,"(0.09369258606422372, 0.0, 0.09875718584184677, 0.09247639241939104, 0.09173902283359818, 0.0, 0.028624918864351683, 0.0, 0.0, 0.0)",2
1517,5,5,8,"(0.09369258606422372, 0.0, 0.16658413643689562, 0.09247639241939104, 0.09173902283359818, 0.0, 0.028624918864351683, 0.0, 0.0, 0.0)",1
1518,5,5,8,"(0.09369258606422372, 0.0, 0.0778300549520438, 0.09247639241939104, 0.09173902283359818, 0.0, 0.028624918864351683, 0.0, 0.0, 0.0)",1
1519,5,5,8,"(0.09369258606422372, 0.0, 0.09886232529533268, 0.09247639241939104, 0.09173902283359818, 0.0, 0.028624918864351683, 0.0, 0.0, 0.0)",336
1520,5,5,8,"(0.09369258606422372, 0.0, 0.09886232529533268, 0.11984911143742709, 0.09173902283359818, 0.0, 0.028624918864351683, 0.0, 0.0, 0.0)",5
1521,5,5,11,"(0.08389181617319982, 0.14970886995698662, 0.0, 0.0, 0.0, 0.05117636664771971, 0.0, 0.08279881135943302, 0.0, 0.029075043007843433)",2
1522,5,5,11,"(0.09033430006888621, 0.14970886995698662, 0.0, 0.0, 0.0, 0.04688669779969397, 0.0, 0.2188979316576844, 0.0, 0.01812760691895582)",1
1523,5,5,11,"(0.09033430006888621, 0.2330905653813096, 0.0, 0.0, 0.0, 0.04688669779969397, 0.0, 0.08279881135943302, 0.0, 0.01812760691895582)",1
1524,5,5,11,"(0.09033430006888621, 0.18370530079402003, 0.0, 0.0, 0.0, 0.04688669779969397, 0.0, 0.14561197120561306, 0.0, 0.01812760691895582)",3
1525,5,5,11,"(0.09033430006888621, 0.14970886995698662, 0.0, 0.0, 0.0, 0.04688669779969397, 0.0, 0.07656467767248887, 0.0, 0.01812760691895582)",1
1526,5,5,11,"(0.09033430006888621, 0.18370530079402003, 0.0, 0.0, 0.0, 0.04688669779969397, 0.0, 0.08279881135943302, 0.0, 0.01812760691895582)",102
1527,5,5,11,"(0.09553020251881919, 0.09736046256529184, 0.0, 0.0, 0.0, 0.04688669779969397, 0.0, 0.08279881135943302, 0.0, 0.01812760691895582)",8
1528,5,5,11,"(0.09033430006888621, 0.14970886995698662, 0.0, 0.0, 0.0, 0.04688669779969397, 0.0, 0.08279881135943302, 0.0, 0.01812760691895582)",357
1529,5,5,11,"(0.19357419694960423, 0.14970886995698662, 0.0, 0.0, 0.0, 0.04688669779969397, 0.0, 0.08279881135943302, 0.0, 0.01812760691895582)",2
1530,5,5,11,"(0.09033430006888621, 0.14970886995698662, 0.0, 0.0, 0.0, 0.03746425788817926, 0.0, 0.05146193985988641, 0.0, 0.034086045672787606)",2
1531,5,5,11,"(0.09033430006888621, 0.13425397531262057, 0.0, 0.0, 0.0, 0.04688669779969397, 0.0, 0.14926500193224734, 0.0, 0.015083799035431614)",5
1532,5,5,11,"(0.09033430006888621, 0.14970886995698662, 0.0, 0.0, 0.0, 0.03692546817782793, 0.0, 0.08279881135943302, 0.0, 0.01812760691895582)",6
1533,5,5,13,"(0.0, 0.0, 0.11679612853536596, 0.06920069129515957, 0.09172770611919409, 0.07949767085051153, 0.0, 0.0, 0.14899621190854193, 0.0)",94
1534,5,5,13,"(0.0, 0.0, 0.11679612853536596, 0.06920069129515957, 0.10109366492405432, 0.07949767085051153, 0.0, 0.0, 0.14899621190854193, 0.0)",1
1535,5,5,13,"(0.0, 0.0, 0.11679612853536596, 0.06920069129515957, 0.09172770611919409, 0.07489992963210028, 0.0, 0.0, 0.14899621190854193, 0.0)",87
1536,5,6,8,"(0.09369258606422372, 0.0, 0.06949432442179261, 0.09247639241939104, 0.09173902283359818, 0.0, 0.028624918864351683, 0.0, 0.0, 0.0)",1
1537,5,6,8,"(0.09369258606422372, 0.0, 0.09886232529533268, 0.09247639241939104, 0.09173902283359818, 0.0, 0.028624918864351683, 0.0, 0.0, 0.0)",361
1538,5,6,8,"(0.15924995579306686, 0.0, 0.09380992118272401, 0.09247639241939104, 0.09872567858558681, 0.0, 0.07882675432205954, 0.0, 0.0, 0.0)",1
1539,5,6,11,"(0.09033430006888621, 0.13497589238005459, 0.0, 0.0, 0.0, 0.04688669779969397, 0.0, 0.08279881135943302, 0.0, 0.01812760691895582)",1
1540,5,6,11,"(0.09033430006888621, 0.14970886995698662, 0.0, 0.0, 0.0, 0.04688669779969397, 0.0, 0.08279881135943302, 0.0, 0.01812760691895582)",433
1541,5,6,11,"(0.09033430006888621, 0.14970886995698662, 0.0, 0.0, 0.0, 0.04688669779969397, 0.0, 0.05811044401270709, 0.0, 0.01812760691895582)",6
1542,5,6,13,"(0.0, 0.0, 0.11679612853536596, 0.06920069129515957, 0.09905629531237499, 0.07489992963210028, 0.0, 0.0, 0.14899621190854193, 0.0)",119
1543,5,6,13,"(0.0, 0.0, 0.11679612853536596, 0.06920069129515957, 0.09172770611919409, 0.08726383532784655, 0.0, 0.0, 0.14899621190854193, 0.0)",2
1544,5,6,13,"(0.0, 0.0, 0.11679612853536596, 0.06920069129515957, 0.09172770611919409, 0.07489992963210028, 0.0, 0.0, 0.14899621190854193, 0.0)",47
1545,5,6,13,"(0.0, 0.0, 0.11679612853536596, 0.06920069129515957, 0.09905629531237499, 0.07489992963210028, 0.0, 0.0, 0.11344090493035555, 0.0)",4
1546,5,7,8,"(0.09369258606422372, 0.0, 0.09886232529533268, 0.09247639241939104, 0.04101186025359036, 0.0, 0.028624918864351683, 0.0, 0.0, 0.0)",1
1547,5,7,8,"(0.09369258606422372, 0.0, 0.09886232529533268, 0.09247639241939104, 0.08242001801552522, 0.0, 0.028624918864351683, 0.0, 0.0, 0.0)",2
1548,5,7,8,"(0.09369258606422372, 0.0, 0.09886232529533268, 0.09247639241939104, 0.09173902283359818, 0.0, 0.028624918864351683, 0.0, 0.0, 0.0)",363
1549,5,7,8,"(0.09369258606422372, 0.0, 0.09886232529533268, 0.057128494816468096, 0.09173902283359818, 0.0, 0.028624918864351683, 0.0, 0.0, 0.0)",4
1550,5,7,11,"(0.10387604121629579, 0.14970886995698662, 0.0, 0.0, 0.0, 0.04688669779969397, 0.0, 0.08279881135943302, 0.0, 0.01812760691895582)",2
1551,5,7,11,"(0.09033430006888621, 0.14970886995698662, 0.0, 0.0, 0.0, 0.04688669779969397, 0.0, 0.08279881135943302, 0.0, 0.01812760691895582)",369
1552,5,7,11,"(0.09033430006888621, 0.14970886995698662, 0.0, 0.0, 0.0, 0.04688669779969397, 0.0, 0.1285566333555503, 0.0, 0.01812760691895582)",9
1553,5,7,11,"(0.09033430006888621, 0.14970886995698662, 0.0, 0.0, 0.0, 0.023989743372210236, 0.0, 0.08279881135943302, 0.0, 0.01812760691895582)",12
1554,5,7,13,"(0.0, 0.0, 0.11679612853536596, 0.06920069129515957, 0.09172770611919409, 0.07489992963210028, 0.0, 0.0, 0.09093701711556787, 0.0)",2
1555,5,7,13,"(0.0, 0.0, 0.11679612853536596, 0.06920069129515957, 0.09172770611919409, 0.07489992963210028, 0.0, 0.0, 0.14899621190854193, 0.0)",177
1556,5,7,13,"(0.0, 0.0, 0.11679612853536596, 0.06920069129515957, 0.09905629531237499, 0.07489992963210028, 0.0, 0.0, 0.14899621190854193, 0.0)",4
1557,5,8,8,"(0.09369258606422372, 0.0, 0.09886232529533268, 0.09247639241939104, 0.03839285470888349, 0.0, 0.028624918864351683, 0.0, 0.0, 0.0)",1
1558,5,8,8,"(0.1378275471783389, 0.0, 0.09886232529533268, 0.09247639241939104, 0.07399840334382894, 0.0, 0.028624918864351683, 0.0, 0.0, 0.0)",1
1559,5,8,8,"(0.09369258606422372, 0.0, 0.09886232529533268, 0.09247639241939104, 0.09173902283359818, 0.0, 0.012028072468073444, 0.0, 0.0, 0.0)",1
1560,5,8,8,"(0.09369258606422372, 0.0, 0.09886232529533268, 0.09247639241939104, 0.11298470288535208, 0.0, 0.028624918864351683, 0.0, 0.0, 0.0)",2
1561,5,8,8,"(0.09369258606422372, 0.0, 0.09886232529533268, 0.09247639241939104, 0.09173902283359818, 0.0, 0.021281011113804656, 0.0, 0.0, 0.0)",1
1562,5,8,8,"(0.09369258606422372, 0.0, 0.09886232529533268, 0.09247639241939104, 0.09173902283359818, 0.0, 0.028624918864351683, 0.0, 0.0, 0.0)",306
1563,5,8,8,"(0.09369258606422372, 0.0, 0.09886232529533268, 0.09247639241939104, 0.07206908075040416, 0.0, 0.028624918864351683, 0.0, 0.0, 0.0)",4
1564,5,8,8,"(0.04921421245638066, 0.0, 0.09792055000212976, 0.09247639241939104, 0.09173902283359818, 0.0, 0.028624918864351683, 0.0, 0.0, 0.0)",39
1565,5,8,8,"(0.09369258606422372, 0.0, 0.09886232529533268, 0.09247639241939104, 0.08165779978417553, 0.0, 0.028624918864351683, 0.0, 0.0, 0.0)",14
1566,5,8,11,"(0.09033430006888621, 0.15350246438911533, 0.0, 0.0, 0.0, 0.04688669779969397, 0.0, 0.07173786877507013, 0.0, 0.01812760691895582)",1
1567,5,8,11,"(0.09033430006888621, 0.14970886995698662, 0.0, 0.0, 0.0, 0.04688669779969397, 0.0, 0.08279881135943302, 0.0, 0.01812760691895582)",373
1568,5,8,11,"(0.09033430006888621, 0.14970886995698662, 0.0, 0.0, 0.0, 0.04688669779969397, 0.0, 0.08279881135943302, 0.0, 0.012448366227440454)",2
1569,5,8,11,"(0.09033430006888621, 0.14970886995698662, 0.0, 0.0, 0.0, 0.03641734498171333, 0.0, 0.06140404116098597, 0.0, 0.015513802485062502)",2
1570,5,8,13,"(0.0, 0.0, 0.11679612853536596, 0.06920069129515957, 0.09854140482814773, 0.07489992963210028, 0.0, 0.0, 0.11612274189994937, 0.0)",1
1571,5,8,13,"(0.0, 0.0, 0.11679612853536596, 0.09981042912463885, 0.09172770611919409, 0.05763686380122344, 0.0, 0.0, 0.14899621190854193, 0.0)",4
1572,5,8,13,"(0.0, 0.0, 0.11679612853536596, 0.06920069129515957, 0.09172770611919409, 0.07489992963210028, 0.0, 0.0, 0.14899621190854193, 0.0)",53
1573,5,8,13,"(0.0, 0.0, 0.07149111305384837, 0.11920777404319284, 0.09172770611919409, 0.06558186254901321, 0.0, 0.0, 0.14899621190854193, 0.0)",2
1574,5,8,13,"(0.0, 0.0, 0.11679612853536596, 0.06920069129515957, 0.09905629531237499, 0.07489992963210028, 0.0, 0.0, 0.14899621190854193, 0.0)",103
1575,5,9,8,"(0.09369258606422372, 0.0, 0.09886232529533268, 0.09247639241939104, 0.09173902283359818, 0.0, 0.0424319547349563, 0.0, 0.0, 0.0)",1
1576,5,9,8,"(0.09369258606422372, 0.0, 0.11766281308065167, 0.09247639241939104, 0.09173902283359818, 0.0, 0.028624918864351683, 0.0, 0.0, 0.0)",1
1577,5,9,8,"(0.09369258606422372, 0.0, 0.13719716498891024, 0.09247639241939104, 0.09173902283359818, 0.0, 0.028624918864351683, 0.0, 0.0, 0.0)",1
1578,5,9,8,"(0.09369258606422372, 0.0, 0.09886232529533268, 0.09247639241939104, 0.10388099938055242, 0.0, 0.028624918864351683, 0.0, 0.0, 0.0)",1
1579,5,9,8,"(0.09369258606422372, 0.0, 0.09886232529533268, 0.09247639241939104, 0.05633868032804942, 0.0, 0.03084205187801506, 0.0, 0.0, 0.0)",2
1580,5,9,8,"(0.09369258606422372, 0.0, 0.16439385110514332, 0.09247639241939104, 0.09173902283359818, 0.0, 0.028624918864351683, 0.0, 0.0, 0.0)",3
1581,5,9,8,"(0.09369258606422372, 0.0, 0.09886232529533268, 0.09108857126568368, 0.09173902283359818, 0.0, 0.028624918864351683, 0.0, 0.0, 0.0)",12
1582,5,9,8,"(0.09369258606422372, 0.0, 0.09886232529533268, 0.09247639241939104, 0.09173902283359818, 0.0, 0.025854426109749064, 0.0, 0.0, 0.0)",4
1583,5,9,8,"(0.09369258606422372, 0.0, 0.09886232529533268, 0.09247639241939104, 0.09173902283359818, 0.0, 0.028624918864351683, 0.0, 0.0, 0.0)",320
1584,5,9,8,"(0.09369258606422372, 0.0, 0.08795516384792507, 0.14681396164760474, 0.09173902283359818, 0.0, 0.028624918864351683, 0.0, 0.0, 0.0)",1
1585,5,9,8,"(0.040843838835980424, 0.0, 0.09886232529533268, 0.09247639241939104, 0.09173902283359818, 0.0, 0.028624918864351683, 0.0, 0.0, 0.0)",1
1586,5,9,11,"(0.09033430006888621, 0.14970886995698662, 0.0, 0.0, 0.0, 0.0432010229310018, 0.0, 0.08279881135943302, 0.0, 0.01812760691895582)",2
1587,5,9,11,"(0.09033430006888621, 0.14970886995698662, 0.0, 0.0, 0.0, 0.053977188320091095, 0.0, 0.08279881135943302, 0.0, 0.01812760691895582)",6
1588,5,9,11,"(0.09033430006888621, 0.14970886995698662, 0.0, 0.0, 0.0, 0.04406755917534697, 0.0, 0.08279881135943302, 0.0, 0.01819954378734693)",23
1589,5,9,11,"(0.09033430006888621, 0.14970886995698662, 0.0, 0.0, 0.0, 0.07310493368438298, 0.0, 0.08279881135943302, 0.0, 0.01812760691895582)",9
1590,5,9,11,"(0.09033430006888621, 0.08490584047162278, 0.0, 0.0, 0.0, 0.04688669779969397, 0.0, 0.08279881135943302, 0.0, 0.01812760691895582)",1
1591,5,9,11,"(0.09033430006888621, 0.14970886995698662, 0.0, 0.0, 0.0, 0.04688669779969397, 0.0, 0.08279881135943302, 0.0, 0.01812760691895582)",419
1592,5,9,11,"(0.09033430006888621, 0.13821689263700973, 0.0, 0.0, 0.0, 0.04688669779969397, 0.0, 0.08279881135943302, 0.0, 0.01812760691895582)",5
1593,5,9,11,"(0.06929256986599869, 0.14970886995698662, 0.0, 0.0, 0.0, 0.04688669779969397, 0.0, 0.08279881135943302, 0.0, 0.01812760691895582)",1
1594,5,9,11,"(0.09033430006888621, 0.18248958460704925, 0.0, 0.0, 0.0, 0.04688669779969397, 0.0, 0.08279881135943302, 0.0, 0.01812760691895582)",2
1595,5,9,13,"(0.0, 0.0, 0.11679612853536596, 0.06920069129515957, 0.09172770611919409, 0.07489992963210028, 0.0, 0.0, 0.14899621190854193, 0.0)",171
1596,5,9,13,"(0.0, 0.0, 0.16001914856609617, 0.06920069129515957, 0.09172770611919409, 0.07489992963210028, 0.0, 0.0, 0.16903504168549946, 0.0)",1
1597,5,9,13,"(0.0, 0.0, 0.11679612853536596, 0.06920069129515957, 0.09172770611919409, 0.03696881819036011, 0.0, 0.0, 0.1818112378540779, 0.0)",2
1598,5,10,8,"(0.09369258606422372, 0.0, 0.09886232529533268, 0.09247639241939104, 0.09173902283359818, 0.0, 0.028624918864351683, 0.0, 0.0, 0.0)",302
1599,5,10,8,"(0.1730626162061192, 0.0, 0.145097138557023, 0.09247639241939104, 0.09173902283359818, 0.0, 0.028624918864351683, 0.0, 0.0, 0.0)",1
1600,5,10,8,"(0.09369258606422372, 0.0, 0.09886232529533268, 0.05159053283233754, 0.09173902283359818, 0.0, 0.027468466178068782, 0.0, 0.0, 0.0)",1
1601,5,10,8,"(0.09369258606422372, 0.0, 0.09886232529533268, 0.09247639241939104, 0.09173902283359818, 0.0, 0.022294506408972847, 0.0, 0.0, 0.0)",1
1602,5,10,8,"(0.09369258606422372, 0.0, 0.09886232529533268, 0.13887213743347945, 0.09173902283359818, 0.0, 0.028624918864351683, 0.0, 0.0, 0.0)",1
1603,5,10,8,"(0.09369258606422372, 0.0, 0.09886232529533268, 0.09108857126568368, 0.09173902283359818, 0.0, 0.028624918864351683, 0.0, 0.0, 0.0)",28
1604,5,10,11,"(0.09033430006888621, 0.14970886995698662, 0.0, 0.0, 0.0, 0.04688669779969397, 0.0, 0.05877022222622741, 0.0, 0.01003832934902874)",2
1605,5,10,11,"(0.09033430006888621, 0.14970886995698662, 0.0, 0.0, 0.0, 0.04688669779969397, 0.0, 0.08279881135943302, 0.0, 0.03312900820270482)",1
1606,5,10,11,"(0.09033430006888621, 0.14970886995698662, 0.0, 0.0, 0.0, 0.04688669779969397, 0.0, 0.08279881135943302, 0.0, 0.01812760691895582)",440
1607,5,10,11,"(0.09033430006888621, 0.14970886995698662, 0.0, 0.0, 0.0, 0.03720591625103949, 0.0, 0.08279881135943302, 0.0, 0.01812760691895582)",3
1608,5,10,11,"(0.1083061452778969, 0.14970886995698662, 0.0, 0.0, 0.0, 0.04688669779969397, 0.0, 0.08279881135943302, 0.0, 0.01812760691895582)",43
1609,5,10,11,"(0.09033430006888621, 0.14970886995698662, 0.0, 0.0, 0.0, 0.04688669779969397, 0.0, 0.08279881135943302, 0.0, 0.01970267342574176)",1
1610,5,10,11,"(0.09033430006888621, 0.14970886995698662, 0.0, 0.0, 0.0, 0.04568906259093692, 0.0, 0.08279881135943302, 0.0, 0.01812760691895582)",11
1611,5,10,11,"(0.09033430006888621, 0.08848861532512271, 0.0, 0.0, 0.0, 0.04632047414952558, 0.0, 0.08279881135943302, 0.0, 0.01812760691895582)",1
1612,5,10,11,"(0.09033430006888621, 0.14970886995698662, 0.0, 0.0, 0.0, 0.04688669779969397, 0.0, 0.05217313942770593, 0.0, 0.01812760691895582)",4
1613,5,10,11,"(0.09847357223753575, 0.14970886995698662, 0.0, 0.0, 0.0, 0.04688669779969397, 0.0, 0.08279881135943302, 0.0, 0.01812760691895582)",1
1614,5,10,11,"(0.09033430006888621, 0.1179237218255596, 0.0, 0.0, 0.0, 0.04688669779969397, 0.0, 0.08279881135943302, 0.0, 0.01812760691895582)",2
1615,5,10,13,"(0.0, 0.0, 0.11679612853536596, 0.06920069129515957, 0.09172770611919409, 0.07489992963210028, 0.0, 0.0, 0.14899621190854193, 0.0)",156
1616,5,10,13,"(0.0, 0.0, 0.11679612853536596, 0.061637470269644896, 0.09172770611919409, 0.07489992963210028, 0.0, 0.0, 0.14899621190854193, 0.0)",2
1617,5,10,13,"(0.0, 0.0, 0.1049461819972074, 0.051983813384213026, 0.09172770611919409, 0.03792254056767831, 0.0, 0.0, 0.13480659237193618, 0.0)",1
1618,5,11,8,"(0.09369258606422372, 0.0, 0.09886232529533268, 0.09247639241939104, 0.09173902283359818, 0.0, 0.028624918864351683, 0.0, 0.0, 0.0)",267
1619,5,11,8,"(0.09369258606422372, 0.0, 0.08088831871929023, 0.09247639241939104, 0.09173902283359818, 0.0, 0.028624918864351683, 0.0, 0.0, 0.0)",3
1620,5,11,8,"(0.09369258606422372, 0.0, 0.09886232529533268, 0.09108857126568368, 0.20358128318383387, 0.0, 0.028624918864351683, 0.0, 0.0, 0.0)",3
1621,5,11,8,"(0.0927808390091217, 0.0, 0.09886232529533268, 0.07494320121315473, 0.09173902283359818, 0.0, 0.028624918864351683, 0.0, 0.0, 0.0)",1
1622,5,11,8,"(0.09369258606422372, 0.0, 0.09886232529533268, 0.09108857126568368, 0.05269058764110433, 0.0, 0.028624918864351683, 0.0, 0.0, 0.0)",2
1623,5,11,8,"(0.09369258606422372, 0.0, 0.09886232529533268, 0.09108857126568368, 0.09173902283359818, 0.0, 0.028624918864351683, 0.0, 0.0, 0.0)",66
1624,5,11,11,"(0.09033430006888621, 0.14970886995698662, 0.0, 0.0, 0.0, 0.06682731238639322, 0.0, 0.08279881135943302, 0.0, 0.021662887926547962)",1
1625,5,11,11,"(0.09033430006888621, 0.14970886995698662, 0.0, 0.0, 0.0, 0.057903389485790144, 0.0, 0.08279881135943302, 0.0, 0.01812760691895582)",1
1626,5,11,11,"(0.09033430006888621, 0.20661246176703282, 0.0, 0.0, 0.0, 0.04688669779969397, 0.0, 0.08279881135943302, 0.0, 0.01812760691895582)",1
1627,5,11,11,"(0.09033430006888621, 0.14970886995698662, 0.0, 0.0, 0.0, 0.04688669779969397, 0.0, 0.08279881135943302, 0.0, 0.01883850595664147)",1
1628,5,11,11,"(0.09033430006888621, 0.14970886995698662, 0.0, 0.0, 0.0, 0.04688669779969397, 0.0, 0.08279881135943302, 0.0, 0.01812760691895582)",419
1629,5,11,11,"(0.09620520075906247, 0.14970886995698662, 0.0, 0.0, 0.0, 0.04688669779969397, 0.0, 0.08279881135943302, 0.0, 0.01812760691895582)",14
1630,5,11,11,"(0.09033430006888621, 0.14970886995698662, 0.0, 0.0, 0.0, 0.04688669779969397, 0.0, 0.08279881135943302, 0.0, 0.01097282342603045)",2
1631,5,11,11,"(0.09033430006888621, 0.14970886995698662, 0.0, 0.0, 0.0, 0.04688669779969397, 0.0, 0.08279881135943302, 0.0, 0.01989608872388005)",1
1632,5,11,11,"(0.09033430006888621, 0.14970886995698662, 0.0, 0.0, 0.0, 0.04688669779969397, 0.0, 0.08279881135943302, 0.0, 0.0159759730095007)",1
1633,5,11,11,"(0.1083061452778969, 0.14970886995698662, 0.0, 0.0, 0.0, 0.04688669779969397, 0.0, 0.08279881135943302, 0.0, 0.01812760691895582)",8
1634,5,11,11,"(0.08444667840343466, 0.14970886995698662, 0.0, 0.0, 0.0, 0.033779352770482496, 0.0, 0.08279881135943302, 0.0, 0.014611950271879129)",1
1635,5,11,13,"(0.0, 0.0, 0.15737825430710978, 0.06920069129515957, 0.09172770611919409, 0.07489992963210028, 0.0, 0.0, 0.14899621190854193, 0.0)",1
1636,5,11,13,"(0.0, 0.0, 0.11679612853536596, 0.06920069129515957, 0.09172770611919409, 0.07489992963210028, 0.0, 0.0, 0.14899621190854193, 0.0)",150
1637,5,11,13,"(0.0, 0.0, 0.0650322997188458, 0.06920069129515957, 0.09172770611919409, 0.07489992963210028, 0.0, 0.0, 0.14899621190854193, 0.0)",3
1638,5,12,8,"(0.09369258606422372, 0.0, 0.09886232529533268, 0.09247639241939104, 0.0943656685987941, 0.0, 0.028624918864351683, 0.0, 0.0, 0.0)",3
1639,5,12,8,"(0.09369258606422372, 0.0, 0.09886232529533268, 0.09247639241939104, 0.03805747081215578, 0.0, 0.028624918864351683, 0.0, 0.0, 0.0)",1
1640,5,12,8,"(0.09369258606422372, 0.0, 0.09886232529533268, 0.09247639241939104, 0.09173902283359818, 0.0, 0.028624918864351683, 0.0, 0.0, 0.0)",385
1641,5,12,8,"(0.09369258606422372, 0.0, 0.09886232529533268, 0.08143547369383983, 0.09173902283359818, 0.0, 0.028624918864351683, 0.0, 0.0, 0.0)",1
1642,5,12,11,"(0.07122683119905736, 0.14970886995698662, 0.0, 0.0, 0.0, 0.04688669779969397, 0.0, 0.08279881135943302, 0.0, 0.021069324088052573)",1
1643,5,12,11,"(0.09033430006888621, 0.14970886995698662, 0.0, 0.0, 0.0, 0.02549036526111725, 0.0, 0.08279881135943302, 0.0, 0.01812760691895582)",2
1644,5,12,11,"(0.09033430006888621, 0.14970886995698662, 0.0, 0.0, 0.0, 0.04688669779969397, 0.0, 0.08279881135943302, 0.0, 0.04091143001726942)",1
1645,5,12,11,"(0.09033430006888621, 0.14970886995698662, 0.0, 0.0, 0.0, 0.04688669779969397, 0.0, 0.08279881135943302, 0.0, 0.025228846548714556)",9
1646,5,12,11,"(0.09033430006888621, 0.14970886995698662, 0.0, 0.0, 0.0, 0.04688669779969397, 0.0, 0.0508128182799316, 0.0, 0.01812760691895582)",4
1647,5,12,11,"(0.09033430006888621, 0.14970886995698662, 0.0, 0.0, 0.0, 0.04688669779969397, 0.0, 0.17126403991516062, 0.0, 0.025228846548714556)",2
1648,5,12,11,"(0.09033430006888621, 0.14970886995698662, 0.0, 0.0, 0.0, 0.04688669779969397, 0.0, 0.08279881135943302, 0.0, 0.009878055785767769)",1
1649,5,12,11,"(0.17984853490185282, 0.14970886995698662, 0.0, 0.0, 0.0, 0.04688669779969397, 0.0, 0.08874799706653884, 0.0, 0.014429800094224014)",1
1650,5,12,11,"(0.0934186087201941, 0.14970886995698662, 0.0, 0.0, 0.0, 0.04688669779969397, 0.0, 0.08279881135943302, 0.0, 0.01812760691895582)",2
1651,5,12,11,"(0.09033430006888621, 0.14970886995698662, 0.0, 0.0, 0.0, 0.04688669779969397, 0.0, 0.08279881135943302, 0.0, 0.01812760691895582)",421
1652,5,12,11,"(0.09033430006888621, 0.22285351277457105, 0.0, 0.0, 0.0, 0.04688669779969397, 0.0, 0.08279881135943302, 0.0, 0.01812760691895582)",1
1653,5,12,11,"(0.0802685854204565, 0.14970886995698662, 0.0, 0.0, 0.0, 0.04688669779969397, 0.0, 0.08279881135943302, 0.0, 0.01812760691895582)",4
1654,5,12,11,"(0.09033430006888621, 0.14970886995698662, 0.0, 0.0, 0.0, 0.023554689802039383, 0.0, 0.08279881135943302, 0.0, 0.01812760691895582)",1
1655,5,12,13,"(0.0, 0.0, 0.2528266079299346, 0.06920069129515957, 0.09172770611919409, 0.07489992963210028, 0.0, 0.0, 0.14899621190854193, 0.0)",1
1656,5,12,13,"(0.0, 0.0, 0.11679612853536596, 0.06920069129515957, 0.09172770611919409, 0.0907411743513183, 0.0, 0.0, 0.14899621190854193, 0.0)",14
1657,5,12,13,"(0.0, 0.0, 0.11679612853536596, 0.06920069129515957, 0.09172770611919409, 0.07489992963210028, 0.0, 0.0, 0.14899621190854193, 0.0)",158
1658,5,13,8,"(0.09369258606422372, 0.0, 0.09886232529533268, 0.09247639241939104, 0.09173902283359818, 0.0, 0.04089503314119372, 0.0, 0.0, 0.0)",1
1659,5,13,8,"(0.09704953553956054, 0.0, 0.09886232529533268, 0.09247639241939104, 0.09173902283359818, 0.0, 0.028624918864351683, 0.0, 0.0, 0.0)",1
1660,5,13,8,"(0.11178747707840606, 0.0, 0.09886232529533268, 0.09247639241939104, 0.09173902283359818, 0.0, 0.028624918864351683, 0.0, 0.0, 0.0)",43
1661,5,13,8,"(0.09369258606422372, 0.0, 0.09886232529533268, 0.09247639241939104, 0.08843594447403649, 0.0, 0.028624918864351683, 0.0, 0.0, 0.0)",3
1662,5,13,8,"(0.09369258606422372, 0.0, 0.12874669743728956, 0.09247639241939104, 0.09173902283359818, 0.0, 0.028624918864351683, 0.0, 0.0, 0.0)",2
1663,5,13,8,"(0.09369258606422372, 0.0, 0.09886232529533268, 0.09247639241939104, 0.09173902283359818, 0.0, 0.028624918864351683, 0.0, 0.0, 0.0)",326
1664,5,13,11,"(0.09033430006888621, 0.14970886995698662, 0.0, 0.0, 0.0, 0.04688669779969397, 0.0, 0.08279881135943302, 0.0, 0.01812760691895582)",391
1665,5,13,11,"(0.09033430006888621, 0.14970886995698662, 0.0, 0.0, 0.0, 0.04688669779969397, 0.0, 0.08279881135943302, 0.0, 0.022274489695846698)",3
1666,5,13,11,"(0.09033430006888621, 0.14970886995698662, 0.0, 0.0, 0.0, 0.05270885458915751, 0.0, 0.08279881135943302, 0.0, 0.01812760691895582)",1
1667,5,13,11,"(0.09033430006888621, 0.14970886995698662, 0.0, 0.0, 0.0, 0.053410515257461266, 0.0, 0.08279881135943302, 0.0, 0.01812760691895582)",1
1668,5,13,11,"(0.09033430006888621, 0.14970886995698662, 0.0, 0.0, 0.0, 0.03317445333378303, 0.0, 0.08279881135943302, 0.0, 0.01812760691895582)",1
1669,5,13,11,"(0.09033430006888621, 0.14970886995698662, 0.0, 0.0, 0.0, 0.04688669779969397, 0.0, 0.1105141850258151, 0.0, 0.018373343035977596)",1
1670,5,13,13,"(0.0, 0.0, 0.11679612853536596, 0.06920069129515957, 0.09172770611919409, 0.07489992963210028, 0.0, 0.0, 0.14899621190854193, 0.0)",157
1671,5,13,13,"(0.0, 0.0, 0.11679612853536596, 0.06920069129515957, 0.15774283120764598, 0.07759570251931901, 0.0, 0.0, 0.14899621190854193, 0.0)",1
1672,5,13,13,"(0.0, 0.0, 0.11679612853536596, 0.06920069129515957, 0.09172770611919409, 0.07489992963210028, 0.0, 0.0, 0.14730011014033292, 0.0)",2
1673,5,14,8,"(0.09369258606422372, 0.0, 0.09886232529533268, 0.09247639241939104, 0.1709606777975724, 0.0, 0.03740477897943633, 0.0, 0.0, 0.0)",1
1674,5,14,8,"(0.11433430215644934, 0.0, 0.09886232529533268, 0.09247639241939104, 0.09173902283359818, 0.0, 0.028624918864351683, 0.0, 0.0, 0.0)",1
1675,5,14,8,"(0.11178747707840606, 0.0, 0.09886232529533268, 0.09247639241939104, 0.09173902283359818, 0.0, 0.028624918864351683, 0.0, 0.0, 0.0)",5
1676,5,14,8,"(0.09369258606422372, 0.0, 0.13100617385955496, 0.09247639241939104, 0.09173902283359818, 0.0, 0.028624918864351683, 0.0, 0.0, 0.0)",3
1677,5,14,8,"(0.09369258606422372, 0.0, 0.09886232529533268, 0.09247639241939104, 0.09173902283359818, 0.0, 0.028624918864351683, 0.0, 0.0, 0.0)",332
1678,5,14,11,"(0.09033430006888621, 0.09602470092500791, 0.0, 0.0, 0.0, 0.04688669779969397, 0.0, 0.08279881135943302, 0.0, 0.01812760691895582)",3
1679,5,14,11,"(0.09033430006888621, 0.14970886995698662, 0.0, 0.0, 0.0, 0.06560692247537986, 0.0, 0.09421268088987925, 0.0, 0.01812760691895582)",1
1680,5,14,11,"(0.09033430006888621, 0.14970886995698662, 0.0, 0.0, 0.0, 0.11831400464372298, 0.0, 0.08279881135943302, 0.0, 0.01812760691895582)",1
1681,5,14,11,"(0.09033430006888621, 0.1315992043682495, 0.0, 0.0, 0.0, 0.04688669779969397, 0.0, 0.08279881135943302, 0.0, 0.01812760691895582)",7
1682,5,14,11,"(0.09033430006888621, 0.14970886995698662, 0.0, 0.0, 0.0, 0.04688669779969397, 0.0, 0.08279881135943302, 0.0, 0.025228846548714556)",12
1683,5,14,11,"(0.09033430006888621, 0.14970886995698662, 0.0, 0.0, 0.0, 0.04688669779969397, 0.0, 0.08279881135943302, 0.0, 0.01812760691895582)",397
1684,5,14,11,"(0.09033430006888621, 0.14970886995698662, 0.0, 0.0, 0.0, 0.04688669779969397, 0.0, 0.08279881135943302, 0.0, 0.008250642826808366)",1
1685,5,14,11,"(0.09033430006888621, 0.11987490295913412, 0.0, 0.0, 0.0, 0.029451735923634988, 0.0, 0.08279881135943302, 0.0, 0.01812760691895582)",4
1686,5,14,11,"(0.09033430006888621, 0.14970886995698662, 0.0, 0.0, 0.0, 0.06450492244036886, 0.0, 0.08279881135943302, 0.0, 0.01812760691895582)",1
1687,5,14,13,"(0.0, 0.0, 0.10765391277234405, 0.06920069129515957, 0.15886481991153495, 0.07489992963210028, 0.0, 0.0, 0.14899621190854193, 0.0)",2
1688,5,14,13,"(0.0, 0.0, 0.11679612853536596, 0.06920069129515957, 0.09172770611919409, 0.07489992963210028, 0.0, 0.0, 0.14899621190854193, 0.0)",144
1689,5,15,8,"(0.09369258606422372, 0.0, 0.09886232529533268, 0.09247639241939104, 0.07623233038271364, 0.0, 0.028624918864351683, 0.0, 0.0, 0.0)",5
1690,5,15,8,"(0.04175605203301866, 0.0, 0.09886232529533268, 0.09247639241939104, 0.09173902283359818, 0.0, 0.028624918864351683, 0.0, 0.0, 0.0)",2
1691,5,15,8,"(0.09369258606422372, 0.0, 0.09886232529533268, 0.09247639241939104, 0.09173902283359818, 0.0, 0.028624918864351683, 0.0, 0.0, 0.0)",279
1692,5,15,8,"(0.09369258606422372, 0.0, 0.09886232529533268, 0.09247639241939104, 0.0966716053561692, 0.0, 0.028624918864351683, 0.0, 0.0, 0.0)",88
1693,5,15,8,"(0.09369258606422372, 0.0, 0.09886232529533268, 0.09247639241939104, 0.05521363625326077, 0.0, 0.0360095258435186, 0.0, 0.0, 0.0)",1
1694,5,15,8,"(0.09369258606422372, 0.0, 0.09886232529533268, 0.03712188051015489, 0.0966716053561692, 0.0, 0.028624918864351683, 0.0, 0.0, 0.0)",15
1695,5,15,8,"(0.09369258606422372, 0.0, 0.15701185212573024, 0.09247639241939104, 0.09173902283359818, 0.0, 0.02967126073759718, 0.0, 0.0, 0.0)",2
1696,5,15,11,"(0.09033430006888621, 0.14970886995698662, 0.0, 0.0, 0.0, 0.04688669779969397, 0.0, 0.10892545705921042, 0.0, 0.015909111351064927)",2
1697,5,15,11,"(0.13050926001833163, 0.14970886995698662, 0.0, 0.0, 0.0, 0.04688669779969397, 0.0, 0.08279881135943302, 0.0, 0.01812760691895582)",1
1698,5,15,11,"(0.09651262903525483, 0.14970886995698662, 0.0, 0.0, 0.0, 0.04688669779969397, 0.0, 0.08279881135943302, 0.0, 0.01812760691895582)",16
1699,5,15,11,"(0.09033430006888621, 0.14970886995698662, 0.0, 0.0, 0.0, 0.04688669779969397, 0.0, 0.08279881135943302, 0.0, 0.01812760691895582)",364
1700,5,15,11,"(0.0711465177856363, 0.14970886995698662, 0.0, 0.0, 0.0, 0.04688669779969397, 0.0, 0.10003605163944482, 0.0, 0.01812760691895582)",1
1701,5,15,11,"(0.12374886595574527, 0.14970886995698662, 0.0, 0.0, 0.0, 0.04688669779969397, 0.0, 0.08279881135943302, 0.0, 0.01812760691895582)",1
1702,5,15,13,"(0.0, 0.0, 0.11679612853536596, 0.06920069129515957, 0.09172770611919409, 0.07489992963210028, 0.0, 0.0, 0.14899621190854193, 0.0)",158
1703,5,15,13,"(0.0, 0.0, 0.15665928516772984, 0.06920069129515957, 0.09172770611919409, 0.07489992963210028, 0.0, 0.0, 0.06877854967392778, 0.0)",1
1704,5,16,8,"(0.09369258606422372, 0.0, 0.09886232529533268, 0.09247639241939104, 0.09173902283359818, 0.0, 0.028624918864351683, 0.0, 0.0, 0.0)",271
1705,5,16,8,"(0.07910868710797911, 0.0, 0.09886232529533268, 0.07068518027438714, 0.09173902283359818, 0.0, 0.028624918864351683, 0.0, 0.0, 0.0)",3
1706,5,16,8,"(0.09369258606422372, 0.0, 0.09886232529533268, 0.06337197658068483, 0.09173902283359818, 0.0, 0.028624918864351683, 0.0, 0.0, 0.0)",1
1707,5,16,8,"(0.1375486423819658, 0.0, 0.09886232529533268, 0.09247639241939104, 0.09173902283359818, 0.0, 0.028624918864351683, 0.0, 0.0, 0.0)",1
1708,5,16,8,"(0.09369258606422372, 0.0, 0.08892879196641632, 0.09247639241939104, 0.09173902283359818, 0.0, 0.024208235072446353, 0.0, 0.0, 0.0)",2
1709,5,16,8,"(0.09369258606422372, 0.0, 0.09886232529533268, 0.09247639241939104, 0.0966716053561692, 0.0, 0.028624918864351683, 0.0, 0.0, 0.0)",36
1710,5,16,11,"(0.07173457554053685, 0.1475704475764874, 0.0, 0.0, 0.0, 0.04688669779969397, 0.0, 0.0925328991302105, 0.0, 0.01812760691895582)",1
1711,5,16,11,"(0.124686951374227, 0.14970886995698662, 0.0, 0.0, 0.0, 0.019243751692132882, 0.0, 0.08279881135943302, 0.0, 0.03039692794699987)",1
1712,5,16,11,"(0.09033430006888621, 0.14310574019367575, 0.0, 0.0, 0.0, 0.04688669779969397, 0.0, 0.08279881135943302, 0.0, 0.01812760691895582)",1
1713,5,16,11,"(0.09033430006888621, 0.14970886995698662, 0.0, 0.0, 0.0, 0.04688669779969397, 0.0, 0.08279881135943302, 0.0, 0.01812760691895582)",536
1714,5,16,11,"(0.10740340703754052, 0.14970886995698662, 0.0, 0.0, 0.0, 0.04688669779969397, 0.0, 0.08279881135943302, 0.0, 0.01812760691895582)",1
1715,5,16,11,"(0.124686951374227, 0.14970886995698662, 0.0, 0.0, 0.0, 0.019243751692132882, 0.0, 0.08279881135943302, 0.0, 0.01812760691895582)",8
1716,5,16,11,"(0.09651262903525483, 0.14970886995698662, 0.0, 0.0, 0.0, 0.04688669779969397, 0.0, 0.08279881135943302, 0.0, 0.01812760691895582)",14
1717,5,16,11,"(0.09033430006888621, 0.14970886995698662, 0.0, 0.0, 0.0, 0.04688669779969397, 0.0, 0.15984896424340184, 0.0, 0.01812760691895582)",1
1718,5,16,11,"(0.1351437623833161, 0.14970886995698662, 0.0, 0.0, 0.0, 0.04688669779969397, 0.0, 0.08279881135943302, 0.0, 0.01812760691895582)",1
1719,5,16,11,"(0.08636763798819846, 0.14970886995698662, 0.0, 0.0, 0.0, 0.04688669779969397, 0.0, 0.08279881135943302, 0.0, 0.01812760691895582)",1
1720,5,16,11,"(0.09033430006888621, 0.13551599602113418, 0.0, 0.0, 0.0, 0.0495040474213739, 0.0, 0.08279881135943302, 0.0, 0.01812760691895582)",4
1721,5,16,13,"(0.0, 0.0, 0.11679612853536596, 0.06920069129515957, 0.09172770611919409, 0.07489992963210028, 0.0, 0.0, 0.14899621190854193, 0.0)",156
1722,5,17,8,"(0.09369258606422372, 0.0, 0.09886232529533268, 0.08306995927691033, 0.09173902283359818, 0.0, 0.028624918864351683, 0.0, 0.0, 0.0)",3
1723,5,17,8,"(0.05353674288342847, 0.0, 0.09886232529533268, 0.09247639241939104, 0.09173902283359818, 0.0, 0.028624918864351683, 0.0, 0.0, 0.0)",8
1724,5,17,8,"(0.09369258606422372, 0.0, 0.09886232529533268, 0.09247639241939104, 0.09173902283359818, 0.0, 0.028624918864351683, 0.0, 0.0, 0.0)",157
1725,5,17,8,"(0.09369258606422372, 0.0, 0.09886232529533268, 0.05584835968852088, 0.0966716053561692, 0.0, 0.028624918864351683, 0.0, 0.0, 0.0)",1
1726,5,17,8,"(0.09369258606422372, 0.0, 0.09886232529533268, 0.09247639241939104, 0.0966716053561692, 0.0, 0.028624918864351683, 0.0, 0.0, 0.0)",136
1727,5,17,8,"(0.09369258606422372, 0.0, 0.09886232529533268, 0.09247639241939104, 0.0966716053561692, 0.0, 0.0257640803790472, 0.0, 0.0, 0.0)",1
1728,5,17,8,"(0.09369258606422372, 0.0, 0.09886232529533268, 0.2306006799367727, 0.0966716053561692, 0.0, 0.029726870078841894, 0.0, 0.0, 0.0)",1
1729,5,17,11,"(0.09033430006888621, 0.19849306966034494, 0.0, 0.0, 0.0, 0.04688669779969397, 0.0, 0.08279881135943302, 0.0, 0.01812760691895582)",1
1730,5,17,11,"(0.09033430006888621, 0.08248987875829342, 0.0, 0.0, 0.0, 0.019711046495073277, 0.0, 0.08279881135943302, 0.0, 0.01812760691895582)",1
1731,5,17,11,"(0.09033430006888621, 0.10320157306625337, 0.0, 0.0, 0.0, 0.04688669779969397, 0.0, 0.08279881135943302, 0.0, 0.01812760691895582)",1
1732,5,17,11,"(0.10793841289966842, 0.14970886995698662, 0.0, 0.0, 0.0, 0.04688669779969397, 0.0, 0.08279881135943302, 0.0, 0.01812760691895582)",1
1733,5,17,11,"(0.09033430006888621, 0.15464236402924036, 0.0, 0.0, 0.0, 0.04688669779969397, 0.0, 0.08279881135943302, 0.0, 0.015202467777735188)",1
1734,5,17,11,"(0.09033430006888621, 0.14970886995698662, 0.0, 0.0, 0.0, 0.0339905618353044, 0.0, 0.08279881135943302, 0.0, 0.01812760691895582)",1
1735,5,17,11,"(0.09651262903525483, 0.14970886995698662, 0.0, 0.0, 0.0, 0.04688669779969397, 0.0, 0.08279881135943302, 0.0, 0.01812760691895582)",7
1736,5,17,11,"(0.09033430006888621, 0.14970886995698662, 0.0, 0.0, 0.0, 0.04688669779969397, 0.0, 0.08279881135943302, 0.0, 0.01812760691895582)",478
1737,5,17,11,"(0.09033430006888621, 0.15011626732357672, 0.0, 0.0, 0.0, 0.04688669779969397, 0.0, 0.08279881135943302, 0.0, 0.01812760691895582)",2
1738,5,17,13,"(0.0, 0.0, 0.11679612853536596, 0.06920069129515957, 0.09172770611919409, 0.07489992963210028, 0.0, 0.0, 0.14899621190854193, 0.0)",160
1739,5,17,13,"(0.0, 0.0, 0.11679612853536596, 0.04688460511784708, 0.11617006355730233, 0.07489992963210028, 0.0, 0.0, 0.14899621190854193, 0.0)",1
1740,5,17,13,"(0.0, 0.0, 0.11679612853536596, 0.06920069129515957, 0.13219834732503138, 0.07489992963210028, 0.0, 0.0, 0.14899621190854193, 0.0)",6
1741,5,18,8,"(0.07289736000845728, 0.0, 0.04672542723400353, 0.1097819714790073, 0.09173902283359818, 0.0, 0.028624918864351683, 0.0, 0.0, 0.0)",9
1742,5,18,8,"(0.09369258606422372, 0.0, 0.12679058880264688, 0.09247639241939104, 0.056031111166000416, 0.0, 0.028624918864351683, 0.0, 0.0, 0.0)",3
1743,5,18,8,"(0.09369258606422372, 0.0, 0.09886232529533268, 0.09247639241939104, 0.09173902283359818, 0.0, 0.028624918864351683, 0.0, 0.0, 0.0)",319
1744,5,18,8,"(0.09369258606422372, 0.0, 0.09886232529533268, 0.09247639241939104, 0.09173902283359818, 0.0, 0.05176704189509744, 0.0, 0.0, 0.0)",17
1745,5,18,11,"(0.09033430006888621, 0.18370530079402003, 0.0, 0.0, 0.0, 0.04688669779969397, 0.0, 0.07546899316708078, 0.0, 0.01812760691895582)",1
1746,5,18,11,"(0.09033430006888621, 0.14970886995698662, 0.0, 0.0, 0.0, 0.04688669779969397, 0.0, 0.08279881135943302, 0.0, 0.02067084571831683)",3
1747,5,18,11,"(0.09033430006888621, 0.18766361748299118, 0.0, 0.0, 0.0, 0.04688669779969397, 0.0, 0.08279881135943302, 0.0, 0.01812760691895582)",1
1748,5,18,11,"(0.09033430006888621, 0.18370530079402003, 0.0, 0.0, 0.0, 0.04688669779969397, 0.0, 0.08279881135943302, 0.0, 0.012038619442439408)",1
1749,5,18,11,"(0.09033430006888621, 0.29059517806663016, 0.0, 0.0, 0.0, 0.04688669779969397, 0.0, 0.08279881135943302, 0.0, 0.014504208302409978)",2
1750,5,18,11,"(0.09033430006888621, 0.14970886995698662, 0.0, 0.0, 0.0, 0.04688669779969397, 0.0, 0.08279881135943302, 0.0, 0.01812760691895582)",282
1751,5,18,11,"(0.09033430006888621, 0.15994927692803987, 0.0, 0.0, 0.0, 0.04688669779969397, 0.0, 0.08279881135943302, 0.0, 0.01812760691895582)",4
1752,5,18,11,"(0.09033430006888621, 0.18370530079402003, 0.0, 0.0, 0.0, 0.04688669779969397, 0.0, 0.08279881135943302, 0.0, 0.012962552139514666)",2
1753,5,18,11,"(0.09033430006888621, 0.14970886995698662, 0.0, 0.0, 0.0, 0.04688669779969397, 0.0, 0.08279881135943302, 0.0, 0.008625232057576487)",2
1754,5,18,11,"(0.09033430006888621, 0.18370530079402003, 0.0, 0.0, 0.0, 0.04688669779969397, 0.0, 0.15118372771578611, 0.0, 0.010734576262082116)",1
1755,5,18,11,"(0.09033430006888621, 0.18370530079402003, 0.0, 0.0, 0.0, 0.04688669779969397, 0.0, 0.08279881135943302, 0.0, 0.01812760691895582)",193
1756,5,18,11,"(0.09033430006888621, 0.14970886995698662, 0.0, 0.0, 0.0, 0.058561148753477586, 0.0, 0.08279881135943302, 0.0, 0.014371032141026646)",1
1757,5,18,13,"(0.0, 0.0, 0.11679612853536596, 0.06920069129515957, 0.09172770611919409, 0.07489992963210028, 0.0, 0.0, 0.14899621190854193, 0.0)",168
1758,5,18,13,"(0.0, 0.0, 0.11679612853536596, 0.06920069129515957, 0.10863416411779994, 0.07489992963210028, 0.0, 0.0, 0.14899621190854193, 0.0)",1
1759,5,19,8,"(0.07791658966968354, 0.0, 0.09886232529533268, 0.09247639241939104, 0.09173902283359818, 0.0, 0.028624918864351683, 0.0, 0.0, 0.0)",3
1760,5,19,8,"(0.09369258606422372, 0.0, 0.09886232529533268, 0.09247639241939104, 0.13932438150580978, 0.0, 0.028624918864351683, 0.0, 0.0, 0.0)",2
1761,5,19,8,"(0.09369258606422372, 0.0, 0.09886232529533268, 0.09247639241939104, 0.09173902283359818, 0.0, 0.022168030093735396, 0.0, 0.0, 0.0)",2
1762,5,19,8,"(0.06248744175502807, 0.0, 0.09886232529533268, 0.09247639241939104, 0.09180451702157252, 0.0, 0.028624918864351683, 0.0, 0.0, 0.0)",1
1763,5,19,8,"(0.09369258606422372, 0.0, 0.09886232529533268, 0.1265656339137385, 0.0878839666075533, 0.0, 0.028624918864351683, 0.0, 0.0, 0.0)",1
1764,5,19,8,"(0.09369258606422372, 0.0, 0.09886232529533268, 0.05209657206304333, 0.09173902283359818, 0.0, 0.028624918864351683, 0.0, 0.0, 0.0)",1
1765,5,19,8,"(0.09369258606422372, 0.0, 0.09886232529533268, 0.09247639241939104, 0.09173902283359818, 0.0, 0.028624918864351683, 0.0, 0.0, 0.0)",403
1766,5,19,11,"(0.09033430006888621, 0.14970886995698662, 0.0, 0.0, 0.0, 0.0809725946144303, 0.0, 0.08279881135943302, 0.0, 0.01812760691895582)",1
1767,5,19,11,"(0.09033430006888621, 0.18370530079402003, 0.0, 0.0, 0.0, 0.04688669779969397, 0.0, 0.08279881135943302, 0.0, 0.010205282068324061)",2
1768,5,19,11,"(0.07446972598973801, 0.14970886995698662, 0.0, 0.0, 0.0, 0.04688669779969397, 0.0, 0.08279881135943302, 0.0, 0.01812760691895582)",1
1769,5,19,11,"(0.09033430006888621, 0.14970886995698662, 0.0, 0.0, 0.0, 0.04688669779969397, 0.0, 0.08279881135943302, 0.0, 0.01812760691895582)",252
1770,5,19,11,"(0.09033430006888621, 0.18370530079402003, 0.0, 0.0, 0.0, 0.04688669779969397, 0.0, 0.08279881135943302, 0.0, 0.010699225477482508)",1
1771,5,19,11,"(0.09033430006888621, 0.14970886995698662, 0.0, 0.0, 0.0, 0.07458779311910693, 0.0, 0.08279881135943302, 0.0, 0.01812760691895582)",2
1772,5,19,11,"(0.09033430006888621, 0.14970886995698662, 0.0, 0.0, 0.0, 0.04688669779969397, 0.0, 0.08555788478660485, 0.0, 0.01641659633133938)",13
1773,5,19,11,"(0.09033430006888621, 0.18370530079402003, 0.0, 0.0, 0.0, 0.04688669779969397, 0.0, 0.08279881135943302, 0.0, 0.01812760691895582)",25
1774,5,19,11,"(0.09033430006888621, 0.14970886995698662, 0.0, 0.0, 0.0, 0.04688669779969397, 0.0, 0.08279881135943302, 0.0, 0.008146972892918342)",6
1775,5,19,11,"(0.09033430006888621, 0.06602624184903907, 0.0, 0.0, 0.0, 0.11560606375877956, 0.0, 0.08279881135943302, 0.0, 0.01812760691895582)",4
1776,5,19,13,"(0.0, 0.0, 0.11679612853536596, 0.10783620533921144, 0.09172770611919409, 0.07489992963210028, 0.0, 0.0, 0.14899621190854193, 0.0)",1
1777,5,19,13,"(0.0, 0.0, 0.11679612853536596, 0.06920069129515957, 0.09828497127623836, 0.07489992963210028, 0.0, 0.0, 0.14899621190854193, 0.0)",1
1778,5,19,13,"(0.0, 0.0, 0.1336747510710332, 0.06920069129515957, 0.09172770611919409, 0.07489992963210028, 0.0, 0.0, 0.14899621190854193, 0.0)",1
1779,5,19,13,"(0.0, 0.0, 0.11679612853536596, 0.06920069129515957, 0.09172770611919409, 0.07489992963210028, 0.0, 0.0, 0.14899621190854193, 0.0)",173
1780,5,19,13,"(0.0, 0.0, 0.11679612853536596, 0.09010670960906039, 0.09172770611919409, 0.07489992963210028, 0.0, 0.0, 0.14899621190854193, 0.0)",1
1781,5,20,8,"(0.09369258606422372, 0.0, 0.10926109239503992, 0.09247639241939104, 0.09173902283359818, 0.0, 0.028624918864351683, 0.0, 0.0, 0.0)",1
1782,5,20,8,"(0.09369258606422372, 0.0, 0.09886232529533268, 0.09247639241939104, 0.09173902283359818, 0.0, 0.027740858701583077, 0.0, 0.0, 0.0)",4
1783,5,20,8,"(0.09369258606422372, 0.0, 0.09886232529533268, 0.13369527025200809, 0.09173902283359818, 0.0, 0.028624918864351683, 0.0, 0.0, 0.0)",2
1784,5,20,8,"(0.09369258606422372, 0.0, 0.10707444315459805, 0.09247639241939104, 0.09173902283359818, 0.0, 0.028624918864351683, 0.0, 0.0, 0.0)",4
1785,5,20,8,"(0.09369258606422372, 0.0, 0.09886232529533268, 0.09247639241939104, 0.09173902283359818, 0.0, 0.028624918864351683, 0.0, 0.0, 0.0)",308
1786,5,20,8,"(0.09177140809902597, 0.0, 0.09886232529533268, 0.09247639241939104, 0.09173902283359818, 0.0, 0.02258017322815437, 0.0, 0.0, 0.0)",4
1787,5,20,8,"(0.09369258606422372, 0.0, 0.09886232529533268, 0.09247639241939104, 0.09173902283359818, 0.0, 0.03632996510159741, 0.0, 0.0, 0.0)",1
1788,5,20,11,"(0.09033430006888621, 0.18370530079402003, 0.0, 0.0, 0.0, 0.03614356264369858, 0.0, 0.08279881135943302, 0.0, 0.01812760691895582)",2
1789,5,20,11,"(0.09033430006888621, 0.18370530079402003, 0.0, 0.0, 0.0, 0.04688669779969397, 0.0, 0.08279881135943302, 0.0, 0.01812760691895582)",160
1790,5,20,11,"(0.09122361327031636, 0.18370530079402003, 0.0, 0.0, 0.0, 0.04688669779969397, 0.0, 0.08279881135943302, 0.0, 0.01812760691895582)",2
1791,5,20,11,"(0.09033430006888621, 0.14970886995698662, 0.0, 0.0, 0.0, 0.04688669779969397, 0.0, 0.08279881135943302, 0.0, 0.010096011036680091)",2
1792,5,20,11,"(0.09033430006888621, 0.14970886995698662, 0.0, 0.0, 0.0, 0.04688669779969397, 0.0, 0.04440077001305584, 0.0, 0.01812760691895582)",2
1793,5,20,11,"(0.09033430006888621, 0.18370530079402003, 0.0, 0.0, 0.0, 0.0554795123128039, 0.0, 0.08279881135943302, 0.0, 0.01812760691895582)",1
1794,5,20,11,"(0.09033430006888621, 0.18221905373566238, 0.0, 0.0, 0.0, 0.04688669779969397, 0.0, 0.10977000997978067, 0.0, 0.01812760691895582)",14
1795,5,20,11,"(0.09033430006888621, 0.14970886995698662, 0.0, 0.0, 0.0, 0.04688669779969397, 0.0, 0.08279881135943302, 0.0, 0.01812760691895582)",222
1796,5,20,11,"(0.09033430006888621, 0.18370530079402003, 0.0, 0.0, 0.0, 0.038076961038885915, 0.0, 0.08279881135943302, 0.0, 0.01812760691895582)",1
1797,5,20,11,"(0.09033430006888621, 0.2378932412755534, 0.0, 0.0, 0.0, 0.04688669779969397, 0.0, 0.08279881135943302, 0.0, 0.01812760691895582)",1
1798,5,20,11,"(0.09033430006888621, 0.14970886995698662, 0.0, 0.0, 0.0, 0.04688669779969397, 0.0, 0.08279881135943302, 0.0, 0.018928609917497632)",1
1799,5,20,13,"(0.0, 0.0, 0.11679612853536596, 0.06920069129515957, 0.09172770611919409, 0.07489992963210028, 0.0, 0.0, 0.2147293244878325, 0.0)",2
1800,5,20,13,"(0.0, 0.0, 0.11679612853536596, 0.06920069129515957, 0.09172770611919409, 0.07489992963210028, 0.0, 0.0, 0.14899621190854193, 0.0)",168
1801,5,20,13,"(0.0, 0.0, 0.11679612853536596, 0.06920069129515957, 0.09172770611919409, 0.06804167929022761, 0.0, 0.0, 0.14899621190854193, 0.0)",1
1802,5,20,13,"(0.0, 0.0, 0.14204844675360234, 0.07205421883658765, 0.09172770611919409, 0.07489992963210028, 0.0, 0.0, 0.14899621190854193, 0.0)",6
1803,6,0,8,"(0.09369258606422372, 0.0, 0.09886232529533268, 0.11748364033046726, 0.09173902283359818, 0.0, 0.028624918864351683, 0.0, 0.0, 0.0)",1
1804,6,0,8,"(0.09369258606422372, 0.0, 0.09886232529533268, 0.1078594889661833, 0.09173902283359818, 0.0, 0.028043506415878196, 0.0, 0.0, 0.0)",6
1805,6,0,8,"(0.09369258606422372, 0.0, 0.09886232529533268, 0.09247639241939104, 0.09173902283359818, 0.0, 0.04357037093627773, 0.0, 0.0, 0.0)",197
1806,6,0,8,"(0.09369258606422372, 0.0, 0.09886232529533268, 0.09247639241939104, 0.09173902283359818, 0.0, 0.028624918864351683, 0.0, 0.0, 0.0)",96
1807,6,0,11,"(0.09033430006888621, 0.11176082386519078, 0.0, 0.0, 0.0, 0.04688669779969397, 0.0, 0.08279881135943302, 0.0, 0.01812760691895582)",1
1808,6,0,11,"(0.09033430006888621, 0.14970886995698662, 0.0, 0.0, 0.0, 0.04688669779969397, 0.0, 0.08279881135943302, 0.0, 0.01812760691895582)",497
1809,6,0,11,"(0.0466703689188359, 0.14970886995698662, 0.0, 0.0, 0.0, 0.04688669779969397, 0.0, 0.08279881135943302, 0.0, 0.01812760691895582)",14
1810,6,0,11,"(0.06660646048005182, 0.09911489852753604, 0.0, 0.0, 0.0, 0.04688669779969397, 0.0, 0.0613572500768459, 0.0, 0.01812760691895582)",35
1811,6,0,11,"(0.09033430006888621, 0.14524043975664144, 0.0, 0.0, 0.0, 0.04688669779969397, 0.0, 0.08279881135943302, 0.0, 0.026884428286185338)",1
1812,6,0,11,"(0.09033430006888621, 0.14970886995698662, 0.0, 0.0, 0.0, 0.04688669779969397, 0.0, 0.08279881135943302, 0.0, 0.011391421466397381)",3
1813,6,0,11,"(0.09033430006888621, 0.14970886995698662, 0.0, 0.0, 0.0, 0.04688669779969397, 0.0, 0.08279881135943302, 0.0, 0.010226788136307048)",1
1814,6,0,11,"(0.1702082652713228, 0.14970886995698662, 0.0, 0.0, 0.0, 0.04688669779969397, 0.0, 0.08279881135943302, 0.0, 0.013469393640946896)",1
1815,6,0,13,"(0.0, 0.0, 0.11679612853536596, 0.06920069129515957, 0.09172770611919409, 0.07489992963210028, 0.0, 0.0, 0.3098253594912738, 0.0)",2
1816,6,0,13,"(0.0, 0.0, 0.110109008997116, 0.06920069129515957, 0.09172770611919409, 0.07489992963210028, 0.0, 0.0, 0.14899621190854193, 0.0)",1
1817,6,0,13,"(0.0, 0.0, 0.11679612853536596, 0.06920069129515957, 0.09172770611919409, 0.07489992963210028, 0.0, 0.0, 0.14899621190854193, 0.0)",164
1818,6,0,13,"(0.0, 0.0, 0.11679612853536596, 0.06920069129515957, 0.09172770611919409, 0.07489992963210028, 0.0, 0.0, 0.09211604501602645, 0.0)",1
1819,6,0,13,"(0.0, 0.0, 0.1597324802458552, 0.06920069129515957, 0.09172770611919409, 0.07489992963210028, 0.0, 0.0, 0.14899621190854193, 0.0)",1
1820,6,0,13,"(0.0, 0.0, 0.11679612853536596, 0.06699361862518931, 0.09172770611919409, 0.07489992963210028, 0.0, 0.0, 0.14899621190854193, 0.0)",1
1821,6,1,8,"(0.15408774805425549, 0.0, 0.20405669077983843, 0.09247639241939104, 0.09173902283359818, 0.0, 0.028624918864351683, 0.0, 0.0, 0.0)",1
1822,6,1,8,"(0.09369258606422372, 0.0, 0.09886232529533268, 0.09247639241939104, 0.09173902283359818, 0.0, 0.028624918864351683, 0.0, 0.0, 0.0)",274
1823,6,1,8,"(0.09369258606422372, 0.0, 0.09886232529533268, 0.09247639241939104, 0.2315698822794909, 0.0, 0.028624918864351683, 0.0, 0.0, 0.0)",1
1824,6,1,8,"(0.09369258606422372, 0.0, 0.048427384733164935, 0.09247639241939104, 0.09173902283359818, 0.0, 0.04357037093627773, 0.0, 0.0, 0.0)",2
1825,6,1,8,"(0.09369258606422372, 0.0, 0.09886232529533268, 0.0916106372160957, 0.09173902283359818, 0.0, 0.028624918864351683, 0.0, 0.0, 0.0)",6
1826,6,1,8,"(0.09369258606422372, 0.0, 0.09886232529533268, 0.09247639241939104, 0.09173902283359818, 0.0, 0.04357037093627773, 0.0, 0.0, 0.0)",82
1827,6,1,8,"(0.09369258606422372, 0.0, 0.09886232529533268, 0.1086691446023742, 0.09173902283359818, 0.0, 0.028624918864351683, 0.0, 0.0, 0.0)",4
1828,6,1,11,"(0.09033430006888621, 0.14970886995698662, 0.0, 0.0, 0.0, 0.12578967446604913, 0.0, 0.08279881135943302, 0.0, 0.018522596885981804)",1
1829,6,1,11,"(0.09620041111478078, 0.14970886995698662, 0.0, 0.0, 0.0, 0.04688669779969397, 0.0, 0.08279881135943302, 0.0, 0.01812760691895582)",1
1830,6,1,11,"(0.09033430006888621, 0.14970886995698662, 0.0, 0.0, 0.0, 0.03164225181376345, 0.0, 0.08279881135943302, 0.0, 0.01812760691895582)",1
1831,6,1,11,"(0.1530236972835782, 0.14970886995698662, 0.0, 0.0, 0.0, 0.04688669779969397, 0.0, 0.16958780035568383, 0.0, 0.01812760691895582)",4
1832,6,1,11,"(0.09033430006888621, 0.14111978667734068, 0.0, 0.0, 0.0, 0.04688669779969397, 0.0, 0.08279881135943302, 0.0, 0.01812760691895582)",1
1833,6,1,11,"(0.09033430006888621, 0.14970886995698662, 0.0, 0.0, 0.0, 0.04688669779969397, 0.0, 0.08279881135943302, 0.0, 0.010962321698432219)",1
1834,6,1,11,"(0.09033430006888621, 0.14970886995698662, 0.0, 0.0, 0.0, 0.04361375289914019, 0.0, 0.08279881135943302, 0.0, 0.01812760691895582)",1
1835,6,1,11,"(0.09033430006888621, 0.14970886995698662, 0.0, 0.0, 0.0, 0.04688669779969397, 0.0, 0.08279881135943302, 0.0, 0.01812760691895582)",443
1836,6,1,13,"(0.0, 0.0, 0.11679612853536596, 0.06920069129515957, 0.06836153644228392, 0.07489992963210028, 0.0, 0.0, 0.16883157067572946, 0.0)",1
1837,6,1,13,"(0.0, 0.0, 0.11679612853536596, 0.06920069129515957, 0.09172770611919409, 0.07489992963210028, 0.0, 0.0, 0.14899621190854193, 0.0)",129
1838,6,2,8,"(0.09369258606422372, 0.0, 0.07202051848165358, 0.09247639241939104, 0.09173902283359818, 0.0, 0.04357037093627773, 0.0, 0.0, 0.0)",23
1839,6,2,8,"(0.08850724738919805, 0.0, 0.09886232529533268, 0.09247639241939104, 0.09173902283359818, 0.0, 0.04357037093627773, 0.0, 0.0, 0.0)",1
1840,6,2,8,"(0.09369258606422372, 0.0, 0.09886232529533268, 0.09247639241939104, 0.09173902283359818, 0.0, 0.028624918864351683, 0.0, 0.0, 0.0)",258
1841,6,2,8,"(0.09369258606422372, 0.0, 0.09886232529533268, 0.09247639241939104, 0.09173902283359818, 0.0, 0.018861630817461346, 0.0, 0.0, 0.0)",1
1842,6,2,8,"(0.09369258606422372, 0.0, 0.09886232529533268, 0.05386060461163011, 0.09173902283359818, 0.0, 0.028624918864351683, 0.0, 0.0, 0.0)",1
1843,6,2,8,"(0.09369258606422372, 0.0, 0.09886232529533268, 0.09247639241939104, 0.09173902283359818, 0.0, 0.04357037093627773, 0.0, 0.0, 0.0)",84
1844,6,2,11,"(0.0795005280925331, 0.14970886995698662, 0.0, 0.0, 0.0, 0.04688669779969397, 0.0, 0.09535249615445623, 0.0, 0.01812760691895582)",66
1845,6,2,11,"(0.0795005280925331, 0.14970886995698662, 0.0, 0.0, 0.0, 0.03592566437215267, 0.0, 0.09535249615445623, 0.0, 0.01812760691895582)",1
1846,6,2,11,"(0.09033430006888621, 0.14970886995698662, 0.0, 0.0, 0.0, 0.04688669779969397, 0.0, 0.10137490421239015, 0.0, 0.01812760691895582)",2
1847,6,2,11,"(0.09033430006888621, 0.14970886995698662, 0.0, 0.0, 0.0, 0.04688669779969397, 0.0, 0.08279881135943302, 0.0, 0.019308918192186407)",1
1848,6,2,11,"(0.09033430006888621, 0.14970886995698662, 0.0, 0.0, 0.0, 0.04119973470286665, 0.0, 0.08279881135943302, 0.0, 0.014052009998833754)",19
1849,6,2,11,"(0.09033430006888621, 0.14970886995698662, 0.0, 0.0, 0.0, 0.04688669779969397, 0.0, 0.08279881135943302, 0.0, 0.01812760691895582)",335
1850,6,2,11,"(0.09033430006888621, 0.14970886995698662, 0.0, 0.0, 0.0, 0.04688669779969397, 0.0, 0.08279881135943302, 0.0, 0.026028723409208167)",1
1851,6,2,11,"(0.09033430006888621, 0.11340693048830608, 0.0, 0.0, 0.0, 0.04688669779969397, 0.0, 0.08279881135943302, 0.0, 0.01812760691895582)",2
1852,6,2,11,"(0.0795005280925331, 0.18368056077275335, 0.0, 0.0, 0.0, 0.04688669779969397, 0.0, 0.09535249615445623, 0.0, 0.01812760691895582)",2
1853,6,2,11,"(0.06308828600561116, 0.14970886995698662, 0.0, 0.0, 0.0, 0.04688669779969397, 0.0, 0.09535249615445623, 0.0, 0.01812760691895582)",1
1854,6,2,13,"(0.0, 0.0, 0.11679612853536596, 0.06920069129515957, 0.06402679238286241, 0.07489992963210028, 0.0, 0.0, 0.14899621190854193, 0.0)",4
1855,6,2,13,"(0.0, 0.0, 0.11679612853536596, 0.06920069129515957, 0.09172770611919409, 0.07489992963210028, 0.0, 0.0, 0.23494332051328248, 0.0)",2
1856,6,2,13,"(0.0, 0.0, 0.11679612853536596, 0.06920069129515957, 0.1597522189264631, 0.20812191121195509, 0.0, 0.0, 0.14899621190854193, 0.0)",2
1857,6,2,13,"(0.0, 0.0, 0.11679612853536596, 0.06920069129515957, 0.09172770611919409, 0.04382552690867728, 0.0, 0.0, 0.14899621190854193, 0.0)",1
1858,6,2,13,"(0.0, 0.0, 0.11679612853536596, 0.06920069129515957, 0.09172770611919409, 0.07489992963210028, 0.0, 0.0, 0.14899621190854193, 0.0)",140
1859,6,3,8,"(0.09369258606422372, 0.0, 0.09886232529533268, 0.09247639241939104, 0.09173902283359818, 0.0, 0.04357037093627773, 0.0, 0.0, 0.0)",72
1860,6,3,8,"(0.09369258606422372, 0.0, 0.09886232529533268, 0.09247639241939104, 0.09173902283359818, 0.0, 0.028624918864351683, 0.0, 0.0, 0.0)",289
1861,6,3,8,"(0.09369258606422372, 0.0, 0.08098332674531776, 0.09247639241939104, 0.09173902283359818, 0.0, 0.028624918864351683, 0.0, 0.0, 0.0)",1
1862,6,3,8,"(0.09369258606422372, 0.0, 0.09886232529533268, 0.07932529694581583, 0.09173902283359818, 0.0, 0.04357037093627773, 0.0, 0.0, 0.0)",2
1863,6,3,8,"(0.0499477816965141, 0.0, 0.09886232529533268, 0.09247639241939104, 0.09173902283359818, 0.0, 0.028624918864351683, 0.0, 0.0, 0.0)",2
1864,6,3,8,"(0.051108148595792546, 0.0, 0.09886232529533268, 0.09247639241939104, 0.09173902283359818, 0.0, 0.028624918864351683, 0.0, 0.0, 0.0)",1
1865,6,3,11,"(0.09265994789409555, 0.16546687151110892, 0.0, 0.0, 0.0, 0.04688669779969397, 0.0, 0.08279881135943302, 0.0, 0.01812760691895582)",1
1866,6,3,11,"(0.09033430006888621, 0.14970886995698662, 0.0, 0.0, 0.0, 0.04688669779969397, 0.0, 0.08279881135943302, 0.0, 0.02393847993297651)",3
1867,6,3,11,"(0.09033430006888621, 0.14970886995698662, 0.0, 0.0, 0.0, 0.04688669779969397, 0.0, 0.08279881135943302, 0.0, 0.01812760691895582)",472
1868,6,3,11,"(0.09033430006888621, 0.10724680022040592, 0.0, 0.0, 0.0, 0.04688669779969397, 0.0, 0.08279881135943302, 0.0, 0.01812760691895582)",1
1869,6,3,13,"(0.0, 0.0, 0.11679612853536596, 0.06920069129515957, 0.09172770611919409, 0.20113368076410093, 0.0, 0.0, 0.14899621190854193, 0.0)",1
1870,6,3,13,"(0.0, 0.0, 0.11679612853536596, 0.05136054594611844, 0.09172770611919409, 0.07489992963210028, 0.0, 0.0, 0.14899621190854193, 0.0)",2
1871,6,3,13,"(0.0, 0.0, 0.11679612853536596, 0.06920069129515957, 0.09172770611919409, 0.07489992963210028, 0.0, 0.0, 0.14899621190854193, 0.0)",164
1872,6,4,8,"(0.051596497684435035, 0.0, 0.09886232529533268, 0.09247639241939104, 0.09173902283359818, 0.0, 0.028624918864351683, 0.0, 0.0, 0.0)",2
1873,6,4,8,"(0.09369258606422372, 0.0, 0.09886232529533268, 0.09247639241939104, 0.09173902283359818, 0.0, 0.04357037093627773, 0.0, 0.0, 0.0)",49
1874,6,4,8,"(0.09369258606422372, 0.0, 0.09886232529533268, 0.09247639241939104, 0.09173902283359818, 0.0, 0.028624918864351683, 0.0, 0.0, 0.0)",326
1875,6,4,11,"(0.1149204172298635, 0.3000138708504481, 0.0, 0.0, 0.0, 0.04688669779969397, 0.0, 0.07726510770916227, 0.0, 0.01812760691895582)",1
1876,6,4,11,"(0.09033430006888621, 0.14414040933394515, 0.0, 0.0, 0.0, 0.04688669779969397, 0.0, 0.08279881135943302, 0.0, 0.01812760691895582)",1
1877,6,4,11,"(0.09033430006888621, 0.14970886995698662, 0.0, 0.0, 0.0, 0.04688669779969397, 0.0, 0.08279881135943302, 0.0, 0.01812760691895582)",461
1878,6,4,11,"(0.07781878105922817, 0.14970886995698662, 0.0, 0.0, 0.0, 0.04688669779969397, 0.0, 0.08279881135943302, 0.0, 0.01812760691895582)",1
1879,6,4,11,"(0.16265960057966736, 0.14970886995698662, 0.0, 0.0, 0.0, 0.0708456705103049, 0.0, 0.08279881135943302, 0.0, 0.01812760691895582)",11
1880,6,4,11,"(0.09033430006888621, 0.14970886995698662, 0.0, 0.0, 0.0, 0.05251311439630576, 0.0, 0.08279881135943302, 0.0, 0.03594324819831925)",1
1881,6,4,13,"(0.0, 0.0, 0.11679612853536596, 0.09315586772230094, 0.09172770611919409, 0.07489992963210028, 0.0, 0.0, 0.14899621190854193, 0.0)",22
1882,6,4,13,"(0.0, 0.0, 0.11679612853536596, 0.06920069129515957, 0.09172770611919409, 0.07489992963210028, 0.0, 0.0, 0.14899621190854193, 0.0)",133
1883,6,5,8,"(0.09369258606422372, 0.0, 0.10386402792963782, 0.09247639241939104, 0.09173902283359818, 0.0, 0.028624918864351683, 0.0, 0.0, 0.0)",18
1884,6,5,8,"(0.09369258606422372, 0.0, 0.09886232529533268, 0.09247639241939104, 0.09173902283359818, 0.0, 0.019389759773004625, 0.0, 0.0, 0.0)",3
1885,6,5,8,"(0.09369258606422372, 0.0, 0.09886232529533268, 0.09247639241939104, 0.09173902283359818, 0.0, 0.028624918864351683, 0.0, 0.0, 0.0)",283
1886,6,5,8,"(0.09369258606422372, 0.0, 0.09886232529533268, 0.09247639241939104, 0.09173902283359818, 0.0, 0.04357037093627773, 0.0, 0.0, 0.0)",6
1887,6,5,8,"(0.0552900805612744, 0.0, 0.09886232529533268, 0.25554861953765834, 0.09173902283359818, 0.0, 0.028624918864351683, 0.0, 0.0, 0.0)",2
1888,6,5,8,"(0.09414576165571531, 0.0, 0.09886232529533268, 0.09247639241939104, 0.09173902283359818, 0.0, 0.028624918864351683, 0.0, 0.0, 0.0)",1
1889,6,5,11,"(0.09033430006888621, 0.14970886995698662, 0.0, 0.0, 0.0, 0.04688669779969397, 0.0, 0.08279881135943302, 0.0, 0.01812760691895582)",521
1890,6,5,11,"(0.09033430006888621, 0.14970886995698662, 0.0, 0.0, 0.0, 0.04688669779969397, 0.0, 0.052510747066387926, 0.0, 0.01812760691895582)",2
1891,6,5,11,"(0.09033430006888621, 0.14970886995698662, 0.0, 0.0, 0.0, 0.04688669779969397, 0.0, 0.03768262655998578, 0.0, 0.01812760691895582)",5
1892,6,5,11,"(0.09033430006888621, 0.14970886995698662, 0.0, 0.0, 0.0, 0.04688669779969397, 0.0, 0.16128689926320436, 0.0, 0.01812760691895582)",1
1893,6,5,11,"(0.16202704163376996, 0.14970886995698662, 0.0, 0.0, 0.0, 0.04688669779969397, 0.0, 0.08279881135943302, 0.0, 0.01812760691895582)",2
1894,6,5,11,"(0.09033430006888621, 0.14970886995698662, 0.0, 0.0, 0.0, 0.04688669779969397, 0.0, 0.08279881135943302, 0.0, 0.023660471463327327)",1
1895,6,5,11,"(0.09033430006888621, 0.14970886995698662, 0.0, 0.0, 0.0, 0.04475466659081936, 0.0, 0.08279881135943302, 0.0, 0.01812760691895582)",1
1896,6,5,13,"(0.0, 0.0, 0.11679612853536596, 0.06920069129515957, 0.09172770611919409, 0.07489992963210028, 0.0, 0.0, 0.14899621190854193, 0.0)",133
1897,6,5,13,"(0.0, 0.0, 0.11679612853536596, 0.06920069129515957, 0.09172770611919409, 0.07489992963210028, 0.0, 0.0, 0.09942392623357407, 0.0)",1
1898,6,5,13,"(0.0, 0.0, 0.12829623732006706, 0.04313465546773791, 0.13334072125074548, 0.07489992963210028, 0.0, 0.0, 0.14899621190854193, 0.0)",9
1899,6,5,13,"(0.0, 0.0, 0.11679612853536596, 0.06920069129515957, 0.09172770611919409, 0.07489992963210028, 0.0, 0.0, 0.17238549223109798, 0.0)",1
1900,6,5,13,"(0.0, 0.0, 0.11679612853536596, 0.06920069129515957, 0.09172770611919409, 0.07489992963210028, 0.0, 0.0, 0.14928227830173446, 0.0)",1
1901,6,5,13,"(0.0, 0.0, 0.11679612853536596, 0.05475472104264989, 0.09172770611919409, 0.07489992963210028, 0.0, 0.0, 0.14899621190854193, 0.0)",7
1902,6,5,13,"(0.0, 0.0, 0.13220065923536886, 0.05392506318041633, 0.13334072125074548, 0.07489992963210028, 0.0, 0.0, 0.14899621190854193, 0.0)",3
1903,6,6,8,"(0.09369258606422372, 0.0, 0.09886232529533268, 0.09108857126568368, 0.09173902283359818, 0.0, 0.028624918864351683, 0.0, 0.0, 0.0)",48
1904,6,6,8,"(0.09369258606422372, 0.0, 0.09886232529533268, 0.09247639241939104, 0.04700099850064164, 0.0, 0.028624918864351683, 0.0, 0.0, 0.0)",2
1905,6,6,8,"(0.09369258606422372, 0.0, 0.07492206371730566, 0.09247639241939104, 0.12091256174535575, 0.0, 0.03109956187204947, 0.0, 0.0, 0.0)",2
1906,6,6,8,"(0.09369258606422372, 0.0, 0.09886232529533268, 0.075594083541624, 0.09173902283359818, 0.0, 0.028624918864351683, 0.0, 0.0, 0.0)",1
1907,6,6,8,"(0.09369258606422372, 0.0, 0.08433803772381136, 0.09247639241939104, 0.09173902283359818, 0.0, 0.028624918864351683, 0.0, 0.0, 0.0)",1
1908,6,6,8,"(0.09369258606422372, 0.0, 0.09886232529533268, 0.09247639241939104, 0.09173902283359818, 0.0, 0.04234826842504688, 0.0, 0.0, 0.0)",3
1909,6,6,8,"(0.09369258606422372, 0.0, 0.09886232529533268, 0.09247639241939104, 0.09173902283359818, 0.0, 0.028624918864351683, 0.0, 0.0, 0.0)",310
1910,6,6,11,"(0.09033430006888621, 0.14970886995698662, 0.0, 0.0, 0.0, 0.04568906259093692, 0.0, 0.08279881135943302, 0.0, 0.042560307979012064)",1
1911,6,6,11,"(0.09033430006888621, 0.171903669450926, 0.0, 0.0, 0.0, 0.04688669779969397, 0.0, 0.08279881135943302, 0.0, 0.01812760691895582)",1
1912,6,6,11,"(0.1083061452778969, 0.14970886995698662, 0.0, 0.0, 0.0, 0.04688669779969397, 0.0, 0.08279881135943302, 0.0, 0.01812760691895582)",4
1913,6,6,11,"(0.09033430006888621, 0.14970886995698662, 0.0, 0.0, 0.0, 0.044652073184045106, 0.0, 0.054138527274547314, 0.0, 0.01812760691895582)",5
1914,6,6,11,"(0.09033430006888621, 0.14970886995698662, 0.0, 0.0, 0.0, 0.04688669779969397, 0.0, 0.08279881135943302, 0.0, 0.022052213305119545)",3
1915,6,6,11,"(0.09033430006888621, 0.14970886995698662, 0.0, 0.0, 0.0, 0.04688669779969397, 0.0, 0.08279881135943302, 0.0, 0.01812760691895582)",399
1916,6,6,11,"(0.0965365195067424, 0.14970886995698662, 0.0, 0.0, 0.0, 0.04688669779969397, 0.0, 0.08279881135943302, 0.0, 0.01812760691895582)",1
1917,6,6,11,"(0.09033430006888621, 0.14970886995698662, 0.0, 0.0, 0.0, 0.04568906259093692, 0.0, 0.08279881135943302, 0.0, 0.01812760691895582)",26
1918,6,6,13,"(0.0, 0.0, 0.11679612853536596, 0.06920069129515957, 0.09172770611919409, 0.07489992963210028, 0.0, 0.0, 0.14899621190854193, 0.0)",156
1919,6,6,13,"(0.0, 0.0, 0.06569975629520686, 0.06920069129515957, 0.09172770611919409, 0.054357848555753416, 0.0, 0.0, 0.14899621190854193, 0.0)",4
1920,6,6,13,"(0.0, 0.0, 0.0731909955074662, 0.06920069129515957, 0.09172770611919409, 0.07489992963210028, 0.0, 0.0, 0.1181054273863952, 0.0)",2
1921,6,7,8,"(0.09369258606422372, 0.0, 0.09886232529533268, 0.1313589086985028, 0.09173902283359818, 0.0, 0.028624918864351683, 0.0, 0.0, 0.0)",1
1922,6,7,8,"(0.09369258606422372, 0.0, 0.09886232529533268, 0.09108857126568368, 0.09173902283359818, 0.0, 0.028624918864351683, 0.0, 0.0, 0.0)",69
1923,6,7,8,"(0.09369258606422372, 0.0, 0.09886232529533268, 0.12413462062668715, 0.09173902283359818, 0.0, 0.028624918864351683, 0.0, 0.0, 0.0)",1
1924,6,7,8,"(0.08574539520779621, 0.0, 0.09886232529533268, 0.09247639241939104, 0.09173902283359818, 0.0, 0.028624918864351683, 0.0, 0.0, 0.0)",1
1925,6,7,8,"(0.09369258606422372, 0.0, 0.0944321016145927, 0.09247639241939104, 0.09173902283359818, 0.0, 0.028624918864351683, 0.0, 0.0, 0.0)",2
1926,6,7,8,"(0.1730626162061192, 0.0, 0.145097138557023, 0.09247639241939104, 0.09173902283359818, 0.0, 0.028624918864351683, 0.0, 0.0, 0.0)",4
1927,6,7,8,"(0.07506041493647281, 0.0, 0.1943505279929481, 0.09520561774784211, 0.09173902283359818, 0.0, 0.028624918864351683, 0.0, 0.0, 0.0)",2
1928,6,7,8,"(0.08715649566963682, 0.0, 0.09886232529533268, 0.09108857126568368, 0.09173902283359818, 0.0, 0.023959153315746336, 0.0, 0.0, 0.0)",4
1929,6,7,8,"(0.09369258606422372, 0.0, 0.19915886900447455, 0.0599551543766815, 0.09173902283359818, 0.0, 0.028624918864351683, 0.0, 0.0, 0.0)",1
1930,6,7,8,"(0.09369258606422372, 0.0, 0.16565821342938228, 0.09247639241939104, 0.09173902283359818, 0.0, 0.028624918864351683, 0.0, 0.0, 0.0)",2
1931,6,7,8,"(0.09369258606422372, 0.0, 0.09886232529533268, 0.09247639241939104, 0.09173902283359818, 0.0, 0.028624918864351683, 0.0, 0.0, 0.0)",240
1932,6,7,11,"(0.1083061452778969, 0.14970886995698662, 0.0, 0.0, 0.0, 0.04688669779969397, 0.0, 0.08279881135943302, 0.0, 0.01812760691895582)",53
1933,6,7,11,"(0.09033430006888621, 0.08848861532512271, 0.0, 0.0, 0.0, 0.04632047414952558, 0.0, 0.08279881135943302, 0.0, 0.01812760691895582)",6
1934,6,7,11,"(0.09033430006888621, 0.14970886995698662, 0.0, 0.0, 0.0, 0.04688669779969397, 0.0, 0.08279881135943302, 0.0, 0.01944945556637472)",1
1935,6,7,11,"(0.09033430006888621, 0.14970886995698662, 0.0, 0.0, 0.0, 0.04688669779969397, 0.0, 0.11227051686345196, 0.0, 0.01812760691895582)",3
1936,6,7,11,"(0.09033430006888621, 0.14970886995698662, 0.0, 0.0, 0.0, 0.04688669779969397, 0.0, 0.08491467107647638, 0.0, 0.01812760691895582)",2
1937,6,7,11,"(0.09033430006888621, 0.14970886995698662, 0.0, 0.0, 0.0, 0.04688669779969397, 0.0, 0.05217313942770593, 0.0, 0.01812760691895582)",13
1938,6,7,11,"(0.09033430006888621, 0.14970886995698662, 0.0, 0.0, 0.0, 0.04688669779969397, 0.0, 0.08279881135943302, 0.0, 0.01812760691895582)",355
1939,6,7,13,"(0.0, 0.0, 0.11679612853536596, 0.06920069129515957, 0.09172770611919409, 0.07489992963210028, 0.0, 0.0, 0.14899621190854193, 0.0)",165
1940,6,7,13,"(0.0, 0.0, 0.12461068101229489, 0.06920069129515957, 0.09172770611919409, 0.07489992963210028, 0.0, 0.0, 0.14899621190854193, 0.0)",1
1941,6,7,13,"(0.0, 0.0, 0.11679612853536596, 0.06920069129515957, 0.16178402138743866, 0.09449435270087456, 0.0, 0.0, 0.14899621190854193, 0.0)",3
1942,6,7,13,"(0.0, 0.0, 0.11679612853536596, 0.03589375227787013, 0.09842893164616077, 0.07489992963210028, 0.0, 0.0, 0.14899621190854193, 0.0)",1
1943,6,8,8,"(0.09369258606422372, 0.0, 0.09886232529533268, 0.09247639241939104, 0.1564976121733737, 0.0, 0.028624918864351683, 0.0, 0.0, 0.0)",1
1944,6,8,8,"(0.09369258606422372, 0.0, 0.09886232529533268, 0.09108857126568368, 0.09173902283359818, 0.0, 0.028624918864351683, 0.0, 0.0, 0.0)",86
1945,6,8,8,"(0.09369258606422372, 0.0, 0.09886232529533268, 0.09247639241939104, 0.09173902283359818, 0.0, 0.028624918864351683, 0.0, 0.0, 0.0)",244
1946,6,8,8,"(0.09369258606422372, 0.0, 0.11704261753589713, 0.09186376136128835, 0.09173902283359818, 0.0, 0.028624918864351683, 0.0, 0.0, 0.0)",7
1947,6,8,11,"(0.09033430006888621, 0.14970886995698662, 0.0, 0.0, 0.0, 0.04688669779969397, 0.0, 0.08715205872869439, 0.0, 0.01812760691895582)",1
1948,6,8,11,"(0.09033430006888621, 0.14970886995698662, 0.0, 0.0, 0.0, 0.04688669779969397, 0.0, 0.04625500186365005, 0.0, 0.01812760691895582)",1
1949,6,8,11,"(0.09033430006888621, 0.14970886995698662, 0.0, 0.0, 0.0, 0.04688669779969397, 0.0, 0.05217313942770593, 0.0, 0.01812760691895582)",18
1950,6,8,11,"(0.07973641537507008, 0.14970886995698662, 0.0, 0.0, 0.0, 0.04688669779969397, 0.0, 0.13945860940111032, 0.0, 0.018437408587720423)",1
1951,6,8,11,"(0.16365622915566366, 0.14970886995698662, 0.0, 0.0, 0.0, 0.04688669779969397, 0.0, 0.13191363093931677, 0.0, 0.01658543657059958)",1
1952,6,8,11,"(0.09033430006888621, 0.11453792853320834, 0.0, 0.0, 0.0, 0.04688669779969397, 0.0, 0.08279881135943302, 0.0, 0.008399377258280548)",2
1953,6,8,11,"(0.09033430006888621, 0.16703595068976151, 0.0, 0.0, 0.0, 0.04688669779969397, 0.0, 0.08279881135943302, 0.0, 0.01812760691895582)",1
1954,6,8,11,"(0.09033430006888621, 0.21277425306555042, 0.0, 0.0, 0.0, 0.04688669779969397, 0.0, 0.07719965742055372, 0.0, 0.01812760691895582)",1
1955,6,8,11,"(0.09033430006888621, 0.14970886995698662, 0.0, 0.0, 0.0, 0.04688669779969397, 0.0, 0.08279881135943302, 0.0, 0.010724244512140588)",3
1956,6,8,11,"(0.09033430006888621, 0.14970886995698662, 0.0, 0.0, 0.0, 0.02762353194230759, 0.0, 0.08279881135943302, 0.0, 0.01812760691895582)",1
1957,6,8,11,"(0.1083061452778969, 0.14970886995698662, 0.0, 0.0, 0.0, 0.04688669779969397, 0.0, 0.0858174927254157, 0.0, 0.01812760691895582)",4
1958,6,8,11,"(0.1083061452778969, 0.14970886995698662, 0.0, 0.0, 0.0, 0.04688669779969397, 0.0, 0.08279881135943302, 0.0, 0.01812760691895582)",75
1959,6,8,11,"(0.09033430006888621, 0.14970886995698662, 0.0, 0.0, 0.0, 0.04688669779969397, 0.0, 0.08279881135943302, 0.0, 0.01812760691895582)",423
1960,6,8,13,"(0.0, 0.0, 0.11679612853536596, 0.06920069129515957, 0.09172770611919409, 0.07489992963210028, 0.0, 0.0, 0.14899621190854193, 0.0)",158
1961,6,9,8,"(0.09369258606422372, 0.0, 0.12679058880264688, 0.09247639241939104, 0.056031111166000416, 0.0, 0.028624918864351683, 0.0, 0.0, 0.0)",15
1962,6,9,8,"(0.09369258606422372, 0.0, 0.09886232529533268, 0.131928868808785, 0.09173902283359818, 0.0, 0.028624918864351683, 0.0, 0.0, 0.0)",4
1963,6,9,8,"(0.09369258606422372, 0.0, 0.165487369683752, 0.09247639241939104, 0.14695447784182797, 0.0, 0.028624918864351683, 0.0, 0.0, 0.0)",1
1964,6,9,8,"(0.1030731744133332, 0.0, 0.09886232529533268, 0.09247639241939104, 0.09173902283359818, 0.0, 0.028624918864351683, 0.0, 0.0, 0.0)",1
1965,6,9,8,"(0.09369258606422372, 0.0, 0.09886232529533268, 0.09247639241939104, 0.09173902283359818, 0.0, 0.028624918864351683, 0.0, 0.0, 0.0)",336
1966,6,9,8,"(0.09369258606422372, 0.0, 0.10132457019627615, 0.09247639241939104, 0.11700898772648856, 0.0, 0.028624918864351683, 0.0, 0.0, 0.0)",3
1967,6,9,8,"(0.09369258606422372, 0.0, 0.09886232529533268, 0.09247639241939104, 0.09173902283359818, 0.0, 0.05176704189509744, 0.0, 0.0, 0.0)",6
1968,6,9,11,"(0.16086096116644563, 0.14970886995698662, 0.0, 0.0, 0.0, 0.04688669779969397, 0.0, 0.08279881135943302, 0.0, 0.01316594429452367)",7
1969,6,9,11,"(0.09033430006888621, 0.14970886995698662, 0.0, 0.0, 0.0, 0.04688669779969397, 0.0, 0.0799340832071762, 0.0, 0.02231683878093506)",2
1970,6,9,11,"(0.09033430006888621, 0.14970886995698662, 0.0, 0.0, 0.0, 0.05575103429726278, 0.0, 0.08279881135943302, 0.0, 0.01812760691895582)",3
1971,6,9,11,"(0.09033430006888621, 0.09355924603948781, 0.0, 0.0, 0.0, 0.04688669779969397, 0.0, 0.08279881135943302, 0.0, 0.01812760691895582)",1
1972,6,9,11,"(0.09033430006888621, 0.14970886995698662, 0.0, 0.0, 0.0, 0.04688669779969397, 0.0, 0.08279881135943302, 0.0, 0.01812760691895582)",335
1973,6,9,11,"(0.09033430006888621, 0.14970886995698662, 0.0, 0.0, 0.0, 0.03970030310300204, 0.0, 0.08389054968550054, 0.0, 0.01812760691895582)",2
1974,6,9,11,"(0.11523073718816208, 0.18370530079402003, 0.0, 0.0, 0.0, 0.04688669779969397, 0.0, 0.08279881135943302, 0.0, 0.01812760691895582)",2
1975,6,9,11,"(0.09033430006888621, 0.18370530079402003, 0.0, 0.0, 0.0, 0.04688669779969397, 0.0, 0.08279881135943302, 0.0, 0.01812760691895582)",125
1976,6,9,11,"(0.09033430006888621, 0.14970886995698662, 0.0, 0.0, 0.0, 0.0424602954333925, 0.0, 0.08279881135943302, 0.0, 0.01812760691895582)",1
1977,6,9,13,"(0.0, 0.0, 0.1602719707930563, 0.06920069129515957, 0.09172770611919409, 0.08756949841646382, 0.0, 0.0, 0.14899621190854193, 0.0)",1
1978,6,9,13,"(0.0, 0.0, 0.11679612853536596, 0.04777040076582775, 0.09172770611919409, 0.07489992963210028, 0.0, 0.0, 0.14899621190854193, 0.0)",1
1979,6,9,13,"(0.0, 0.0, 0.11679612853536596, 0.06920069129515957, 0.09172770611919409, 0.07489992963210028, 0.0, 0.0, 0.14899621190854193, 0.0)",167
1980,6,10,8,"(0.14273799535953385, 0.0, 0.11203458424439347, 0.09247639241939104, 0.09173902283359818, 0.0, 0.028624918864351683, 0.0, 0.0, 0.0)",1
1981,6,10,8,"(0.09369258606422372, 0.0, 0.08189918523124386, 0.09247639241939104, 0.09173902283359818, 0.0, 0.028624918864351683, 0.0, 0.0, 0.0)",2
1982,6,10,8,"(0.09369258606422372, 0.0, 0.09886232529533268, 0.12334124650903867, 0.09173902283359818, 0.0, 0.028624918864351683, 0.0, 0.0, 0.0)",2
1983,6,10,8,"(0.07289736000845728, 0.0, 0.04672542723400353, 0.1097819714790073, 0.09173902283359818, 0.0, 0.028624918864351683, 0.0, 0.0, 0.0)",17
1984,6,10,8,"(0.09369258606422372, 0.0, 0.15341506856328316, 0.09247639241939104, 0.09173902283359818, 0.0, 0.028624918864351683, 0.0, 0.0, 0.0)",12
1985,6,10,8,"(0.09369258606422372, 0.0, 0.09886232529533268, 0.09247639241939104, 0.18022085714535507, 0.0, 0.026244185242055712, 0.0, 0.0, 0.0)",3
1986,6,10,8,"(0.09369258606422372, 0.0, 0.09886232529533268, 0.09247639241939104, 0.09173902283359818, 0.0, 0.028624918864351683, 0.0, 0.0, 0.0)",295
1987,6,10,8,"(0.09369258606422372, 0.0, 0.09886232529533268, 0.0838959554181664, 0.10718016852900172, 0.0, 0.028624918864351683, 0.0, 0.0, 0.0)",1
1988,6,10,8,"(0.07816642256897705, 0.0, 0.09886232529533268, 0.09247639241939104, 0.09173902283359818, 0.0, 0.03061193420097504, 0.0, 0.0, 0.0)",1
1989,6,10,8,"(0.09369258606422372, 0.0, 0.09886232529533268, 0.09247639241939104, 0.09173902283359818, 0.0, 0.05176704189509744, 0.0, 0.0, 0.0)",48
1990,6,10,8,"(0.10888314003769965, 0.0, 0.07564009467597578, 0.07123094198122591, 0.07597985433996289, 0.0, 0.028624918864351683, 0.0, 0.0, 0.0)",2
1991,6,10,11,"(0.09033430006888621, 0.11638297248042268, 0.0, 0.0, 0.0, 0.04688669779969397, 0.0, 0.08279881135943302, 0.0, 0.018005573744452972)",1
1992,6,10,11,"(0.04158638778489753, 0.18370530079402003, 0.0, 0.0, 0.0, 0.04688669779969397, 0.0, 0.08279881135943302, 0.0, 0.01812760691895582)",2
1993,6,10,11,"(0.09033430006888621, 0.14970886995698662, 0.0, 0.0, 0.0, 0.025713049588637148, 0.0, 0.08279881135943302, 0.0, 0.01812760691895582)",1
1994,6,10,11,"(0.09033430006888621, 0.14970886995698662, 0.0, 0.0, 0.0, 0.04688669779969397, 0.0, 0.1347895042914788, 0.0, 0.01812760691895582)",1
1995,6,10,11,"(0.09033430006888621, 0.14970886995698662, 0.0, 0.0, 0.0, 0.04688669779969397, 0.0, 0.10999754744820563, 0.0, 0.01812760691895582)",1
1996,6,10,11,"(0.09033430006888621, 0.18370530079402003, 0.0, 0.0, 0.0, 0.04688669779969397, 0.0, 0.08279881135943302, 0.0, 0.01812760691895582)",122
1997,6,10,11,"(0.09033430006888621, 0.14970886995698662, 0.0, 0.0, 0.0, 0.04688669779969397, 0.0, 0.08279881135943302, 0.0, 0.01812760691895582)",258
1998,6,10,13,"(0.0, 0.0, 0.11679612853536596, 0.09290085765057872, 0.09172770611919409, 0.07489992963210028, 0.0, 0.0, 0.14899621190854193, 0.0)",5
1999,6,10,13,"(0.0, 0.0, 0.11679612853536596, 0.06920069129515957, 0.09172770611919409, 0.07489992963210028, 0.0, 0.0, 0.14899621190854193, 0.0)",158
2000,6,11,8,"(0.09369258606422372, 0.0, 0.09886232529533268, 0.09247639241939104, 0.09173902283359818, 0.0, 0.017923978559396238, 0.0, 0.0, 0.0)",1
2001,6,11,8,"(0.09369258606422372, 0.0, 0.09886232529533268, 0.09247639241939104, 0.09173902283359818, 0.0, 0.028624918864351683, 0.0, 0.0, 0.0)",314
2002,6,11,8,"(0.09369258606422372, 0.0, 0.09886232529533268, 0.09247639241939104, 0.14768434458813484, 0.0, 0.028624918864351683, 0.0, 0.0, 0.0)",1
2003,6,11,8,"(0.0971169591334926, 0.0, 0.09886232529533268, 0.09247639241939104, 0.09173902283359818, 0.0, 0.028624918864351683, 0.0, 0.0, 0.0)",1
2004,6,11,11,"(0.09033430006888621, 0.14970886995698662, 0.0, 0.0, 0.0, 0.041171917903388824, 0.0, 0.08279881135943302, 0.0, 0.01812760691895582)",1
2005,6,11,11,"(0.07156598662393793, 0.14970886995698662, 0.0, 0.0, 0.0, 0.04688669779969397, 0.0, 0.08279881135943302, 0.0, 0.01812760691895582)",1
2006,6,11,11,"(0.09033430006888621, 0.18370530079402003, 0.0, 0.0, 0.0, 0.04688669779969397, 0.0, 0.08279881135943302, 0.0, 0.01812760691895582)",117
2007,6,11,11,"(0.09033430006888621, 0.14970886995698662, 0.0, 0.0, 0.0, 0.04688669779969397, 0.0, 0.08279881135943302, 0.0, 0.01812760691895582)",390
2008,6,11,11,"(0.0562296389950173, 0.14970886995698662, 0.0, 0.0, 0.0, 0.04688669779969397, 0.0, 0.08279881135943302, 0.0, 0.01812760691895582)",1
2009,6,11,11,"(0.11307028086486967, 0.16210959441743195, 0.0, 0.0, 0.0, 0.04688669779969397, 0.0, 0.08279881135943302, 0.0, 0.01812760691895582)",4
2010,6,11,11,"(0.09033430006888621, 0.18370530079402003, 0.0, 0.0, 0.0, 0.04688669779969397, 0.0, 0.06427658844589502, 0.0, 0.01812760691895582)",2
2011,6,11,11,"(0.09033430006888621, 0.14970886995698662, 0.0, 0.0, 0.0, 0.04688669779969397, 0.0, 0.08279881135943302, 0.0, 0.03269581243167201)",1
2012,6,11,11,"(0.09033430006888621, 0.21353469488734325, 0.0, 0.0, 0.0, 0.04688669779969397, 0.0, 0.08279881135943302, 0.0, 0.01812760691895582)",2
2013,6,11,13,"(0.0, 0.0, 0.11679612853536596, 0.06920069129515957, 0.09172770611919409, 0.07489992963210028, 0.0, 0.0, 0.15127977807094709, 0.0)",8
2014,6,11,13,"(0.0, 0.0, 0.11679612853536596, 0.06920069129515957, 0.09172770611919409, 0.07489992963210028, 0.0, 0.0, 0.14899621190854193, 0.0)",123
2015,6,11,13,"(0.0, 0.0, 0.11679612853536596, 0.06920069129515957, 0.09172770611919409, 0.1703723482746014, 0.0, 0.0, 0.14899621190854193, 0.0)",25
2016,6,11,13,"(0.0, 0.0, 0.11679612853536596, 0.12449703817956399, 0.09172770611919409, 0.07489992963210028, 0.0, 0.0, 0.14899621190854193, 0.0)",1
2017,6,11,13,"(0.0, 0.0, 0.11679612853536596, 0.056448084535956684, 0.09172770611919409, 0.07489992963210028, 0.0, 0.0, 0.14899621190854193, 0.0)",3
2018,6,12,8,"(0.09369258606422372, 0.0, 0.09886232529533268, 0.09247639241939104, 0.09173902283359818, 0.0, 0.04357037093627773, 0.0, 0.0, 0.0)",130
2019,6,12,8,"(0.09369258606422372, 0.0, 0.09886232529533268, 0.09247639241939104, 0.09173902283359818, 0.0, 0.028624918864351683, 0.0, 0.0, 0.0)",161
2020,6,12,8,"(0.09369258606422372, 0.0, 0.09886232529533268, 0.12598685068992282, 0.09173902283359818, 0.0, 0.04357037093627773, 0.0, 0.0, 0.0)",2
2021,6,12,8,"(0.09369258606422372, 0.0, 0.09886232529533268, 0.09247639241939104, 0.06876232922186394, 0.0, 0.028624918864351683, 0.0, 0.0, 0.0)",1
2022,6,12,8,"(0.05100111183895687, 0.0, 0.09886232529533268, 0.10986339951301043, 0.07372682276627089, 0.0, 0.028624918864351683, 0.0, 0.0, 0.0)",37
2023,6,12,11,"(0.13584218217553035, 0.14970886995698662, 0.0, 0.0, 0.0, 0.04688669779969397, 0.0, 0.08279881135943302, 0.0, 0.01812760691895582)",1
2024,6,12,11,"(0.09033430006888621, 0.14970886995698662, 0.0, 0.0, 0.0, 0.039188390885526336, 0.0, 0.08279881135943302, 0.0, 0.03941401606200769)",30
2025,6,12,11,"(0.09033430006888621, 0.08566603897088197, 0.0, 0.0, 0.0, 0.039188390885526336, 0.0, 0.08279881135943302, 0.0, 0.03941401606200769)",3
2026,6,12,11,"(0.09033430006888621, 0.10877572711845016, 0.0, 0.0, 0.0, 0.04688669779969397, 0.0, 0.08279881135943302, 0.0, 0.01812760691895582)",1
2027,6,12,11,"(0.11221711818377966, 0.14970886995698662, 0.0, 0.0, 0.0, 0.053178313264645435, 0.0, 0.08279881135943302, 0.0, 0.01812760691895582)",3
2028,6,12,11,"(0.09033430006888621, 0.14970886995698662, 0.0, 0.0, 0.0, 0.039188390885526336, 0.0, 0.08551083437552094, 0.0, 0.03941401606200769)",1
2029,6,12,11,"(0.082217616606012, 0.14970886995698662, 0.0, 0.0, 0.0, 0.04688669779969397, 0.0, 0.08279881135943302, 0.0, 0.01812760691895582)",2
2030,6,12,11,"(0.09033430006888621, 0.16901110280802212, 0.0, 0.0, 0.0, 0.032243642902165276, 0.0, 0.08279881135943302, 0.0, 0.01812760691895582)",1
2031,6,12,11,"(0.09033430006888621, 0.14970886995698662, 0.0, 0.0, 0.0, 0.04688669779969397, 0.0, 0.08279881135943302, 0.0, 0.012764039962968005)",1
2032,6,12,11,"(0.09033430006888621, 0.14970886995698662, 0.0, 0.0, 0.0, 0.069103240914341, 0.0, 0.08279881135943302, 0.0, 0.01812760691895582)",1
2033,6,12,11,"(0.09033430006888621, 0.14970886995698662, 0.0, 0.0, 0.0, 0.04688669779969397, 0.0, 0.08279881135943302, 0.0, 0.01812760691895582)",402
2034,6,12,13,"(0.0, 0.0, 0.11679612853536596, 0.06920069129515957, 0.11118427804211686, 0.07489992963210028, 0.0, 0.0, 0.14899621190854193, 0.0)",1
2035,6,12,13,"(0.0, 0.0, 0.11679612853536596, 0.06920069129515957, 0.09172770611919409, 0.07489992963210028, 0.0, 0.0, 0.14899621190854193, 0.0)",145
2036,6,12,13,"(0.0, 0.0, 0.11679612853536596, 0.05314973618894478, 0.09172770611919409, 0.07489992963210028, 0.0, 0.0, 0.14899621190854193, 0.0)",1
2037,6,12,13,"(0.0, 0.0, 0.11679612853536596, 0.06920069129515957, 0.09172770611919409, 0.07489992963210028, 0.0, 0.0, 0.1469859882608177, 0.0)",1
2038,6,13,8,"(0.09369258606422372, 0.0, 0.05023243895120227, 0.09247639241939104, 0.09173902283359818, 0.0, 0.028624918864351683, 0.0, 0.0, 0.0)",2
2039,6,13,8,"(0.09369258606422372, 0.0, 0.09886232529533268, 0.09247639241939104, 0.09173902283359818, 0.0, 0.04357037093627773, 0.0, 0.0, 0.0)",178
2040,6,13,8,"(0.04296297304692912, 0.0, 0.13484385171212504, 0.10986339951301043, 0.07372682276627089, 0.0, 0.028624918864351683, 0.0, 0.0, 0.0)",3
2041,6,13,8,"(0.09369258606422372, 0.0, 0.09886232529533268, 0.09905747857381332, 0.09173902283359818, 0.0, 0.04357037093627773, 0.0, 0.0, 0.0)",1
2042,6,13,8,"(0.09369258606422372, 0.0, 0.09886232529533268, 0.10087162485398637, 0.09173902283359818, 0.0, 0.028624918864351683, 0.0, 0.0, 0.0)",13
2043,6,13,8,"(0.09369258606422372, 0.0, 0.09886232529533268, 0.09247639241939104, 0.09173902283359818, 0.0, 0.028624918864351683, 0.0, 0.0, 0.0)",92
2044,6,13,8,"(0.09369258606422372, 0.0, 0.09886232529533268, 0.054121192634626246, 0.09173902283359818, 0.0, 0.04357037093627773, 0.0, 0.0, 0.0)",2
2045,6,13,8,"(0.09369258606422372, 0.0, 0.09886232529533268, 0.09247639241939104, 0.09173902283359818, 0.0, 0.04072652878121791, 0.0, 0.0, 0.0)",1
2046,6,13,8,"(0.05100111183895687, 0.0, 0.09886232529533268, 0.10986339951301043, 0.07372682276627089, 0.0, 0.028624918864351683, 0.0, 0.0, 0.0)",42
2047,6,13,11,"(0.09033430006888621, 0.14970886995698662, 0.0, 0.0, 0.0, 0.039188390885526336, 0.0, 0.08279881135943302, 0.0, 0.03941401606200769)",5
2048,6,13,11,"(0.09033430006888621, 0.14970886995698662, 0.0, 0.0, 0.0, 0.04688669779969397, 0.0, 0.04425202424024913, 0.0, 0.01812760691895582)",1
2049,6,13,11,"(0.09033430006888621, 0.1888042106976993, 0.0, 0.0, 0.0, 0.04688669779969397, 0.0, 0.08279881135943302, 0.0, 0.01812760691895582)",2
2050,6,13,11,"(0.09033430006888621, 0.13615371106509508, 0.0, 0.0, 0.0, 0.04688669779969397, 0.0, 0.08279881135943302, 0.0, 0.01812760691895582)",1
2051,6,13,11,"(0.09033430006888621, 0.14970886995698662, 0.0, 0.0, 0.0, 0.04688669779969397, 0.0, 0.08279881135943302, 0.0, 0.01812760691895582)",428
2052,6,13,11,"(0.09033430006888621, 0.14970886995698662, 0.0, 0.0, 0.0, 0.037005758474531726, 0.0, 0.08279881135943302, 0.0, 0.01812760691895582)",2
2053,6,13,11,"(0.09033430006888621, 0.14970886995698662, 0.0, 0.0, 0.0, 0.04688669779969397, 0.0, 0.08279881135943302, 0.0, 0.014587249594985406)",1
2054,6,13,13,"(0.0, 0.0, 0.11679612853536596, 0.06920069129515957, 0.09172770611919409, 0.07489992963210028, 0.0, 0.0, 0.14899621190854193, 0.0)",159
2055,6,13,13,"(0.0, 0.0, 0.12792478673318544, 0.06920069129515957, 0.09172770611919409, 0.07489992963210028, 0.0, 0.0, 0.14899621190854193, 0.0)",1
2056,6,13,13,"(0.0, 0.0, 0.11679612853536596, 0.06920069129515957, 0.09172770611919409, 0.06723046086850255, 0.0, 0.0, 0.14899621190854193, 0.0)",25
2057,6,14,8,"(0.09369258606422372, 0.0, 0.09886232529533268, 0.075774199560079, 0.09173902283359818, 0.0, 0.04357037093627773, 0.0, 0.0, 0.0)",2
2058,6,14,8,"(0.09369258606422372, 0.0, 0.09886232529533268, 0.09247639241939104, 0.09173902283359818, 0.0, 0.04357037093627773, 0.0, 0.0, 0.0)",176
2059,6,14,8,"(0.05100111183895687, 0.0, 0.09886232529533268, 0.10986339951301043, 0.07372682276627089, 0.0, 0.028624918864351683, 0.0, 0.0, 0.0)",47
2060,6,14,8,"(0.0725168904992263, 0.0, 0.08229592810673886, 0.09247639241939104, 0.09173902283359818, 0.0, 0.023940331012202696, 0.0, 0.0, 0.0)",1
2061,6,14,8,"(0.09369258606422372, 0.0, 0.09886232529533268, 0.09247639241939104, 0.09173902283359818, 0.0, 0.028624918864351683, 0.0, 0.0, 0.0)",114
2062,6,14,8,"(0.09369258606422372, 0.0, 0.05659460392111324, 0.09247639241939104, 0.09173902283359818, 0.0, 0.04357037093627773, 0.0, 0.0, 0.0)",7
2063,6,14,11,"(0.09033430006888621, 0.14970886995698662, 0.0, 0.0, 0.0, 0.05125655580864832, 0.0, 0.08279881135943302, 0.0, 0.01812760691895582)",1
2064,6,14,11,"(0.09642341785545491, 0.14970886995698662, 0.0, 0.0, 0.0, 0.04688669779969397, 0.0, 0.08279881135943302, 0.0, 0.01812760691895582)",1
2065,6,14,11,"(0.09033430006888621, 0.14970886995698662, 0.0, 0.0, 0.0, 0.07802849140722393, 0.0, 0.08279881135943302, 0.0, 0.01812760691895582)",3
2066,6,14,11,"(0.09033430006888621, 0.14970886995698662, 0.0, 0.0, 0.0, 0.04688669779969397, 0.0, 0.08279881135943302, 0.0, 0.01812760691895582)",420
2067,6,14,11,"(0.09033430006888621, 0.1372701129118054, 0.0, 0.0, 0.0, 0.04688669779969397, 0.0, 0.08279881135943302, 0.0, 0.01812760691895582)",1
2068,6,14,11,"(0.09033430006888621, 0.14970886995698662, 0.0, 0.0, 0.0, 0.04688669779969397, 0.0, 0.0699941115869584, 0.0, 0.01812760691895582)",6
2069,6,14,11,"(0.059106127197272665, 0.14970886995698662, 0.0, 0.0, 0.0, 0.04688669779969397, 0.0, 0.08279881135943302, 0.0, 0.01812760691895582)",1
2070,6,14,11,"(0.09033430006888621, 0.14970886995698662, 0.0, 0.0, 0.0, 0.054586914483403054, 0.0, 0.08279881135943302, 0.0, 0.01812760691895582)",3
2071,6,14,11,"(0.08585145723071821, 0.14970886995698662, 0.0, 0.0, 0.0, 0.04688669779969397, 0.0, 0.08279881135943302, 0.0, 0.01812760691895582)",4
2072,6,14,11,"(0.09033430006888621, 0.2615190762472223, 0.0, 0.0, 0.0, 0.05125655580864832, 0.0, 0.08279881135943302, 0.0, 0.01812760691895582)",1
2073,6,14,13,"(0.0, 0.0, 0.11679612853536596, 0.06920069129515957, 0.09172770611919409, 0.07489992963210028, 0.0, 0.0, 0.14899621190854193, 0.0)",149
2074,6,14,13,"(0.0, 0.0, 0.11679612853536596, 0.06920069129515957, 0.09172770611919409, 0.13036836860937834, 0.0, 0.0, 0.14899621190854193, 0.0)",1
2075,6,14,13,"(0.0, 0.0, 0.18095896599416483, 0.06920069129515957, 0.09172770611919409, 0.07489992963210028, 0.0, 0.0, 0.14899621190854193, 0.0)",1
2076,6,15,8,"(0.047461887660330264, 0.0, 0.09886232529533268, 0.09247639241939104, 0.09173902283359818, 0.0, 0.028624918864351683, 0.0, 0.0, 0.0)",1
2077,6,15,8,"(0.09369258606422372, 0.0, 0.11754933685297349, 0.08105614243208799, 0.09173902283359818, 0.0, 0.028624918864351683, 0.0, 0.0, 0.0)",2
2078,6,15,8,"(0.09369258606422372, 0.0, 0.09886232529533268, 0.09247639241939104, 0.09173902283359818, 0.0, 0.028624918864351683, 0.0, 0.0, 0.0)",160
2079,6,15,8,"(0.09369258606422372, 0.0, 0.09886232529533268, 0.09247639241939104, 0.0966716053561692, 0.0, 0.028624918864351683, 0.0, 0.0, 0.0)",145
2080,6,15,11,"(0.08444809074737636, 0.14970886995698662, 0.0, 0.0, 0.0, 0.03186618122007788, 0.0, 0.034315405281904146, 0.0, 0.03430577975056473)",1
2081,6,15,11,"(0.09033430006888621, 0.3518922954426282, 0.0, 0.0, 0.0, 0.04688669779969397, 0.0, 0.08279881135943302, 0.0, 0.01812760691895582)",1
2082,6,15,11,"(0.09033430006888621, 0.14970886995698662, 0.0, 0.0, 0.0, 0.04688669779969397, 0.0, 0.08279881135943302, 0.0, 0.01378404439634083)",3
2083,6,15,11,"(0.09033430006888621, 0.14970886995698662, 0.0, 0.0, 0.0, 0.04688669779969397, 0.0, 0.08279881135943302, 0.0, 0.02213307536614472)",1
2084,6,15,11,"(0.09033430006888621, 0.14970886995698662, 0.0, 0.0, 0.0, 0.034714849329374506, 0.0, 0.08279881135943302, 0.0, 0.01812760691895582)",1
2085,6,15,11,"(0.04223711409704012, 0.14970886995698662, 0.0, 0.0, 0.0, 0.04688669779969397, 0.0, 0.08279881135943302, 0.0, 0.01812760691895582)",1
2086,6,15,11,"(0.09033430006888621, 0.14970886995698662, 0.0, 0.0, 0.0, 0.04688669779969397, 0.0, 0.08279881135943302, 0.0, 0.03414697822051326)",2
2087,6,15,11,"(0.04176125547746532, 0.14970886995698662, 0.0, 0.0, 0.0, 0.04688669779969397, 0.0, 0.08279881135943302, 0.0, 0.01812760691895582)",1
2088,6,15,11,"(0.09651262903525483, 0.14970886995698662, 0.0, 0.0, 0.0, 0.04688669779969397, 0.0, 0.08279881135943302, 0.0, 0.01812760691895582)",4
2089,6,15,11,"(0.09033430006888621, 0.14970886995698662, 0.0, 0.0, 0.0, 0.04688669779969397, 0.0, 0.08279881135943302, 0.0, 0.01812760691895582)",487
2090,6,15,11,"(0.09033430006888621, 0.1864508523081081, 0.0, 0.0, 0.0, 0.04688669779969397, 0.0, 0.10521190328465263, 0.0, 0.01812760691895582)",2
2091,6,15,13,"(0.0, 0.0, 0.11679612853536596, 0.06920069129515957, 0.11259345247548849, 0.07489992963210028, 0.0, 0.0, 0.14899621190854193, 0.0)",3
2092,6,15,13,"(0.0, 0.0, 0.11679612853536596, 0.07340774831999115, 0.09172770611919409, 0.07489992963210028, 0.0, 0.0, 0.14899621190854193, 0.0)",3
2093,6,15,13,"(0.0, 0.0, 0.11679612853536596, 0.06920069129515957, 0.09172770611919409, 0.07489992963210028, 0.0, 0.0, 0.14899621190854193, 0.0)",153
2094,6,16,8,"(0.05438899433605962, 0.0, 0.09886232529533268, 0.09247639241939104, 0.09173902283359818, 0.0, 0.028624918864351683, 0.0, 0.0, 0.0)",2
2095,6,16,8,"(0.09369258606422372, 0.0, 0.09886232529533268, 0.09247639241939104, 0.0966716053561692, 0.0, 0.028624918864351683, 0.0, 0.0, 0.0)",63
2096,6,16,8,"(0.09369258606422372, 0.0, 0.09886232529533268, 0.09247639241939104, 0.08464906194391125, 0.0, 0.028624918864351683, 0.0, 0.0, 0.0)",2
2097,6,16,8,"(0.09369258606422372, 0.0, 0.0877703080521274, 0.09247639241939104, 0.09173902283359818, 0.0, 0.028624918864351683, 0.0, 0.0, 0.0)",2
2098,6,16,8,"(0.09369258606422372, 0.0, 0.09886232529533268, 0.09247639241939104, 0.10992009700790331, 0.0, 0.028624918864351683, 0.0, 0.0, 0.0)",23
2099,6,16,8,"(0.05353674288342847, 0.0, 0.09886232529533268, 0.09247639241939104, 0.09173902283359818, 0.0, 0.028624918864351683, 0.0, 0.0, 0.0)",81
2100,6,16,8,"(0.09369258606422372, 0.0, 0.09886232529533268, 0.09247639241939104, 0.09173902283359818, 0.0, 0.028624918864351683, 0.0, 0.0, 0.0)",135
2101,6,16,11,"(0.08163107646507195, 0.10320157306625337, 0.0, 0.0, 0.0, 0.04688669779969397, 0.0, 0.08279881135943302, 0.0, 0.01812760691895582)",4
2102,6,16,11,"(0.09033430006888621, 0.14970886995698662, 0.0, 0.0, 0.0, 0.04688669779969397, 0.0, 0.08279881135943302, 0.0, 0.01812760691895582)",379
2103,6,16,11,"(0.09033430006888621, 0.0885077656453076, 0.0, 0.0, 0.0, 0.02181440055446912, 0.0, 0.08279881135943302, 0.0, 0.01812760691895582)",9
2104,6,16,11,"(0.09033430006888621, 0.14970886995698662, 0.0, 0.0, 0.0, 0.04688669779969397, 0.0, 0.0743988179396713, 0.0, 0.01812760691895582)",1
2105,6,16,11,"(0.09033430006888621, 0.14970886995698662, 0.0, 0.0, 0.0, 0.04688669779969397, 0.0, 0.08701022919566505, 0.0, 0.01812760691895582)",12
2106,6,16,11,"(0.08240435086166195, 0.16629414824052846, 0.0, 0.0, 0.0, 0.04688669779969397, 0.0, 0.08279881135943302, 0.0, 0.01812760691895582)",5
2107,6,16,11,"(0.10087001595238071, 0.14970886995698662, 0.0, 0.0, 0.0, 0.04688669779969397, 0.0, 0.08279881135943302, 0.0, 0.01812760691895582)",1
2108,6,16,11,"(0.07001197490116541, 0.14970886995698662, 0.0, 0.0, 0.0, 0.043328052176013356, 0.0, 0.09923020318649395, 0.0, 0.01812760691895582)",3
2109,6,16,11,"(0.09033430006888621, 0.10320157306625337, 0.0, 0.0, 0.0, 0.04688669779969397, 0.0, 0.08279881135943302, 0.0, 0.01812760691895582)",57
2110,6,16,13,"(0.0, 0.0, 0.14492108332317266, 0.036888627990065564, 0.09172770611919409, 0.07489992963210028, 0.0, 0.0, 0.14899621190854193, 0.0)",1
2111,6,16,13,"(0.0, 0.0, 0.11679612853536596, 0.12233992425574415, 0.09172770611919409, 0.07489992963210028, 0.0, 0.0, 0.14899621190854193, 0.0)",2
2112,6,16,13,"(0.0, 0.0, 0.13527506261783687, 0.06920069129515957, 0.09172770611919409, 0.07489992963210028, 0.0, 0.0, 0.14899621190854193, 0.0)",1
2113,6,16,13,"(0.0, 0.0, 0.11679612853536596, 0.06920069129515957, 0.09172770611919409, 0.07489992963210028, 0.0, 0.0, 0.14899621190854193, 0.0)",177
2114,6,17,8,"(0.09369258606422372, 0.0, 0.1330216643199756, 0.09247639241939104, 0.09173902283359818, 0.0, 0.028624918864351683, 0.0, 0.0, 0.0)",1
2115,6,17,8,"(0.09369258606422372, 0.0, 0.09886232529533268, 0.09247639241939104, 0.08537679657899103, 0.0, 0.028624918864351683, 0.0, 0.0, 0.0)",1
2116,6,17,8,"(0.09369258606422372, 0.0, 0.13816313682765657, 0.09247639241939104, 0.09173902283359818, 0.0, 0.026472228148563495, 0.0, 0.0, 0.0)",2
2117,6,17,8,"(0.09369258606422372, 0.0, 0.09886232529533268, 0.09247639241939104, 0.11260516471549904, 0.0, 0.028624918864351683, 0.0, 0.0, 0.0)",3
2118,6,17,8,"(0.09369258606422372, 0.0, 0.09886232529533268, 0.09247639241939104, 0.0966716053561692, 0.0, 0.028624918864351683, 0.0, 0.0, 0.0)",158
2119,6,17,8,"(0.09369258606422372, 0.0, 0.09886232529533268, 0.08704770611184157, 0.09173902283359818, 0.0, 0.028624918864351683, 0.0, 0.0, 0.0)",4
2120,6,17,8,"(0.08708279079155452, 0.0, 0.09829273461213446, 0.09247639241939104, 0.0966716053561692, 0.0, 0.028624918864351683, 0.0, 0.0, 0.0)",1
2121,6,17,8,"(0.09369258606422372, 0.0, 0.09886232529533268, 0.09247639241939104, 0.09173902283359818, 0.0, 0.028624918864351683, 0.0, 0.0, 0.0)",212
2122,6,17,8,"(0.09369258606422372, 0.0, 0.09886232529533268, 0.1045951455470572, 0.0966716053561692, 0.0, 0.028624918864351683, 0.0, 0.0, 0.0)",3
2123,6,17,8,"(0.09369258606422372, 0.0, 0.09886232529533268, 0.09247639241939104, 0.09173902283359818, 0.0, 0.03420481224083616, 0.0, 0.0, 0.0)",2
2124,6,17,11,"(0.09033430006888621, 0.14970886995698662, 0.0, 0.0, 0.0, 0.0438806707362702, 0.0, 0.08279881135943302, 0.0, 0.01812760691895582)",6
2125,6,17,11,"(0.11236660754092255, 0.14970886995698662, 0.0, 0.0, 0.0, 0.04688669779969397, 0.0, 0.08279881135943302, 0.0, 0.01812760691895582)",3
2126,6,17,11,"(0.09033430006888621, 0.14970886995698662, 0.0, 0.0, 0.0, 0.04688669779969397, 0.0, 0.08279881135943302, 0.0, 0.01812760691895582)",397
2127,6,17,13,"(0.0, 0.0, 0.11810327653922102, 0.06920069129515957, 0.09172770611919409, 0.07201521885879587, 0.0, 0.0, 0.14899621190854193, 0.0)",2
2128,6,17,13,"(0.0, 0.0, 0.11679612853536596, 0.06920069129515957, 0.09172770611919409, 0.07489992963210028, 0.0, 0.0, 0.14899621190854193, 0.0)",128
2129,6,17,13,"(0.0, 0.0, 0.11679612853536596, 0.06920069129515957, 0.13219834732503138, 0.07489992963210028, 0.0, 0.0, 0.14899621190854193, 0.0)",27
2130,6,17,13,"(0.0, 0.0, 0.11679612853536596, 0.06920069129515957, 0.09866182413635458, 0.07489992963210028, 0.0, 0.0, 0.14899621190854193, 0.0)",13
2131,6,18,8,"(0.09369258606422372, 0.0, 0.09886232529533268, 0.08010497113699154, 0.09173902283359818, 0.0, 0.028624918864351683, 0.0, 0.0, 0.0)",2
2132,6,18,8,"(0.09369258606422372, 0.0, 0.1587437137618456, 0.09247639241939104, 0.09173902283359818, 0.0, 0.028624918864351683, 0.0, 0.0, 0.0)",3
2133,6,18,8,"(0.09369258606422372, 0.0, 0.11722810453729465, 0.09247639241939104, 0.09173902283359818, 0.0, 0.028624918864351683, 0.0, 0.0, 0.0)",1
2134,6,18,8,"(0.09369258606422372, 0.0, 0.09886232529533268, 0.09247639241939104, 0.09173902283359818, 0.0, 0.01784148811080015, 0.0, 0.0, 0.0)",1
2135,6,18,8,"(0.05250955046483021, 0.0, 0.09886232529533268, 0.09247639241939104, 0.09173902283359818, 0.0, 0.028624918864351683, 0.0, 0.0, 0.0)",1
2136,6,18,8,"(0.060948307089116596, 0.0, 0.09886232529533268, 0.09247639241939104, 0.21095781643075645, 0.0, 0.028624918864351683, 0.0, 0.0, 0.0)",1
2137,6,18,8,"(0.09369258606422372, 0.0, 0.09886232529533268, 0.09247639241939104, 0.16259253502887852, 0.0, 0.052084787077700936, 0.0, 0.0, 0.0)",1
2138,6,18,8,"(0.07457477824778096, 0.0, 0.09886232529533268, 0.09247639241939104, 0.11150322119134279, 0.0, 0.028624918864351683, 0.0, 0.0, 0.0)",2
2139,6,18,8,"(0.09369258606422372, 0.0, 0.09886232529533268, 0.09247639241939104, 0.09173902283359818, 0.0, 0.028624918864351683, 0.0, 0.0, 0.0)",416
2140,6,18,11,"(0.09033430006888621, 0.14970886995698662, 0.0, 0.0, 0.0, 0.04688669779969397, 0.0, 0.08279881135943302, 0.0, 0.025976905294442878)",1
2141,6,18,11,"(0.09033430006888621, 0.18370530079402003, 0.0, 0.0, 0.0, 0.07902889679103063, 0.0, 0.08279881135943302, 0.0, 0.01812760691895582)",2
2142,6,18,11,"(0.09033430006888621, 0.14970886995698662, 0.0, 0.0, 0.0, 0.04688669779969397, 0.0, 0.08279881135943302, 0.0, 0.01812760691895582)",267
2143,6,18,11,"(0.09033430006888621, 0.14970886995698662, 0.0, 0.0, 0.0, 0.04178948578392931, 0.0, 0.08279881135943302, 0.0, 0.01812760691895582)",2
2144,6,18,11,"(0.09033430006888621, 0.18370530079402003, 0.0, 0.0, 0.0, 0.04688669779969397, 0.0, 0.08279881135943302, 0.0, 0.01812760691895582)",73
2145,6,18,11,"(0.09033430006888621, 0.0960946328839535, 0.0, 0.0, 0.0, 0.0650317228823224, 0.0, 0.08279881135943302, 0.0, 0.01812760691895582)",1
2146,6,18,13,"(0.0, 0.0, 0.14204844675360234, 0.07205421883658765, 0.09172770611919409, 0.07489992963210028, 0.0, 0.0, 0.14899621190854193, 0.0)",17
2147,6,18,13,"(0.0, 0.0, 0.11679612853536596, 0.06920069129515957, 0.09172770611919409, 0.07489992963210028, 0.0, 0.0, 0.14899621190854193, 0.0)",133
2148,6,18,13,"(0.0, 0.0, 0.11679612853536596, 0.06920069129515957, 0.10775959613761701, 0.05380391476540512, 0.0, 0.0, 0.14899621190854193, 0.0)",1
2149,6,18,13,"(0.0, 0.0, 0.11679612853536596, 0.04370667185585346, 0.09172770611919409, 0.07489992963210028, 0.0, 0.0, 0.16163591456907214, 0.0)",2
2150,6,19,8,"(0.09926290288447305, 0.0, 0.09886232529533268, 0.09247639241939104, 0.05492685706969928, 0.0, 0.028624918864351683, 0.0, 0.0, 0.0)",2
2151,6,19,8,"(0.09369258606422372, 0.0, 0.09886232529533268, 0.09247639241939104, 0.09173902283359818, 0.0, 0.028624918864351683, 0.0, 0.0, 0.0)",282
2152,6,19,8,"(0.09369258606422372, 0.0, 0.27305073130182517, 0.09247639241939104, 0.09173902283359818, 0.0, 0.028624918864351683, 0.0, 0.0, 0.0)",2
2153,6,19,11,"(0.09033430006888621, 0.18221905373566238, 0.0, 0.0, 0.0, 0.04688669779969397, 0.0, 0.10977000997978067, 0.0, 0.01812760691895582)",4
2154,6,19,11,"(0.09033430006888621, 0.14970886995698662, 0.0, 0.0, 0.0, 0.04688669779969397, 0.0, 0.08279881135943302, 0.0, 0.023003960021055963)",1
2155,6,19,11,"(0.09033430006888621, 0.12492420695589783, 0.0, 0.0, 0.0, 0.038076961038885915, 0.0, 0.08279881135943302, 0.0, 0.01812760691895582)",1
2156,6,19,11,"(0.09033430006888621, 0.14970886995698662, 0.0, 0.0, 0.0, 0.03024572004181412, 0.0, 0.08279881135943302, 0.0, 0.01812760691895582)",13
2157,6,19,11,"(0.09033430006888621, 0.18370530079402003, 0.0, 0.0, 0.0, 0.038076961038885915, 0.0, 0.08279881135943302, 0.0, 0.01812760691895582)",14
2158,6,19,11,"(0.09033430006888621, 0.18370530079402003, 0.0, 0.0, 0.0, 0.04688669779969397, 0.0, 0.08279881135943302, 0.0, 0.01812760691895582)",87
2159,6,19,11,"(0.09033430006888621, 0.14970886995698662, 0.0, 0.0, 0.0, 0.04688669779969397, 0.0, 0.0669020939884038, 0.0, 0.01812760691895582)",4
2160,6,19,11,"(0.09033430006888621, 0.14970886995698662, 0.0, 0.0, 0.0, 0.04688669779969397, 0.0, 0.08279881135943302, 0.0, 0.01812760691895582)",309
2161,6,19,11,"(0.0692130725514483, 0.15010086552387106, 0.0, 0.0, 0.0, 0.04688669779969397, 0.0, 0.08279881135943302, 0.0, 0.01812760691895582)",1
2162,6,19,13,"(0.0, 0.0, 0.11679612853536596, 0.06920069129515957, 0.09172770611919409, 0.07489992963210028, 0.0, 0.0, 0.14899621190854193, 0.0)",114
2163,6,19,13,"(0.0, 0.0, 0.14204844675360234, 0.07205421883658765, 0.09172770611919409, 0.07489992963210028, 0.0, 0.0, 0.14899621190854193, 0.0)",52
2164,6,19,13,"(0.0, 0.0, 0.11679612853536596, 0.06920069129515957, 0.09172770611919409, 0.04184072979427969, 0.0, 0.0, 0.14899621190854193, 0.0)",2
2165,6,19,13,"(0.0, 0.0, 0.14204844675360234, 0.07205421883658765, 0.12447342292016954, 0.07489992963210028, 0.0, 0.0, 0.14899621190854193, 0.0)",1
2166,6,19,13,"(0.0, 0.0, 0.11679612853536596, 0.06869144916271686, 0.09172770611919409, 0.07489992963210028, 0.0, 0.0, 0.14899621190854193, 0.0)",2
2167,6,20,8,"(0.09369258606422372, 0.0, 0.09886232529533268, 0.09247639241939104, 0.09173902283359818, 0.0, 0.028624918864351683, 0.0, 0.0, 0.0)",327
2168,6,20,8,"(0.09369258606422372, 0.0, 0.14077212117163274, 0.09247639241939104, 0.09173902283359818, 0.0, 0.028624918864351683, 0.0, 0.0, 0.0)",1
2169,6,20,8,"(0.09369258606422372, 0.0, 0.09886232529533268, 0.07588844258282718, 0.09173902283359818, 0.0, 0.029918118980365744, 0.0, 0.0, 0.0)",7
2170,6,20,8,"(0.0763428682152214, 0.0, 0.09886232529533268, 0.08871094951659064, 0.09173902283359818, 0.0, 0.028624918864351683, 0.0, 0.0, 0.0)",1
2171,6,20,8,"(0.09369258606422372, 0.0, 0.0861009076458808, 0.09247639241939104, 0.09173902283359818, 0.0, 0.028624918864351683, 0.0, 0.0, 0.0)",1
2172,6,20,8,"(0.09369258606422372, 0.0, 0.09886232529533268, 0.09247639241939104, 0.09173902283359818, 0.0, 0.017229426751888738, 0.0, 0.0, 0.0)",3
2173,6,20,11,"(0.09176242011537032, 0.14970886995698662, 0.0, 0.0, 0.0, 0.04688669779969397, 0.0, 0.08279881135943302, 0.0, 0.01812760691895582)",1
2174,6,20,11,"(0.09033430006888621, 0.18221905373566238, 0.0, 0.0, 0.0, 0.04688669779969397, 0.0, 0.10977000997978067, 0.0, 0.01812760691895582)",12
2175,6,20,11,"(0.09033430006888621, 0.2157350197317635, 0.0, 0.0, 0.0, 0.04688669779969397, 0.0, 0.08279881135943302, 0.0, 0.01812760691895582)",1
2176,6,20,11,"(0.09033430006888621, 0.14970886995698662, 0.0, 0.0, 0.0, 0.0264182339011434, 0.0, 0.08279881135943302, 0.0, 0.026311042246498127)",1
2177,6,20,11,"(0.14586778089609045, 0.18370530079402003, 0.0, 0.0, 0.0, 0.04688669779969397, 0.0, 0.08279881135943302, 0.0, 0.018590318241417488)",3
2178,6,20,11,"(0.09033430006888621, 0.14970886995698662, 0.0, 0.0, 0.0, 0.04688669779969397, 0.0, 0.08279881135943302, 0.0, 0.01812760691895582)",225
2179,6,20,11,"(0.05174182823930724, 0.1829265033476217, 0.0, 0.0, 0.0, 0.04688669779969397, 0.0, 0.08279881135943302, 0.0, 0.01812760691895582)",2
2180,6,20,11,"(0.035358996006309554, 0.14970886995698662, 0.0, 0.0, 0.0, 0.04688669779969397, 0.0, 0.08279881135943302, 0.0, 0.01812760691895582)",1
2181,6,20,11,"(0.09033430006888621, 0.18370530079402003, 0.0, 0.0, 0.0, 0.04688669779969397, 0.0, 0.08279881135943302, 0.0, 0.01812760691895582)",273
2182,6,20,11,"(0.09033430006888621, 0.18370530079402003, 0.0, 0.0, 0.0, 0.04688669779969397, 0.0, 0.08279881135943302, 0.0, 0.014281438055487506)",1
2183,6,20,11,"(0.09033430006888621, 0.2205744477393049, 0.0, 0.0, 0.0, 0.04688669779969397, 0.0, 0.08279881135943302, 0.0, 0.01812760691895582)",1
2184,6,20,11,"(0.10657150859569232, 0.14970886995698662, 0.0, 0.0, 0.0, 0.04688669779969397, 0.0, 0.08279881135943302, 0.0, 0.01812760691895582)",3
2185,6,20,13,"(0.0, 0.0, 0.11679612853536596, 0.058069072484061, 0.0737350210188342, 0.07489992963210028, 0.0, 0.0, 0.14899621190854193, 0.0)",1
2186,6,20,13,"(0.0, 0.0, 0.11679612853536596, 0.06920069129515957, 0.09172770611919409, 0.08569541829160902, 0.0, 0.0, 0.14899621190854193, 0.0)",1
2187,6,20,13,"(0.0, 0.0, 0.11679612853536596, 0.06920069129515957, 0.09172770611919409, 0.07489992963210028, 0.0, 0.0, 0.14899621190854193, 0.0)",150
2188,6,20,13,"(0.0, 0.0, 0.2211212632091752, 0.06920069129515957, 0.09172770611919409, 0.07489992963210028, 0.0, 0.0, 0.14899621190854193, 0.0)",5
2189,7,0,8,"(0.16479316312288642, 0.0, 0.09886232529533268, 0.09247639241939104, 0.09173902283359818, 0.0, 0.04357037093627773, 0.0, 0.0, 0.0)",2
2190,7,0,8,"(0.09159440911799098, 0.0, 0.12005989134148684, 0.09247639241939104, 0.09173902283359818, 0.0, 0.04357037093627773, 0.0, 0.0, 0.0)",1
2191,7,0,8,"(0.09369258606422372, 0.0, 0.09886232529533268, 0.09247639241939104, 0.09173902283359818, 0.0, 0.04357037093627773, 0.0, 0.0, 0.0)",250
2192,7,0,8,"(0.09210608793352834, 0.0, 0.09886232529533268, 0.15009132337923842, 0.09173902283359818, 0.0, 0.04357037093627773, 0.0, 0.0, 0.0)",1
2193,7,0,8,"(0.09369258606422372, 0.0, 0.09886232529533268, 0.09247639241939104, 0.09173902283359818, 0.0, 0.028624918864351683, 0.0, 0.0, 0.0)",71
2194,7,0,11,"(0.09033430006888621, 0.14970886995698662, 0.0, 0.0, 0.0, 0.04688669779969397, 0.0, 0.08279881135943302, 0.0, 0.015212761670162618)",2
2195,7,0,11,"(0.0389794519877818, 0.14970886995698662, 0.0, 0.0, 0.0, 0.04688669779969397, 0.0, 0.08279881135943302, 0.0, 0.032431179406257636)",1
2196,7,0,11,"(0.16919316028957046, 0.14970886995698662, 0.0, 0.0, 0.0, 0.03724109116530482, 0.0, 0.08279881135943302, 0.0, 0.01812760691895582)",2
2197,7,0,11,"(0.09033430006888621, 0.15129648400990545, 0.0, 0.0, 0.0, 0.04688669779969397, 0.0, 0.10820082183411713, 0.0, 0.01812760691895582)",1
2198,7,0,11,"(0.17258601329056972, 0.14970886995698662, 0.0, 0.0, 0.0, 0.04688669779969397, 0.0, 0.08279881135943302, 0.0, 0.01812760691895582)",2
2199,7,0,11,"(0.09033430006888621, 0.1269712166077251, 0.0, 0.0, 0.0, 0.04688669779969397, 0.0, 0.08279881135943302, 0.0, 0.01812760691895582)",1
2200,7,0,11,"(0.09033430006888621, 0.14970886995698662, 0.0, 0.0, 0.0, 0.04688669779969397, 0.0, 0.12197653174870364, 0.0, 0.01812760691895582)",2
2201,7,0,11,"(0.05708738514266581, 0.14970886995698662, 0.0, 0.0, 0.0, 0.04688669779969397, 0.0, 0.08279881135943302, 0.0, 0.01812760691895582)",1
2202,7,0,11,"(0.09033430006888621, 0.14970886995698662, 0.0, 0.0, 0.0, 0.04688669779969397, 0.0, 0.08279881135943302, 0.0, 0.01812760691895582)",453
2203,7,0,13,"(0.0, 0.0, 0.11679612853536596, 0.06920069129515957, 0.09172770611919409, 0.07489992963210028, 0.0, 0.0, 0.12916316932418515, 0.0)",3
2204,7,0,13,"(0.0, 0.0, 0.0981178925186961, 0.07007169247144247, 0.09172770611919409, 0.07489992963210028, 0.0, 0.0, 0.14899621190854193, 0.0)",1
2205,7,0,13,"(0.0, 0.0, 0.11679612853536596, 0.06920069129515957, 0.09172770611919409, 0.07489992963210028, 0.0, 0.0, 0.11224380839236721, 0.0)",1
2206,7,0,13,"(0.0, 0.0, 0.11679612853536596, 0.06920069129515957, 0.09172770611919409, 0.07489992963210028, 0.0, 0.0, 0.14899621190854193, 0.0)",164
2207,7,0,13,"(0.0, 0.0, 0.11679612853536596, 0.06920069129515957, 0.08621991860970786, 0.07489992963210028, 0.0, 0.0, 0.14899621190854193, 0.0)",1
2208,7,1,8,"(0.09369258606422372, 0.0, 0.062572141204658, 0.09247639241939104, 0.09173902283359818, 0.0, 0.028624918864351683, 0.0, 0.0, 0.0)",1
2209,7,1,8,"(0.09369258606422372, 0.0, 0.09886232529533268, 0.09247639241939104, 0.09173902283359818, 0.0, 0.028624918864351683, 0.0, 0.0, 0.0)",184
2210,7,1,8,"(0.09369258606422372, 0.0, 0.09886232529533268, 0.09247639241939104, 0.09173902283359818, 0.0, 0.04357037093627773, 0.0, 0.0, 0.0)",115
2211,7,1,8,"(0.09369258606422372, 0.0, 0.07223996541365789, 0.09247639241939104, 0.09173902283359818, 0.0, 0.028624918864351683, 0.0, 0.0, 0.0)",2
2212,7,1,11,"(0.09033430006888621, 0.17518753649676472, 0.0, 0.0, 0.0, 0.04688669779969397, 0.0, 0.23997798541784884, 0.0, 0.03399376387350274)",1
2213,7,1,11,"(0.06660646048005182, 0.09911489852753604, 0.0, 0.0, 0.0, 0.04688669779969397, 0.0, 0.0613572500768459, 0.0, 0.01812760691895582)",24
2214,7,1,11,"(0.09033430006888621, 0.14970886995698662, 0.0, 0.0, 0.0, 0.04688669779969397, 0.0, 0.08279881135943302, 0.0, 0.011391421466397381)",34
2215,7,1,11,"(0.09033430006888621, 0.14970886995698662, 0.0, 0.0, 0.0, 0.05186892739019226, 0.0, 0.08279881135943302, 0.0, 0.017979185957143852)",1
2216,7,1,11,"(0.09033430006888621, 0.14970886995698662, 0.0, 0.0, 0.0, 0.04688669779969397, 0.0, 0.12005300605799266, 0.0, 0.01812760691895582)",1
2217,7,1,11,"(0.09033430006888621, 0.14970886995698662, 0.0, 0.0, 0.0, 0.06049013373571441, 0.0, 0.08279881135943302, 0.0, 0.024757708001863592)",1
2218,7,1,11,"(0.09033430006888621, 0.14970886995698662, 0.0, 0.0, 0.0, 0.05121805653850513, 0.0, 0.08279881135943302, 0.0, 0.01812760691895582)",2
2219,7,1,11,"(0.09033430006888621, 0.12200172308202527, 0.0, 0.0, 0.0, 0.04688669779969397, 0.0, 0.08279881135943302, 0.0, 0.01812760691895582)",1
2220,7,1,11,"(0.09033430006888621, 0.14970886995698662, 0.0, 0.0, 0.0, 0.04688669779969397, 0.0, 0.08279881135943302, 0.0, 0.01812760691895582)",388
2221,7,1,11,"(0.09033430006888621, 0.14970886995698662, 0.0, 0.0, 0.0, 0.04281284690738986, 0.0, 0.08279881135943302, 0.0, 0.011391421466397381)",1
2222,7,1,11,"(0.09033430006888621, 0.27290082314244524, 0.0, 0.0, 0.0, 0.05351172621355553, 0.0, 0.07734464761493962, 0.0, 0.01812760691895582)",1
2223,7,1,11,"(0.09033430006888621, 0.14970886995698662, 0.0, 0.0, 0.0, 0.04688669779969397, 0.0, 0.05435850535678291, 0.0, 0.01812760691895582)",2
2224,7,1,11,"(0.09033430006888621, 0.11176082386519078, 0.0, 0.0, 0.0, 0.04688669779969397, 0.0, 0.08279881135943302, 0.0, 0.01812760691895582)",49
2225,7,1,11,"(0.09033430006888621, 0.1267758643251075, 0.0, 0.0, 0.0, 0.04688669779969397, 0.0, 0.08279881135943302, 0.0, 0.011391421466397381)",1
2226,7,1,11,"(0.09033430006888621, 0.1733031193829113, 0.0, 0.0, 0.0, 0.04688669779969397, 0.0, 0.08279881135943302, 0.0, 0.01812760691895582)",1
2227,7,1,11,"(0.09033430006888621, 0.14970886995698662, 0.0, 0.0, 0.0, 0.061116531303078425, 0.0, 0.08279881135943302, 0.0, 0.01812760691895582)",1
2228,7,1,13,"(0.0, 0.0, 0.11679612853536596, 0.06920069129515957, 0.09172770611919409, 0.11874039900501403, 0.0, 0.0, 0.14899621190854193, 0.0)",2
2229,7,1,13,"(0.0, 0.0, 0.11679612853536596, 0.06920069129515957, 0.09172770611919409, 0.07489992963210028, 0.0, 0.0, 0.14899621190854193, 0.0)",165
2230,7,2,8,"(0.09369258606422372, 0.0, 0.09886232529533268, 0.09247639241939104, 0.09173902283359818, 0.0, 0.04357037093627773, 0.0, 0.0, 0.0)",260
2231,7,2,8,"(0.11185459270756953, 0.0, 0.09886232529533268, 0.09247639241939104, 0.06692798182766103, 0.0, 0.04357037093627773, 0.0, 0.0, 0.0)",1
2232,7,2,8,"(0.09369258606422372, 0.0, 0.09886232529533268, 0.09247639241939104, 0.09173902283359818, 0.0, 0.028624918864351683, 0.0, 0.0, 0.0)",72
2233,7,2,8,"(0.09369258606422372, 0.0, 0.09886232529533268, 0.09247639241939104, 0.09173902283359818, 0.0, 0.0542351468045064, 0.0, 0.0, 0.0)",1
2234,7,2,8,"(0.09369258606422372, 0.0, 0.09886232529533268, 0.1706493412951721, 0.09173902283359818, 0.0, 0.04357037093627773, 0.0, 0.0, 0.0)",1
2235,7,2,11,"(0.09033430006888621, 0.20976474342032259, 0.0, 0.0, 0.0, 0.04688669779969397, 0.0, 0.08279881135943302, 0.0, 0.01812760691895582)",1
2236,7,2,11,"(0.09033430006888621, 0.14970886995698662, 0.0, 0.0, 0.0, 0.05890854323222958, 0.0, 0.08279881135943302, 0.0, 0.01812760691895582)",2
2237,7,2,11,"(0.06660646048005182, 0.09911489852753604, 0.0, 0.0, 0.0, 0.04688669779969397, 0.0, 0.0613572500768459, 0.0, 0.01812760691895582)",57
2238,7,2,11,"(0.09033430006888621, 0.14970886995698662, 0.0, 0.0, 0.0, 0.04688669779969397, 0.0, 0.10278962290506684, 0.0, 0.01812760691895582)",2
2239,7,2,11,"(0.09033430006888621, 0.11390118906641729, 0.0, 0.0, 0.0, 0.08043256234928767, 0.0, 0.08279881135943302, 0.0, 0.01812760691895582)",1
2240,7,2,11,"(0.09033430006888621, 0.14970886995698662, 0.0, 0.0, 0.0, 0.04688669779969397, 0.0, 0.08279881135943302, 0.0, 0.01812760691895582)",430
2241,7,2,11,"(0.18292141038959328, 0.21268954174639734, 0.0, 0.0, 0.0, 0.04688669779969397, 0.0, 0.08279881135943302, 0.0, 0.01812760691895582)",2
2242,7,2,11,"(0.0466703689188359, 0.14970886995698662, 0.0, 0.0, 0.0, 0.04688669779969397, 0.0, 0.08279881135943302, 0.0, 0.01812760691895582)",27
2243,7,2,13,"(0.0, 0.0, 0.11679612853536596, 0.06920069129515957, 0.09172770611919409, 0.07489992963210028, 0.0, 0.0, 0.14899621190854193, 0.0)",146
2244,7,2,13,"(0.0, 0.0, 0.11679612853536596, 0.06920069129515957, 0.09172770611919409, 0.07837250940358019, 0.0, 0.0, 0.14899621190854193, 0.0)",1
2245,7,3,8,"(0.09369258606422372, 0.0, 0.040308168448853446, 0.09247639241939104, 0.09173902283359818, 0.0, 0.028624918864351683, 0.0, 0.0, 0.0)",1
2246,7,3,8,"(0.09837745655654045, 0.0, 0.09886232529533268, 0.09247639241939104, 0.09173902283359818, 0.0, 0.028624918864351683, 0.0, 0.0, 0.0)",2
2247,7,3,8,"(0.09369258606422372, 0.0, 0.09886232529533268, 0.09247639241939104, 0.09173902283359818, 0.0, 0.017229426751888738, 0.0, 0.0, 0.0)",10
2248,7,3,8,"(0.09369258606422372, 0.0, 0.09886232529533268, 0.09247639241939104, 0.09173902283359818, 0.0, 0.028624918864351683, 0.0, 0.0, 0.0)",419
2249,7,3,8,"(0.09369258606422372, 0.0, 0.09886232529533268, 0.14334354366919397, 0.09173902283359818, 0.0, 0.024877164229152388, 0.0, 0.0, 0.0)",1
2250,7,3,8,"(0.08527137905375799, 0.0, 0.09886232529533268, 0.07588844258282718, 0.09173902283359818, 0.0, 0.029918118980365744, 0.0, 0.0, 0.0)",5
2251,7,3,8,"(0.09369258606422372, 0.0, 0.09886232529533268, 0.07588844258282718, 0.09173902283359818, 0.0, 0.029918118980365744, 0.0, 0.0, 0.0)",2
2252,7,3,11,"(0.09033430006888621, 0.18370530079402003, 0.0, 0.0, 0.0, 0.04688669779969397, 0.0, 0.08279881135943302, 0.0, 0.01812760691895582)",132
2253,7,3,11,"(0.09033430006888621, 0.14970886995698662, 0.0, 0.0, 0.0, 0.04688669779969397, 0.0, 0.08279881135943302, 0.0, 0.01748313681005948)",3
2254,7,3,11,"(0.09033430006888621, 0.18370530079402003, 0.0, 0.0, 0.0, 0.04688669779969397, 0.0, 0.08794912125546052, 0.0, 0.01812760691895582)",1
2255,7,3,11,"(0.09033430006888621, 0.18370530079402003, 0.0, 0.0, 0.0, 0.046048679247141656, 0.0, 0.08279881135943302, 0.0, 0.01812760691895582)",1
2256,7,3,11,"(0.09033430006888621, 0.18221905373566238, 0.0, 0.0, 0.0, 0.04688669779969397, 0.0, 0.10977000997978067, 0.0, 0.01812760691895582)",27
2257,7,3,11,"(0.09033430006888621, 0.14970886995698662, 0.0, 0.0, 0.0, 0.04688669779969397, 0.0, 0.08279881135943302, 0.0, 0.01812760691895582)",207
2258,7,3,11,"(0.09033430006888621, 0.22782322433210123, 0.0, 0.0, 0.0, 0.04688669779969397, 0.0, 0.08279881135943302, 0.0, 0.01812760691895582)",5
2259,7,3,11,"(0.08808636227578687, 0.07425191661640078, 0.0, 0.0, 0.0, 0.04688669779969397, 0.0, 0.0911719166402093, 0.0, 0.01812760691895582)",8
2260,7,3,13,"(0.0, 0.0, 0.11679612853536596, 0.06920069129515957, 0.09172770611919409, 0.07489992963210028, 0.0, 0.0, 0.14899621190854193, 0.0)",153
2261,7,3,13,"(0.0, 0.0, 0.11679612853536596, 0.06920069129515957, 0.09172770611919409, 0.10788351878319247, 0.0, 0.0, 0.14899621190854193, 0.0)",4
2262,7,3,13,"(0.0, 0.0, 0.11679612853536596, 0.06920069129515957, 0.09172770611919409, 0.08047733008795889, 0.0, 0.0, 0.14899621190854193, 0.0)",11
2263,7,3,13,"(0.0, 0.0, 0.11679612853536596, 0.06920069129515957, 0.13865298848823795, 0.07489992963210028, 0.0, 0.0, 0.14899621190854193, 0.0)",1
2264,7,4,8,"(0.09369258606422372, 0.0, 0.09886232529533268, 0.09247639241939104, 0.09173902283359818, 0.0, 0.028624918864351683, 0.0, 0.0, 0.0)",232
2265,7,4,8,"(0.0763428682152214, 0.0, 0.09886232529533268, 0.08871094951659064, 0.09173902283359818, 0.0, 0.028624918864351683, 0.0, 0.0, 0.0)",68
2266,7,4,11,"(0.09033430006888621, 0.18370530079402003, 0.0, 0.0, 0.0, 0.04688669779969397, 0.0, 0.08279881135943302, 0.0, 0.019239838889212064)",1
2267,7,4,11,"(0.09033430006888621, 0.18370530079402003, 0.0, 0.0, 0.0, 0.04688669779969397, 0.0, 0.07994821783819445, 0.0, 0.029876779759786958)",1
2268,7,4,11,"(0.09033430006888621, 0.18370530079402003, 0.0, 0.0, 0.0, 0.04688669779969397, 0.0, 0.08279881135943302, 0.0, 0.01812760691895582)",288
2269,7,4,11,"(0.09033430006888621, 0.18221905373566238, 0.0, 0.0, 0.0, 0.04688669779969397, 0.0, 0.10977000997978067, 0.0, 0.01812760691895582)",2
2270,7,4,11,"(0.09033430006888621, 0.14970886995698662, 0.0, 0.0, 0.0, 0.04688669779969397, 0.0, 0.08279881135943302, 0.0, 0.01812760691895582)",216
2271,7,4,11,"(0.09033430006888621, 0.18370530079402003, 0.0, 0.0, 0.0, 0.018546890708851026, 0.0, 0.08279881135943302, 0.0, 0.01812760691895582)",1
2272,7,4,11,"(0.09033430006888621, 0.14970886995698662, 0.0, 0.0, 0.0, 0.04688669779969397, 0.0, 0.028527218077897605, 0.0, 0.01812760691895582)",1
2273,7,4,11,"(0.09033430006888621, 0.14970886995698662, 0.0, 0.0, 0.0, 0.07043777435809905, 0.0, 0.08279881135943302, 0.0, 0.01812760691895582)",3
2274,7,4,13,"(0.0, 0.0, 0.11679612853536596, 0.07545079805493282, 0.09172770611919409, 0.07489992963210028, 0.0, 0.0, 0.14899621190854193, 0.0)",6
2275,7,4,13,"(0.0, 0.0, 0.11679612853536596, 0.06920069129515957, 0.09172770611919409, 0.07489992963210028, 0.0, 0.0, 0.12591599531799533, 0.0)",14
2276,7,4,13,"(0.0, 0.0, 0.11679612853536596, 0.06920069129515957, 0.09172770611919409, 0.07489992963210028, 0.0, 0.0, 0.14899621190854193, 0.0)",166
2277,7,4,13,"(0.0, 0.0, 0.11679612853536596, 0.08075030725866139, 0.09172770611919409, 0.07489992963210028, 0.0, 0.0, 0.14899621190854193, 0.0)",1
2278,7,4,13,"(0.0, 0.0, 0.11748323482088505, 0.06920069129515957, 0.09172770611919409, 0.07489992963210028, 0.0, 0.0, 0.14899621190854193, 0.0)",2
2279,7,5,8,"(0.0985886883667171, 0.0, 0.09886232529533268, 0.09247639241939104, 0.09173902283359818, 0.0, 0.028624918864351683, 0.0, 0.0, 0.0)",1
2280,7,5,8,"(0.09369258606422372, 0.0, 0.09886232529533268, 0.09247639241939104, 0.09291140006714471, 0.0, 0.028624918864351683, 0.0, 0.0, 0.0)",1
2281,7,5,8,"(0.09369258606422372, 0.0, 0.09886232529533268, 0.09247639241939104, 0.09173902283359818, 0.0, 0.028624918864351683, 0.0, 0.0, 0.0)",361
2282,7,5,8,"(0.12599599722581858, 0.0, 0.11603311172155237, 0.05923666678415053, 0.09173902283359818, 0.0, 0.053930106072849406, 0.0, 0.0, 0.0)",1
2283,7,5,8,"(0.09369258606422372, 0.0, 0.09886232529533268, 0.09247639241939104, 0.09173902283359818, 0.0, 0.02820193529701366, 0.0, 0.0, 0.0)",5
2284,7,5,8,"(0.09369258606422372, 0.0, 0.09886232529533268, 0.09247639241939104, 0.0818556207480219, 0.0, 0.028624918864351683, 0.0, 0.0, 0.0)",1
2285,7,5,8,"(0.09369258606422372, 0.0, 0.09886232529533268, 0.09247639241939104, 0.048001945790323464, 0.0, 0.06313047263271741, 0.0, 0.0, 0.0)",1
2286,7,5,8,"(0.09369258606422372, 0.0, 0.09886232529533268, 0.07302920326884176, 0.09173902283359818, 0.0, 0.02331219967391659, 0.0, 0.0, 0.0)",1
2287,7,5,11,"(0.09033430006888621, 0.14970886995698662, 0.0, 0.0, 0.0, 0.04688669779969397, 0.0, 0.08279881135943302, 0.0, 0.01812760691895582)",264
2288,7,5,11,"(0.09033430006888621, 0.10896932617152193, 0.0, 0.0, 0.0, 0.04688669779969397, 0.0, 0.14838873271079364, 0.0, 0.01812760691895582)",1
2289,7,5,11,"(0.09033430006888621, 0.18370530079402003, 0.0, 0.0, 0.0, 0.04688669779969397, 0.0, 0.05637806597042534, 0.0, 0.02251202447245346)",7
2290,7,5,11,"(0.06297698654543649, 0.14970886995698662, 0.0, 0.0, 0.0, 0.04688669779969397, 0.0, 0.08279881135943302, 0.0, 0.01812760691895582)",1
2291,7,5,11,"(0.09033430006888621, 0.18370530079402003, 0.0, 0.0, 0.0, 0.04688669779969397, 0.0, 0.08279881135943302, 0.0, 0.01812760691895582)",146
2292,7,5,11,"(0.09033430006888621, 0.14970886995698662, 0.0, 0.0, 0.0, 0.04688669779969397, 0.0, 0.10359216280874503, 0.0, 0.01812760691895582)",1
2293,7,5,11,"(0.09033430006888621, 0.18221905373566238, 0.0, 0.0, 0.0, 0.04688669779969397, 0.0, 0.10977000997978067, 0.0, 0.01812760691895582)",26
2294,7,5,11,"(0.09033430006888621, 0.26866014901135266, 0.0, 0.0, 0.0, 0.04688669779969397, 0.0, 0.08279881135943302, 0.0, 0.01812760691895582)",2
2295,7,5,13,"(0.0, 0.0, 0.11679612853536596, 0.13558618050473809, 0.09172770611919409, 0.07489992963210028, 0.0, 0.0, 0.14899621190854193, 0.0)",1
2296,7,5,13,"(0.0, 0.0, 0.11679612853536596, 0.06920069129515957, 0.09172770611919409, 0.07489992963210028, 0.0, 0.0, 0.13035403602221696, 0.0)",4
2297,7,5,13,"(0.0, 0.0, 0.12012086328582733, 0.05707300152127076, 0.09172770611919409, 0.07489992963210028, 0.0, 0.0, 0.14899621190854193, 0.0)",2
2298,7,5,13,"(0.0, 0.0, 0.11679612853536596, 0.07314255223899328, 0.09172770611919409, 0.07489992963210028, 0.0, 0.0, 0.14899621190854193, 0.0)",1
2299,7,5,13,"(0.0, 0.0, 0.11679612853536596, 0.06920069129515957, 0.09172770611919409, 0.07489992963210028, 0.0, 0.0, 0.14899621190854193, 0.0)",149
2300,7,6,8,"(0.09369258606422372, 0.0, 0.09886232529533268, 0.09247639241939104, 0.11422034098691475, 0.0, 0.028624918864351683, 0.0, 0.0, 0.0)",13
2301,7,6,8,"(0.09369258606422372, 0.0, 0.09886232529533268, 0.09247639241939104, 0.09173902283359818, 0.0, 0.028624918864351683, 0.0, 0.0, 0.0)",324
2302,7,6,8,"(0.09369258606422372, 0.0, 0.09886232529533268, 0.10094009561971284, 0.09173902283359818, 0.0, 0.028041395679174214, 0.0, 0.0, 0.0)",1
2303,7,6,8,"(0.09369258606422372, 0.0, 0.09886232529533268, 0.09247639241939104, 0.11503893125530834, 0.0, 0.028624918864351683, 0.0, 0.0, 0.0)",1
2304,7,6,8,"(0.09369258606422372, 0.0, 0.11704261753589713, 0.09186376136128835, 0.09173902283359818, 0.0, 0.028624918864351683, 0.0, 0.0, 0.0)",5
2305,7,6,8,"(0.09369258606422372, 0.0, 0.09886232529533268, 0.09247639241939104, 0.09442408957683535, 0.0, 0.028624918864351683, 0.0, 0.0, 0.0)",1
2306,7,6,11,"(0.1083061452778969, 0.14970886995698662, 0.0, 0.0, 0.0, 0.04688669779969397, 0.0, 0.08279881135943302, 0.0, 0.01812760691895582)",39
2307,7,6,11,"(0.09033430006888621, 0.14970886995698662, 0.0, 0.0, 0.0, 0.14976221730953806, 0.0, 0.08279881135943302, 0.0, 0.01812760691895582)",4
2308,7,6,11,"(0.09033430006888621, 0.22273743544390504, 0.0, 0.0, 0.0, 0.04688669779969397, 0.0, 0.08279881135943302, 0.0, 0.01812760691895582)",1
2309,7,6,11,"(0.09033430006888621, 0.14970886995698662, 0.0, 0.0, 0.0, 0.04688669779969397, 0.0, 0.05217313942770593, 0.0, 0.01812760691895582)",23
2310,7,6,11,"(0.09033430006888621, 0.14970886995698662, 0.0, 0.0, 0.0, 0.04688669779969397, 0.0, 0.08279881135943302, 0.0, 0.01812760691895582)",368
2311,7,6,11,"(0.09033430006888621, 0.14970886995698662, 0.0, 0.0, 0.0, 0.04688669779969397, 0.0, 0.08480261706007933, 0.0, 0.011668134068668764)",1
2312,7,6,11,"(0.09033430006888621, 0.22583741969847462, 0.0, 0.0, 0.0, 0.04688669779969397, 0.0, 0.08279881135943302, 0.0, 0.01812760691895582)",6
2313,7,6,11,"(0.09033430006888621, 0.14970886995698662, 0.0, 0.0, 0.0, 0.05047283027683263, 0.0, 0.08279881135943302, 0.0, 0.01812760691895582)",3
2314,7,6,11,"(0.09033430006888621, 0.14970886995698662, 0.0, 0.0, 0.0, 0.04688669779969397, 0.0, 0.07934679513538924, 0.0, 0.01812760691895582)",1
2315,7,6,13,"(0.0, 0.0, 0.11679612853536596, 0.06920069129515957, 0.09172770611919409, 0.07489992963210028, 0.0, 0.0, 0.11902685237676469, 0.0)",1
2316,7,6,13,"(0.0, 0.0, 0.11679612853536596, 0.06920069129515957, 0.09172770611919409, 0.11503466810915523, 0.0, 0.0, 0.14899621190854193, 0.0)",1
2317,7,6,13,"(0.0, 0.0, 0.11679612853536596, 0.06920069129515957, 0.09172770611919409, 0.07489992963210028, 0.0, 0.0, 0.14899621190854193, 0.0)",153
2318,7,7,8,"(0.09369258606422372, 0.0, 0.09886232529533268, 0.09247639241939104, 0.09173902283359818, 0.0, 0.028624918864351683, 0.0, 0.0, 0.0)",295
2319,7,7,8,"(0.09369258606422372, 0.0, 0.11759770113307955, 0.09247639241939104, 0.09173902283359818, 0.0, 0.028624918864351683, 0.0, 0.0, 0.0)",3
2320,7,7,8,"(0.09369258606422372, 0.0, 0.1286884577071162, 0.09247639241939104, 0.09173902283359818, 0.0, 0.028624918864351683, 0.0, 0.0, 0.0)",1
2321,7,7,8,"(0.09369258606422372, 0.0, 0.09886232529533268, 0.08271919072623801, 0.09173902283359818, 0.0, 0.028624918864351683, 0.0, 0.0, 0.0)",1
2322,7,7,8,"(0.09369258606422372, 0.0, 0.09910738180720938, 0.09247639241939104, 0.09173902283359818, 0.0, 0.028624918864351683, 0.0, 0.0, 0.0)",1
2323,7,7,8,"(0.09369258606422372, 0.0, 0.09886232529533268, 0.09247639241939104, 0.09173902283359818, 0.0, 0.015938763288657315, 0.0, 0.0, 0.0)",1
2324,7,7,8,"(0.09369258606422372, 0.0, 0.09886232529533268, 0.09247639241939104, 0.13289718156838076, 0.0, 0.018948731398967873, 0.0, 0.0, 0.0)",1
2325,7,7,8,"(0.09369258606422372, 0.0, 0.09886232529533268, 0.09108857126568368, 0.09173902283359818, 0.0, 0.028624918864351683, 0.0, 0.0, 0.0)",40
2326,7,7,8,"(0.09369258606422372, 0.0, 0.09886232529533268, 0.09247639241939104, 0.13289718156838076, 0.0, 0.028624918864351683, 0.0, 0.0, 0.0)",1
2327,7,7,8,"(0.1825656138067268, 0.0, 0.09886232529533268, 0.09247639241939104, 0.09173902283359818, 0.0, 0.028624918864351683, 0.0, 0.0, 0.0)",1
2328,7,7,11,"(0.09033430006888621, 0.14970886995698662, 0.0, 0.0, 0.0, 0.04688669779969397, 0.0, 0.08160834971146794, 0.0, 0.02023727031817259)",5
2329,7,7,11,"(0.09033430006888621, 0.14970886995698662, 0.0, 0.0, 0.0, 0.04688669779969397, 0.0, 0.0421067605726956, 0.0, 0.010735188521080467)",1
2330,7,7,11,"(0.09033430006888621, 0.15016324889797103, 0.0, 0.0, 0.0, 0.052896353352330124, 0.0, 0.08279881135943302, 0.0, 0.01812760691895582)",2
2331,7,7,11,"(0.1083061452778969, 0.14970886995698662, 0.0, 0.0, 0.0, 0.04688669779969397, 0.0, 0.08279881135943302, 0.0, 0.01812760691895582)",57
2332,7,7,11,"(0.09033430006888621, 0.14970886995698662, 0.0, 0.0, 0.0, 0.057950735682201625, 0.0, 0.07055433730338834, 0.0, 0.02023727031817259)",1
2333,7,7,11,"(0.09033430006888621, 0.14970886995698662, 0.0, 0.0, 0.0, 0.04688669779969397, 0.0, 0.08279881135943302, 0.0, 0.01812760691895582)",392
2334,7,7,11,"(0.08680643208638077, 0.14970886995698662, 0.0, 0.0, 0.0, 0.04688669779969397, 0.0, 0.10574004075528241, 0.0, 0.01812760691895582)",2
2335,7,7,11,"(0.09033430006888621, 0.14970886995698662, 0.0, 0.0, 0.0, 0.03738673116169676, 0.0, 0.08279881135943302, 0.0, 0.01812760691895582)",1
2336,7,7,11,"(0.09033430006888621, 0.14970886995698662, 0.0, 0.0, 0.0, 0.05029299107787162, 0.0, 0.08279881135943302, 0.0, 0.01812760691895582)",1
2337,7,7,13,"(0.0, 0.0, 0.11679612853536596, 0.06920069129515957, 0.09172770611919409, 0.07489992963210028, 0.0, 0.0, 0.14899621190854193, 0.0)",188
2338,7,8,8,"(0.09369258606422372, 0.0, 0.09886232529533268, 0.09247639241939104, 0.09173902283359818, 0.0, 0.028624918864351683, 0.0, 0.0, 0.0)",275
2339,7,8,8,"(0.09369258606422372, 0.0, 0.09886232529533268, 0.09108857126568368, 0.09173902283359818, 0.0, 0.021784731587546943, 0.0, 0.0, 0.0)",2
2340,7,8,8,"(0.09369258606422372, 0.0, 0.09886232529533268, 0.09247639241939104, 0.09498797085470617, 0.0, 0.028624918864351683, 0.0, 0.0, 0.0)",8
2341,7,8,8,"(0.11579955266173224, 0.0, 0.09886232529533268, 0.09108857126568368, 0.09173902283359818, 0.0, 0.028624918864351683, 0.0, 0.0, 0.0)",6
2342,7,8,8,"(0.09369258606422372, 0.0, 0.11704261753589713, 0.09186376136128835, 0.09173902283359818, 0.0, 0.028624918864351683, 0.0, 0.0, 0.0)",9
2343,7,8,8,"(0.09369258606422372, 0.0, 0.09886232529533268, 0.09108857126568368, 0.09173902283359818, 0.0, 0.028624918864351683, 0.0, 0.0, 0.0)",49
2344,7,8,8,"(0.09369258606422372, 0.0, 0.09886232529533268, 0.09247639241939104, 0.09173902283359818, 0.0, 0.02572465114748266, 0.0, 0.0, 0.0)",3
2345,7,8,11,"(0.09033430006888621, 0.14970886995698662, 0.0, 0.0, 0.0, 0.04179830279973466, 0.0, 0.08279881135943302, 0.0, 0.017636459699960767)",3
2346,7,8,11,"(0.07835805525167856, 0.14970886995698662, 0.0, 0.0, 0.0, 0.04688669779969397, 0.0, 0.08279881135943302, 0.0, 0.01812760691895582)",2
2347,7,8,11,"(0.09033430006888621, 0.14970886995698662, 0.0, 0.0, 0.0, 0.04688669779969397, 0.0, 0.08125688377652386, 0.0, 0.01812760691895582)",1
2348,7,8,11,"(0.09033430006888621, 0.10330679751627295, 0.0, 0.0, 0.0, 0.04688669779969397, 0.0, 0.08279881135943302, 0.0, 0.01812760691895582)",1
2349,7,8,11,"(0.09033430006888621, 0.23796396005788883, 0.0, 0.0, 0.0, 0.03206642023415473, 0.0, 0.08279881135943302, 0.0, 0.01812760691895582)",2
2350,7,8,11,"(0.09033430006888621, 0.09466862733253693, 0.0, 0.0, 0.0, 0.04688669779969397, 0.0, 0.08279881135943302, 0.0, 0.01812760691895582)",1
2351,7,8,11,"(0.09033430006888621, 0.14970886995698662, 0.0, 0.0, 0.0, 0.04688669779969397, 0.0, 0.05217313942770593, 0.0, 0.01812760691895582)",31
2352,7,8,11,"(0.09423816374671916, 0.14970886995698662, 0.0, 0.0, 0.0, 0.04688669779969397, 0.0, 0.08279881135943302, 0.0, 0.01812760691895582)",1
2353,7,8,11,"(0.1675468178791144, 0.14970886995698662, 0.0, 0.0, 0.0, 0.04688669779969397, 0.0, 0.05217313942770593, 0.0, 0.01812760691895582)",1
2354,7,8,11,"(0.09033430006888621, 0.14593894195427676, 0.0, 0.0, 0.0, 0.04688669779969397, 0.0, 0.08279881135943302, 0.0, 0.01812760691895582)",1
2355,7,8,11,"(0.1083061452778969, 0.14970886995698662, 0.0, 0.0, 0.0, 0.04688669779969397, 0.0, 0.08279881135943302, 0.0, 0.01812760691895582)",17
2356,7,8,11,"(0.09033430006888621, 0.14970886995698662, 0.0, 0.0, 0.0, 0.04688669779969397, 0.0, 0.08279881135943302, 0.0, 0.010724244512140588)",52
2357,7,8,11,"(0.10225443780876202, 0.14970886995698662, 0.0, 0.0, 0.0, 0.04688669779969397, 0.0, 0.08279881135943302, 0.0, 0.01812760691895582)",2
2358,7,8,11,"(0.09033430006888621, 0.14970886995698662, 0.0, 0.0, 0.0, 0.04688669779969397, 0.0, 0.08279881135943302, 0.0, 0.01812760691895582)",305
2359,7,8,13,"(0.0, 0.0, 0.11679612853536596, 0.06920069129515957, 0.09172770611919409, 0.07489992963210028, 0.0, 0.0, 0.14899621190854193, 0.0)",169
2360,7,8,13,"(0.0, 0.0, 0.19498197604893505, 0.06920069129515957, 0.09172770611919409, 0.07489992963210028, 0.0, 0.0, 0.14899621190854193, 0.0)",1
2361,7,8,13,"(0.0, 0.0, 0.11679612853536596, 0.06920069129515957, 0.09172770611919409, 0.07489992963210028, 0.0, 0.0, 0.14540019076657698, 0.0)",2
2362,7,8,13,"(0.0, 0.0, 0.12904137037660082, 0.06920069129515957, 0.09172770611919409, 0.07489992963210028, 0.0, 0.0, 0.14899621190854193, 0.0)",1
2363,7,9,8,"(0.09369258606422372, 0.0, 0.09886232529533268, 0.09108857126568368, 0.09173902283359818, 0.0, 0.028624918864351683, 0.0, 0.0, 0.0)",57
2364,7,9,8,"(0.09369258606422372, 0.0, 0.09886232529533268, 0.06056226236393743, 0.09173902283359818, 0.0, 0.028624918864351683, 0.0, 0.0, 0.0)",2
2365,7,9,8,"(0.09369258606422372, 0.0, 0.09886232529533268, 0.09247639241939104, 0.09173902283359818, 0.0, 0.028624918864351683, 0.0, 0.0, 0.0)",287
2366,7,9,8,"(0.09369258606422372, 0.0, 0.09886232529533268, 0.09247639241939104, 0.13188463315065102, 0.0, 0.028624918864351683, 0.0, 0.0, 0.0)",4
2367,7,9,11,"(0.09033430006888621, 0.14970886995698662, 0.0, 0.0, 0.0, 0.04688669779969397, 0.0, 0.08279881135943302, 0.0, 0.018368344775005735)",1
2368,7,9,11,"(0.1083061452778969, 0.14970886995698662, 0.0, 0.0, 0.0, 0.04688669779969397, 0.0, 0.08279881135943302, 0.0, 0.01812760691895582)",19
2369,7,9,11,"(0.14625136660312413, 0.14970886995698662, 0.0, 0.0, 0.0, 0.04688669779969397, 0.0, 0.08279881135943302, 0.0, 0.01812760691895582)",2
2370,7,9,11,"(0.09033430006888621, 0.14970886995698662, 0.0, 0.0, 0.0, 0.04688669779969397, 0.0, 0.08279881135943302, 0.0, 0.01812760691895582)",384
2371,7,9,11,"(0.09033430006888621, 0.12375329881085145, 0.0, 0.0, 0.0, 0.04688669779969397, 0.0, 0.08279881135943302, 0.0, 0.01812760691895582)",1
2372,7,9,11,"(0.09922819595250812, 0.14970886995698662, 0.0, 0.0, 0.0, 0.04688669779969397, 0.0, 0.08279881135943302, 0.0, 0.01812760691895582)",1
2373,7,9,11,"(0.09033430006888621, 0.14970886995698662, 0.0, 0.0, 0.0, 0.04688669779969397, 0.0, 0.04157827471758224, 0.0, 0.01812760691895582)",1
2374,7,9,11,"(0.1083061452778969, 0.14970886995698662, 0.0, 0.0, 0.0, 0.04688669779969397, 0.0, 0.05710722465908138, 0.0, 0.01812760691895582)",2
2375,7,9,13,"(0.0, 0.0, 0.11679612853536596, 0.06920069129515957, 0.09172770611919409, 0.07489992963210028, 0.0, 0.0, 0.14899621190854193, 0.0)",167
2376,7,9,13,"(0.0, 0.0, 0.11679612853536596, 0.06920069129515957, 0.10579775515225423, 0.0740298687589506, 0.0, 0.0, 0.14899621190854193, 0.0)",2
2377,7,9,13,"(0.0, 0.0, 0.08772296662899774, 0.06920069129515957, 0.09172770611919409, 0.07489992963210028, 0.0, 0.0, 0.14899621190854193, 0.0)",7
2378,7,10,8,"(0.09369258606422372, 0.0, 0.09886232529533268, 0.11198879569857698, 0.10779940950647143, 0.0, 0.020175698567824335, 0.0, 0.0, 0.0)",1
2379,7,10,8,"(0.09369258606422372, 0.0, 0.09886232529533268, 0.09108857126568368, 0.09173902283359818, 0.0, 0.028624918864351683, 0.0, 0.0, 0.0)",136
2380,7,10,8,"(0.09369258606422372, 0.0, 0.09886232529533268, 0.09247639241939104, 0.09173902283359818, 0.0, 0.028624918864351683, 0.0, 0.0, 0.0)",168
2381,7,10,8,"(0.09369258606422372, 0.0, 0.045412356595334574, 0.09108857126568368, 0.09173902283359818, 0.0, 0.028624918864351683, 0.0, 0.0, 0.0)",1
2382,7,10,8,"(0.09369258606422372, 0.0, 0.09886232529533268, 0.11198879569857698, 0.09173902283359818, 0.0, 0.028624918864351683, 0.0, 0.0, 0.0)",10
2383,7,10,11,"(0.09033430006888621, 0.14970886995698662, 0.0, 0.0, 0.0, 0.04568906259093692, 0.0, 0.08279881135943302, 0.0, 0.01812760691895582)",43
2384,7,10,11,"(0.09793035492427066, 0.14970886995698662, 0.0, 0.0, 0.0, 0.04688669779969397, 0.0, 0.08279881135943302, 0.0, 0.01812760691895582)",2
2385,7,10,11,"(0.044159674416850134, 0.14151176814598362, 0.0, 0.0, 0.0, 0.02868997680402639, 0.0, 0.08279881135943302, 0.0, 0.029284804161222124)",1
2386,7,10,11,"(0.044159674416850134, 0.14970886995698662, 0.0, 0.0, 0.0, 0.02868997680402639, 0.0, 0.08279881135943302, 0.0, 0.029284804161222124)",7
2387,7,10,11,"(0.13606016099813664, 0.11979846033024875, 0.0, 0.0, 0.0, 0.06698633755454403, 0.0, 0.08279881135943302, 0.0, 0.021590719636031472)",1
2388,7,10,11,"(0.09033430006888621, 0.14598203135913299, 0.0, 0.0, 0.0, 0.04260420627982679, 0.0, 0.10035958121291964, 0.0, 0.01812760691895582)",2
2389,7,10,11,"(0.09033430006888621, 0.14970886995698662, 0.0, 0.0, 0.0, 0.04688669779969397, 0.0, 0.08279881135943302, 0.0, 0.01812760691895582)",395
2390,7,10,11,"(0.09033430006888621, 0.10249861079943969, 0.0, 0.0, 0.0, 0.04688669779969397, 0.0, 0.08279881135943302, 0.0, 0.016075946059510852)",3
2391,7,10,13,"(0.0, 0.0, 0.11679612853536596, 0.06920069129515957, 0.11536500047972115, 0.07489992963210028, 0.0, 0.0, 0.14899621190854193, 0.0)",9
2392,7,10,13,"(0.0, 0.0, 0.11679612853536596, 0.06920069129515957, 0.09172770611919409, 0.06900645668805476, 0.0, 0.0, 0.14899621190854193, 0.0)",2
2393,7,10,13,"(0.0, 0.0, 0.11679612853536596, 0.06920069129515957, 0.09172770611919409, 0.07489992963210028, 0.0, 0.0, 0.14899621190854193, 0.0)",182
2394,7,11,8,"(0.09369258606422372, 0.0, 0.09886232529533268, 0.09247639241939104, 0.07300355265970662, 0.0, 0.028624918864351683, 0.0, 0.0, 0.0)",1
2395,7,11,8,"(0.09369258606422372, 0.0, 0.09886232529533268, 0.09108857126568368, 0.09173902283359818, 0.0, 0.028624918864351683, 0.0, 0.0, 0.0)",144
2396,7,11,8,"(0.09369258606422372, 0.0, 0.09886232529533268, 0.09108857126568368, 0.123516819956176, 0.0, 0.028624918864351683, 0.0, 0.0, 0.0)",4
2397,7,11,8,"(0.09369258606422372, 0.0, 0.09886232529533268, 0.09247639241939104, 0.09173902283359818, 0.0, 0.028624918864351683, 0.0, 0.0, 0.0)",243
2398,7,11,8,"(0.09369258606422372, 0.0, 0.09886232529533268, 0.18048353041101453, 0.09173902283359818, 0.0, 0.028624918864351683, 0.0, 0.0, 0.0)",2
2399,7,11,8,"(0.09369258606422372, 0.0, 0.1002461610190816, 0.09247639241939104, 0.08816678229122565, 0.0, 0.02730524960095179, 0.0, 0.0, 0.0)",1
2400,7,11,8,"(0.09369258606422372, 0.0, 0.09886232529533268, 0.09108857126568368, 0.09173902283359818, 0.0, 0.02394608098378165, 0.0, 0.0, 0.0)",1
2401,7,11,8,"(0.09369258606422372, 0.0, 0.09886232529533268, 0.09247639241939104, 0.15839730592354628, 0.0, 0.028624918864351683, 0.0, 0.0, 0.0)",1
2402,7,11,8,"(0.09369258606422372, 0.0, 0.11947929050126561, 0.09108857126568368, 0.09173902283359818, 0.0, 0.028624918864351683, 0.0, 0.0, 0.0)",1
2403,7,11,8,"(0.09369258606422372, 0.0, 0.09738736792136751, 0.09247639241939104, 0.09173902283359818, 0.0, 0.028624918864351683, 0.0, 0.0, 0.0)",4
2404,7,11,8,"(0.09369258606422372, 0.0, 0.09886232529533268, 0.09108857126568368, 0.05935601198084574, 0.0, 0.028624918864351683, 0.0, 0.0, 0.0)",1
2405,7,11,11,"(0.09033430006888621, 0.14970886995698662, 0.0, 0.0, 0.0, 0.04688669779969397, 0.0, 0.10272625716698144, 0.0, 0.01812760691895582)",1
2406,7,11,11,"(0.0860123031702142, 0.14970886995698662, 0.0, 0.0, 0.0, 0.04688669779969397, 0.0, 0.08279881135943302, 0.0, 0.01812760691895582)",1
2407,7,11,11,"(0.09033430006888621, 0.14970886995698662, 0.0, 0.0, 0.0, 0.04688669779969397, 0.0, 0.08279881135943302, 0.0, 0.03474572351614518)",1
2408,7,11,11,"(0.197301664571331, 0.14970886995698662, 0.0, 0.0, 0.0, 0.04688669779969397, 0.0, 0.08279881135943302, 0.0, 0.01812760691895582)",1
2409,7,11,11,"(0.09033430006888621, 0.17293726965790882, 0.0, 0.0, 0.0, 0.04688669779969397, 0.0, 0.08279881135943302, 0.0, 0.01812760691895582)",4
2410,7,11,11,"(0.09033430006888621, 0.14970886995698662, 0.0, 0.0, 0.0, 0.04688669779969397, 0.0, 0.08279881135943302, 0.0, 0.01812760691895582)",385
2411,7,11,11,"(0.13598567149189986, 0.14970886995698662, 0.0, 0.0, 0.0, 0.04688669779969397, 0.0, 0.08279881135943302, 0.0, 0.01812760691895582)",1
2412,7,11,11,"(0.09033430006888621, 0.1883848300254067, 0.0, 0.0, 0.0, 0.04688669779969397, 0.0, 0.08279881135943302, 0.0, 0.01812760691895582)",1
2413,7,11,11,"(0.09033430006888621, 0.14970886995698662, 0.0, 0.0, 0.0, 0.04688669779969397, 0.0, 0.08279881135943302, 0.0, 0.01853103228435703)",1
2414,7,11,11,"(0.09033430006888621, 0.14970886995698662, 0.0, 0.0, 0.0, 0.04688669779969397, 0.0, 0.08279881135943302, 0.0, 0.028331116806649372)",1
2415,7,11,13,"(0.0, 0.0, 0.11679612853536596, 0.06920069129515957, 0.09172770611919409, 0.07489992963210028, 0.0, 0.0, 0.14899621190854193, 0.0)",177
2416,7,11,13,"(0.0, 0.0, 0.11679612853536596, 0.0930979933573826, 0.06107960467872247, 0.07489992963210028, 0.0, 0.0, 0.14899621190854193, 0.0)",1
2417,7,12,8,"(0.09369258606422372, 0.0, 0.09886232529533268, 0.09247639241939104, 0.10992009700790331, 0.0, 0.028624918864351683, 0.0, 0.0, 0.0)",13
2418,7,12,8,"(0.05353674288342847, 0.0, 0.09886232529533268, 0.09247639241939104, 0.09173902283359818, 0.0, 0.028624918864351683, 0.0, 0.0, 0.0)",263
2419,7,12,8,"(0.05353674288342847, 0.0, 0.09886232529533268, 0.09247639241939104, 0.09173902283359818, 0.0, 0.03152897755520546, 0.0, 0.0, 0.0)",2
2420,7,12,8,"(0.09369258606422372, 0.0, 0.09886232529533268, 0.09247639241939104, 0.09173902283359818, 0.0, 0.028624918864351683, 0.0, 0.0, 0.0)",66
2421,7,12,8,"(0.09369258606422372, 0.0, 0.09886232529533268, 0.09247639241939104, 0.0966716053561692, 0.0, 0.028624918864351683, 0.0, 0.0, 0.0)",37
2422,7,12,11,"(0.06505464916599543, 0.14970886995698662, 0.0, 0.0, 0.0, 0.04688669779969397, 0.0, 0.08279881135943302, 0.0, 0.01812760691895582)",1
2423,7,12,11,"(0.05759674430816861, 0.14970886995698662, 0.0, 0.0, 0.0, 0.05190374251362687, 0.0, 0.08279881135943302, 0.0, 0.01812760691895582)",14
2424,7,12,11,"(0.09033430006888621, 0.14970886995698662, 0.0, 0.0, 0.0, 0.04688669779969397, 0.0, 0.08279881135943302, 0.0, 0.013008992022436112)",1
2425,7,12,11,"(0.09033430006888621, 0.10320157306625337, 0.0, 0.0, 0.0, 0.04688669779969397, 0.0, 0.08279881135943302, 0.0, 0.01812760691895582)",140
2426,7,12,11,"(0.10587404138386888, 0.10320157306625337, 0.0, 0.0, 0.0, 0.04688669779969397, 0.0, 0.08279881135943302, 0.0, 0.01812760691895582)",1
2427,7,12,11,"(0.09033430006888621, 0.14970886995698662, 0.0, 0.0, 0.0, 0.04688669779969397, 0.0, 0.08279881135943302, 0.0, 0.01812760691895582)",240
2428,7,12,11,"(0.10087001595238071, 0.14970886995698662, 0.0, 0.0, 0.0, 0.04688669779969397, 0.0, 0.08279881135943302, 0.0, 0.01812760691895582)",12
2429,7,12,11,"(0.08240435086166195, 0.16629414824052846, 0.0, 0.0, 0.0, 0.04688669779969397, 0.0, 0.08279881135943302, 0.0, 0.01812760691895582)",1
2430,7,12,11,"(0.08104026673459358, 0.3330447609970844, 0.0, 0.0, 0.0, 0.04688669779969397, 0.0, 0.07437999660300171, 0.0, 0.01812760691895582)",2
2431,7,12,11,"(0.09033430006888621, 0.10320157306625337, 0.0, 0.0, 0.0, 0.04688669779969397, 0.0, 0.08279881135943302, 0.0, 0.03675643003085887)",3
2432,7,12,11,"(0.05759674430816861, 0.14970886995698662, 0.0, 0.0, 0.0, 0.06227080124799825, 0.0, 0.08279881135943302, 0.0, 0.01812760691895582)",1
2433,7,12,13,"(0.0, 0.0, 0.11679612853536596, 0.06920069129515957, 0.09172770611919409, 0.07489992963210028, 0.0, 0.0, 0.14899621190854193, 0.0)",164
2434,7,12,13,"(0.0, 0.0, 0.11679612853536596, 0.10425157695640472, 0.2004079512927527, 0.05342079475556125, 0.0, 0.0, 0.14899621190854193, 0.0)",2
2435,7,12,13,"(0.0, 0.0, 0.11679612853536596, 0.06920069129515957, 0.09172770611919409, 0.07489992963210028, 0.0, 0.0, 0.15310762921329213, 0.0)",1
2436,7,13,8,"(0.05353674288342847, 0.0, 0.09886232529533268, 0.09247639241939104, 0.09173902283359818, 0.0, 0.028624918864351683, 0.0, 0.0, 0.0)",78
2437,7,13,8,"(0.05353674288342847, 0.0, 0.09886232529533268, 0.09247639241939104, 0.09173902283359818, 0.0, 0.024604423679586495, 0.0, 0.0, 0.0)",2
2438,7,13,8,"(0.09369258606422372, 0.0, 0.09886232529533268, 0.09247639241939104, 0.10992009700790331, 0.0, 0.028624918864351683, 0.0, 0.0, 0.0)",13
2439,7,13,8,"(0.09369258606422372, 0.0, 0.09886232529533268, 0.09247639241939104, 0.09173902283359818, 0.0, 0.028624918864351683, 0.0, 0.0, 0.0)",167
2440,7,13,8,"(0.09369258606422372, 0.0, 0.09886232529533268, 0.09247639241939104, 0.0966716053561692, 0.0, 0.028624918864351683, 0.0, 0.0, 0.0)",89
2441,7,13,8,"(0.09369258606422372, 0.0, 0.09886232529533268, 0.09247639241939104, 0.1211685196434104, 0.0, 0.028624918864351683, 0.0, 0.0, 0.0)",3
2442,7,13,11,"(0.08163107646507195, 0.10320157306625337, 0.0, 0.0, 0.0, 0.04688669779969397, 0.0, 0.08279881135943302, 0.0, 0.01812760691895582)",12
2443,7,13,11,"(0.09033430006888621, 0.14970886995698662, 0.0, 0.0, 0.0, 0.04688669779969397, 0.0, 0.07399365676951573, 0.0, 0.01812760691895582)",2
2444,7,13,11,"(0.18806337492588843, 0.0885077656453076, 0.0, 0.0, 0.0, 0.02181440055446912, 0.0, 0.08279881135943302, 0.0, 0.01812760691895582)",1
2445,7,13,11,"(0.09033430006888621, 0.14970886995698662, 0.0, 0.0, 0.0, 0.04688669779969397, 0.0, 0.08279881135943302, 0.0, 0.01812760691895582)",315
2446,7,13,11,"(0.09033430006888621, 0.14970886995698662, 0.0, 0.0, 0.0, 0.04688669779969397, 0.0, 0.08279881135943302, 0.0, 0.010914925636429894)",12
2447,7,13,11,"(0.08163107646507195, 0.10320157306625337, 0.0, 0.0, 0.0, 0.04688669779969397, 0.0, 0.0931937198118068, 0.0, 0.01812760691895582)",1
2448,7,13,11,"(0.09033430006888621, 0.0885077656453076, 0.0, 0.0, 0.0, 0.02181440055446912, 0.0, 0.08279881135943302, 0.0, 0.01812760691895582)",81
2449,7,13,11,"(0.09033430006888621, 0.14970886995698662, 0.0, 0.0, 0.0, 0.06838118365828934, 0.0, 0.08279881135943302, 0.0, 0.01812760691895582)",3
2450,7,13,11,"(0.1703980214337942, 0.0885077656453076, 0.0, 0.0, 0.0, 0.02181440055446912, 0.0, 0.08279881135943302, 0.0, 0.01812760691895582)",1
2451,7,13,11,"(0.09033430006888621, 0.10320157306625337, 0.0, 0.0, 0.0, 0.04688669779969397, 0.0, 0.08279881135943302, 0.0, 0.01812760691895582)",25
2452,7,13,11,"(0.11131951848277455, 0.14970886995698662, 0.0, 0.0, 0.0, 0.041454748458365276, 0.0, 0.08279881135943302, 0.0, 0.01812760691895582)",1
2453,7,13,11,"(0.09033430006888621, 0.14970886995698662, 0.0, 0.0, 0.0, 0.04688669779969397, 0.0, 0.08701022919566505, 0.0, 0.01812760691895582)",16
2454,7,13,13,"(0.0, 0.0, 0.11679612853536596, 0.06920069129515957, 0.09172770611919409, 0.07489992963210028, 0.0, 0.0, 0.14899621190854193, 0.0)",177
2455,7,13,13,"(0.0, 0.0, 0.11679612853536596, 0.06920069129515957, 0.07613313995230085, 0.07489992963210028, 0.0, 0.0, 0.1914449107330511, 0.0)",1
2456,7,13,13,"(0.0, 0.0, 0.11679612853536596, 0.06920069129515957, 0.09172770611919409, 0.07489992963210028, 0.0, 0.0, 0.2470952849046443, 0.0)",4
2457,7,14,8,"(0.09369258606422372, 0.0, 0.09886232529533268, 0.09247639241939104, 0.09173902283359818, 0.0, 0.028624918864351683, 0.0, 0.0, 0.0)",156
2458,7,14,8,"(0.09369258606422372, 0.0, 0.09886232529533268, 0.09247639241939104, 0.0966716053561692, 0.0, 0.028624918864351683, 0.0, 0.0, 0.0)",107
2459,7,14,8,"(0.07450962062193164, 0.0, 0.09886232529533268, 0.09247639241939104, 0.09173902283359818, 0.0, 0.028624918864351683, 0.0, 0.0, 0.0)",1
2460,7,14,8,"(0.09369258606422372, 0.0, 0.09886232529533268, 0.09247639241939104, 0.10992009700790331, 0.0, 0.028624918864351683, 0.0, 0.0, 0.0)",25
2461,7,14,8,"(0.05353674288342847, 0.0, 0.09886232529533268, 0.09247639241939104, 0.09173902283359818, 0.0, 0.028624918864351683, 0.0, 0.0, 0.0)",52
2462,7,14,11,"(0.06830851278150116, 0.14970886995698662, 0.0, 0.0, 0.0, 0.04688669779969397, 0.0, 0.08279881135943302, 0.0, 0.01812760691895582)",5
2463,7,14,11,"(0.09033430006888621, 0.14970886995698662, 0.0, 0.0, 0.0, 0.04688669779969397, 0.0, 0.08279881135943302, 0.0, 0.023024132822782758)",1
2464,7,14,11,"(0.1492663446608709, 0.14970886995698662, 0.0, 0.0, 0.0, 0.03971439448674496, 0.0, 0.08279881135943302, 0.0, 0.01812760691895582)",3
2465,7,14,11,"(0.09033430006888621, 0.14970886995698662, 0.0, 0.0, 0.0, 0.04688669779969397, 0.0, 0.08279881135943302, 0.0, 0.01812760691895582)",310
2466,7,14,11,"(0.09033430006888621, 0.14970886995698662, 0.0, 0.0, 0.0, 0.04688669779969397, 0.0, 0.13559214046551973, 0.0, 0.01812760691895582)",2
2467,7,14,11,"(0.09033430006888621, 0.14970886995698662, 0.0, 0.0, 0.0, 0.04688669779969397, 0.0, 0.08701022919566505, 0.0, 0.01812760691895582)",44
2468,7,14,11,"(0.09033430006888621, 0.10320157306625337, 0.0, 0.0, 0.0, 0.04688669779969397, 0.0, 0.08279881135943302, 0.0, 0.01812760691895582)",38
2469,7,14,11,"(0.10848830998917955, 0.14970886995698662, 0.0, 0.0, 0.0, 0.04688669779969397, 0.0, 0.08701022919566505, 0.0, 0.01812760691895582)",1
2470,7,14,11,"(0.09033430006888621, 0.14970886995698662, 0.0, 0.0, 0.0, 0.04688669779969397, 0.0, 0.08279881135943302, 0.0, 0.02374802425155419)",10
2471,7,14,11,"(0.09033430006888621, 0.11052942580751197, 0.0, 0.0, 0.0, 0.04688669779969397, 0.0, 0.08279881135943302, 0.0, 0.010713934939555421)",2
2472,7,14,11,"(0.09033430006888621, 0.14970886995698662, 0.0, 0.0, 0.0, 0.05078741104799621, 0.0, 0.055785143364710764, 0.0, 0.01812760691895582)",3
2473,7,14,11,"(0.09033430006888621, 0.14970886995698662, 0.0, 0.0, 0.0, 0.049518954305070445, 0.0, 0.08279881135943302, 0.0, 0.01812760691895582)",2
2474,7,14,11,"(0.1590029993057141, 0.14970886995698662, 0.0, 0.0, 0.0, 0.04688669779969397, 0.0, 0.08701022919566505, 0.0, 0.01812760691895582)",1
2475,7,14,11,"(0.09033430006888621, 0.08481593216543781, 0.0, 0.0, 0.0, 0.04688669779969397, 0.0, 0.08279881135943302, 0.0, 0.01812760691895582)",1
2476,7,14,11,"(0.09033430006888621, 0.14970886995698662, 0.0, 0.0, 0.0, 0.10295821690538434, 0.0, 0.07188812575374005, 0.0, 0.01812760691895582)",1
2477,7,14,11,"(0.09033430006888621, 0.14970886995698662, 0.0, 0.0, 0.0, 0.03349039094729265, 0.0, 0.08701022919566505, 0.0, 0.01812760691895582)",1
2478,7,14,13,"(0.0, 0.0, 0.11679612853536596, 0.02551761044251305, 0.09172770611919409, 0.07489992963210028, 0.0, 0.0, 0.14899621190854193, 0.0)",1
2479,7,14,13,"(0.0, 0.0, 0.11679612853536596, 0.06920069129515957, 0.09172770611919409, 0.07489992963210028, 0.0, 0.0, 0.14899621190854193, 0.0)",155
2480,7,15,8,"(0.09369258606422372, 0.0, 0.09886232529533268, 0.09247639241939104, 0.09173902283359818, 0.0, 0.04357037093627773, 0.0, 0.0, 0.0)",125
2481,7,15,8,"(0.05100111183895687, 0.0, 0.09886232529533268, 0.10986339951301043, 0.07372682276627089, 0.0, 0.028624918864351683, 0.0, 0.0, 0.0)",30
2482,7,15,8,"(0.11313302187993345, 0.0, 0.09886232529533268, 0.09247639241939104, 0.09173902283359818, 0.0, 0.04357037093627773, 0.0, 0.0, 0.0)",11
2483,7,15,8,"(0.09369258606422372, 0.0, 0.09886232529533268, 0.09247639241939104, 0.09173902283359818, 0.0, 0.028624918864351683, 0.0, 0.0, 0.0)",226
2484,7,15,8,"(0.1854513091157713, 0.0, 0.09886232529533268, 0.09247639241939104, 0.09173902283359818, 0.0, 0.04357037093627773, 0.0, 0.0, 0.0)",1
2485,7,15,8,"(0.09369258606422372, 0.0, 0.09886232529533268, 0.09247639241939104, 0.09173902283359818, 0.0, 0.02457777101992483, 0.0, 0.0, 0.0)",3
2486,7,15,8,"(0.09369258606422372, 0.0, 0.09886232529533268, 0.09247639241939104, 0.09173902283359818, 0.0, 0.03784980477417106, 0.0, 0.0, 0.0)",2
2487,7,15,8,"(0.09369258606422372, 0.0, 0.09886232529533268, 0.04794947885236882, 0.09173902283359818, 0.0, 0.04357037093627773, 0.0, 0.0, 0.0)",1
2488,7,15,11,"(0.1364963307477042, 0.14970886995698662, 0.0, 0.0, 0.0, 0.04688669779969397, 0.0, 0.08279881135943302, 0.0, 0.01812760691895582)",1
2489,7,15,11,"(0.13584218217553035, 0.14104128830149973, 0.0, 0.0, 0.0, 0.04688669779969397, 0.0, 0.08279881135943302, 0.0, 0.01812760691895582)",2
2490,7,15,11,"(0.15537019625788306, 0.14970886995698662, 0.0, 0.0, 0.0, 0.04688669779969397, 0.0, 0.09498509477879485, 0.0, 0.01812760691895582)",1
2491,7,15,11,"(0.09033430006888621, 0.14970886995698662, 0.0, 0.0, 0.0, 0.039188390885526336, 0.0, 0.08551083437552094, 0.0, 0.03941401606200769)",9
2492,7,15,11,"(0.09033430006888621, 0.14970886995698662, 0.0, 0.0, 0.0, 0.04688669779969397, 0.0, 0.08279881135943302, 0.0, 0.01812760691895582)",405
2493,7,15,11,"(0.09033430006888621, 0.14970886995698662, 0.0, 0.0, 0.0, 0.05675036228259293, 0.0, 0.08279881135943302, 0.0, 0.01812760691895582)",2
2494,7,15,11,"(0.13584218217553035, 0.14970886995698662, 0.0, 0.0, 0.0, 0.04688669779969397, 0.0, 0.08279881135943302, 0.0, 0.00832289103725369)",1
2495,7,15,11,"(0.13584218217553035, 0.14970886995698662, 0.0, 0.0, 0.0, 0.04688669779969397, 0.0, 0.08279881135943302, 0.0, 0.01812760691895582)",23
2496,7,15,13,"(0.0, 0.0, 0.11679612853536596, 0.06920069129515957, 0.04617587307567647, 0.07489992963210028, 0.0, 0.0, 0.14899621190854193, 0.0)",1
2497,7,15,13,"(0.0, 0.0, 0.11679612853536596, 0.06920069129515957, 0.09172770611919409, 0.07489992963210028, 0.0, 0.0, 0.14899621190854193, 0.0)",159
2498,7,15,13,"(0.0, 0.0, 0.11679612853536596, 0.04131875628767345, 0.09172770611919409, 0.07489992963210028, 0.0, 0.0, 0.14899621190854193, 0.0)",3
2499,7,15,13,"(0.0, 0.0, 0.11679612853536596, 0.06920069129515957, 0.09172770611919409, 0.07489992963210028, 0.0, 0.0, 0.19771648356034308, 0.0)",2
2500,7,16,8,"(0.09369258606422372, 0.0, 0.09886232529533268, 0.09247639241939104, 0.09173902283359818, 0.0, 0.04357037093627773, 0.0, 0.0, 0.0)",209
2501,7,16,8,"(0.09419607162812098, 0.0, 0.09886232529533268, 0.09247639241939104, 0.09173902283359818, 0.0, 0.04357037093627773, 0.0, 0.0, 0.0)",1
2502,7,16,8,"(0.05100111183895687, 0.0, 0.09886232529533268, 0.10986339951301043, 0.07372682276627089, 0.0, 0.028624918864351683, 0.0, 0.0, 0.0)",27
2503,7,16,8,"(0.09369258606422372, 0.0, 0.09886232529533268, 0.09247639241939104, 0.04147128604134715, 0.0, 0.028624918864351683, 0.0, 0.0, 0.0)",6
2504,7,16,8,"(0.09369258606422372, 0.0, 0.09886232529533268, 0.09247639241939104, 0.09173902283359818, 0.0, 0.028624918864351683, 0.0, 0.0, 0.0)",102
2505,7,16,11,"(0.11221711818377966, 0.14970886995698662, 0.0, 0.0, 0.0, 0.053178313264645435, 0.0, 0.08279881135943302, 0.0, 0.01812760691895582)",4
2506,7,16,11,"(0.09033430006888621, 0.14970886995698662, 0.0, 0.0, 0.0, 0.04688669779969397, 0.0, 0.08279881135943302, 0.0, 0.01812760691895582)",366
2507,7,16,11,"(0.09033430006888621, 0.10877572711845016, 0.0, 0.0, 0.0, 0.04688669779969397, 0.0, 0.08279881135943302, 0.0, 0.01812760691895582)",47
2508,7,16,11,"(0.09033430006888621, 0.14970886995698662, 0.0, 0.0, 0.0, 0.04688669779969397, 0.0, 0.08279881135943302, 0.0, 0.029491003579311493)",4
2509,7,16,11,"(0.09033430006888621, 0.14970886995698662, 0.0, 0.0, 0.0, 0.040969474278568924, 0.0, 0.08279881135943302, 0.0, 0.019920308312407965)",1
2510,7,16,11,"(0.09033430006888621, 0.14970886995698662, 0.0, 0.0, 0.0, 0.039188390885526336, 0.0, 0.08279881135943302, 0.0, 0.03941401606200769)",8
2511,7,16,11,"(0.07581570697095442, 0.14970886995698662, 0.0, 0.0, 0.0, 0.04688669779969397, 0.0, 0.08279881135943302, 0.0, 0.01812760691895582)",1
2512,7,16,13,"(0.0, 0.0, 0.11679612853536596, 0.06506394073175152, 0.09172770611919409, 0.07489992963210028, 0.0, 0.0, 0.14899621190854193, 0.0)",1
2513,7,16,13,"(0.0, 0.0, 0.06848237393454336, 0.06920069129515957, 0.047912678438644246, 0.03177074141159335, 0.0, 0.0, 0.08127665512680114, 0.0)",1
2514,7,16,13,"(0.0, 0.0, 0.11679612853536596, 0.06920069129515957, 0.09172770611919409, 0.07489992963210028, 0.0, 0.0, 0.14899621190854193, 0.0)",154
2515,7,16,13,"(0.0, 0.0, 0.04505253701933074, 0.06920069129515957, 0.09172770611919409, 0.07489992963210028, 0.0, 0.0, 0.14899621190854193, 0.0)",1
2516,7,16,13,"(0.0, 0.0, 0.11679612853536596, 0.06920069129515957, 0.09172770611919409, 0.03177074141159335, 0.0, 0.0, 0.14899621190854193, 0.0)",1
2517,7,16,13,"(0.0, 0.0, 0.11679612853536596, 0.06920069129515957, 0.09172770611919409, 0.05305369111554961, 0.0, 0.0, 0.15731113872772104, 0.0)",3
2518,7,16,13,"(0.0, 0.0, 0.11679612853536596, 0.06920069129515957, 0.09172770611919409, 0.07489992963210028, 0.0, 0.0, 0.16958896615299662, 0.0)",1
2519,7,17,8,"(0.04541373042031007, 0.0, 0.11059482515482906, 0.07038323520937574, 0.07372682276627089, 0.0, 0.028624918864351683, 0.0, 0.0, 0.0)",1
2520,7,17,8,"(0.05100111183895687, 0.0, 0.09886232529533268, 0.10986339951301043, 0.07372682276627089, 0.0, 0.028624918864351683, 0.0, 0.0, 0.0)",219
2521,7,17,8,"(0.09369258606422372, 0.0, 0.09886232529533268, 0.09247639241939104, 0.09173902283359818, 0.0, 0.028624918864351683, 0.0, 0.0, 0.0)",98
2522,7,17,8,"(0.05100111183895687, 0.0, 0.09886232529533268, 0.10986339951301043, 0.0573667365534447, 0.0, 0.028624918864351683, 0.0, 0.0, 0.0)",2
2523,7,17,8,"(0.09369258606422372, 0.0, 0.09886232529533268, 0.09247639241939104, 0.1807447899648355, 0.0, 0.028624918864351683, 0.0, 0.0, 0.0)",8
2524,7,17,8,"(0.05100111183895687, 0.0, 0.22413005192699173, 0.10986339951301043, 0.07372682276627089, 0.0, 0.027449330462257306, 0.0, 0.0, 0.0)",3
2525,7,17,8,"(0.04155968809837079, 0.0, 0.09886232529533268, 0.09247639241939104, 0.09173902283359818, 0.0, 0.04357037093627773, 0.0, 0.0, 0.0)",1
2526,7,17,8,"(0.09369258606422372, 0.0, 0.09886232529533268, 0.09247639241939104, 0.09173902283359818, 0.0, 0.04357037093627773, 0.0, 0.0, 0.0)",110
2527,7,17,8,"(0.05100111183895687, 0.0, 0.09886232529533268, 0.10986339951301043, 0.07372682276627089, 0.0, 0.025976552386556044, 0.0, 0.0, 0.0)",1
2528,7,17,8,"(0.11923353533928918, 0.0, 0.09886232529533268, 0.10986339951301043, 0.07372682276627089, 0.0, 0.028624918864351683, 0.0, 0.0, 0.0)",1
2529,7,17,8,"(0.09369258606422372, 0.0, 0.09886232529533268, 0.12598685068992282, 0.09173902283359818, 0.0, 0.04357037093627773, 0.0, 0.0, 0.0)",10
2530,7,17,11,"(0.09033430006888621, 0.14970886995698662, 0.0, 0.0, 0.0, 0.04688669779969397, 0.0, 0.10593328360986733, 0.0, 0.01812760691895582)",1
2531,7,17,11,"(0.09033430006888621, 0.14970886995698662, 0.0, 0.0, 0.0, 0.04688669779969397, 0.0, 0.08279881135943302, 0.0, 0.01812760691895582)",281
2532,7,17,11,"(0.09033430006888621, 0.1456491545613362, 0.0, 0.0, 0.0, 0.04688669779969397, 0.0, 0.08279881135943302, 0.0, 0.01812760691895582)",1
2533,7,17,13,"(0.0, 0.0, 0.11679612853536596, 0.06920069129515957, 0.11118427804211686, 0.09269262652305822, 0.0, 0.0, 0.14899621190854193, 0.0)",1
2534,7,17,13,"(0.0, 0.0, 0.11679612853536596, 0.06920069129515957, 0.09172770611919409, 0.07489992963210028, 0.0, 0.0, 0.14899621190854193, 0.0)",127
2535,7,17,13,"(0.0, 0.0, 0.11679612853536596, 0.06920069129515957, 0.11118427804211686, 0.07489992963210028, 0.0, 0.0, 0.14899621190854193, 0.0)",22
2536,7,18,8,"(0.09369258606422372, 0.0, 0.09886232529533268, 0.09247639241939104, 0.07516658235299757, 0.0, 0.028624918864351683, 0.0, 0.0, 0.0)",1
2537,7,18,8,"(0.09369258606422372, 0.0, 0.09886232529533268, 0.09247639241939104, 0.09173902283359818, 0.0, 0.028624918864351683, 0.0, 0.0, 0.0)",328
2538,7,18,8,"(0.13777450211496173, 0.0, 0.09886232529533268, 0.09247639241939104, 0.09173902283359818, 0.0, 0.028624918864351683, 0.0, 0.0, 0.0)",1
2539,7,18,11,"(0.09033430006888621, 0.18370530079402003, 0.0, 0.0, 0.0, 0.054427208092349924, 0.0, 0.08279881135943302, 0.0, 0.01812760691895582)",1
2540,7,18,11,"(0.09033430006888621, 0.18370530079402003, 0.0, 0.0, 0.0, 0.04688669779969397, 0.0, 0.08279881135943302, 0.0, 0.01812760691895582)",88
2541,7,18,11,"(0.09033430006888621, 0.18370530079402003, 0.0, 0.0, 0.0, 0.038076961038885915, 0.0, 0.08279881135943302, 0.0, 0.01812760691895582)",68
2542,7,18,11,"(0.09033430006888621, 0.18370530079402003, 0.0, 0.0, 0.0, 0.038076961038885915, 0.0, 0.08279881135943302, 0.0, 0.024062048285675867)",1
2543,7,18,11,"(0.09033430006888621, 0.14970886995698662, 0.0, 0.0, 0.0, 0.04688669779969397, 0.0, 0.08279881135943302, 0.0, 0.01812760691895582)",303
2544,7,18,11,"(0.09033430006888621, 0.23083633399688536, 0.0, 0.0, 0.0, 0.04688669779969397, 0.0, 0.08279881135943302, 0.0, 0.01812760691895582)",1
2545,7,18,13,"(0.0, 0.0, 0.11679612853536596, 0.06920069129515957, 0.09172770611919409, 0.07489992963210028, 0.0, 0.0, 0.14899621190854193, 0.0)",143
2546,7,18,13,"(0.0, 0.0, 0.14204844675360234, 0.07205421883658765, 0.09172770611919409, 0.07489992963210028, 0.0, 0.0, 0.14899621190854193, 0.0)",10
2547,7,18,13,"(0.0, 0.0, 0.11679612853536596, 0.06920069129515957, 0.09172770611919409, 0.07489992963210028, 0.0, 0.0, 0.3591733477089787, 0.0)",1
2548,7,18,13,"(0.0, 0.0, 0.11679612853536596, 0.06819074896649888, 0.09172770611919409, 0.07489992963210028, 0.0, 0.0, 0.2536284840084081, 0.0)",2
2549,7,19,8,"(0.09369258606422372, 0.0, 0.09886232529533268, 0.09247639241939104, 0.09173902283359818, 0.0, 0.028624918864351683, 0.0, 0.0, 0.0)",363
2550,7,19,11,"(0.09033430006888621, 0.14970886995698662, 0.0, 0.0, 0.0, 0.04688669779969397, 0.0, 0.08279881135943302, 0.0, 0.017263998602300996)",1
2551,7,19,11,"(0.09033430006888621, 0.18370530079402003, 0.0, 0.0, 0.0, 0.04688669779969397, 0.0, 0.08279881135943302, 0.0, 0.01812760691895582)",101
2552,7,19,11,"(0.09033430006888621, 0.14970886995698662, 0.0, 0.0, 0.0, 0.04688669779969397, 0.0, 0.08279881135943302, 0.0, 0.01812760691895582)",359
2553,7,19,11,"(0.09033430006888621, 0.2405157317290976, 0.0, 0.0, 0.0, 0.04688669779969397, 0.0, 0.08279881135943302, 0.0, 0.01812760691895582)",2
2554,7,19,11,"(0.09033430006888621, 0.14970886995698662, 0.0, 0.0, 0.0, 0.04688669779969397, 0.0, 0.07230835511489034, 0.0, 0.022410908273330844)",1
2555,7,19,11,"(0.08207058409589055, 0.14970886995698662, 0.0, 0.0, 0.0, 0.04688669779969397, 0.0, 0.08279881135943302, 0.0, 0.01812760691895582)",2
2556,7,19,11,"(0.08197183030850894, 0.1283806301400574, 0.0, 0.0, 0.0, 0.04688669779969397, 0.0, 0.08279881135943302, 0.0, 0.01812760691895582)",2
2557,7,19,13,"(0.0, 0.0, 0.14204844675360234, 0.07205421883658765, 0.09172770611919409, 0.05753260324813374, 0.0, 0.0, 0.14899621190854193, 0.0)",13
2558,7,19,13,"(0.0, 0.0, 0.14204844675360234, 0.07205421883658765, 0.09172770611919409, 0.07489992963210028, 0.0, 0.0, 0.14899621190854193, 0.0)",12
2559,7,19,13,"(0.0, 0.0, 0.11679612853536596, 0.06920069129515957, 0.09172770611919409, 0.07489992963210028, 0.0, 0.0, 0.18274252028650406, 0.0)",1
2560,7,19,13,"(0.0, 0.0, 0.11679612853536596, 0.06920069129515957, 0.09172770611919409, 0.07489992963210028, 0.0, 0.0, 0.14899621190854193, 0.0)",153
2561,7,20,8,"(0.0986508229219968, 0.0, 0.09886232529533268, 0.1576264403231137, 0.14669392085832628, 0.0, 0.028624918864351683, 0.0, 0.0, 0.0)",1
2562,7,20,8,"(0.09369258606422372, 0.0, 0.09886232529533268, 0.09247639241939104, 0.1142304135997792, 0.0, 0.025593198860479803, 0.0, 0.0, 0.0)",36
2563,7,20,8,"(0.09369258606422372, 0.0, 0.09886232529533268, 0.09247639241939104, 0.09173902283359818, 0.0, 0.028624918864351683, 0.0, 0.0, 0.0)",291
2564,7,20,8,"(0.09369258606422372, 0.0, 0.13005886099942673, 0.09247639241939104, 0.10813347682334873, 0.0, 0.028624918864351683, 0.0, 0.0, 0.0)",1
2565,7,20,11,"(0.09033430006888621, 0.18370530079402003, 0.0, 0.0, 0.0, 0.04688669779969397, 0.0, 0.08279881135943302, 0.0, 0.01812760691895582)",10
2566,7,20,11,"(0.09033430006888621, 0.14970886995698662, 0.0, 0.0, 0.0, 0.04688669779969397, 0.0, 0.0669020939884038, 0.0, 0.01812760691895582)",46
2567,7,20,11,"(0.09033430006888621, 0.1702907946575652, 0.0, 0.0, 0.0, 0.03024572004181412, 0.0, 0.08279881135943302, 0.0, 0.01812760691895582)",2
2568,7,20,11,"(0.09033430006888621, 0.14970886995698662, 0.0, 0.0, 0.0, 0.04688669779969397, 0.0, 0.08279881135943302, 0.0, 0.01812760691895582)",287
2569,7,20,11,"(0.09033430006888621, 0.14970886995698662, 0.0, 0.0, 0.0, 0.04688669779969397, 0.0, 0.08279881135943302, 0.0, 0.023003960021055963)",81
2570,7,20,11,"(0.09033430006888621, 0.14970886995698662, 0.0, 0.0, 0.0, 0.04688669779969397, 0.0, 0.04444713393568888, 0.0, 0.02022558838002809)",3
2571,7,20,11,"(0.09033430006888621, 0.14970886995698662, 0.0, 0.0, 0.0, 0.03024572004181412, 0.0, 0.08279881135943302, 0.0, 0.01812760691895582)",36
2572,7,20,11,"(0.09762678463532487, 0.14970886995698662, 0.0, 0.0, 0.0, 0.029740592299419846, 0.0, 0.08279881135943302, 0.0, 0.01812760691895582)",1
2573,7,20,11,"(0.09649591318196726, 0.14970886995698662, 0.0, 0.0, 0.0, 0.04688669779969397, 0.0, 0.08279881135943302, 0.0, 0.01812760691895582)",2
2574,7,20,13,"(0.0, 0.0, 0.14204844675360234, 0.07205421883658765, 0.09172770611919409, 0.07489992963210028, 0.0, 0.0, 0.14899621190854193, 0.0)",59
2575,7,20,13,"(0.0, 0.0, 0.11679612853536596, 0.06920069129515957, 0.09172770611919409, 0.07489992963210028, 0.0, 0.0, 0.14899621190854193, 0.0)",16
2576,7,20,13,"(0.0, 0.0, 0.20933682470405268, 0.06920069129515957, 0.09172770611919409, 0.04184072979427969, 0.0, 0.0, 0.14899621190854193, 0.0)",1
2577,7,20,13,"(0.0, 0.0, 0.11679612853536596, 0.06920069129515957, 0.09172770611919409, 0.04184072979427969, 0.0, 0.0, 0.14899621190854193, 0.0)",79
2578,7,20,13,"(0.0, 0.0, 0.14204844675360234, 0.07205421883658765, 0.07602128369598384, 0.07489992963210028, 0.0, 0.0, 0.14899621190854193, 0.0)",2
2579,8,0,8,"(0.09369258606422372, 0.0, 0.09886232529533268, 0.09247639241939104, 0.09173902283359818, 0.0, 0.03310755747139094, 0.0, 0.0, 0.0)",1
2580,8,0,8,"(0.09369258606422372, 0.0, 0.09886232529533268, 0.09247639241939104, 0.09173902283359818, 0.0, 0.028624918864351683, 0.0, 0.0, 0.0)",126
2581,8,0,8,"(0.09369258606422372, 0.0, 0.11518196783148468, 0.09247639241939104, 0.09173902283359818, 0.0, 0.04725539254050562, 0.0, 0.0, 0.0)",4
2582,8,0,8,"(0.09369258606422372, 0.0, 0.09886232529533268, 0.09108857126568368, 0.09173902283359818, 0.0, 0.028624918864351683, 0.0, 0.0, 0.0)",255
2583,8,0,11,"(0.0807319777638675, 0.14970886995698662, 0.0, 0.0, 0.0, 0.04688669779969397, 0.0, 0.08279881135943302, 0.0, 0.01812760691895582)",2
2584,8,0,11,"(0.09033430006888621, 0.14970886995698662, 0.0, 0.0, 0.0, 0.04688669779969397, 0.0, 0.08506164754234354, 0.0, 0.01812760691895582)",2
2585,8,0,11,"(0.09033430006888621, 0.14970886995698662, 0.0, 0.0, 0.0, 0.04688669779969397, 0.0, 0.08279881135943302, 0.0, 0.007894061454400468)",1
2586,8,0,11,"(0.09033430006888621, 0.14970886995698662, 0.0, 0.0, 0.0, 0.04688669779969397, 0.0, 0.08279881135943302, 0.0, 0.01812760691895582)",373
2587,8,0,11,"(0.044159674416850134, 0.14970886995698662, 0.0, 0.0, 0.0, 0.02868997680402639, 0.0, 0.08279881135943302, 0.0, 0.029284804161222124)",9
2588,8,0,11,"(0.09033430006888621, 0.1215478452354443, 0.0, 0.0, 0.0, 0.04688669779969397, 0.0, 0.08279881135943302, 0.0, 0.023301703360141205)",18
2589,8,0,11,"(0.08244749475046874, 0.1929243071419154, 0.0, 0.0, 0.0, 0.04688669779969397, 0.0, 0.08279881135943302, 0.0, 0.01812760691895582)",1
2590,8,0,11,"(0.23353324515168433, 0.14970886995698662, 0.0, 0.0, 0.0, 0.04688669779969397, 0.0, 0.08279881135943302, 0.0, 0.01812760691895582)",1
2591,8,0,11,"(0.09033430006888621, 0.14970886995698662, 0.0, 0.0, 0.0, 0.04688669779969397, 0.0, 0.0708667471139043, 0.0, 0.01812760691895582)",1
2592,8,0,13,"(0.0, 0.0, 0.11679612853536596, 0.06920069129515957, 0.11536500047972115, 0.07489992963210028, 0.0, 0.0, 0.14899621190854193, 0.0)",20
2593,8,0,13,"(0.0, 0.0, 0.11679612853536596, 0.06920069129515957, 0.12869909691592085, 0.07489992963210028, 0.0, 0.0, 0.14899621190854193, 0.0)",5
2594,8,0,13,"(0.0, 0.0, 0.11679612853536596, 0.06920069129515957, 0.09172770611919409, 0.07489992963210028, 0.0, 0.0, 0.14899621190854193, 0.0)",152
2595,8,0,13,"(0.0, 0.0, 0.11679612853536596, 0.07508828149444871, 0.09172770611919409, 0.07489992963210028, 0.0, 0.0, 0.0823099465355875, 0.0)",1
2596,8,0,13,"(0.0, 0.0, 0.22602619940849394, 0.08538658359780102, 0.11536500047972115, 0.08808560888962516, 0.0, 0.0, 0.18124863267330052, 0.0)",1
2597,8,1,8,"(0.09369258606422372, 0.0, 0.09886232529533268, 0.09247639241939104, 0.09173902283359818, 0.0, 0.06533225577387713, 0.0, 0.0, 0.0)",1
2598,8,1,8,"(0.09369258606422372, 0.0, 0.09886232529533268, 0.09108857126568368, 0.09173902283359818, 0.0, 0.028624918864351683, 0.0, 0.0, 0.0)",195
2599,8,1,8,"(0.09369258606422372, 0.0, 0.10388041910171028, 0.09108857126568368, 0.09173902283359818, 0.0, 0.025211642658160654, 0.0, 0.0, 0.0)",2
2600,8,1,8,"(0.10342177744836355, 0.0, 0.09886232529533268, 0.09108857126568368, 0.09173902283359818, 0.0, 0.028624918864351683, 0.0, 0.0, 0.0)",17
2601,8,1,8,"(0.09369258606422372, 0.0, 0.09886232529533268, 0.09247639241939104, 0.09173902283359818, 0.0, 0.028624918864351683, 0.0, 0.0, 0.0)",80
2602,8,1,11,"(0.09033430006888621, 0.14970886995698662, 0.0, 0.0, 0.0, 0.04568906259093692, 0.0, 0.08279881135943302, 0.0, 0.01812760691895582)",28
2603,8,1,11,"(0.09033430006888621, 0.14970886995698662, 0.0, 0.0, 0.0, 0.04688669779969397, 0.0, 0.08279881135943302, 0.0, 0.020366110285464697)",2
2604,8,1,11,"(0.08021723071299271, 0.10937470999107138, 0.0, 0.0, 0.0, 0.04568906259093692, 0.0, 0.08279881135943302, 0.0, 0.007620600820995827)",2
2605,8,1,11,"(0.09033430006888621, 0.14598203135913299, 0.0, 0.0, 0.0, 0.04260420627982679, 0.0, 0.10035958121291964, 0.0, 0.01812760691895582)",5
2606,8,1,11,"(0.09033430006888621, 0.14970886995698662, 0.0, 0.0, 0.0, 0.04568906259093692, 0.0, 0.08279881135943302, 0.0, 0.013118317732646562)",8
2607,8,1,11,"(0.08021723071299271, 0.10937470999107138, 0.0, 0.0, 0.0, 0.04568906259093692, 0.0, 0.08279881135943302, 0.0, 0.013118317732646562)",1
2608,8,1,11,"(0.1073396399424576, 0.14970886995698662, 0.0, 0.0, 0.0, 0.026117555764379453, 0.0, 0.09737654681801186, 0.0, 0.01812760691895582)",2
2609,8,1,11,"(0.09033430006888621, 0.14970886995698662, 0.0, 0.0, 0.0, 0.04688669779969397, 0.0, 0.05503376414231957, 0.0, 0.029343806375247035)",3
2610,8,1,11,"(0.09033430006888621, 0.1381955674355124, 0.0, 0.0, 0.0, 0.04688669779969397, 0.0, 0.09848376597259857, 0.0, 0.017247555072715887)",1
2611,8,1,11,"(0.09033430006888621, 0.14970886995698662, 0.0, 0.0, 0.0, 0.026298596654666058, 0.0, 0.08279881135943302, 0.0, 0.01812760691895582)",2
2612,8,1,11,"(0.09033430006888621, 0.1381955674355124, 0.0, 0.0, 0.0, 0.04688669779969397, 0.0, 0.08279881135943302, 0.0, 0.017247555072715887)",1
2613,8,1,11,"(0.09033430006888621, 0.14970886995698662, 0.0, 0.0, 0.0, 0.04688669779969397, 0.0, 0.08279881135943302, 0.0, 0.01812760691895582)",496
2614,8,1,11,"(0.09033430006888621, 0.14970886995698662, 0.0, 0.0, 0.0, 0.04688669779969397, 0.0, 0.08279881135943302, 0.0, 0.02569848220726618)",3
2615,8,1,11,"(0.09033430006888621, 0.14970886995698662, 0.0, 0.0, 0.0, 0.04688669779969397, 0.0, 0.07692254165669314, 0.0, 0.01812760691895582)",2
2616,8,1,13,"(0.0, 0.0, 0.08421920315513992, 0.06920069129515957, 0.09172770611919409, 0.07489992963210028, 0.0, 0.0, 0.14899621190854193, 0.0)",1
2617,8,1,13,"(0.0, 0.0, 0.11679612853536596, 0.07279737434439704, 0.11267843760816354, 0.07489992963210028, 0.0, 0.0, 0.14899621190854193, 0.0)",2
2618,8,1,13,"(0.0, 0.0, 0.07181034636801623, 0.06920069129515957, 0.09172770611919409, 0.07489992963210028, 0.0, 0.0, 0.14899621190854193, 0.0)",26
2619,8,1,13,"(0.0, 0.0, 0.11679612853536596, 0.06920069129515957, 0.09172770611919409, 0.07489992963210028, 0.0, 0.0, 0.14899621190854193, 0.0)",139
2620,8,2,8,"(0.09369258606422372, 0.0, 0.09886232529533268, 0.09247639241939104, 0.09173902283359818, 0.0, 0.028624918864351683, 0.0, 0.0, 0.0)",294
2621,8,2,8,"(0.09369258606422372, 0.0, 0.09886232529533268, 0.09108857126568368, 0.09173902283359818, 0.0, 0.028624918864351683, 0.0, 0.0, 0.0)",66
2622,8,2,11,"(0.09033430006888621, 0.14970886995698662, 0.0, 0.0, 0.0, 0.04688669779969397, 0.0, 0.08279881135943302, 0.0, 0.01812760691895582)",414
2623,8,2,11,"(0.09033430006888621, 0.14970886995698662, 0.0, 0.0, 0.0, 0.04568906259093692, 0.0, 0.08279881135943302, 0.0, 0.01812760691895582)",55
2624,8,2,13,"(0.0, 0.0, 0.11679612853536596, 0.06920069129515957, 0.09172770611919409, 0.1251372608317915, 0.0, 0.0, 0.14899621190854193, 0.0)",2
2625,8,2,13,"(0.0, 0.0, 0.11679612853536596, 0.06920069129515957, 0.09172770611919409, 0.07489992963210028, 0.0, 0.0, 0.14899621190854193, 0.0)",159
2626,8,2,13,"(0.0, 0.0, 0.11769167026652753, 0.06920069129515957, 0.09172770611919409, 0.08760331553741872, 0.0, 0.0, 0.14899621190854193, 0.0)",1
2627,8,3,8,"(0.09369258606422372, 0.0, 0.09886232529533268, 0.09247639241939104, 0.09173902283359818, 0.0, 0.04357037093627773, 0.0, 0.0, 0.0)",201
2628,8,3,8,"(0.09369258606422372, 0.0, 0.09886232529533268, 0.12886934118696985, 0.09173902283359818, 0.0, 0.02953912667676635, 0.0, 0.0, 0.0)",1
2629,8,3,8,"(0.09369258606422372, 0.0, 0.09886232529533268, 0.09247639241939104, 0.09173902283359818, 0.0, 0.028624918864351683, 0.0, 0.0, 0.0)",123
2630,8,3,11,"(0.06660646048005182, 0.09911489852753604, 0.0, 0.0, 0.0, 0.04688669779969397, 0.0, 0.0613572500768459, 0.0, 0.01812760691895582)",111
2631,8,3,11,"(0.09033430006888621, 0.14970886995698662, 0.0, 0.0, 0.0, 0.0847950022797272, 0.0, 0.08279881135943302, 0.0, 0.01812760691895582)",2
2632,8,3,11,"(0.09033430006888621, 0.20262826082888988, 0.0, 0.0, 0.0, 0.04688669779969397, 0.0, 0.05619519304369754, 0.0, 0.01812760691895582)",1
2633,8,3,11,"(0.0466703689188359, 0.14970886995698662, 0.0, 0.0, 0.0, 0.04688669779969397, 0.0, 0.08279881135943302, 0.0, 0.01812760691895582)",18
2634,8,3,11,"(0.09033430006888621, 0.14970886995698662, 0.0, 0.0, 0.0, 0.04688669779969397, 0.0, 0.08279881135943302, 0.0, 0.01812760691895582)",330
2635,8,3,11,"(0.09033430006888621, 0.14970886995698662, 0.0, 0.0, 0.0, 0.04688669779969397, 0.0, 0.07487614396999642, 0.0, 0.014036442806018082)",6
2636,8,3,11,"(0.09202194776178278, 0.14970886995698662, 0.0, 0.0, 0.0, 0.024686957533054284, 0.0, 0.08279881135943302, 0.0, 0.01812760691895582)",4
2637,8,3,11,"(0.09033430006888621, 0.14970886995698662, 0.0, 0.0, 0.0, 0.054344149145722394, 0.0, 0.08279881135943302, 0.0, 0.01812760691895582)",4
2638,8,3,13,"(0.0, 0.0, 0.11679612853536596, 0.06920069129515957, 0.07375892371244687, 0.07489992963210028, 0.0, 0.0, 0.14899621190854193, 0.0)",3
2639,8,3,13,"(0.0, 0.0, 0.11679612853536596, 0.06920069129515957, 0.09172770611919409, 0.07489992963210028, 0.0, 0.0, 0.14899621190854193, 0.0)",149
2640,8,3,13,"(0.0, 0.0, 0.11679612853536596, 0.1123771230914923, 0.09172770611919409, 0.07489992963210028, 0.0, 0.0, 0.14899621190854193, 0.0)",1
2641,8,4,8,"(0.09369258606422372, 0.0, 0.18274968798976712, 0.09247639241939104, 0.09173902283359818, 0.0, 0.04357037093627773, 0.0, 0.0, 0.0)",2
2642,8,4,8,"(0.09369258606422372, 0.0, 0.1260350375199575, 0.06965388162605803, 0.09173902283359818, 0.0, 0.048312470908718916, 0.0, 0.0, 0.0)",1
2643,8,4,8,"(0.09369258606422372, 0.0, 0.09886232529533268, 0.09247639241939104, 0.09173902283359818, 0.0, 0.028624918864351683, 0.0, 0.0, 0.0)",21
2644,8,4,8,"(0.09369258606422372, 0.0, 0.09886232529533268, 0.06896723931339836, 0.09173902283359818, 0.0, 0.04357037093627773, 0.0, 0.0, 0.0)",2
2645,8,4,8,"(0.0754710466674321, 0.0, 0.09886232529533268, 0.08341643283646072, 0.09173902283359818, 0.0, 0.036437451528403685, 0.0, 0.0, 0.0)",1
2646,8,4,8,"(0.09369258606422372, 0.0, 0.09886232529533268, 0.09247639241939104, 0.09173902283359818, 0.0, 0.04357037093627773, 0.0, 0.0, 0.0)",257
2647,8,4,11,"(0.05414290547119523, 0.09911489852753604, 0.0, 0.0, 0.0, 0.04240603463258211, 0.0, 0.0613572500768459, 0.0, 0.01558035136828867)",1
2648,8,4,11,"(0.09033430006888621, 0.14970886995698662, 0.0, 0.0, 0.0, 0.033197650855052115, 0.0, 0.08279881135943302, 0.0, 0.01812760691895582)",2
2649,8,4,11,"(0.09033430006888621, 0.14970886995698662, 0.0, 0.0, 0.0, 0.0530961615083716, 0.0, 0.08279881135943302, 0.0, 0.01812760691895582)",2
2650,8,4,11,"(0.09033430006888621, 0.14970886995698662, 0.0, 0.0, 0.0, 0.04688669779969397, 0.0, 0.08279881135943302, 0.0, 0.026297664197767606)",1
2651,8,4,11,"(0.0466703689188359, 0.18198940511805536, 0.0, 0.0, 0.0, 0.04688669779969397, 0.0, 0.08279881135943302, 0.0, 0.01812760691895582)",1
2652,8,4,11,"(0.06660646048005182, 0.14516306491008363, 0.0, 0.0, 0.0, 0.04688669779969397, 0.0, 0.0613572500768459, 0.0, 0.01812760691895582)",1
2653,8,4,11,"(0.09033430006888621, 0.14970886995698662, 0.0, 0.0, 0.0, 0.04688669779969397, 0.0, 0.08279881135943302, 0.0, 0.01812760691895582)",370
2654,8,4,11,"(0.0466703689188359, 0.14970886995698662, 0.0, 0.0, 0.0, 0.04688669779969397, 0.0, 0.08279881135943302, 0.0, 0.01812760691895582)",59
2655,8,4,11,"(0.08575147304770583, 0.14970886995698662, 0.0, 0.0, 0.0, 0.04688669779969397, 0.0, 0.08279881135943302, 0.0, 0.017349599741578986)",1
2656,8,4,11,"(0.06660646048005182, 0.09911489852753604, 0.0, 0.0, 0.0, 0.04688669779969397, 0.0, 0.0613572500768459, 0.0, 0.01812760691895582)",74
2657,8,4,11,"(0.05144684265344763, 0.09911489852753604, 0.0, 0.0, 0.0, 0.04688669779969397, 0.0, 0.0613572500768459, 0.0, 0.01812760691895582)",2
2658,8,4,11,"(0.09033430006888621, 0.14970886995698662, 0.0, 0.0, 0.0, 0.04688669779969397, 0.0, 0.030864927919479798, 0.0, 0.01812760691895582)",8
2659,8,4,11,"(0.06102944525113909, 0.14970886995698662, 0.0, 0.0, 0.0, 0.04688669779969397, 0.0, 0.08279881135943302, 0.0, 0.01812760691895582)",1
2660,8,4,11,"(0.09033430006888621, 0.14970886995698662, 0.0, 0.0, 0.0, 0.04688669779969397, 0.0, 0.10847275009711341, 0.0, 0.01812760691895582)",1
2661,8,4,11,"(0.09033430006888621, 0.12148680533158408, 0.0, 0.0, 0.0, 0.04688669779969397, 0.0, 0.05080995438892779, 0.0, 0.01812760691895582)",1
2662,8,4,13,"(0.0, 0.0, 0.11679612853536596, 0.06920069129515957, 0.06723586068460734, 0.07489992963210028, 0.0, 0.0, 0.14580506258808743, 0.0)",1
2663,8,4,13,"(0.0, 0.0, 0.11679612853536596, 0.06920069129515957, 0.09172770611919409, 0.07489992963210028, 0.0, 0.0, 0.14899621190854193, 0.0)",172
2664,8,5,8,"(0.09369258606422372, 0.0, 0.09886232529533268, 0.08973861136049315, 0.09173902283359818, 0.0, 0.04357037093627773, 0.0, 0.0, 0.0)",1
2665,8,5,8,"(0.09369258606422372, 0.0, 0.09886232529533268, 0.09247639241939104, 0.0799022668060063, 0.0, 0.04357037093627773, 0.0, 0.0, 0.0)",1
2666,8,5,8,"(0.09369258606422372, 0.0, 0.09886232529533268, 0.09247639241939104, 0.09173902283359818, 0.0, 0.04357037093627773, 0.0, 0.0, 0.0)",305
2667,8,5,8,"(0.09369258606422372, 0.0, 0.09886232529533268, 0.09247639241939104, 0.09173902283359818, 0.0, 0.028624918864351683, 0.0, 0.0, 0.0)",61
2668,8,5,11,"(0.0466703689188359, 0.14970886995698662, 0.0, 0.0, 0.0, 0.04688669779969397, 0.0, 0.08279881135943302, 0.0, 0.01812760691895582)",28
2669,8,5,11,"(0.09033430006888621, 0.26903918466286725, 0.0, 0.0, 0.0, 0.04688669779969397, 0.0, 0.08279881135943302, 0.0, 0.01812760691895582)",1
2670,8,5,11,"(0.09033430006888621, 0.14970886995698662, 0.0, 0.0, 0.0, 0.04688669779969397, 0.0, 0.08279881135943302, 0.0, 0.01812760691895582)",399
2671,8,5,11,"(0.09033430006888621, 0.14970886995698662, 0.0, 0.0, 0.0, 0.04966146228967034, 0.0, 0.09482149603524266, 0.0, 0.01812760691895582)",2
2672,8,5,11,"(0.09033430006888621, 0.14970886995698662, 0.0, 0.0, 0.0, 0.04688669779969397, 0.0, 0.07334925852427032, 0.0, 0.01812760691895582)",1
2673,8,5,11,"(0.09033430006888621, 0.09966157939605223, 0.0, 0.0, 0.0, 0.04688669779969397, 0.0, 0.08279881135943302, 0.0, 0.01812760691895582)",1
2674,8,5,11,"(0.09033430006888621, 0.14970886995698662, 0.0, 0.0, 0.0, 0.04688669779969397, 0.0, 0.08279881135943302, 0.0, 0.017751155233238735)",1
2675,8,5,11,"(0.09033430006888621, 0.14970886995698662, 0.0, 0.0, 0.0, 0.04966146228967034, 0.0, 0.08279881135943302, 0.0, 0.01812760691895582)",8
2676,8,5,11,"(0.09033430006888621, 0.14970886995698662, 0.0, 0.0, 0.0, 0.02440572446082098, 0.0, 0.08279881135943302, 0.0, 0.007602828877816866)",1
2677,8,5,11,"(0.09033430006888621, 0.14970886995698662, 0.0, 0.0, 0.0, 0.044151283036679555, 0.0, 0.08279881135943302, 0.0, 0.01812760691895582)",1
2678,8,5,11,"(0.19643045161473907, 0.14970886995698662, 0.0, 0.0, 0.0, 0.04688669779969397, 0.0, 0.08279881135943302, 0.0, 0.01812760691895582)",1
2679,8,5,11,"(0.09033430006888621, 0.14970886995698662, 0.0, 0.0, 0.0, 0.04688669779969397, 0.0, 0.08279881135943302, 0.0, 0.012600504443036805)",1
2680,8,5,11,"(0.09033430006888621, 0.14970886995698662, 0.0, 0.0, 0.0, 0.04688669779969397, 0.0, 0.08279881135943302, 0.0, 0.012768673761177478)",1
2681,8,5,11,"(0.09033430006888621, 0.1386844588776572, 0.0, 0.0, 0.0, 0.025579856159177718, 0.0, 0.08279881135943302, 0.0, 0.01812760691895582)",1
2682,8,5,13,"(0.0, 0.0, 0.11679612853536596, 0.06920069129515957, 0.09172770611919409, 0.07489992963210028, 0.0, 0.0, 0.14899621190854193, 0.0)",152
2683,8,5,13,"(0.0, 0.0, 0.11679612853536596, 0.06920069129515957, 0.09172770611919409, 0.07489992963210028, 0.0, 0.0, 0.08740010426867449, 0.0)",4
2684,8,5,13,"(0.0, 0.0, 0.11679612853536596, 0.06920069129515957, 0.09172770611919409, 0.07489992963210028, 0.0, 0.0, 0.13147220951037009, 0.0)",1
2685,8,6,8,"(0.09369258606422372, 0.0, 0.09886232529533268, 0.09247639241939104, 0.09173902283359818, 0.0, 0.028624918864351683, 0.0, 0.0, 0.0)",236
2686,8,6,8,"(0.09369258606422372, 0.0, 0.09886232529533268, 0.09247639241939104, 0.1374985469174345, 0.0, 0.028624918864351683, 0.0, 0.0, 0.0)",1
2687,8,6,8,"(0.05100111183895687, 0.0, 0.09886232529533268, 0.10986339951301043, 0.07372682276627089, 0.0, 0.028624918864351683, 0.0, 0.0, 0.0)",12
2688,8,6,8,"(0.09369258606422372, 0.0, 0.09886232529533268, 0.09247639241939104, 0.09173902283359818, 0.0, 0.04357037093627773, 0.0, 0.0, 0.0)",113
2689,8,6,8,"(0.09369258606422372, 0.0, 0.06277724517184555, 0.09247639241939104, 0.09173902283359818, 0.0, 0.04357037093627773, 0.0, 0.0, 0.0)",1
2690,8,6,8,"(0.11313302187993345, 0.0, 0.09886232529533268, 0.09247639241939104, 0.09173902283359818, 0.0, 0.04357037093627773, 0.0, 0.0, 0.0)",21
2691,8,6,8,"(0.09369258606422372, 0.0, 0.07038187917109882, 0.09247639241939104, 0.09173902283359818, 0.0, 0.028624918864351683, 0.0, 0.0, 0.0)",2
2692,8,6,11,"(0.13584218217553035, 0.14970886995698662, 0.0, 0.0, 0.0, 0.04688669779969397, 0.0, 0.08279881135943302, 0.0, 0.01812760691895582)",68
2693,8,6,11,"(0.09033430006888621, 0.14970886995698662, 0.0, 0.0, 0.0, 0.04688669779969397, 0.0, 0.08279881135943302, 0.0, 0.01812760691895582)",277
2694,8,6,11,"(0.13584218217553035, 0.14970886995698662, 0.0, 0.0, 0.0, 0.04688669779969397, 0.0, 0.08279881135943302, 0.0, 0.017291053222787896)",2
2695,8,6,11,"(0.14128417362733248, 0.0846897110779569, 0.0, 0.0, 0.0, 0.04688669779969397, 0.0, 0.08279881135943302, 0.0, 0.01812760691895582)",2
2696,8,6,11,"(0.08022097123477294, 0.14970886995698662, 0.0, 0.0, 0.0, 0.04688669779969397, 0.0, 0.08279881135943302, 0.0, 0.02051879596302973)",1
2697,8,6,11,"(0.0731611735507988, 0.14970886995698662, 0.0, 0.0, 0.0, 0.04473554057175345, 0.0, 0.08279881135943302, 0.0, 0.01812760691895582)",1
2698,8,6,11,"(0.09033430006888621, 0.10738244297394536, 0.0, 0.0, 0.0, 0.04688669779969397, 0.0, 0.08279881135943302, 0.0, 0.01812760691895582)",1
2699,8,6,11,"(0.11786250727151469, 0.14970886995698662, 0.0, 0.0, 0.0, 0.04688669779969397, 0.0, 0.08279881135943302, 0.0, 0.01812760691895582)",3
2700,8,6,13,"(0.0, 0.0, 0.11679612853536596, 0.06920069129515957, 0.07944875725537286, 0.07489992963210028, 0.0, 0.0, 0.24699559365640394, 0.0)",2
2701,8,6,13,"(0.0, 0.0, 0.11679612853536596, 0.05672998317880132, 0.066578992894707, 0.07489992963210028, 0.0, 0.0, 0.14899621190854193, 0.0)",1
2702,8,6,13,"(0.0, 0.0, 0.11679612853536596, 0.06920069129515957, 0.09172770611919409, 0.07489992963210028, 0.0, 0.0, 0.14899621190854193, 0.0)",146
2703,8,6,13,"(0.0, 0.0, 0.11679612853536596, 0.1117570230108727, 0.09172770611919409, 0.07489992963210028, 0.0, 0.0, 0.14899621190854193, 0.0)",3
2704,8,7,8,"(0.09369258606422372, 0.0, 0.09886232529533268, 0.09247639241939104, 0.09173902283359818, 0.0, 0.02457777101992483, 0.0, 0.0, 0.0)",11
2705,8,7,8,"(0.09369258606422372, 0.0, 0.09886232529533268, 0.09247639241939104, 0.09173902283359818, 0.0, 0.028624918864351683, 0.0, 0.0, 0.0)",229
2706,8,7,8,"(0.05100111183895687, 0.0, 0.07604701455526236, 0.10986339951301043, 0.06167218766445119, 0.0, 0.03478744473213055, 0.0, 0.0, 0.0)",1
2707,8,7,8,"(0.09369258606422372, 0.0, 0.09886232529533268, 0.07143721350420862, 0.09173902283359818, 0.0, 0.028624918864351683, 0.0, 0.0, 0.0)",1
2708,8,7,8,"(0.05100111183895687, 0.0, 0.09886232529533268, 0.23715954290798327, 0.07372682276627089, 0.0, 0.028624918864351683, 0.0, 0.0, 0.0)",1
2709,8,7,8,"(0.05100111183895687, 0.0, 0.09886232529533268, 0.10986339951301043, 0.07372682276627089, 0.0, 0.028624918864351683, 0.0, 0.0, 0.0)",23
2710,8,7,8,"(0.09369258606422372, 0.0, 0.09886232529533268, 0.09247639241939104, 0.09173902283359818, 0.0, 0.04357037093627773, 0.0, 0.0, 0.0)",105
2711,8,7,11,"(0.09033430006888621, 0.14970886995698662, 0.0, 0.0, 0.0, 0.030747949186392086, 0.0, 0.08279881135943302, 0.0, 0.01812760691895582)",4
2712,8,7,11,"(0.09033430006888621, 0.14970886995698662, 0.0, 0.0, 0.0, 0.04688669779969397, 0.0, 0.08279881135943302, 0.0, 0.0174839103888233)",1
2713,8,7,11,"(0.09033430006888621, 0.14970886995698662, 0.0, 0.0, 0.0, 0.03089188222114125, 0.0, 0.08279881135943302, 0.0, 0.01812760691895582)",10
2714,8,7,11,"(0.09001485474230984, 0.14970886995698662, 0.0, 0.0, 0.0, 0.04688669779969397, 0.0, 0.08279881135943302, 0.0, 0.014090871803424379)",2
2715,8,7,11,"(0.13584218217553035, 0.14970886995698662, 0.0, 0.0, 0.0, 0.04688669779969397, 0.0, 0.08279881135943302, 0.0, 0.01812760691895582)",2
2716,8,7,11,"(0.1064279229345361, 0.14970886995698662, 0.0, 0.0, 0.0, 0.04688669779969397, 0.0, 0.08279881135943302, 0.0, 0.01812760691895582)",1
2717,8,7,11,"(0.09033430006888621, 0.14970886995698662, 0.0, 0.0, 0.0, 0.04688669779969397, 0.0, 0.08279881135943302, 0.0, 0.012359168021008183)",2
2718,8,7,11,"(0.06123758543532936, 0.14970886995698662, 0.0, 0.0, 0.0, 0.05273086935174078, 0.0, 0.08279881135943302, 0.0, 0.011271670750207474)",1
2719,8,7,11,"(0.09033430006888621, 0.11747698357925594, 0.0, 0.0, 0.0, 0.04688669779969397, 0.0, 0.048612113442395695, 0.0, 0.01812760691895582)",1
2720,8,7,11,"(0.09033430006888621, 0.14970886995698662, 0.0, 0.0, 0.0, 0.04688669779969397, 0.0, 0.08279881135943302, 0.0, 0.01812760691895582)",362
2721,8,7,13,"(0.0, 0.0, 0.11679612853536596, 0.06920069129515957, 0.09172770611919409, 0.07489992963210028, 0.0, 0.0, 0.14899621190854193, 0.0)",154
2722,8,7,13,"(0.0, 0.0, 0.11679612853536596, 0.06920069129515957, 0.09172770611919409, 0.059541417009368824, 0.0, 0.0, 0.14899621190854193, 0.0)",1
2723,8,8,8,"(0.05100111183895687, 0.0, 0.09886232529533268, 0.10298129513800851, 0.07372682276627089, 0.0, 0.028624918864351683, 0.0, 0.0, 0.0)",1
2724,8,8,8,"(0.09369258606422372, 0.0, 0.09886232529533268, 0.09247639241939104, 0.09173902283359818, 0.0, 0.04348489241741679, 0.0, 0.0, 0.0)",5
2725,8,8,8,"(0.09369258606422372, 0.0, 0.09886232529533268, 0.09247639241939104, 0.09173902283359818, 0.0, 0.027102255385023442, 0.0, 0.0, 0.0)",1
2726,8,8,8,"(0.09369258606422372, 0.0, 0.09886232529533268, 0.09247639241939104, 0.09173902283359818, 0.0, 0.028624918864351683, 0.0, 0.0, 0.0)",102
2727,8,8,8,"(0.05100111183895687, 0.0, 0.09886232529533268, 0.10986339951301043, 0.14186891389090373, 0.0, 0.022410530670117345, 0.0, 0.0, 0.0)",1
2728,8,8,8,"(0.05100111183895687, 0.0, 0.09886232529533268, 0.10986339951301043, 0.07372682276627089, 0.0, 0.028624918864351683, 0.0, 0.0, 0.0)",114
2729,8,8,8,"(0.07275767911182973, 0.0, 0.09886232529533268, 0.09247639241939104, 0.09173902283359818, 0.0, 0.028624918864351683, 0.0, 0.0, 0.0)",3
2730,8,8,8,"(0.09369258606422372, 0.0, 0.09886232529533268, 0.09247639241939104, 0.09173902283359818, 0.0, 0.04357037093627773, 0.0, 0.0, 0.0)",42
2731,8,8,8,"(0.09369258606422372, 0.0, 0.09886232529533268, 0.09247639241939104, 0.09173902283359818, 0.0, 0.03784980477417106, 0.0, 0.0, 0.0)",46
2732,8,8,11,"(0.09033430006888621, 0.14970886995698662, 0.0, 0.0, 0.0, 0.032622012105519564, 0.0, 0.08279881135943302, 0.0, 0.01812760691895582)",1
2733,8,8,11,"(0.1148142832011888, 0.14970886995698662, 0.0, 0.0, 0.0, 0.023450110178223568, 0.0, 0.08279881135943302, 0.0, 0.01812760691895582)",1
2734,8,8,11,"(0.09033430006888621, 0.14970886995698662, 0.0, 0.0, 0.0, 0.04688669779969397, 0.0, 0.08279881135943302, 0.0, 0.01812760691895582)",504
2735,8,8,11,"(0.0719658044881203, 0.14970886995698662, 0.0, 0.0, 0.0, 0.04688669779969397, 0.0, 0.06738941565155494, 0.0, 0.017526428883954698)",2
2736,8,8,13,"(0.0, 0.0, 0.11679612853536596, 0.06920069129515957, 0.09172770611919409, 0.07489992963210028, 0.0, 0.0, 0.14389949347128045, 0.0)",4
2737,8,8,13,"(0.0, 0.0, 0.11679612853536596, 0.06920069129515957, 0.09172770611919409, 0.06347610236404132, 0.0, 0.0, 0.14899621190854193, 0.0)",1
2738,8,8,13,"(0.0, 0.0, 0.06209159070591834, 0.06920069129515957, 0.09172770611919409, 0.07489992963210028, 0.0, 0.0, 0.10934553309751663, 0.0)",2
2739,8,8,13,"(0.0, 0.0, 0.12155132620019664, 0.06920069129515957, 0.09172770611919409, 0.07489992963210028, 0.0, 0.0, 0.14899621190854193, 0.0)",1
2740,8,8,13,"(0.0, 0.0, 0.11679612853536596, 0.06920069129515957, 0.09172770611919409, 0.07489992963210028, 0.0, 0.0, 0.14899621190854193, 0.0)",165
2741,8,9,8,"(0.09369258606422372, 0.0, 0.09886232529533268, 0.08225558158672902, 0.09173902283359818, 0.0, 0.028624918864351683, 0.0, 0.0, 0.0)",1
2742,8,9,8,"(0.05049283526029067, 0.0, 0.09886232529533268, 0.09247639241939104, 0.04743313018648901, 0.0, 0.020292290524955098, 0.0, 0.0, 0.0)",1
2743,8,9,8,"(0.1321321061240472, 0.0, 0.09886232529533268, 0.0727035733564372, 0.09173902283359818, 0.0, 0.028624918864351683, 0.0, 0.0, 0.0)",1
2744,8,9,8,"(0.09369258606422372, 0.0, 0.09886232529533268, 0.09247639241939104, 0.09173902283359818, 0.0, 0.028624918864351683, 0.0, 0.0, 0.0)",441
2745,8,9,11,"(0.09033430006888621, 0.21847812157086152, 0.0, 0.0, 0.0, 0.038076961038885915, 0.0, 0.08279881135943302, 0.0, 0.01812760691895582)",1
2746,8,9,11,"(0.09033430006888621, 0.18370530079402003, 0.0, 0.0, 0.0, 0.038076961038885915, 0.0, 0.08279881135943302, 0.0, 0.01812760691895582)",4
2747,8,9,11,"(0.08808163387696902, 0.18370530079402003, 0.0, 0.0, 0.0, 0.04688669779969397, 0.0, 0.08279881135943302, 0.0, 0.01812760691895582)",1
2748,8,9,11,"(0.09033430006888621, 0.18370530079402003, 0.0, 0.0, 0.0, 0.04688669779969397, 0.0, 0.08279881135943302, 0.0, 0.01812760691895582)",55
2749,8,9,11,"(0.09033430006888621, 0.14970886995698662, 0.0, 0.0, 0.0, 0.04688669779969397, 0.0, 0.08279881135943302, 0.0, 0.01812760691895582)",243
2750,8,9,11,"(0.19453181147237872, 0.14970886995698662, 0.0, 0.0, 0.0, 0.05336610319949022, 0.0, 0.08279881135943302, 0.0, 0.019647110097683624)",2
2751,8,9,13,"(0.0, 0.0, 0.11679612853536596, 0.06920069129515957, 0.09172770611919409, 0.08914339671977489, 0.0, 0.0, 0.14899621190854193, 0.0)",1
2752,8,9,13,"(0.0, 0.0, 0.11679612853536596, 0.06920069129515957, 0.09172770611919409, 0.07489992963210028, 0.0, 0.0, 0.14899621190854193, 0.0)",162
2753,8,10,8,"(0.09369258606422372, 0.0, 0.09886232529533268, 0.09247639241939104, 0.09173902283359818, 0.0, 0.028624918864351683, 0.0, 0.0, 0.0)",341
2754,8,10,8,"(0.12990892837976808, 0.0, 0.09886232529533268, 0.09247639241939104, 0.09173902283359818, 0.0, 0.028624918864351683, 0.0, 0.0, 0.0)",2
2755,8,10,8,"(0.10676036107351392, 0.0, 0.16175094126172396, 0.09247639241939104, 0.09173902283359818, 0.0, 0.028624918864351683, 0.0, 0.0, 0.0)",2
2756,8,10,8,"(0.13277334783183656, 0.0, 0.05290248197120134, 0.09247639241939104, 0.1528428812864512, 0.0, 0.021426034808834003, 0.0, 0.0, 0.0)",1
2757,8,10,8,"(0.09369258606422372, 0.0, 0.10744161163053763, 0.09247639241939104, 0.09173902283359818, 0.0, 0.028624918864351683, 0.0, 0.0, 0.0)",2
2758,8,10,8,"(0.09369258606422372, 0.0, 0.09886232529533268, 0.09247639241939104, 0.07659965572596583, 0.0, 0.028624918864351683, 0.0, 0.0, 0.0)",2
2759,8,10,8,"(0.09369258606422372, 0.0, 0.10820217711110641, 0.09247639241939104, 0.09173902283359818, 0.0, 0.028624918864351683, 0.0, 0.0, 0.0)",1
2760,8,10,8,"(0.13651559208606112, 0.0, 0.09886232529533268, 0.09247639241939104, 0.09173902283359818, 0.0, 0.028624918864351683, 0.0, 0.0, 0.0)",4
2761,8,10,8,"(0.09238177324495207, 0.0, 0.09886232529533268, 0.09247639241939104, 0.10954928865847618, 0.0, 0.028624918864351683, 0.0, 0.0, 0.0)",1
2762,8,10,11,"(0.09033430006888621, 0.14970886995698662, 0.0, 0.0, 0.0, 0.03985646074241254, 0.0, 0.08279881135943302, 0.0, 0.01812760691895582)",2
2763,8,10,11,"(0.09033430006888621, 0.14970886995698662, 0.0, 0.0, 0.0, 0.04688669779969397, 0.0, 0.08279881135943302, 0.0, 0.01812760691895582)",175
2764,8,10,11,"(0.09033430006888621, 0.14970886995698662, 0.0, 0.0, 0.0, 0.04688669779969397, 0.0, 0.09554261466218725, 0.0, 0.023257129551691787)",2
2765,8,10,11,"(0.06826957621072484, 0.14970886995698662, 0.0, 0.0, 0.0, 0.04688669779969397, 0.0, 0.08279881135943302, 0.0, 0.01812760691895582)",14
2766,8,10,11,"(0.14837783247983627, 0.18370530079402003, 0.0, 0.0, 0.0, 0.038076961038885915, 0.0, 0.2966745225496165, 0.0, 0.01812760691895582)",1
2767,8,10,11,"(0.09033430006888621, 0.18370530079402003, 0.0, 0.0, 0.0, 0.038076961038885915, 0.0, 0.08279881135943302, 0.0, 0.01812760691895582)",192
2768,8,10,11,"(0.09033430006888621, 0.10769601299827945, 0.0, 0.0, 0.0, 0.04688669779969397, 0.0, 0.08279881135943302, 0.0, 0.01812760691895582)",1
2769,8,10,11,"(0.09033430006888621, 0.14970886995698662, 0.0, 0.0, 0.0, 0.06645970999835844, 0.0, 0.08279881135943302, 0.0, 0.01812760691895582)",2
2770,8,10,11,"(0.09033430006888621, 0.13489546039663705, 0.0, 0.0, 0.0, 0.05236634791787901, 0.0, 0.08279881135943302, 0.0, 0.01812760691895582)",1
2771,8,10,11,"(0.09033430006888621, 0.14970886995698662, 0.0, 0.0, 0.0, 0.04688669779969397, 0.0, 0.13304505924707138, 0.0, 0.01812760691895582)",1
2772,8,10,11,"(0.06950148757043502, 0.18370530079402003, 0.0, 0.0, 0.0, 0.038076961038885915, 0.0, 0.08637609689411206, 0.0, 0.01812760691895582)",1
2773,8,10,11,"(0.09033430006888621, 0.18370530079402003, 0.0, 0.0, 0.0, 0.04688669779969397, 0.0, 0.08279881135943302, 0.0, 0.01812760691895582)",54
2774,8,10,11,"(0.06979333570575162, 0.18370530079402003, 0.0, 0.0, 0.0, 0.038076961038885915, 0.0, 0.08279881135943302, 0.0, 0.01812760691895582)",1
2775,8,10,11,"(0.09033430006888621, 0.17363318205599135, 0.0, 0.0, 0.0, 0.038076961038885915, 0.0, 0.08279881135943302, 0.0, 0.01812760691895582)",1
2776,8,10,11,"(0.09033430006888621, 0.0714918192188248, 0.0, 0.0, 0.0, 0.04688669779969397, 0.0, 0.08279881135943302, 0.0, 0.01812760691895582)",1
2777,8,10,13,"(0.0, 0.0, 0.13636359735971598, 0.07205421883658765, 0.09172770611919409, 0.07489992963210028, 0.0, 0.0, 0.14899621190854193, 0.0)",1
2778,8,10,13,"(0.0, 0.0, 0.14204844675360234, 0.07205421883658765, 0.1221751238869388, 0.07489992963210028, 0.0, 0.0, 0.17218358554755972, 0.0)",2
2779,8,10,13,"(0.0, 0.0, 0.11679612853536596, 0.06920069129515957, 0.09172770611919409, 0.07435879722506036, 0.0, 0.0, 0.14899621190854193, 0.0)",8
2780,8,10,13,"(0.0, 0.0, 0.11679612853536596, 0.06920069129515957, 0.09172770611919409, 0.07489992963210028, 0.0, 0.0, 0.19630546769016502, 0.0)",1
2781,8,10,13,"(0.0, 0.0, 0.11679612853536596, 0.06920069129515957, 0.09172770611919409, 0.07489992963210028, 0.0, 0.0, 0.14899621190854193, 0.0)",55
2782,8,10,13,"(0.0, 0.0, 0.14204844675360234, 0.07205421883658765, 0.09172770611919409, 0.07489992963210028, 0.0, 0.0, 0.14899621190854193, 0.0)",99
2783,8,11,8,"(0.09369258606422372, 0.0, 0.09886232529533268, 0.09247639241939104, 0.09173902283359818, 0.0, 0.028624918864351683, 0.0, 0.0, 0.0)",414
2784,8,11,8,"(0.09369258606422372, 0.0, 0.09886232529533268, 0.09247639241939104, 0.17336952286458074, 0.0, 0.028624918864351683, 0.0, 0.0, 0.0)",1
2785,8,11,8,"(0.09766161406512629, 0.0, 0.09886232529533268, 0.09247639241939104, 0.11026536217850745, 0.0, 0.028624918864351683, 0.0, 0.0, 0.0)",1
2786,8,11,8,"(0.09369258606422372, 0.0, 0.1509615585913197, 0.09247639241939104, 0.09173902283359818, 0.0, 0.019405004328386613, 0.0, 0.0, 0.0)",1
2787,8,11,11,"(0.09033430006888621, 0.13706628477092245, 0.0, 0.0, 0.0, 0.04688669779969397, 0.0, 0.07931847781416358, 0.0, 0.01812760691895582)",1
2788,8,11,11,"(0.09033430006888621, 0.18370530079402003, 0.0, 0.0, 0.0, 0.038076961038885915, 0.0, 0.08279881135943302, 0.0, 0.01812760691895582)",11
2789,8,11,11,"(0.09033430006888621, 0.14970886995698662, 0.0, 0.0, 0.0, 0.04688669779969397, 0.0, 0.08279881135943302, 0.0, 0.03287737208166653)",1
2790,8,11,11,"(0.09033430006888621, 0.14970886995698662, 0.0, 0.0, 0.0, 0.04688669779969397, 0.0, 0.08279881135943302, 0.0, 0.01812760691895582)",350
2791,8,11,11,"(0.08139935267200614, 0.09832101528147319, 0.0, 0.0, 0.0, 0.04688669779969397, 0.0, 0.08279881135943302, 0.0, 0.01812760691895582)",1
2792,8,11,11,"(0.09033430006888621, 0.14970886995698662, 0.0, 0.0, 0.0, 0.04688669779969397, 0.0, 0.07849608200148818, 0.0, 0.01812760691895582)",1
2793,8,11,11,"(0.09033430006888621, 0.18370530079402003, 0.0, 0.0, 0.0, 0.04688669779969397, 0.0, 0.08279881135943302, 0.0, 0.01812760691895582)",30
2794,8,11,13,"(0.0, 0.0, 0.11679612853536596, 0.06920069129515957, 0.12237913015219279, 0.07489992963210028, 0.0, 0.0, 0.14899621190854193, 0.0)",1
2795,8,11,13,"(0.0, 0.0, 0.11679612853536596, 0.06920069129515957, 0.09172770611919409, 0.07489992963210028, 0.0, 0.0, 0.14899621190854193, 0.0)",154
2796,8,11,13,"(0.0, 0.0, 0.11679612853536596, 0.06920069129515957, 0.09172770611919409, 0.07489992963210028, 0.0, 0.0, 0.13862599332890713, 0.0)",1
2797,8,12,8,"(0.08362898284257637, 0.0, 0.09886232529533268, 0.09247639241939104, 0.09173902283359818, 0.0, 0.04357037093627773, 0.0, 0.0, 0.0)",9
2798,8,12,8,"(0.09369258606422372, 0.0, 0.08672445651618717, 0.09247639241939104, 0.19496678610791715, 0.0, 0.04357037093627773, 0.0, 0.0, 0.0)",7
2799,8,12,8,"(0.1557508961511798, 0.0, 0.09886232529533268, 0.09247639241939104, 0.08491690455285505, 0.0, 0.04357037093627773, 0.0, 0.0, 0.0)",2
2800,8,12,8,"(0.09369258606422372, 0.0, 0.09886232529533268, 0.09247639241939104, 0.09173902283359818, 0.0, 0.04357037093627773, 0.0, 0.0, 0.0)",300
2801,8,12,11,"(0.09033430006888621, 0.14970886995698662, 0.0, 0.0, 0.0, 0.04688669779969397, 0.0, 0.08279881135943302, 0.0, 0.01812760691895582)",506
2802,8,12,11,"(0.09033430006888621, 0.14970886995698662, 0.0, 0.0, 0.0, 0.04688669779969397, 0.0, 0.08279881135943302, 0.0, 0.011806650294340892)",1
2803,8,12,11,"(0.09033430006888621, 0.14970886995698662, 0.0, 0.0, 0.0, 0.04688669779969397, 0.0, 0.08279881135943302, 0.0, 0.01527152997803806)",1
2804,8,12,11,"(0.09033430006888621, 0.17677201906831325, 0.0, 0.0, 0.0, 0.04688669779969397, 0.0, 0.06911578402949005, 0.0, 0.01812760691895582)",5
2805,8,12,13,"(0.0, 0.0, 0.11679612853536596, 0.06920069129515957, 0.09172770611919409, 0.07489992963210028, 0.0, 0.0, 0.14899621190854193, 0.0)",167
2806,8,13,8,"(0.09369258606422372, 0.0, 0.06142721479287571, 0.09247639241939104, 0.09173902283359818, 0.0, 0.04357037093627773, 0.0, 0.0, 0.0)",1
2807,8,13,8,"(0.09369258606422372, 0.0, 0.1741861029595501, 0.09247639241939104, 0.09173902283359818, 0.0, 0.028624918864351683, 0.0, 0.0, 0.0)",2
2808,8,13,8,"(0.09369258606422372, 0.0, 0.09886232529533268, 0.09247639241939104, 0.09173902283359818, 0.0, 0.04357037093627773, 0.0, 0.0, 0.0)",196
2809,8,13,8,"(0.09369258606422372, 0.0, 0.09886232529533268, 0.09247639241939104, 0.09173902283359818, 0.0, 0.028624918864351683, 0.0, 0.0, 0.0)",118
2810,8,13,8,"(0.09369258606422372, 0.0, 0.07204868714797044, 0.09247639241939104, 0.09173902283359818, 0.0, 0.028624918864351683, 0.0, 0.0, 0.0)",1
2811,8,13,8,"(0.08539342426650705, 0.0, 0.09886232529533268, 0.09247639241939104, 0.09173902283359818, 0.0, 0.028624918864351683, 0.0, 0.0, 0.0)",1
2812,8,13,11,"(0.09033430006888621, 0.14970886995698662, 0.0, 0.0, 0.0, 0.04420655984825375, 0.0, 0.08279881135943302, 0.0, 0.01812760691895582)",1
2813,8,13,11,"(0.09033430006888621, 0.14970886995698662, 0.0, 0.0, 0.0, 0.0421041353122468, 0.0, 0.08279881135943302, 0.0, 0.016520524696538415)",2
2814,8,13,11,"(0.09033430006888621, 0.14970886995698662, 0.0, 0.0, 0.0, 0.03655781219756228, 0.0, 0.08279881135943302, 0.0, 0.01812760691895582)",1
2815,8,13,11,"(0.09033430006888621, 0.14970886995698662, 0.0, 0.0, 0.0, 0.04688669779969397, 0.0, 0.12197653174870364, 0.0, 0.01812760691895582)",3
2816,8,13,11,"(0.09033430006888621, 0.14970886995698662, 0.0, 0.0, 0.0, 0.04688669779969397, 0.0, 0.08279881135943302, 0.0, 0.01812760691895582)",557
2817,8,13,11,"(0.08757416856724369, 0.14970886995698662, 0.0, 0.0, 0.0, 0.04688669779969397, 0.0, 0.08279881135943302, 0.0, 0.01812760691895582)",2
2818,8,13,11,"(0.11439559431889097, 0.08961427816663445, 0.0, 0.0, 0.0, 0.04688669779969397, 0.0, 0.11952732188700013, 0.0, 0.017389616050204705)",3
2819,8,13,11,"(0.09033430006888621, 0.14970886995698662, 0.0, 0.0, 0.0, 0.04262608336463677, 0.0, 0.08279881135943302, 0.0, 0.01812760691895582)",1
2820,8,13,13,"(0.0, 0.0, 0.11679612853536596, 0.06920069129515957, 0.09172770611919409, 0.07489992963210028, 0.0, 0.0, 0.14899621190854193, 0.0)",156
2821,8,13,13,"(0.0, 0.0, 0.11679612853536596, 0.035201310843842586, 0.09172770611919409, 0.07489992963210028, 0.0, 0.0, 0.14899621190854193, 0.0)",2
2822,8,13,13,"(0.0, 0.0, 0.11679612853536596, 0.06920069129515957, 0.09172770611919409, 0.11091847520982982, 0.0, 0.0, 0.14899621190854193, 0.0)",2
2823,8,14,8,"(0.09369258606422372, 0.0, 0.09886232529533268, 0.09247639241939104, 0.09173902283359818, 0.0, 0.04357037093627773, 0.0, 0.0, 0.0)",270
2824,8,14,8,"(0.09369258606422372, 0.0, 0.09886232529533268, 0.09247639241939104, 0.09173902283359818, 0.0, 0.028624918864351683, 0.0, 0.0, 0.0)",20
2825,8,14,11,"(0.12971628463636722, 0.14970886995698662, 0.0, 0.0, 0.0, 0.04688669779969397, 0.0, 0.08279881135943302, 0.0, 0.01812760691895582)",1
2826,8,14,11,"(0.09033430006888621, 0.21152576185857752, 0.0, 0.0, 0.0, 0.04688669779969397, 0.0, 0.08279881135943302, 0.0, 0.01812760691895582)",1
2827,8,14,11,"(0.09033430006888621, 0.14970886995698662, 0.0, 0.0, 0.0, 0.04688669779969397, 0.0, 0.06760552888087173, 0.0, 0.01812760691895582)",1
2828,8,14,11,"(0.09033430006888621, 0.14970886995698662, 0.0, 0.0, 0.0, 0.04688669779969397, 0.0, 0.07355116954269415, 0.0, 0.01812760691895582)",1
2829,8,14,11,"(0.11735504369111087, 0.14970886995698662, 0.0, 0.0, 0.0, 0.04688669779969397, 0.0, 0.08279881135943302, 0.0, 0.01812760691895582)",2
2830,8,14,11,"(0.09033430006888621, 0.14970886995698662, 0.0, 0.0, 0.0, 0.04688669779969397, 0.0, 0.08279881135943302, 0.0, 0.015084856820722971)",1
2831,8,14,11,"(0.09033430006888621, 0.14970886995698662, 0.0, 0.0, 0.0, 0.04688669779969397, 0.0, 0.08279881135943302, 0.0, 0.01812760691895582)",493
2832,8,14,11,"(0.06726334029608905, 0.14970886995698662, 0.0, 0.0, 0.0, 0.04688669779969397, 0.0, 0.08279881135943302, 0.0, 0.01812760691895582)",1
2833,8,14,13,"(0.0, 0.0, 0.11679612853536596, 0.06920069129515957, 0.09172770611919409, 0.07489992963210028, 0.0, 0.0, 0.14899621190854193, 0.0)",160
2834,8,14,13,"(0.0, 0.0, 0.11679612853536596, 0.06920069129515957, 0.09172770611919409, 0.1092878717070211, 0.0, 0.0, 0.14899621190854193, 0.0)",1
2835,8,15,8,"(0.05100111183895687, 0.0, 0.09886232529533268, 0.10986339951301043, 0.07372682276627089, 0.0, 0.030858503432881566, 0.0, 0.0, 0.0)",5
2836,8,15,8,"(0.09369258606422372, 0.0, 0.09886232529533268, 0.09247639241939104, 0.09173902283359818, 0.0, 0.04550313063837979, 0.0, 0.0, 0.0)",1
2837,8,15,8,"(0.09369258606422372, 0.0, 0.09886232529533268, 0.09247639241939104, 0.09173902283359818, 0.0, 0.028624918864351683, 0.0, 0.0, 0.0)",153
2838,8,15,8,"(0.09369258606422372, 0.0, 0.12957189755547963, 0.10554154332560725, 0.09173902283359818, 0.0, 0.04828752860330771, 0.0, 0.0, 0.0)",2
2839,8,15,8,"(0.09369258606422372, 0.0, 0.07858119049653349, 0.09247639241939104, 0.09173902283359818, 0.0, 0.04357037093627773, 0.0, 0.0, 0.0)",1
2840,8,15,8,"(0.05100111183895687, 0.0, 0.09886232529533268, 0.10986339951301043, 0.07372682276627089, 0.0, 0.028624918864351683, 0.0, 0.0, 0.0)",17
2841,8,15,8,"(0.09369258606422372, 0.0, 0.09886232529533268, 0.09247639241939104, 0.09173902283359818, 0.0, 0.04357037093627773, 0.0, 0.0, 0.0)",140
2842,8,15,8,"(0.09369258606422372, 0.0, 0.09886232529533268, 0.09247639241939104, 0.09173902283359818, 0.0, 0.021580158775350855, 0.0, 0.0, 0.0)",1
2843,8,15,11,"(0.08016722032372602, 0.14970886995698662, 0.0, 0.0, 0.0, 0.04688669779969397, 0.0, 0.08279881135943302, 0.0, 0.01812760691895582)",1
2844,8,15,11,"(0.09033430006888621, 0.14970886995698662, 0.0, 0.0, 0.0, 0.038730969619007044, 0.0, 0.08279881135943302, 0.0, 0.01812760691895582)",29
2845,8,15,11,"(0.09033430006888621, 0.14970886995698662, 0.0, 0.0, 0.0, 0.04688669779969397, 0.0, 0.08279881135943302, 0.0, 0.01812760691895582)",371
2846,8,15,11,"(0.09033430006888621, 0.14970886995698662, 0.0, 0.0, 0.0, 0.10177030268671779, 0.0, 0.08279881135943302, 0.0, 0.01812760691895582)",2
2847,8,15,11,"(0.09033430006888621, 0.246653902977148, 0.0, 0.0, 0.0, 0.04688669779969397, 0.0, 0.08279881135943302, 0.0, 0.01812760691895582)",1
2848,8,15,11,"(0.09033430006888621, 0.14970886995698662, 0.0, 0.0, 0.0, 0.08739157323350807, 0.0, 0.08279881135943302, 0.0, 0.01812760691895582)",5
2849,8,15,11,"(0.09033430006888621, 0.10877572711845016, 0.0, 0.0, 0.0, 0.04688669779969397, 0.0, 0.08279881135943302, 0.0, 0.01812760691895582)",23
2850,8,15,13,"(0.0, 0.0, 0.11679612853536596, 0.06920069129515957, 0.09172770611919409, 0.10720269079252193, 0.0, 0.0, 0.07365947688611005, 0.0)",1
2851,8,15,13,"(0.0, 0.0, 0.11679612853536596, 0.06920069129515957, 0.09172770611919409, 0.07489992963210028, 0.0, 0.0, 0.14899621190854193, 0.0)",156
2852,8,15,13,"(0.0, 0.0, 0.11679612853536596, 0.06920069129515957, 0.09172770611919409, 0.10182211934526425, 0.0, 0.0, 0.14899621190854193, 0.0)",1
2853,8,16,8,"(0.09369258606422372, 0.0, 0.09886232529533268, 0.09247639241939104, 0.09173902283359818, 0.0, 0.04357037093627773, 0.0, 0.0, 0.0)",174
2854,8,16,8,"(0.09369258606422372, 0.0, 0.09886232529533268, 0.09247639241939104, 0.09173902283359818, 0.0, 0.028624918864351683, 0.0, 0.0, 0.0)",115
2855,8,16,8,"(0.09369258606422372, 0.0, 0.09886232529533268, 0.12470329825075938, 0.09173902283359818, 0.0, 0.04357037093627773, 0.0, 0.0, 0.0)",1
2856,8,16,8,"(0.05100111183895687, 0.0, 0.09886232529533268, 0.12903811135169097, 0.07372682276627089, 0.0, 0.028624918864351683, 0.0, 0.0, 0.0)",8
2857,8,16,8,"(0.09369258606422372, 0.0, 0.08274195371173328, 0.09247639241939104, 0.09173902283359818, 0.0, 0.028624918864351683, 0.0, 0.0, 0.0)",1
2858,8,16,8,"(0.05100111183895687, 0.0, 0.09886232529533268, 0.10986339951301043, 0.07372682276627089, 0.0, 0.028624918864351683, 0.0, 0.0, 0.0)",66
2859,8,16,8,"(0.058736276536725716, 0.0, 0.09886232529533268, 0.09247639241939104, 0.09173902283359818, 0.0, 0.028624918864351683, 0.0, 0.0, 0.0)",1
2860,8,16,11,"(0.09033430006888621, 0.14970886995698662, 0.0, 0.0, 0.0, 0.08069321937072252, 0.0, 0.09029221337411984, 0.0, 0.01812760691895582)",3
2861,8,16,11,"(0.09033430006888621, 0.07498615232141091, 0.0, 0.0, 0.0, 0.04688669779969397, 0.0, 0.08279881135943302, 0.0, 0.01812760691895582)",5
2862,8,16,11,"(0.07581570697095442, 0.14970886995698662, 0.0, 0.0, 0.0, 0.04688669779969397, 0.0, 0.08279881135943302, 0.0, 0.01812760691895582)",18
2863,8,16,11,"(0.09033430006888621, 0.14970886995698662, 0.0, 0.0, 0.0, 0.04688669779969397, 0.0, 0.08279881135943302, 0.0, 0.01812760691895582)",298
2864,8,16,11,"(0.09033430006888621, 0.14970886995698662, 0.0, 0.0, 0.0, 0.04688669779969397, 0.0, 0.06460766282399841, 0.0, 0.01812760691895582)",1
2865,8,16,11,"(0.0384712789464187, 0.14970886995698662, 0.0, 0.0, 0.0, 0.04688669779969397, 0.0, 0.08279881135943302, 0.0, 0.01812760691895582)",1
2866,8,16,11,"(0.09033430006888621, 0.07741142298210657, 0.0, 0.0, 0.0, 0.04688669779969397, 0.0, 0.08279881135943302, 0.0, 0.01812760691895582)",1
2867,8,16,11,"(0.09033430006888621, 0.10877572711845016, 0.0, 0.0, 0.0, 0.04467823971307505, 0.0, 0.08279881135943302, 0.0, 0.01812760691895582)",1
2868,8,16,11,"(0.09033430006888621, 0.10877572711845016, 0.0, 0.0, 0.0, 0.04688669779969397, 0.0, 0.08279881135943302, 0.0, 0.01812760691895582)",35
2869,8,16,11,"(0.1779423698803418, 0.14970886995698662, 0.0, 0.0, 0.0, 0.09223295360543524, 0.0, 0.08279881135943302, 0.0, 0.01868376812088929)",2
2870,8,16,11,"(0.09033430006888621, 0.14970886995698662, 0.0, 0.0, 0.0, 0.03748534596642611, 0.0, 0.08279881135943302, 0.0, 0.01812760691895582)",1
2871,8,16,13,"(0.0, 0.0, 0.11679612853536596, 0.11561435068327222, 0.09172770611919409, 0.07489992963210028, 0.0, 0.0, 0.14899621190854193, 0.0)",2
2872,8,16,13,"(0.0, 0.0, 0.11679612853536596, 0.03938020567263555, 0.09172770611919409, 0.0975640937921274, 0.0, 0.0, 0.14899621190854193, 0.0)",1
2873,8,16,13,"(0.0, 0.0, 0.11679612853536596, 0.06920069129515957, 0.09172770611919409, 0.07489992963210028, 0.0, 0.0, 0.14899621190854193, 0.0)",142
2874,8,17,8,"(0.09369258606422372, 0.0, 0.09886232529533268, 0.09247639241939104, 0.09173902283359818, 0.0, 0.04321804981382284, 0.0, 0.0, 0.0)",2
2875,8,17,8,"(0.09369258606422372, 0.0, 0.09886232529533268, 0.09247639241939104, 0.08045472050620185, 0.0, 0.08156992110968952, 0.0, 0.0, 0.0)",2
2876,8,17,8,"(0.09369258606422372, 0.0, 0.09886232529533268, 0.09247639241939104, 0.09173902283359818, 0.0, 0.028624918864351683, 0.0, 0.0, 0.0)",128
2877,8,17,8,"(0.09369258606422372, 0.0, 0.09886232529533268, 0.09247639241939104, 0.0546582752213647, 0.0, 0.04357037093627773, 0.0, 0.0, 0.0)",2
2878,8,17,8,"(0.05100111183895687, 0.0, 0.09886232529533268, 0.10986339951301043, 0.07372682276627089, 0.0, 0.028624918864351683, 0.0, 0.0, 0.0)",8
2879,8,17,8,"(0.09369258606422372, 0.0, 0.09886232529533268, 0.1340486121713258, 0.09173902283359818, 0.0, 0.028624918864351683, 0.0, 0.0, 0.0)",1
2880,8,17,8,"(0.09369258606422372, 0.0, 0.09886232529533268, 0.09247639241939104, 0.09173902283359818, 0.0, 0.04357037093627773, 0.0, 0.0, 0.0)",168
2881,8,17,11,"(0.09033430006888621, 0.30549398456844146, 0.0, 0.0, 0.0, 0.038313063835371954, 0.0, 0.08279881135943302, 0.0, 0.01812760691895582)",1
2882,8,17,11,"(0.09033430006888621, 0.14970886995698662, 0.0, 0.0, 0.0, 0.04688669779969397, 0.0, 0.08279881135943302, 0.0, 0.03264472211782533)",1
2883,8,17,11,"(0.09033430006888621, 0.14970886995698662, 0.0, 0.0, 0.0, 0.051388839147982666, 0.0, 0.08279881135943302, 0.0, 0.01812760691895582)",1
2884,8,17,11,"(0.09033430006888621, 0.14970886995698662, 0.0, 0.0, 0.0, 0.04688669779969397, 0.0, 0.08279881135943302, 0.0, 0.01812760691895582)",435
2885,8,17,11,"(0.09033430006888621, 0.14970886995698662, 0.0, 0.0, 0.0, 0.04688669779969397, 0.0, 0.11426821576407813, 0.0, 0.01812760691895582)",1
2886,8,17,11,"(0.07268233657175102, 0.14970886995698662, 0.0, 0.0, 0.0, 0.04688669779969397, 0.0, 0.08279881135943302, 0.0, 0.01812760691895582)",2
2887,8,17,11,"(0.09033430006888621, 0.08172697735822, 0.0, 0.0, 0.0, 0.04688669779969397, 0.0, 0.08279881135943302, 0.0, 0.01812760691895582)",3
2888,8,17,11,"(0.09033430006888621, 0.15805815877754836, 0.0, 0.0, 0.0, 0.04688669779969397, 0.0, 0.08279881135943302, 0.0, 0.01812760691895582)",4
2889,8,17,11,"(0.09033430006888621, 0.10975908199840442, 0.0, 0.0, 0.0, 0.04688669779969397, 0.0, 0.08279881135943302, 0.0, 0.01812760691895582)",1
2890,8,17,13,"(0.0, 0.0, 0.11679612853536596, 0.06920069129515957, 0.09172770611919409, 0.07489992963210028, 0.0, 0.0, 0.14899621190854193, 0.0)",197
2891,8,17,13,"(0.0, 0.0, 0.11679612853536596, 0.06920069129515957, 0.18082920143278122, 0.07489992963210028, 0.0, 0.0, 0.14899621190854193, 0.0)",1
2892,8,17,13,"(0.0, 0.0, 0.11679612853536596, 0.25085140787597016, 0.09172770611919409, 0.07489992963210028, 0.0, 0.0, 0.14899621190854193, 0.0)",1
2893,8,17,13,"(0.0, 0.0, 0.11679612853536596, 0.024955833013318, 0.09172770611919409, 0.07489992963210028, 0.0, 0.0, 0.14899621190854193, 0.0)",1
2894,8,17,13,"(0.0, 0.0, 0.11679612853536596, 0.06920069129515957, 0.09172770611919409, 0.0447302341306719, 0.0, 0.0, 0.14899621190854193, 0.0)",1
2895,8,18,8,"(0.0763428682152214, 0.0, 0.09886232529533268, 0.05337033751192152, 0.07294693126482667, 0.0, 0.020768788774148877, 0.0, 0.0, 0.0)",1
2896,8,18,8,"(0.07930452867826289, 0.0, 0.09886232529533268, 0.08871094951659064, 0.09173902283359818, 0.0, 0.022263954022700216, 0.0, 0.0, 0.0)",1
2897,8,18,8,"(0.09369258606422372, 0.0, 0.09886232529533268, 0.09247639241939104, 0.09173902283359818, 0.0, 0.028624918864351683, 0.0, 0.0, 0.0)",144
2898,8,18,8,"(0.0763428682152214, 0.0, 0.09886232529533268, 0.08871094951659064, 0.09173902283359818, 0.0, 0.028624918864351683, 0.0, 0.0, 0.0)",217
2899,8,18,8,"(0.0763428682152214, 0.0, 0.09886232529533268, 0.08871094951659064, 0.09173902283359818, 0.0, 0.042088156591561114, 0.0, 0.0, 0.0)",3
2900,8,18,11,"(0.09033430006888621, 0.14970886995698662, 0.0, 0.0, 0.0, 0.05233525806648482, 0.0, 0.08279881135943302, 0.0, 0.01812760691895582)",2
2901,8,18,11,"(0.09033430006888621, 0.1688153398716858, 0.0, 0.0, 0.0, 0.04688669779969397, 0.0, 0.09084731021721647, 0.0, 0.01812760691895582)",16
2902,8,18,11,"(0.0917199495681253, 0.18370530079402003, 0.0, 0.0, 0.0, 0.04688669779969397, 0.0, 0.08279881135943302, 0.0, 0.01812760691895582)",13
2903,8,18,11,"(0.09033430006888621, 0.18370530079402003, 0.0, 0.0, 0.0, 0.04688669779969397, 0.0, 0.10201015716889289, 0.0, 0.01812760691895582)",1
2904,8,18,11,"(0.09033430006888621, 0.19328939985364252, 0.0, 0.0, 0.0, 0.04688669779969397, 0.0, 0.08279881135943302, 0.0, 0.01812760691895582)",1
2905,8,18,11,"(0.09033430006888621, 0.18370530079402003, 0.0, 0.0, 0.0, 0.04688669779969397, 0.0, 0.08279881135943302, 0.0, 0.01812760691895582)",192
2906,8,18,11,"(0.09033430006888621, 0.14970886995698662, 0.0, 0.0, 0.0, 0.07043777435809905, 0.0, 0.08279881135943302, 0.0, 0.01812760691895582)",10
2907,8,18,11,"(0.17493361650964429, 0.14970886995698662, 0.0, 0.0, 0.0, 0.04688669779969397, 0.0, 0.08279881135943302, 0.0, 0.01812760691895582)",2
2908,8,18,11,"(0.09033430006888621, 0.23793030110449828, 0.0, 0.0, 0.0, 0.04688669779969397, 0.0, 0.08279881135943302, 0.0, 0.011732986646528642)",1
2909,8,18,11,"(0.09033430006888621, 0.14970886995698662, 0.0, 0.0, 0.0, 0.04688669779969397, 0.0, 0.08279881135943302, 0.0, 0.01812760691895582)",185
2910,8,18,13,"(0.0, 0.0, 0.11679612853536596, 0.02216544956884394, 0.09172770611919409, 0.07489992963210028, 0.0, 0.0, 0.14899621190854193, 0.0)",1
2911,8,18,13,"(0.0, 0.0, 0.11679612853536596, 0.06920069129515957, 0.09172770611919409, 0.07489992963210028, 0.0, 0.0, 0.12591599531799533, 0.0)",37
2912,8,18,13,"(0.0, 0.0, 0.11679612853536596, 0.06920069129515957, 0.09172770611919409, 0.07489992963210028, 0.0, 0.0, 0.14899621190854193, 0.0)",125
2913,8,19,8,"(0.0763428682152214, 0.0, 0.09886232529533268, 0.08871094951659064, 0.09173902283359818, 0.0, 0.028624918864351683, 0.0, 0.0, 0.0)",172
2914,8,19,8,"(0.09369258606422372, 0.0, 0.09886232529533268, 0.09247639241939104, 0.09173902283359818, 0.0, 0.028624918864351683, 0.0, 0.0, 0.0)",219
2915,8,19,8,"(0.09369258606422372, 0.0, 0.09886232529533268, 0.09247639241939104, 0.09173902283359818, 0.0, 0.03711308537414764, 0.0, 0.0, 0.0)",5
2916,8,19,8,"(0.04441440215199711, 0.0, 0.09886232529533268, 0.09247639241939104, 0.09173902283359818, 0.0, 0.028624918864351683, 0.0, 0.0, 0.0)",1
2917,8,19,11,"(0.09033430006888621, 0.18370530079402003, 0.0, 0.0, 0.0, 0.04688669779969397, 0.0, 0.08279881135943302, 0.0, 0.008341836064843228)",2
2918,8,19,11,"(0.0756006441548564, 0.14970886995698662, 0.0, 0.0, 0.0, 0.04688669779969397, 0.0, 0.08279881135943302, 0.0, 0.01812760691895582)",1
2919,8,19,11,"(0.09033430006888621, 0.18370530079402003, 0.0, 0.0, 0.0, 0.04688669779969397, 0.0, 0.08279881135943302, 0.0, 0.020934775198307234)",5
2920,8,19,11,"(0.09033430006888621, 0.14970886995698662, 0.0, 0.0, 0.0, 0.04688669779969397, 0.0, 0.08279881135943302, 0.0, 0.01812760691895582)",135
2921,8,19,11,"(0.09033430006888621, 0.18370530079402003, 0.0, 0.0, 0.0, 0.04688669779969397, 0.0, 0.08279881135943302, 0.0, 0.01812760691895582)",266
2922,8,19,11,"(0.05816090520146542, 0.18370530079402003, 0.0, 0.0, 0.0, 0.04688669779969397, 0.0, 0.08279881135943302, 0.0, 0.01812760691895582)",1
2923,8,19,11,"(0.09033430006888621, 0.18370530079402003, 0.0, 0.0, 0.0, 0.04688669779969397, 0.0, 0.08279881135943302, 0.0, 0.024617220474248396)",1
2924,8,19,11,"(0.09033430006888621, 0.14970886995698662, 0.0, 0.0, 0.0, 0.04688669779969397, 0.0, 0.08279881135943302, 0.0, 0.013875419119709008)",1
2925,8,19,11,"(0.09033430006888621, 0.18370530079402003, 0.0, 0.0, 0.0, 0.04688669779969397, 0.0, 0.08279881135943302, 0.0, 0.026117098858318588)",1
2926,8,19,11,"(0.09033430006888621, 0.09602170835927792, 0.0, 0.0, 0.0, 0.04688669779969397, 0.0, 0.08279881135943302, 0.0, 0.01812760691895582)",1
2927,8,19,13,"(0.0, 0.0, 0.11679612853536596, 0.07545079805493282, 0.09172770611919409, 0.07489992963210028, 0.0, 0.0, 0.14899621190854193, 0.0)",77
2928,8,19,13,"(0.0, 0.0, 0.053293535556396696, 0.07545079805493282, 0.09285398984459085, 0.07489992963210028, 0.0, 0.0, 0.14899621190854193, 0.0)",1
2929,8,19,13,"(0.0, 0.0, 0.09599149781910954, 0.06920069129515957, 0.09172770611919409, 0.07489992963210028, 0.0, 0.0, 0.14899621190854193, 0.0)",1
2930,8,19,13,"(0.0, 0.0, 0.11679612853536596, 0.06920069129515957, 0.06817831031332677, 0.07489992963210028, 0.0, 0.0, 0.14899621190854193, 0.0)",2
2931,8,19,13,"(0.0, 0.0, 0.11679612853536596, 0.06920069129515957, 0.09172770611919409, 0.07489992963210028, 0.0, 0.0, 0.14899621190854193, 0.0)",104
2932,8,20,8,"(0.0763428682152214, 0.0, 0.09639769472416757, 0.08871094951659064, 0.09173902283359818, 0.0, 0.028624918864351683, 0.0, 0.0, 0.0)",1
2933,8,20,8,"(0.0763428682152214, 0.0, 0.07982646143221268, 0.08871094951659064, 0.09173902283359818, 0.0, 0.07195945120708261, 0.0, 0.0, 0.0)",2
2934,8,20,8,"(0.22538808432842156, 0.0, 0.09886232529533268, 0.09247639241939104, 0.09934200736362049, 0.0, 0.028624918864351683, 0.0, 0.0, 0.0)",1
2935,8,20,8,"(0.0763428682152214, 0.0, 0.09886232529533268, 0.08871094951659064, 0.09173902283359818, 0.0, 0.028624918864351683, 0.0, 0.0, 0.0)",51
2936,8,20,8,"(0.07495039928584875, 0.0, 0.1213415674291486, 0.08871094951659064, 0.09173902283359818, 0.0, 0.028624918864351683, 0.0, 0.0, 0.0)",5
2937,8,20,8,"(0.09369258606422372, 0.0, 0.09886232529533268, 0.08206054745477605, 0.09173902283359818, 0.0, 0.028624918864351683, 0.0, 0.0, 0.0)",2
2938,8,20,8,"(0.09369258606422372, 0.0, 0.09886232529533268, 0.0753214175996023, 0.09173902283359818, 0.0, 0.028624918864351683, 0.0, 0.0, 0.0)",3
2939,8,20,8,"(0.09369258606422372, 0.0, 0.09886232529533268, 0.09247639241939104, 0.09173902283359818, 0.0, 0.028624918864351683, 0.0, 0.0, 0.0)",265
2940,8,20,8,"(0.15548921923652034, 0.0, 0.09886232529533268, 0.12524593330488829, 0.039846603014854286, 0.0, 0.028624918864351683, 0.0, 0.0, 0.0)",4
2941,8,20,11,"(0.09033430006888621, 0.18370530079402003, 0.0, 0.0, 0.0, 0.04688669779969397, 0.0, 0.08279881135943302, 0.0, 0.01812760691895582)",253
2942,8,20,11,"(0.09033430006888621, 0.22892970728094228, 0.0, 0.0, 0.0, 0.04688669779969397, 0.0, 0.08279881135943302, 0.0, 0.01812760691895582)",2
2943,8,20,11,"(0.09033430006888621, 0.14970886995698662, 0.0, 0.0, 0.0, 0.04688669779969397, 0.0, 0.08279881135943302, 0.0, 0.010469547851568626)",4
2944,8,20,11,"(0.09033430006888621, 0.18370530079402003, 0.0, 0.0, 0.0, 0.07865780192949197, 0.0, 0.034542173438254914, 0.0, 0.01812760691895582)",2
2945,8,20,11,"(0.07133590844182135, 0.18370530079402003, 0.0, 0.0, 0.0, 0.04688669779969397, 0.0, 0.08279881135943302, 0.0, 0.01812760691895582)",2
2946,8,20,11,"(0.09033430006888621, 0.14970886995698662, 0.0, 0.0, 0.0, 0.04688669779969397, 0.0, 0.08279881135943302, 0.0, 0.01812760691895582)",224
2947,8,20,13,"(0.0, 0.0, 0.11679612853536596, 0.06920069129515957, 0.09172770611919409, 0.07499722255498276, 0.0, 0.0, 0.14899621190854193, 0.0)",2
2948,8,20,13,"(0.0, 0.0, 0.11679612853536596, 0.14573489409060528, 0.09172770611919409, 0.07489992963210028, 0.0, 0.0, 0.14899621190854193, 0.0)",1
2949,8,20,13,"(0.0, 0.0, 0.11679612853536596, 0.06920069129515957, 0.09172770611919409, 0.07489992963210028, 0.0, 0.0, 0.14899621190854193, 0.0)",120
2950,8,20,13,"(0.0, 0.0, 0.07691770139942965, 0.06920069129515957, 0.06634318295056278, 0.07489992963210028, 0.0, 0.0, 0.14899621190854193, 0.0)",1
2951,8,20,13,"(0.0, 0.0, 0.11679612853536596, 0.06920069129515957, 0.09172770611919409, 0.07489992963210028, 0.0, 0.0, 0.12591599531799533, 0.0)",21
2952,8,20,13,"(0.0, 0.0, 0.11679612853536596, 0.06920069129515957, 0.09172770611919409, 0.07489992963210028, 0.0, 0.0, 0.11004081811221712, 0.0)",3
2953,8,20,13,"(0.0, 0.0, 0.11679612853536596, 0.06920069129515957, 0.09172770611919409, 0.07489992963210028, 0.0, 0.0, 0.15035846402166986, 0.0)",3
2954,8,20,13,"(0.0, 0.0, 0.11679612853536596, 0.09226577124596926, 0.09172770611919409, 0.07489992963210028, 0.0, 0.0, 0.14899621190854193, 0.0)",22
2955,9,0,8,"(0.09369258606422372, 0.0, 0.09886232529533268, 0.09247639241939104, 0.09863083692038103, 0.0, 0.04357037093627773, 0.0, 0.0, 0.0)",1
2956,9,0,8,"(0.09369258606422372, 0.0, 0.09886232529533268, 0.09247639241939104, 0.09173902283359818, 0.0, 0.02592805930854125, 0.0, 0.0, 0.0)",5
2957,9,0,8,"(0.09369258606422372, 0.0, 0.09886232529533268, 0.09247639241939104, 0.09173902283359818, 0.0, 0.04357037093627773, 0.0, 0.0, 0.0)",199
2958,9,0,8,"(0.09369258606422372, 0.0, 0.09886232529533268, 0.09247639241939104, 0.09173902283359818, 0.0, 0.028624918864351683, 0.0, 0.0, 0.0)",120
2959,9,0,11,"(0.09033430006888621, 0.14970886995698662, 0.0, 0.0, 0.0, 0.04688669779969397, 0.0, 0.08279881135943302, 0.0, 0.02118784653740199)",3
2960,9,0,11,"(0.15452911608526101, 0.09986617602459735, 0.0, 0.0, 0.0, 0.01688688446551681, 0.0, 0.08279881135943302, 0.0, 0.01812760691895582)",1
2961,9,0,11,"(0.09033430006888621, 0.23472348926208694, 0.0, 0.0, 0.0, 0.06732714222139617, 0.0, 0.034108244309236625, 0.0, 0.024149169169100912)",4
2962,9,0,11,"(0.0466703689188359, 0.14970886995698662, 0.0, 0.0, 0.0, 0.04688669779969397, 0.0, 0.08279881135943302, 0.0, 0.01812760691895582)",4
2963,9,0,11,"(0.09033430006888621, 0.14970886995698662, 0.0, 0.0, 0.0, 0.04688669779969397, 0.0, 0.08279881135943302, 0.0, 0.01812760691895582)",504
2964,9,0,11,"(0.06711923439074192, 0.14970886995698662, 0.0, 0.0, 0.0, 0.04688669779969397, 0.0, 0.08279881135943302, 0.0, 0.01812760691895582)",1
2965,9,0,11,"(0.09033430006888621, 0.2094916627833882, 0.0, 0.0, 0.0, 0.01911947094654784, 0.0, 0.08279881135943302, 0.0, 0.01882571775693776)",1
2966,9,0,11,"(0.09033430006888621, 0.14970886995698662, 0.0, 0.0, 0.0, 0.04688669779969397, 0.0, 0.08279881135943302, 0.0, 0.014405035969480168)",2
2967,9,0,13,"(0.0, 0.0, 0.11679612853536596, 0.06920069129515957, 0.09172770611919409, 0.07489992963210028, 0.0, 0.0, 0.11453938884607315, 0.0)",1
2968,9,0,13,"(0.0, 0.0, 0.11679612853536596, 0.06920069129515957, 0.09172770611919409, 0.07489992963210028, 0.0, 0.0, 0.14899621190854193, 0.0)",158
2969,9,0,13,"(0.0, 0.0, 0.11679612853536596, 0.050429903464577715, 0.09172770611919409, 0.07489992963210028, 0.0, 0.0, 0.1508811873685471, 0.0)",2
2970,9,1,8,"(0.09369258606422372, 0.0, 0.09886232529533268, 0.09247639241939104, 0.09173902283359818, 0.0, 0.028624918864351683, 0.0, 0.0, 0.0)",40
2971,9,1,8,"(0.060220333056949446, 0.0, 0.09886232529533268, 0.12116242685794076, 0.09173902283359818, 0.0, 0.016855304582485516, 0.0, 0.0, 0.0)",2
2972,9,1,8,"(0.09369258606422372, 0.0, 0.09886232529533268, 0.09247639241939104, 0.09173902283359818, 0.0, 0.04357037093627773, 0.0, 0.0, 0.0)",298
2973,9,1,8,"(0.07490677018467663, 0.0, 0.09886232529533268, 0.09247639241939104, 0.09173902283359818, 0.0, 0.04357037093627773, 0.0, 0.0, 0.0)",5
2974,9,1,8,"(0.1259496655517685, 0.0, 0.09886232529533268, 0.09247639241939104, 0.09173902283359818, 0.0, 0.04357037093627773, 0.0, 0.0, 0.0)",1
2975,9,1,8,"(0.09369258606422372, 0.0, 0.09886232529533268, 0.0733935876742936, 0.09173902283359818, 0.0, 0.04357037093627773, 0.0, 0.0, 0.0)",1
2976,9,1,8,"(0.09369258606422372, 0.0, 0.09886232529533268, 0.133794383548471, 0.09173902283359818, 0.0, 0.028624918864351683, 0.0, 0.0, 0.0)",1
2977,9,1,11,"(0.09033430006888621, 0.11619062301555479, 0.0, 0.0, 0.0, 0.04688669779969397, 0.0, 0.08279881135943302, 0.0, 0.01812760691895582)",2
2978,9,1,11,"(0.09033430006888621, 0.2630566941454553, 0.0, 0.0, 0.0, 0.04688669779969397, 0.0, 0.13937073969068473, 0.0, 0.01812760691895582)",1
2979,9,1,11,"(0.0466703689188359, 0.14970886995698662, 0.0, 0.0, 0.0, 0.04688669779969397, 0.0, 0.08279881135943302, 0.0, 0.01812760691895582)",88
2980,9,1,11,"(0.09033430006888621, 0.14970886995698662, 0.0, 0.0, 0.0, 0.04688669779969397, 0.0, 0.08279881135943302, 0.0, 0.01812760691895582)",385
2981,9,1,11,"(0.09033430006888621, 0.14970886995698662, 0.0, 0.0, 0.0, 0.07087378650316137, 0.0, 0.0489077815332332, 0.0, 0.01812760691895582)",1
2982,9,1,11,"(0.09033430006888621, 0.14970886995698662, 0.0, 0.0, 0.0, 0.04688669779969397, 0.0, 0.08279881135943302, 0.0, 0.014248271982249386)",1
2983,9,1,11,"(0.09033430006888621, 0.14970886995698662, 0.0, 0.0, 0.0, 0.04688669779969397, 0.0, 0.08279881135943302, 0.0, 0.024233773789206395)",1
2984,9,1,11,"(0.09033430006888621, 0.14970886995698662, 0.0, 0.0, 0.0, 0.04688669779969397, 0.0, 0.05617845448957855, 0.0, 0.01812760691895582)",3
2985,9,1,11,"(0.12435129344141539, 0.14970886995698662, 0.0, 0.0, 0.0, 0.04688669779969397, 0.0, 0.08279881135943302, 0.0, 0.01812760691895582)",2
2986,9,1,13,"(0.0, 0.0, 0.11679612853536596, 0.05063187520532538, 0.09172770611919409, 0.07489992963210028, 0.0, 0.0, 0.14899621190854193, 0.0)",1
2987,9,1,13,"(0.0, 0.0, 0.11679612853536596, 0.06920069129515957, 0.09172770611919409, 0.07489992963210028, 0.0, 0.0, 0.14148796078768136, 0.0)",1
2988,9,1,13,"(0.0, 0.0, 0.11679612853536596, 0.06920069129515957, 0.08665338969854493, 0.07489992963210028, 0.0, 0.0, 0.10677295057623398, 0.0)",4
2989,9,1,13,"(0.0, 0.0, 0.11679612853536596, 0.06920069129515957, 0.09172770611919409, 0.07489992963210028, 0.0, 0.0, 0.12945094042256475, 0.0)",1
2990,9,1,13,"(0.0, 0.0, 0.11679612853536596, 0.06920069129515957, 0.09172770611919409, 0.07489992963210028, 0.0, 0.0, 0.14899621190854193, 0.0)",155
2991,9,2,8,"(0.09369258606422372, 0.0, 0.09886232529533268, 0.09247639241939104, 0.15398954540677437, 0.0, 0.04357037093627773, 0.0, 0.0, 0.0)",1
2992,9,2,8,"(0.09369258606422372, 0.0, 0.09886232529533268, 0.09247639241939104, 0.09173902283359818, 0.0, 0.028624918864351683, 0.0, 0.0, 0.0)",91
2993,9,2,8,"(0.09369258606422372, 0.0, 0.09886232529533268, 0.09247639241939104, 0.09173902283359818, 0.0, 0.05991775096559304, 0.0, 0.0, 0.0)",1
2994,9,2,8,"(0.09369258606422372, 0.0, 0.09886232529533268, 0.09247639241939104, 0.16658748669518073, 0.0, 0.028624918864351683, 0.0, 0.0, 0.0)",1
2995,9,2,8,"(0.09369258606422372, 0.0, 0.10622477689714961, 0.09247639241939104, 0.09173902283359818, 0.0, 0.04357037093627773, 0.0, 0.0, 0.0)",1
2996,9,2,8,"(0.09369258606422372, 0.0, 0.09886232529533268, 0.09247639241939104, 0.09028257513164319, 0.0, 0.04357037093627773, 0.0, 0.0, 0.0)",1
2997,9,2,8,"(0.09369258606422372, 0.0, 0.09886232529533268, 0.09247639241939104, 0.09173902283359818, 0.0, 0.04357037093627773, 0.0, 0.0, 0.0)",272
2998,9,2,8,"(0.04825638541870318, 0.0, 0.09886232529533268, 0.09247639241939104, 0.09173902283359818, 0.0, 0.04357037093627773, 0.0, 0.0, 0.0)",4
2999,9,2,11,"(0.061101669179716434, 0.14970886995698662, 0.0, 0.0, 0.0, 0.04688669779969397, 0.0, 0.08279881135943302, 0.0, 0.01812760691895582)",1
3000,9,2,11,"(0.09033430006888621, 0.23437554861824522, 0.0, 0.0, 0.0, 0.04688669779969397, 0.0, 0.07995514245183678, 0.0, 0.01812760691895582)",2
3001,9,2,11,"(0.09033430006888621, 0.0896110303242507, 0.0, 0.0, 0.0, 0.04688669779969397, 0.0, 0.08279881135943302, 0.0, 0.011526137330064131)",1
3002,9,2,11,"(0.09033430006888621, 0.14970886995698662, 0.0, 0.0, 0.0, 0.04966146228967034, 0.0, 0.09482149603524266, 0.0, 0.01812760691895582)",6
3003,9,2,11,"(0.09033430006888621, 0.14970886995698662, 0.0, 0.0, 0.0, 0.04688669779969397, 0.0, 0.08279881135943302, 0.0, 0.01812760691895582)",359
3004,9,2,11,"(0.09033430006888621, 0.14970886995698662, 0.0, 0.0, 0.0, 0.055978230976473184, 0.0, 0.08279881135943302, 0.0, 0.01812760691895582)",4
3005,9,2,11,"(0.08837568033624703, 0.14970886995698662, 0.0, 0.0, 0.0, 0.04688669779969397, 0.0, 0.08279881135943302, 0.0, 0.01812760691895582)",2
3006,9,2,13,"(0.0, 0.0, 0.11679612853536596, 0.05132375711382739, 0.07011297246751619, 0.18043410918338545, 0.0, 0.0, 0.14899621190854193, 0.0)",5
3007,9,2,13,"(0.0, 0.0, 0.11679612853536596, 0.06920069129515957, 0.09172770611919409, 0.07489992963210028, 0.0, 0.0, 0.14899621190854193, 0.0)",161
3008,9,3,8,"(0.09369258606422372, 0.0, 0.03996763526736298, 0.09247639241939104, 0.09173902283359818, 0.0, 0.04823587059262484, 0.0, 0.0, 0.0)",1
3009,9,3,8,"(0.09369258606422372, 0.0, 0.09886232529533268, 0.09247639241939104, 0.09173902283359818, 0.0, 0.04357037093627773, 0.0, 0.0, 0.0)",23
3010,9,3,8,"(0.09369258606422372, 0.0, 0.09886232529533268, 0.09247639241939104, 0.09173902283359818, 0.0, 0.03784980477417106, 0.0, 0.0, 0.0)",61
3011,9,3,8,"(0.05100111183895687, 0.0, 0.09886232529533268, 0.10986339951301043, 0.07372682276627089, 0.0, 0.024575015054439944, 0.0, 0.0, 0.0)",1
3012,9,3,8,"(0.05100111183895687, 0.0, 0.05661776485348836, 0.10986339951301043, 0.07372682276627089, 0.0, 0.028624918864351683, 0.0, 0.0, 0.0)",1
3013,9,3,8,"(0.09369258606422372, 0.0, 0.09886232529533268, 0.09247639241939104, 0.09173902283359818, 0.0, 0.028624918864351683, 0.0, 0.0, 0.0)",103
3014,9,3,8,"(0.05100111183895687, 0.0, 0.09886232529533268, 0.10986339951301043, 0.07372682276627089, 0.0, 0.028624918864351683, 0.0, 0.0, 0.0)",151
3015,9,3,8,"(0.05100111183895687, 0.0, 0.09886232529533268, 0.11814430829862974, 0.03057877618241183, 0.0, 0.028624918864351683, 0.0, 0.0, 0.0)",2
3016,9,3,11,"(0.09033430006888621, 0.24472543790067247, 0.0, 0.0, 0.0, 0.04688669779969397, 0.0, 0.08279881135943302, 0.0, 0.01812760691895582)",4
3017,9,3,11,"(0.09033430006888621, 0.18614210574493353, 0.0, 0.0, 0.0, 0.04688669779969397, 0.0, 0.0868567410671795, 0.0, 0.01812760691895582)",1
3018,9,3,11,"(0.10668564895890364, 0.14970886995698662, 0.0, 0.0, 0.0, 0.0664499695451002, 0.0, 0.14453387793854885, 0.0, 0.01812760691895582)",1
3019,9,3,11,"(0.09033430006888621, 0.14970886995698662, 0.0, 0.0, 0.0, 0.04688669779969397, 0.0, 0.08279881135943302, 0.0, 0.01812760691895582)",507
3020,9,3,13,"(0.0, 0.0, 0.11679612853536596, 0.06920069129515957, 0.09172770611919409, 0.07489992963210028, 0.0, 0.0, 0.14899621190854193, 0.0)",169
3021,9,3,13,"(0.0, 0.0, 0.11679612853536596, 0.12487071649792099, 0.09172770611919409, 0.07489992963210028, 0.0, 0.0, 0.14899621190854193, 0.0)",1
3022,9,4,8,"(0.09369258606422372, 0.0, 0.09886232529533268, 0.09247639241939104, 0.09173902283359818, 0.0, 0.028624918864351683, 0.0, 0.0, 0.0)",72
3023,9,4,8,"(0.04783360196510593, 0.0, 0.06330325111144235, 0.10986339951301043, 0.08706796641493504, 0.0, 0.028624918864351683, 0.0, 0.0, 0.0)",1
3024,9,4,8,"(0.09369258606422372, 0.0, 0.09886232529533268, 0.09247639241939104, 0.09173902283359818, 0.0, 0.03784980477417106, 0.0, 0.0, 0.0)",69
3025,9,4,8,"(0.05100111183895687, 0.0, 0.09886232529533268, 0.10986339951301043, 0.07900772093527329, 0.0, 0.028624918864351683, 0.0, 0.0, 0.0)",4
3026,9,4,8,"(0.05100111183895687, 0.0, 0.09886232529533268, 0.10986339951301043, 0.07372682276627089, 0.0, 0.028624918864351683, 0.0, 0.0, 0.0)",219
3027,9,4,8,"(0.09369258606422372, 0.0, 0.09886232529533268, 0.09247639241939104, 0.07974548798775302, 0.0, 0.06272241667653718, 0.0, 0.0, 0.0)",2
3028,9,4,8,"(0.05100111183895687, 0.0, 0.09886232529533268, 0.11076876765500225, 0.07372682276627089, 0.0, 0.028624918864351683, 0.0, 0.0, 0.0)",1
3029,9,4,8,"(0.05100111183895687, 0.0, 0.09886232529533268, 0.08243535064131842, 0.07372682276627089, 0.0, 0.028624918864351683, 0.0, 0.0, 0.0)",1
3030,9,4,8,"(0.09369258606422372, 0.0, 0.09886232529533268, 0.09247639241939104, 0.09173902283359818, 0.0, 0.04357037093627773, 0.0, 0.0, 0.0)",23
3031,9,4,11,"(0.09033430006888621, 0.14970886995698662, 0.0, 0.0, 0.0, 0.04688669779969397, 0.0, 0.07670544101542708, 0.0, 0.01812760691895582)",1
3032,9,4,11,"(0.09033430006888621, 0.14970886995698662, 0.0, 0.0, 0.0, 0.04688669779969397, 0.0, 0.06865110030992067, 0.0, 0.01812760691895582)",1
3033,9,4,11,"(0.12200243757595389, 0.14970886995698662, 0.0, 0.0, 0.0, 0.026722109710728064, 0.0, 0.08279881135943302, 0.0, 0.015181519631711217)",13
3034,9,4,11,"(0.09033430006888621, 0.14970886995698662, 0.0, 0.0, 0.0, 0.04688669779969397, 0.0, 0.08279881135943302, 0.0, 0.01812760691895582)",496
3035,9,4,13,"(0.0, 0.0, 0.20709970738233677, 0.06920069129515957, 0.09172770611919409, 0.07489992963210028, 0.0, 0.0, 0.14899621190854193, 0.0)",1
3036,9,4,13,"(0.0, 0.0, 0.11679612853536596, 0.06920069129515957, 0.09172770611919409, 0.07489992963210028, 0.0, 0.0, 0.20167325324720758, 0.0)",1
3037,9,4,13,"(0.0, 0.0, 0.11679612853536596, 0.06920069129515957, 0.09172770611919409, 0.07489992963210028, 0.0, 0.0, 0.1876390871521219, 0.0)",1
3038,9,4,13,"(0.0, 0.0, 0.11679612853536596, 0.08294764882581053, 0.09172770611919409, 0.07489992963210028, 0.0, 0.0, 0.14899621190854193, 0.0)",4
3039,9,4,13,"(0.0, 0.0, 0.0967903945647603, 0.08294764882581053, 0.09172770611919409, 0.07489992963210028, 0.0, 0.0, 0.14899621190854193, 0.0)",2
3040,9,4,13,"(0.0, 0.0, 0.11679612853536596, 0.06920069129515957, 0.09172770611919409, 0.07489992963210028, 0.0, 0.0, 0.14899621190854193, 0.0)",142
3041,9,5,8,"(0.05100111183895687, 0.0, 0.09886232529533268, 0.10986339951301043, 0.07372682276627089, 0.0, 0.028624918864351683, 0.0, 0.0, 0.0)",180
3042,9,5,8,"(0.09369258606422372, 0.0, 0.07794616611056994, 0.09247639241939104, 0.09173902283359818, 0.0, 0.01865819424161478, 0.0, 0.0, 0.0)",1
3043,9,5,8,"(0.04474698895879059, 0.0, 0.09886232529533268, 0.1272368372202913, 0.07372682276627089, 0.0, 0.028624918864351683, 0.0, 0.0, 0.0)",1
3044,9,5,8,"(0.09369258606422372, 0.0, 0.09886232529533268, 0.09247639241939104, 0.09173902283359818, 0.0, 0.04357037093627773, 0.0, 0.0, 0.0)",32
3045,9,5,8,"(0.09369258606422372, 0.0, 0.09886232529533268, 0.09247639241939104, 0.09173902283359818, 0.0, 0.03784980477417106, 0.0, 0.0, 0.0)",26
3046,9,5,8,"(0.09369258606422372, 0.0, 0.09886232529533268, 0.09247639241939104, 0.09173902283359818, 0.0, 0.028624918864351683, 0.0, 0.0, 0.0)",29
3047,9,5,8,"(0.07265980369996336, 0.0, 0.09886232529533268, 0.10986339951301043, 0.12042361984907733, 0.0, 0.05168899046236314, 0.0, 0.0, 0.0)",1
3048,9,5,8,"(0.07275767911182973, 0.0, 0.09886232529533268, 0.09247639241939104, 0.09173902283359818, 0.0, 0.028624918864351683, 0.0, 0.0, 0.0)",6
3049,9,5,8,"(0.09369258606422372, 0.0, 0.09886232529533268, 0.09247639241939104, 0.09173902283359818, 0.0, 0.04348489241741679, 0.0, 0.0, 0.0)",39
3050,9,5,8,"(0.05100111183895687, 0.0, 0.09886232529533268, 0.04700168947029111, 0.07372682276627089, 0.0, 0.028624918864351683, 0.0, 0.0, 0.0)",5
3051,9,5,11,"(0.09033430006888621, 0.14970886995698662, 0.0, 0.0, 0.0, 0.04688669779969397, 0.0, 0.09087376019142322, 0.0, 0.01812760691895582)",1
3052,9,5,11,"(0.09033430006888621, 0.14970886995698662, 0.0, 0.0, 0.0, 0.04688669779969397, 0.0, 0.08279881135943302, 0.0, 0.01812760691895582)",511
3053,9,5,11,"(0.09033430006888621, 0.14970886995698662, 0.0, 0.0, 0.0, 0.04688669779969397, 0.0, 0.1347168212131331, 0.0, 0.01812760691895582)",2
3054,9,5,11,"(0.06624946552598668, 0.14970886995698662, 0.0, 0.0, 0.0, 0.04688669779969397, 0.0, 0.08279881135943302, 0.0, 0.01812760691895582)",1
3055,9,5,11,"(0.09033430006888621, 0.14970886995698662, 0.0, 0.0, 0.0, 0.0471938410027269, 0.0, 0.08279881135943302, 0.0, 0.01812760691895582)",1
3056,9,5,11,"(0.09033430006888621, 0.16114882047575874, 0.0, 0.0, 0.0, 0.04033344031980036, 0.0, 0.08279881135943302, 0.0, 0.01812760691895582)",1
3057,9,5,11,"(0.046855521461077694, 0.14970886995698662, 0.0, 0.0, 0.0, 0.04688669779969397, 0.0, 0.08279881135943302, 0.0, 0.01812760691895582)",1
3058,9,5,11,"(0.09033430006888621, 0.14970886995698662, 0.0, 0.0, 0.0, 0.04688669779969397, 0.0, 0.04124724228090601, 0.0, 0.01812760691895582)",1
3059,9,5,11,"(0.09033430006888621, 0.12194858724172392, 0.0, 0.0, 0.0, 0.04688669779969397, 0.0, 0.08279881135943302, 0.0, 0.01812760691895582)",1
3060,9,5,11,"(0.09033430006888621, 0.14970886995698662, 0.0, 0.0, 0.0, 0.048660519355272346, 0.0, 0.08279881135943302, 0.0, 0.01812760691895582)",1
3061,9,5,11,"(0.09033430006888621, 0.14970886995698662, 0.0, 0.0, 0.0, 0.04688669779969397, 0.0, 0.15668344219316516, 0.0, 0.01812760691895582)",2
3062,9,5,13,"(0.0, 0.0, 0.07779032223834917, 0.06920069129515957, 0.09172770611919409, 0.07489992963210028, 0.0, 0.0, 0.14899621190854193, 0.0)",1
3063,9,5,13,"(0.0, 0.0, 0.11679612853536596, 0.06920069129515957, 0.09172770611919409, 0.07489992963210028, 0.0, 0.0, 0.14899621190854193, 0.0)",158
3064,9,6,8,"(0.09369258606422372, 0.0, 0.09886232529533268, 0.09247639241939104, 0.107020159887136, 0.0, 0.04357037093627773, 0.0, 0.0, 0.0)",2
3065,9,6,8,"(0.09369258606422372, 0.0, 0.08950620996642342, 0.09247639241939104, 0.09173902283359818, 0.0, 0.06826344941350267, 0.0, 0.0, 0.0)",15
3066,9,6,8,"(0.09369258606422372, 0.0, 0.09886232529533268, 0.11747804928546413, 0.09173902283359818, 0.0, 0.04357037093627773, 0.0, 0.0, 0.0)",1
3067,9,6,8,"(0.09369258606422372, 0.0, 0.09886232529533268, 0.09247639241939104, 0.09173902283359818, 0.0, 0.04357037093627773, 0.0, 0.0, 0.0)",302
3068,9,6,11,"(0.09033430006888621, 0.14970886995698662, 0.0, 0.0, 0.0, 0.04688669779969397, 0.0, 0.08279881135943302, 0.0, 0.011806650294340892)",3
3069,9,6,11,"(0.09768338823471265, 0.14970886995698662, 0.0, 0.0, 0.0, 0.060644136164298104, 0.0, 0.08279881135943302, 0.0, 0.01812760691895582)",1
3070,9,6,11,"(0.057075255035089395, 0.14970886995698662, 0.0, 0.0, 0.0, 0.04688669779969397, 0.0, 0.08279881135943302, 0.0, 0.01812760691895582)",4
3071,9,6,11,"(0.09033430006888621, 0.14970886995698662, 0.0, 0.0, 0.0, 0.04688669779969397, 0.0, 0.05839834574801859, 0.0, 0.01812760691895582)",4
3072,9,6,11,"(0.09033430006888621, 0.19593045918581595, 0.0, 0.0, 0.0, 0.04688669779969397, 0.0, 0.08279881135943302, 0.0, 0.01812760691895582)",1
3073,9,6,11,"(0.09033430006888621, 0.14970886995698662, 0.0, 0.0, 0.0, 0.04688669779969397, 0.0, 0.08279881135943302, 0.0, 0.01812760691895582)",438
3074,9,6,11,"(0.09033430006888621, 0.14970886995698662, 0.0, 0.0, 0.0, 0.04688669779969397, 0.0, 0.07060383835685127, 0.0, 0.01812760691895582)",2
3075,9,6,13,"(0.0, 0.0, 0.11679612853536596, 0.06495998652939254, 0.09172770611919409, 0.07489992963210028, 0.0, 0.0, 0.14899621190854193, 0.0)",1
3076,9,6,13,"(0.0, 0.0, 0.11679612853536596, 0.06920069129515957, 0.09172770611919409, 0.046813807875552914, 0.0, 0.0, 0.14899621190854193, 0.0)",1
3077,9,6,13,"(0.0, 0.0, 0.11679612853536596, 0.06920069129515957, 0.09172770611919409, 0.07489992963210028, 0.0, 0.0, 0.14899621190854193, 0.0)",159
3078,9,7,8,"(0.08362898284257637, 0.0, 0.06771000469534266, 0.09247639241939104, 0.09173902283359818, 0.0, 0.04357037093627773, 0.0, 0.0, 0.0)",9
3079,9,7,8,"(0.08362898284257637, 0.0, 0.09886232529533268, 0.09247639241939104, 0.09173902283359818, 0.0, 0.04357037093627773, 0.0, 0.0, 0.0)",47
3080,9,7,8,"(0.09369258606422372, 0.0, 0.10686260172733307, 0.09247639241939104, 0.09173902283359818, 0.0, 0.04357037093627773, 0.0, 0.0, 0.0)",3
3081,9,7,8,"(0.08362898284257637, 0.0, 0.09886232529533268, 0.09247639241939104, 0.09173902283359818, 0.0, 0.025370111992743312, 0.0, 0.0, 0.0)",1
3082,9,7,8,"(0.09369258606422372, 0.0, 0.09886232529533268, 0.09247639241939104, 0.09173902283359818, 0.0, 0.04357037093627773, 0.0, 0.0, 0.0)",274
3083,9,7,8,"(0.08362898284257637, 0.0, 0.1023368590454473, 0.09247639241939104, 0.09173902283359818, 0.0, 0.04357037093627773, 0.0, 0.0, 0.0)",1
3084,9,7,11,"(0.09033430006888621, 0.10732496113325324, 0.0, 0.0, 0.0, 0.03457059878900251, 0.0, 0.08279881135943302, 0.0, 0.01812760691895582)",1
3085,9,7,11,"(0.09033430006888621, 0.14970886995698662, 0.0, 0.0, 0.0, 0.04688669779969397, 0.0, 0.08279881135943302, 0.0, 0.007250201543295546)",2
3086,9,7,11,"(0.09033430006888621, 0.14970886995698662, 0.0, 0.0, 0.0, 0.06185067499499075, 0.0, 0.08279881135943302, 0.0, 0.01812760691895582)",1
3087,9,7,11,"(0.09033430006888621, 0.14970886995698662, 0.0, 0.0, 0.0, 0.04688669779969397, 0.0, 0.12869625172287194, 0.0, 0.01812760691895582)",1
3088,9,7,11,"(0.09033430006888621, 0.14970886995698662, 0.0, 0.0, 0.0, 0.04688669779969397, 0.0, 0.08279881135943302, 0.0, 0.014425803348570326)",2
3089,9,7,11,"(0.09033430006888621, 0.14970886995698662, 0.0, 0.0, 0.0, 0.04688669779969397, 0.0, 0.109327983051926, 0.0, 0.019848701507293353)",2
3090,9,7,11,"(0.09033430006888621, 0.14970886995698662, 0.0, 0.0, 0.0, 0.04688669779969397, 0.0, 0.08279881135943302, 0.0, 0.01812760691895582)",450
3091,9,7,11,"(0.09033430006888621, 0.14970886995698662, 0.0, 0.0, 0.0, 0.04688669779969397, 0.0, 0.08279881135943302, 0.0, 0.01880601047460148)",2
3092,9,7,11,"(0.09033430006888621, 0.259398639469144, 0.0, 0.0, 0.0, 0.04688669779969397, 0.0, 0.08279881135943302, 0.0, 0.01812760691895582)",1
3093,9,7,11,"(0.09033430006888621, 0.2846855656091591, 0.0, 0.0, 0.0, 0.04688669779969397, 0.0, 0.08279881135943302, 0.0, 0.01812760691895582)",2
3094,9,7,11,"(0.07777070705603285, 0.14970886995698662, 0.0, 0.0, 0.0, 0.04688669779969397, 0.0, 0.08279881135943302, 0.0, 0.01812760691895582)",1
3095,9,7,11,"(0.10112984596915707, 0.14970886995698662, 0.0, 0.0, 0.0, 0.04688669779969397, 0.0, 0.06937251016330083, 0.0, 0.014826976514587396)",1
3096,9,7,13,"(0.0, 0.0, 0.11679612853536596, 0.06920069129515957, 0.1457676010089579, 0.07489992963210028, 0.0, 0.0, 0.15454015240761804, 0.0)",2
3097,9,7,13,"(0.0, 0.0, 0.11679612853536596, 0.06920069129515957, 0.0971247337444351, 0.07489992963210028, 0.0, 0.0, 0.14899621190854193, 0.0)",3
3098,9,7,13,"(0.0, 0.0, 0.11679612853536596, 0.06920069129515957, 0.09172770611919409, 0.07489992963210028, 0.0, 0.0, 0.14899621190854193, 0.0)",162
3099,9,8,8,"(0.09369258606422372, 0.0, 0.09886232529533268, 0.09247639241939104, 0.042531455336038575, 0.0, 0.04357037093627773, 0.0, 0.0, 0.0)",2
3100,9,8,8,"(0.09369258606422372, 0.0, 0.09499374105547377, 0.09247639241939104, 0.09173902283359818, 0.0, 0.04357037093627773, 0.0, 0.0, 0.0)",7
3101,9,8,8,"(0.09369258606422372, 0.0, 0.09886232529533268, 0.09247639241939104, 0.09173902283359818, 0.0, 0.04357037093627773, 0.0, 0.0, 0.0)",330
3102,9,8,11,"(0.09033430006888621, 0.14970886995698662, 0.0, 0.0, 0.0, 0.04744557313641032, 0.0, 0.08279881135943302, 0.0, 0.01812760691895582)",8
3103,9,8,11,"(0.09033430006888621, 0.14970886995698662, 0.0, 0.0, 0.0, 0.02773722060532853, 0.0, 0.08279881135943302, 0.0, 0.01812760691895582)",1
3104,9,8,11,"(0.09033430006888621, 0.1826260803966349, 0.0, 0.0, 0.0, 0.04688669779969397, 0.0, 0.08279881135943302, 0.0, 0.01812760691895582)",2
3105,9,8,11,"(0.09033430006888621, 0.14970886995698662, 0.0, 0.0, 0.0, 0.04688669779969397, 0.0, 0.08279881135943302, 0.0, 0.01812760691895582)",475
3106,9,8,11,"(0.09033430006888621, 0.17123838843052902, 0.0, 0.0, 0.0, 0.04688669779969397, 0.0, 0.08279881135943302, 0.0, 0.01812760691895582)",1
3107,9,8,11,"(0.09033430006888621, 0.12375104023957435, 0.0, 0.0, 0.0, 0.04688669779969397, 0.0, 0.08279881135943302, 0.0, 0.01812760691895582)",1
3108,9,8,13,"(0.0, 0.0, 0.11679612853536596, 0.06920069129515957, 0.09172770611919409, 0.07489992963210028, 0.0, 0.0, 0.1130539006645594, 0.0)",1
3109,9,8,13,"(0.0, 0.0, 0.11679612853536596, 0.04212739895081697, 0.09172770611919409, 0.07489992963210028, 0.0, 0.0, 0.10502213618943491, 0.0)",2
3110,9,8,13,"(0.0, 0.0, 0.11679612853536596, 0.042076199496767455, 0.09172770611919409, 0.07489992963210028, 0.0, 0.0, 0.14899621190854193, 0.0)",1
3111,9,8,13,"(0.0, 0.0, 0.11679612853536596, 0.06920069129515957, 0.10521922948460964, 0.07489992963210028, 0.0, 0.0, 0.14899621190854193, 0.0)",2
3112,9,8,13,"(0.0, 0.0, 0.11679612853536596, 0.06920069129515957, 0.09172770611919409, 0.07489992963210028, 0.0, 0.0, 0.14899621190854193, 0.0)",159
3113,9,8,13,"(0.0, 0.0, 0.11679612853536596, 0.06920069129515957, 0.10837382647232312, 0.03089303147408159, 0.0, 0.0, 0.14899621190854193, 0.0)",1
3114,9,9,8,"(0.0763428682152214, 0.0, 0.09886232529533268, 0.08871094951659064, 0.09173902283359818, 0.0, 0.028624918864351683, 0.0, 0.0, 0.0)",22
3115,9,9,8,"(0.10997069811868584, 0.0, 0.09886232529533268, 0.09247639241939104, 0.09173902283359818, 0.0, 0.028624918864351683, 0.0, 0.0, 0.0)",1
3116,9,9,8,"(0.09251278669896895, 0.0, 0.09886232529533268, 0.09247639241939104, 0.09173902283359818, 0.0, 0.028624918864351683, 0.0, 0.0, 0.0)",1
3117,9,9,8,"(0.09369258606422372, 0.0, 0.09886232529533268, 0.09247639241939104, 0.09173902283359818, 0.0, 0.04582473264558894, 0.0, 0.0, 0.0)",1
3118,9,9,8,"(0.09369258606422372, 0.0, 0.09886232529533268, 0.09247639241939104, 0.09173902283359818, 0.0, 0.028624918864351683, 0.0, 0.0, 0.0)",320
3119,9,9,11,"(0.09033430006888621, 0.17070913984025435, 0.0, 0.0, 0.0, 0.04688669779969397, 0.0, 0.08279881135943302, 0.0, 0.01812760691895582)",2
3120,9,9,11,"(0.1297623342878641, 0.14970886995698662, 0.0, 0.0, 0.0, 0.04688669779969397, 0.0, 0.08279881135943302, 0.0, 0.01812760691895582)",8
3121,9,9,11,"(0.09033430006888621, 0.18370530079402003, 0.0, 0.0, 0.0, 0.04688669779969397, 0.0, 0.08279881135943302, 0.0, 0.01812760691895582)",231
3122,9,9,11,"(0.09033430006888621, 0.14970886995698662, 0.0, 0.0, 0.0, 0.0729050264533222, 0.0, 0.08279881135943302, 0.0, 0.01812760691895582)",1
3123,9,9,11,"(0.09033430006888621, 0.07692560386846804, 0.0, 0.0, 0.0, 0.04688669779969397, 0.0, 0.08279881135943302, 0.0, 0.01812760691895582)",1
3124,9,9,11,"(0.09033430006888621, 0.18370530079402003, 0.0, 0.0, 0.0, 0.04688669779969397, 0.0, 0.06747011146554585, 0.0, 0.01812760691895582)",8
3125,9,9,11,"(0.09033430006888621, 0.23532159317569842, 0.0, 0.0, 0.0, 0.04688669779969397, 0.0, 0.08279881135943302, 0.0, 0.01812760691895582)",1
3126,9,9,11,"(0.09033430006888621, 0.14970886995698662, 0.0, 0.0, 0.0, 0.04688669779969397, 0.0, 0.08279881135943302, 0.0, 0.01812760691895582)",224
3127,9,9,13,"(0.0, 0.0, 0.11679612853536596, 0.09226577124596926, 0.09172770611919409, 0.07489992963210028, 0.0, 0.0, 0.14899621190854193, 0.0)",14
3128,9,9,13,"(0.0, 0.0, 0.11679612853536596, 0.06920069129515957, 0.09172770611919409, 0.07489992963210028, 0.0, 0.0, 0.14649814477204512, 0.0)",1
3129,9,9,13,"(0.0, 0.0, 0.11679612853536596, 0.06920069129515957, 0.09172770611919409, 0.07489992963210028, 0.0, 0.0, 0.12591599531799533, 0.0)",57
3130,9,9,13,"(0.0, 0.0, 0.11679612853536596, 0.06920069129515957, 0.09172770611919409, 0.07489992963210028, 0.0, 0.0, 0.14899621190854193, 0.0)",97
3131,9,9,13,"(0.0, 0.0, 0.11679612853536596, 0.06920069129515957, 0.1968363400394503, 0.07489992963210028, 0.0, 0.0, 0.14899621190854193, 0.0)",2
3132,9,9,13,"(0.0, 0.0, 0.11679612853536596, 0.0428022423413328, 0.09172770611919409, 0.07489992963210028, 0.0, 0.0, 0.14899621190854193, 0.0)",4
3133,9,10,8,"(0.09369258606422372, 0.0, 0.09886232529533268, 0.09247639241939104, 0.09173902283359818, 0.0, 0.028624918864351683, 0.0, 0.0, 0.0)",346
3134,9,10,8,"(0.09369258606422372, 0.0, 0.040531562965967036, 0.09247639241939104, 0.09173902283359818, 0.0, 0.028624918864351683, 0.0, 0.0, 0.0)",5
3135,9,10,8,"(0.0763428682152214, 0.0, 0.09886232529533268, 0.08871094951659064, 0.09173902283359818, 0.0, 0.028624918864351683, 0.0, 0.0, 0.0)",18
3136,9,10,8,"(0.09369258606422372, 0.0, 0.09886232529533268, 0.09425615728138038, 0.06141638551050888, 0.0, 0.028624918864351683, 0.0, 0.0, 0.0)",1
3137,9,10,8,"(0.09369258606422372, 0.0, 0.11100592462634769, 0.09247639241939104, 0.09173902283359818, 0.0, 0.028624918864351683, 0.0, 0.0, 0.0)",1
3138,9,10,8,"(0.09369258606422372, 0.0, 0.09886232529533268, 0.06547914889146889, 0.09173902283359818, 0.0, 0.028624918864351683, 0.0, 0.0, 0.0)",1
3139,9,10,8,"(0.19364969826276393, 0.0, 0.09886232529533268, 0.09247639241939104, 0.09173902283359818, 0.0, 0.028624918864351683, 0.0, 0.0, 0.0)",2
3140,9,10,8,"(0.09369258606422372, 0.0, 0.09886232529533268, 0.09247639241939104, 0.14256972269755505, 0.0, 0.028624918864351683, 0.0, 0.0, 0.0)",12
3141,9,10,11,"(0.09033430006888621, 0.18370530079402003, 0.0, 0.0, 0.0, 0.04173689600148842, 0.0, 0.08279881135943302, 0.0, 0.01812760691895582)",1
3142,9,10,11,"(0.10453772731527497, 0.208463534944532, 0.0, 0.0, 0.0, 0.05740093885467597, 0.0, 0.08279881135943302, 0.0, 0.01812760691895582)",4
3143,9,10,11,"(0.09033430006888621, 0.17074639215455575, 0.0, 0.0, 0.0, 0.04688669779969397, 0.0, 0.08279881135943302, 0.0, 0.01812760691895582)",2
3144,9,10,11,"(0.12943833789652595, 0.14970886995698662, 0.0, 0.0, 0.0, 0.04688669779969397, 0.0, 0.08279881135943302, 0.0, 0.01812760691895582)",1
3145,9,10,11,"(0.09033430006888621, 0.14970886995698662, 0.0, 0.0, 0.0, 0.04688669779969397, 0.0, 0.08279881135943302, 0.0, 0.019043395151064475)",1
3146,9,10,11,"(0.09033430006888621, 0.18370530079402003, 0.0, 0.0, 0.0, 0.04688669779969397, 0.0, 0.08279881135943302, 0.0, 0.01812760691895582)",116
3147,9,10,11,"(0.09033430006888621, 0.14970886995698662, 0.0, 0.0, 0.0, 0.04688669779969397, 0.0, 0.08279881135943302, 0.0, 0.021042252503220466)",2
3148,9,10,11,"(0.09033430006888621, 0.14970886995698662, 0.0, 0.0, 0.0, 0.04688669779969397, 0.0, 0.08279881135943302, 0.0, 0.01812760691895582)",271
3149,9,10,11,"(0.07682256584911241, 0.18370530079402003, 0.0, 0.0, 0.0, 0.04688669779969397, 0.0, 0.08279881135943302, 0.0, 0.01812760691895582)",4
3150,9,10,11,"(0.09033430006888621, 0.18252385215519887, 0.0, 0.0, 0.0, 0.04688669779969397, 0.0, 0.0644591834681128, 0.0, 0.02119255309553891)",6
3151,9,10,13,"(0.0, 0.0, 0.11679612853536596, 0.06920069129515957, 0.09172770611919409, 0.07489992963210028, 0.0, 0.0, 0.14899621190854193, 0.0)",121
3152,9,10,13,"(0.0, 0.0, 0.07691770139942965, 0.06920069129515957, 0.06634318295056278, 0.07489992963210028, 0.0, 0.0, 0.14899621190854193, 0.0)",32
3153,9,11,8,"(0.0763428682152214, 0.0, 0.09886232529533268, 0.08871094951659064, 0.09173902283359818, 0.0, 0.032058636410136135, 0.0, 0.0, 0.0)",1
3154,9,11,8,"(0.0893971470848528, 0.0, 0.09886232529533268, 0.08871094951659064, 0.04071242054311614, 0.0, 0.028624918864351683, 0.0, 0.0, 0.0)",7
3155,9,11,8,"(0.07587367564167051, 0.0, 0.09886232529533268, 0.09247639241939104, 0.09173902283359818, 0.0, 0.028624918864351683, 0.0, 0.0, 0.0)",1
3156,9,11,8,"(0.0763428682152214, 0.0, 0.09886232529533268, 0.08871094951659064, 0.09173902283359818, 0.0, 0.028624918864351683, 0.0, 0.0, 0.0)",50
3157,9,11,8,"(0.09369258606422372, 0.0, 0.09886232529533268, 0.05971780045137077, 0.09173902283359818, 0.0, 0.028624918864351683, 0.0, 0.0, 0.0)",3
3158,9,11,8,"(0.1211714317328767, 0.0, 0.09886232529533268, 0.09247639241939104, 0.09173902283359818, 0.0, 0.028624918864351683, 0.0, 0.0, 0.0)",1
3159,9,11,8,"(0.09369258606422372, 0.0, 0.09886232529533268, 0.09247639241939104, 0.09173902283359818, 0.0, 0.028624918864351683, 0.0, 0.0, 0.0)",241
3160,9,11,8,"(0.09369258606422372, 0.0, 0.09886232529533268, 0.04864375699112995, 0.09173902283359818, 0.0, 0.028624918864351683, 0.0, 0.0, 0.0)",1
3161,9,11,8,"(0.0763428682152214, 0.0, 0.09886232529533268, 0.08871094951659064, 0.10825590671390832, 0.0, 0.028624918864351683, 0.0, 0.0, 0.0)",1
3162,9,11,8,"(0.07495039928584875, 0.0, 0.1213415674291486, 0.08871094951659064, 0.09173902283359818, 0.0, 0.028624918864351683, 0.0, 0.0, 0.0)",5
3163,9,11,11,"(0.09033430006888621, 0.14970886995698662, 0.0, 0.0, 0.0, 0.04688669779969397, 0.0, 0.09150642111293734, 0.0, 0.01812760691895582)",1
3164,9,11,11,"(0.09033430006888621, 0.14970886995698662, 0.0, 0.0, 0.0, 0.04688669779969397, 0.0, 0.08279881135943302, 0.0, 0.01812760691895582)",461
3165,9,11,11,"(0.12388257576576603, 0.18370530079402003, 0.0, 0.0, 0.0, 0.04688669779969397, 0.0, 0.08279881135943302, 0.0, 0.01812760691895582)",1
3166,9,11,11,"(0.09033430006888621, 0.14970886995698662, 0.0, 0.0, 0.0, 0.04688669779969397, 0.0, 0.09471053588235294, 0.0, 0.01812760691895582)",1
3167,9,11,11,"(0.09033430006888621, 0.14970886995698662, 0.0, 0.0, 0.0, 0.05359114388823261, 0.0, 0.08279881135943302, 0.0, 0.01812760691895582)",4
3168,9,11,11,"(0.09033430006888621, 0.12297154954088024, 0.0, 0.0, 0.0, 0.04688669779969397, 0.0, 0.08279881135943302, 0.0, 0.017151939849128942)",1
3169,9,11,11,"(0.09033430006888621, 0.08043810233806853, 0.0, 0.0, 0.0, 0.04688669779969397, 0.0, 0.08279881135943302, 0.0, 0.037275675841281906)",4
3170,9,11,11,"(0.09033430006888621, 0.19190429869518777, 0.0, 0.0, 0.0, 0.04688669779969397, 0.0, 0.08279881135943302, 0.0, 0.01812760691895582)",1
3171,9,11,11,"(0.09033430006888621, 0.18370530079402003, 0.0, 0.0, 0.0, 0.04688669779969397, 0.0, 0.08279881135943302, 0.0, 0.01812760691895582)",115
3172,9,11,13,"(0.0, 0.0, 0.11679612853536596, 0.06920069129515957, 0.09172770611919409, 0.07489992963210028, 0.0, 0.0, 0.14899621190854193, 0.0)",86
3173,9,11,13,"(0.0, 0.0, 0.11679612853536596, 0.06920069129515957, 0.09172770611919409, 0.07489992963210028, 0.0, 0.0, 0.11004081811221712, 0.0)",7
3174,9,11,13,"(0.0, 0.0, 0.11679612853536596, 0.09226577124596926, 0.09172770611919409, 0.07489992963210028, 0.0, 0.0, 0.14899621190854193, 0.0)",29
3175,9,11,13,"(0.0, 0.0, 0.11679612853536596, 0.06920069129515957, 0.09172770611919409, 0.07489992963210028, 0.0, 0.0, 0.12591599531799533, 0.0)",32
3176,9,11,13,"(0.0, 0.0, 0.1272723484411587, 0.1126918491725153, 0.0714610377611012, 0.07489992963210028, 0.0, 0.0, 0.12591599531799533, 0.0)",1
3177,9,11,13,"(0.0, 0.0, 0.11679612853536596, 0.06920069129515957, 0.09172770611919409, 0.07489992963210028, 0.0, 0.0, 0.1427538840874927, 0.0)",2
3178,9,12,8,"(0.05100111183895687, 0.0, 0.09886232529533268, 0.10986339951301043, 0.07372682276627089, 0.0, 0.028624918864351683, 0.0, 0.0, 0.0)",133
3179,9,12,8,"(0.09369258606422372, 0.0, 0.09449967754962485, 0.09247639241939104, 0.04698110651373049, 0.0, 0.028624918864351683, 0.0, 0.0, 0.0)",3
3180,9,12,8,"(0.05100111183895687, 0.0, 0.09886232529533268, 0.10986339951301043, 0.07372682276627089, 0.0, 0.041306084761499884, 0.0, 0.0, 0.0)",2
3181,9,12,8,"(0.09369258606422372, 0.0, 0.09886232529533268, 0.10323904165774796, 0.09173902283359818, 0.0, 0.028624918864351683, 0.0, 0.0, 0.0)",1
3182,9,12,8,"(0.09369258606422372, 0.0, 0.09886232529533268, 0.09247639241939104, 0.09173902283359818, 0.0, 0.04357037093627773, 0.0, 0.0, 0.0)",31
3183,9,12,8,"(0.09369258606422372, 0.0, 0.09886232529533268, 0.09247639241939104, 0.09173902283359818, 0.0, 0.028624918864351683, 0.0, 0.0, 0.0)",176
3184,9,12,8,"(0.09369258606422372, 0.0, 0.09886232529533268, 0.1236517756313666, 0.11059625128665004, 0.0, 0.028624918864351683, 0.0, 0.0, 0.0)",1
3185,9,12,8,"(0.09369258606422372, 0.0, 0.09886232529533268, 0.09704843606062839, 0.09173902283359818, 0.0, 0.028624918864351683, 0.0, 0.0, 0.0)",1
3186,9,12,8,"(0.05100111183895687, 0.0, 0.09886232529533268, 0.10986339951301043, 0.0860239279995841, 0.0, 0.028624918864351683, 0.0, 0.0, 0.0)",1
3187,9,12,11,"(0.07581570697095442, 0.14970886995698662, 0.0, 0.0, 0.0, 0.04688669779969397, 0.0, 0.08279881135943302, 0.0, 0.01812760691895582)",18
3188,9,12,11,"(0.09033430006888621, 0.10877572711845016, 0.0, 0.0, 0.0, 0.04688669779969397, 0.0, 0.08279881135943302, 0.0, 0.01812760691895582)",50
3189,9,12,11,"(0.14908337279507883, 0.14970886995698662, 0.0, 0.0, 0.0, 0.04688669779969397, 0.0, 0.08279881135943302, 0.0, 0.01812760691895582)",1
3190,9,12,11,"(0.06283295704866233, 0.10877572711845016, 0.0, 0.0, 0.0, 0.04688669779969397, 0.0, 0.08678884531712198, 0.0, 0.01812760691895582)",1
3191,9,12,11,"(0.09033430006888621, 0.14970886995698662, 0.0, 0.0, 0.0, 0.07860565688612453, 0.0, 0.056931249653212807, 0.0, 0.026937766307991398)",1
3192,9,12,11,"(0.09033430006888621, 0.14970886995698662, 0.0, 0.0, 0.0, 0.04688669779969397, 0.0, 0.08279881135943302, 0.0, 0.012022354360513984)",1
3193,9,12,11,"(0.09033430006888621, 0.14970886995698662, 0.0, 0.0, 0.0, 0.04688669779969397, 0.0, 0.08279881135943302, 0.0, 0.019713120839139953)",4
3194,9,12,11,"(0.09033430006888621, 0.14970886995698662, 0.0, 0.0, 0.0, 0.04688669779969397, 0.0, 0.08279881135943302, 0.0, 0.016711504859185707)",3
3195,9,12,11,"(0.08375066781264398, 0.14970886995698662, 0.0, 0.0, 0.0, 0.04688669779969397, 0.0, 0.05994963033645068, 0.0, 0.01968799630933507)",1
3196,9,12,11,"(0.09033430006888621, 0.14970886995698662, 0.0, 0.0, 0.0, 0.04688669779969397, 0.0, 0.061561709818102384, 0.0, 0.01812760691895582)",1
3197,9,12,11,"(0.09033430006888621, 0.14970886995698662, 0.0, 0.0, 0.0, 0.04688669779969397, 0.0, 0.08279881135943302, 0.0, 0.01812760691895582)",345
3198,9,12,11,"(0.09033430006888621, 0.31361435813273564, 0.0, 0.0, 0.0, 0.04688669779969397, 0.0, 0.08279881135943302, 0.0, 0.01812760691895582)",1
3199,9,12,11,"(0.09033430006888621, 0.14970886995698662, 0.0, 0.0, 0.0, 0.04688669779969397, 0.0, 0.15369460780222338, 0.0, 0.008988676627932988)",2
3200,9,12,11,"(0.07344997394682784, 0.14970886995698662, 0.0, 0.0, 0.0, 0.04688669779969397, 0.0, 0.08279881135943302, 0.0, 0.01812760691895582)",1
3201,9,12,11,"(0.09033430006888621, 0.14970886995698662, 0.0, 0.0, 0.0, 0.04688669779969397, 0.0, 0.07101592024958352, 0.0, 0.01812760691895582)",2
3202,9,12,13,"(0.0, 0.0, 0.11679612853536596, 0.06920069129515957, 0.09172770611919409, 0.07489992963210028, 0.0, 0.0, 0.14899621190854193, 0.0)",118
3203,9,12,13,"(0.0, 0.0, 0.0644441400433501, 0.06920069129515957, 0.09172770611919409, 0.044234660048819145, 0.0, 0.0, 0.14899621190854193, 0.0)",33
3204,9,12,13,"(0.0, 0.0, 0.14523439690134365, 0.06920069129515957, 0.09172770611919409, 0.07489992963210028, 0.0, 0.0, 0.14899621190854193, 0.0)",5
3205,9,13,8,"(0.09369258606422372, 0.0, 0.09886232529533268, 0.09247639241939104, 0.09173902283359818, 0.0, 0.04357037093627773, 0.0, 0.0, 0.0)",178
3206,9,13,8,"(0.09369258606422372, 0.0, 0.09886232529533268, 0.09247639241939104, 0.09173902283359818, 0.0, 0.028624918864351683, 0.0, 0.0, 0.0)",97
3207,9,13,8,"(0.05100111183895687, 0.0, 0.09886232529533268, 0.10986339951301043, 0.07372682276627089, 0.0, 0.028624918864351683, 0.0, 0.0, 0.0)",51
3208,9,13,8,"(0.05100111183895687, 0.0, 0.09886232529533268, 0.12903811135169097, 0.07372682276627089, 0.0, 0.028624918864351683, 0.0, 0.0, 0.0)",76
3209,9,13,8,"(0.09369258606422372, 0.0, 0.09886232529533268, 0.12518813346301944, 0.09173902283359818, 0.0, 0.04357037093627773, 0.0, 0.0, 0.0)",1
3210,9,13,8,"(0.10560096284654742, 0.0, 0.09886232529533268, 0.09247639241939104, 0.09173902283359818, 0.0, 0.028624918864351683, 0.0, 0.0, 0.0)",7
3211,9,13,8,"(0.09369258606422372, 0.0, 0.09886232529533268, 0.09247639241939104, 0.09173902283359818, 0.0, 0.07822945183728346, 0.0, 0.0, 0.0)",3
3212,9,13,8,"(0.09369258606422372, 0.0, 0.09886232529533268, 0.08096228791263867, 0.09173902283359818, 0.0, 0.04357037093627773, 0.0, 0.0, 0.0)",2
3213,9,13,8,"(0.050032087937786046, 0.0, 0.09886232529533268, 0.12903811135169097, 0.07372682276627089, 0.0, 0.028624918864351683, 0.0, 0.0, 0.0)",1
3214,9,13,11,"(0.09033430006888621, 0.14970886995698662, 0.0, 0.0, 0.0, 0.08069321937072252, 0.0, 0.09029221337411984, 0.0, 0.01812760691895582)",19
3215,9,13,11,"(0.09033430006888621, 0.10877572711845016, 0.0, 0.0, 0.0, 0.04688669779969397, 0.0, 0.08279881135943302, 0.0, 0.01812760691895582)",76
3216,9,13,11,"(0.09033430006888621, 0.07498615232141091, 0.0, 0.0, 0.0, 0.04688669779969397, 0.0, 0.08279881135943302, 0.0, 0.01812760691895582)",6
3217,9,13,11,"(0.09033430006888621, 0.14970886995698662, 0.0, 0.0, 0.0, 0.04688669779969397, 0.0, 0.05468623923620075, 0.0, 0.01812760691895582)",3
3218,9,13,11,"(0.09033430006888621, 0.2384166314500085, 0.0, 0.0, 0.0, 0.04688669779969397, 0.0, 0.08490867192693327, 0.0, 0.01812760691895582)",1
3219,9,13,11,"(0.09033430006888621, 0.14970886995698662, 0.0, 0.0, 0.0, 0.04688669779969397, 0.0, 0.08279881135943302, 0.0, 0.01812760691895582)",298
3220,9,13,13,"(0.0, 0.0, 0.11679612853536596, 0.06920069129515957, 0.09172770611919409, 0.06253347453980063, 0.0, 0.0, 0.12534598521062182, 0.0)",12
3221,9,13,13,"(0.0, 0.0, 0.16892776330404913, 0.0889978620594835, 0.09172770611919409, 0.07489992963210028, 0.0, 0.0, 0.14899621190854193, 0.0)",3
3222,9,13,13,"(0.0, 0.0, 0.11679612853536596, 0.06920069129515957, 0.09172770611919409, 0.07489992963210028, 0.0, 0.0, 0.14899621190854193, 0.0)",146
3223,9,13,13,"(0.0, 0.0, 0.11679612853536596, 0.06920069129515957, 0.1291735042854952, 0.07489992963210028, 0.0, 0.0, 0.14899621190854193, 0.0)",7
3224,9,13,13,"(0.0, 0.0, 0.11679612853536596, 0.09900195319890798, 0.09172770611919409, 0.07489992963210028, 0.0, 0.0, 0.14899621190854193, 0.0)",1
3225,9,14,8,"(0.09369258606422372, 0.0, 0.09886232529533268, 0.09247639241939104, 0.09173902283359818, 0.0, 0.028624918864351683, 0.0, 0.0, 0.0)",201
3226,9,14,8,"(0.09369258606422372, 0.0, 0.09886232529533268, 0.09247639241939104, 0.09173902283359818, 0.0, 0.04357037093627773, 0.0, 0.0, 0.0)",30
3227,9,14,8,"(0.05100111183895687, 0.0, 0.09886232529533268, 0.06882108755624798, 0.07487601727451543, 0.0, 0.028624918864351683, 0.0, 0.0, 0.0)",1
3228,9,14,8,"(0.05100111183895687, 0.0, 0.09886232529533268, 0.12903811135169097, 0.07372682276627089, 0.0, 0.028624918864351683, 0.0, 0.0, 0.0)",32
3229,9,14,8,"(0.05100111183895687, 0.0, 0.09886232529533268, 0.10986339951301043, 0.07372682276627089, 0.0, 0.028624918864351683, 0.0, 0.0, 0.0)",103
3230,9,14,8,"(0.035416411785770804, 0.0, 0.09886232529533268, 0.12903811135169097, 0.07372682276627089, 0.0, 0.028624918864351683, 0.0, 0.0, 0.0)",1
3231,9,14,11,"(0.09033430006888621, 0.14970886995698662, 0.0, 0.0, 0.0, 0.04688669779969397, 0.0, 0.058260348091468704, 0.0, 0.01812760691895582)",7
3232,9,14,11,"(0.03524153704248294, 0.14970886995698662, 0.0, 0.0, 0.0, 0.04688669779969397, 0.0, 0.08279881135943302, 0.0, 0.02842603365499697)",2
3233,9,14,11,"(0.12543257303218652, 0.14970886995698662, 0.0, 0.0, 0.0, 0.04688669779969397, 0.0, 0.08279881135943302, 0.0, 0.01812760691895582)",5
3234,9,14,11,"(0.09033430006888621, 0.28215045737710975, 0.0, 0.0, 0.0, 0.02989576856449804, 0.0, 0.08279881135943302, 0.0, 0.01812760691895582)",2
3235,9,14,11,"(0.09033430006888621, 0.14970886995698662, 0.0, 0.0, 0.0, 0.04688669779969397, 0.0, 0.08279881135943302, 0.0, 0.01812760691895582)",333
3236,9,14,11,"(0.07581570697095442, 0.14970886995698662, 0.0, 0.0, 0.0, 0.04688669779969397, 0.0, 0.08279881135943302, 0.0, 0.019836453561198557)",3
3237,9,14,11,"(0.09033430006888621, 0.14970886995698662, 0.0, 0.0, 0.0, 0.04688669779969397, 0.0, 0.08279881135943302, 0.0, 0.0253404810954946)",1
3238,9,14,11,"(0.07581570697095442, 0.14970886995698662, 0.0, 0.0, 0.0, 0.04688669779969397, 0.0, 0.08279881135943302, 0.0, 0.01812760691895582)",76
3239,9,14,13,"(0.0, 0.0, 0.09410974480789594, 0.06920069129515957, 0.09172770611919409, 0.07489992963210028, 0.0, 0.0, 0.14899621190854193, 0.0)",3
3240,9,14,13,"(0.0, 0.0, 0.11679612853536596, 0.11929387232797777, 0.09172770611919409, 0.10465636656959204, 0.0, 0.0, 0.13986864886326428, 0.0)",1
3241,9,14,13,"(0.0, 0.0, 0.11679612853536596, 0.06920069129515957, 0.09172770611919409, 0.07489992963210028, 0.0, 0.0, 0.14899621190854193, 0.0)",149
3242,9,14,13,"(0.0, 0.0, 0.11679612853536596, 0.06920069129515957, 0.09172770611919409, 0.07489992963210028, 0.0, 0.0, 0.15068108790734064, 0.0)",2
3243,9,15,8,"(0.09369258606422372, 0.0, 0.09886232529533268, 0.09247639241939104, 0.07616478833080699, 0.0, 0.05725757580257724, 0.0, 0.0, 0.0)",1
3244,9,15,8,"(0.09369258606422372, 0.0, 0.09886232529533268, 0.09247639241939104, 0.09173902283359818, 0.0, 0.04357037093627773, 0.0, 0.0, 0.0)",200
3245,9,15,8,"(0.09369258606422372, 0.0, 0.09886232529533268, 0.09247639241939104, 0.09173902283359818, 0.0, 0.02441692624834714, 0.0, 0.0, 0.0)",2
3246,9,15,8,"(0.09369258606422372, 0.0, 0.09886232529533268, 0.09247639241939104, 0.09173902283359818, 0.0, 0.028624918864351683, 0.0, 0.0, 0.0)",173
3247,9,15,11,"(0.07802531811696921, 0.14970886995698662, 0.0, 0.0, 0.0, 0.04688669779969397, 0.0, 0.08279881135943302, 0.0, 0.01812760691895582)",8
3248,9,15,11,"(0.09033430006888621, 0.19421550871323318, 0.0, 0.0, 0.0, 0.04688669779969397, 0.0, 0.08279881135943302, 0.0, 0.01812760691895582)",2
3249,9,15,11,"(0.09033430006888621, 0.14970886995698662, 0.0, 0.0, 0.0, 0.04688669779969397, 0.0, 0.08279881135943302, 0.0, 0.01812760691895582)",335
3250,9,15,11,"(0.09033430006888621, 0.21620872666431148, 0.0, 0.0, 0.0, 0.04688669779969397, 0.0, 0.08279881135943302, 0.0, 0.01812760691895582)",1
3251,9,15,11,"(0.09033430006888621, 0.07418372473446941, 0.0, 0.0, 0.0, 0.04688669779969397, 0.0, 0.08279881135943302, 0.0, 0.01812760691895582)",14
3252,9,15,11,"(0.09033430006888621, 0.14970886995698662, 0.0, 0.0, 0.0, 0.06754547323096646, 0.0, 0.08279881135943302, 0.0, 0.01812760691895582)",1
3253,9,15,11,"(0.09033430006888621, 0.09062285616172112, 0.0, 0.0, 0.0, 0.04688669779969397, 0.0, 0.08279881135943302, 0.0, 0.01812760691895582)",1
3254,9,15,11,"(0.09033430006888621, 0.14970886995698662, 0.0, 0.0, 0.0, 0.04688669779969397, 0.0, 0.08279881135943302, 0.0, 0.018503856997741024)",1
3255,9,15,11,"(0.07268233657175102, 0.14970886995698662, 0.0, 0.0, 0.0, 0.04688669779969397, 0.0, 0.08279881135943302, 0.0, 0.01812760691895582)",8
3256,9,15,11,"(0.09033430006888621, 0.14970886995698662, 0.0, 0.0, 0.0, 0.028422508798374192, 0.0, 0.0780135352726868, 0.0, 0.01812760691895582)",1
3257,9,15,13,"(0.0, 0.0, 0.11679612853536596, 0.06920069129515957, 0.04152980482116174, 0.07489992963210028, 0.0, 0.0, 0.14899621190854193, 0.0)",4
3258,9,15,13,"(0.0, 0.0, 0.11679612853536596, 0.06920069129515957, 0.09172770611919409, 0.07489992963210028, 0.0, 0.0, 0.14899621190854193, 0.0)",168
3259,9,15,13,"(0.0, 0.0, 0.11679612853536596, 0.06920069129515957, 0.09172770611919409, 0.07489992963210028, 0.0, 0.0, 0.15791648682546122, 0.0)",1
3260,9,16,8,"(0.05100111183895687, 0.0, 0.09886232529533268, 0.10986339951301043, 0.07372682276627089, 0.0, 0.028624918864351683, 0.0, 0.0, 0.0)",5
3261,9,16,8,"(0.09369258606422372, 0.0, 0.09886232529533268, 0.09247639241939104, 0.09173902283359818, 0.0, 0.04357037093627773, 0.0, 0.0, 0.0)",226
3262,9,16,8,"(0.17527847561644683, 0.0, 0.09886232529533268, 0.09247639241939104, 0.09173902283359818, 0.0, 0.04357037093627773, 0.0, 0.0, 0.0)",1
3263,9,16,8,"(0.09369258606422372, 0.0, 0.09886232529533268, 0.09247639241939104, 0.09173902283359818, 0.0, 0.028624918864351683, 0.0, 0.0, 0.0)",169
3264,9,16,11,"(0.09033430006888621, 0.14970886995698662, 0.0, 0.0, 0.0, 0.13610173007025383, 0.0, 0.08279881135943302, 0.0, 0.01812760691895582)",1
3265,9,16,11,"(0.09033430006888621, 0.14970886995698662, 0.0, 0.0, 0.0, 0.04688669779969397, 0.0, 0.08279881135943302, 0.0, 0.01812760691895582)",405
3266,9,16,11,"(0.09033430006888621, 0.12503229450295925, 0.0, 0.0, 0.0, 0.032015642800650675, 0.0, 0.08279881135943302, 0.0, 0.011191356369831812)",2
3267,9,16,11,"(0.09033430006888621, 0.14970886995698662, 0.0, 0.0, 0.0, 0.04688669779969397, 0.0, 0.08279881135943302, 0.0, 0.014233974319909085)",1
3268,9,16,13,"(0.0, 0.0, 0.11679612853536596, 0.06920069129515957, 0.09172770611919409, 0.06840743995941703, 0.0, 0.0, 0.14899621190854193, 0.0)",3
3269,9,16,13,"(0.0, 0.0, 0.11679612853536596, 0.06920069129515957, 0.09172770611919409, 0.07489992963210028, 0.0, 0.0, 0.14899621190854193, 0.0)",150
3270,9,17,8,"(0.09369258606422372, 0.0, 0.09886232529533268, 0.09247639241939104, 0.07381299206601277, 0.0, 0.028624918864351683, 0.0, 0.0, 0.0)",1
3271,9,17,8,"(0.09369258606422372, 0.0, 0.09886232529533268, 0.09247639241939104, 0.09173902283359818, 0.0, 0.04357037093627773, 0.0, 0.0, 0.0)",31
3272,9,17,8,"(0.10492225221000542, 0.0, 0.09886232529533268, 0.058637336912714805, 0.0546582752213647, 0.0, 0.04357037093627773, 0.0, 0.0, 0.0)",2
3273,9,17,8,"(0.09369258606422372, 0.0, 0.09886232529533268, 0.09247639241939104, 0.0546582752213647, 0.0, 0.04357037093627773, 0.0, 0.0, 0.0)",58
3274,9,17,8,"(0.09369258606422372, 0.0, 0.1329786433531374, 0.09247639241939104, 0.09173902283359818, 0.0, 0.028624918864351683, 0.0, 0.0, 0.0)",4
3275,9,17,8,"(0.09369258606422372, 0.0, 0.09886232529533268, 0.09247639241939104, 0.09173902283359818, 0.0, 0.028624918864351683, 0.0, 0.0, 0.0)",173
3276,9,17,8,"(0.09369258606422372, 0.0, 0.09886232529533268, 0.09247639241939104, 0.09173902283359818, 0.0, 0.04321804981382284, 0.0, 0.0, 0.0)",16
3277,9,17,8,"(0.05100111183895687, 0.0, 0.09886232529533268, 0.10986339951301043, 0.07372682276627089, 0.0, 0.028624918864351683, 0.0, 0.0, 0.0)",5
3278,9,17,8,"(0.09369258606422372, 0.0, 0.09886232529533268, 0.09247639241939104, 0.08900217667331674, 0.0, 0.028624918864351683, 0.0, 0.0, 0.0)",1
3279,9,17,11,"(0.09033430006888621, 0.08172697735822, 0.0, 0.0, 0.0, 0.04688669779969397, 0.0, 0.08279881135943302, 0.0, 0.01812760691895582)",4
3280,9,17,11,"(0.09033430006888621, 0.14970886995698662, 0.0, 0.0, 0.0, 0.04688669779969397, 0.0, 0.08279881135943302, 0.0, 0.01812760691895582)",463
3281,9,17,11,"(0.09033430006888621, 0.14970886995698662, 0.0, 0.0, 0.0, 0.053222663974586, 0.0, 0.08279881135943302, 0.0, 0.01812760691895582)",2
3282,9,17,11,"(0.09033430006888621, 0.15805815877754836, 0.0, 0.0, 0.0, 0.04688669779969397, 0.0, 0.08279881135943302, 0.0, 0.01812760691895582)",21
3283,9,17,13,"(0.0, 0.0, 0.11679612853536596, 0.06920069129515957, 0.09172770611919409, 0.07489992963210028, 0.0, 0.0, 0.14899621190854193, 0.0)",171
3284,9,17,13,"(0.0, 0.0, 0.11679612853536596, 0.030047313387774194, 0.09172770611919409, 0.07489992963210028, 0.0, 0.0, 0.14899621190854193, 0.0)",1
3285,9,17,13,"(0.0, 0.0, 0.11679612853536596, 0.06920069129515957, 0.09172770611919409, 0.10818474292373974, 0.0, 0.0, 0.14899621190854193, 0.0)",2
3286,9,17,13,"(0.0, 0.0, 0.11679612853536596, 0.06920069129515957, 0.09172770611919409, 0.07489992963210028, 0.0, 0.0, 0.31008796163074137, 0.0)",1
3287,9,17,13,"(0.0, 0.0, 0.11679612853536596, 0.06920069129515957, 0.09172770611919409, 0.07489992963210028, 0.0, 0.0, 0.0779865561729294, 0.0)",2
3288,9,17,13,"(0.0, 0.0, 0.11679612853536596, 0.06920069129515957, 0.09958401511473039, 0.07489992963210028, 0.0, 0.0, 0.14899621190854193, 0.0)",1
3289,9,18,8,"(0.09369258606422372, 0.0, 0.09886232529533268, 0.09247639241939104, 0.09173902283359818, 0.0, 0.028961366978660516, 0.0, 0.0, 0.0)",1
3290,9,18,8,"(0.09369258606422372, 0.0, 0.06794144308832996, 0.09247639241939104, 0.09173902283359818, 0.0, 0.04357037093627773, 0.0, 0.0, 0.0)",1
3291,9,18,8,"(0.09369258606422372, 0.0, 0.09886232529533268, 0.09247639241939104, 0.09173902283359818, 0.0, 0.04357037093627773, 0.0, 0.0, 0.0)",336
3292,9,18,8,"(0.09369258606422372, 0.0, 0.10640719533541168, 0.09247639241939104, 0.06611365866543681, 0.0, 0.04357037093627773, 0.0, 0.0, 0.0)",1
3293,9,18,8,"(0.09369258606422372, 0.0, 0.09886232529533268, 0.09247639241939104, 0.09173902283359818, 0.0, 0.09018623149970814, 0.0, 0.0, 0.0)",1
3294,9,18,8,"(0.09206382653623216, 0.0, 0.09886232529533268, 0.09247639241939104, 0.09173902283359818, 0.0, 0.04357037093627773, 0.0, 0.0, 0.0)",10
3295,9,18,11,"(0.0466703689188359, 0.14970886995698662, 0.0, 0.0, 0.0, 0.04688669779969397, 0.0, 0.08279881135943302, 0.0, 0.01812760691895582)",33
3296,9,18,11,"(0.12683651936518048, 0.14970886995698662, 0.0, 0.0, 0.0, 0.04688669779969397, 0.0, 0.08279881135943302, 0.0, 0.01812760691895582)",1
3297,9,18,11,"(0.09033430006888621, 0.14970886995698662, 0.0, 0.0, 0.0, 0.035585055071663124, 0.0, 0.08986612819100051, 0.0, 0.01812760691895582)",2
3298,9,18,11,"(0.0466703689188359, 0.14970886995698662, 0.0, 0.0, 0.0, 0.04688669779969397, 0.0, 0.0709787860532757, 0.0, 0.01812760691895582)",1
3299,9,18,11,"(0.09033430006888621, 0.14970886995698662, 0.0, 0.0, 0.0, 0.0530961615083716, 0.0, 0.08279881135943302, 0.0, 0.01812760691895582)",10
3300,9,18,11,"(0.06660646048005182, 0.09911489852753604, 0.0, 0.0, 0.0, 0.04688669779969397, 0.0, 0.06859712916106615, 0.0, 0.01812760691895582)",2
3301,9,18,11,"(0.09033430006888621, 0.14970886995698662, 0.0, 0.0, 0.0, 0.04688669779969397, 0.0, 0.08279881135943302, 0.0, 0.01812760691895582)",372
3302,9,18,11,"(0.06660646048005182, 0.09911489852753604, 0.0, 0.0, 0.0, 0.04688669779969397, 0.0, 0.0613572500768459, 0.0, 0.01812760691895582)",8
3303,9,18,11,"(0.0784219646985886, 0.14970886995698662, 0.0, 0.0, 0.0, 0.04688669779969397, 0.0, 0.08279881135943302, 0.0, 0.01812760691895582)",11
3304,9,18,11,"(0.09033430006888621, 0.14970886995698662, 0.0, 0.0, 0.0, 0.03103860400822442, 0.0, 0.08279881135943302, 0.0, 0.03147519451973287)",1
3305,9,18,13,"(0.0, 0.0, 0.1509740938139692, 0.036876615803660424, 0.09172770611919409, 0.07489992963210028, 0.0, 0.0, 0.14899621190854193, 0.0)",1
3306,9,18,13,"(0.0, 0.0, 0.1328397965510608, 0.06920069129515957, 0.09172770611919409, 0.07489992963210028, 0.0, 0.0, 0.14899621190854193, 0.0)",2
3307,9,18,13,"(0.0, 0.0, 0.11679612853536596, 0.06920069129515957, 0.09172770611919409, 0.07489992963210028, 0.0, 0.0, 0.14899621190854193, 0.0)",164
3308,9,18,13,"(0.0, 0.0, 0.11679612853536596, 0.049935385048209685, 0.09172770611919409, 0.05609310838513918, 0.0, 0.0, 0.2996308147621323, 0.0)",2
3309,9,19,8,"(0.09369258606422372, 0.0, 0.18274968798976712, 0.09247639241939104, 0.09173902283359818, 0.0, 0.04357037093627773, 0.0, 0.0, 0.0)",18
3310,9,19,8,"(0.09369258606422372, 0.0, 0.09886232529533268, 0.09247639241939104, 0.09173902283359818, 0.0, 0.04357037093627773, 0.0, 0.0, 0.0)",290
3311,9,19,8,"(0.06234702503082271, 0.0, 0.09886232529533268, 0.09247639241939104, 0.09173902283359818, 0.0, 0.05400399312559055, 0.0, 0.0, 0.0)",1
3312,9,19,8,"(0.09369258606422372, 0.0, 0.09886232529533268, 0.09247639241939104, 0.07735948893133966, 0.0, 0.04357037093627773, 0.0, 0.0, 0.0)",1
3313,9,19,11,"(0.0458190232450188, 0.14970886995698662, 0.0, 0.0, 0.0, 0.04688669779969397, 0.0, 0.08279881135943302, 0.0, 0.01812760691895582)",1
3314,9,19,11,"(0.06660646048005182, 0.09911489852753604, 0.0, 0.0, 0.0, 0.04688669779969397, 0.0, 0.04029410293408538, 0.0, 0.01812760691895582)",1
3315,9,19,11,"(0.06660646048005182, 0.09911489852753604, 0.0, 0.0, 0.0, 0.04688669779969397, 0.0, 0.05287025944608108, 0.0, 0.01812760691895582)",1
3316,9,19,11,"(0.06660646048005182, 0.09911489852753604, 0.0, 0.0, 0.0, 0.04688669779969397, 0.0, 0.0613572500768459, 0.0, 0.013856497453814624)",2
3317,9,19,11,"(0.0466703689188359, 0.14970886995698662, 0.0, 0.0, 0.0, 0.04688669779969397, 0.0, 0.08279881135943302, 0.0, 0.01812760691895582)",51
3318,9,19,11,"(0.06660646048005182, 0.07565421311608952, 0.0, 0.0, 0.0, 0.04688669779969397, 0.0, 0.0613572500768459, 0.0, 0.03227227500248359)",1
3319,9,19,11,"(0.09033430006888621, 0.17514528857896233, 0.0, 0.0, 0.0, 0.07119820632573422, 0.0, 0.08279881135943302, 0.0, 0.01812760691895582)",2
3320,9,19,11,"(0.09033430006888621, 0.14970886995698662, 0.0, 0.0, 0.0, 0.04688669779969397, 0.0, 0.08279881135943302, 0.0, 0.01812760691895582)",196
3321,9,19,11,"(0.0466703689188359, 0.14970886995698662, 0.0, 0.0, 0.0, 0.04688669779969397, 0.0, 0.08279881135943302, 0.0, 0.01200141338325679)",1
3322,9,19,11,"(0.14813899618401624, 0.14970886995698662, 0.0, 0.0, 0.0, 0.04688669779969397, 0.0, 0.08279881135943302, 0.0, 0.01812760691895582)",1
3323,9,19,11,"(0.06660646048005182, 0.09911489852753604, 0.0, 0.0, 0.0, 0.04688669779969397, 0.0, 0.0613572500768459, 0.0, 0.016565787678664335)",4
3324,9,19,11,"(0.06660646048005182, 0.09911489852753604, 0.0, 0.0, 0.0, 0.04688669779969397, 0.0, 0.0613572500768459, 0.0, 0.01812760691895582)",172
3325,9,19,13,"(0.0, 0.0, 0.11679612853536596, 0.06920069129515957, 0.09172770611919409, 0.05096757776557838, 0.0, 0.0, 0.14899621190854193, 0.0)",1
3326,9,19,13,"(0.0, 0.0, 0.11679612853536596, 0.06920069129515957, 0.09172770611919409, 0.07489992963210028, 0.0, 0.0, 0.14899621190854193, 0.0)",155
3327,9,19,13,"(0.0, 0.0, 0.11679612853536596, 0.06920069129515957, 0.09172770611919409, 0.04295713998149439, 0.0, 0.0, 0.14899621190854193, 0.0)",1
3328,9,20,8,"(0.09369258606422372, 0.0, 0.09886232529533268, 0.09247639241939104, 0.09173902283359818, 0.0, 0.04357037093627773, 0.0, 0.0, 0.0)",281
3329,9,20,8,"(0.09369258606422372, 0.0, 0.09886232529533268, 0.09247639241939104, 0.09173902283359818, 0.0, 0.028624918864351683, 0.0, 0.0, 0.0)",20
3330,9,20,11,"(0.09033430006888621, 0.14596750988307042, 0.0, 0.0, 0.0, 0.06993587895815481, 0.0, 0.08279881135943302, 0.0, 0.01812760691895582)",5
3331,9,20,11,"(0.09033430006888621, 0.14970886995698662, 0.0, 0.0, 0.0, 0.04688669779969397, 0.0, 0.08279881135943302, 0.0, 0.01812760691895582)",337
3332,9,20,11,"(0.0466703689188359, 0.14970886995698662, 0.0, 0.0, 0.0, 0.04688669779969397, 0.0, 0.08279881135943302, 0.0, 0.01812760691895582)",86
3333,9,20,11,"(0.09033430006888621, 0.14970886995698662, 0.0, 0.0, 0.0, 0.04688669779969397, 0.0, 0.07308355979710525, 0.0, 0.011027174302602607)",1
3334,9,20,11,"(0.06660646048005182, 0.09911489852753604, 0.0, 0.0, 0.0, 0.04688669779969397, 0.0, 0.0613572500768459, 0.0, 0.01812760691895582)",37
3335,9,20,11,"(0.20036522828399894, 0.14970886995698662, 0.0, 0.0, 0.0, 0.04688669779969397, 0.0, 0.08279881135943302, 0.0, 0.03048224798075667)",1
3336,9,20,13,"(0.0, 0.0, 0.11679612853536596, 0.06920069129515957, 0.06723586068460734, 0.07489992963210028, 0.0, 0.0, 0.14580506258808743, 0.0)",35
3337,9,20,13,"(0.0, 0.0, 0.11679612853536596, 0.06920069129515957, 0.09172770611919409, 0.07489992963210028, 0.0, 0.0, 0.14899621190854193, 0.0)",138
3338,9,20,13,"(0.0, 0.0, 0.11679612853536596, 0.08984392022964763, 0.07592654365431203, 0.07489992963210028, 0.0, 0.0, 0.14899621190854193, 0.0)",6
3339,10,0,8,"(0.09369258606422372, 0.0, 0.06334209298610344, 0.09247639241939104, 0.1011825877682615, 0.0, 0.04357037093627773, 0.0, 0.0, 0.0)",3
3340,10,0,8,"(0.09369258606422372, 0.0, 0.09886232529533268, 0.09247639241939104, 0.09173902283359818, 0.0, 0.028624918864351683, 0.0, 0.0, 0.0)",146
3341,10,0,8,"(0.09369258606422372, 0.0, 0.09886232529533268, 0.09247639241939104, 0.09173902283359818, 0.0, 0.04357037093627773, 0.0, 0.0, 0.0)",142
3342,10,0,8,"(0.09369258606422372, 0.0, 0.09886232529533268, 0.10666398150538883, 0.09173902283359818, 0.0, 0.028624918864351683, 0.0, 0.0, 0.0)",3
3343,10,0,11,"(0.09033430006888621, 0.08206888331358503, 0.0, 0.0, 0.0, 0.04688669779969397, 0.0, 0.08279881135943302, 0.0, 0.018123417641894332)",1
3344,10,0,11,"(0.09033430006888621, 0.14970886995698662, 0.0, 0.0, 0.0, 0.04688669779969397, 0.0, 0.08279881135943302, 0.0, 0.01812760691895582)",489
3345,10,0,11,"(0.09033430006888621, 0.15583761367967483, 0.0, 0.0, 0.0, 0.04688669779969397, 0.0, 0.08279881135943302, 0.0, 0.01812760691895582)",1
3346,10,0,11,"(0.09033430006888621, 0.14970886995698662, 0.0, 0.0, 0.0, 0.04688669779969397, 0.0, 0.09067147437842459, 0.0, 0.020443843769480472)",1
3347,10,0,11,"(0.09033430006888621, 0.14970886995698662, 0.0, 0.0, 0.0, 0.04688669779969397, 0.0, 0.08279881135943302, 0.0, 0.016831654323795783)",1
3348,10,0,11,"(0.09033430006888621, 0.06319734781053592, 0.0, 0.0, 0.0, 0.04688669779969397, 0.0, 0.08279881135943302, 0.0, 0.01812760691895582)",1
3349,10,0,11,"(0.09033430006888621, 0.14970886995698662, 0.0, 0.0, 0.0, 0.08160993129270533, 0.0, 0.08279881135943302, 0.0, 0.01812760691895582)",1
3350,10,0,11,"(0.06711923439074192, 0.14970886995698662, 0.0, 0.0, 0.0, 0.04688669779969397, 0.0, 0.08279881135943302, 0.0, 0.01812760691895582)",9
3351,10,0,11,"(0.11686190119285239, 0.14970886995698662, 0.0, 0.0, 0.0, 0.04688669779969397, 0.0, 0.08279881135943302, 0.0, 0.01812760691895582)",1
3352,10,0,13,"(0.0, 0.0, 0.11679612853536596, 0.053813487370289056, 0.09172770611919409, 0.07489992963210028, 0.0, 0.0, 0.14899621190854193, 0.0)",1
3353,10,0,13,"(0.0, 0.0, 0.11679612853536596, 0.043985155926547184, 0.09172770611919409, 0.07489992963210028, 0.0, 0.0, 0.1630549095855069, 0.0)",1
3354,10,0,13,"(0.0, 0.0, 0.11871618768823412, 0.06920069129515957, 0.09172770611919409, 0.07489992963210028, 0.0, 0.0, 0.14899621190854193, 0.0)",1
3355,10,0,13,"(0.0, 0.0, 0.06743435307639345, 0.035189919639220996, 0.09172770611919409, 0.07489992963210028, 0.0, 0.0, 0.14899621190854193, 0.0)",6
3356,10,0,13,"(0.0, 0.0, 0.11679612853536596, 0.06920069129515957, 0.09172770611919409, 0.07489992963210028, 0.0, 0.0, 0.14899621190854193, 0.0)",171
3357,10,0,13,"(0.0, 0.0, 0.10606527002589315, 0.06920069129515957, 0.09172770611919409, 0.07489992963210028, 0.0, 0.0, 0.14899621190854193, 0.0)",1
3358,10,0,13,"(0.0, 0.0, 0.11679612853536596, 0.06920069129515957, 0.09172770611919409, 0.07489992963210028, 0.0, 0.0, 0.22268890826950935, 0.0)",1
3359,10,1,8,"(0.09369258606422372, 0.0, 0.09412004018617046, 0.09247639241939104, 0.09173902283359818, 0.0, 0.028624918864351683, 0.0, 0.0, 0.0)",17
3360,10,1,8,"(0.09369258606422372, 0.0, 0.09886232529533268, 0.10303815249362147, 0.09173902283359818, 0.0, 0.04357037093627773, 0.0, 0.0, 0.0)",1
3361,10,1,8,"(0.09369258606422372, 0.0, 0.09886232529533268, 0.07939970713984287, 0.09173902283359818, 0.0, 0.04357037093627773, 0.0, 0.0, 0.0)",1
3362,10,1,8,"(0.09369258606422372, 0.0, 0.09412004018617046, 0.09247639241939104, 0.09173902283359818, 0.0, 0.024894852731878945, 0.0, 0.0, 0.0)",1
3363,10,1,8,"(0.09369258606422372, 0.0, 0.09886232529533268, 0.09247639241939104, 0.09173902283359818, 0.0, 0.04357037093627773, 0.0, 0.0, 0.0)",171
3364,10,1,8,"(0.09369258606422372, 0.0, 0.09886232529533268, 0.09247639241939104, 0.09173902283359818, 0.0, 0.028624918864351683, 0.0, 0.0, 0.0)",124
3365,10,1,11,"(0.09033430006888621, 0.1247033955961183, 0.0, 0.0, 0.0, 0.04688669779969397, 0.0, 0.08279881135943302, 0.0, 0.01812760691895582)",1
3366,10,1,11,"(0.09033430006888621, 0.09154941922507163, 0.0, 0.0, 0.0, 0.04688669779969397, 0.0, 0.08279881135943302, 0.0, 0.01812760691895582)",1
3367,10,1,11,"(0.09033430006888621, 0.14970886995698662, 0.0, 0.0, 0.0, 0.04688669779969397, 0.0, 0.08279881135943302, 0.0, 0.03364938741453803)",2
3368,10,1,11,"(0.09033430006888621, 0.23472348926208694, 0.0, 0.0, 0.0, 0.06732714222139617, 0.0, 0.034108244309236625, 0.0, 0.024149169169100912)",3
3369,10,1,11,"(0.09033430006888621, 0.19684149347139673, 0.0, 0.0, 0.0, 0.04688669779969397, 0.0, 0.08279881135943302, 0.0, 0.01812760691895582)",2
3370,10,1,11,"(0.09033430006888621, 0.14970886995698662, 0.0, 0.0, 0.0, 0.04688669779969397, 0.0, 0.08279881135943302, 0.0, 0.01812760691895582)",474
3371,10,1,11,"(0.09033430006888621, 0.12833853568102704, 0.0, 0.0, 0.0, 0.04688669779969397, 0.0, 0.08279881135943302, 0.0, 0.01812760691895582)",1
3372,10,1,11,"(0.09033430006888621, 0.14970886995698662, 0.0, 0.0, 0.0, 0.045988140637284534, 0.0, 0.08279881135943302, 0.0, 0.01812760691895582)",1
3373,10,1,11,"(0.09033430006888621, 0.14970886995698662, 0.0, 0.0, 0.0, 0.048315339283797526, 0.0, 0.08279881135943302, 0.0, 0.01812760691895582)",4
3374,10,1,11,"(0.09033430006888621, 0.14970886995698662, 0.0, 0.0, 0.0, 0.04688669779969397, 0.0, 0.09361839091666771, 0.0, 0.01812760691895582)",1
3375,10,1,13,"(0.0, 0.0, 0.3864488811960836, 0.06920069129515957, 0.09172770611919409, 0.07489992963210028, 0.0, 0.0, 0.14899621190854193, 0.0)",1
3376,10,1,13,"(0.0, 0.0, 0.11679612853536596, 0.06920069129515957, 0.09172770611919409, 0.07489992963210028, 0.0, 0.0, 0.14899621190854193, 0.0)",171
3377,10,2,8,"(0.09369258606422372, 0.0, 0.10393572148577075, 0.09247639241939104, 0.09173902283359818, 0.0, 0.028624918864351683, 0.0, 0.0, 0.0)",2
3378,10,2,8,"(0.15805760700085736, 0.0, 0.09886232529533268, 0.09247639241939104, 0.09173902283359818, 0.0, 0.04357037093627773, 0.0, 0.0, 0.0)",25
3379,10,2,8,"(0.09369258606422372, 0.0, 0.09886232529533268, 0.09247639241939104, 0.09659778562181892, 0.0, 0.04357037093627773, 0.0, 0.0, 0.0)",2
3380,10,2,8,"(0.09369258606422372, 0.0, 0.09886232529533268, 0.09247639241939104, 0.09173902283359818, 0.0, 0.04357037093627773, 0.0, 0.0, 0.0)",172
3381,10,2,8,"(0.09369258606422372, 0.0, 0.09886232529533268, 0.09247639241939104, 0.09173902283359818, 0.0, 0.028624918864351683, 0.0, 0.0, 0.0)",103
3382,10,2,8,"(0.05882906759990288, 0.0, 0.09886232529533268, 0.09247639241939104, 0.09173902283359818, 0.0, 0.03054290197506496, 0.0, 0.0, 0.0)",4
3383,10,2,11,"(0.09033430006888621, 0.14970886995698662, 0.0, 0.0, 0.0, 0.04688669779969397, 0.0, 0.05472374823617469, 0.0, 0.018900897183404982)",2
3384,10,2,11,"(0.09033430006888621, 0.10839991836176527, 0.0, 0.0, 0.0, 0.04688669779969397, 0.0, 0.08279881135943302, 0.0, 0.01812760691895582)",2
3385,10,2,11,"(0.09033430006888621, 0.17921578931129348, 0.0, 0.0, 0.0, 0.04688669779969397, 0.0, 0.08279881135943302, 0.0, 0.01812760691895582)",1
3386,10,2,11,"(0.0466703689188359, 0.14970886995698662, 0.0, 0.0, 0.0, 0.04688669779969397, 0.0, 0.08279881135943302, 0.0, 0.01812760691895582)",26
3387,10,2,11,"(0.09033430006888621, 0.14970886995698662, 0.0, 0.0, 0.0, 0.04688669779969397, 0.0, 0.08279881135943302, 0.0, 0.01812760691895582)",445
3388,10,2,11,"(0.09033430006888621, 0.14970886995698662, 0.0, 0.0, 0.0, 0.06827689736134518, 0.0, 0.08279881135943302, 0.0, 0.01812760691895582)",3
3389,10,2,13,"(0.0, 0.0, 0.11679612853536596, 0.050429903464577715, 0.09172770611919409, 0.07489992963210028, 0.0, 0.0, 0.1508811873685471, 0.0)",17
3390,10,2,13,"(0.0, 0.0, 0.11679612853536596, 0.06920069129515957, 0.09172770611919409, 0.07489992963210028, 0.0, 0.0, 0.14669604501139766, 0.0)",1
3391,10,2,13,"(0.0, 0.0, 0.11679612853536596, 0.06920069129515957, 0.09172770611919409, 0.07489992963210028, 0.0, 0.0, 0.14899621190854193, 0.0)",137
3392,10,2,13,"(0.0, 0.0, 0.11679612853536596, 0.06920069129515957, 0.09172770611919409, 0.07489992963210028, 0.0, 0.0, 0.1732701223823237, 0.0)",7
3393,10,3,8,"(0.09369258606422372, 0.0, 0.09499374105547377, 0.09247639241939104, 0.09173902283359818, 0.0, 0.04357037093627773, 0.0, 0.0, 0.0)",8
3394,10,3,8,"(0.12631596288561353, 0.0, 0.09886232529533268, 0.09247639241939104, 0.09173902283359818, 0.0, 0.04357037093627773, 0.0, 0.0, 0.0)",2
3395,10,3,8,"(0.09369258606422372, 0.0, 0.09886232529533268, 0.09247639241939104, 0.09173902283359818, 0.0, 0.04357037093627773, 0.0, 0.0, 0.0)",235
3396,10,3,8,"(0.09369258606422372, 0.0, 0.09886232529533268, 0.09247639241939104, 0.09173902283359818, 0.0, 0.10790239739137673, 0.0, 0.0, 0.0)",9
3397,10,3,8,"(0.09369258606422372, 0.0, 0.09886232529533268, 0.09247639241939104, 0.09841456654331034, 0.0, 0.04357037093627773, 0.0, 0.0, 0.0)",16
3398,10,3,8,"(0.09369258606422372, 0.0, 0.09886232529533268, 0.09247639241939104, 0.11685790856017401, 0.0, 0.04357037093627773, 0.0, 0.0, 0.0)",1
3399,10,3,11,"(0.09033430006888621, 0.14970886995698662, 0.0, 0.0, 0.0, 0.04688669779969397, 0.0, 0.08279881135943302, 0.0, 0.01812760691895582)",446
3400,10,3,11,"(0.09033430006888621, 0.17593112829861837, 0.0, 0.0, 0.0, 0.04688669779969397, 0.0, 0.08279881135943302, 0.0, 0.01812760691895582)",2
3401,10,3,11,"(0.09033430006888621, 0.14970886995698662, 0.0, 0.0, 0.0, 0.04744557313641032, 0.0, 0.08279881135943302, 0.0, 0.01812760691895582)",28
3402,10,3,11,"(0.09033430006888621, 0.11486221492136381, 0.0, 0.0, 0.0, 0.04688669779969397, 0.0, 0.08279881135943302, 0.0, 0.01812760691895582)",1
3403,10,3,11,"(0.12409283843437735, 0.14970886995698662, 0.0, 0.0, 0.0, 0.04688669779969397, 0.0, 0.08279881135943302, 0.0, 0.01721695200399154)",1
3404,10,3,13,"(0.0, 0.0, 0.11679612853536596, 0.06920069129515957, 0.09172770611919409, 0.07489992963210028, 0.0, 0.0, 0.14899621190854193, 0.0)",172
3405,10,4,8,"(0.09369258606422372, 0.0, 0.09886232529533268, 0.05914561808544822, 0.09173902283359818, 0.0, 0.04357037093627773, 0.0, 0.0, 0.0)",3
3406,10,4,8,"(0.09369258606422372, 0.0, 0.08107056708530465, 0.1719121004297476, 0.09173902283359818, 0.0, 0.04357037093627773, 0.0, 0.0, 0.0)",1
3407,10,4,8,"(0.09369258606422372, 0.0, 0.09886232529533268, 0.09247639241939104, 0.09173902283359818, 0.0, 0.04357037093627773, 0.0, 0.0, 0.0)",278
3408,10,4,8,"(0.09369258606422372, 0.0, 0.09886232529533268, 0.12232374552531812, 0.09173902283359818, 0.0, 0.04357037093627773, 0.0, 0.0, 0.0)",3
3409,10,4,8,"(0.09369258606422372, 0.0, 0.09886232529533268, 0.09247639241939104, 0.09173902283359818, 0.0, 0.04396795911023881, 0.0, 0.0, 0.0)",2
3410,10,4,8,"(0.09369258606422372, 0.0, 0.09499374105547377, 0.09247639241939104, 0.09173902283359818, 0.0, 0.04357037093627773, 0.0, 0.0, 0.0)",7
3411,10,4,8,"(0.09369258606422372, 0.0, 0.09886232529533268, 0.09247639241939104, 0.09173902283359818, 0.0, 0.024424756678119816, 0.0, 0.0, 0.0)",1
3412,10,4,8,"(0.09369258606422372, 0.0, 0.07779614817645537, 0.09247639241939104, 0.09173902283359818, 0.0, 0.04357037093627773, 0.0, 0.0, 0.0)",1
3413,10,4,11,"(0.10902041407191906, 0.14970886995698662, 0.0, 0.0, 0.0, 0.024788012117475132, 0.0, 0.08279881135943302, 0.0, 0.01812760691895582)",7
3414,10,4,11,"(0.11789815491891338, 0.14970886995698662, 0.0, 0.0, 0.0, 0.04688669779969397, 0.0, 0.08279881135943302, 0.0, 0.01812760691895582)",4
3415,10,4,11,"(0.06458216937232075, 0.14970886995698662, 0.0, 0.0, 0.0, 0.05573570598804476, 0.0, 0.04615835832888891, 0.0, 0.01812760691895582)",1
3416,10,4,11,"(0.09033430006888621, 0.2915442243173705, 0.0, 0.0, 0.0, 0.04688669779969397, 0.0, 0.08651721789350718, 0.0, 0.01812760691895582)",1
3417,10,4,11,"(0.09033430006888621, 0.14970886995698662, 0.0, 0.0, 0.0, 0.04118293024489448, 0.0, 0.08279881135943302, 0.0, 0.021165456662454736)",1
3418,10,4,11,"(0.09033430006888621, 0.14970886995698662, 0.0, 0.0, 0.0, 0.04688669779969397, 0.0, 0.08279881135943302, 0.0, 0.01812760691895582)",482
3419,10,4,11,"(0.09033430006888621, 0.14970886995698662, 0.0, 0.0, 0.0, 0.04463250455172382, 0.0, 0.08279881135943302, 0.0, 0.01812760691895582)",4
3420,10,4,11,"(0.09033430006888621, 0.14970886995698662, 0.0, 0.0, 0.0, 0.04814144109796949, 0.0, 0.08279881135943302, 0.0, 0.01812760691895582)",1
3421,10,4,13,"(0.0, 0.0, 0.3455090770028392, 0.06920069129515957, 0.09172770611919409, 0.07489992963210028, 0.0, 0.0, 0.14899621190854193, 0.0)",2
3422,10,4,13,"(0.0, 0.0, 0.11679612853536596, 0.06920069129515957, 0.10886554394966913, 0.07489992963210028, 0.0, 0.0, 0.14899621190854193, 0.0)",1
3423,10,4,13,"(0.0, 0.0, 0.11679612853536596, 0.06920069129515957, 0.09172770611919409, 0.07489992963210028, 0.0, 0.0, 0.15744479152720653, 0.0)",7
3424,10,4,13,"(0.0, 0.0, 0.11679612853536596, 0.06920069129515957, 0.08928426001831928, 0.08581698438865623, 0.0, 0.0, 0.14899621190854193, 0.0)",1
3425,10,4,13,"(0.0, 0.0, 0.11679612853536596, 0.06920069129515957, 0.09172770611919409, 0.07489992963210028, 0.0, 0.0, 0.14899621190854193, 0.0)",172
3426,10,5,8,"(0.09369258606422372, 0.0, 0.09886232529533268, 0.09247639241939104, 0.09173902283359818, 0.0, 0.06373180745852436, 0.0, 0.0, 0.0)",2
3427,10,5,8,"(0.09369258606422372, 0.0, 0.09886232529533268, 0.09247639241939104, 0.09173902283359818, 0.0, 0.043323063580329654, 0.0, 0.0, 0.0)",2
3428,10,5,8,"(0.09369258606422372, 0.0, 0.14747816684551007, 0.05215499068595056, 0.09173902283359818, 0.0, 0.036855721985228525, 0.0, 0.0, 0.0)",1
3429,10,5,8,"(0.09369258606422372, 0.0, 0.09886232529533268, 0.09247639241939104, 0.09173902283359818, 0.0, 0.04357037093627773, 0.0, 0.0, 0.0)",343
3430,10,5,11,"(0.09033430006888621, 0.14970886995698662, 0.0, 0.0, 0.0, 0.08492653974374398, 0.0, 0.15993603714156623, 0.0, 0.01812760691895582)",1
3431,10,5,11,"(0.09033430006888621, 0.14970886995698662, 0.0, 0.0, 0.0, 0.04688669779969397, 0.0, 0.04020198686251774, 0.0, 0.01812760691895582)",1
3432,10,5,11,"(0.09033430006888621, 0.14970886995698662, 0.0, 0.0, 0.0, 0.04688669779969397, 0.0, 0.1096533439062617, 0.0, 0.01812760691895582)",1
3433,10,5,11,"(0.09033430006888621, 0.14970886995698662, 0.0, 0.0, 0.0, 0.027659638491221945, 0.0, 0.08279881135943302, 0.0, 0.01812760691895582)",1
3434,10,5,11,"(0.09033430006888621, 0.14970886995698662, 0.0, 0.0, 0.0, 0.034711509566703276, 0.0, 0.08279881135943302, 0.0, 0.01812760691895582)",1
3435,10,5,11,"(0.09033430006888621, 0.12375104023957435, 0.0, 0.0, 0.0, 0.04688669779969397, 0.0, 0.08279881135943302, 0.0, 0.01812760691895582)",34
3436,10,5,11,"(0.09033430006888621, 0.12375104023957435, 0.0, 0.0, 0.0, 0.04688669779969397, 0.0, 0.08279881135943302, 0.0, 0.019610202943790983)",1
3437,10,5,11,"(0.09033430006888621, 0.14970886995698662, 0.0, 0.0, 0.0, 0.04688669779969397, 0.0, 0.08279881135943302, 0.0, 0.01812760691895582)",369
3438,10,5,11,"(0.09033430006888621, 0.21242306286826645, 0.0, 0.0, 0.0, 0.04688669779969397, 0.0, 0.08279881135943302, 0.0, 0.01812760691895582)",4
3439,10,5,11,"(0.09033430006888621, 0.14970886995698662, 0.0, 0.0, 0.0, 0.026076727164746863, 0.0, 0.08279881135943302, 0.0, 0.01812760691895582)",1
3440,10,5,11,"(0.09033430006888621, 0.14970886995698662, 0.0, 0.0, 0.0, 0.04688669779969397, 0.0, 0.08279881135943302, 0.0, 0.029482911314689473)",1
3441,10,5,11,"(0.09033430006888621, 0.24102415923804285, 0.0, 0.0, 0.0, 0.04688669779969397, 0.0, 0.08279881135943302, 0.0, 0.01812760691895582)",1
3442,10,5,13,"(0.0, 0.0, 0.11679612853536596, 0.06920069129515957, 0.09172770611919409, 0.07489992963210028, 0.0, 0.0, 0.08818931495507598, 0.0)",1
3443,10,5,13,"(0.0, 0.0, 0.11679612853536596, 0.06920069129515957, 0.09172770611919409, 0.0711881204686953, 0.0, 0.0, 0.10327491563023417, 0.0)",1
3444,10,5,13,"(0.0, 0.0, 0.11679612853536596, 0.08100347920188301, 0.09172770611919409, 0.07489992963210028, 0.0, 0.0, 0.14899621190854193, 0.0)",2
3445,10,5,13,"(0.0, 0.0, 0.11679612853536596, 0.06920069129515957, 0.09172770611919409, 0.07489992963210028, 0.0, 0.0, 0.14899621190854193, 0.0)",149
3446,10,5,13,"(0.0, 0.0, 0.11679612853536596, 0.06920069129515957, 0.06724234711103437, 0.07489992963210028, 0.0, 0.0, 0.14899621190854193, 0.0)",1
3447,10,6,8,"(0.09369258606422372, 0.0, 0.09886232529533268, 0.09247639241939104, 0.09173902283359818, 0.0, 0.028624918864351683, 0.0, 0.0, 0.0)",8
3448,10,6,8,"(0.09369258606422372, 0.0, 0.09886232529533268, 0.15720950084378146, 0.09173902283359818, 0.0, 0.05772823561115523, 0.0, 0.0, 0.0)",1
3449,10,6,8,"(0.1259496655517685, 0.0, 0.09886232529533268, 0.09247639241939104, 0.09173902283359818, 0.0, 0.04357037093627773, 0.0, 0.0, 0.0)",8
3450,10,6,8,"(0.09369258606422372, 0.0, 0.09886232529533268, 0.09247639241939104, 0.09173902283359818, 0.0, 0.04357037093627773, 0.0, 0.0, 0.0)",366
3451,10,6,8,"(0.09369258606422372, 0.0, 0.09886232529533268, 0.09247639241939104, 0.17314387958717659, 0.0, 0.04357037093627773, 0.0, 0.0, 0.0)",1
3452,10,6,8,"(0.07152683116978872, 0.0, 0.09886232529533268, 0.09247639241939104, 0.09173902283359818, 0.0, 0.04357037093627773, 0.0, 0.0, 0.0)",1
3453,10,6,8,"(0.09369258606422372, 0.0, 0.09886232529533268, 0.09247639241939104, 0.05293032463085109, 0.0, 0.04357037093627773, 0.0, 0.0, 0.0)",2
3454,10,6,8,"(0.09369258606422372, 0.0, 0.09886232529533268, 0.08057798795711318, 0.07170339443812447, 0.0, 0.04357037093627773, 0.0, 0.0, 0.0)",1
3455,10,6,8,"(0.09369258606422372, 0.0, 0.09886232529533268, 0.09247639241939104, 0.09173902283359818, 0.0, 0.05928779298386901, 0.0, 0.0, 0.0)",3
3456,10,6,11,"(0.09033430006888621, 0.2630566941454553, 0.0, 0.0, 0.0, 0.04688669779969397, 0.0, 0.13937073969068473, 0.0, 0.01812760691895582)",2
3457,10,6,11,"(0.07769162673714057, 0.0803543685517205, 0.0, 0.0, 0.0, 0.04688669779969397, 0.0, 0.0532345101545979, 0.0, 0.01812760691895582)",1
3458,10,6,11,"(0.09033430006888621, 0.10161948624068509, 0.0, 0.0, 0.0, 0.04688669779969397, 0.0, 0.08279881135943302, 0.0, 0.01812760691895582)",1
3459,10,6,11,"(0.0466703689188359, 0.14970886995698662, 0.0, 0.0, 0.0, 0.04093937272670821, 0.0, 0.09475839037192624, 0.0, 0.01812760691895582)",2
3460,10,6,11,"(0.05288051222679233, 0.14970886995698662, 0.0, 0.0, 0.0, 0.04688669779969397, 0.0, 0.08279881135943302, 0.0, 0.019058065250125364)",14
3461,10,6,11,"(0.09033430006888621, 0.14970886995698662, 0.0, 0.0, 0.0, 0.04688669779969397, 0.0, 0.09871389637421528, 0.0, 0.01812760691895582)",3
3462,10,6,11,"(0.0466703689188359, 0.13983922804224272, 0.0, 0.0, 0.0, 0.04688669779969397, 0.0, 0.1871150507935253, 0.0, 0.01812760691895582)",6
3463,10,6,11,"(0.09033430006888621, 0.14970886995698662, 0.0, 0.0, 0.0, 0.04688669779969397, 0.0, 0.08279881135943302, 0.0, 0.01812760691895582)",202
3464,10,6,11,"(0.0466703689188359, 0.1234435521140054, 0.0, 0.0, 0.0, 0.04093937272670821, 0.0, 0.09475839037192624, 0.0, 0.01812760691895582)",1
3465,10,6,11,"(0.0466703689188359, 0.14970886995698662, 0.0, 0.0, 0.0, 0.04688669779969397, 0.0, 0.08279881135943302, 0.0, 0.01812760691895582)",198
3466,10,6,11,"(0.09033430006888621, 0.33440327027408656, 0.0, 0.0, 0.0, 0.04688669779969397, 0.0, 0.08279881135943302, 0.0, 0.03926601642337569)",1
3467,10,6,13,"(0.0, 0.0, 0.11679612853536596, 0.06605135938671629, 0.12342199749460622, 0.07489992963210028, 0.0, 0.0, 0.14899621190854193, 0.0)",1
3468,10,6,13,"(0.0, 0.0, 0.11679612853536596, 0.06920069129515957, 0.09172770611919409, 0.1494950149906629, 0.0, 0.0, 0.14899621190854193, 0.0)",1
3469,10,6,13,"(0.0, 0.0, 0.07612706782241523, 0.06920069129515957, 0.12965370031287518, 0.07489992963210028, 0.0, 0.0, 0.14899621190854193, 0.0)",2
3470,10,6,13,"(0.0, 0.0, 0.10176476541058992, 0.06920069129515957, 0.09172770611919409, 0.07489992963210028, 0.0, 0.0, 0.16709929728915282, 0.0)",1
3471,10,6,13,"(0.0, 0.0, 0.11679612853536596, 0.07845992158273617, 0.08290034057551199, 0.07489992963210028, 0.0, 0.0, 0.1307001281422078, 0.0)",1
3472,10,6,13,"(0.0, 0.0, 0.11679612853536596, 0.06920069129515957, 0.09172770611919409, 0.07489992963210028, 0.0, 0.0, 0.14148796078768136, 0.0)",8
3473,10,6,13,"(0.0, 0.0, 0.11679612853536596, 0.06920069129515957, 0.09172770611919409, 0.07489992963210028, 0.0, 0.0, 0.14899621190854193, 0.0)",159
3474,10,7,8,"(0.09369258606422372, 0.0, 0.09886232529533268, 0.09247639241939104, 0.09173902283359818, 0.0, 0.028624918864351683, 0.0, 0.0, 0.0)",35
3475,10,7,8,"(0.09369258606422372, 0.0, 0.09886232529533268, 0.051799961227749436, 0.07897811684407703, 0.0, 0.04357037093627773, 0.0, 0.0, 0.0)",2
3476,10,7,8,"(0.09369258606422372, 0.0, 0.09886232529533268, 0.09247639241939104, 0.09173902283359818, 0.0, 0.04357037093627773, 0.0, 0.0, 0.0)",280
3477,10,7,8,"(0.09369258606422372, 0.0, 0.09886232529533268, 0.09247639241939104, 0.09497298199591496, 0.0, 0.04357037093627773, 0.0, 0.0, 0.0)",31
3478,10,7,8,"(0.09369258606422372, 0.0, 0.09886232529533268, 0.09247639241939104, 0.09173902283359818, 0.0, 0.07859409935666403, 0.0, 0.0, 0.0)",2
3479,10,7,8,"(0.09369258606422372, 0.0, 0.07654353642256323, 0.09247639241939104, 0.09173902283359818, 0.0, 0.04357037093627773, 0.0, 0.0, 0.0)",1
3480,10,7,8,"(0.09369258606422372, 0.0, 0.07277589817944452, 0.0777292858583329, 0.09173902283359818, 0.0, 0.04357037093627773, 0.0, 0.0, 0.0)",1
3481,10,7,8,"(0.09369258606422372, 0.0, 0.058776374786519404, 0.09247639241939104, 0.09173902283359818, 0.0, 0.03389913486571231, 0.0, 0.0, 0.0)",5
3482,10,7,11,"(0.0466703689188359, 0.14970886995698662, 0.0, 0.0, 0.0, 0.04688669779969397, 0.0, 0.08279881135943302, 0.0, 0.01812760691895582)",203
3483,10,7,11,"(0.0466703689188359, 0.1899010071436168, 0.0, 0.0, 0.0, 0.0664618770918896, 0.0, 0.08279881135943302, 0.0, 0.01812760691895582)",1
3484,10,7,11,"(0.0466703689188359, 0.11050610728728776, 0.0, 0.0, 0.0, 0.04688669779969397, 0.0, 0.08279881135943302, 0.0, 0.01812760691895582)",2
3485,10,7,11,"(0.08106910761434548, 0.14970886995698662, 0.0, 0.0, 0.0, 0.05705005206269056, 0.0, 0.08279881135943302, 0.0, 0.017163825865997098)",1
3486,10,7,11,"(0.0466703689188359, 0.11463000770143701, 0.0, 0.0, 0.0, 0.044686556419193314, 0.0, 0.08279881135943302, 0.0, 0.01812760691895582)",1
3487,10,7,11,"(0.09033430006888621, 0.14970886995698662, 0.0, 0.0, 0.0, 0.04688669779969397, 0.0, 0.08279881135943302, 0.0, 0.01812760691895582)",246
3488,10,7,13,"(0.0, 0.0, 0.11679612853536596, 0.06920069129515957, 0.09172770611919409, 0.07489992963210028, 0.0, 0.0, 0.14899621190854193, 0.0)",167
3489,10,7,13,"(0.0, 0.0, 0.11679612853536596, 0.1726920948905484, 0.09172770611919409, 0.07489992963210028, 0.0, 0.0, 0.14899621190854193, 0.0)",1
3490,10,7,13,"(0.0, 0.0, 0.11679612853536596, 0.11727497989830664, 0.09172770611919409, 0.07489992963210028, 0.0, 0.0, 0.14899621190854193, 0.0)",1
3491,10,8,8,"(0.09369258606422372, 0.0, 0.09886232529533268, 0.09247639241939104, 0.09173902283359818, 0.0, 0.028624918864351683, 0.0, 0.0, 0.0)",98
3492,10,8,8,"(0.09369258606422372, 0.0, 0.09886232529533268, 0.09247639241939104, 0.09173902283359818, 0.0, 0.04357037093627773, 0.0, 0.0, 0.0)",250
3493,10,8,8,"(0.08965251705330417, 0.0, 0.09886232529533268, 0.06136695015499258, 0.09683850860118436, 0.0, 0.04357037093627773, 0.0, 0.0, 0.0)",2
3494,10,8,8,"(0.09369258606422372, 0.0, 0.07873729044608452, 0.09247639241939104, 0.09173902283359818, 0.0, 0.028624918864351683, 0.0, 0.0, 0.0)",1
3495,10,8,11,"(0.09033430006888621, 0.14970886995698662, 0.0, 0.0, 0.0, 0.04688669779969397, 0.0, 0.08279881135943302, 0.0, 0.01812760691895582)",370
3496,10,8,11,"(0.09033430006888621, 0.15265592275787815, 0.0, 0.0, 0.0, 0.04688669779969397, 0.0, 0.08279881135943302, 0.0, 0.01812760691895582)",1
3497,10,8,11,"(0.06369942709167163, 0.14970886995698662, 0.0, 0.0, 0.0, 0.04070445195893095, 0.0, 0.08279881135943302, 0.0, 0.01812760691895582)",1
3498,10,8,11,"(0.0466703689188359, 0.14970886995698662, 0.0, 0.0, 0.0, 0.04688669779969397, 0.0, 0.08279881135943302, 0.0, 0.01812760691895582)",75
3499,10,8,11,"(0.09033430006888621, 0.16750518290647304, 0.0, 0.0, 0.0, 0.04688669779969397, 0.0, 0.08279881135943302, 0.0, 0.01812760691895582)",1
3500,10,8,11,"(0.09033430006888621, 0.126741568256015, 0.0, 0.0, 0.0, 0.04688669779969397, 0.0, 0.08279881135943302, 0.0, 0.01812760691895582)",4
3501,10,8,11,"(0.0466703689188359, 0.14970886995698662, 0.0, 0.0, 0.0, 0.04688669779969397, 0.0, 0.08279881135943302, 0.0, 0.015990443892290797)",1
3502,10,8,11,"(0.09033430006888621, 0.14970886995698662, 0.0, 0.0, 0.0, 0.04688669779969397, 0.0, 0.08102774202941394, 0.0, 0.01812760691895582)",2
3503,10,8,11,"(0.0466703689188359, 0.14970886995698662, 0.0, 0.0, 0.0, 0.04688669779969397, 0.0, 0.08279881135943302, 0.0, 0.016775865709565668)",1
3504,10,8,13,"(0.0, 0.0, 0.11679612853536596, 0.06920069129515957, 0.09172770611919409, 0.07489992963210028, 0.0, 0.0, 0.14899621190854193, 0.0)",171
3505,10,8,13,"(0.0, 0.0, 0.05355999564795332, 0.06920069129515957, 0.09172770611919409, 0.07489992963210028, 0.0, 0.0, 0.14899621190854193, 0.0)",1
3506,10,9,8,"(0.09369258606422372, 0.0, 0.06732444528433515, 0.07876707200123186, 0.09173902283359818, 0.0, 0.06826344941350267, 0.0, 0.0, 0.0)",3
3507,10,9,8,"(0.09369258606422372, 0.0, 0.09886232529533268, 0.09247639241939104, 0.09173902283359818, 0.0, 0.04357037093627773, 0.0, 0.0, 0.0)",320
3508,10,9,8,"(0.09369258606422372, 0.0, 0.08950620996642342, 0.07876707200123186, 0.09173902283359818, 0.0, 0.06826344941350267, 0.0, 0.0, 0.0)",1
3509,10,9,8,"(0.09369258606422372, 0.0, 0.08950620996642342, 0.09247639241939104, 0.09173902283359818, 0.0, 0.06826344941350267, 0.0, 0.0, 0.0)",23
3510,10,9,11,"(0.09033430006888621, 0.14970886995698662, 0.0, 0.0, 0.0, 0.0192727784902984, 0.0, 0.08279881135943302, 0.0, 0.01812760691895582)",2
3511,10,9,11,"(0.09033430006888621, 0.14790281682009393, 0.0, 0.0, 0.0, 0.04688669779969397, 0.0, 0.08279881135943302, 0.0, 0.01812760691895582)",1
3512,10,9,11,"(0.09033430006888621, 0.14970886995698662, 0.0, 0.0, 0.0, 0.04688669779969397, 0.0, 0.08279881135943302, 0.0, 0.01812760691895582)",384
3513,10,9,11,"(0.09033430006888621, 0.14970886995698662, 0.0, 0.0, 0.0, 0.031173160123032475, 0.0, 0.08279881135943302, 0.0, 0.01812760691895582)",4
3514,10,9,11,"(0.04770693210688717, 0.14970886995698662, 0.0, 0.0, 0.0, 0.04688669779969397, 0.0, 0.08279881135943302, 0.0, 0.01812760691895582)",1
3515,10,9,13,"(0.0, 0.0, 0.11679612853536596, 0.06920069129515957, 0.09172770611919409, 0.07489992963210028, 0.0, 0.0, 0.14899621190854193, 0.0)",166
3516,10,9,13,"(0.0, 0.0, 0.1390721651917718, 0.07364111348192504, 0.09172770611919409, 0.07489992963210028, 0.0, 0.0, 0.15880391440870936, 0.0)",5
3517,10,10,8,"(0.09369258606422372, 0.0, 0.09886232529533268, 0.09113485541108969, 0.08215724204217953, 0.0, 0.04357037093627773, 0.0, 0.0, 0.0)",3
3518,10,10,8,"(0.14829208697006457, 0.0, 0.09886232529533268, 0.09247639241939104, 0.07958942878454042, 0.0, 0.04357037093627773, 0.0, 0.0, 0.0)",6
3519,10,10,8,"(0.09369258606422372, 0.0, 0.09886232529533268, 0.09247639241939104, 0.09173902283359818, 0.0, 0.04357037093627773, 0.0, 0.0, 0.0)",320
3520,10,10,8,"(0.1003450533956519, 0.0, 0.04494213878177476, 0.09247639241939104, 0.09173902283359818, 0.0, 0.06011566647591126, 0.0, 0.0, 0.0)",1
3521,10,10,11,"(0.08754301690818428, 0.14970886995698662, 0.0, 0.0, 0.0, 0.04688669779969397, 0.0, 0.11945973985722162, 0.0, 0.01812760691895582)",1
3522,10,10,11,"(0.07966182975076795, 0.14970886995698662, 0.0, 0.0, 0.0, 0.04688669779969397, 0.0, 0.08279881135943302, 0.0, 0.018006109082523078)",1
3523,10,10,11,"(0.09033430006888621, 0.14970886995698662, 0.0, 0.0, 0.0, 0.04688669779969397, 0.0, 0.04815299787202459, 0.0, 0.01812760691895582)",6
3524,10,10,11,"(0.09033430006888621, 0.14970886995698662, 0.0, 0.0, 0.0, 0.07009126533625386, 0.0, 0.11283655867617788, 0.0, 0.01812760691895582)",1
3525,10,10,11,"(0.09033430006888621, 0.14970886995698662, 0.0, 0.0, 0.0, 0.031592233153601296, 0.0, 0.08279881135943302, 0.0, 0.01812760691895582)",2
3526,10,10,11,"(0.09033430006888621, 0.14970886995698662, 0.0, 0.0, 0.0, 0.04688669779969397, 0.0, 0.08279881135943302, 0.0, 0.01812760691895582)",421
3527,10,10,11,"(0.09033430006888621, 0.14970886995698662, 0.0, 0.0, 0.0, 0.04688669779969397, 0.0, 0.06772658062480236, 0.0, 0.01812760691895582)",1
3528,10,10,11,"(0.16359019565760938, 0.14970886995698662, 0.0, 0.0, 0.0, 0.060644136164298104, 0.0, 0.08279881135943302, 0.0, 0.01812760691895582)",1
3529,10,10,11,"(0.09768338823471265, 0.14970886995698662, 0.0, 0.0, 0.0, 0.060644136164298104, 0.0, 0.08279881135943302, 0.0, 0.01812760691895582)",19
3530,10,10,11,"(0.1215610013887449, 0.14970886995698662, 0.0, 0.0, 0.0, 0.04688669779969397, 0.0, 0.08279881135943302, 0.0, 0.01812760691895582)",3
3531,10,10,11,"(0.09033430006888621, 0.14970886995698662, 0.0, 0.0, 0.0, 0.04688669779969397, 0.0, 0.08279881135943302, 0.0, 0.014799215799090168)",1
3532,10,10,11,"(0.09033430006888621, 0.1294355215149744, 0.0, 0.0, 0.0, 0.04688669779969397, 0.0, 0.08279881135943302, 0.0, 0.01812760691895582)",2
3533,10,10,13,"(0.0, 0.0, 0.11679612853536596, 0.06920069129515957, 0.09172770611919409, 0.07489992963210028, 0.0, 0.0, 0.14899621190854193, 0.0)",172
3534,10,11,8,"(0.09369258606422372, 0.0, 0.08950620996642342, 0.09247639241939104, 0.09173902283359818, 0.0, 0.06826344941350267, 0.0, 0.0, 0.0)",69
3535,10,11,8,"(0.09369258606422372, 0.0, 0.09886232529533268, 0.09247639241939104, 0.09173902283359818, 0.0, 0.04357037093627773, 0.0, 0.0, 0.0)",225
3536,10,11,8,"(0.11768556871299367, 0.0, 0.09886232529533268, 0.046733252386313824, 0.09173902283359818, 0.0, 0.04357037093627773, 0.0, 0.0, 0.0)",1
3537,10,11,11,"(0.09033430006888621, 0.14970886995698662, 0.0, 0.0, 0.0, 0.03401871509248374, 0.0, 0.08279881135943302, 0.0, 0.01812760691895582)",8
3538,10,11,11,"(0.09033430006888621, 0.14970886995698662, 0.0, 0.0, 0.0, 0.04688669779969397, 0.0, 0.08279881135943302, 0.0, 0.01538194733496893)",2
3539,10,11,11,"(0.09033430006888621, 0.14970886995698662, 0.0, 0.0, 0.0, 0.04688669779969397, 0.0, 0.08279881135943302, 0.0, 0.01812760691895582)",482
3540,10,11,11,"(0.09033430006888621, 0.14970886995698662, 0.0, 0.0, 0.0, 0.036752379877710316, 0.0, 0.08279881135943302, 0.0, 0.01812760691895582)",2
3541,10,11,11,"(0.1287509008279787, 0.14970886995698662, 0.0, 0.0, 0.0, 0.04688669779969397, 0.0, 0.08279881135943302, 0.0, 0.01812760691895582)",2
3542,10,11,11,"(0.09033430006888621, 0.14970886995698662, 0.0, 0.0, 0.0, 0.024367631466632945, 0.0, 0.08279881135943302, 0.0, 0.01812760691895582)",2
3543,10,11,11,"(0.057075255035089395, 0.14970886995698662, 0.0, 0.0, 0.0, 0.04688669779969397, 0.0, 0.08279881135943302, 0.0, 0.01812760691895582)",1
3544,10,11,11,"(0.09033430006888621, 0.14970886995698662, 0.0, 0.0, 0.0, 0.06892549682975455, 0.0, 0.08279881135943302, 0.0, 0.01812760691895582)",2
3545,10,11,11,"(0.09033430006888621, 0.14970886995698662, 0.0, 0.0, 0.0, 0.04688669779969397, 0.0, 0.07430331408111654, 0.0, 0.01812760691895582)",2
3546,10,11,11,"(0.09033430006888621, 0.14970886995698662, 0.0, 0.0, 0.0, 0.04711111960632788, 0.0, 0.08279881135943302, 0.0, 0.01812760691895582)",1
3547,10,11,13,"(0.0, 0.0, 0.11679612853536596, 0.08428025627574307, 0.06839570208229305, 0.07489992963210028, 0.0, 0.0, 0.14899621190854193, 0.0)",2
3548,10,11,13,"(0.0, 0.0, 0.11679612853536596, 0.06920069129515957, 0.09172770611919409, 0.07489992963210028, 0.0, 0.0, 0.14899621190854193, 0.0)",191
3549,10,12,8,"(0.05100111183895687, 0.0, 0.09886232529533268, 0.12903811135169097, 0.07372682276627089, 0.0, 0.028624918864351683, 0.0, 0.0, 0.0)",23
3550,10,12,8,"(0.09369258606422372, 0.0, 0.09886232529533268, 0.07168582595970527, 0.06306892814636447, 0.0, 0.028624918864351683, 0.0, 0.0, 0.0)",13
3551,10,12,8,"(0.04370763279231375, 0.0, 0.09886232529533268, 0.10986339951301043, 0.07372682276627089, 0.0, 0.028624918864351683, 0.0, 0.0, 0.0)",1
3552,10,12,8,"(0.05100111183895687, 0.0, 0.09886232529533268, 0.10986339951301043, 0.07372682276627089, 0.0, 0.028624918864351683, 0.0, 0.0, 0.0)",170
3553,10,12,8,"(0.09369258606422372, 0.0, 0.09886232529533268, 0.09247639241939104, 0.09173902283359818, 0.0, 0.028624918864351683, 0.0, 0.0, 0.0)",165
3554,10,12,8,"(0.09369258606422372, 0.0, 0.09886232529533268, 0.09247639241939104, 0.05596754667870308, 0.0, 0.0987512350187775, 0.0, 0.0, 0.0)",1
3555,10,12,11,"(0.09033430006888621, 0.14970886995698662, 0.0, 0.0, 0.0, 0.07199203487879352, 0.0, 0.08279881135943302, 0.0, 0.01812760691895582)",1
3556,10,12,11,"(0.09033430006888621, 0.14970886995698662, 0.0, 0.0, 0.0, 0.04688669779969397, 0.0, 0.08279881135943302, 0.0, 0.01812760691895582)",322
3557,10,12,11,"(0.06499077653817836, 0.10554285691842752, 0.0, 0.0, 0.0, 0.04688669779969397, 0.0, 0.08279881135943302, 0.0, 0.034466386218068114)",2
3558,10,12,11,"(0.07581570697095442, 0.14970886995698662, 0.0, 0.0, 0.0, 0.04688669779969397, 0.0, 0.08279881135943302, 0.0, 0.01812760691895582)",60
3559,10,12,11,"(0.1020457528387188, 0.14970886995698662, 0.0, 0.0, 0.0, 0.04688669779969397, 0.0, 0.08279881135943302, 0.0, 0.01812760691895582)",2
3560,10,12,13,"(0.0, 0.0, 0.11679612853536596, 0.06920069129515957, 0.07994321596639217, 0.07489992963210028, 0.0, 0.0, 0.14899621190854193, 0.0)",1
3561,10,12,13,"(0.0, 0.0, 0.11679612853536596, 0.04623478082662646, 0.09172770611919409, 0.0996401622135865, 0.0, 0.0, 0.14899621190854193, 0.0)",1
3562,10,12,13,"(0.0, 0.0, 0.11679612853536596, 0.06920069129515957, 0.09172770611919409, 0.07489992963210028, 0.0, 0.0, 0.14899621190854193, 0.0)",171
3563,10,12,13,"(0.0, 0.0, 0.11679612853536596, 0.06920069129515957, 0.09172770611919409, 0.08494023289397702, 0.0, 0.0, 0.14899621190854193, 0.0)",1
3564,10,13,8,"(0.05100111183895687, 0.0, 0.09886232529533268, 0.10536743072649873, 0.07372682276627089, 0.0, 0.028624918864351683, 0.0, 0.0, 0.0)",6
3565,10,13,8,"(0.05100111183895687, 0.0, 0.09886232529533268, 0.10986339951301043, 0.07372682276627089, 0.0, 0.028624918864351683, 0.0, 0.0, 0.0)",199
3566,10,13,8,"(0.09369258606422372, 0.0, 0.09886232529533268, 0.183519985664564, 0.09173902283359818, 0.0, 0.028624918864351683, 0.0, 0.0, 0.0)",1
3567,10,13,8,"(0.05100111183895687, 0.0, 0.07571080084881482, 0.10986339951301043, 0.07372682276627089, 0.0, 0.028624918864351683, 0.0, 0.0, 0.0)",2
3568,10,13,8,"(0.09369258606422372, 0.0, 0.09886232529533268, 0.09247639241939104, 0.09173902283359818, 0.0, 0.028624918864351683, 0.0, 0.0, 0.0)",136
3569,10,13,8,"(0.05100111183895687, 0.0, 0.04508475006479712, 0.10986339951301043, 0.07896379198605322, 0.0, 0.028624918864351683, 0.0, 0.0, 0.0)",1
3570,10,13,8,"(0.05100111183895687, 0.0, 0.11196427997069452, 0.10986339951301043, 0.07372682276627089, 0.0, 0.028624918864351683, 0.0, 0.0, 0.0)",1
3571,10,13,11,"(0.07581570697095442, 0.14970886995698662, 0.0, 0.0, 0.0, 0.024615143039567695, 0.0, 0.08279881135943302, 0.0, 0.01812760691895582)",1
3572,10,13,11,"(0.07581570697095442, 0.14970886995698662, 0.0, 0.0, 0.0, 0.04688669779969397, 0.0, 0.08279881135943302, 0.0, 0.019836453561198557)",63
3573,10,13,11,"(0.09033430006888621, 0.121315908271658, 0.0, 0.0, 0.0, 0.04688669779969397, 0.0, 0.08279881135943302, 0.0, 0.01812760691895582)",2
3574,10,13,11,"(0.09033430006888621, 0.14970886995698662, 0.0, 0.0, 0.0, 0.04688669779969397, 0.0, 0.08752036999691132, 0.0, 0.01812760691895582)",1
3575,10,13,11,"(0.09165605070485885, 0.16508795166089113, 0.0, 0.0, 0.0, 0.04688669779969397, 0.0, 0.08279881135943302, 0.0, 0.01812760691895582)",1
3576,10,13,11,"(0.09033430006888621, 0.14970886995698662, 0.0, 0.0, 0.0, 0.04688669779969397, 0.0, 0.08279881135943302, 0.0, 0.01812760691895582)",405
3577,10,13,11,"(0.07581570697095442, 0.14970886995698662, 0.0, 0.0, 0.0, 0.04688669779969397, 0.0, 0.08279881135943302, 0.0, 0.01812760691895582)",55
3578,10,13,13,"(0.0, 0.0, 0.11679612853536596, 0.06920069129515957, 0.15155023140747317, 0.07489992963210028, 0.0, 0.0, 0.14899621190854193, 0.0)",2
3579,10,13,13,"(0.0, 0.0, 0.07471672119773382, 0.06920069129515957, 0.09172770611919409, 0.09726391838732601, 0.0, 0.0, 0.1631713521047206, 0.0)",1
3580,10,13,13,"(0.0, 0.0, 0.11679612853536596, 0.06920069129515957, 0.09172770611919409, 0.07489992963210028, 0.0, 0.0, 0.14899621190854193, 0.0)",125
3581,10,13,13,"(0.0, 0.0, 0.1360743194373651, 0.04651560522859503, 0.09172770611919409, 0.07489992963210028, 0.0, 0.0, 0.19877929767923763, 0.0)",1
3582,10,13,13,"(0.0, 0.0, 0.11679612853536596, 0.04698408141111592, 0.09172770611919409, 0.07489992963210028, 0.0, 0.0, 0.14899621190854193, 0.0)",2
3583,10,14,8,"(0.05100111183895687, 0.0, 0.09886232529533268, 0.10986339951301043, 0.07372682276627089, 0.0, 0.028624918864351683, 0.0, 0.0, 0.0)",120
3584,10,14,8,"(0.09369258606422372, 0.0, 0.21447970891445065, 0.09247639241939104, 0.09173902283359818, 0.0, 0.028624918864351683, 0.0, 0.0, 0.0)",1
3585,10,14,8,"(0.09369258606422372, 0.0, 0.09886232529533268, 0.09247639241939104, 0.09173902283359818, 0.0, 0.028624918864351683, 0.0, 0.0, 0.0)",173
3586,10,14,8,"(0.09369258606422372, 0.0, 0.09886232529533268, 0.09247639241939104, 0.10646092505570216, 0.0, 0.028624918864351683, 0.0, 0.0, 0.0)",1
3587,10,14,8,"(0.05100111183895687, 0.0, 0.09886232529533268, 0.12903811135169097, 0.07372682276627089, 0.0, 0.028624918864351683, 0.0, 0.0, 0.0)",41
3588,10,14,11,"(0.09033430006888621, 0.14970886995698662, 0.0, 0.0, 0.0, 0.04688669779969397, 0.0, 0.08279881135943302, 0.0, 0.01812760691895582)",390
3589,10,14,11,"(0.09033430006888621, 0.28215045737710975, 0.0, 0.0, 0.0, 0.02989576856449804, 0.0, 0.08279881135943302, 0.0, 0.01812760691895582)",10
3590,10,14,11,"(0.09033430006888621, 0.12282948312849998, 0.0, 0.0, 0.0, 0.04688669779969397, 0.0, 0.08279881135943302, 0.0, 0.01812760691895582)",2
3591,10,14,11,"(0.07581570697095442, 0.14970886995698662, 0.0, 0.0, 0.0, 0.04688669779969397, 0.0, 0.08279881135943302, 0.0, 0.01812760691895582)",24
3592,10,14,11,"(0.09033430006888621, 0.14970886995698662, 0.0, 0.0, 0.0, 0.044806772825263776, 0.0, 0.08279881135943302, 0.0, 0.01812760691895582)",1
3593,10,14,11,"(0.09033430006888621, 0.14970886995698662, 0.0, 0.0, 0.0, 0.04688669779969397, 0.0, 0.07509359312585855, 0.0, 0.01812760691895582)",1
3594,10,14,11,"(0.09033430006888621, 0.22081109836896134, 0.0, 0.0, 0.0, 0.04688669779969397, 0.0, 0.08279881135943302, 0.0, 0.01812760691895582)",1
3595,10,14,13,"(0.0, 0.0, 0.11679612853536596, 0.03910436681514609, 0.09172770611919409, 0.07489992963210028, 0.0, 0.0, 0.14899621190854193, 0.0)",1
3596,10,14,13,"(0.0, 0.0, 0.11679612853536596, 0.06920069129515957, 0.09172770611919409, 0.07489992963210028, 0.0, 0.0, 0.14899621190854193, 0.0)",173
3597,10,15,8,"(0.08362898284257637, 0.0, 0.09886232529533268, 0.09247639241939104, 0.09173902283359818, 0.0, 0.04357037093627773, 0.0, 0.0, 0.0)",27
3598,10,15,8,"(0.09369258606422372, 0.0, 0.09886232529533268, 0.10095092273416302, 0.09173902283359818, 0.0, 0.04357037093627773, 0.0, 0.0, 0.0)",4
3599,10,15,8,"(0.08362898284257637, 0.0, 0.06771000469534266, 0.09247639241939104, 0.09173902283359818, 0.0, 0.04357037093627773, 0.0, 0.0, 0.0)",20
3600,10,15,8,"(0.09369258606422372, 0.0, 0.09886232529533268, 0.09247639241939104, 0.09173902283359818, 0.0, 0.04357037093627773, 0.0, 0.0, 0.0)",265
3601,10,15,11,"(0.09033430006888621, 0.14970886995698662, 0.0, 0.0, 0.0, 0.03639039867930682, 0.0, 0.08279881135943302, 0.0, 0.01812760691895582)",1
3602,10,15,11,"(0.09033430006888621, 0.14970886995698662, 0.0, 0.0, 0.0, 0.04688669779969397, 0.0, 0.053387606681576695, 0.0, 0.01812760691895582)",1
3603,10,15,11,"(0.09033430006888621, 0.14970886995698662, 0.0, 0.0, 0.0, 0.04688669779969397, 0.0, 0.12869625172287194, 0.0, 0.01812760691895582)",6
3604,10,15,11,"(0.09033430006888621, 0.14970886995698662, 0.0, 0.0, 0.0, 0.04688669779969397, 0.0, 0.07643517586316805, 0.0, 0.01812760691895582)",1
3605,10,15,11,"(0.09033430006888621, 0.14970886995698662, 0.0, 0.0, 0.0, 0.04688669779969397, 0.0, 0.08279881135943302, 0.0, 0.01843316353084199)",3
3606,10,15,11,"(0.09033430006888621, 0.14970886995698662, 0.0, 0.0, 0.0, 0.04688669779969397, 0.0, 0.08279881135943302, 0.0, 0.01812760691895582)",405
3607,10,15,11,"(0.07509681627703828, 0.14970886995698662, 0.0, 0.0, 0.0, 0.04688669779969397, 0.0, 0.08279881135943302, 0.0, 0.01812760691895582)",1
3608,10,15,13,"(0.0, 0.0, 0.11679612853536596, 0.06920069129515957, 0.09172770611919409, 0.07489992963210028, 0.0, 0.0, 0.09712390351549101, 0.0)",18
3609,10,15,13,"(0.0, 0.0, 0.11679612853536596, 0.06920069129515957, 0.09172770611919409, 0.07489992963210028, 0.0, 0.0, 0.14899621190854193, 0.0)",158
3610,10,15,13,"(0.0, 0.0, 0.08290250730222022, 0.06920069129515957, 0.09172770611919409, 0.07489992963210028, 0.0, 0.0, 0.14899621190854193, 0.0)",1
3611,10,16,8,"(0.09369258606422372, 0.0, 0.09886232529533268, 0.09247639241939104, 0.09173902283359818, 0.0, 0.034470839043027855, 0.0, 0.0, 0.0)",1
3612,10,16,8,"(0.09369258606422372, 0.0, 0.12303625357682003, 0.09247639241939104, 0.09173902283359818, 0.0, 0.04357037093627773, 0.0, 0.0, 0.0)",1
3613,10,16,8,"(0.09369258606422372, 0.0, 0.09886232529533268, 0.09247639241939104, 0.09173902283359818, 0.0, 0.04357037093627773, 0.0, 0.0, 0.0)",341
3614,10,16,8,"(0.06774528202093705, 0.0, 0.09886232529533268, 0.09247639241939104, 0.09173902283359818, 0.0, 0.04357037093627773, 0.0, 0.0, 0.0)",1
3615,10,16,8,"(0.09369258606422372, 0.0, 0.09886232529533268, 0.05918890067419046, 0.09173902283359818, 0.0, 0.04357037093627773, 0.0, 0.0, 0.0)",2
3616,10,16,8,"(0.08362898284257637, 0.0, 0.09886232529533268, 0.09247639241939104, 0.09173902283359818, 0.0, 0.04357037093627773, 0.0, 0.0, 0.0)",21
3617,10,16,11,"(0.09033430006888621, 0.14970886995698662, 0.0, 0.0, 0.0, 0.04688669779969397, 0.0, 0.08279881135943302, 0.0, 0.01884768292022387)",1
3618,10,16,11,"(0.09033430006888621, 0.19876984915394375, 0.0, 0.0, 0.0, 0.04688669779969397, 0.0, 0.08279881135943302, 0.0, 0.01812760691895582)",1
3619,10,16,11,"(0.09033430006888621, 0.14970886995698662, 0.0, 0.0, 0.0, 0.04688669779969397, 0.0, 0.11626477465981018, 0.0, 0.01812760691895582)",1
3620,10,16,11,"(0.09033430006888621, 0.14970886995698662, 0.0, 0.0, 0.0, 0.04688669779969397, 0.0, 0.08279881135943302, 0.0, 0.01812760691895582)",373
3621,10,16,11,"(0.09033430006888621, 0.14970886995698662, 0.0, 0.0, 0.0, 0.11300678906950061, 0.0, 0.08279881135943302, 0.0, 0.01812760691895582)",2
3622,10,16,11,"(0.09033430006888621, 0.14970886995698662, 0.0, 0.0, 0.0, 0.04688669779969397, 0.0, 0.039245898526222664, 0.0, 0.01812760691895582)",1
3623,10,16,11,"(0.09033430006888621, 0.10732496113325324, 0.0, 0.0, 0.0, 0.03457059878900251, 0.0, 0.08279881135943302, 0.0, 0.01812760691895582)",25
3624,10,16,13,"(0.0, 0.0, 0.11679612853536596, 0.06920069129515957, 0.09172770611919409, 0.07489992963210028, 0.0, 0.0, 0.14899621190854193, 0.0)",114
3625,10,16,13,"(0.0, 0.0, 0.11679612853536596, 0.06920069129515957, 0.0971247337444351, 0.07489992963210028, 0.0, 0.0, 0.14899621190854193, 0.0)",62
3626,10,17,8,"(0.09369258606422372, 0.0, 0.10686260172733307, 0.09247639241939104, 0.09173902283359818, 0.0, 0.04357037093627773, 0.0, 0.0, 0.0)",23
3627,10,17,8,"(0.09369258606422372, 0.0, 0.10483267918374606, 0.09247639241939104, 0.09173902283359818, 0.0, 0.04357037093627773, 0.0, 0.0, 0.0)",10
3628,10,17,8,"(0.08362898284257637, 0.0, 0.09886232529533268, 0.09247639241939104, 0.09173902283359818, 0.0, 0.04357037093627773, 0.0, 0.0, 0.0)",65
3629,10,17,8,"(0.060682773660920994, 0.0, 0.09886232529533268, 0.09247639241939104, 0.09173902283359818, 0.0, 0.04357037093627773, 0.0, 0.0, 0.0)",1
3630,10,17,8,"(0.09369258606422372, 0.0, 0.09886232529533268, 0.09247639241939104, 0.09173902283359818, 0.0, 0.04357037093627773, 0.0, 0.0, 0.0)",255
3631,10,17,11,"(0.08495518432949259, 0.14374425916834158, 0.0, 0.0, 0.0, 0.04688669779969397, 0.0, 0.08279881135943302, 0.0, 0.01812760691895582)",2
3632,10,17,11,"(0.09033430006888621, 0.14970886995698662, 0.0, 0.0, 0.0, 0.04688669779969397, 0.0, 0.08279881135943302, 0.0, 0.01880601047460148)",9
3633,10,17,11,"(0.09033430006888621, 0.14970886995698662, 0.0, 0.0, 0.0, 0.041817899389056105, 0.0, 0.08279881135943302, 0.0, 0.01812760691895582)",1
3634,10,17,11,"(0.09033430006888621, 0.14970886995698662, 0.0, 0.0, 0.0, 0.08340494773566205, 0.0, 0.07904933904629445, 0.0, 0.01880601047460148)",1
3635,10,17,11,"(0.09033430006888621, 0.14970886995698662, 0.0, 0.0, 0.0, 0.04688669779969397, 0.0, 0.08279881135943302, 0.0, 0.01812760691895582)",400
3636,10,17,11,"(0.08653889187177062, 0.14970886995698662, 0.0, 0.0, 0.0, 0.022739493579283322, 0.0, 0.08279881135943302, 0.0, 0.01812760691895582)",1
3637,10,17,13,"(0.0, 0.0, 0.11679612853536596, 0.06920069129515957, 0.09172770611919409, 0.07489992963210028, 0.0, 0.0, 0.14899621190854193, 0.0)",179
3638,10,18,8,"(0.09369258606422372, 0.0, 0.28935989730308326, 0.09247639241939104, 0.09173902283359818, 0.0, 0.04357037093627773, 0.0, 0.0, 0.0)",1
3639,10,18,8,"(0.10845448841315657, 0.0, 0.1427391840085363, 0.09247639241939104, 0.07420480548847712, 0.0, 0.04357037093627773, 0.0, 0.0, 0.0)",1
3640,10,18,8,"(0.10845448841315657, 0.0, 0.1427391840085363, 0.09247639241939104, 0.09173902283359818, 0.0, 0.04357037093627773, 0.0, 0.0, 0.0)",2
3641,10,18,8,"(0.09369258606422372, 0.0, 0.13527343563033103, 0.09247639241939104, 0.09173902283359818, 0.0, 0.014956349924927292, 0.0, 0.0, 0.0)",2
3642,10,18,8,"(0.09369258606422372, 0.0, 0.09886232529533268, 0.09247639241939104, 0.09173902283359818, 0.0, 0.04357037093627773, 0.0, 0.0, 0.0)",336
3643,10,18,11,"(0.14385509607353575, 0.14970886995698662, 0.0, 0.0, 0.0, 0.04688669779969397, 0.0, 0.08279881135943302, 0.0, 0.01812760691895582)",7
3644,10,18,11,"(0.09033430006888621, 0.14970886995698662, 0.0, 0.0, 0.0, 0.04688669779969397, 0.0, 0.08032719001442146, 0.0, 0.01812760691895582)",1
3645,10,18,11,"(0.05387839566042004, 0.14970886995698662, 0.0, 0.0, 0.0, 0.04688669779969397, 0.0, 0.08279881135943302, 0.0, 0.01812760691895582)",1
3646,10,18,11,"(0.09033430006888621, 0.14970886995698662, 0.0, 0.0, 0.0, 0.02558691747055389, 0.0, 0.08279881135943302, 0.0, 0.01812760691895582)",1
3647,10,18,11,"(0.09033430006888621, 0.14970886995698662, 0.0, 0.0, 0.0, 0.060573711621325466, 0.0, 0.08279881135943302, 0.0, 0.01812760691895582)",2
3648,10,18,11,"(0.09033430006888621, 0.14970886995698662, 0.0, 0.0, 0.0, 0.04688669779969397, 0.0, 0.12212397270100675, 0.0, 0.01812760691895582)",1
3649,10,18,11,"(0.09033430006888621, 0.14970886995698662, 0.0, 0.0, 0.0, 0.04688669779969397, 0.0, 0.08279881135943302, 0.0, 0.01812760691895582)",417
3650,10,18,11,"(0.0466703689188359, 0.14970886995698662, 0.0, 0.0, 0.0, 0.04688669779969397, 0.0, 0.08279881135943302, 0.0, 0.01812760691895582)",45
3651,10,18,11,"(0.09033430006888621, 0.14970886995698662, 0.0, 0.0, 0.0, 0.04688669779969397, 0.0, 0.08279881135943302, 0.0, 0.028004621451752924)",2
3652,10,18,13,"(0.0, 0.0, 0.11679612853536596, 0.06920069129515957, 0.09172770611919409, 0.07489992963210028, 0.0, 0.0, 0.14899621190854193, 0.0)",176
3653,10,18,13,"(0.0, 0.0, 0.11679612853536596, 0.06215182658754842, 0.14021347002900117, 0.07489992963210028, 0.0, 0.0, 0.15038657436395603, 0.0)",1
3654,10,19,8,"(0.09369258606422372, 0.0, 0.09886232529533268, 0.09247639241939104, 0.09173902283359818, 0.0, 0.04357037093627773, 0.0, 0.0, 0.0)",280
3655,10,19,8,"(0.07431437606555931, 0.0, 0.09886232529533268, 0.09247639241939104, 0.09173902283359818, 0.0, 0.04357037093627773, 0.0, 0.0, 0.0)",4
3656,10,19,8,"(0.11396194788962218, 0.0, 0.09886232529533268, 0.09247639241939104, 0.09173902283359818, 0.0, 0.04357037093627773, 0.0, 0.0, 0.0)",12
3657,10,19,8,"(0.09369258606422372, 0.0, 0.09886232529533268, 0.09247639241939104, 0.09173902283359818, 0.0, 0.04975056111497385, 0.0, 0.0, 0.0)",1
3658,10,19,8,"(0.09369258606422372, 0.0, 0.09886232529533268, 0.1752737694320642, 0.09173902283359818, 0.0, 0.04357037093627773, 0.0, 0.0, 0.0)",2
3659,10,19,11,"(0.0784219646985886, 0.14970886995698662, 0.0, 0.0, 0.0, 0.04688669779969397, 0.0, 0.08279881135943302, 0.0, 0.01812760691895582)",36
3660,10,19,11,"(0.09033430006888621, 0.14970886995698662, 0.0, 0.0, 0.0, 0.04239003934753744, 0.0, 0.08279881135943302, 0.0, 0.01812760691895582)",1
3661,10,19,11,"(0.09033430006888621, 0.12467972928125882, 0.0, 0.0, 0.0, 0.04688669779969397, 0.0, 0.08279881135943302, 0.0, 0.014990938127993073)",1
3662,10,19,11,"(0.09173473522290353, 0.14970886995698662, 0.0, 0.0, 0.0, 0.04688669779969397, 0.0, 0.08279881135943302, 0.0, 0.01812760691895582)",1
3663,10,19,11,"(0.0466703689188359, 0.14970886995698662, 0.0, 0.0, 0.0, 0.04688669779969397, 0.0, 0.08279881135943302, 0.0, 0.01812760691895582)",40
3664,10,19,11,"(0.09033430006888621, 0.14970886995698662, 0.0, 0.0, 0.0, 0.0530961615083716, 0.0, 0.08279881135943302, 0.0, 0.01812760691895582)",9
3665,10,19,11,"(0.09033430006888621, 0.14970886995698662, 0.0, 0.0, 0.0, 0.04688669779969397, 0.0, 0.04290306702044905, 0.0, 0.01812760691895582)",1
3666,10,19,11,"(0.09033430006888621, 0.14970886995698662, 0.0, 0.0, 0.0, 0.04688669779969397, 0.0, 0.08279881135943302, 0.0, 0.01812760691895582)",455
3667,10,19,11,"(0.14673397800815902, 0.14970886995698662, 0.0, 0.0, 0.0, 0.04688669779969397, 0.0, 0.08279881135943302, 0.0, 0.01812760691895582)",2
3668,10,19,11,"(0.07834548337164635, 0.14970886995698662, 0.0, 0.0, 0.0, 0.04688669779969397, 0.0, 0.08279881135943302, 0.0, 0.01812760691895582)",1
3669,10,19,11,"(0.09033430006888621, 0.14970886995698662, 0.0, 0.0, 0.0, 0.04688669779969397, 0.0, 0.040902310814394896, 0.0, 0.01812760691895582)",2
3670,10,19,13,"(0.0, 0.0, 0.11679612853536596, 0.06920069129515957, 0.09172770611919409, 0.07489992963210028, 0.0, 0.0, 0.14899621190854193, 0.0)",168
3671,10,20,8,"(0.09369258606422372, 0.0, 0.11709619086487122, 0.09247639241939104, 0.09173902283359818, 0.0, 0.04357037093627773, 0.0, 0.0, 0.0)",14
3672,10,20,8,"(0.09369258606422372, 0.0, 0.09886232529533268, 0.09247639241939104, 0.09173902283359818, 0.0, 0.019735831656785476, 0.0, 0.0, 0.0)",1
3673,10,20,8,"(0.09369258606422372, 0.0, 0.09886232529533268, 0.09247639241939104, 0.09173902283359818, 0.0, 0.04357037093627773, 0.0, 0.0, 0.0)",308
3674,10,20,8,"(0.12517446831082712, 0.0, 0.19714217267296974, 0.09247639241939104, 0.09173902283359818, 0.0, 0.04357037093627773, 0.0, 0.0, 0.0)",3
3675,10,20,8,"(0.09369258606422372, 0.0, 0.09886232529533268, 0.09247639241939104, 0.04981229640271409, 0.0, 0.04357037093627773, 0.0, 0.0, 0.0)",1
3676,10,20,8,"(0.09369258606422372, 0.0, 0.09886232529533268, 0.09247639241939104, 0.09173902283359818, 0.0, 0.06278729241336463, 0.0, 0.0, 0.0)",1
3677,10,20,8,"(0.09369258606422372, 0.0, 0.19714217267296974, 0.09247639241939104, 0.09173902283359818, 0.0, 0.04357037093627773, 0.0, 0.0, 0.0)",27
3678,10,20,8,"(0.09444230946109247, 0.0, 0.09886232529533268, 0.09247639241939104, 0.09173902283359818, 0.0, 0.025821288087068364, 0.0, 0.0, 0.0)",1
3679,10,20,11,"(0.09033430006888621, 0.14970886995698662, 0.0, 0.0, 0.0, 0.05876747388856072, 0.0, 0.08279881135943302, 0.0, 0.01812760691895582)",1
3680,10,20,11,"(0.0784219646985886, 0.14970886995698662, 0.0, 0.0, 0.0, 0.04688669779969397, 0.0, 0.08279881135943302, 0.0, 0.01812760691895582)",5
3681,10,20,11,"(0.06660646048005182, 0.09911489852753604, 0.0, 0.0, 0.0, 0.04688669779969397, 0.0, 0.09761605902145293, 0.0, 0.01812760691895582)",2
3682,10,20,11,"(0.09033430006888621, 0.14970886995698662, 0.0, 0.0, 0.0, 0.04688669779969397, 0.0, 0.08279881135943302, 0.0, 0.01812760691895582)",172
3683,10,20,11,"(0.06660646048005182, 0.09911489852753604, 0.0, 0.0, 0.0, 0.04688669779969397, 0.0, 0.06859712916106615, 0.0, 0.01812760691895582)",89
3684,10,20,11,"(0.06660646048005182, 0.09911489852753604, 0.0, 0.0, 0.0, 0.04688669779969397, 0.0, 0.0613572500768459, 0.0, 0.01812760691895582)",144
3685,10,20,11,"(0.09033430006888621, 0.24473209131054233, 0.0, 0.0, 0.0, 0.04688669779969397, 0.0, 0.08279881135943302, 0.0, 0.01812760691895582)",1
3686,10,20,11,"(0.17764055384602587, 0.14554577596167967, 0.0, 0.0, 0.0, 0.04688669779969397, 0.0, 0.08279881135943302, 0.0, 0.01812760691895582)",1
3687,10,20,13,"(0.0, 0.0, 0.11679612853536596, 0.06920069129515957, 0.09172770611919409, 0.07489992963210028, 0.0, 0.0, 0.14899621190854193, 0.0)",178
3688,10,20,13,"(0.0, 0.0, 0.11679612853536596, 0.02940181824320376, 0.09172770611919409, 0.07489992963210028, 0.0, 0.0, 0.14899621190854193, 0.0)",1
3689,10,20,13,"(0.0, 0.0, 0.11679612853536596, 0.06262410022700904, 0.09172770611919409, 0.07489992963210028, 0.0, 0.0, 0.3650395033525372, 0.0)",1
3690,10,20,13,"(0.0, 0.0, 0.11679612853536596, 0.04913197654473306, 0.09172770611919409, 0.25350862058974444, 0.0, 0.0, 0.22052591656380488, 0.0)",1
3691,11,0,8,"(0.09369258606422372, 0.0, 0.09886232529533268, 0.09247639241939104, 0.09173902283359818, 0.0, 0.04357037093627773, 0.0, 0.0, 0.0)",255
3692,11,0,8,"(0.09369258606422372, 0.0, 0.08950620996642342, 0.09247639241939104, 0.19046202257985692, 0.0, 0.06826344941350267, 0.0, 0.0, 0.0)",2
3693,11,0,8,"(0.09369258606422372, 0.0, 0.09886232529533268, 0.09247639241939104, 0.09173902283359818, 0.0, 0.0737609332704606, 0.0, 0.0, 0.0)",2
3694,11,0,8,"(0.09369258606422372, 0.0, 0.08950620996642342, 0.09247639241939104, 0.09173902283359818, 0.0, 0.06826344941350267, 0.0, 0.0, 0.0)",48
3695,11,0,8,"(0.09369258606422372, 0.0, 0.0608330948374568, 0.07446661733484106, 0.09173902283359818, 0.0, 0.04357037093627773, 0.0, 0.0, 0.0)",2
3696,11,0,11,"(0.09033430006888621, 0.14970886995698662, 0.0, 0.0, 0.0, 0.03935288711602038, 0.0, 0.08279881135943302, 0.0, 0.01812760691895582)",5
3697,11,0,11,"(0.09033430006888621, 0.14970886995698662, 0.0, 0.0, 0.0, 0.04688669779969397, 0.0, 0.08279881135943302, 0.0, 0.01812760691895582)",489
3698,11,0,11,"(0.09033430006888621, 0.14970886995698662, 0.0, 0.0, 0.0, 0.04688669779969397, 0.0, 0.09143271984895815, 0.0, 0.026160085769265214)",1
3699,11,0,11,"(0.09033430006888621, 0.1749508639754052, 0.0, 0.0, 0.0, 0.04688669779969397, 0.0, 0.08279881135943302, 0.0, 0.01812760691895582)",1
3700,11,0,11,"(0.09033430006888621, 0.1380559647841724, 0.0, 0.0, 0.0, 0.04688669779969397, 0.0, 0.08279881135943302, 0.0, 0.01812760691895582)",4
3701,11,0,11,"(0.09033430006888621, 0.14970886995698662, 0.0, 0.0, 0.0, 0.04688669779969397, 0.0, 0.08414502869947499, 0.0, 0.01812760691895582)",1
3702,11,0,11,"(0.09033430006888621, 0.14970886995698662, 0.0, 0.0, 0.0, 0.04614708635073898, 0.0, 0.08279881135943302, 0.0, 0.01812760691895582)",3
3703,11,0,13,"(0.0, 0.0, 0.11679612853536596, 0.06920069129515957, 0.09172770611919409, 0.09578950094083319, 0.0, 0.0, 0.14899621190854193, 0.0)",1
3704,11,0,13,"(0.0, 0.0, 0.11679612853536596, 0.06920069129515957, 0.09172770611919409, 0.07489992963210028, 0.0, 0.0, 0.14899621190854193, 0.0)",169
3705,11,0,13,"(0.0, 0.0, 0.11679612853536596, 0.06920069129515957, 0.09172770611919409, 0.07050316918465992, 0.0, 0.0, 0.14899621190854193, 0.0)",1
3706,11,1,8,"(0.09369258606422372, 0.0, 0.08950620996642342, 0.09247639241939104, 0.09173902283359818, 0.0, 0.06826344941350267, 0.0, 0.0, 0.0)",95
3707,11,1,8,"(0.09369258606422372, 0.0, 0.09886232529533268, 0.09247639241939104, 0.09173902283359818, 0.0, 0.04357037093627773, 0.0, 0.0, 0.0)",193
3708,11,1,8,"(0.09369258606422372, 0.0, 0.08950620996642342, 0.07774179402552603, 0.09173902283359818, 0.0, 0.06826344941350267, 0.0, 0.0, 0.0)",2
3709,11,1,8,"(0.1990056712207689, 0.0, 0.09886232529533268, 0.17067263207660474, 0.09173902283359818, 0.0, 0.04357037093627773, 0.0, 0.0, 0.0)",1
3710,11,1,8,"(0.10439363147783887, 0.0, 0.09886232529533268, 0.08243329693237604, 0.09173902283359818, 0.0, 0.03118666811074286, 0.0, 0.0, 0.0)",1
3711,11,1,11,"(0.09033430006888621, 0.13375485921914868, 0.0, 0.0, 0.0, 0.05531240737871279, 0.0, 0.08279881135943302, 0.0, 0.01812760691895582)",1
3712,11,1,11,"(0.09033430006888621, 0.14970886995698662, 0.0, 0.0, 0.0, 0.04688669779969397, 0.0, 0.08279881135943302, 0.0, 0.019841319210903857)",2
3713,11,1,11,"(0.09033430006888621, 0.1748909435557189, 0.0, 0.0, 0.0, 0.04688669779969397, 0.0, 0.08689850704045696, 0.0, 0.01812760691895582)",1
3714,11,1,11,"(0.09033430006888621, 0.14970886995698662, 0.0, 0.0, 0.0, 0.04688669779969397, 0.0, 0.08279881135943302, 0.0, 0.01812760691895582)",526
3715,11,1,11,"(0.09112590525999531, 0.14970886995698662, 0.0, 0.0, 0.0, 0.04688669779969397, 0.0, 0.08279881135943302, 0.0, 0.01812760691895582)",5
3716,11,1,13,"(0.0, 0.0, 0.11679612853536596, 0.06920069129515957, 0.09172770611919409, 0.07489992963210028, 0.0, 0.0, 0.14899621190854193, 0.0)",153
3717,11,1,13,"(0.0, 0.0, 0.11679612853536596, 0.05701208221194488, 0.09172770611919409, 0.07489992963210028, 0.0, 0.0, 0.14899621190854193, 0.0)",9
3718,11,2,8,"(0.09369258606422372, 0.0, 0.09886232529533268, 0.09247639241939104, 0.09173902283359818, 0.0, 0.03958694803533856, 0.0, 0.0, 0.0)",2
3719,11,2,8,"(0.09369258606422372, 0.0, 0.09886232529533268, 0.09247639241939104, 0.09173902283359818, 0.0, 0.04357037093627773, 0.0, 0.0, 0.0)",331
3720,11,2,8,"(0.07640355595692244, 0.0, 0.09886232529533268, 0.09247639241939104, 0.09173902283359818, 0.0, 0.04357037093627773, 0.0, 0.0, 0.0)",1
3721,11,2,8,"(0.13072774477755894, 0.0, 0.09886232529533268, 0.09247639241939104, 0.10546301791946831, 0.0, 0.04357037093627773, 0.0, 0.0, 0.0)",2
3722,11,2,11,"(0.09033430006888621, 0.14970886995698662, 0.0, 0.0, 0.0, 0.03696236441451195, 0.0, 0.08279881135943302, 0.0, 0.014205178917559475)",1
3723,11,2,11,"(0.13905346398715443, 0.15785421475597813, 0.0, 0.0, 0.0, 0.04688669779969397, 0.0, 0.08279881135943302, 0.0, 0.01812760691895582)",1
3724,11,2,11,"(0.09033430006888621, 0.14970886995698662, 0.0, 0.0, 0.0, 0.03401871509248374, 0.0, 0.08279881135943302, 0.0, 0.01812760691895582)",28
3725,11,2,11,"(0.09033430006888621, 0.14970886995698662, 0.0, 0.0, 0.0, 0.06892549682975455, 0.0, 0.08279881135943302, 0.0, 0.01812760691895582)",23
3726,11,2,11,"(0.09033430006888621, 0.14970886995698662, 0.0, 0.0, 0.0, 0.036752379877710316, 0.0, 0.08279881135943302, 0.0, 0.01812760691895582)",18
3727,11,2,11,"(0.09033430006888621, 0.14970886995698662, 0.0, 0.0, 0.0, 0.04688669779969397, 0.0, 0.14527174244037985, 0.0, 0.01812760691895582)",1
3728,11,2,11,"(0.09033430006888621, 0.14970886995698662, 0.0, 0.0, 0.0, 0.04688669779969397, 0.0, 0.056443332120498214, 0.0, 0.01812760691895582)",1
3729,11,2,11,"(0.16942970981711442, 0.14970886995698662, 0.0, 0.0, 0.0, 0.04688669779969397, 0.0, 0.08279881135943302, 0.0, 0.01812760691895582)",2
3730,11,2,11,"(0.09033430006888621, 0.12079818849660998, 0.0, 0.0, 0.0, 0.03696236441451195, 0.0, 0.08279881135943302, 0.0, 0.014205178917559475)",1
3731,11,2,11,"(0.11646006604948146, 0.14970886995698662, 0.0, 0.0, 0.0, 0.04688669779969397, 0.0, 0.056443332120498214, 0.0, 0.01812760691895582)",1
3732,11,2,11,"(0.09033430006888621, 0.14970886995698662, 0.0, 0.0, 0.0, 0.04688669779969397, 0.0, 0.08279881135943302, 0.0, 0.01812760691895582)",367
3733,11,2,13,"(0.0, 0.0, 0.11679612853536596, 0.06920069129515957, 0.09172770611919409, 0.07489992963210028, 0.0, 0.0, 0.07258529156175071, 0.0)",25
3734,11,2,13,"(0.0, 0.0, 0.11679612853536596, 0.06920069129515957, 0.09172770611919409, 0.07489992963210028, 0.0, 0.0, 0.14899621190854193, 0.0)",145
3735,11,2,13,"(0.0, 0.0, 0.11679612853536596, 0.06920069129515957, 0.0849222821510906, 0.07489992963210028, 0.0, 0.0, 0.14899621190854193, 0.0)",9
3736,11,3,8,"(0.09369258606422372, 0.0, 0.09886232529533268, 0.09586497299184915, 0.09173902283359818, 0.0, 0.04357037093627773, 0.0, 0.0, 0.0)",1
3737,11,3,8,"(0.130968265642922, 0.0, 0.09886232529533268, 0.09247639241939104, 0.09173902283359818, 0.0, 0.04357037093627773, 0.0, 0.0, 0.0)",1
3738,11,3,8,"(0.09369258606422372, 0.0, 0.09886232529533268, 0.09586497299184915, 0.08315289456903162, 0.0, 0.04357037093627773, 0.0, 0.0, 0.0)",5
3739,11,3,8,"(0.09369258606422372, 0.0, 0.09886232529533268, 0.09247639241939104, 0.09173902283359818, 0.0, 0.06373180745852436, 0.0, 0.0, 0.0)",11
3740,11,3,8,"(0.09369258606422372, 0.0, 0.14747816684551007, 0.05215499068595056, 0.09173902283359818, 0.0, 0.036855721985228525, 0.0, 0.0, 0.0)",16
3741,11,3,8,"(0.09369258606422372, 0.0, 0.09886232529533268, 0.09247639241939104, 0.09173902283359818, 0.0, 0.07483191289841473, 0.0, 0.0, 0.0)",2
3742,11,3,8,"(0.09369258606422372, 0.0, 0.09886232529533268, 0.09247639241939104, 0.09173902283359818, 0.0, 0.04357037093627773, 0.0, 0.0, 0.0)",322
3743,11,3,11,"(0.09033430006888621, 0.14970886995698662, 0.0, 0.0, 0.0, 0.04688669779969397, 0.0, 0.1352650200324796, 0.0, 0.01812760691895582)",1
3744,11,3,11,"(0.09033430006888621, 0.12375104023957435, 0.0, 0.0, 0.0, 0.04688669779969397, 0.0, 0.08279881135943302, 0.0, 0.01812760691895582)",49
3745,11,3,11,"(0.09033430006888621, 0.12375104023957435, 0.0, 0.0, 0.0, 0.04688669779969397, 0.0, 0.10224765999720822, 0.0, 0.01812760691895582)",1
3746,11,3,11,"(0.09033430006888621, 0.14970886995698662, 0.0, 0.0, 0.0, 0.04688669779969397, 0.0, 0.08502106405211635, 0.0, 0.01812760691895582)",2
3747,11,3,11,"(0.07352429446743654, 0.14970886995698662, 0.0, 0.0, 0.0, 0.04688669779969397, 0.0, 0.08279881135943302, 0.0, 0.01812760691895582)",2
3748,11,3,11,"(0.09033430006888621, 0.14970886995698662, 0.0, 0.0, 0.0, 0.04688669779969397, 0.0, 0.13376621283309978, 0.0, 0.01812760691895582)",3
3749,11,3,11,"(0.09033430006888621, 0.14970886995698662, 0.0, 0.0, 0.0, 0.04688669779969397, 0.0, 0.08279881135943302, 0.0, 0.01812760691895582)",397
3750,11,3,11,"(0.09033430006888621, 0.24038080301500636, 0.0, 0.0, 0.0, 0.04688669779969397, 0.0, 0.08279881135943302, 0.0, 0.01812760691895582)",1
3751,11,3,11,"(0.09033430006888621, 0.14970886995698662, 0.0, 0.0, 0.0, 0.04688669779969397, 0.0, 0.08279881135943302, 0.0, 0.008564195187343972)",1
3752,11,3,11,"(0.09033430006888621, 0.17982971461488936, 0.0, 0.0, 0.0, 0.04688669779969397, 0.0, 0.08279881135943302, 0.0, 0.01812760691895582)",1
3753,11,3,13,"(0.0, 0.0, 0.11679612853536596, 0.06920069129515957, 0.09172770611919409, 0.07489992963210028, 0.0, 0.0, 0.14899621190854193, 0.0)",166
3754,11,3,13,"(0.0, 0.0, 0.15975223771093613, 0.06920069129515957, 0.08775554340085322, 0.07489992963210028, 0.0, 0.0, 0.14899621190854193, 0.0)",1
3755,11,4,8,"(0.07510569605806472, 0.0, 0.09886232529533268, 0.09247639241939104, 0.09173902283359818, 0.0, 0.05620934791004716, 0.0, 0.0, 0.0)",1
3756,11,4,8,"(0.09369258606422372, 0.0, 0.09886232529533268, 0.09247639241939104, 0.11477791705423954, 0.0, 0.04357037093627773, 0.0, 0.0, 0.0)",1
3757,11,4,8,"(0.09369258606422372, 0.0, 0.09886232529533268, 0.09247639241939104, 0.09173902283359818, 0.0, 0.04357037093627773, 0.0, 0.0, 0.0)",392
3758,11,4,8,"(0.09369258606422372, 0.0, 0.09886232529533268, 0.09247639241939104, 0.14344502584409619, 0.0, 0.04357037093627773, 0.0, 0.0, 0.0)",1
3759,11,4,11,"(0.09033430006888621, 0.2833755043124573, 0.0, 0.0, 0.0, 0.04688669779969397, 0.0, 0.08279881135943302, 0.0, 0.01812760691895582)",1
3760,11,4,11,"(0.09033430006888621, 0.14970886995698662, 0.0, 0.0, 0.0, 0.026020910393889273, 0.0, 0.08927764601443645, 0.0, 0.01812760691895582)",9
3761,11,4,11,"(0.07279036871142582, 0.14970886995698662, 0.0, 0.0, 0.0, 0.04688669779969397, 0.0, 0.08279881135943302, 0.0, 0.01812760691895582)",2
3762,11,4,11,"(0.09033430006888621, 0.12375104023957435, 0.0, 0.0, 0.0, 0.04688669779969397, 0.0, 0.08279881135943302, 0.0, 0.01812760691895582)",61
3763,11,4,11,"(0.1979887552880027, 0.12375104023957435, 0.0, 0.0, 0.0, 0.04688669779969397, 0.0, 0.08279881135943302, 0.0, 0.01812760691895582)",2
3764,11,4,11,"(0.09033430006888621, 0.14970886995698662, 0.0, 0.0, 0.0, 0.04688669779969397, 0.0, 0.08279881135943302, 0.0, 0.01812760691895582)",311
3765,11,4,13,"(0.0, 0.0, 0.11679612853536596, 0.06920069129515957, 0.09172770611919409, 0.07489992963210028, 0.0, 0.0, 0.1898184616524939, 0.0)",9
3766,11,4,13,"(0.0, 0.0, 0.11679612853536596, 0.06920069129515957, 0.09172770611919409, 0.07489992963210028, 0.0, 0.0, 0.14899621190854193, 0.0)",159
3767,11,5,8,"(0.09369258606422372, 0.0, 0.09886232529533268, 0.09247639241939104, 0.09173902283359818, 0.0, 0.04357037093627773, 0.0, 0.0, 0.0)",269
3768,11,5,8,"(0.1469427159280102, 0.0, 0.09886232529533268, 0.09247639241939104, 0.09173902283359818, 0.0, 0.04357037093627773, 0.0, 0.0, 0.0)",1
3769,11,5,8,"(0.09369258606422372, 0.0, 0.09886232529533268, 0.09247639241939104, 0.11130712274704845, 0.0, 0.047941206632214024, 0.0, 0.0, 0.0)",1
3770,11,5,11,"(0.09033430006888621, 0.14970886995698662, 0.0, 0.0, 0.0, 0.04688669779969397, 0.0, 0.08279881135943302, 0.0, 0.01812760691895582)",440
3771,11,5,11,"(0.057627526302720056, 0.14970886995698662, 0.0, 0.0, 0.0, 0.04688669779969397, 0.0, 0.08279881135943302, 0.0, 0.021732451694642343)",2
3772,11,5,11,"(0.09033430006888621, 0.14970886995698662, 0.0, 0.0, 0.0, 0.04688669779969397, 0.0, 0.07459631856994421, 0.0, 0.01812760691895582)",3
3773,11,5,11,"(0.09033430006888621, 0.15441737595343513, 0.0, 0.0, 0.0, 0.04688669779969397, 0.0, 0.08279881135943302, 0.0, 0.01812760691895582)",1
3774,11,5,11,"(0.09033430006888621, 0.14970886995698662, 0.0, 0.0, 0.0, 0.04688669779969397, 0.0, 0.08279881135943302, 0.0, 0.02472337096450293)",1
3775,11,5,11,"(0.09033430006888621, 0.10034072336593564, 0.0, 0.0, 0.0, 0.04688669779969397, 0.0, 0.08279881135943302, 0.0, 0.01812760691895582)",1
3776,11,5,11,"(0.09033430006888621, 0.19949762229085252, 0.0, 0.0, 0.0, 0.04688669779969397, 0.0, 0.08279881135943302, 0.0, 0.01812760691895582)",1
3777,11,5,11,"(0.09033430006888621, 0.12375104023957435, 0.0, 0.0, 0.0, 0.04688669779969397, 0.0, 0.08279881135943302, 0.0, 0.019610202943790983)",11
3778,11,5,11,"(0.09033430006888621, 0.12375104023957435, 0.0, 0.0, 0.0, 0.04688669779969397, 0.0, 0.08279881135943302, 0.0, 0.01812760691895582)",158
3779,11,5,11,"(0.09033430006888621, 0.14970886995698662, 0.0, 0.0, 0.0, 0.04688669779969397, 0.0, 0.08279881135943302, 0.0, 0.021732451694642343)",6
3780,11,5,11,"(0.10953369881548343, 0.12375104023957435, 0.0, 0.0, 0.0, 0.04688669779969397, 0.0, 0.08279881135943302, 0.0, 0.01812760691895582)",1
3781,11,5,13,"(0.0, 0.0, 0.11679612853536596, 0.06920069129515957, 0.09172770611919409, 0.07489992963210028, 0.0, 0.0, 0.14899621190854193, 0.0)",173
3782,11,6,8,"(0.09369258606422372, 0.0, 0.09886232529533268, 0.09247639241939104, 0.09173902283359818, 0.0, 0.10790239739137673, 0.0, 0.0, 0.0)",4
3783,11,6,8,"(0.09101499573164186, 0.0, 0.09886232529533268, 0.09247639241939104, 0.09173902283359818, 0.0, 0.04357037093627773, 0.0, 0.0, 0.0)",4
3784,11,6,8,"(0.0872564749115358, 0.0, 0.09886232529533268, 0.09247639241939104, 0.09173902283359818, 0.0, 0.04357037093627773, 0.0, 0.0, 0.0)",1
3785,11,6,8,"(0.09369258606422372, 0.0, 0.09886232529533268, 0.09247639241939104, 0.09173902283359818, 0.0, 0.04357037093627773, 0.0, 0.0, 0.0)",322
3786,11,6,11,"(0.09033430006888621, 0.14970886995698662, 0.0, 0.0, 0.0, 0.04688669779969397, 0.0, 0.08279881135943302, 0.0, 0.01812760691895582)",346
3787,11,6,11,"(0.09033430006888621, 0.14970886995698662, 0.0, 0.0, 0.0, 0.04688669779969397, 0.0, 0.08279881135943302, 0.0, 0.02746683356212869)",2
3788,11,6,11,"(0.1060401983882756, 0.14970886995698662, 0.0, 0.0, 0.0, 0.04688669779969397, 0.0, 0.08279881135943302, 0.0, 0.01812760691895582)",1
3789,11,6,11,"(0.09033430006888621, 0.14970886995698662, 0.0, 0.0, 0.0, 0.04744557313641032, 0.0, 0.08279881135943302, 0.0, 0.01812760691895582)",40
3790,11,6,11,"(0.09033430006888621, 0.14970886995698662, 0.0, 0.0, 0.0, 0.03256514636050597, 0.0, 0.08279881135943302, 0.0, 0.01812760691895582)",1
3791,11,6,11,"(0.09033430006888621, 0.11293727688899158, 0.0, 0.0, 0.0, 0.0449060613276917, 0.0, 0.08279881135943302, 0.0, 0.017672197114549155)",1
3792,11,6,11,"(0.09033430006888621, 0.11486221492136381, 0.0, 0.0, 0.0, 0.04688669779969397, 0.0, 0.08279881135943302, 0.0, 0.01812760691895582)",39
3793,11,6,13,"(0.0, 0.0, 0.11679612853536596, 0.07257657786501576, 0.11209768997814942, 0.07489992963210028, 0.0, 0.0, 0.14899621190854193, 0.0)",1
3794,11,6,13,"(0.0, 0.0, 0.11679612853536596, 0.06920069129515957, 0.09172770611919409, 0.07489992963210028, 0.0, 0.0, 0.14899621190854193, 0.0)",154
3795,11,7,8,"(0.09369258606422372, 0.0, 0.09886232529533268, 0.15289231064201625, 0.09173902283359818, 0.0, 0.030386770447444474, 0.0, 0.0, 0.0)",2
3796,11,7,8,"(0.09369258606422372, 0.0, 0.09886232529533268, 0.09247639241939104, 0.13375947263918775, 0.0, 0.04357037093627773, 0.0, 0.0, 0.0)",2
3797,11,7,8,"(0.09369258606422372, 0.0, 0.09886232529533268, 0.09247639241939104, 0.09173902283359818, 0.0, 0.12896332538682231, 0.0, 0.0, 0.0)",2
3798,11,7,8,"(0.09369258606422372, 0.0, 0.09886232529533268, 0.09726612737773752, 0.09173902283359818, 0.0, 0.053393953115869024, 0.0, 0.0, 0.0)",1
3799,11,7,8,"(0.09369258606422372, 0.0, 0.09886232529533268, 0.09247639241939104, 0.09841456654331034, 0.0, 0.04357037093627773, 0.0, 0.0, 0.0)",7
3800,11,7,8,"(0.09369258606422372, 0.0, 0.09886232529533268, 0.09247639241939104, 0.09173902283359818, 0.0, 0.04357037093627773, 0.0, 0.0, 0.0)",291
3801,11,7,8,"(0.09369258606422372, 0.0, 0.09886232529533268, 0.09247639241939104, 0.09173902283359818, 0.0, 0.02363865939593914, 0.0, 0.0, 0.0)",4
3802,11,7,11,"(0.09033430006888621, 0.14970886995698662, 0.0, 0.0, 0.0, 0.04688669779969397, 0.0, 0.08279881135943302, 0.0, 0.01812760691895582)",516
3803,11,7,11,"(0.09033430006888621, 0.1920823651617546, 0.0, 0.0, 0.0, 0.04688669779969397, 0.0, 0.08279881135943302, 0.0, 0.01812760691895582)",1
3804,11,7,11,"(0.09033430006888621, 0.14994059004783147, 0.0, 0.0, 0.0, 0.04688669779969397, 0.0, 0.08279881135943302, 0.0, 0.01812760691895582)",2
3805,11,7,11,"(0.09033430006888621, 0.14970886995698662, 0.0, 0.0, 0.0, 0.04688669779969397, 0.0, 0.08279881135943302, 0.0, 0.009332892799819564)",1
3806,11,7,11,"(0.0476928712046567, 0.14970886995698662, 0.0, 0.0, 0.0, 0.04688669779969397, 0.0, 0.0526780601398892, 0.0, 0.01812760691895582)",2
3807,11,7,11,"(0.09033430006888621, 0.14970886995698662, 0.0, 0.0, 0.0, 0.04688669779969397, 0.0, 0.1485733958905513, 0.0, 0.01812760691895582)",5
3808,11,7,11,"(0.09033430006888621, 0.15274444986322808, 0.0, 0.0, 0.0, 0.04688669779969397, 0.0, 0.08279881135943302, 0.0, 0.022270773886220143)",1
3809,11,7,13,"(0.0, 0.0, 0.11679612853536596, 0.0689311909735456, 0.09172770611919409, 0.20365771404324104, 0.0, 0.0, 0.14899621190854193, 0.0)",11
3810,11,7,13,"(0.0, 0.0, 0.14311659572761792, 0.06920069129515957, 0.09172770611919409, 0.07489992963210028, 0.0, 0.0, 0.14899621190854193, 0.0)",20
3811,11,7,13,"(0.0, 0.0, 0.11679612853536596, 0.06920069129515957, 0.09172770611919409, 0.0702140491840721, 0.0, 0.0, 0.14899621190854193, 0.0)",1
3812,11,7,13,"(0.0, 0.0, 0.11679612853536596, 0.06920069129515957, 0.09172770611919409, 0.07489992963210028, 0.0, 0.0, 0.14899621190854193, 0.0)",151
3813,11,8,8,"(0.09369258606422372, 0.0, 0.09886232529533268, 0.09247639241939104, 0.09841456654331034, 0.0, 0.04357037093627773, 0.0, 0.0, 0.0)",15
3814,11,8,8,"(0.09369258606422372, 0.0, 0.09886232529533268, 0.09247639241939104, 0.09173902283359818, 0.0, 0.04357037093627773, 0.0, 0.0, 0.0)",258
3815,11,8,8,"(0.09247830179139283, 0.0, 0.09886232529533268, 0.13857475883615308, 0.09173902283359818, 0.0, 0.04357037093627773, 0.0, 0.0, 0.0)",1
3816,11,8,11,"(0.09033430006888621, 0.14970886995698662, 0.0, 0.0, 0.0, 0.04688669779969397, 0.0, 0.08231646885417801, 0.0, 0.020039405524004864)",1
3817,11,8,11,"(0.09033430006888621, 0.14970886995698662, 0.0, 0.0, 0.0, 0.03591699543305384, 0.0, 0.07360924417336487, 0.0, 0.01812760691895582)",2
3818,11,8,11,"(0.09033430006888621, 0.14970886995698662, 0.0, 0.0, 0.0, 0.04688669779969397, 0.0, 0.10762558217255673, 0.0, 0.01812760691895582)",3
3819,11,8,11,"(0.09033430006888621, 0.14970886995698662, 0.0, 0.0, 0.0, 0.04744557313641032, 0.0, 0.08279881135943302, 0.0, 0.01812760691895582)",2
3820,11,8,11,"(0.09033430006888621, 0.14970886995698662, 0.0, 0.0, 0.0, 0.04688669779969397, 0.0, 0.08279881135943302, 0.0, 0.01812760691895582)",564
3821,11,8,11,"(0.14868650855880575, 0.14970886995698662, 0.0, 0.0, 0.0, 0.04688669779969397, 0.0, 0.11353463992827406, 0.0, 0.01812760691895582)",7
3822,11,8,11,"(0.09033430006888621, 0.1594530310347606, 0.0, 0.0, 0.0, 0.04688669779969397, 0.0, 0.08279881135943302, 0.0, 0.01812760691895582)",1
3823,11,8,11,"(0.09033430006888621, 0.1266981330197561, 0.0, 0.0, 0.0, 0.04688669779969397, 0.0, 0.08279881135943302, 0.0, 0.01812760691895582)",1
3824,11,8,11,"(0.064931727014728, 0.14970886995698662, 0.0, 0.0, 0.0, 0.04688669779969397, 0.0, 0.06564692644613031, 0.0, 0.01812760691895582)",1
3825,11,8,13,"(0.0, 0.0, 0.11679612853536596, 0.06920069129515957, 0.09172770611919409, 0.07489992963210028, 0.0, 0.0, 0.14899621190854193, 0.0)",172
3826,11,9,8,"(0.09369258606422372, 0.0, 0.09886232529533268, 0.10095092273416302, 0.09173902283359818, 0.0, 0.04357037093627773, 0.0, 0.0, 0.0)",99
3827,11,9,8,"(0.09369258606422372, 0.0, 0.13556839413615093, 0.09247639241939104, 0.09173902283359818, 0.0, 0.04357037093627773, 0.0, 0.0, 0.0)",4
3828,11,9,8,"(0.09369258606422372, 0.0, 0.09886232529533268, 0.09247639241939104, 0.09173902283359818, 0.0, 0.04357037093627773, 0.0, 0.0, 0.0)",206
3829,11,9,8,"(0.09369258606422372, 0.0, 0.09886232529533268, 0.11860935348046271, 0.09173902283359818, 0.0, 0.03721762488193365, 0.0, 0.0, 0.0)",1
3830,11,9,8,"(0.09369258606422372, 0.0, 0.09886232529533268, 0.0619052327522155, 0.08559293003982085, 0.0, 0.04357037093627773, 0.0, 0.0, 0.0)",1
3831,11,9,11,"(0.09097560244680822, 0.14970886995698662, 0.0, 0.0, 0.0, 0.04688669779969397, 0.0, 0.08279881135943302, 0.0, 0.028676530947688895)",8
3832,11,9,11,"(0.09033430006888621, 0.14970886995698662, 0.0, 0.0, 0.0, 0.04688669779969397, 0.0, 0.08279881135943302, 0.0, 0.01812760691895582)",502
3833,11,9,11,"(0.09033430006888621, 0.07110311478758556, 0.0, 0.0, 0.0, 0.04701493186497717, 0.0, 0.08279881135943302, 0.0, 0.01812760691895582)",1
3834,11,9,11,"(0.09033430006888621, 0.14970886995698662, 0.0, 0.0, 0.0, 0.04688669779969397, 0.0, 0.13724412183804013, 0.0, 0.01812760691895582)",1
3835,11,9,11,"(0.09033430006888621, 0.14970886995698662, 0.0, 0.0, 0.0, 0.04688669779969397, 0.0, 0.08279881135943302, 0.0, 0.008075595081796496)",1
3836,11,9,13,"(0.0, 0.0, 0.11679612853536596, 0.06920069129515957, 0.09172770611919409, 0.07489992963210028, 0.0, 0.0, 0.14899621190854193, 0.0)",165
3837,11,10,8,"(0.09369258606422372, 0.0, 0.09886232529533268, 0.10095092273416302, 0.09173902283359818, 0.0, 0.04357037093627773, 0.0, 0.0, 0.0)",2
3838,11,10,8,"(0.08362898284257637, 0.0, 0.06771000469534266, 0.09247639241939104, 0.09173902283359818, 0.0, 0.04357037093627773, 0.0, 0.0, 0.0)",97
3839,11,10,8,"(0.08798200153944319, 0.0, 0.06771000469534266, 0.09247639241939104, 0.09173902283359818, 0.0, 0.04357037093627773, 0.0, 0.0, 0.0)",1
3840,11,10,8,"(0.08362898284257637, 0.0, 0.11126990461853785, 0.09247639241939104, 0.09173902283359818, 0.0, 0.04357037093627773, 0.0, 0.0, 0.0)",1
3841,11,10,8,"(0.09369258606422372, 0.0, 0.09886232529533268, 0.09247639241939104, 0.09173902283359818, 0.0, 0.05006326697884325, 0.0, 0.0, 0.0)",1
3842,11,10,8,"(0.08362898284257637, 0.0, 0.09886232529533268, 0.09247639241939104, 0.09173902283359818, 0.0, 0.04357037093627773, 0.0, 0.0, 0.0)",3
3843,11,10,8,"(0.09369258606422372, 0.0, 0.09886232529533268, 0.10095092273416302, 0.22702181880386563, 0.0, 0.04357037093627773, 0.0, 0.0, 0.0)",2
3844,11,10,8,"(0.09369258606422372, 0.0, 0.09886232529533268, 0.09247639241939104, 0.09173902283359818, 0.0, 0.04357037093627773, 0.0, 0.0, 0.0)",198
3845,11,10,11,"(0.09033430006888621, 0.14970886995698662, 0.0, 0.0, 0.0, 0.031349981720893504, 0.0, 0.08279881135943302, 0.0, 0.015165253279413725)",3
3846,11,10,11,"(0.0578795522593316, 0.14970886995698662, 0.0, 0.0, 0.0, 0.04688669779969397, 0.0, 0.08279881135943302, 0.0, 0.01812760691895582)",6
3847,11,10,11,"(0.09033430006888621, 0.14970886995698662, 0.0, 0.0, 0.0, 0.04688669779969397, 0.0, 0.08279881135943302, 0.0, 0.014560380011027935)",2
3848,11,10,11,"(0.09176853129688957, 0.14970886995698662, 0.0, 0.0, 0.0, 0.04688669779969397, 0.0, 0.22412387451063526, 0.0, 0.01812760691895582)",1
3849,11,10,11,"(0.07565988307355333, 0.14970886995698662, 0.0, 0.0, 0.0, 0.04688669779969397, 0.0, 0.08279881135943302, 0.0, 0.01812760691895582)",6
3850,11,10,11,"(0.0798433479790234, 0.14970886995698662, 0.0, 0.0, 0.0, 0.04688669779969397, 0.0, 0.08279881135943302, 0.0, 0.01191123833915258)",1
3851,11,10,11,"(0.05603736345699608, 0.14970886995698662, 0.0, 0.0, 0.0, 0.04688669779969397, 0.0, 0.08279881135943302, 0.0, 0.01812760691895582)",1
3852,11,10,11,"(0.09033430006888621, 0.14970886995698662, 0.0, 0.0, 0.0, 0.04688669779969397, 0.0, 0.08279881135943302, 0.0, 0.01843316353084199)",28
3853,11,10,11,"(0.09033430006888621, 0.14970886995698662, 0.0, 0.0, 0.0, 0.04688669779969397, 0.0, 0.08279881135943302, 0.0, 0.01812760691895582)",396
3854,11,10,13,"(0.0, 0.0, 0.11679612853536596, 0.06920069129515957, 0.06327072685484351, 0.07489992963210028, 0.0, 0.0, 0.14899621190854193, 0.0)",1
3855,11,10,13,"(0.0, 0.0, 0.11679612853536596, 0.06920069129515957, 0.09172770611919409, 0.07489992963210028, 0.0, 0.0, 0.14899621190854193, 0.0)",110
3856,11,10,13,"(0.0, 0.0, 0.11679612853536596, 0.06920069129515957, 0.09172770611919409, 0.07489992963210028, 0.0, 0.0, 0.1508098531849913, 0.0)",1
3857,11,10,13,"(0.0, 0.0, 0.11679612853536596, 0.06920069129515957, 0.09172770611919409, 0.07489992963210028, 0.0, 0.0, 0.09712390351549101, 0.0)",12
3858,11,10,13,"(0.0, 0.0, 0.11679612853536596, 0.06920069129515957, 0.09172770611919409, 0.07489992963210028, 0.0, 0.0, 0.3996161104268442, 0.0)",1
3859,11,10,13,"(0.0, 0.0, 0.08290250730222022, 0.06920069129515957, 0.09172770611919409, 0.07489992963210028, 0.0, 0.0, 0.14899621190854193, 0.0)",42
3860,11,11,8,"(0.08362898284257637, 0.0, 0.09886232529533268, 0.1029907870065104, 0.1099394904889831, 0.0, 0.04357037093627773, 0.0, 0.0, 0.0)",6
3861,11,11,8,"(0.08362898284257637, 0.0, 0.09886232529533268, 0.09247639241939104, 0.09173902283359818, 0.0, 0.04357037093627773, 0.0, 0.0, 0.0)",43
3862,11,11,8,"(0.1255976578263719, 0.0, 0.09886232529533268, 0.10943058432081886, 0.09173902283359818, 0.0, 0.04357037093627773, 0.0, 0.0, 0.0)",1
3863,11,11,8,"(0.09369258606422372, 0.0, 0.09886232529533268, 0.09247639241939104, 0.09173902283359818, 0.0, 0.04357037093627773, 0.0, 0.0, 0.0)",237
3864,11,11,8,"(0.09369258606422372, 0.0, 0.09886232529533268, 0.09247639241939104, 0.09173902283359818, 0.0, 0.06428284269269142, 0.0, 0.0, 0.0)",1
3865,11,11,8,"(0.09369258606422372, 0.0, 0.09804879782280851, 0.09170265846006545, 0.09173902283359818, 0.0, 0.04357037093627773, 0.0, 0.0, 0.0)",2
3866,11,11,8,"(0.09369258606422372, 0.0, 0.09886232529533268, 0.09247639241939104, 0.11658060231701245, 0.0, 0.04357037093627773, 0.0, 0.0, 0.0)",1
3867,11,11,8,"(0.07468095879740597, 0.0, 0.09886232529533268, 0.09247639241939104, 0.06638572054290068, 0.0, 0.04357037093627773, 0.0, 0.0, 0.0)",5
3868,11,11,8,"(0.09369258606422372, 0.0, 0.12417610947518946, 0.09247639241939104, 0.09173902283359818, 0.0, 0.04357037093627773, 0.0, 0.0, 0.0)",1
3869,11,11,11,"(0.0820634011263023, 0.14970886995698662, 0.0, 0.0, 0.0, 0.04688669779969397, 0.0, 0.08279881135943302, 0.0, 0.01812760691895582)",1
3870,11,11,11,"(0.09033430006888621, 0.14970886995698662, 0.0, 0.0, 0.0, 0.03713276690978837, 0.0, 0.08279881135943302, 0.0, 0.01812760691895582)",2
3871,11,11,11,"(0.09033430006888621, 0.14970886995698662, 0.0, 0.0, 0.0, 0.04688669779969397, 0.0, 0.08279881135943302, 0.0, 0.014434147297943928)",1
3872,11,11,11,"(0.09033430006888621, 0.2387180781199758, 0.0, 0.0, 0.0, 0.04688669779969397, 0.0, 0.08279881135943302, 0.0, 0.01812760691895582)",1
3873,11,11,11,"(0.09033430006888621, 0.14970886995698662, 0.0, 0.0, 0.0, 0.0717403858329492, 0.0, 0.08279881135943302, 0.0, 0.01812760691895582)",3
3874,11,11,11,"(0.1800406314660306, 0.14970886995698662, 0.0, 0.0, 0.0, 0.04688669779969397, 0.0, 0.08279881135943302, 0.0, 0.01812760691895582)",3
3875,11,11,11,"(0.09033430006888621, 0.17594358020242334, 0.0, 0.0, 0.0, 0.04688669779969397, 0.0, 0.08279881135943302, 0.0, 0.01812760691895582)",7
3876,11,11,11,"(0.09033430006888621, 0.14970886995698662, 0.0, 0.0, 0.0, 0.04688669779969397, 0.0, 0.08279881135943302, 0.0, 0.01812760691895582)",500
3877,11,11,11,"(0.09033430006888621, 0.14970886995698662, 0.0, 0.0, 0.0, 0.04688669779969397, 0.0, 0.06110117502900548, 0.0, 0.01812760691895582)",1
3878,11,11,11,"(0.09033430006888621, 0.14970886995698662, 0.0, 0.0, 0.0, 0.027604635791009247, 0.0, 0.08279881135943302, 0.0, 0.01812760691895582)",1
3879,11,11,13,"(0.0, 0.0, 0.11679612853536596, 0.06920069129515957, 0.09172770611919409, 0.07489992963210028, 0.0, 0.0, 0.09712390351549101, 0.0)",40
3880,11,11,13,"(0.0, 0.0, 0.11679612853536596, 0.06920069129515957, 0.09172770611919409, 0.07489992963210028, 0.0, 0.0, 0.14899621190854193, 0.0)",127
3881,11,12,8,"(0.09369258606422372, 0.0, 0.09886232529533268, 0.09247639241939104, 0.09173902283359818, 0.0, 0.04975056111497385, 0.0, 0.0, 0.0)",14
3882,11,12,8,"(0.09369258606422372, 0.0, 0.09053874951398411, 0.09247639241939104, 0.09173902283359818, 0.0, 0.04357037093627773, 0.0, 0.0, 0.0)",3
3883,11,12,8,"(0.06250916659460411, 0.0, 0.09886232529533268, 0.12276337412119628, 0.15023045907396426, 0.0, 0.04357037093627773, 0.0, 0.0, 0.0)",1
3884,11,12,8,"(0.06250916659460411, 0.0, 0.09886232529533268, 0.12276337412119628, 0.09173902283359818, 0.0, 0.04357037093627773, 0.0, 0.0, 0.0)",1
3885,11,12,8,"(0.09369258606422372, 0.0, 0.09886232529533268, 0.0917498997361915, 0.09173902283359818, 0.0, 0.04357037093627773, 0.0, 0.0, 0.0)",2
3886,11,12,8,"(0.11396194788962218, 0.0, 0.09886232529533268, 0.09247639241939104, 0.09173902283359818, 0.0, 0.04357037093627773, 0.0, 0.0, 0.0)",8
3887,11,12,8,"(0.09369258606422372, 0.0, 0.09886232529533268, 0.09247639241939104, 0.09173902283359818, 0.0, 0.04357037093627773, 0.0, 0.0, 0.0)",293
3888,11,12,8,"(0.09369258606422372, 0.0, 0.12490391792566964, 0.09247639241939104, 0.09173902283359818, 0.0, 0.04357037093627773, 0.0, 0.0, 0.0)",1
3889,11,12,11,"(0.09033430006888621, 0.14970886995698662, 0.0, 0.0, 0.0, 0.0530961615083716, 0.0, 0.08279881135943302, 0.0, 0.01812760691895582)",4
3890,11,12,11,"(0.09033430006888621, 0.10095243275014648, 0.0, 0.0, 0.0, 0.04688669779969397, 0.0, 0.08279881135943302, 0.0, 0.01812760691895582)",1
3891,11,12,11,"(0.09033430006888621, 0.1581448753317114, 0.0, 0.0, 0.0, 0.04688669779969397, 0.0, 0.08279881135943302, 0.0, 0.01812760691895582)",2
3892,11,12,11,"(0.09033430006888621, 0.14970886995698662, 0.0, 0.0, 0.0, 0.04688669779969397, 0.0, 0.08279881135943302, 0.0, 0.023030868789107588)",1
3893,11,12,11,"(0.0784219646985886, 0.14970886995698662, 0.0, 0.0, 0.0, 0.04688669779969397, 0.0, 0.08279881135943302, 0.0, 0.01812760691895582)",11
3894,11,12,11,"(0.09033430006888621, 0.14970886995698662, 0.0, 0.0, 0.0, 0.04688669779969397, 0.0, 0.08279881135943302, 0.0, 0.017486263748406547)",1
3895,11,12,11,"(0.09033430006888621, 0.14970886995698662, 0.0, 0.0, 0.0, 0.04688669779969397, 0.0, 0.10931518993185922, 0.0, 0.01812760691895582)",1
3896,11,12,11,"(0.09033430006888621, 0.14970886995698662, 0.0, 0.0, 0.0, 0.04688669779969397, 0.0, 0.07081750780456661, 0.0, 0.01812760691895582)",4
3897,11,12,11,"(0.09033430006888621, 0.14970886995698662, 0.0, 0.0, 0.0, 0.04688669779969397, 0.0, 0.08279881135943302, 0.0, 0.01812760691895582)",340
3898,11,12,11,"(0.09033430006888621, 0.14970886995698662, 0.0, 0.0, 0.0, 0.04278811679326033, 0.0, 0.08279881135943302, 0.0, 0.01812760691895582)",2
3899,11,12,13,"(0.0, 0.0, 0.11679612853536596, 0.08599002279503164, 0.09172770611919409, 0.07489992963210028, 0.0, 0.0, 0.14899621190854193, 0.0)",1
3900,11,12,13,"(0.0, 0.0, 0.11679612853536596, 0.06674504368508397, 0.09172770611919409, 0.07489992963210028, 0.0, 0.0, 0.14899621190854193, 0.0)",1
3901,11,12,13,"(0.0, 0.0, 0.11679612853536596, 0.06920069129515957, 0.10846099267643854, 0.0740003269533844, 0.0, 0.0, 0.14899621190854193, 0.0)",1
3902,11,12,13,"(0.0, 0.0, 0.11679612853536596, 0.06920069129515957, 0.09172770611919409, 0.07489992963210028, 0.0, 0.0, 0.14899621190854193, 0.0)",197
3903,11,13,8,"(0.07421606358896263, 0.0, 0.09886232529533268, 0.09247639241939104, 0.09173902283359818, 0.0, 0.04357037093627773, 0.0, 0.0, 0.0)",2
3904,11,13,8,"(0.09369258606422372, 0.0, 0.09886232529533268, 0.09247639241939104, 0.09173902283359818, 0.0, 0.05407960379448452, 0.0, 0.0, 0.0)",2
3905,11,13,8,"(0.09369258606422372, 0.0, 0.09886232529533268, 0.12853296015242574, 0.09173902283359818, 0.0, 0.04357037093627773, 0.0, 0.0, 0.0)",1
3906,11,13,8,"(0.09369258606422372, 0.0, 0.10315049733346981, 0.09247639241939104, 0.09173902283359818, 0.0, 0.04357037093627773, 0.0, 0.0, 0.0)",1
3907,11,13,8,"(0.09369258606422372, 0.0, 0.09886232529533268, 0.09247639241939104, 0.09173902283359818, 0.0, 0.04357037093627773, 0.0, 0.0, 0.0)",256
3908,11,13,11,"(0.09033430006888621, 0.14970886995698662, 0.0, 0.0, 0.0, 0.04688669779969397, 0.0, 0.05682316286098628, 0.0, 0.01812760691895582)",3
3909,11,13,11,"(0.08419410859949945, 0.14970886995698662, 0.0, 0.0, 0.0, 0.04688669779969397, 0.0, 0.08279881135943302, 0.0, 0.01812760691895582)",2
3910,11,13,11,"(0.0784219646985886, 0.14970886995698662, 0.0, 0.0, 0.0, 0.04688669779969397, 0.0, 0.08279881135943302, 0.0, 0.01812760691895582)",38
3911,11,13,11,"(0.09033430006888621, 0.14970886995698662, 0.0, 0.0, 0.0, 0.04688669779969397, 0.0, 0.08093646058896303, 0.0, 0.01812760691895582)",1
3912,11,13,11,"(0.09033430006888621, 0.14970886995698662, 0.0, 0.0, 0.0, 0.04688669779969397, 0.0, 0.08279881135943302, 0.0, 0.01812760691895582)",484
3913,11,13,11,"(0.0784219646985886, 0.15760520865055058, 0.0, 0.0, 0.0, 0.04688669779969397, 0.0, 0.08279881135943302, 0.0, 0.012045201725657753)",1
3914,11,13,11,"(0.09033430006888621, 0.14970886995698662, 0.0, 0.0, 0.0, 0.04688669779969397, 0.0, 0.08279881135943302, 0.0, 0.01699234708493358)",1
3915,11,13,11,"(0.09033430006888621, 0.1727113910190646, 0.0, 0.0, 0.0, 0.04688669779969397, 0.0, 0.08279881135943302, 0.0, 0.01812760691895582)",1
3916,11,13,11,"(0.09033430006888621, 0.14970886995698662, 0.0, 0.0, 0.0, 0.04688669779969397, 0.0, 0.08279881135943302, 0.0, 0.01240281314649313)",2
3917,11,13,11,"(0.1084085463648983, 0.14970886995698662, 0.0, 0.0, 0.0, 0.04688669779969397, 0.0, 0.08279881135943302, 0.0, 0.01812760691895582)",1
3918,11,13,11,"(0.09033430006888621, 0.14970886995698662, 0.0, 0.0, 0.0, 0.0530961615083716, 0.0, 0.08279881135943302, 0.0, 0.01812760691895582)",13
3919,11,13,11,"(0.09033430006888621, 0.14970886995698662, 0.0, 0.0, 0.0, 0.026269509571721923, 0.0, 0.08279881135943302, 0.0, 0.01812760691895582)",3
3920,11,13,11,"(0.09033430006888621, 0.28023482135109296, 0.0, 0.0, 0.0, 0.035088413463287144, 0.0, 0.08279881135943302, 0.0, 0.01812760691895582)",1
3921,11,13,13,"(0.0, 0.0, 0.14657148018255903, 0.03990272874614941, 0.09172770611919409, 0.07489992963210028, 0.0, 0.0, 0.14899621190854193, 0.0)",3
3922,11,13,13,"(0.0, 0.0, 0.11679612853536596, 0.06920069129515957, 0.09172770611919409, 0.07489992963210028, 0.0, 0.0, 0.14899621190854193, 0.0)",173
3923,11,14,8,"(0.09369258606422372, 0.0, 0.09886232529533268, 0.09247639241939104, 0.09173902283359818, 0.0, 0.025258285102291965, 0.0, 0.0, 0.0)",1
3924,11,14,8,"(0.09369258606422372, 0.0, 0.09886232529533268, 0.09247639241939104, 0.09173902283359818, 0.0, 0.04357037093627773, 0.0, 0.0, 0.0)",238
3925,11,14,8,"(0.11396194788962218, 0.0, 0.09886232529533268, 0.09247639241939104, 0.09173902283359818, 0.0, 0.04357037093627773, 0.0, 0.0, 0.0)",37
3926,11,14,11,"(0.09033430006888621, 0.14970886995698662, 0.0, 0.0, 0.0, 0.04688669779969397, 0.0, 0.08279881135943302, 0.0, 0.01812760691895582)",464
3927,11,14,11,"(0.09033430006888621, 0.2850459317284286, 0.0, 0.0, 0.0, 0.04688669779969397, 0.0, 0.08279881135943302, 0.0, 0.01812760691895582)",1
3928,11,14,11,"(0.0466703689188359, 0.14970886995698662, 0.0, 0.0, 0.0, 0.04688669779969397, 0.0, 0.08279881135943302, 0.0, 0.01812760691895582)",10
3929,11,14,11,"(0.07310819779061004, 0.14970886995698662, 0.0, 0.0, 0.0, 0.04688669779969397, 0.0, 0.08279881135943302, 0.0, 0.01812760691895582)",1
3930,11,14,11,"(0.09033430006888621, 0.14970886995698662, 0.0, 0.0, 0.0, 0.02626440094551627, 0.0, 0.08279881135943302, 0.0, 0.01812760691895582)",1
3931,11,14,11,"(0.09033430006888621, 0.14970886995698662, 0.0, 0.0, 0.0, 0.04688669779969397, 0.0, 0.040902310814394896, 0.0, 0.01812760691895582)",27
3932,11,14,11,"(0.09033430006888621, 0.11780106363008801, 0.0, 0.0, 0.0, 0.04688669779969397, 0.0, 0.040902310814394896, 0.0, 0.01812760691895582)",1
3933,11,14,11,"(0.09033430006888621, 0.14970886995698662, 0.0, 0.0, 0.0, 0.03590941005884285, 0.0, 0.08279881135943302, 0.0, 0.01812760691895582)",8
3934,11,14,13,"(0.0, 0.0, 0.11766213249624013, 0.06920069129515957, 0.09172770611919409, 0.07489992963210028, 0.0, 0.0, 0.14899621190854193, 0.0)",1
3935,11,14,13,"(0.0, 0.0, 0.11679612853536596, 0.029860264182293286, 0.09172770611919409, 0.07489992963210028, 0.0, 0.0, 0.08801731745152762, 0.0)",1
3936,11,14,13,"(0.0, 0.0, 0.11679612853536596, 0.061000998040941425, 0.08691023832909654, 0.07489992963210028, 0.0, 0.0, 0.14899621190854193, 0.0)",2
3937,11,14,13,"(0.0, 0.0, 0.11679612853536596, 0.06920069129515957, 0.09172770611919409, 0.07489992963210028, 0.0, 0.0, 0.14899621190854193, 0.0)",165
3938,11,15,8,"(0.09369258606422372, 0.0, 0.09886232529533268, 0.09247639241939104, 0.06209880917671759, 0.0, 0.04357037093627773, 0.0, 0.0, 0.0)",1
3939,11,15,8,"(0.09369258606422372, 0.0, 0.09886232529533268, 0.09247639241939104, 0.09173902283359818, 0.0, 0.043739544362083244, 0.0, 0.0, 0.0)",1
3940,11,15,8,"(0.09369258606422372, 0.0, 0.13376034225450598, 0.09247639241939104, 0.09173902283359818, 0.0, 0.04357037093627773, 0.0, 0.0, 0.0)",2
3941,11,15,8,"(0.09369258606422372, 0.0, 0.09886232529533268, 0.09247639241939104, 0.09173902283359818, 0.0, 0.04357037093627773, 0.0, 0.0, 0.0)",324
3942,11,15,11,"(0.09033430006888621, 0.14970886995698662, 0.0, 0.0, 0.0, 0.04688669779969397, 0.0, 0.08279881135943302, 0.0, 0.014184175492636394)",1
3943,11,15,11,"(0.09768338823471265, 0.14970886995698662, 0.0, 0.0, 0.0, 0.060644136164298104, 0.0, 0.08279881135943302, 0.0, 0.01812760691895582)",43
3944,11,15,11,"(0.1415969868700274, 0.14970886995698662, 0.0, 0.0, 0.0, 0.04688669779969397, 0.0, 0.08279881135943302, 0.0, 0.01812760691895582)",1
3945,11,15,11,"(0.09033430006888621, 0.14970886995698662, 0.0, 0.0, 0.0, 0.04688669779969397, 0.0, 0.08279881135943302, 0.0, 0.014228516352514785)",1
3946,11,15,11,"(0.16760712072346565, 0.14970886995698662, 0.0, 0.0, 0.0, 0.060644136164298104, 0.0, 0.04406507089342864, 0.0, 0.01812760691895582)",1
3947,11,15,11,"(0.09768338823471265, 0.14970886995698662, 0.0, 0.0, 0.0, 0.07495648761231925, 0.0, 0.0833334869549419, 0.0, 0.01812760691895582)",2
3948,11,15,11,"(0.09033430006888621, 0.22367918085383842, 0.0, 0.0, 0.0, 0.04688669779969397, 0.0, 0.08279881135943302, 0.0, 0.01812760691895582)",3
3949,11,15,11,"(0.09033430006888621, 0.07102482615200119, 0.0, 0.0, 0.0, 0.04688669779969397, 0.0, 0.08279881135943302, 0.0, 0.01812760691895582)",1
3950,11,15,11,"(0.09033430006888621, 0.14970886995698662, 0.0, 0.0, 0.0, 0.04688669779969397, 0.0, 0.08279881135943302, 0.0, 0.013810708643408815)",1
3951,11,15,11,"(0.09033430006888621, 0.14970886995698662, 0.0, 0.0, 0.0, 0.04688669779969397, 0.0, 0.06772658062480236, 0.0, 0.01812760691895582)",49
3952,11,15,11,"(0.09033430006888621, 0.14970886995698662, 0.0, 0.0, 0.0, 0.04688669779969397, 0.0, 0.11973331229682754, 0.0, 0.01812760691895582)",1
3953,11,15,11,"(0.09033430006888621, 0.14970886995698662, 0.0, 0.0, 0.0, 0.04688669779969397, 0.0, 0.04815299787202459, 0.0, 0.01812760691895582)",5
3954,11,15,11,"(0.09033430006888621, 0.14970886995698662, 0.0, 0.0, 0.0, 0.04688669779969397, 0.0, 0.08279881135943302, 0.0, 0.01812760691895582)",417
3955,11,15,13,"(0.0, 0.0, 0.11679612853536596, 0.06920069129515957, 0.09172770611919409, 0.07489992963210028, 0.0, 0.0, 0.14899621190854193, 0.0)",175
3956,11,15,13,"(0.0, 0.0, 0.11679612853536596, 0.06920069129515957, 0.09172770611919409, 0.059939089072172554, 0.0, 0.0, 0.14899621190854193, 0.0)",1
3957,11,16,8,"(0.08917592456514548, 0.0, 0.09886232529533268, 0.08003332054333344, 0.058886113661700316, 0.0, 0.1096234958789645, 0.0, 0.0, 0.0)",1
3958,11,16,8,"(0.09369258606422372, 0.0, 0.09886232529533268, 0.09247639241939104, 0.09173902283359818, 0.0, 0.04357037093627773, 0.0, 0.0, 0.0)",314
3959,11,16,8,"(0.14829208697006457, 0.0, 0.09886232529533268, 0.09247639241939104, 0.07958942878454042, 0.0, 0.04357037093627773, 0.0, 0.0, 0.0)",6
3960,11,16,11,"(0.09033430006888621, 0.14970886995698662, 0.0, 0.0, 0.0, 0.04688669779969397, 0.0, 0.08279881135943302, 0.0, 0.020922744846678682)",2
3961,11,16,11,"(0.09033430006888621, 0.14970886995698662, 0.0, 0.0, 0.0, 0.04688669779969397, 0.0, 0.07207571249942166, 0.0, 0.015402561284843054)",2
3962,11,16,11,"(0.09033430006888621, 0.14970886995698662, 0.0, 0.0, 0.0, 0.04688669779969397, 0.0, 0.08279881135943302, 0.0, 0.01812760691895582)",487
3963,11,16,11,"(0.09033430006888621, 0.14970886995698662, 0.0, 0.0, 0.0, 0.04934894224275909, 0.0, 0.08279881135943302, 0.0, 0.01812760691895582)",1
3964,11,16,11,"(0.09033430006888621, 0.13898739682802436, 0.0, 0.0, 0.0, 0.04688669779969397, 0.0, 0.08279881135943302, 0.0, 0.01812760691895582)",1
3965,11,16,11,"(0.12562157932300058, 0.14970886995698662, 0.0, 0.0, 0.0, 0.044666585840321765, 0.0, 0.08279881135943302, 0.0, 0.024931901859020045)",1
3966,11,16,11,"(0.09033430006888621, 0.14970886995698662, 0.0, 0.0, 0.0, 0.06600736875064525, 0.0, 0.08279881135943302, 0.0, 0.01812760691895582)",2
3967,11,16,11,"(0.09033430006888621, 0.14970886995698662, 0.0, 0.0, 0.0, 0.04688669779969397, 0.0, 0.08279881135943302, 0.0, 0.011816565875114465)",4
3968,11,16,11,"(0.1043899543627928, 0.22896731560788272, 0.0, 0.0, 0.0, 0.04688669779969397, 0.0, 0.08279881135943302, 0.0, 0.01812760691895582)",1
3969,11,16,11,"(0.09033430006888621, 0.14970886995698662, 0.0, 0.0, 0.0, 0.04588829556938983, 0.0, 0.08279881135943302, 0.0, 0.01812760691895582)",1
3970,11,16,11,"(0.08086772401605624, 0.14970886995698662, 0.0, 0.0, 0.0, 0.04688669779969397, 0.0, 0.08279881135943302, 0.0, 0.01812760691895582)",5
3971,11,16,11,"(0.11810996092315715, 0.10988007738503791, 0.0, 0.0, 0.0, 0.02129636152364593, 0.0, 0.08279881135943302, 0.0, 0.01812760691895582)",1
3972,11,16,11,"(0.10223710556935349, 0.14970886995698662, 0.0, 0.0, 0.0, 0.054130907520448045, 0.0, 0.08279881135943302, 0.0, 0.03287637770236927)",2
3973,11,16,13,"(0.0, 0.0, 0.11679612853536596, 0.06920069129515957, 0.09172770611919409, 0.07489992963210028, 0.0, 0.0, 0.14899621190854193, 0.0)",157
3974,11,17,8,"(0.09369258606422372, 0.0, 0.09886232529533268, 0.09247639241939104, 0.09173902283359818, 0.0, 0.04357037093627773, 0.0, 0.0, 0.0)",302
3975,11,17,8,"(0.08111844306488261, 0.0, 0.09886232529533268, 0.09247639241939104, 0.09173902283359818, 0.0, 0.04357037093627773, 0.0, 0.0, 0.0)",7
3976,11,17,8,"(0.07704066635748098, 0.0, 0.09886232529533268, 0.09247639241939104, 0.09173902283359818, 0.0, 0.0269299538943628, 0.0, 0.0, 0.0)",1
3977,11,17,8,"(0.09369258606422372, 0.0, 0.09886232529533268, 0.09247639241939104, 0.04580544769696602, 0.0, 0.04357037093627773, 0.0, 0.0, 0.0)",2
3978,11,17,8,"(0.09369258606422372, 0.0, 0.14889520919047475, 0.09247639241939104, 0.09173902283359818, 0.0, 0.04357037093627773, 0.0, 0.0, 0.0)",1
3979,11,17,11,"(0.09033430006888621, 0.14970886995698662, 0.0, 0.0, 0.0, 0.04688669779969397, 0.0, 0.08279881135943302, 0.0, 0.01812760691895582)",493
3980,11,17,11,"(0.09033430006888621, 0.14970886995698662, 0.0, 0.0, 0.0, 0.04688669779969397, 0.0, 0.07816085905643848, 0.0, 0.01812760691895582)",1
3981,11,17,11,"(0.09033430006888621, 0.18265343231719164, 0.0, 0.0, 0.0, 0.04688669779969397, 0.0, 0.07816085905643848, 0.0, 0.01812760691895582)",1
3982,11,17,11,"(0.0996423438387358, 0.14970886995698662, 0.0, 0.0, 0.0, 0.04688669779969397, 0.0, 0.08279881135943302, 0.0, 0.01812760691895582)",1
3983,11,17,11,"(0.1712890001042641, 0.16894283046599787, 0.0, 0.0, 0.0, 0.04688669779969397, 0.0, 0.08279881135943302, 0.0, 0.01812760691895582)",1
3984,11,17,11,"(0.06859813824923894, 0.14970886995698662, 0.0, 0.0, 0.0, 0.04688669779969397, 0.0, 0.08279881135943302, 0.0, 0.01812760691895582)",2
3985,11,17,11,"(0.09768338823471265, 0.14970886995698662, 0.0, 0.0, 0.0, 0.060644136164298104, 0.0, 0.08279881135943302, 0.0, 0.01812760691895582)",37
3986,11,17,13,"(0.0, 0.0, 0.09770149846081862, 0.06920069129515957, 0.09172770611919409, 0.07489992963210028, 0.0, 0.0, 0.14899621190854193, 0.0)",2
3987,11,17,13,"(0.0, 0.0, 0.11679612853536596, 0.06920069129515957, 0.09172770611919409, 0.07489992963210028, 0.0, 0.0, 0.14899621190854193, 0.0)",171
3988,11,18,8,"(0.09369258606422372, 0.0, 0.09886232529533268, 0.09247639241939104, 0.09173902283359818, 0.0, 0.04357037093627773, 0.0, 0.0, 0.0)",345
3989,11,18,8,"(0.09369258606422372, 0.0, 0.09886232529533268, 0.09247639241939104, 0.11112353901344667, 0.0, 0.04357037093627773, 0.0, 0.0, 0.0)",1
3990,11,18,8,"(0.09369258606422372, 0.0, 0.09886232529533268, 0.09247639241939104, 0.12134619363392715, 0.0, 0.04357037093627773, 0.0, 0.0, 0.0)",2
3991,11,18,8,"(0.09369258606422372, 0.0, 0.09886232529533268, 0.09247639241939104, 0.09173902283359818, 0.0, 0.028624918864351683, 0.0, 0.0, 0.0)",49
3992,11,18,11,"(0.09033430006888621, 0.15192859516542265, 0.0, 0.0, 0.0, 0.04688669779969397, 0.0, 0.08279881135943302, 0.0, 0.01812760691895582)",1
3993,11,18,11,"(0.0466703689188359, 0.14970886995698662, 0.0, 0.0, 0.0, 0.04688669779969397, 0.0, 0.08279881135943302, 0.0, 0.01812760691895582)",35
3994,11,18,11,"(0.07818199788769564, 0.14970886995698662, 0.0, 0.0, 0.0, 0.04688669779969397, 0.0, 0.0813599405899729, 0.0, 0.01812760691895582)",1
3995,11,18,11,"(0.09033430006888621, 0.1407593684222523, 0.0, 0.0, 0.0, 0.04688669779969397, 0.0, 0.06601584344808266, 0.0, 0.01812760691895582)",1
3996,11,18,11,"(0.09033430006888621, 0.14970886995698662, 0.0, 0.0, 0.0, 0.04688669779969397, 0.0, 0.08279881135943302, 0.0, 0.01663855696447331)",1
3997,11,18,11,"(0.09033430006888621, 0.126741568256015, 0.0, 0.0, 0.0, 0.04688669779969397, 0.0, 0.08279881135943302, 0.0, 0.01812760691895582)",15
3998,11,18,11,"(0.09033430006888621, 0.14970886995698662, 0.0, 0.0, 0.0, 0.04688669779969397, 0.0, 0.12031567087248642, 0.0, 0.01812760691895582)",1
3999,11,18,11,"(0.09033430006888621, 0.14970886995698662, 0.0, 0.0, 0.0, 0.04688669779969397, 0.0, 0.1373102166568412, 0.0, 0.01812760691895582)",2
4000,11,18,11,"(0.09033430006888621, 0.14970886995698662, 0.0, 0.0, 0.0, 0.04688669779969397, 0.0, 0.08279881135943302, 0.0, 0.01812760691895582)",333
4001,11,18,13,"(0.0, 0.0, 0.24810091105888296, 0.08642796430026962, 0.09172770611919409, 0.07489992963210028, 0.0, 0.0, 0.16787834378864663, 0.0)",1
4002,11,18,13,"(0.0, 0.0, 0.11679612853536596, 0.08972783742071581, 0.09172770611919409, 0.07489992963210028, 0.0, 0.0, 0.14899621190854193, 0.0)",2
4003,11,18,13,"(0.0, 0.0, 0.11679612853536596, 0.06920069129515957, 0.16073371288683927, 0.07489992963210028, 0.0, 0.0, 0.14899621190854193, 0.0)",3
4004,11,18,13,"(0.0, 0.0, 0.11679612853536596, 0.06920069129515957, 0.09172770611919409, 0.07489992963210028, 0.0, 0.0, 0.14899621190854193, 0.0)",153
4005,11,19,8,"(0.09369258606422372, 0.0, 0.09886232529533268, 0.09247639241939104, 0.09173902283359818, 0.0, 0.028624918864351683, 0.0, 0.0, 0.0)",55
4006,11,19,8,"(0.09369258606422372, 0.0, 0.11450029735530334, 0.09247639241939104, 0.09173902283359818, 0.0, 0.037197808392860396, 0.0, 0.0, 0.0)",1
4007,11,19,8,"(0.09369258606422372, 0.0, 0.09886232529533268, 0.09247639241939104, 0.1337544510973676, 0.0, 0.04357037093627773, 0.0, 0.0, 0.0)",2
4008,11,19,8,"(0.09369258606422372, 0.0, 0.09886232529533268, 0.09247639241939104, 0.09173902283359818, 0.0, 0.04357037093627773, 0.0, 0.0, 0.0)",313
4009,11,19,8,"(0.09369258606422372, 0.0, 0.09886232529533268, 0.06401889543460333, 0.06266141650095701, 0.0, 0.04357037093627773, 0.0, 0.0, 0.0)",1
4010,11,19,11,"(0.09033430006888621, 0.2304669147001483, 0.0, 0.0, 0.0, 0.04688669779969397, 0.0, 0.051389240858152045, 0.0, 0.01812760691895582)",3
4011,11,19,11,"(0.09033430006888621, 0.14970886995698662, 0.0, 0.0, 0.0, 0.04688669779969397, 0.0, 0.08279881135943302, 0.0, 0.014108624870726219)",1
4012,11,19,11,"(0.09033430006888621, 0.14970886995698662, 0.0, 0.0, 0.0, 0.06255520843737784, 0.0, 0.04951897656880057, 0.0, 0.008767477103928062)",1
4013,11,19,11,"(0.09033430006888621, 0.14970886995698662, 0.0, 0.0, 0.0, 0.04688669779969397, 0.0, 0.08279881135943302, 0.0, 0.01812760691895582)",370
4014,11,19,11,"(0.09033430006888621, 0.13902641977159955, 0.0, 0.0, 0.0, 0.04688669779969397, 0.0, 0.08279881135943302, 0.0, 0.01812760691895582)",2
4015,11,19,11,"(0.09033430006888621, 0.14970886995698662, 0.0, 0.0, 0.0, 0.04688669779969397, 0.0, 0.05994859667829967, 0.0, 0.01812760691895582)",4
4016,11,19,11,"(0.056571246874098036, 0.14970886995698662, 0.0, 0.0, 0.0, 0.04688669779969397, 0.0, 0.08279881135943302, 0.0, 0.01812760691895582)",1
4017,11,19,13,"(0.0, 0.0, 0.11679612853536596, 0.06920069129515957, 0.035787383784736324, 0.07489992963210028, 0.0, 0.0, 0.1213996626092604, 0.0)",3
4018,11,19,13,"(0.0, 0.0, 0.11679612853536596, 0.06920069129515957, 0.02250724330330365, 0.11265358052923902, 0.0, 0.0, 0.1213996626092604, 0.0)",2
4019,11,19,13,"(0.0, 0.0, 0.11679612853536596, 0.07519109825881969, 0.09172770611919409, 0.07489992963210028, 0.0, 0.0, 0.14899621190854193, 0.0)",1
4020,11,19,13,"(0.0, 0.0, 0.11679612853536596, 0.06920069129515957, 0.09172770611919409, 0.07489992963210028, 0.0, 0.0, 0.14899621190854193, 0.0)",154
4021,11,19,13,"(0.0, 0.0, 0.11679612853536596, 0.06920069129515957, 0.09172770611919409, 0.10645562421902632, 0.0, 0.0, 0.14899621190854193, 0.0)",1
4022,11,20,8,"(0.09369258606422372, 0.0, 0.09886232529533268, 0.09247639241939104, 0.09173902283359818, 0.0, 0.028624918864351683, 0.0, 0.0, 0.0)",131
4023,11,20,8,"(0.09369258606422372, 0.0, 0.09886232529533268, 0.09247639241939104, 0.09173902283359818, 0.0, 0.036817198685465354, 0.0, 0.0, 0.0)",2
4024,11,20,8,"(0.0663350903383256, 0.0, 0.09886232529533268, 0.09247639241939104, 0.09173902283359818, 0.0, 0.028624918864351683, 0.0, 0.0, 0.0)",3
4025,11,20,8,"(0.09369258606422372, 0.0, 0.09886232529533268, 0.09247639241939104, 0.09173902283359818, 0.0, 0.04357037093627773, 0.0, 0.0, 0.0)",212
4026,11,20,8,"(0.06596442764490318, 0.0, 0.09886232529533268, 0.1015576718282165, 0.09173902283359818, 0.0, 0.04357037093627773, 0.0, 0.0, 0.0)",3
4027,11,20,11,"(0.09033430006888621, 0.14970886995698662, 0.0, 0.0, 0.0, 0.050084788570603625, 0.0, 0.08279881135943302, 0.0, 0.01812760691895582)",5
4028,11,20,11,"(0.0466703689188359, 0.14970886995698662, 0.0, 0.0, 0.0, 0.1144134694773966, 0.0, 0.08363198102197192, 0.0, 0.01812760691895582)",4
4029,11,20,11,"(0.0466703689188359, 0.14970886995698662, 0.0, 0.0, 0.0, 0.04688669779969397, 0.0, 0.08279881135943302, 0.0, 0.01812760691895582)",100
4030,11,20,11,"(0.09033430006888621, 0.14970886995698662, 0.0, 0.0, 0.0, 0.04688669779969397, 0.0, 0.06785595103272696, 0.0, 0.01812760691895582)",2
4031,11,20,11,"(0.0572022053804654, 0.14970886995698662, 0.0, 0.0, 0.0, 0.04688669779969397, 0.0, 0.08279881135943302, 0.0, 0.01812760691895582)",13
4032,11,20,11,"(0.0466703689188359, 0.14970886995698662, 0.0, 0.0, 0.0, 0.04688669779969397, 0.0, 0.08279881135943302, 0.0, 0.01352673887833998)",1
4033,11,20,11,"(0.09033430006888621, 0.15748813799150574, 0.0, 0.0, 0.0, 0.04686632279449096, 0.0, 0.08279881135943302, 0.0, 0.01812760691895582)",3
4034,11,20,11,"(0.16710626986648525, 0.15800797621241683, 0.0, 0.0, 0.0, 0.04688669779969397, 0.0, 0.08279881135943302, 0.0, 0.01812760691895582)",1
4035,11,20,11,"(0.09033430006888621, 0.14970886995698662, 0.0, 0.0, 0.0, 0.04688669779969397, 0.0, 0.08279881135943302, 0.0, 0.01812760691895582)",367
4036,11,20,11,"(0.0898484753945056, 0.14970886995698662, 0.0, 0.0, 0.0, 0.04688669779969397, 0.0, 0.08279881135943302, 0.0, 0.01812760691895582)",2
4037,11,20,11,"(0.0466703689188359, 0.14970886995698662, 0.0, 0.0, 0.0, 0.04346545513526886, 0.0, 0.08279881135943302, 0.0, 0.01812760691895582)",1
4038,11,20,11,"(0.09033430006888621, 0.14225963609030706, 0.0, 0.0, 0.0, 0.04688669779969397, 0.0, 0.08279881135943302, 0.0, 0.01812760691895582)",1
4039,11,20,13,"(0.0, 0.0, 0.11679612853536596, 0.06920069129515957, 0.09172770611919409, 0.07489992963210028, 0.0, 0.0, 0.14899621190854193, 0.0)",183
4040,11,20,13,"(0.0, 0.0, 0.08204726386848804, 0.04682150081122798, 0.09172770611919409, 0.07489992963210028, 0.0, 0.0, 0.14899621190854193, 0.0)",1
4041,12,0,8,"(0.09369258606422372, 0.0, 0.13712774428612146, 0.09247639241939104, 0.09173902283359818, 0.0, 0.04357037093627773, 0.0, 0.0, 0.0)",1
4042,12,0,8,"(0.09369258606422372, 0.0, 0.09886232529533268, 0.06924680170764727, 0.09173902283359818, 0.0, 0.04357037093627773, 0.0, 0.0, 0.0)",2
4043,12,0,8,"(0.09369258606422372, 0.0, 0.13012643167321583, 0.07626194916396252, 0.08991850235722665, 0.0, 0.04357037093627773, 0.0, 0.0, 0.0)",1
4044,12,0,8,"(0.09369258606422372, 0.0, 0.09886232529533268, 0.09247639241939104, 0.09173902283359818, 0.0, 0.04357037093627773, 0.0, 0.0, 0.0)",293
4045,12,0,11,"(0.09033430006888621, 0.09348614893190721, 0.0, 0.0, 0.0, 0.04688669779969397, 0.0, 0.08279881135943302, 0.0, 0.01812760691895582)",4
4046,12,0,11,"(0.09033430006888621, 0.14970886995698662, 0.0, 0.0, 0.0, 0.05319082546189487, 0.0, 0.08279881135943302, 0.0, 0.01812760691895582)",2
4047,12,0,11,"(0.09033430006888621, 0.14970886995698662, 0.0, 0.0, 0.0, 0.04688669779969397, 0.0, 0.08279881135943302, 0.0, 0.01812760691895582)",463
4048,12,0,11,"(0.0561436115756302, 0.14967380164127236, 0.0, 0.0, 0.0, 0.042044086012199826, 0.0, 0.07380380813329802, 0.0, 0.01812760691895582)",2
4049,12,0,11,"(0.09033430006888621, 0.14970886995698662, 0.0, 0.0, 0.0, 0.03633022595115457, 0.0, 0.08279881135943302, 0.0, 0.01812760691895582)",1
4050,12,0,11,"(0.09033430006888621, 0.10206001268083255, 0.0, 0.0, 0.0, 0.04688669779969397, 0.0, 0.08279881135943302, 0.0, 0.01812760691895582)",2
4051,12,0,11,"(0.09033430006888621, 0.1581056825064974, 0.0, 0.0, 0.0, 0.04688669779969397, 0.0, 0.08279881135943302, 0.0, 0.01812760691895582)",1
4052,12,0,11,"(0.09033430006888621, 0.19299218893859094, 0.0, 0.0, 0.0, 0.05804467899641932, 0.0, 0.08279881135943302, 0.0, 0.01812760691895582)",1
4053,12,0,11,"(0.09033430006888621, 0.14970886995698662, 0.0, 0.0, 0.0, 0.04688669779969397, 0.0, 0.08279881135943302, 0.0, 0.01019518119208696)",4
4054,12,0,11,"(0.09033430006888621, 0.18490625099891023, 0.0, 0.0, 0.0, 0.07423299237548502, 0.0, 0.09200197986272846, 0.0, 0.01812760691895582)",1
4055,12,0,11,"(0.09225649218619182, 0.14970886995698662, 0.0, 0.0, 0.0, 0.04688669779969397, 0.0, 0.08279881135943302, 0.0, 0.01812760691895582)",1
4056,12,0,11,"(0.09033430006888621, 0.14970886995698662, 0.0, 0.0, 0.0, 0.04688669779969397, 0.0, 0.08279881135943302, 0.0, 0.0158625255650632)",1
4057,12,0,11,"(0.09033430006888621, 0.14970886995698662, 0.0, 0.0, 0.0, 0.04744557313641032, 0.0, 0.08279881135943302, 0.0, 0.01812760691895582)",7
4058,12,0,11,"(0.09033430006888621, 0.1341103856493452, 0.0, 0.0, 0.0, 0.04688669779969397, 0.0, 0.08279881135943302, 0.0, 0.01167703433615381)",1
4059,12,0,13,"(0.0, 0.0, 0.17270403757524092, 0.06920069129515957, 0.09172770611919409, 0.07489992963210028, 0.0, 0.0, 0.14899621190854193, 0.0)",7
4060,12,0,13,"(0.0, 0.0, 0.11679612853536596, 0.06920069129515957, 0.09172770611919409, 0.07489992963210028, 0.0, 0.0, 0.14899621190854193, 0.0)",147
4061,12,1,8,"(0.09369258606422372, 0.0, 0.09886232529533268, 0.08187107312795791, 0.09173902283359818, 0.0, 0.04357037093627773, 0.0, 0.0, 0.0)",1
4062,12,1,8,"(0.09369258606422372, 0.0, 0.09886232529533268, 0.09247639241939104, 0.06437495338236489, 0.0, 0.04357037093627773, 0.0, 0.0, 0.0)",2
4063,12,1,8,"(0.09369258606422372, 0.0, 0.09886232529533268, 0.09247639241939104, 0.09173902283359818, 0.0, 0.04357037093627773, 0.0, 0.0, 0.0)",273
4064,12,1,8,"(0.09369258606422372, 0.0, 0.09886232529533268, 0.09247639241939104, 0.09841456654331034, 0.0, 0.04357037093627773, 0.0, 0.0, 0.0)",69
4065,12,1,8,"(0.0784824729474644, 0.0, 0.13289309763407375, 0.09247639241939104, 0.09173902283359818, 0.0, 0.04357037093627773, 0.0, 0.0, 0.0)",1
4066,12,1,8,"(0.09369258606422372, 0.0, 0.09886232529533268, 0.09247639241939104, 0.18182686782685575, 0.0, 0.04357037093627773, 0.0, 0.0, 0.0)",1
4067,12,1,8,"(0.09369258606422372, 0.0, 0.09886232529533268, 0.13806524549539598, 0.09173902283359818, 0.0, 0.04357037093627773, 0.0, 0.0, 0.0)",2
4068,12,1,8,"(0.09369258606422372, 0.0, 0.13289309763407375, 0.09247639241939104, 0.09173902283359818, 0.0, 0.04357037093627773, 0.0, 0.0, 0.0)",2
4069,12,1,11,"(0.09033430006888621, 0.14970886995698662, 0.0, 0.0, 0.0, 0.021978448221788977, 0.0, 0.08279881135943302, 0.0, 0.01812760691895582)",1
4070,12,1,11,"(0.09033430006888621, 0.1266981330197561, 0.0, 0.0, 0.0, 0.04688669779969397, 0.0, 0.08279881135943302, 0.0, 0.01812760691895582)",25
4071,12,1,11,"(0.09395919945418385, 0.14970886995698662, 0.0, 0.0, 0.0, 0.04688669779969397, 0.0, 0.08279881135943302, 0.0, 0.01812760691895582)",2
4072,12,1,11,"(0.09033430006888621, 0.1443883128422417, 0.0, 0.0, 0.0, 0.0689874331057479, 0.0, 0.08279881135943302, 0.0, 0.01812760691895582)",1
4073,12,1,11,"(0.09033430006888621, 0.14970886995698662, 0.0, 0.0, 0.0, 0.10114722980313826, 0.0, 0.08279881135943302, 0.0, 0.01812760691895582)",2
4074,12,1,11,"(0.09033430006888621, 0.1266981330197561, 0.0, 0.0, 0.0, 0.04688669779969397, 0.0, 0.1664513637942669, 0.0, 0.01812760691895582)",2
4075,12,1,11,"(0.09033430006888621, 0.14970886995698662, 0.0, 0.0, 0.0, 0.04688669779969397, 0.0, 0.08279881135943302, 0.0, 0.01812760691895582)",405
4076,12,1,13,"(0.0, 0.0, 0.19399457013797153, 0.06920069129515957, 0.0469116097463122, 0.05255437921278711, 0.0, 0.0, 0.14899621190854193, 0.0)",1
4077,12,1,13,"(0.0, 0.0, 0.17856466805414178, 0.06920069129515957, 0.13479397106684415, 0.07489992963210028, 0.0, 0.0, 0.14899621190854193, 0.0)",3
4078,12,1,13,"(0.0, 0.0, 0.11679612853536596, 0.06920069129515957, 0.09172770611919409, 0.07489992963210028, 0.0, 0.0, 0.14899621190854193, 0.0)",130
4079,12,1,13,"(0.0, 0.0, 0.11679612853536596, 0.06920069129515957, 0.13479397106684415, 0.07489992963210028, 0.0, 0.0, 0.14899621190854193, 0.0)",35
4080,12,1,13,"(0.0, 0.0, 0.14884044545654118, 0.06920069129515957, 0.09172770611919409, 0.07489992963210028, 0.0, 0.0, 0.14899621190854193, 0.0)",3
4081,12,2,8,"(0.09369258606422372, 0.0, 0.09886232529533268, 0.09247639241939104, 0.09841456654331034, 0.0, 0.04357037093627773, 0.0, 0.0, 0.0)",43
4082,12,2,8,"(0.09369258606422372, 0.0, 0.09886232529533268, 0.09247639241939104, 0.15648622014896296, 0.0, 0.04357037093627773, 0.0, 0.0, 0.0)",1
4083,12,2,8,"(0.09369258606422372, 0.0, 0.09886232529533268, 0.09247639241939104, 0.09173902283359818, 0.0, 0.04357037093627773, 0.0, 0.0, 0.0)",227
4084,12,2,8,"(0.09369258606422372, 0.0, 0.09886232529533268, 0.09247639241939104, 0.05308852074733156, 0.0, 0.04357037093627773, 0.0, 0.0, 0.0)",3
4085,12,2,8,"(0.09369258606422372, 0.0, 0.09886232529533268, 0.05215778061280087, 0.09173902283359818, 0.0, 0.04357037093627773, 0.0, 0.0, 0.0)",1
4086,12,2,8,"(0.09369258606422372, 0.0, 0.09886232529533268, 0.09247639241939104, 0.09097364172865532, 0.0, 0.04357037093627773, 0.0, 0.0, 0.0)",1
4087,12,2,11,"(0.09033430006888621, 0.14970886995698662, 0.0, 0.0, 0.0, 0.04688669779969397, 0.0, 0.08279881135943302, 0.0, 0.011977416240003962)",5
4088,12,2,11,"(0.09033430006888621, 0.14970886995698662, 0.0, 0.0, 0.0, 0.04688669779969397, 0.0, 0.08279881135943302, 0.0, 0.008010310460899017)",1
4089,12,2,11,"(0.09033430006888621, 0.09939778783036775, 0.0, 0.0, 0.0, 0.04688669779969397, 0.0, 0.08279881135943302, 0.0, 0.01812760691895582)",2
4090,12,2,11,"(0.09033430006888621, 0.14970886995698662, 0.0, 0.0, 0.0, 0.04006075227747979, 0.0, 0.08279881135943302, 0.0, 0.01812760691895582)",4
4091,12,2,11,"(0.2457853734474671, 0.14970886995698662, 0.0, 0.0, 0.0, 0.04688669779969397, 0.0, 0.10781347864140406, 0.0, 0.01812760691895582)",1
4092,12,2,11,"(0.09033430006888621, 0.14970886995698662, 0.0, 0.0, 0.0, 0.04688669779969397, 0.0, 0.08279881135943302, 0.0, 0.01812760691895582)",543
4093,12,2,11,"(0.09033430006888621, 0.26148713552783936, 0.0, 0.0, 0.0, 0.04688669779969397, 0.0, 0.08279881135943302, 0.0, 0.01812760691895582)",1
4094,12,2,11,"(0.09033430006888621, 0.14970886995698662, 0.0, 0.0, 0.0, 0.0772019847711538, 0.0, 0.08279881135943302, 0.0, 0.01812760691895582)",1
4095,12,2,11,"(0.09033430006888621, 0.14970886995698662, 0.0, 0.0, 0.0, 0.03539524001069451, 0.0, 0.08279881135943302, 0.0, 0.01812760691895582)",2
4096,12,2,11,"(0.09033430006888621, 0.16829415553973304, 0.0, 0.0, 0.0, 0.04688669779969397, 0.0, 0.14274620073922015, 0.0, 0.01812760691895582)",1
4097,12,2,13,"(0.0, 0.0, 0.06826126763702244, 0.06920069129515957, 0.09172770611919409, 0.07489992963210028, 0.0, 0.0, 0.2350219950644253, 0.0)",1
4098,12,2,13,"(0.0, 0.0, 0.11679612853536596, 0.06920069129515957, 0.09172770611919409, 0.07489992963210028, 0.0, 0.0, 0.14899621190854193, 0.0)",159
4099,12,2,13,"(0.0, 0.0, 0.17675645280473345, 0.06920069129515957, 0.09172770611919409, 0.07489992963210028, 0.0, 0.0, 0.14899621190854193, 0.0)",5
4100,12,2,13,"(0.0, 0.0, 0.11679612853536596, 0.06920069129515957, 0.09172770611919409, 0.08683559053060558, 0.0, 0.0, 0.14899621190854193, 0.0)",1
4101,12,2,13,"(0.0, 0.0, 0.11679612853536596, 0.06920069129515957, 0.09172770611919409, 0.07489992963210028, 0.0, 0.0, 0.33187940699837687, 0.0)",1
4102,12,3,8,"(0.09369258606422372, 0.0, 0.09886232529533268, 0.09247639241939104, 0.09173902283359818, 0.0, 0.04357037093627773, 0.0, 0.0, 0.0)",140
4103,12,3,8,"(0.09369258606422372, 0.0, 0.09886232529533268, 0.10095092273416302, 0.09173902283359818, 0.0, 0.04357037093627773, 0.0, 0.0, 0.0)",170
4104,12,3,8,"(0.09369258606422372, 0.0, 0.09886232529533268, 0.09247639241939104, 0.09173902283359818, 0.0, 0.03282116043201281, 0.0, 0.0, 0.0)",1
4105,12,3,8,"(0.09369258606422372, 0.0, 0.09886232529533268, 0.09247639241939104, 0.09173902283359818, 0.0, 0.018093853771779505, 0.0, 0.0, 0.0)",1
4106,12,3,8,"(0.09907130465715724, 0.0, 0.09886232529533268, 0.07144938989944771, 0.09173902283359818, 0.0, 0.04357037093627773, 0.0, 0.0, 0.0)",1
4107,12,3,11,"(0.07664323364706101, 0.14970886995698662, 0.0, 0.0, 0.0, 0.04688669779969397, 0.0, 0.08279881135943302, 0.0, 0.0179670059133117)",5
4108,12,3,11,"(0.09033430006888621, 0.14970886995698662, 0.0, 0.0, 0.0, 0.04688669779969397, 0.0, 0.1770075859912665, 0.0, 0.01812760691895582)",1
4109,12,3,11,"(0.09033430006888621, 0.14970886995698662, 0.0, 0.0, 0.0, 0.04688669779969397, 0.0, 0.13724412183804013, 0.0, 0.01812760691895582)",20
4110,12,3,11,"(0.09033430006888621, 0.14970886995698662, 0.0, 0.0, 0.0, 0.04688669779969397, 0.0, 0.08279881135943302, 0.0, 0.01812760691895582)",410
4111,12,3,11,"(0.09033430006888621, 0.14970886995698662, 0.0, 0.0, 0.0, 0.04688669779969397, 0.0, 0.13305357589977296, 0.0, 0.01899525854831721)",1
4112,12,3,11,"(0.09033430006888621, 0.14256574560738045, 0.0, 0.0, 0.0, 0.04688669779969397, 0.0, 0.08279881135943302, 0.0, 0.01812760691895582)",1
4113,12,3,11,"(0.08284892945956185, 0.14970886995698662, 0.0, 0.0, 0.0, 0.04688669779969397, 0.0, 0.08279881135943302, 0.0, 0.01812760691895582)",1
4114,12,3,11,"(0.09033430006888621, 0.14970886995698662, 0.0, 0.0, 0.0, 0.04628821771474115, 0.0, 0.12473923484296925, 0.0, 0.036914481206881455)",2
4115,12,3,11,"(0.09033430006888621, 0.1572682148579, 0.0, 0.0, 0.0, 0.04688669779969397, 0.0, 0.08279881135943302, 0.0, 0.01931775495504229)",1
4116,12,3,13,"(0.0, 0.0, 0.11679612853536596, 0.06920069129515957, 0.09172770611919409, 0.07489992963210028, 0.0, 0.0, 0.14899621190854193, 0.0)",167
4117,12,3,13,"(0.0, 0.0, 0.11679612853536596, 0.06920069129515957, 0.09172770611919409, 0.07742608258092916, 0.0, 0.0, 0.09953829268383578, 0.0)",2
4118,12,3,13,"(0.0, 0.0, 0.11679612853536596, 0.06920069129515957, 0.10510295743859363, 0.07489992963210028, 0.0, 0.0, 0.14899621190854193, 0.0)",1
4119,12,3,13,"(0.0, 0.0, 0.11679612853536596, 0.06920069129515957, 0.09172770611919409, 0.07489992963210028, 0.0, 0.0, 0.25121828598769186, 0.0)",2
4120,12,4,8,"(0.09369258606422372, 0.0, 0.12326285333394306, 0.09247639241939104, 0.09173902283359818, 0.0, 0.04357037093627773, 0.0, 0.0, 0.0)",33
4121,12,4,8,"(0.09369258606422372, 0.0, 0.09886232529533268, 0.09247639241939104, 0.09173902283359818, 0.0, 0.04357037093627773, 0.0, 0.0, 0.0)",260
4122,12,4,8,"(0.0910241747769673, 0.0, 0.09886232529533268, 0.09247639241939104, 0.09173902283359818, 0.0, 0.04357037093627773, 0.0, 0.0, 0.0)",1
4123,12,4,8,"(0.09369258606422372, 0.0, 0.09886232529533268, 0.09247639241939104, 0.09173902283359818, 0.0, 0.0341968763543441, 0.0, 0.0, 0.0)",1
4124,12,4,8,"(0.09565814863403835, 0.0, 0.09886232529533268, 0.09247639241939104, 0.09173902283359818, 0.0, 0.04357037093627773, 0.0, 0.0, 0.0)",7
4125,12,4,11,"(0.09033430006888621, 0.14970886995698662, 0.0, 0.0, 0.0, 0.04688669779969397, 0.0, 0.061482141631372965, 0.0, 0.01812760691895582)",2
4126,12,4,11,"(0.09033430006888621, 0.14970886995698662, 0.0, 0.0, 0.0, 0.04688669779969397, 0.0, 0.033580532954542254, 0.0, 0.017570941328434436)",2
4127,12,4,11,"(0.09033430006888621, 0.14970886995698662, 0.0, 0.0, 0.0, 0.04688669779969397, 0.0, 0.08279881135943302, 0.0, 0.01812760691895582)",478
4128,12,4,11,"(0.03686999018935033, 0.12041236507561884, 0.0, 0.0, 0.0, 0.04688669779969397, 0.0, 0.08279881135943302, 0.0, 0.01812760691895582)",3
4129,12,4,11,"(0.09033430006888621, 0.14970886995698662, 0.0, 0.0, 0.0, 0.04688669779969397, 0.0, 0.08279881135943302, 0.0, 0.0193758042960526)",1
4130,12,4,11,"(0.09033430006888621, 0.12464509269168006, 0.0, 0.0, 0.0, 0.04688669779969397, 0.0, 0.08279881135943302, 0.0, 0.01812760691895582)",2
4131,12,4,11,"(0.09033430006888621, 0.10262149621720182, 0.0, 0.0, 0.0, 0.04688669779969397, 0.0, 0.08279881135943302, 0.0, 0.01812760691895582)",2
4132,12,4,11,"(0.09033430006888621, 0.14970886995698662, 0.0, 0.0, 0.0, 0.029122074230519768, 0.0, 0.08279881135943302, 0.0, 0.01812760691895582)",2
4133,12,4,11,"(0.09033430006888621, 0.10850994710977967, 0.0, 0.0, 0.0, 0.033976380680383556, 0.0, 0.08279881135943302, 0.0, 0.01812760691895582)",1
4134,12,4,13,"(0.0, 0.0, 0.13659448667056198, 0.06920069129515957, 0.09172770611919409, 0.07489992963210028, 0.0, 0.0, 0.14899621190854193, 0.0)",5
4135,12,4,13,"(0.0, 0.0, 0.11679612853536596, 0.06920069129515957, 0.09172770611919409, 0.09333183880424467, 0.0, 0.0, 0.14899621190854193, 0.0)",1
4136,12,4,13,"(0.0, 0.0, 0.11679612853536596, 0.06920069129515957, 0.09172770611919409, 0.11627874398188688, 0.0, 0.0, 0.14899621190854193, 0.0)",7
4137,12,4,13,"(0.0, 0.0, 0.11679612853536596, 0.06920069129515957, 0.09172770611919409, 0.07489992963210028, 0.0, 0.0, 0.14899621190854193, 0.0)",145
4138,12,4,13,"(0.0, 0.0, 0.11679612853536596, 0.06557373195310189, 0.09172770611919409, 0.07489992963210028, 0.0, 0.0, 0.14899621190854193, 0.0)",4
4139,12,5,8,"(0.09369258606422372, 0.0, 0.09886232529533268, 0.04859082160488187, 0.09173902283359818, 0.0, 0.033983283384709594, 0.0, 0.0, 0.0)",1
4140,12,5,8,"(0.09369258606422372, 0.0, 0.09886232529533268, 0.09247639241939104, 0.09173902283359818, 0.0, 0.04357037093627773, 0.0, 0.0, 0.0)",129
4141,12,5,8,"(0.09369258606422372, 0.0, 0.09886232529533268, 0.10095092273416302, 0.09173902283359818, 0.0, 0.04357037093627773, 0.0, 0.0, 0.0)",210
4142,12,5,8,"(0.09369258606422372, 0.0, 0.08483589334501113, 0.10095092273416302, 0.09173902283359818, 0.0, 0.04357037093627773, 0.0, 0.0, 0.0)",2
4143,12,5,8,"(0.09369258606422372, 0.0, 0.1384328092410369, 0.09247639241939104, 0.09173902283359818, 0.0, 0.06577965311528754, 0.0, 0.0, 0.0)",1
4144,12,5,11,"(0.07551383856134535, 0.18545754922035645, 0.0, 0.0, 0.0, 0.04688669779969397, 0.0, 0.08279881135943302, 0.0, 0.01812760691895582)",2
4145,12,5,11,"(0.09033430006888621, 0.14970886995698662, 0.0, 0.0, 0.0, 0.04688669779969397, 0.0, 0.11247300238858278, 0.0, 0.05435910563517601)",2
4146,12,5,11,"(0.09033430006888621, 0.14970886995698662, 0.0, 0.0, 0.0, 0.04688669779969397, 0.0, 0.08560059503673446, 0.0, 0.01812760691895582)",1
4147,12,5,11,"(0.12320815682859397, 0.14970886995698662, 0.0, 0.0, 0.0, 0.04688669779969397, 0.0, 0.08279881135943302, 0.0, 0.01812760691895582)",1
4148,12,5,11,"(0.08630345164988494, 0.14970886995698662, 0.0, 0.0, 0.0, 0.02810673044728232, 0.0, 0.09505769944809435, 0.0, 0.01812760691895582)",3
4149,12,5,11,"(0.09033430006888621, 0.14970886995698662, 0.0, 0.0, 0.0, 0.04688669779969397, 0.0, 0.08480226442854012, 0.0, 0.01812760691895582)",1
4150,12,5,11,"(0.07237868746795059, 0.14970886995698662, 0.0, 0.0, 0.0, 0.04688669779969397, 0.0, 0.08279881135943302, 0.0, 0.01812760691895582)",1
4151,12,5,11,"(0.05324565381130207, 0.14970886995698662, 0.0, 0.0, 0.0, 0.04688669779969397, 0.0, 0.08279881135943302, 0.0, 0.01812760691895582)",2
4152,12,5,11,"(0.09033430006888621, 0.06702573475077772, 0.0, 0.0, 0.0, 0.04688669779969397, 0.0, 0.08279881135943302, 0.0, 0.01812760691895582)",1
4153,12,5,11,"(0.09097560244680822, 0.14970886995698662, 0.0, 0.0, 0.0, 0.04688669779969397, 0.0, 0.08279881135943302, 0.0, 0.028676530947688895)",15
4154,12,5,11,"(0.09033430006888621, 0.14970886995698662, 0.0, 0.0, 0.0, 0.04688669779969397, 0.0, 0.08279881135943302, 0.0, 0.01812760691895582)",382
4155,12,5,11,"(0.07968396120807705, 0.14970886995698662, 0.0, 0.0, 0.0, 0.01488626586416805, 0.0, 0.08279881135943302, 0.0, 0.028304169046528525)",2
4156,12,5,13,"(0.0, 0.0, 0.11679612853536596, 0.06920069129515957, 0.03845018551422777, 0.07489992963210028, 0.0, 0.0, 0.14899621190854193, 0.0)",7
4157,12,5,13,"(0.0, 0.0, 0.11679612853536596, 0.1088573476398235, 0.09172770611919409, 0.07489992963210028, 0.0, 0.0, 0.14899621190854193, 0.0)",1
4158,12,5,13,"(0.0, 0.0, 0.11679612853536596, 0.06920069129515957, 0.09172770611919409, 0.07489992963210028, 0.0, 0.0, 0.14899621190854193, 0.0)",180
4159,12,6,8,"(0.09369258606422372, 0.0, 0.09886232529533268, 0.09247639241939104, 0.04599123178391207, 0.0, 0.04357037093627773, 0.0, 0.0, 0.0)",2
4160,12,6,8,"(0.09369258606422372, 0.0, 0.09886232529533268, 0.09247639241939104, 0.09173902283359818, 0.0, 0.04357037093627773, 0.0, 0.0, 0.0)",423
4161,12,6,8,"(0.0736314222761344, 0.0, 0.09886232529533268, 0.09247639241939104, 0.09173902283359818, 0.0, 0.04357037093627773, 0.0, 0.0, 0.0)",1
4162,12,6,11,"(0.06947494522869188, 0.14970886995698662, 0.0, 0.0, 0.0, 0.04688669779969397, 0.0, 0.0557208133172392, 0.0, 0.009982873003377642)",2
4163,12,6,11,"(0.09033430006888621, 0.12375104023957435, 0.0, 0.0, 0.0, 0.04688669779969397, 0.0, 0.08279881135943302, 0.0, 0.01812760691895582)",71
4164,12,6,11,"(0.0711557762341321, 0.12375104023957435, 0.0, 0.0, 0.0, 0.04688669779969397, 0.0, 0.08279881135943302, 0.0, 0.012305588678485677)",1
4165,12,6,11,"(0.09033430006888621, 0.14970886995698662, 0.0, 0.0, 0.0, 0.07087914084133498, 0.0, 0.08279881135943302, 0.0, 0.01812760691895582)",1
4166,12,6,11,"(0.09033430006888621, 0.14970886995698662, 0.0, 0.0, 0.0, 0.04688669779969397, 0.0, 0.08279881135943302, 0.0, 0.0185820766498756)",2
4167,12,6,11,"(0.09033430006888621, 0.14970886995698662, 0.0, 0.0, 0.0, 0.04688669779969397, 0.0, 0.08279881135943302, 0.0, 0.01812760691895582)",290
4168,12,6,13,"(0.0, 0.0, 0.11679612853536596, 0.06920069129515957, 0.09172770611919409, 0.07489992963210028, 0.0, 0.0, 0.14899621190854193, 0.0)",152
4169,12,6,13,"(0.0, 0.0, 0.11679612853536596, 0.06920069129515957, 0.09172770611919409, 0.08881969464768362, 0.0, 0.0, 0.14899621190854193, 0.0)",3
4170,12,6,13,"(0.0, 0.0, 0.11679612853536596, 0.04070882108129706, 0.09172770611919409, 0.13854426190714791, 0.0, 0.0, 0.14899621190854193, 0.0)",2
4171,12,6,13,"(0.0, 0.0, 0.11679612853536596, 0.06920069129515957, 0.04790106231996897, 0.07489992963210028, 0.0, 0.0, 0.14899621190854193, 0.0)",1
4172,12,6,13,"(0.0, 0.0, 0.11679612853536596, 0.06920069129515957, 0.09172770611919409, 0.07489992963210028, 0.0, 0.0, 0.18923887814006649, 0.0)",1
4173,12,7,8,"(0.09369258606422372, 0.0, 0.08159441860666496, 0.09247639241939104, 0.07549656825742607, 0.0, 0.04357037093627773, 0.0, 0.0, 0.0)",1
4174,12,7,8,"(0.09369258606422372, 0.0, 0.09886232529533268, 0.09247639241939104, 0.09173902283359818, 0.0, 0.07483191289841473, 0.0, 0.0, 0.0)",19
4175,12,7,8,"(0.09369258606422372, 0.0, 0.04810890513332754, 0.09247639241939104, 0.09173902283359818, 0.0, 0.04357037093627773, 0.0, 0.0, 0.0)",3
4176,12,7,8,"(0.09369258606422372, 0.0, 0.09886232529533268, 0.09247639241939104, 0.09173902283359818, 0.0, 0.04357037093627773, 0.0, 0.0, 0.0)",298
4177,12,7,8,"(0.09369258606422372, 0.0, 0.09886232529533268, 0.07708506424298482, 0.09173902283359818, 0.0, 0.04357037093627773, 0.0, 0.0, 0.0)",1
4178,12,7,8,"(0.130968265642922, 0.0, 0.09886232529533268, 0.09247639241939104, 0.09173902283359818, 0.0, 0.04357037093627773, 0.0, 0.0, 0.0)",4
4179,12,7,8,"(0.09369258606422372, 0.0, 0.06150012701463362, 0.09247639241939104, 0.09173902283359818, 0.0, 0.04357037093627773, 0.0, 0.0, 0.0)",1
4180,12,7,8,"(0.06461955139458388, 0.0, 0.09886232529533268, 0.09247639241939104, 0.09173902283359818, 0.0, 0.04357037093627773, 0.0, 0.0, 0.0)",1
4181,12,7,11,"(0.09033430006888621, 0.14970886995698662, 0.0, 0.0, 0.0, 0.09794980306851864, 0.0, 0.08279881135943302, 0.0, 0.014508386580094049)",5
4182,12,7,11,"(0.09033430006888621, 0.12375104023957435, 0.0, 0.0, 0.0, 0.04688669779969397, 0.0, 0.04986278630913211, 0.0, 0.01812760691895582)",1
4183,12,7,11,"(0.07352429446743654, 0.14970886995698662, 0.0, 0.0, 0.0, 0.04688669779969397, 0.0, 0.08279881135943302, 0.0, 0.01812760691895582)",18
4184,12,7,11,"(0.12037611136821079, 0.07994383851513598, 0.0, 0.0, 0.0, 0.061383407503120706, 0.0, 0.08279881135943302, 0.0, 0.024519885660177113)",1
4185,12,7,11,"(0.09033430006888621, 0.14970886995698662, 0.0, 0.0, 0.0, 0.04688669779969397, 0.0, 0.08279881135943302, 0.0, 0.035359400559814194)",1
4186,12,7,11,"(0.09033430006888621, 0.14970886995698662, 0.0, 0.0, 0.0, 0.04688669779969397, 0.0, 0.08279881135943302, 0.0, 0.01812760691895582)",508
4187,12,7,11,"(0.09033430006888621, 0.14970886995698662, 0.0, 0.0, 0.0, 0.04173105267944089, 0.0, 0.08279881135943302, 0.0, 0.01812760691895582)",3
4188,12,7,11,"(0.126375924720486, 0.14970886995698662, 0.0, 0.0, 0.0, 0.04688669779969397, 0.0, 0.08279881135943302, 0.0, 0.01812760691895582)",1
4189,12,7,11,"(0.09033430006888621, 0.14970886995698662, 0.0, 0.0, 0.0, 0.04688669779969397, 0.0, 0.13189598609596498, 0.0, 0.01812760691895582)",1
4190,12,7,11,"(0.09033430006888621, 0.12375104023957435, 0.0, 0.0, 0.0, 0.04688669779969397, 0.0, 0.08279881135943302, 0.0, 0.01812760691895582)",36
4191,12,7,13,"(0.0, 0.0, 0.11679612853536596, 0.06920069129515957, 0.09172770611919409, 0.07489992963210028, 0.0, 0.0, 0.14899621190854193, 0.0)",157
4192,12,7,13,"(0.0, 0.0, 0.11679612853536596, 0.06920069129515957, 0.09172770611919409, 0.07489992963210028, 0.0, 0.0, 0.3151753407880946, 0.0)",6
4193,12,7,13,"(0.0, 0.0, 0.11679612853536596, 0.06920069129515957, 0.09172770611919409, 0.04152427724876858, 0.0, 0.0, 0.14899621190854193, 0.0)",1
4194,12,8,8,"(0.09369258606422372, 0.0, 0.09886232529533268, 0.09247639241939104, 0.09173902283359818, 0.0, 0.0696118393047485, 0.0, 0.0, 0.0)",8
4195,12,8,8,"(0.15308635846055632, 0.0, 0.09345831376417243, 0.09247639241939104, 0.15668827967394558, 0.0, 0.04357037093627773, 0.0, 0.0, 0.0)",1
4196,12,8,8,"(0.09369258606422372, 0.0, 0.09886232529533268, 0.09247639241939104, 0.09173902283359818, 0.0, 0.04357037093627773, 0.0, 0.0, 0.0)",285
4197,12,8,8,"(0.09369258606422372, 0.0, 0.09886232529533268, 0.09247639241939104, 0.09173902283359818, 0.0, 0.06373180745852436, 0.0, 0.0, 0.0)",31
4198,12,8,11,"(0.09033430006888621, 0.18176057384711267, 0.0, 0.0, 0.0, 0.04688669779969397, 0.0, 0.08279881135943302, 0.0, 0.012533631462910576)",1
4199,12,8,11,"(0.09033430006888621, 0.12375104023957435, 0.0, 0.0, 0.0, 0.04688669779969397, 0.0, 0.054449666272671525, 0.0, 0.01812760691895582)",1
4200,12,8,11,"(0.09033430006888621, 0.12375104023957435, 0.0, 0.0, 0.0, 0.04688669779969397, 0.0, 0.08279881135943302, 0.0, 0.01812760691895582)",27
4201,12,8,11,"(0.09033430006888621, 0.14970886995698662, 0.0, 0.0, 0.0, 0.11079594265667858, 0.0, 0.08966184810460509, 0.0, 0.01812760691895582)",1
4202,12,8,11,"(0.09033430006888621, 0.14970886995698662, 0.0, 0.0, 0.0, 0.061037948184931454, 0.0, 0.08279881135943302, 0.0, 0.01812760691895582)",25
4203,12,8,11,"(0.09033430006888621, 0.236025627814341, 0.0, 0.0, 0.0, 0.04688669779969397, 0.0, 0.08279881135943302, 0.0, 0.01812760691895582)",1
4204,12,8,11,"(0.09033430006888621, 0.14970886995698662, 0.0, 0.0, 0.0, 0.04688669779969397, 0.0, 0.08279881135943302, 0.0, 0.01812760691895582)",351
4205,12,8,11,"(0.09033430006888621, 0.14970886995698662, 0.0, 0.0, 0.0, 0.04688669779969397, 0.0, 0.1352650200324796, 0.0, 0.01812760691895582)",2
4206,12,8,13,"(0.0, 0.0, 0.11679612853536596, 0.06920069129515957, 0.09172770611919409, 0.07489992963210028, 0.0, 0.0, 0.14899621190854193, 0.0)",201
4207,12,8,13,"(0.0, 0.0, 0.11679612853536596, 0.04665860339414869, 0.09172770611919409, 0.07489992963210028, 0.0, 0.0, 0.14899621190854193, 0.0)",1
4208,12,9,8,"(0.09369258606422372, 0.0, 0.08950620996642342, 0.09247639241939104, 0.09173902283359818, 0.0, 0.06826344941350267, 0.0, 0.0, 0.0)",133
4209,12,9,8,"(0.09369258606422372, 0.0, 0.08950620996642342, 0.03400799256323888, 0.1060297001310965, 0.0, 0.06826344941350267, 0.0, 0.0, 0.0)",7
4210,12,9,8,"(0.09369258606422372, 0.0, 0.08950620996642342, 0.08371404255821452, 0.09173902283359818, 0.0, 0.06826344941350267, 0.0, 0.0, 0.0)",2
4211,12,9,8,"(0.09369258606422372, 0.0, 0.08950620996642342, 0.09402466868000732, 0.09173902283359818, 0.0, 0.06826344941350267, 0.0, 0.0, 0.0)",1
4212,12,9,8,"(0.09369258606422372, 0.0, 0.09886232529533268, 0.09247639241939104, 0.09173902283359818, 0.0, 0.04357037093627773, 0.0, 0.0, 0.0)",166
4213,12,9,8,"(0.12774592553087302, 0.0, 0.09886232529533268, 0.15553393145868757, 0.09173902283359818, 0.0, 0.04357037093627773, 0.0, 0.0, 0.0)",1
4214,12,9,11,"(0.09033430006888621, 0.14970886995698662, 0.0, 0.0, 0.0, 0.04688669779969397, 0.0, 0.08279881135943302, 0.0, 0.01812760691895582)",476
4215,12,9,11,"(0.09033430006888621, 0.22108863240345455, 0.0, 0.0, 0.0, 0.04221398736585259, 0.0, 0.08279881135943302, 0.0, 0.01812760691895582)",2
4216,12,9,11,"(0.09033430006888621, 0.14970886995698662, 0.0, 0.0, 0.0, 0.02013086679818108, 0.0, 0.030521251691196776, 0.0, 0.01812760691895582)",1
4217,12,9,11,"(0.09112590525999531, 0.14970886995698662, 0.0, 0.0, 0.0, 0.04688669779969397, 0.0, 0.08279881135943302, 0.0, 0.01812760691895582)",2
4218,12,9,11,"(0.09112590525999531, 0.14970886995698662, 0.0, 0.0, 0.0, 0.04688669779969397, 0.0, 0.03956593127459177, 0.0, 0.01812760691895582)",4
4219,12,9,11,"(0.09033430006888621, 0.20086172217058385, 0.0, 0.0, 0.0, 0.04688669779969397, 0.0, 0.08279881135943302, 0.0, 0.01812760691895582)",1
4220,12,9,11,"(0.09033430006888621, 0.14970886995698662, 0.0, 0.0, 0.0, 0.042854794861985616, 0.0, 0.1039552252793692, 0.0, 0.020128461994776213)",1
4221,12,9,11,"(0.10358531519132338, 0.14970886995698662, 0.0, 0.0, 0.0, 0.04688669779969397, 0.0, 0.08279881135943302, 0.0, 0.01812760691895582)",1
4222,12,9,13,"(0.0, 0.0, 0.11679612853536596, 0.05701208221194488, 0.09172770611919409, 0.07489992963210028, 0.0, 0.0, 0.14899621190854193, 0.0)",7
4223,12,9,13,"(0.0, 0.0, 0.11679612853536596, 0.06920069129515957, 0.09172770611919409, 0.07489992963210028, 0.0, 0.0, 0.14899621190854193, 0.0)",171
4224,12,9,13,"(0.0, 0.0, 0.11679612853536596, 0.09251787989144877, 0.09172770611919409, 0.07489992963210028, 0.0, 0.0, 0.14899621190854193, 0.0)",1
4225,12,9,13,"(0.0, 0.0, 0.11679612853536596, 0.06920069129515957, 0.07581644927259762, 0.07489992963210028, 0.0, 0.0, 0.14899621190854193, 0.0)",1
4226,12,10,8,"(0.04953455563076153, 0.0, 0.09279977681319268, 0.09247639241939104, 0.09173902283359818, 0.0, 0.04357037093627773, 0.0, 0.0, 0.0)",4
4227,12,10,8,"(0.09369258606422372, 0.0, 0.09886232529533268, 0.09247639241939104, 0.09173902283359818, 0.0, 0.04357037093627773, 0.0, 0.0, 0.0)",275
4228,12,10,8,"(0.09369258606422372, 0.0, 0.08950620996642342, 0.09247639241939104, 0.09173902283359818, 0.0, 0.06826344941350267, 0.0, 0.0, 0.0)",41
4229,12,10,8,"(0.08037919018068361, 0.0, 0.09886232529533268, 0.09247639241939104, 0.09173902283359818, 0.0, 0.04357037093627773, 0.0, 0.0, 0.0)",1
4230,12,10,8,"(0.09369258606422372, 0.0, 0.1082853788580558, 0.09247639241939104, 0.09173902283359818, 0.0, 0.0746848572844972, 0.0, 0.0, 0.0)",1
4231,12,10,11,"(0.09033430006888621, 0.14970886995698662, 0.0, 0.0, 0.0, 0.09464414449153534, 0.0, 0.08279881135943302, 0.0, 0.01812760691895582)",1
4232,12,10,11,"(0.09033430006888621, 0.14970886995698662, 0.0, 0.0, 0.0, 0.04688669779969397, 0.0, 0.08279881135943302, 0.0, 0.006463926014344347)",2
4233,12,10,11,"(0.09033430006888621, 0.14970886995698662, 0.0, 0.0, 0.0, 0.04688669779969397, 0.0, 0.08279881135943302, 0.0, 0.01812760691895582)",465
4234,12,10,11,"(0.09033430006888621, 0.14970886995698662, 0.0, 0.0, 0.0, 0.04688669779969397, 0.0, 0.08279881135943302, 0.0, 0.007976953390085379)",1
4235,12,10,11,"(0.09033430006888621, 0.1731667781504532, 0.0, 0.0, 0.0, 0.04688669779969397, 0.0, 0.08279881135943302, 0.0, 0.01812760691895582)",1
4236,12,10,11,"(0.08522602176885782, 0.14970886995698662, 0.0, 0.0, 0.0, 0.04688669779969397, 0.0, 0.08279881135943302, 0.0, 0.01812760691895582)",2
4237,12,10,11,"(0.09033430006888621, 0.14970886995698662, 0.0, 0.0, 0.0, 0.04688669779969397, 0.0, 0.04894926869437565, 0.0, 0.01812760691895582)",3
4238,12,10,11,"(0.09033430006888621, 0.06861340403759024, 0.0, 0.0, 0.0, 0.04688669779969397, 0.0, 0.08279881135943302, 0.0, 0.01812760691895582)",2
4239,12,10,11,"(0.20386513486479782, 0.1407837123067973, 0.0, 0.0, 0.0, 0.06059617678503257, 0.0, 0.08279881135943302, 0.0, 0.011841608318865176)",1
4240,12,10,11,"(0.1538886538624649, 0.14970886995698662, 0.0, 0.0, 0.0, 0.04688669779969397, 0.0, 0.08279881135943302, 0.0, 0.01812760691895582)",4
4241,12,10,13,"(0.0, 0.0, 0.1158113173061039, 0.06920069129515957, 0.09172770611919409, 0.05089108278388537, 0.0, 0.0, 0.14899621190854193, 0.0)",2
4242,12,10,13,"(0.0, 0.0, 0.11679612853536596, 0.054880519972471155, 0.09172770611919409, 0.07489992963210028, 0.0, 0.0, 0.14899621190854193, 0.0)",23
4243,12,10,13,"(0.0, 0.0, 0.11679612853536596, 0.06920069129515957, 0.09172770611919409, 0.07489992963210028, 0.0, 0.0, 0.14899621190854193, 0.0)",150
4244,12,10,13,"(0.0, 0.0, 0.11679612853536596, 0.06920069129515957, 0.08259675981479175, 0.03179386638953326, 0.0, 0.0, 0.23610398257139303, 0.0)",1
4245,12,11,8,"(0.09369258606422372, 0.0, 0.09886232529533268, 0.09247639241939104, 0.09173902283359818, 0.0, 0.04357037093627773, 0.0, 0.0, 0.0)",187
4246,12,11,8,"(0.09369258606422372, 0.0, 0.08950620996642342, 0.07774179402552603, 0.09173902283359818, 0.0, 0.06826344941350267, 0.0, 0.0, 0.0)",28
4247,12,11,8,"(0.14599448288364397, 0.0, 0.09886232529533268, 0.15404009593527265, 0.10210600316221351, 0.0, 0.04357037093627773, 0.0, 0.0, 0.0)",1
4248,12,11,8,"(0.09369258606422372, 0.0, 0.08950620996642342, 0.09247639241939104, 0.09173902283359818, 0.0, 0.06826344941350267, 0.0, 0.0, 0.0)",99
4249,12,11,8,"(0.09369258606422372, 0.0, 0.08950620996642342, 0.10347510388990001, 0.07725917369231461, 0.0, 0.06826344941350267, 0.0, 0.0, 0.0)",1
4250,12,11,8,"(0.09369258606422372, 0.0, 0.10698186328549433, 0.09247639241939104, 0.09173902283359818, 0.0, 0.04357037093627773, 0.0, 0.0, 0.0)",2
4251,12,11,8,"(0.1990056712207689, 0.0, 0.09886232529533268, 0.17067263207660474, 0.09173902283359818, 0.0, 0.04357037093627773, 0.0, 0.0, 0.0)",3
4252,12,11,8,"(0.09369258606422372, 0.0, 0.08950620996642342, 0.09247639241939104, 0.07465200933978253, 0.0, 0.06826344941350267, 0.0, 0.0, 0.0)",2
4253,12,11,8,"(0.09369258606422372, 0.0, 0.08950620996642342, 0.09247639241939104, 0.055088145685164805, 0.0, 0.05723764686485666, 0.0, 0.0, 0.0)",3
4254,12,11,11,"(0.09033430006888621, 0.14970886995698662, 0.0, 0.0, 0.0, 0.04688669779969397, 0.0, 0.08060286836522812, 0.0, 0.01812760691895582)",1
4255,12,11,11,"(0.05614243042391447, 0.14970886995698662, 0.0, 0.0, 0.0, 0.04688669779969397, 0.0, 0.08279881135943302, 0.0, 0.01812760691895582)",4
4256,12,11,11,"(0.09033430006888621, 0.16279822010322315, 0.0, 0.0, 0.0, 0.04688669779969397, 0.0, 0.08279881135943302, 0.0, 0.01812760691895582)",1
4257,12,11,11,"(0.09033430006888621, 0.14970886995698662, 0.0, 0.0, 0.0, 0.06528146999772574, 0.0, 0.08279881135943302, 0.0, 0.01812760691895582)",2
4258,12,11,11,"(0.09033430006888621, 0.14970886995698662, 0.0, 0.0, 0.0, 0.04688669779969397, 0.0, 0.06260471107452552, 0.0, 0.021469501345399697)",1
4259,12,11,11,"(0.09033430006888621, 0.14970886995698662, 0.0, 0.0, 0.0, 0.04688669779969397, 0.0, 0.08279881135943302, 0.0, 0.01812760691895582)",384
4260,12,11,11,"(0.09033430006888621, 0.14970886995698662, 0.0, 0.0, 0.0, 0.05655743536496066, 0.0, 0.08279881135943302, 0.0, 0.01812760691895582)",1
4261,12,11,11,"(0.09033430006888621, 0.14970886995698662, 0.0, 0.0, 0.0, 0.038433309264597176, 0.0, 0.08279881135943302, 0.0, 0.01812760691895582)",1
4262,12,11,13,"(0.0, 0.0, 0.08405533139441938, 0.06920069129515957, 0.09172770611919409, 0.07489992963210028, 0.0, 0.0, 0.14899621190854193, 0.0)",3
4263,12,11,13,"(0.0, 0.0, 0.11679612853536596, 0.06920069129515957, 0.12938529569110668, 0.07489992963210028, 0.0, 0.0, 0.14899621190854193, 0.0)",1
4264,12,11,13,"(0.0, 0.0, 0.11679612853536596, 0.06920069129515957, 0.09172770611919409, 0.07489992963210028, 0.0, 0.0, 0.14899621190854193, 0.0)",168
4265,12,11,13,"(0.0, 0.0, 0.11679612853536596, 0.06920069129515957, 0.10072305603997332, 0.07489992963210028, 0.0, 0.0, 0.23700939958280165, 0.0)",1
4266,12,11,13,"(0.0, 0.0, 0.11679612853536596, 0.0983302851914728, 0.09172770611919409, 0.07489992963210028, 0.0, 0.0, 0.14899621190854193, 0.0)",1
4267,12,12,8,"(0.09369258606422372, 0.0, 0.09886232529533268, 0.09247639241939104, 0.09173902283359818, 0.0, 0.04357037093627773, 0.0, 0.0, 0.0)",302
4268,12,12,8,"(0.09369258606422372, 0.0, 0.06532227769523245, 0.09247639241939104, 0.09173902283359818, 0.0, 0.04357037093627773, 0.0, 0.0, 0.0)",1
4269,12,12,8,"(0.09369258606422372, 0.0, 0.09886232529533268, 0.09247639241939104, 0.10879580497138559, 0.0, 0.04357037093627773, 0.0, 0.0, 0.0)",3
4270,12,12,8,"(0.09369258606422372, 0.0, 0.09886232529533268, 0.08460844567186104, 0.09173902283359818, 0.0, 0.04230915961616034, 0.0, 0.0, 0.0)",1
4271,12,12,11,"(0.0466703689188359, 0.14970886995698662, 0.0, 0.0, 0.0, 0.04688669779969397, 0.0, 0.08279881135943302, 0.0, 0.01812760691895582)",28
4272,12,12,11,"(0.03682568600704742, 0.14970886995698662, 0.0, 0.0, 0.0, 0.04688669779969397, 0.0, 0.08537574345054624, 0.0, 0.01812760691895582)",1
4273,12,12,11,"(0.09033430006888621, 0.04710083303027204, 0.0, 0.0, 0.0, 0.04688669779969397, 0.0, 0.08279881135943302, 0.0, 0.01812760691895582)",2
4274,12,12,11,"(0.09033430006888621, 0.14970886995698662, 0.0, 0.0, 0.0, 0.056723649465591115, 0.0, 0.09749297015137524, 0.0, 0.01812760691895582)",1
4275,12,12,11,"(0.09033430006888621, 0.12450742935343974, 0.0, 0.0, 0.0, 0.04688669779969397, 0.0, 0.0916243624618516, 0.0, 0.01812760691895582)",1
4276,12,12,11,"(0.09033430006888621, 0.14970886995698662, 0.0, 0.0, 0.0, 0.04688669779969397, 0.0, 0.08514153404662343, 0.0, 0.01812760691895582)",2
4277,12,12,11,"(0.09033430006888621, 0.14970886995698662, 0.0, 0.0, 0.0, 0.04688669779969397, 0.0, 0.08279881135943302, 0.0, 0.01812760691895582)",460
4278,12,12,13,"(0.0, 0.0, 0.1440377384903582, 0.04936664917827673, 0.09773305596063679, 0.07489992963210028, 0.0, 0.0, 0.14899621190854193, 0.0)",1
4279,12,12,13,"(0.0, 0.0, 0.12854136436502495, 0.06920069129515957, 0.09172770611919409, 0.07489992963210028, 0.0, 0.0, 0.14899621190854193, 0.0)",1
4280,12,12,13,"(0.0, 0.0, 0.11679612853536596, 0.06920069129515957, 0.09172770611919409, 0.07489992963210028, 0.0, 0.0, 0.11248280505226049, 0.0)",1
4281,12,12,13,"(0.0, 0.0, 0.11679612853536596, 0.06920069129515957, 0.09172770611919409, 0.07489992963210028, 0.0, 0.0, 0.14899621190854193, 0.0)",174
4282,12,13,8,"(0.11396194788962218, 0.0, 0.09886232529533268, 0.09247639241939104, 0.09173902283359818, 0.0, 0.04357037093627773, 0.0, 0.0, 0.0)",9
4283,12,13,8,"(0.09369258606422372, 0.0, 0.09886232529533268, 0.0892277438574577, 0.09173902283359818, 0.0, 0.04357037093627773, 0.0, 0.0, 0.0)",1
4284,12,13,8,"(0.09369258606422372, 0.0, 0.09886232529533268, 0.11219976167906089, 0.09173902283359818, 0.0, 0.04357037093627773, 0.0, 0.0, 0.0)",1
4285,12,13,8,"(0.09369258606422372, 0.0, 0.09886232529533268, 0.09247639241939104, 0.09173902283359818, 0.0, 0.026232877858528333, 0.0, 0.0, 0.0)",2
4286,12,13,8,"(0.09369258606422372, 0.0, 0.09886232529533268, 0.07700185257842791, 0.09173902283359818, 0.0, 0.04357037093627773, 0.0, 0.0, 0.0)",3
4287,12,13,8,"(0.09369258606422372, 0.0, 0.09886232529533268, 0.09247639241939104, 0.09173902283359818, 0.0, 0.04357037093627773, 0.0, 0.0, 0.0)",325
4288,12,13,11,"(0.09033430006888621, 0.21784387244732203, 0.0, 0.0, 0.0, 0.04688669779969397, 0.0, 0.05379659495084801, 0.0, 0.01812760691895582)",4
4289,12,13,11,"(0.09033430006888621, 0.14970886995698662, 0.0, 0.0, 0.0, 0.04688669779969397, 0.0, 0.08279881135943302, 0.0, 0.01812760691895582)",469
4290,12,13,11,"(0.09033430006888621, 0.14970886995698662, 0.0, 0.0, 0.0, 0.05872225510906688, 0.0, 0.08279881135943302, 0.0, 0.01812760691895582)",2
4291,12,13,11,"(0.09033430006888621, 0.14970886995698662, 0.0, 0.0, 0.0, 0.03590941005884285, 0.0, 0.08279881135943302, 0.0, 0.01812760691895582)",7
4292,12,13,11,"(0.09033430006888621, 0.14970886995698662, 0.0, 0.0, 0.0, 0.03801063082461369, 0.0, 0.08279881135943302, 0.0, 0.013777552926885858)",1
4293,12,13,11,"(0.09033430006888621, 0.13355124548343134, 0.0, 0.0, 0.0, 0.04688669779969397, 0.0, 0.08279881135943302, 0.0, 0.01812760691895582)",1
4294,12,13,11,"(0.09033430006888621, 0.14970886995698662, 0.0, 0.0, 0.0, 0.04688669779969397, 0.0, 0.05078097607639912, 0.0, 0.01812760691895582)",2
4295,12,13,13,"(0.0, 0.0, 0.11679612853536596, 0.06920069129515957, 0.09172770611919409, 0.07489992963210028, 0.0, 0.0, 0.14899621190854193, 0.0)",139
4296,12,13,13,"(0.0, 0.0, 0.11679612853536596, 0.061000998040941425, 0.08691023832909654, 0.07489992963210028, 0.0, 0.0, 0.14899621190854193, 0.0)",17
4297,12,13,13,"(0.0, 0.0, 0.11679612853536596, 0.06920069129515957, 0.09172770611919409, 0.07489992963210028, 0.0, 0.0, 0.13962897554724915, 0.0)",1
4298,12,14,8,"(0.09369258606422372, 0.0, 0.09886232529533268, 0.09247639241939104, 0.09173902283359818, 0.0, 0.04357037093627773, 0.0, 0.0, 0.0)",290
4299,12,14,11,"(0.09033430006888621, 0.14970886995698662, 0.0, 0.0, 0.0, 0.04688669779969397, 0.0, 0.08279881135943302, 0.0, 0.016879863977990607)",1
4300,12,14,11,"(0.09033430006888621, 0.14970886995698662, 0.0, 0.0, 0.0, 0.04688669779969397, 0.0, 0.04833771677902746, 0.0, 0.013489420888106068)",1
4301,12,14,11,"(0.09033430006888621, 0.14970886995698662, 0.0, 0.0, 0.0, 0.048413443327960326, 0.0, 0.08279881135943302, 0.0, 0.01812760691895582)",1
4302,12,14,11,"(0.09033430006888621, 0.14970886995698662, 0.0, 0.0, 0.0, 0.04688669779969397, 0.0, 0.040902310814394896, 0.0, 0.01812760691895582)",16
4303,12,14,11,"(0.0466703689188359, 0.14970886995698662, 0.0, 0.0, 0.0, 0.04688669779969397, 0.0, 0.08279881135943302, 0.0, 0.01812760691895582)",12
4304,12,14,11,"(0.09033430006888621, 0.14970886995698662, 0.0, 0.0, 0.0, 0.04688669779969397, 0.0, 0.08279881135943302, 0.0, 0.01812760691895582)",555
4305,12,14,11,"(0.11368060216569056, 0.14970886995698662, 0.0, 0.0, 0.0, 0.04688669779969397, 0.0, 0.08279881135943302, 0.0, 0.01812760691895582)",1
4306,12,14,11,"(0.09033430006888621, 0.14970886995698662, 0.0, 0.0, 0.0, 0.04688669779969397, 0.0, 0.05395804604701208, 0.0, 0.01812760691895582)",3
4307,12,14,11,"(0.10491126674447475, 0.14970886995698662, 0.0, 0.0, 0.0, 0.04688669779969397, 0.0, 0.08279881135943302, 0.0, 0.020503162925104283)",1
4308,12,14,13,"(0.0, 0.0, 0.11679612853536596, 0.06920069129515957, 0.09172770611919409, 0.06436728113554574, 0.0, 0.0, 0.14899621190854193, 0.0)",1
4309,12,14,13,"(0.0, 0.0, 0.11679612853536596, 0.06920069129515957, 0.09172770611919409, 0.07489992963210028, 0.0, 0.0, 0.14899621190854193, 0.0)",159
4310,12,15,8,"(0.07583303055321722, 0.0, 0.09886232529533268, 0.07159866801755174, 0.08720939075729817, 0.0, 0.04357037093627773, 0.0, 0.0, 0.0)",1
4311,12,15,8,"(0.09369258606422372, 0.0, 0.06930781953633683, 0.09247639241939104, 0.09173902283359818, 0.0, 0.04357037093627773, 0.0, 0.0, 0.0)",1
4312,12,15,8,"(0.09369258606422372, 0.0, 0.05989741139860011, 0.09247639241939104, 0.09173902283359818, 0.0, 0.04357037093627773, 0.0, 0.0, 0.0)",1
4313,12,15,8,"(0.11956077653048328, 0.0, 0.09886232529533268, 0.09247639241939104, 0.09173902283359818, 0.0, 0.04357037093627773, 0.0, 0.0, 0.0)",1
4314,12,15,8,"(0.09369258606422372, 0.0, 0.09886232529533268, 0.03782797870932098, 0.09173902283359818, 0.0, 0.04357037093627773, 0.0, 0.0, 0.0)",1
4315,12,15,8,"(0.09369258606422372, 0.0, 0.07680396021063153, 0.09247639241939104, 0.09173902283359818, 0.0, 0.04357037093627773, 0.0, 0.0, 0.0)",4
4316,12,15,8,"(0.09369258606422372, 0.0, 0.09886232529533268, 0.09247639241939104, 0.09173902283359818, 0.0, 0.02918322905132623, 0.0, 0.0, 0.0)",6
4317,12,15,8,"(0.09369258606422372, 0.0, 0.09886232529533268, 0.09247639241939104, 0.09173902283359818, 0.0, 0.04357037093627773, 0.0, 0.0, 0.0)",338
4318,12,15,8,"(0.09369258606422372, 0.0, 0.09886232529533268, 0.09247639241939104, 0.13259930765160183, 0.0, 0.04357037093627773, 0.0, 0.0, 0.0)",1
4319,12,15,8,"(0.09217072736182112, 0.0, 0.09886232529533268, 0.09247639241939104, 0.09173902283359818, 0.0, 0.04357037093627773, 0.0, 0.0, 0.0)",5
4320,12,15,11,"(0.09033430006888621, 0.14970886995698662, 0.0, 0.0, 0.0, 0.04688669779969397, 0.0, 0.12278320027339247, 0.0, 0.01812760691895582)",1
4321,12,15,11,"(0.09013887726021688, 0.14970886995698662, 0.0, 0.0, 0.0, 0.04688669779969397, 0.0, 0.07815296159530943, 0.0, 0.01812760691895582)",1
4322,12,15,11,"(0.09768338823471265, 0.14970886995698662, 0.0, 0.0, 0.0, 0.060644136164298104, 0.0, 0.08279881135943302, 0.0, 0.01812760691895582)",50
4323,12,15,11,"(0.09033430006888621, 0.14970886995698662, 0.0, 0.0, 0.0, 0.04688669779969397, 0.0, 0.07816085905643848, 0.0, 0.01812760691895582)",2
4324,12,15,11,"(0.09033430006888621, 0.14970886995698662, 0.0, 0.0, 0.0, 0.04260751056694011, 0.0, 0.04805577305721482, 0.0, 0.01812760691895582)",5
4325,12,15,11,"(0.09033430006888621, 0.14970886995698662, 0.0, 0.0, 0.0, 0.04688669779969397, 0.0, 0.08279881135943302, 0.0, 0.01812760691895582)",391
4326,12,15,11,"(0.09033430006888621, 0.14970886995698662, 0.0, 0.0, 0.0, 0.05189976516062627, 0.0, 0.08279881135943302, 0.0, 0.01812760691895582)",1
4327,12,15,11,"(0.11133196418240121, 0.15262760766436476, 0.0, 0.0, 0.0, 0.04688669779969397, 0.0, 0.08279881135943302, 0.0, 0.01812760691895582)",1
4328,12,15,13,"(0.0, 0.0, 0.11420376840976552, 0.06920069129515957, 0.09172770611919409, 0.07489992963210028, 0.0, 0.0, 0.14899621190854193, 0.0)",3
4329,12,15,13,"(0.0, 0.0, 0.09770149846081862, 0.06920069129515957, 0.09172770611919409, 0.07489992963210028, 0.0, 0.0, 0.14899621190854193, 0.0)",20
4330,12,15,13,"(0.0, 0.0, 0.11679612853536596, 0.06920069129515957, 0.09172770611919409, 0.07489992963210028, 0.0, 0.0, 0.14899621190854193, 0.0)",136
4331,12,16,8,"(0.09369258606422372, 0.0, 0.09886232529533268, 0.09247639241939104, 0.14848144967873605, 0.0, 0.04357037093627773, 0.0, 0.0, 0.0)",1
4332,12,16,8,"(0.09369258606422372, 0.0, 0.09886232529533268, 0.09247639241939104, 0.09173902283359818, 0.0, 0.04357037093627773, 0.0, 0.0, 0.0)",390
4333,12,16,8,"(0.09369258606422372, 0.0, 0.09886232529533268, 0.07412552664475662, 0.05260236205731945, 0.0, 0.04357037093627773, 0.0, 0.0, 0.0)",4
4334,12,16,8,"(0.09369258606422372, 0.0, 0.1967781169647265, 0.09247639241939104, 0.09173902283359818, 0.0, 0.04357037093627773, 0.0, 0.0, 0.0)",1
4335,12,16,11,"(0.09033430006888621, 0.14970886995698662, 0.0, 0.0, 0.0, 0.06425606422884636, 0.0, 0.08279881135943302, 0.0, 0.01812760691895582)",1
4336,12,16,11,"(0.09033430006888621, 0.12671309201928216, 0.0, 0.0, 0.0, 0.04688669779969397, 0.0, 0.08279881135943302, 0.0, 0.01812760691895582)",2
4337,12,16,11,"(0.09033430006888621, 0.14970886995698662, 0.0, 0.0, 0.0, 0.04688669779969397, 0.0, 0.08279881135943302, 0.0, 0.01812760691895582)",394
4338,12,16,11,"(0.0829799278239281, 0.14970886995698662, 0.0, 0.0, 0.0, 0.04688669779969397, 0.0, 0.08279881135943302, 0.0, 0.01812760691895582)",2
4339,12,16,11,"(0.09033430006888621, 0.13813804668479907, 0.0, 0.0, 0.0, 0.04688669779969397, 0.0, 0.0750792271139436, 0.0, 0.01812760691895582)",2
4340,12,16,11,"(0.0702561327154165, 0.14970886995698662, 0.0, 0.0, 0.0, 0.04688669779969397, 0.0, 0.08279881135943302, 0.0, 0.01812760691895582)",3
4341,12,16,11,"(0.07795430353435004, 0.14970886995698662, 0.0, 0.0, 0.0, 0.04688669779969397, 0.0, 0.08279881135943302, 0.0, 0.01812760691895582)",1
4342,12,16,13,"(0.0, 0.0, 0.15075451487812916, 0.06920069129515957, 0.09172770611919409, 0.07489992963210028, 0.0, 0.0, 0.14899621190854193, 0.0)",2
4343,12,16,13,"(0.0, 0.0, 0.11679612853536596, 0.06920069129515957, 0.09172770611919409, 0.07489992963210028, 0.0, 0.0, 0.14899621190854193, 0.0)",152
4344,12,16,13,"(0.0, 0.0, 0.11679612853536596, 0.059227330563566445, 0.09172770611919409, 0.07489992963210028, 0.0, 0.0, 0.12732003010968163, 0.0)",1
4345,12,16,13,"(0.0, 0.0, 0.08962771259220954, 0.06920069129515957, 0.09172770611919409, 0.07489992963210028, 0.0, 0.0, 0.14899621190854193, 0.0)",1
4346,12,16,13,"(0.0, 0.0, 0.09770149846081862, 0.06920069129515957, 0.09172770611919409, 0.07489992963210028, 0.0, 0.0, 0.14899621190854193, 0.0)",12
4347,12,16,13,"(0.0, 0.0, 0.09770149846081862, 0.06920069129515957, 0.09172770611919409, 0.07489992963210028, 0.0, 0.0, 0.1468131582500941, 0.0)",5
4348,12,16,13,"(0.0, 0.0, 0.11679612853536596, 0.0391563059037632, 0.09172770611919409, 0.06271289737673158, 0.0, 0.0, 0.14899621190854193, 0.0)",1
4349,12,17,8,"(0.09369258606422372, 0.0, 0.09886232529533268, 0.09247639241939104, 0.09173902283359818, 0.0, 0.02209875302232624, 0.0, 0.0, 0.0)",2
4350,12,17,8,"(0.09369258606422372, 0.0, 0.09886232529533268, 0.09247639241939104, 0.09173902283359818, 0.0, 0.09315946380962478, 0.0, 0.0, 0.0)",2
4351,12,17,8,"(0.14570276283724054, 0.0, 0.09362446639397243, 0.09247639241939104, 0.09173902283359818, 0.0, 0.04357037093627773, 0.0, 0.0, 0.0)",1
4352,12,17,8,"(0.09369258606422372, 0.0, 0.09886232529533268, 0.09247639241939104, 0.09173902283359818, 0.0, 0.04357037093627773, 0.0, 0.0, 0.0)",302
4353,12,17,8,"(0.09369258606422372, 0.0, 0.09886232529533268, 0.09247639241939104, 0.12968509079319449, 0.0, 0.04357037093627773, 0.0, 0.0, 0.0)",1
4354,12,17,11,"(0.09033430006888621, 0.14970886995698662, 0.0, 0.0, 0.0, 0.04688669779969397, 0.0, 0.08279881135943302, 0.0, 0.01812760691895582)",470
4355,12,17,11,"(0.04949108387548665, 0.19052383434963938, 0.0, 0.0, 0.0, 0.04688669779969397, 0.0, 0.08279881135943302, 0.0, 0.03955515700028869)",1
4356,12,17,11,"(0.09768338823471265, 0.14970886995698662, 0.0, 0.0, 0.0, 0.060644136164298104, 0.0, 0.08279881135943302, 0.0, 0.01812760691895582)",6
4357,12,17,11,"(0.09768338823471265, 0.12678921419169442, 0.0, 0.0, 0.0, 0.060644136164298104, 0.0, 0.08279881135943302, 0.0, 0.01812760691895582)",1
4358,12,17,11,"(0.09033430006888621, 0.18968019826890611, 0.0, 0.0, 0.0, 0.04688669779969397, 0.0, 0.08279881135943302, 0.0, 0.01812760691895582)",3
4359,12,17,11,"(0.09033430006888621, 0.14970886995698662, 0.0, 0.0, 0.0, 0.029867834102663086, 0.0, 0.08279881135943302, 0.0, 0.01812760691895582)",2
4360,12,17,11,"(0.08101483107219508, 0.11051685621739024, 0.0, 0.0, 0.0, 0.04688669779969397, 0.0, 0.08279881135943302, 0.0, 0.01812760691895582)",16
4361,12,17,11,"(0.09033430006888621, 0.14970886995698662, 0.0, 0.0, 0.0, 0.049576071900192975, 0.0, 0.08279881135943302, 0.0, 0.01812760691895582)",2
4362,12,17,11,"(0.09033430006888621, 0.0825701820583124, 0.0, 0.0, 0.0, 0.04688669779969397, 0.0, 0.08279881135943302, 0.0, 0.01812760691895582)",2
4363,12,17,13,"(0.0, 0.0, 0.11679612853536596, 0.06920069129515957, 0.08292856780407387, 0.07489992963210028, 0.0, 0.0, 0.14899621190854193, 0.0)",1
4364,12,17,13,"(0.0, 0.0, 0.11679612853536596, 0.06920069129515957, 0.09172770611919409, 0.07489992963210028, 0.0, 0.0, 0.14899621190854193, 0.0)",155
4365,12,17,13,"(0.0, 0.0, 0.12316292007828057, 0.06920069129515957, 0.09172770611919409, 0.07489992963210028, 0.0, 0.0, 0.14899621190854193, 0.0)",2
4366,12,17,13,"(0.0, 0.0, 0.16049352399614464, 0.06920069129515957, 0.09172770611919409, 0.07489992963210028, 0.0, 0.0, 0.14899621190854193, 0.0)",1
4367,12,17,13,"(0.0, 0.0, 0.11679612853536596, 0.04062272202295358, 0.09172770611919409, 0.07489992963210028, 0.0, 0.0, 0.14899621190854193, 0.0)",2
4368,12,17,13,"(0.0, 0.0, 0.11679612853536596, 0.06920069129515957, 0.09172770611919409, 0.03685020076428841, 0.0, 0.0, 0.14899621190854193, 0.0)",1
4369,12,18,8,"(0.09369258606422372, 0.0, 0.09886232529533268, 0.07937582382000982, 0.05429157823022854, 0.0, 0.021326162694905212, 0.0, 0.0, 0.0)",1
4370,12,18,8,"(0.11197398713007721, 0.0, 0.09886232529533268, 0.09247639241939104, 0.09173902283359818, 0.0, 0.04357037093627773, 0.0, 0.0, 0.0)",2
4371,12,18,8,"(0.09369258606422372, 0.0, 0.09886232529533268, 0.09247639241939104, 0.09173902283359818, 0.0, 0.023300231665358807, 0.0, 0.0, 0.0)",2
4372,12,18,8,"(0.05555833687749629, 0.0, 0.09886232529533268, 0.10363260076143087, 0.09173902283359818, 0.0, 0.04357037093627773, 0.0, 0.0, 0.0)",2
4373,12,18,8,"(0.09369258606422372, 0.0, 0.09886232529533268, 0.09247639241939104, 0.09173902283359818, 0.0, 0.10790239739137673, 0.0, 0.0, 0.0)",13
4374,12,18,8,"(0.09369258606422372, 0.0, 0.09886232529533268, 0.09247639241939104, 0.07159847727409852, 0.0, 0.04357037093627773, 0.0, 0.0, 0.0)",1
4375,12,18,8,"(0.09369258606422372, 0.0, 0.09886232529533268, 0.09247639241939104, 0.09173902283359818, 0.0, 0.04357037093627773, 0.0, 0.0, 0.0)",342
4376,12,18,11,"(0.09033430006888621, 0.14970886995698662, 0.0, 0.0, 0.0, 0.04688669779969397, 0.0, 0.08279881135943302, 0.0, 0.01812760691895582)",308
4377,12,18,11,"(0.12807115472118813, 0.14970886995698662, 0.0, 0.0, 0.0, 0.04688669779969397, 0.0, 0.08279881135943302, 0.0, 0.01812760691895582)",2
4378,12,18,11,"(0.05195738979958117, 0.14970886995698662, 0.0, 0.0, 0.0, 0.035893628639954364, 0.0, 0.08279881135943302, 0.0, 0.022955262532813523)",1
4379,12,18,11,"(0.09033430006888621, 0.14970886995698662, 0.0, 0.0, 0.0, 0.04688669779969397, 0.0, 0.09297019719458875, 0.0, 0.01812760691895582)",1
4380,12,18,11,"(0.09033430006888621, 0.11486221492136381, 0.0, 0.0, 0.0, 0.04688669779969397, 0.0, 0.08279881135943302, 0.0, 0.01812760691895582)",108
4381,12,18,11,"(0.09033430006888621, 0.14970886995698662, 0.0, 0.0, 0.0, 0.047001889262579075, 0.0, 0.08279881135943302, 0.0, 0.01812760691895582)",1
4382,12,18,11,"(0.09033430006888621, 0.14970886995698662, 0.0, 0.0, 0.0, 0.034663318995921365, 0.0, 0.08279881135943302, 0.0, 0.01812760691895582)",19
4383,12,18,11,"(0.09033430006888621, 0.14970886995698662, 0.0, 0.0, 0.0, 0.04688669779969397, 0.0, 0.08279881135943302, 0.0, 0.014262133620871038)",2
4384,12,18,11,"(0.09033430006888621, 0.26598020907287984, 0.0, 0.0, 0.0, 0.04688669779969397, 0.0, 0.08279881135943302, 0.0, 0.01812760691895582)",1
4385,12,18,13,"(0.0, 0.0, 0.11679612853536596, 0.0537601133036647, 0.09172770611919409, 0.07489992963210028, 0.0, 0.0, 0.14899621190854193, 0.0)",10
4386,12,18,13,"(0.0, 0.0, 0.11679612853536596, 0.06920069129515957, 0.09172770611919409, 0.07489992963210028, 0.0, 0.0, 0.14899621190854193, 0.0)",170
4387,12,19,8,"(0.09369258606422372, 0.0, 0.09886232529533268, 0.09247639241939104, 0.09173902283359818, 0.0, 0.04357037093627773, 0.0, 0.0, 0.0)",307
4388,12,19,8,"(0.09101499573164186, 0.0, 0.09886232529533268, 0.09247639241939104, 0.09173902283359818, 0.0, 0.04357037093627773, 0.0, 0.0, 0.0)",4
4389,12,19,8,"(0.0609774534844261, 0.0, 0.09886232529533268, 0.09247639241939104, 0.09173902283359818, 0.0, 0.04357037093627773, 0.0, 0.0, 0.0)",1
4390,12,19,11,"(0.09033430006888621, 0.14970886995698662, 0.0, 0.0, 0.0, 0.04744557313641032, 0.0, 0.08279881135943302, 0.0, 0.01812760691895582)",9
4391,12,19,11,"(0.09033430006888621, 0.14574079260467934, 0.0, 0.0, 0.0, 0.04688669779969397, 0.0, 0.08279881135943302, 0.0, 0.01812760691895582)",1
4392,12,19,11,"(0.11371733084543831, 0.13478329912314932, 0.0, 0.0, 0.0, 0.04688669779969397, 0.0, 0.08279881135943302, 0.0, 0.01812760691895582)",2
4393,12,19,11,"(0.0463261096031111, 0.14970886995698662, 0.0, 0.0, 0.0, 0.04688669779969397, 0.0, 0.08279881135943302, 0.0, 0.01812760691895582)",10
4394,12,19,11,"(0.09033430006888621, 0.12151443883436168, 0.0, 0.0, 0.0, 0.04688669779969397, 0.0, 0.08279881135943302, 0.0, 0.01812760691895582)",11
4395,12,19,11,"(0.06670390088315249, 0.14970886995698662, 0.0, 0.0, 0.0, 0.04688669779969397, 0.0, 0.08279881135943302, 0.0, 0.01812760691895582)",5
4396,12,19,11,"(0.09033430006888621, 0.14970886995698662, 0.0, 0.0, 0.0, 0.028192715750653016, 0.0, 0.08279881135943302, 0.0, 0.01812760691895582)",1
4397,12,19,11,"(0.09033430006888621, 0.14970886995698662, 0.0, 0.0, 0.0, 0.04688669779969397, 0.0, 0.06442776498290567, 0.0, 0.01812760691895582)",2
4398,12,19,11,"(0.09033430006888621, 0.14970886995698662, 0.0, 0.0, 0.0, 0.04688669779969397, 0.0, 0.08279881135943302, 0.0, 0.01812760691895582)",539
4399,12,19,11,"(0.09033430006888621, 0.14970886995698662, 0.0, 0.0, 0.0, 0.06678977377585943, 0.0, 0.08279881135943302, 0.0, 0.01812760691895582)",2
4400,12,19,13,"(0.0, 0.0, 0.11679612853536596, 0.04075509012102664, 0.09172770611919409, 0.07489992963210028, 0.0, 0.0, 0.14899621190854193, 0.0)",2
4401,12,19,13,"(0.0, 0.0, 0.11679612853536596, 0.13151172996594251, 0.05018376791230787, 0.07489992963210028, 0.0, 0.0, 0.14899621190854193, 0.0)",1
4402,12,19,13,"(0.0, 0.0, 0.11679612853536596, 0.06920069129515957, 0.09172770611919409, 0.07489992963210028, 0.0, 0.0, 0.14899621190854193, 0.0)",161
4403,12,19,13,"(0.0, 0.0, 0.11679612853536596, 0.06920069129515957, 0.09856326496472685, 0.07489992963210028, 0.0, 0.0, 0.14899621190854193, 0.0)",4
4404,12,20,8,"(0.09369258606422372, 0.0, 0.09886232529533268, 0.05266810253482291, 0.09173902283359818, 0.0, 0.04357037093627773, 0.0, 0.0, 0.0)",2
4405,12,20,8,"(0.14417623484089875, 0.0, 0.09886232529533268, 0.09247639241939104, 0.09173902283359818, 0.0, 0.04357037093627773, 0.0, 0.0, 0.0)",1
4406,12,20,8,"(0.13140869288072035, 0.0, 0.09886232529533268, 0.09247639241939104, 0.09173902283359818, 0.0, 0.04357037093627773, 0.0, 0.0, 0.0)",2
4407,12,20,8,"(0.09369258606422372, 0.0, 0.09886232529533268, 0.09247639241939104, 0.05015669295172409, 0.0, 0.04357037093627773, 0.0, 0.0, 0.0)",3
4408,12,20,8,"(0.09369258606422372, 0.0, 0.10661147240786563, 0.0691849327823295, 0.09173902283359818, 0.0, 0.04357037093627773, 0.0, 0.0, 0.0)",1
4409,12,20,8,"(0.09369258606422372, 0.0, 0.09886232529533268, 0.09247639241939104, 0.09173902283359818, 0.0, 0.04357037093627773, 0.0, 0.0, 0.0)",371
4410,12,20,8,"(0.09369258606422372, 0.0, 0.09886232529533268, 0.09145591268553056, 0.09173902283359818, 0.0, 0.04357037093627773, 0.0, 0.0, 0.0)",3
4411,12,20,11,"(0.09033430006888621, 0.1959650100642276, 0.0, 0.0, 0.0, 0.04688669779969397, 0.0, 0.06952914908988958, 0.0, 0.017642638731811114)",5
4412,12,20,11,"(0.09033430006888621, 0.14970886995698662, 0.0, 0.0, 0.0, 0.07899347626137718, 0.0, 0.08279881135943302, 0.0, 0.01812760691895582)",18
4413,12,20,11,"(0.1060401983882756, 0.14970886995698662, 0.0, 0.0, 0.0, 0.04688669779969397, 0.0, 0.08279881135943302, 0.0, 0.01812760691895582)",6
4414,12,20,11,"(0.09033430006888621, 0.14970886995698662, 0.0, 0.0, 0.0, 0.04688669779969397, 0.0, 0.08279881135943302, 0.0, 0.021079257187486152)",1
4415,12,20,11,"(0.09033430006888621, 0.14970886995698662, 0.0, 0.0, 0.0, 0.04744557313641032, 0.0, 0.08279881135943302, 0.0, 0.01812760691895582)",2
4416,12,20,11,"(0.09033430006888621, 0.14970886995698662, 0.0, 0.0, 0.0, 0.04688669779969397, 0.0, 0.08279881135943302, 0.0, 0.01812760691895582)",389
4417,12,20,13,"(0.0, 0.0, 0.11679612853536596, 0.06920069129515957, 0.09172770611919409, 0.07489992963210028, 0.0, 0.0, 0.08516886130496741, 0.0)",1
4418,12,20,13,"(0.0, 0.0, 0.11679612853536596, 0.06920069129515957, 0.09172770611919409, 0.07489992963210028, 0.0, 0.0, 0.14899621190854193, 0.0)",142
4419,12,20,13,"(0.0, 0.0, 0.11679612853536596, 0.06920069129515957, 0.09172770611919409, 0.0643464707983504, 0.0, 0.0, 0.14899621190854193, 0.0)",2
4420,12,20,13,"(0.0, 0.0, 0.11679612853536596, 0.06920069129515957, 0.09172770611919409, 0.07489992963210028, 0.0, 0.0, 0.21694766965205337, 0.0)",3
4421,13,0,8,"(0.09369258606422372, 0.0, 0.08950620996642342, 0.09247639241939104, 0.09173902283359818, 0.0, 0.06826344941350267, 0.0, 0.0, 0.0)",186
4422,13,0,8,"(0.09369258606422372, 0.0, 0.08950620996642342, 0.07774179402552603, 0.09173902283359818, 0.0, 0.06826344941350267, 0.0, 0.0, 0.0)",18
4423,13,0,8,"(0.09369258606422372, 0.0, 0.1560860125619198, 0.09247639241939104, 0.09173902283359818, 0.0, 0.04357037093627773, 0.0, 0.0, 0.0)",1
4424,13,0,8,"(0.09369258606422372, 0.0, 0.06778080806233588, 0.09247639241939104, 0.09173902283359818, 0.0, 0.051299706696342005, 0.0, 0.0, 0.0)",5
4425,13,0,8,"(0.09369258606422372, 0.0, 0.08950620996642342, 0.09247639241939104, 0.09173902283359818, 0.0, 0.13938973816643288, 0.0, 0.0, 0.0)",1
4426,13,0,8,"(0.09369258606422372, 0.0, 0.08950620996642342, 0.09247639241939104, 0.09173902283359818, 0.0, 0.0551191663393748, 0.0, 0.0, 0.0)",1
4427,13,0,8,"(0.09369258606422372, 0.0, 0.10235357865200717, 0.09247639241939104, 0.09173902283359818, 0.0, 0.06826344941350267, 0.0, 0.0, 0.0)",1
4428,13,0,8,"(0.09966825151796942, 0.0, 0.08950620996642342, 0.09247639241939104, 0.09173902283359818, 0.0, 0.06826344941350267, 0.0, 0.0, 0.0)",1
4429,13,0,8,"(0.09369258606422372, 0.0, 0.09886232529533268, 0.09247639241939104, 0.09173902283359818, 0.0, 0.04357037093627773, 0.0, 0.0, 0.0)",131
4430,13,0,11,"(0.09033430006888621, 0.14970886995698662, 0.0, 0.0, 0.0, 0.06280454106853704, 0.0, 0.08279881135943302, 0.0, 0.01812760691895582)",2
4431,13,0,11,"(0.1797307132473332, 0.14970886995698662, 0.0, 0.0, 0.0, 0.04688669779969397, 0.0, 0.08279881135943302, 0.0, 0.01812760691895582)",2
4432,13,0,11,"(0.09033430006888621, 0.14970886995698662, 0.0, 0.0, 0.0, 0.04688669779969397, 0.0, 0.08279881135943302, 0.0, 0.028695391929024008)",2
4433,13,0,11,"(0.09033430006888621, 0.14970886995698662, 0.0, 0.0, 0.0, 0.04688669779969397, 0.0, 0.08279881135943302, 0.0, 0.01812760691895582)",396
4434,13,0,11,"(0.03378122732512419, 0.14970886995698662, 0.0, 0.0, 0.0, 0.04688669779969397, 0.0, 0.08279881135943302, 0.0, 0.01812760691895582)",1
4435,13,0,11,"(0.0908095075625159, 0.14970886995698662, 0.0, 0.0, 0.0, 0.04688669779969397, 0.0, 0.08279881135943302, 0.0, 0.01812760691895582)",1
4436,13,0,11,"(0.09033430006888621, 0.19933482453670795, 0.0, 0.0, 0.0, 0.06956525667887263, 0.0, 0.08780628930943828, 0.0, 0.01812760691895582)",1
4437,13,0,13,"(0.0, 0.0, 0.10583278911540143, 0.06920069129515957, 0.09172770611919409, 0.07489992963210028, 0.0, 0.0, 0.14899621190854193, 0.0)",1
4438,13,0,13,"(0.0, 0.0, 0.11679612853536596, 0.04516228216135435, 0.09172770611919409, 0.07489992963210028, 0.0, 0.0, 0.14899621190854193, 0.0)",2
4439,13,0,13,"(0.0, 0.0, 0.08405533139441938, 0.06920069129515957, 0.06375718274928123, 0.07489992963210028, 0.0, 0.0, 0.14899621190854193, 0.0)",2
4440,13,0,13,"(0.0, 0.0, 0.08405533139441938, 0.06920069129515957, 0.09172770611919409, 0.07489992963210028, 0.0, 0.0, 0.14899621190854193, 0.0)",36
4441,13,0,13,"(0.0, 0.0, 0.11679612853536596, 0.06920069129515957, 0.09172770611919409, 0.07489992963210028, 0.0, 0.0, 0.14899621190854193, 0.0)",127
4442,13,0,13,"(0.0, 0.0, 0.11679612853536596, 0.05385248509332497, 0.0705865610925894, 0.07489992963210028, 0.0, 0.0, 0.09414090262151312, 0.0)",1
4443,13,0,13,"(0.0, 0.0, 0.11679612853536596, 0.10512921580335556, 0.09172770611919409, 0.07489992963210028, 0.0, 0.0, 0.13167174751650626, 0.0)",1
4444,13,1,8,"(0.09369258606422372, 0.0, 0.09886232529533268, 0.09247639241939104, 0.13865405352050314, 0.0, 0.056230940813137925, 0.0, 0.0, 0.0)",1
4445,13,1,8,"(0.09369258606422372, 0.0, 0.08950620996642342, 0.07774179402552603, 0.09173902283359818, 0.0, 0.06826344941350267, 0.0, 0.0, 0.0)",20
4446,13,1,8,"(0.09369258606422372, 0.0, 0.08950620996642342, 0.09247639241939104, 0.09173902283359818, 0.0, 0.06826344941350267, 0.0, 0.0, 0.0)",109
4447,13,1,8,"(0.09369258606422372, 0.0, 0.09886232529533268, 0.09737652655842831, 0.09173902283359818, 0.0, 0.04357037093627773, 0.0, 0.0, 0.0)",2
4448,13,1,8,"(0.09369258606422372, 0.0, 0.09886232529533268, 0.09247639241939104, 0.09173902283359818, 0.0, 0.04357037093627773, 0.0, 0.0, 0.0)",242
4449,13,1,8,"(0.09369258606422372, 0.0, 0.09886232529533268, 0.07038066350164138, 0.09173902283359818, 0.0, 0.04357037093627773, 0.0, 0.0, 0.0)",4
4450,13,1,11,"(0.09033430006888621, 0.15797655575160258, 0.0, 0.0, 0.0, 0.04688669779969397, 0.0, 0.08279881135943302, 0.0, 0.01812760691895582)",1
4451,13,1,11,"(0.14869624646929225, 0.32109120756996634, 0.0, 0.0, 0.0, 0.04688669779969397, 0.0, 0.08279881135943302, 0.0, 0.01812760691895582)",1
4452,13,1,11,"(0.09033430006888621, 0.14970886995698662, 0.0, 0.0, 0.0, 0.04688669779969397, 0.0, 0.08279881135943302, 0.0, 0.01812760691895582)",380
4453,13,1,13,"(0.0, 0.0, 0.11679612853536596, 0.06920069129515957, 0.09172770611919409, 0.07489992963210028, 0.0, 0.0, 0.14899621190854193, 0.0)",170
4454,13,1,13,"(0.0, 0.0, 0.11679612853536596, 0.06920069129515957, 0.09172770611919409, 0.07489992963210028, 0.0, 0.0, 0.2152829575203449, 0.0)",2
4455,13,2,8,"(0.09369258606422372, 0.0, 0.08950620996642342, 0.09247639241939104, 0.09173902283359818, 0.0, 0.06826344941350267, 0.0, 0.0, 0.0)",187
4456,13,2,8,"(0.09369258606422372, 0.0, 0.08950620996642342, 0.09247639241939104, 0.17348049033200327, 0.0, 0.06826344941350267, 0.0, 0.0, 0.0)",1
4457,13,2,8,"(0.09369258606422372, 0.0, 0.09886232529533268, 0.09247639241939104, 0.09173902283359818, 0.0, 0.04357037093627773, 0.0, 0.0, 0.0)",54
4458,13,2,8,"(0.09369258606422372, 0.0, 0.08950620996642342, 0.07774179402552603, 0.09173902283359818, 0.0, 0.06826344941350267, 0.0, 0.0, 0.0)",28
4459,13,2,8,"(0.09369258606422372, 0.0, 0.12070536356691824, 0.09247639241939104, 0.09173902283359818, 0.0, 0.06826344941350267, 0.0, 0.0, 0.0)",1
4460,13,2,8,"(0.09369258606422372, 0.0, 0.08950620996642342, 0.09247639241939104, 0.07465200933978253, 0.0, 0.06826344941350267, 0.0, 0.0, 0.0)",11
4461,13,2,11,"(0.09033430006888621, 0.14970886995698662, 0.0, 0.0, 0.0, 0.06528146999772574, 0.0, 0.08279881135943302, 0.0, 0.01812760691895582)",44
4462,13,2,11,"(0.09033430006888621, 0.14970886995698662, 0.0, 0.0, 0.0, 0.03393390875468469, 0.0, 0.08279881135943302, 0.0, 0.01812760691895582)",1
4463,13,2,11,"(0.09033430006888621, 0.14970886995698662, 0.0, 0.0, 0.0, 0.04688669779969397, 0.0, 0.08279881135943302, 0.0, 0.01812760691895582)",414
4464,13,2,11,"(0.09033430006888621, 0.14970886995698662, 0.0, 0.0, 0.0, 0.04688669779969397, 0.0, 0.08279881135943302, 0.0, 0.020068682135310042)",1
4465,13,2,11,"(0.07785636790160357, 0.14970886995698662, 0.0, 0.0, 0.0, 0.04688669779969397, 0.0, 0.08279881135943302, 0.0, 0.01812760691895582)",1
4466,13,2,13,"(0.0, 0.0, 0.16424763844858853, 0.06920069129515957, 0.09172770611919409, 0.07489992963210028, 0.0, 0.0, 0.14899621190854193, 0.0)",1
4467,13,2,13,"(0.0, 0.0, 0.11679612853536596, 0.06920069129515957, 0.09172770611919409, 0.07489992963210028, 0.0, 0.0, 0.16177755537182067, 0.0)",1
4468,13,2,13,"(0.0, 0.0, 0.11679612853536596, 0.06920069129515957, 0.09172770611919409, 0.07489992963210028, 0.0, 0.0, 0.14899621190854193, 0.0)",199
4469,13,3,8,"(0.09369258606422372, 0.0, 0.09886232529533268, 0.09247639241939104, 0.08001515390113322, 0.0, 0.028728484746278194, 0.0, 0.0, 0.0)",5
4470,13,3,8,"(0.09369258606422372, 0.0, 0.07907277511859345, 0.09247639241939104, 0.09173902283359818, 0.0, 0.04357037093627773, 0.0, 0.0, 0.0)",2
4471,13,3,8,"(0.09369258606422372, 0.0, 0.1379514813436501, 0.09247639241939104, 0.09400996529821325, 0.0, 0.04357037093627773, 0.0, 0.0, 0.0)",1
4472,13,3,8,"(0.09369258606422372, 0.0, 0.09886232529533268, 0.09247639241939104, 0.09173902283359818, 0.0, 0.04357037093627773, 0.0, 0.0, 0.0)",260
4473,13,3,8,"(0.09369258606422372, 0.0, 0.09886232529533268, 0.09247639241939104, 0.09173902283359818, 0.0, 0.07483191289841473, 0.0, 0.0, 0.0)",11
4474,13,3,11,"(0.09033430006888621, 0.14970886995698662, 0.0, 0.0, 0.0, 0.057668919756066105, 0.0, 0.08279881135943302, 0.0, 0.01812760691895582)",2
4475,13,3,11,"(0.09070156374442732, 0.14970886995698662, 0.0, 0.0, 0.0, 0.10970554335300314, 0.0, 0.08279881135943302, 0.0, 0.01812760691895582)",1
4476,13,3,11,"(0.09033430006888621, 0.14970886995698662, 0.0, 0.0, 0.0, 0.04688669779969397, 0.0, 0.06107649390584331, 0.0, 0.01812760691895582)",1
4477,13,3,11,"(0.09033430006888621, 0.12375104023957435, 0.0, 0.0, 0.0, 0.04688669779969397, 0.0, 0.08279881135943302, 0.0, 0.01812760691895582)",13
4478,13,3,11,"(0.05636412731673911, 0.14970886995698662, 0.0, 0.0, 0.0, 0.06926274974976498, 0.0, 0.06476069209916231, 0.0, 0.0292217303146686)",1
4479,13,3,11,"(0.09033430006888621, 0.14970886995698662, 0.0, 0.0, 0.0, 0.04688669779969397, 0.0, 0.1477727548608834, 0.0, 0.01812760691895582)",4
4480,13,3,11,"(0.06565170231266244, 0.14970886995698662, 0.0, 0.0, 0.0, 0.04688669779969397, 0.0, 0.08279881135943302, 0.0, 0.01812760691895582)",1
4481,13,3,11,"(0.09033430006888621, 0.14970886995698662, 0.0, 0.0, 0.0, 0.10970554335300314, 0.0, 0.08279881135943302, 0.0, 0.01812760691895582)",3
4482,13,3,11,"(0.09033430006888621, 0.14970886995698662, 0.0, 0.0, 0.0, 0.04688669779969397, 0.0, 0.08279881135943302, 0.0, 0.014099147737826183)",1
4483,13,3,11,"(0.07751889295068938, 0.14970886995698662, 0.0, 0.0, 0.0, 0.03215811412058887, 0.0, 0.08279881135943302, 0.0, 0.01812760691895582)",1
4484,13,3,11,"(0.03590237585390452, 0.14970886995698662, 0.0, 0.0, 0.0, 0.04295750884569775, 0.0, 0.08279881135943302, 0.0, 0.013336118601890976)",2
4485,13,3,11,"(0.09033430006888621, 0.14970886995698662, 0.0, 0.0, 0.0, 0.04312166782754768, 0.0, 0.08279881135943302, 0.0, 0.01812760691895582)",1
4486,13,3,11,"(0.0898368778741712, 0.14970886995698662, 0.0, 0.0, 0.0, 0.04688669779969397, 0.0, 0.08279881135943302, 0.0, 0.035889243976794306)",1
4487,13,3,11,"(0.09033430006888621, 0.14970886995698662, 0.0, 0.0, 0.0, 0.04688669779969397, 0.0, 0.08279881135943302, 0.0, 0.01812760691895582)",468
4488,13,3,13,"(0.0, 0.0, 0.11679612853536596, 0.06920069129515957, 0.09172770611919409, 0.07489992963210028, 0.0, 0.0, 0.12188944380127638, 0.0)",8
4489,13,3,13,"(0.0, 0.0, 0.11679612853536596, 0.0930236716090684, 0.09172770611919409, 0.07489992963210028, 0.0, 0.0, 0.14899621190854193, 0.0)",1
4490,13,3,13,"(0.0, 0.0, 0.11679612853536596, 0.06920069129515957, 0.09172770611919409, 0.07489992963210028, 0.0, 0.0, 0.14899621190854193, 0.0)",158
4491,13,3,13,"(0.0, 0.0, 0.11679612853536596, 0.06920069129515957, 0.10515321554822785, 0.07489992963210028, 0.0, 0.0, 0.16554848941582095, 0.0)",1
4492,13,4,8,"(0.09369258606422372, 0.0, 0.09886232529533268, 0.08640895397283783, 0.09173902283359818, 0.0, 0.04357037093627773, 0.0, 0.0, 0.0)",1
4493,13,4,8,"(0.09369258606422372, 0.0, 0.08954478545024681, 0.09247639241939104, 0.09173902283359818, 0.0, 0.04357037093627773, 0.0, 0.0, 0.0)",2
4494,13,4,8,"(0.09369258606422372, 0.0, 0.09886232529533268, 0.09247639241939104, 0.09173902283359818, 0.0, 0.07483191289841473, 0.0, 0.0, 0.0)",15
4495,13,4,8,"(0.09369258606422372, 0.0, 0.09886232529533268, 0.09247639241939104, 0.09173902283359818, 0.0, 0.04357037093627773, 0.0, 0.0, 0.0)",280
4496,13,4,11,"(0.09033430006888621, 0.14970886995698662, 0.0, 0.0, 0.0, 0.04688669779969397, 0.0, 0.08279881135943302, 0.0, 0.01812760691895582)",403
4497,13,4,11,"(0.036806472725646584, 0.14970886995698662, 0.0, 0.0, 0.0, 0.04688669779969397, 0.0, 0.08279881135943302, 0.0, 0.01812760691895582)",1
4498,13,4,11,"(0.09033430006888621, 0.17876209545463587, 0.0, 0.0, 0.0, 0.04688669779969397, 0.0, 0.08279881135943302, 0.0, 0.02045364577993871)",1
4499,13,4,11,"(0.09033430006888621, 0.14970886995698662, 0.0, 0.0, 0.0, 0.09794980306851864, 0.0, 0.08279881135943302, 0.0, 0.014508386580094049)",4
4500,13,4,11,"(0.09033430006888621, 0.12042615857798247, 0.0, 0.0, 0.0, 0.036821551686551095, 0.0, 0.08279881135943302, 0.0, 0.01812760691895582)",1
4501,13,4,11,"(0.07514606213866283, 0.14970886995698662, 0.0, 0.0, 0.0, 0.04688669779969397, 0.0, 0.08279881135943302, 0.0, 0.01812760691895582)",1
4502,13,4,11,"(0.09033430006888621, 0.19125257893197475, 0.0, 0.0, 0.0, 0.04688669779969397, 0.0, 0.08279881135943302, 0.0, 0.01812760691895582)",2
4503,13,4,11,"(0.0524955170253678, 0.14970886995698662, 0.0, 0.0, 0.0, 0.04688669779969397, 0.0, 0.08279881135943302, 0.0, 0.01812760691895582)",2
4504,13,4,11,"(0.09033430006888621, 0.14970886995698662, 0.0, 0.0, 0.0, 0.05442893838953961, 0.0, 0.08148933928973333, 0.0, 0.01812760691895582)",1
4505,13,4,11,"(0.09033430006888621, 0.14970886995698662, 0.0, 0.0, 0.0, 0.05867387280675387, 0.0, 0.08279881135943302, 0.0, 0.01812760691895582)",4
4506,13,4,13,"(0.0, 0.0, 0.11679612853536596, 0.06920069129515957, 0.09172770611919409, 0.07489992963210028, 0.0, 0.0, 0.14899621190854193, 0.0)",174
4507,13,4,13,"(0.0, 0.0, 0.11679612853536596, 0.06920069129515957, 0.09172770611919409, 0.08145387415209412, 0.0, 0.0, 0.14899621190854193, 0.0)",1
4508,13,4,13,"(0.0, 0.0, 0.11679612853536596, 0.06920069129515957, 0.09150280235676639, 0.07489992963210028, 0.0, 0.0, 0.14899621190854193, 0.0)",2
4509,13,4,13,"(0.0, 0.0, 0.11679612853536596, 0.06920069129515957, 0.09172770611919409, 0.07489992963210028, 0.0, 0.0, 0.09355846818658166, 0.0)",4
4510,13,4,13,"(0.0, 0.0, 0.11679612853536596, 0.06920069129515957, 0.11446319057015668, 0.059044314999429824, 0.0, 0.0, 0.13405310481961086, 0.0)",2
4511,13,5,8,"(0.0831935928353524, 0.0, 0.09886232529533268, 0.09247639241939104, 0.09173902283359818, 0.0, 0.04357037093627773, 0.0, 0.0, 0.0)",3
4512,13,5,8,"(0.20442851905703668, 0.0, 0.09886232529533268, 0.09247639241939104, 0.07382010789038752, 0.0, 0.03141826371879672, 0.0, 0.0, 0.0)",1
4513,13,5,8,"(0.09369258606422372, 0.0, 0.09886232529533268, 0.09247639241939104, 0.09173902283359818, 0.0, 0.025904839693955833, 0.0, 0.0, 0.0)",1
4514,13,5,8,"(0.09369258606422372, 0.0, 0.09886232529533268, 0.09247639241939104, 0.09173902283359818, 0.0, 0.04357037093627773, 0.0, 0.0, 0.0)",373
4515,13,5,11,"(0.09033430006888621, 0.11069078261137594, 0.0, 0.0, 0.0, 0.04688669779969397, 0.0, 0.08279881135943302, 0.0, 0.01812760691895582)",1
4516,13,5,11,"(0.07352429446743654, 0.14970886995698662, 0.0, 0.0, 0.0, 0.04688669779969397, 0.0, 0.08279881135943302, 0.0, 0.01812760691895582)",18
4517,13,5,11,"(0.09033430006888621, 0.1459445633381309, 0.0, 0.0, 0.0, 0.04688669779969397, 0.0, 0.08279881135943302, 0.0, 0.01812760691895582)",1
4518,13,5,11,"(0.09033430006888621, 0.14970886995698662, 0.0, 0.0, 0.0, 0.04688669779969397, 0.0, 0.041053224070869344, 0.0, 0.01812760691895582)",1
4519,13,5,11,"(0.09033430006888621, 0.14604938924052482, 0.0, 0.0, 0.0, 0.04688669779969397, 0.0, 0.08279881135943302, 0.0, 0.01812760691895582)",4
4520,13,5,11,"(0.126375924720486, 0.14970886995698662, 0.0, 0.0, 0.0, 0.04688669779969397, 0.0, 0.08279881135943302, 0.0, 0.01812760691895582)",6
4521,13,5,11,"(0.04737047310258262, 0.14970886995698662, 0.0, 0.0, 0.0, 0.04132154789049072, 0.0, 0.08279881135943302, 0.0, 0.01812760691895582)",1
4522,13,5,11,"(0.09033430006888621, 0.14970886995698662, 0.0, 0.0, 0.0, 0.04688669779969397, 0.0, 0.08578719457705127, 0.0, 0.01812760691895582)",9
4523,13,5,11,"(0.09033430006888621, 0.14970886995698662, 0.0, 0.0, 0.0, 0.04688669779969397, 0.0, 0.08279881135943302, 0.0, 0.01812760691895582)",364
4524,13,5,11,"(0.09033430006888621, 0.14970886995698662, 0.0, 0.0, 0.0, 0.04132154789049072, 0.0, 0.08279881135943302, 0.0, 0.01812760691895582)",12
4525,13,5,11,"(0.09033430006888621, 0.12375104023957435, 0.0, 0.0, 0.0, 0.04688669779969397, 0.0, 0.08279881135943302, 0.0, 0.01812760691895582)",31
4526,13,5,11,"(0.09033430006888621, 0.14970886995698662, 0.0, 0.0, 0.0, 0.04688669779969397, 0.0, 0.0861639675707129, 0.0, 0.01812760691895582)",1
4527,13,5,11,"(0.09033430006888621, 0.14970886995698662, 0.0, 0.0, 0.0, 0.026397873627388546, 0.0, 0.08279881135943302, 0.0, 0.024757564775398082)",2
4528,13,5,13,"(0.0, 0.0, 0.11679612853536596, 0.06920069129515957, 0.09172770611919409, 0.07489992963210028, 0.0, 0.0, 0.14899621190854193, 0.0)",193
4529,13,5,13,"(0.0, 0.0, 0.11679612853536596, 0.11425534783177486, 0.09172770611919409, 0.07489992963210028, 0.0, 0.0, 0.14899621190854193, 0.0)",3
4530,13,6,8,"(0.09369258606422372, 0.0, 0.09886232529533268, 0.09247639241939104, 0.10743578192142898, 0.0, 0.05862092623718538, 0.0, 0.0, 0.0)",3
4531,13,6,8,"(0.09369258606422372, 0.0, 0.08950620996642342, 0.09247639241939104, 0.09173902283359818, 0.0, 0.06826344941350267, 0.0, 0.0, 0.0)",80
4532,13,6,8,"(0.09369258606422372, 0.0, 0.09886232529533268, 0.09247639241939104, 0.09173902283359818, 0.0, 0.04357037093627773, 0.0, 0.0, 0.0)",242
4533,13,6,8,"(0.09369258606422372, 0.0, 0.09886232529533268, 0.15879291806042975, 0.09173902283359818, 0.0, 0.04357037093627773, 0.0, 0.0, 0.0)",1
4534,13,6,11,"(0.09033430006888621, 0.14970886995698662, 0.0, 0.0, 0.0, 0.04688669779969397, 0.0, 0.08279881135943302, 0.0, 0.01812760691895582)",384
4535,13,6,11,"(0.09033430006888621, 0.14970886995698662, 0.0, 0.0, 0.0, 0.033936419514143557, 0.0, 0.11389916979814275, 0.0, 0.01812760691895582)",1
4536,13,6,11,"(0.09033430006888621, 0.14970886995698662, 0.0, 0.0, 0.0, 0.04688669779969397, 0.0, 0.11532785888712757, 0.0, 0.01812760691895582)",2
4537,13,6,13,"(0.0, 0.0, 0.11679612853536596, 0.06920069129515957, 0.09172770611919409, 0.07489992963210028, 0.0, 0.0, 0.14899621190854193, 0.0)",191
4538,13,6,13,"(0.0, 0.0, 0.11679612853536596, 0.06920069129515957, 0.07785751795012137, 0.07489992963210028, 0.0, 0.0, 0.14899621190854193, 0.0)",2
4539,13,7,8,"(0.09369258606422372, 0.0, 0.08950620996642342, 0.09247639241939104, 0.04484984412253335, 0.0, 0.06826344941350267, 0.0, 0.0, 0.0)",1
4540,13,7,8,"(0.09369258606422372, 0.0, 0.08950620996642342, 0.09247639241939104, 0.09173902283359818, 0.0, 0.06826344941350267, 0.0, 0.0, 0.0)",118
4541,13,7,8,"(0.09369258606422372, 0.0, 0.08950620996642342, 0.03400799256323888, 0.1060297001310965, 0.0, 0.06826344941350267, 0.0, 0.0, 0.0)",23
4542,13,7,8,"(0.09369258606422372, 0.0, 0.09886232529533268, 0.09247639241939104, 0.09173902283359818, 0.0, 0.04357037093627773, 0.0, 0.0, 0.0)",173
4543,13,7,8,"(0.09369258606422372, 0.0, 0.08950620996642342, 0.09247639241939104, 0.09173902283359818, 0.0, 0.06753344804553034, 0.0, 0.0, 0.0)",1
4544,13,7,11,"(0.09112590525999531, 0.14970886995698662, 0.0, 0.0, 0.0, 0.04688669779969397, 0.0, 0.03956593127459177, 0.0, 0.01812760691895582)",10
4545,13,7,11,"(0.030631563561897945, 0.1095102097043428, 0.0, 0.0, 0.0, 0.04688669779969397, 0.0, 0.08279881135943302, 0.0, 0.01812760691895582)",1
4546,13,7,11,"(0.09033430006888621, 0.14970886995698662, 0.0, 0.0, 0.0, 0.04688669779969397, 0.0, 0.046176876769364515, 0.0, 0.01812760691895582)",14
4547,13,7,11,"(0.04705536222280903, 0.14970886995698662, 0.0, 0.0, 0.0, 0.04688669779969397, 0.0, 0.08279881135943302, 0.0, 0.01812760691895582)",1
4548,13,7,11,"(0.09033430006888621, 0.14970886995698662, 0.0, 0.0, 0.0, 0.0548133483543334, 0.0, 0.0732115635838587, 0.0, 0.01812760691895582)",3
4549,13,7,11,"(0.09033430006888621, 0.16346784832822786, 0.0, 0.0, 0.0, 0.04688669779969397, 0.0, 0.08279881135943302, 0.0, 0.01812760691895582)",1
4550,13,7,11,"(0.09033430006888621, 0.14970886995698662, 0.0, 0.0, 0.0, 0.04688669779969397, 0.0, 0.08279881135943302, 0.0, 0.007332221242342484)",2
4551,13,7,11,"(0.09112590525999531, 0.18804798136137588, 0.0, 0.0, 0.0, 0.04688669779969397, 0.0, 0.1791854483968995, 0.0, 0.01812760691895582)",1
4552,13,7,11,"(0.09033430006888621, 0.14970886995698662, 0.0, 0.0, 0.0, 0.04688669779969397, 0.0, 0.09759197120342358, 0.0, 0.01812760691895582)",1
4553,13,7,11,"(0.09033430006888621, 0.14970886995698662, 0.0, 0.0, 0.0, 0.0247948590866344, 0.0, 0.08279881135943302, 0.0, 0.01812760691895582)",1
4554,13,7,11,"(0.09374808800136986, 0.14970886995698662, 0.0, 0.0, 0.0, 0.04688669779969397, 0.0, 0.08279881135943302, 0.0, 0.01812760691895582)",1
4555,13,7,11,"(0.043306662722478566, 0.14970886995698662, 0.0, 0.0, 0.0, 0.04688669779969397, 0.0, 0.08279881135943302, 0.0, 0.01812760691895582)",1
4556,13,7,11,"(0.09112590525999531, 0.14970886995698662, 0.0, 0.0, 0.0, 0.04688669779969397, 0.0, 0.08279881135943302, 0.0, 0.01812760691895582)",54
4557,13,7,11,"(0.06626523742647615, 0.14970886995698662, 0.0, 0.0, 0.0, 0.03760913137918965, 0.0, 0.08279881135943302, 0.0, 0.02567655311758669)",1
4558,13,7,11,"(0.09033430006888621, 0.14970886995698662, 0.0, 0.0, 0.0, 0.04688669779969397, 0.0, 0.08279881135943302, 0.0, 0.01812760691895582)",400
4559,13,7,11,"(0.09033430006888621, 0.14970886995698662, 0.0, 0.0, 0.0, 0.04688669779969397, 0.0, 0.08279881135943302, 0.0, 0.0207919756742779)",1
4560,13,7,13,"(0.0, 0.0, 0.11679612853536596, 0.06920069129515957, 0.08677559239883063, 0.07489992963210028, 0.0, 0.0, 0.14899621190854193, 0.0)",1
4561,13,7,13,"(0.0, 0.0, 0.20481482987250454, 0.04092411717834586, 0.09172770611919409, 0.07489992963210028, 0.0, 0.0, 0.14899621190854193, 0.0)",1
4562,13,7,13,"(0.0, 0.0, 0.11679612853536596, 0.06920069129515957, 0.09172770611919409, 0.07489992963210028, 0.0, 0.0, 0.14899621190854193, 0.0)",170
4563,13,8,8,"(0.10611954473629119, 0.0, 0.07239653118581925, 0.09247639241939104, 0.09173902283359818, 0.0, 0.022997554173239454, 0.0, 0.0, 0.0)",1
4564,13,8,8,"(0.10003779744654515, 0.0, 0.09886232529533268, 0.09247639241939104, 0.04118506014568858, 0.0, 0.031227331641154342, 0.0, 0.0, 0.0)",2
4565,13,8,8,"(0.09369258606422372, 0.0, 0.09886232529533268, 0.09256043081109501, 0.09173902283359818, 0.0, 0.04357037093627773, 0.0, 0.0, 0.0)",1
4566,13,8,8,"(0.03993926430635793, 0.0, 0.09886232529533268, 0.09247639241939104, 0.06594378043528468, 0.0, 0.04357037093627773, 0.0, 0.0, 0.0)",1
4567,13,8,8,"(0.09369258606422372, 0.0, 0.09886232529533268, 0.09247639241939104, 0.09173902283359818, 0.0, 0.04357037093627773, 0.0, 0.0, 0.0)",223
4568,13,8,8,"(0.09369258606422372, 0.0, 0.08950620996642342, 0.09247639241939104, 0.09173902283359818, 0.0, 0.06826344941350267, 0.0, 0.0, 0.0)",104
4569,13,8,8,"(0.08090358278835753, 0.0, 0.07811690693855937, 0.09247639241939104, 0.09173902283359818, 0.0, 0.04357037093627773, 0.0, 0.0, 0.0)",1
4570,13,8,11,"(0.09033430006888621, 0.14970886995698662, 0.0, 0.0, 0.0, 0.026401404492113652, 0.0, 0.08279881135943302, 0.0, 0.01812760691895582)",1
4571,13,8,11,"(0.09033430006888621, 0.14970886995698662, 0.0, 0.0, 0.0, 0.04688669779969397, 0.0, 0.08279881135943302, 0.0, 0.01812760691895582)",529
4572,13,8,11,"(0.09033430006888621, 0.14970886995698662, 0.0, 0.0, 0.0, 0.04688669779969397, 0.0, 0.0762635605159111, 0.0, 0.01812760691895582)",1
4573,13,8,11,"(0.09483176401510264, 0.14970886995698662, 0.0, 0.0, 0.0, 0.04688669779969397, 0.0, 0.0789102635377554, 0.0, 0.01812760691895582)",1
4574,13,8,11,"(0.09033430006888621, 0.12041541515196849, 0.0, 0.0, 0.0, 0.04688669779969397, 0.0, 0.08279881135943302, 0.0, 0.01812760691895582)",6
4575,13,8,13,"(0.0, 0.0, 0.11679612853536596, 0.06920069129515957, 0.09730577926003926, 0.07489992963210028, 0.0, 0.0, 0.14899621190854193, 0.0)",1
4576,13,8,13,"(0.0, 0.0, 0.11679612853536596, 0.06920069129515957, 0.09172770611919409, 0.07489992963210028, 0.0, 0.0, 0.14899621190854193, 0.0)",156
4577,13,8,13,"(0.0, 0.0, 0.1752777908373913, 0.06920069129515957, 0.09172770611919409, 0.07489992963210028, 0.0, 0.0, 0.14899621190854193, 0.0)",1
4578,13,8,13,"(0.0, 0.0, 0.09708127075471983, 0.08135274987544408, 0.09172770611919409, 0.07489992963210028, 0.0, 0.0, 0.14899621190854193, 0.0)",6
4579,13,8,13,"(0.0, 0.0, 0.11679612853536596, 0.06920069129515957, 0.09172770611919409, 0.07489992963210028, 0.0, 0.0, 0.1822500502130065, 0.0)",2
4580,13,9,8,"(0.14324113965124294, 0.0, 0.14129248760101293, 0.09247639241939104, 0.09173902283359818, 0.0, 0.04357037093627773, 0.0, 0.0, 0.0)",5
4581,13,9,8,"(0.09369258606422372, 0.0, 0.09886232529533268, 0.09247639241939104, 0.09173902283359818, 0.0, 0.04357037093627773, 0.0, 0.0, 0.0)",296
4582,13,9,8,"(0.06773006384226825, 0.0, 0.09886232529533268, 0.09247639241939104, 0.09173902283359818, 0.0, 0.04357037093627773, 0.0, 0.0, 0.0)",1
4583,13,9,11,"(0.09033430006888621, 0.14970886995698662, 0.0, 0.0, 0.0, 0.09278442631555288, 0.0, 0.08279881135943302, 0.0, 0.01812760691895582)",1
4584,13,9,11,"(0.09033430006888621, 0.14970886995698662, 0.0, 0.0, 0.0, 0.04688669779969397, 0.0, 0.08279881135943302, 0.0, 0.01812760691895582)",441
4585,13,9,11,"(0.09033430006888621, 0.13877823942240297, 0.0, 0.0, 0.0, 0.04688669779969397, 0.0, 0.08279881135943302, 0.0, 0.01812760691895582)",2
4586,13,9,11,"(0.09033430006888621, 0.14970886995698662, 0.0, 0.0, 0.0, 0.036860707458682175, 0.0, 0.040902310814394896, 0.0, 0.017925455214556126)",1
4587,13,9,11,"(0.09033430006888621, 0.14970886995698662, 0.0, 0.0, 0.0, 0.04688669779969397, 0.0, 0.040902310814394896, 0.0, 0.01812760691895582)",44
4588,13,9,11,"(0.09033430006888621, 0.14970886995698662, 0.0, 0.0, 0.0, 0.04688669779969397, 0.0, 0.040902310814394896, 0.0, 0.037229113146957135)",1
4589,13,9,11,"(0.05174590831628027, 0.14970886995698662, 0.0, 0.0, 0.0, 0.04688669779969397, 0.0, 0.08279881135943302, 0.0, 0.01385877528298107)",9
4590,13,9,11,"(0.09033430006888621, 0.14970886995698662, 0.0, 0.0, 0.0, 0.023172776998468363, 0.0, 0.08279881135943302, 0.0, 0.01812760691895582)",1
4591,13,9,11,"(0.0466703689188359, 0.14970886995698662, 0.0, 0.0, 0.0, 0.04688669779969397, 0.0, 0.08279881135943302, 0.0, 0.01812760691895582)",27
4592,13,9,13,"(0.0, 0.0, 0.11679612853536596, 0.06920069129515957, 0.09172770611919409, 0.07489992963210028, 0.0, 0.0, 0.14899621190854193, 0.0)",160
4593,13,9,13,"(0.0, 0.0, 0.11679612853536596, 0.06920069129515957, 0.16548802453717273, 0.07489992963210028, 0.0, 0.0, 0.14899621190854193, 0.0)",1
4594,13,9,13,"(0.0, 0.0, 0.1644211127043651, 0.06920069129515957, 0.09172770611919409, 0.07489992963210028, 0.0, 0.0, 0.14899621190854193, 0.0)",7
4595,13,9,13,"(0.0, 0.0, 0.11679612853536596, 0.06920069129515957, 0.09172770611919409, 0.06837591990638589, 0.0, 0.0, 0.14899621190854193, 0.0)",1
4596,13,9,13,"(0.0, 0.0, 0.11679612853536596, 0.06920069129515957, 0.09172770611919409, 0.1033414285462863, 0.0, 0.0, 0.14899621190854193, 0.0)",1
4597,13,9,13,"(0.0, 0.0, 0.08425448996202775, 0.06920069129515957, 0.09172770611919409, 0.07489992963210028, 0.0, 0.0, 0.14899621190854193, 0.0)",2
4598,13,9,13,"(0.0, 0.0, 0.09079448840953687, 0.06920069129515957, 0.09172770611919409, 0.07489992963210028, 0.0, 0.0, 0.14899621190854193, 0.0)",1
4599,13,10,8,"(0.09369258606422372, 0.0, 0.09886232529533268, 0.06526064581906574, 0.09173902283359818, 0.0, 0.04357037093627773, 0.0, 0.0, 0.0)",1
4600,13,10,8,"(0.09369258606422372, 0.0, 0.09886232529533268, 0.1205341068056886, 0.09173902283359818, 0.0, 0.021403232359736197, 0.0, 0.0, 0.0)",3
4601,13,10,8,"(0.09369258606422372, 0.0, 0.09886232529533268, 0.09247639241939104, 0.09173902283359818, 0.0, 0.023812941075068678, 0.0, 0.0, 0.0)",1
4602,13,10,8,"(0.09369258606422372, 0.0, 0.18485670085818234, 0.09247639241939104, 0.09173902283359818, 0.0, 0.04357037093627773, 0.0, 0.0, 0.0)",3
4603,13,10,8,"(0.09369258606422372, 0.0, 0.09886232529533268, 0.09247639241939104, 0.14216586796328645, 0.0, 0.036536204632568, 0.0, 0.0, 0.0)",1
4604,13,10,8,"(0.09369258606422372, 0.0, 0.09886232529533268, 0.09247639241939104, 0.09173902283359818, 0.0, 0.04357037093627773, 0.0, 0.0, 0.0)",344
4605,13,10,11,"(0.09033430006888621, 0.14970886995698662, 0.0, 0.0, 0.0, 0.04688669779969397, 0.0, 0.08279881135943302, 0.0, 0.027214963313579255)",2
4606,13,10,11,"(0.09033430006888621, 0.14970886995698662, 0.0, 0.0, 0.0, 0.04688669779969397, 0.0, 0.08279881135943302, 0.0, 0.024559807129811047)",2
4607,13,10,11,"(0.09033430006888621, 0.14970886995698662, 0.0, 0.0, 0.0, 0.06693391703183757, 0.0, 0.07581504128017577, 0.0, 0.01812760691895582)",3
4608,13,10,11,"(0.0612318303503344, 0.14970886995698662, 0.0, 0.0, 0.0, 0.04688669779969397, 0.0, 0.08279881135943302, 0.0, 0.013536032177295371)",2
4609,13,10,11,"(0.09033430006888621, 0.1721256994766617, 0.0, 0.0, 0.0, 0.04688669779969397, 0.0, 0.08279881135943302, 0.0, 0.01812760691895582)",2
4610,13,10,11,"(0.11879833093597787, 0.14970886995698662, 0.0, 0.0, 0.0, 0.04688669779969397, 0.0, 0.08279881135943302, 0.0, 0.01812760691895582)",1
4611,13,10,11,"(0.1160403593317554, 0.14970886995698662, 0.0, 0.0, 0.0, 0.04688669779969397, 0.0, 0.08279881135943302, 0.0, 0.01812760691895582)",1
4612,13,10,11,"(0.09033430006888621, 0.08678506008482681, 0.0, 0.0, 0.0, 0.04688669779969397, 0.0, 0.08279881135943302, 0.0, 0.01812760691895582)",1
4613,13,10,11,"(0.09033430006888621, 0.14970886995698662, 0.0, 0.0, 0.0, 0.04688669779969397, 0.0, 0.040902310814394896, 0.0, 0.01812760691895582)",2
4614,13,10,11,"(0.09033430006888621, 0.14970886995698662, 0.0, 0.0, 0.0, 0.04688669779969397, 0.0, 0.08279881135943302, 0.0, 0.01812760691895582)",448
4615,13,10,11,"(0.09033430006888621, 0.14970886995698662, 0.0, 0.0, 0.0, 0.05152566869649501, 0.0, 0.08279881135943302, 0.0, 0.01812760691895582)",2
4616,13,10,11,"(0.11984218124712803, 0.14970886995698662, 0.0, 0.0, 0.0, 0.04688669779969397, 0.0, 0.08279881135943302, 0.0, 0.013560693122435902)",2
4617,13,10,11,"(0.09033430006888621, 0.14970886995698662, 0.0, 0.0, 0.0, 0.04688669779969397, 0.0, 0.08279881135943302, 0.0, 0.0316023326641407)",1
4618,13,10,13,"(0.0, 0.0, 0.11679612853536596, 0.06920069129515957, 0.09172770611919409, 0.07489992963210028, 0.0, 0.0, 0.14899621190854193, 0.0)",151
4619,13,10,13,"(0.0, 0.0, 0.11679612853536596, 0.06920069129515957, 0.09172770611919409, 0.07489992963210028, 0.0, 0.0, 0.11584782642975516, 0.0)",2
4620,13,10,13,"(0.0, 0.0, 0.11679612853536596, 0.03394312995534489, 0.09172770611919409, 0.07489992963210028, 0.0, 0.0, 0.14899621190854193, 0.0)",2
4621,13,10,13,"(0.0, 0.0, 0.11679612853536596, 0.06920069129515957, 0.09172770611919409, 0.1051181708917244, 0.0, 0.0, 0.14899621190854193, 0.0)",2
4622,13,10,13,"(0.0, 0.0, 0.10245199627790942, 0.06920069129515957, 0.09172770611919409, 0.07489992963210028, 0.0, 0.0, 0.14899621190854193, 0.0)",3
4623,13,10,13,"(0.0, 0.0, 0.0771822915377986, 0.0809552333103301, 0.09172770611919409, 0.07489992963210028, 0.0, 0.0, 0.14899621190854193, 0.0)",1
4624,13,11,8,"(0.09369258606422372, 0.0, 0.10334222195201771, 0.07788855185841735, 0.09173902283359818, 0.0, 0.04357037093627773, 0.0, 0.0, 0.0)",1
4625,13,11,8,"(0.09369258606422372, 0.0, 0.12554991856820452, 0.09247639241939104, 0.09173902283359818, 0.0, 0.04357037093627773, 0.0, 0.0, 0.0)",1
4626,13,11,8,"(0.09369258606422372, 0.0, 0.10747056050212042, 0.09247639241939104, 0.09173902283359818, 0.0, 0.04357037093627773, 0.0, 0.0, 0.0)",1
4627,13,11,8,"(0.09369258606422372, 0.0, 0.09886232529533268, 0.09247639241939104, 0.09173902283359818, 0.0, 0.028960209466475696, 0.0, 0.0, 0.0)",1
4628,13,11,8,"(0.07779791804446011, 0.0, 0.09886232529533268, 0.09247639241939104, 0.066875513263074, 0.0, 0.04357037093627773, 0.0, 0.0, 0.0)",1
4629,13,11,8,"(0.09369258606422372, 0.0, 0.09886232529533268, 0.09247639241939104, 0.09173902283359818, 0.0, 0.04357037093627773, 0.0, 0.0, 0.0)",345
4630,13,11,8,"(0.06654713767990036, 0.0, 0.09886232529533268, 0.09247639241939104, 0.09173902283359818, 0.0, 0.04357037093627773, 0.0, 0.0, 0.0)",6
4631,13,11,8,"(0.09369258606422372, 0.0, 0.09886232529533268, 0.09247639241939104, 0.08400458516000497, 0.0, 0.04357037093627773, 0.0, 0.0, 0.0)",1
4632,13,11,8,"(0.09369258606422372, 0.0, 0.09886232529533268, 0.09247639241939104, 0.09510693051330954, 0.0, 0.04357037093627773, 0.0, 0.0, 0.0)",4
4633,13,11,11,"(0.1206096024898417, 0.14970886995698662, 0.0, 0.0, 0.0, 0.04688669779969397, 0.0, 0.08279881135943302, 0.0, 0.03281415599735818)",1
4634,13,11,11,"(0.09033430006888621, 0.14970886995698662, 0.0, 0.0, 0.0, 0.04845782007230763, 0.0, 0.08279881135943302, 0.0, 0.014808347256807972)",2
4635,13,11,11,"(0.09033430006888621, 0.11874871677869299, 0.0, 0.0, 0.0, 0.03448788566293919, 0.0, 0.08279881135943302, 0.0, 0.01812760691895582)",1
4636,13,11,11,"(0.09033430006888621, 0.14970886995698662, 0.0, 0.0, 0.0, 0.04688669779969397, 0.0, 0.040902310814394896, 0.0, 0.01812760691895582)",126
4637,13,11,11,"(0.09033430006888621, 0.14970886995698662, 0.0, 0.0, 0.0, 0.04688669779969397, 0.0, 0.08279881135943302, 0.0, 0.01812760691895582)",342
4638,13,11,13,"(0.0, 0.0, 0.11679612853536596, 0.06920069129515957, 0.09172770611919409, 0.07489992963210028, 0.0, 0.0, 0.14899621190854193, 0.0)",163
4639,13,11,13,"(0.0, 0.0, 0.11679612853536596, 0.06920069129515957, 0.09172770611919409, 0.06700161092466264, 0.0, 0.0, 0.14899621190854193, 0.0)",1
4640,13,12,8,"(0.09369258606422372, 0.0, 0.09886232529533268, 0.09247639241939104, 0.09173902283359818, 0.0, 0.04357037093627773, 0.0, 0.0, 0.0)",313
4641,13,12,8,"(0.09369258606422372, 0.0, 0.12848955384016555, 0.09247639241939104, 0.09173902283359818, 0.0, 0.04357037093627773, 0.0, 0.0, 0.0)",15
4642,13,12,8,"(0.08261399075453851, 0.0, 0.09886232529533268, 0.09247639241939104, 0.09173902283359818, 0.0, 0.04357037093627773, 0.0, 0.0, 0.0)",1
4643,13,12,8,"(0.09369258606422372, 0.0, 0.09886232529533268, 0.09247639241939104, 0.09173902283359818, 0.0, 0.03934826331677777, 0.0, 0.0, 0.0)",1
4644,13,12,8,"(0.09369258606422372, 0.0, 0.11740038809437467, 0.08337159051252548, 0.09173902283359818, 0.0, 0.04357037093627773, 0.0, 0.0, 0.0)",1
4645,13,12,8,"(0.09369258606422372, 0.0, 0.09886232529533268, 0.0846470437568812, 0.09173902283359818, 0.0, 0.04357037093627773, 0.0, 0.0, 0.0)",2
4646,13,12,11,"(0.09033430006888621, 0.13496895971248346, 0.0, 0.0, 0.0, 0.04688669779969397, 0.0, 0.1011924628674805, 0.0, 0.022816123441552996)",1
4647,13,12,11,"(0.09033430006888621, 0.11486221492136381, 0.0, 0.0, 0.0, 0.04688669779969397, 0.0, 0.08279881135943302, 0.0, 0.01812760691895582)",126
4648,13,12,11,"(0.09033430006888621, 0.14970886995698662, 0.0, 0.0, 0.0, 0.04688669779969397, 0.0, 0.08279881135943302, 0.0, 0.01812760691895582)",299
4649,13,12,11,"(0.09033430006888621, 0.14970886995698662, 0.0, 0.0, 0.0, 0.04688669779969397, 0.0, 0.08279881135943302, 0.0, 0.045316782888281996)",2
4650,13,12,11,"(0.10021707143080479, 0.14970886995698662, 0.0, 0.0, 0.0, 0.04688669779969397, 0.0, 0.08279881135943302, 0.0, 0.01812760691895582)",5
4651,13,12,11,"(0.09033430006888621, 0.18579135286721285, 0.0, 0.0, 0.0, 0.04688669779969397, 0.0, 0.08279881135943302, 0.0, 0.01812760691895582)",2
4652,13,12,11,"(0.17116497381329418, 0.14970886995698662, 0.0, 0.0, 0.0, 0.04688669779969397, 0.0, 0.10126200631974501, 0.0, 0.01812760691895582)",1
4653,13,12,11,"(0.09033430006888621, 0.14970886995698662, 0.0, 0.0, 0.0, 0.06740341203061148, 0.0, 0.08279881135943302, 0.0, 0.01812760691895582)",1
4654,13,12,11,"(0.10547781458270077, 0.22025184233956785, 0.0, 0.0, 0.0, 0.04688669779969397, 0.0, 0.05714746099728277, 0.0, 0.01812760691895582)",2
4655,13,12,11,"(0.08312289423322478, 0.12781811074682176, 0.0, 0.0, 0.0, 0.04688669779969397, 0.0, 0.08279881135943302, 0.0, 0.01838045204851523)",1
4656,13,12,11,"(0.09033430006888621, 0.14970886995698662, 0.0, 0.0, 0.0, 0.034663318995921365, 0.0, 0.08279881135943302, 0.0, 0.01812760691895582)",75
4657,13,12,13,"(0.0, 0.0, 0.11679612853536596, 0.06920069129515957, 0.09172770611919409, 0.07489992963210028, 0.0, 0.0, 0.14899621190854193, 0.0)",140
4658,13,12,13,"(0.0, 0.0, 0.07651245957203728, 0.06920069129515957, 0.09172770611919409, 0.07489992963210028, 0.0, 0.0, 0.14899621190854193, 0.0)",1
4659,13,12,13,"(0.0, 0.0, 0.11679612853536596, 0.0537601133036647, 0.09172770611919409, 0.07489992963210028, 0.0, 0.0, 0.14899621190854193, 0.0)",22
4660,13,13,8,"(0.12520640709467165, 0.0, 0.1960328894927041, 0.09247639241939104, 0.09173902283359818, 0.0, 0.04357037093627773, 0.0, 0.0, 0.0)",1
4661,13,13,8,"(0.09369258606422372, 0.0, 0.09886232529533268, 0.09247639241939104, 0.10434222984344839, 0.0, 0.04357037093627773, 0.0, 0.0, 0.0)",2
4662,13,13,8,"(0.09369258606422372, 0.0, 0.09886232529533268, 0.09247639241939104, 0.09173902283359818, 0.0, 0.04357037093627773, 0.0, 0.0, 0.0)",332
4663,13,13,8,"(0.09369258606422372, 0.0, 0.05750132430451215, 0.09247639241939104, 0.09173902283359818, 0.0, 0.024327250423411825, 0.0, 0.0, 0.0)",1
4664,13,13,11,"(0.09033430006888621, 0.07087045571238586, 0.0, 0.0, 0.0, 0.04688669779969397, 0.0, 0.08279881135943302, 0.0, 0.01812760691895582)",3
4665,13,13,11,"(0.09033430006888621, 0.14970886995698662, 0.0, 0.0, 0.0, 0.04688669779969397, 0.0, 0.03623712890417402, 0.0, 0.015011505562464575)",2
4666,13,13,11,"(0.09033430006888621, 0.14970886995698662, 0.0, 0.0, 0.0, 0.046880257969025445, 0.0, 0.08279881135943302, 0.0, 0.01418569437595886)",3
4667,13,13,11,"(0.09033430006888621, 0.14970886995698662, 0.0, 0.0, 0.0, 0.04517339152564288, 0.0, 0.08279881135943302, 0.0, 0.01812760691895582)",1
4668,13,13,11,"(0.09033430006888621, 0.11486221492136381, 0.0, 0.0, 0.0, 0.04688669779969397, 0.0, 0.08279881135943302, 0.0, 0.01812760691895582)",286
4669,13,13,11,"(0.09033430006888621, 0.14970886995698662, 0.0, 0.0, 0.0, 0.04688669779969397, 0.0, 0.08279881135943302, 0.0, 0.01812760691895582)",190
4670,13,13,11,"(0.09033430006888621, 0.06423651707218159, 0.0, 0.0, 0.0, 0.04688669779969397, 0.0, 0.08279881135943302, 0.0, 0.01812760691895582)",1
4671,13,13,13,"(0.0, 0.0, 0.11679612853536596, 0.06920069129515957, 0.09172770611919409, 0.07489992963210028, 0.0, 0.0, 0.14899621190854193, 0.0)",158
4672,13,13,13,"(0.0, 0.0, 0.11679612853536596, 0.06920069129515957, 0.07960553272601034, 0.039639271742128765, 0.0, 0.0, 0.14899621190854193, 0.0)",1
4673,13,14,8,"(0.09369258606422372, 0.0, 0.10389648444042263, 0.09247639241939104, 0.09173902283359818, 0.0, 0.04357037093627773, 0.0, 0.0, 0.0)",8
4674,13,14,8,"(0.09369258606422372, 0.0, 0.09886232529533268, 0.07937582382000982, 0.05429157823022854, 0.0, 0.021326162694905212, 0.0, 0.0, 0.0)",19
4675,13,14,8,"(0.09369258606422372, 0.0, 0.09886232529533268, 0.10992518991199848, 0.09173902283359818, 0.0, 0.04357037093627773, 0.0, 0.0, 0.0)",1
4676,13,14,8,"(0.09369258606422372, 0.0, 0.09886232529533268, 0.09247639241939104, 0.09173902283359818, 0.0, 0.04562187533454904, 0.0, 0.0, 0.0)",1
4677,13,14,8,"(0.09369258606422372, 0.0, 0.09886232529533268, 0.09247639241939104, 0.09173902283359818, 0.0, 0.04357037093627773, 0.0, 0.0, 0.0)",342
4678,13,14,8,"(0.09369258606422372, 0.0, 0.061672556918618976, 0.1217165921891534, 0.06226844969258588, 0.0, 0.04357037093627773, 0.0, 0.0, 0.0)",1
4679,13,14,11,"(0.09033430006888621, 0.14970886995698662, 0.0, 0.0, 0.0, 0.04688669779969397, 0.0, 0.08279881135943302, 0.0, 0.01812760691895582)",271
4680,13,14,11,"(0.09033430006888621, 0.26598020907287984, 0.0, 0.0, 0.0, 0.04688669779969397, 0.0, 0.08279881135943302, 0.0, 0.01812760691895582)",22
4681,13,14,11,"(0.09033430006888621, 0.14970886995698662, 0.0, 0.0, 0.0, 0.04688669779969397, 0.0, 0.10227569636019092, 0.0, 0.01812760691895582)",1
4682,13,14,11,"(0.09033430006888621, 0.17626741517818972, 0.0, 0.0, 0.0, 0.04688669779969397, 0.0, 0.08279881135943302, 0.0, 0.01812760691895582)",3
4683,13,14,11,"(0.09033430006888621, 0.14970886995698662, 0.0, 0.0, 0.0, 0.04688669779969397, 0.0, 0.11511534584927052, 0.0, 0.01812760691895582)",1
4684,13,14,11,"(0.13676309877156514, 0.14970886995698662, 0.0, 0.0, 0.0, 0.04688669779969397, 0.0, 0.08279881135943302, 0.0, 0.025134117855525082)",2
4685,13,14,11,"(0.09033430006888621, 0.14970886995698662, 0.0, 0.0, 0.0, 0.04688669779969397, 0.0, 0.09928953946019628, 0.0, 0.01812760691895582)",1
4686,13,14,11,"(0.09033430006888621, 0.11486221492136381, 0.0, 0.0, 0.0, 0.04688669779969397, 0.0, 0.08279881135943302, 0.0, 0.0163360163690396)",6
4687,13,14,11,"(0.06216093060062777, 0.14970886995698662, 0.0, 0.0, 0.0, 0.07348053105549975, 0.0, 0.08279881135943302, 0.0, 0.01812760691895582)",2
4688,13,14,11,"(0.09033430006888621, 0.11486221492136381, 0.0, 0.0, 0.0, 0.04688669779969397, 0.0, 0.08279881135943302, 0.0, 0.01812760691895582)",59
4689,13,14,13,"(0.0, 0.0, 0.11679612853536596, 0.03321970555207931, 0.09172770611919409, 0.07489992963210028, 0.0, 0.0, 0.14899621190854193, 0.0)",2
4690,13,14,13,"(0.0, 0.0, 0.11679612853536596, 0.06920069129515957, 0.09172770611919409, 0.07489992963210028, 0.0, 0.0, 0.14899621190854193, 0.0)",157
4691,13,14,13,"(0.0, 0.0, 0.11679612853536596, 0.08251626300472403, 0.09172770611919409, 0.07489992963210028, 0.0, 0.0, 0.14899621190854193, 0.0)",1
4692,13,15,8,"(0.09369258606422372, 0.0, 0.09886232529533268, 0.09247639241939104, 0.09173902283359818, 0.0, 0.04357037093627773, 0.0, 0.0, 0.0)",23
4693,13,15,8,"(0.09369258606422372, 0.0, 0.09886232529533268, 0.10095092273416302, 0.09173902283359818, 0.0, 0.04357037093627773, 0.0, 0.0, 0.0)",303
4694,13,15,8,"(0.061454080138985435, 0.0, 0.09886232529533268, 0.10095092273416302, 0.10273934213569122, 0.0, 0.04357037093627773, 0.0, 0.0, 0.0)",3
4695,13,15,8,"(0.09369258606422372, 0.0, 0.09886232529533268, 0.10095092273416302, 0.07652964727931633, 0.0, 0.04357037093627773, 0.0, 0.0, 0.0)",11
4696,13,15,8,"(0.09369258606422372, 0.0, 0.09886232529533268, 0.10095092273416302, 0.09173902283359818, 0.0, 0.03162626333008834, 0.0, 0.0, 0.0)",1
4697,13,15,8,"(0.09369258606422372, 0.0, 0.09886232529533268, 0.10095092273416302, 0.15243127122607972, 0.0, 0.04357037093627773, 0.0, 0.0, 0.0)",4
4698,13,15,8,"(0.09369258606422372, 0.0, 0.09886232529533268, 0.10012477694204991, 0.09173902283359818, 0.0, 0.04357037093627773, 0.0, 0.0, 0.0)",1
4699,13,15,11,"(0.09033430006888621, 0.14970886995698662, 0.0, 0.0, 0.0, 0.04688669779969397, 0.0, 0.08560059503673446, 0.0, 0.01812760691895582)",1
4700,13,15,11,"(0.09033430006888621, 0.14970886995698662, 0.0, 0.0, 0.0, 0.04688669779969397, 0.0, 0.038752893167288194, 0.0, 0.01812760691895582)",1
4701,13,15,11,"(0.09033430006888621, 0.14970886995698662, 0.0, 0.0, 0.0, 0.04688669779969397, 0.0, 0.08279881135943302, 0.0, 0.01812760691895582)",395
4702,13,15,11,"(0.08630345164988494, 0.14970886995698662, 0.0, 0.0, 0.0, 0.02810673044728232, 0.0, 0.09505769944809435, 0.0, 0.01812760691895582)",3
4703,13,15,11,"(0.09033430006888621, 0.14970886995698662, 0.0, 0.0, 0.0, 0.038823885012549665, 0.0, 0.08279881135943302, 0.0, 0.01812760691895582)",1
4704,13,15,11,"(0.07237868746795059, 0.14970886995698662, 0.0, 0.0, 0.0, 0.04688669779969397, 0.0, 0.08279881135943302, 0.0, 0.01812760691895582)",29
4705,13,15,11,"(0.09033430006888621, 0.11150688935307224, 0.0, 0.0, 0.0, 0.04688669779969397, 0.0, 0.08279881135943302, 0.0, 0.01812760691895582)",1
4706,13,15,11,"(0.09033430006888621, 0.14970886995698662, 0.0, 0.0, 0.0, 0.04688669779969397, 0.0, 0.08279881135943302, 0.0, 0.027270673961279412)",1
4707,13,15,13,"(0.0, 0.0, 0.11679612853536596, 0.06920069129515957, 0.03845018551422777, 0.07489992963210028, 0.0, 0.0, 0.14899621190854193, 0.0)",41
4708,13,15,13,"(0.0, 0.0, 0.11679612853536596, 0.06920069129515957, 0.09172770611919409, 0.07489992963210028, 0.0, 0.0, 0.14899621190854193, 0.0)",122
4709,13,16,8,"(0.09369258606422372, 0.0, 0.09886232529533268, 0.10095092273416302, 0.11292469348322812, 0.0, 0.04357037093627773, 0.0, 0.0, 0.0)",3
4710,13,16,8,"(0.09369258606422372, 0.0, 0.09886232529533268, 0.11421152204192878, 0.09173902283359818, 0.0, 0.020110798533591573, 0.0, 0.0, 0.0)",17
4711,13,16,8,"(0.09369258606422372, 0.0, 0.1579316475249222, 0.10095092273416302, 0.09173902283359818, 0.0, 0.02869367168547171, 0.0, 0.0, 0.0)",2
4712,13,16,8,"(0.09369258606422372, 0.0, 0.09886232529533268, 0.10095092273416302, 0.09173902283359818, 0.0, 0.04357037093627773, 0.0, 0.0, 0.0)",223
4713,13,16,8,"(0.09369258606422372, 0.0, 0.09886232529533268, 0.11421152204192878, 0.09173902283359818, 0.0, 0.03849883393006799, 0.0, 0.0, 0.0)",3
4714,13,16,8,"(0.09369258606422372, 0.0, 0.09886232529533268, 0.10095092273416302, 0.033002638990201824, 0.0, 0.04357037093627773, 0.0, 0.0, 0.0)",1
4715,13,16,8,"(0.09369258606422372, 0.0, 0.09886232529533268, 0.09247639241939104, 0.09173902283359818, 0.0, 0.04357037093627773, 0.0, 0.0, 0.0)",62
4716,13,16,11,"(0.09033430006888621, 0.15083528723530626, 0.0, 0.0, 0.0, 0.04688669779969397, 0.0, 0.08279881135943302, 0.0, 0.01812760691895582)",1
4717,13,16,11,"(0.09033430006888621, 0.14970886995698662, 0.0, 0.0, 0.0, 0.04688669779969397, 0.0, 0.08279881135943302, 0.0, 0.01812760691895582)",408
4718,13,16,11,"(0.09033430006888621, 0.14970886995698662, 0.0, 0.0, 0.0, 0.10711903206757327, 0.0, 0.08279881135943302, 0.0, 0.01812760691895582)",2
4719,13,16,11,"(0.09033430006888621, 0.09076599602777528, 0.0, 0.0, 0.0, 0.04688669779969397, 0.0, 0.08279881135943302, 0.0, 0.01812760691895582)",2
4720,13,16,13,"(0.0, 0.0, 0.11679612853536596, 0.0411029710350987, 0.09172770611919409, 0.07489992963210028, 0.0, 0.0, 0.14899621190854193, 0.0)",1
4721,13,16,13,"(0.0, 0.0, 0.11679612853536596, 0.06920069129515957, 0.16552303155375173, 0.07489992963210028, 0.0, 0.0, 0.14899621190854193, 0.0)",25
4722,13,16,13,"(0.0, 0.0, 0.11679612853536596, 0.06920069129515957, 0.09172770611919409, 0.07489992963210028, 0.0, 0.0, 0.14899621190854193, 0.0)",132
4723,13,17,8,"(0.09369258606422372, 0.0, 0.21212625559133427, 0.09247639241939104, 0.09173902283359818, 0.0, 0.04357037093627773, 0.0, 0.0, 0.0)",4
4724,13,17,8,"(0.12960305433058425, 0.0, 0.21212625559133427, 0.09247639241939104, 0.09173902283359818, 0.0, 0.04357037093627773, 0.0, 0.0, 0.0)",1
4725,13,17,8,"(0.09369258606422372, 0.0, 0.09886232529533268, 0.09247639241939104, 0.09173902283359818, 0.0, 0.04357037093627773, 0.0, 0.0, 0.0)",128
4726,13,17,8,"(0.09369258606422372, 0.0, 0.09886232529533268, 0.10095092273416302, 0.09173902283359818, 0.0, 0.04357037093627773, 0.0, 0.0, 0.0)",234
4727,13,17,8,"(0.09439063841567959, 0.0, 0.09886232529533268, 0.10825996954561097, 0.09173902283359818, 0.0, 0.04357037093627773, 0.0, 0.0, 0.0)",3
4728,13,17,8,"(0.09369258606422372, 0.0, 0.09305373801374682, 0.09247639241939104, 0.09173902283359818, 0.0, 0.04357037093627773, 0.0, 0.0, 0.0)",1
4729,13,17,11,"(0.09033430006888621, 0.14970886995698662, 0.0, 0.0, 0.0, 0.036682919989882774, 0.0, 0.0731324192757297, 0.0, 0.01812760691895582)",6
4730,13,17,11,"(0.09033430006888621, 0.18459370058584484, 0.0, 0.0, 0.0, 0.04688669779969397, 0.0, 0.11289668975586829, 0.0, 0.01812760691895582)",4
4731,13,17,11,"(0.06921926290024395, 0.14970886995698662, 0.0, 0.0, 0.0, 0.04688669779969397, 0.0, 0.08279881135943302, 0.0, 0.01812760691895582)",3
4732,13,17,11,"(0.09033430006888621, 0.14970886995698662, 0.0, 0.0, 0.0, 0.04688669779969397, 0.0, 0.08279881135943302, 0.0, 0.01812760691895582)",333
4733,13,17,11,"(0.09033430006888621, 0.14970886995698662, 0.0, 0.0, 0.0, 0.04688669779969397, 0.0, 0.08279881135943302, 0.0, 0.00993467575760389)",1
4734,13,17,11,"(0.08630345164988494, 0.14970886995698662, 0.0, 0.0, 0.0, 0.02810673044728232, 0.0, 0.09505769944809435, 0.0, 0.01812760691895582)",1
4735,13,17,13,"(0.0, 0.0, 0.11679612853536596, 0.06920069129515957, 0.09172770611919409, 0.07489992963210028, 0.0, 0.0, 0.21947394584859498, 0.0)",3
4736,13,17,13,"(0.0, 0.0, 0.11679612853536596, 0.06920069129515957, 0.09172770611919409, 0.07489992963210028, 0.0, 0.0, 0.14899621190854193, 0.0)",173
4737,13,17,13,"(0.0, 0.0, 0.08525782119659117, 0.06920069129515957, 0.09172770611919409, 0.0813496853248102, 0.0, 0.0, 0.14899621190854193, 0.0)",1
4738,13,18,8,"(0.09369258606422372, 0.0, 0.08950620996642342, 0.09247639241939104, 0.09173902283359818, 0.0, 0.06826344941350267, 0.0, 0.0, 0.0)",21
4739,13,18,8,"(0.09369258606422372, 0.0, 0.09886232529533268, 0.09247639241939104, 0.09173902283359818, 0.0, 0.04357037093627773, 0.0, 0.0, 0.0)",252
4740,13,18,8,"(0.04953455563076153, 0.0, 0.09279977681319268, 0.09247639241939104, 0.09173902283359818, 0.0, 0.02279012060575292, 0.0, 0.0, 0.0)",4
4741,13,18,8,"(0.04953455563076153, 0.0, 0.09279977681319268, 0.11079097399272718, 0.052392567275675844, 0.0, 0.04357037093627773, 0.0, 0.0, 0.0)",1
4742,13,18,8,"(0.04953455563076153, 0.0, 0.09279977681319268, 0.09247639241939104, 0.09173902283359818, 0.0, 0.04357037093627773, 0.0, 0.0, 0.0)",22
4743,13,18,11,"(0.09033430006888621, 0.14970886995698662, 0.0, 0.0, 0.0, 0.04688669779969397, 0.0, 0.08805201038264966, 0.0, 0.01812760691895582)",3
4744,13,18,11,"(0.09033430006888621, 0.14970886995698662, 0.0, 0.0, 0.0, 0.04688669779969397, 0.0, 0.06015434478741827, 0.0, 0.01812760691895582)",1
4745,13,18,11,"(0.09033430006888621, 0.14970886995698662, 0.0, 0.0, 0.0, 0.04688669779969397, 0.0, 0.06962374852016169, 0.0, 0.01812760691895582)",1
4746,13,18,11,"(0.12701658973735128, 0.06861340403759024, 0.0, 0.0, 0.0, 0.04688669779969397, 0.0, 0.08279881135943302, 0.0, 0.01812760691895582)",2
4747,13,18,11,"(0.09033430006888621, 0.14970886995698662, 0.0, 0.0, 0.0, 0.04688669779969397, 0.0, 0.08279881135943302, 0.0, 0.01812760691895582)",407
4748,13,18,11,"(0.09033430006888621, 0.06861340403759024, 0.0, 0.0, 0.0, 0.04688669779969397, 0.0, 0.08279881135943302, 0.0, 0.01812760691895582)",53
4749,13,18,11,"(0.09033430006888621, 0.14970886995698662, 0.0, 0.0, 0.0, 0.04688669779969397, 0.0, 0.06726961066640598, 0.0, 0.01812760691895582)",1
4750,13,18,11,"(0.09033430006888621, 0.0911382190707725, 0.0, 0.0, 0.0, 0.04688669779969397, 0.0, 0.08279881135943302, 0.0, 0.01812760691895582)",3
4751,13,18,13,"(0.0, 0.0, 0.11679612853536596, 0.06920069129515957, 0.13674457177518753, 0.07489992963210028, 0.0, 0.0, 0.14899621190854193, 0.0)",1
4752,13,18,13,"(0.0, 0.0, 0.11679612853536596, 0.06920069129515957, 0.09172770611919409, 0.07489992963210028, 0.0, 0.0, 0.14899621190854193, 0.0)",141
4753,13,18,13,"(0.0, 0.0, 0.11679612853536596, 0.054880519972471155, 0.09172770611919409, 0.07489992963210028, 0.0, 0.0, 0.14899621190854193, 0.0)",32
4754,13,19,8,"(0.09369258606422372, 0.0, 0.08950620996642342, 0.09247639241939104, 0.09173902283359818, 0.0, 0.06826344941350267, 0.0, 0.0, 0.0)",30
4755,13,19,8,"(0.09369258606422372, 0.0, 0.09886232529533268, 0.09247639241939104, 0.09173902283359818, 0.0, 0.04559031986734129, 0.0, 0.0, 0.0)",5
4756,13,19,8,"(0.09369258606422372, 0.0, 0.1305041002085501, 0.09247639241939104, 0.09173902283359818, 0.0, 0.04357037093627773, 0.0, 0.0, 0.0)",1
4757,13,19,8,"(0.09369258606422372, 0.0, 0.09886232529533268, 0.09247639241939104, 0.09173902283359818, 0.0, 0.04357037093627773, 0.0, 0.0, 0.0)",244
4758,13,19,8,"(0.09369258606422372, 0.0, 0.042299337340266745, 0.09247639241939104, 0.06650741319107312, 0.0, 0.04357037093627773, 0.0, 0.0, 0.0)",19
4759,13,19,11,"(0.09033430006888621, 0.14970886995698662, 0.0, 0.0, 0.0, 0.042913923813392194, 0.0, 0.08279881135943302, 0.0, 0.01812760691895582)",1
4760,13,19,11,"(0.09033430006888621, 0.14970886995698662, 0.0, 0.0, 0.0, 0.04688669779969397, 0.0, 0.08279881135943302, 0.0, 0.01812760691895582)",477
4761,13,19,11,"(0.09977987225978058, 0.14970886995698662, 0.0, 0.0, 0.0, 0.04893750654802362, 0.0, 0.08279881135943302, 0.0, 0.01812760691895582)",1
4762,13,19,11,"(0.09033430006888621, 0.14970886995698662, 0.0, 0.0, 0.0, 0.04688669779969397, 0.0, 0.07227513737768633, 0.0, 0.01812760691895582)",3
4763,13,19,11,"(0.09033430006888621, 0.14970886995698662, 0.0, 0.0, 0.0, 0.08826203291572281, 0.0, 0.08279881135943302, 0.0, 0.007707486637806594)",2
4764,13,19,13,"(0.0, 0.0, 0.09135073551106387, 0.06920069129515957, 0.1225927386535279, 0.07489992963210028, 0.0, 0.0, 0.14899621190854193, 0.0)",2
4765,13,19,13,"(0.0, 0.0, 0.11679612853536596, 0.06920069129515957, 0.09172770611919409, 0.07489992963210028, 0.0, 0.0, 0.14899621190854193, 0.0)",143
4766,13,19,13,"(0.0, 0.0, 0.15442588923724865, 0.06920069129515957, 0.1225927386535279, 0.07489992963210028, 0.0, 0.0, 0.14899621190854193, 0.0)",3
4767,13,19,13,"(0.0, 0.0, 0.11679612853536596, 0.06920069129515957, 0.09172770611919409, 0.07489992963210028, 0.0, 0.0, 0.09172220263157463, 0.0)",1
4768,13,19,13,"(0.0, 0.0, 0.11679612853536596, 0.06920069129515957, 0.1225927386535279, 0.07489992963210028, 0.0, 0.0, 0.14899621190854193, 0.0)",1
4769,13,19,13,"(0.0, 0.0, 0.11679612853536596, 0.06920069129515957, 0.09573190763453643, 0.07489992963210028, 0.0, 0.0, 0.14899621190854193, 0.0)",1
4770,13,19,13,"(0.0, 0.0, 0.1628931698441898, 0.06920069129515957, 0.09172770611919409, 0.07489992963210028, 0.0, 0.0, 0.14899621190854193, 0.0)",6
4771,13,19,13,"(0.0, 0.0, 0.11679612853536596, 0.05608061403960496, 0.09172770611919409, 0.07489992963210028, 0.0, 0.0, 0.15454830321247975, 0.0)",2
4772,13,19,13,"(0.0, 0.0, 0.11679612853536596, 0.06920069129515957, 0.1225927386535279, 0.07489992963210028, 0.0, 0.0, 0.1002752943415384, 0.0)",1
4773,13,19,13,"(0.0, 0.0, 0.11679612853536596, 0.06920069129515957, 0.09172770611919409, 0.07489992963210028, 0.0, 0.0, 0.1828079658651774, 0.0)",1
4774,13,20,8,"(0.09369258606422372, 0.0, 0.08950620996642342, 0.09247639241939104, 0.09173902283359818, 0.0, 0.06826344941350267, 0.0, 0.0, 0.0)",22
4775,13,20,8,"(0.09369258606422372, 0.0, 0.09886232529533268, 0.09247639241939104, 0.09173902283359818, 0.0, 0.04357037093627773, 0.0, 0.0, 0.0)",292
4776,13,20,8,"(0.09369258606422372, 0.0, 0.04148731587338829, 0.09247639241939104, 0.09173902283359818, 0.0, 0.04357037093627773, 0.0, 0.0, 0.0)",1
4777,13,20,8,"(0.09369258606422372, 0.0, 0.09886232529533268, 0.09247639241939104, 0.04351668877281064, 0.0, 0.04357037093627773, 0.0, 0.0, 0.0)",1
4778,13,20,8,"(0.09369258606422372, 0.0, 0.08950620996642342, 0.09247639241939104, 0.09173902283359818, 0.0, 0.0654663666018252, 0.0, 0.0, 0.0)",2
4779,13,20,8,"(0.09369258606422372, 0.0, 0.09886232529533268, 0.09247639241939104, 0.09173902283359818, 0.0, 0.06636236595238257, 0.0, 0.0, 0.0)",2
4780,13,20,8,"(0.09369258606422372, 0.0, 0.09886232529533268, 0.06156973800653082, 0.09173902283359818, 0.0, 0.04357037093627773, 0.0, 0.0, 0.0)",1
4781,13,20,11,"(0.09033430006888621, 0.11626725949080896, 0.0, 0.0, 0.0, 0.04688669779969397, 0.0, 0.08279881135943302, 0.0, 0.01812760691895582)",2
4782,13,20,11,"(0.11102350601445664, 0.14970886995698662, 0.0, 0.0, 0.0, 0.04688669779969397, 0.0, 0.08279881135943302, 0.0, 0.01812760691895582)",1
4783,13,20,11,"(0.09033430006888621, 0.14970886995698662, 0.0, 0.0, 0.0, 0.05524481949323071, 0.0, 0.04894926869437565, 0.0, 0.01812760691895582)",3
4784,13,20,11,"(0.09033430006888621, 0.14970886995698662, 0.0, 0.0, 0.0, 0.02975634288906368, 0.0, 0.08279881135943302, 0.0, 0.01812760691895582)",3
4785,13,20,11,"(0.09033430006888621, 0.14970886995698662, 0.0, 0.0, 0.0, 0.04688669779969397, 0.0, 0.04894926869437565, 0.0, 0.01812760691895582)",49
4786,13,20,11,"(0.09663287617606596, 0.14970886995698662, 0.0, 0.0, 0.0, 0.06847030064773148, 0.0, 0.08279881135943302, 0.0, 0.01812760691895582)",2
4787,13,20,11,"(0.09033430006888621, 0.14970886995698662, 0.0, 0.0, 0.0, 0.04688669779969397, 0.0, 0.08279881135943302, 0.0, 0.01812760691895582)",374
4788,13,20,13,"(0.0, 0.0, 0.11679612853536596, 0.054880519972471155, 0.09172770611919409, 0.07489992963210028, 0.0, 0.0, 0.15626212432870634, 0.0)",1
4789,13,20,13,"(0.0, 0.0, 0.11679612853536596, 0.12563367856669339, 0.11877380930144305, 0.07489992963210028, 0.0, 0.0, 0.13696405942077547, 0.0)",1
4790,13,20,13,"(0.0, 0.0, 0.11679612853536596, 0.07806584522496299, 0.09172770611919409, 0.07489992963210028, 0.0, 0.0, 0.14899621190854193, 0.0)",1
4791,13,20,13,"(0.0, 0.0, 0.11679612853536596, 0.054880519972471155, 0.09172770611919409, 0.07489992963210028, 0.0, 0.0, 0.14899621190854193, 0.0)",49
4792,13,20,13,"(0.0, 0.0, 0.11679612853536596, 0.06920069129515957, 0.08259675981479175, 0.03179386638953326, 0.0, 0.0, 0.23610398257139303, 0.0)",2
4793,13,20,13,"(0.0, 0.0, 0.11679612853536596, 0.06920069129515957, 0.09172770611919409, 0.07489992963210028, 0.0, 0.0, 0.14899621190854193, 0.0)",109
4794,14,0,8,"(0.09369258606422372, 0.0, 0.08950620996642342, 0.07774179402552603, 0.09173902283359818, 0.0, 0.04892226564517591, 0.0, 0.0, 0.0)",1
4795,14,0,8,"(0.09369258606422372, 0.0, 0.09886232529533268, 0.09247639241939104, 0.09173902283359818, 0.0, 0.04357037093627773, 0.0, 0.0, 0.0)",25
4796,14,0,8,"(0.09369258606422372, 0.0, 0.09886232529533268, 0.11554634360059514, 0.09173902283359818, 0.0, 0.058943517821924925, 0.0, 0.0, 0.0)",2
4797,14,0,8,"(0.12781890040150976, 0.0, 0.08950620996642342, 0.12727159201159105, 0.09173902283359818, 0.0, 0.06826344941350267, 0.0, 0.0, 0.0)",2
4798,14,0,8,"(0.09369258606422372, 0.0, 0.08950620996642342, 0.07774179402552603, 0.09173902283359818, 0.0, 0.06826344941350267, 0.0, 0.0, 0.0)",43
4799,14,0,8,"(0.09369258606422372, 0.0, 0.08950620996642342, 0.09247639241939104, 0.09173902283359818, 0.0, 0.06826344941350267, 0.0, 0.0, 0.0)",208
4800,14,0,8,"(0.09369258606422372, 0.0, 0.08950620996642342, 0.09247639241939104, 0.09524718204904942, 0.0, 0.06826344941350267, 0.0, 0.0, 0.0)",3
4801,14,0,8,"(0.09369258606422372, 0.0, 0.08950620996642342, 0.05695945285742347, 0.09173902283359818, 0.0, 0.06826344941350267, 0.0, 0.0, 0.0)",8
4802,14,0,11,"(0.09033430006888621, 0.14970886995698662, 0.0, 0.0, 0.0, 0.04688669779969397, 0.0, 0.08279881135943302, 0.0, 0.01812760691895582)",519
4803,14,0,11,"(0.09033430006888621, 0.14970886995698662, 0.0, 0.0, 0.0, 0.04688669779969397, 0.0, 0.1545862504996398, 0.0, 0.01812760691895582)",2
4804,14,0,11,"(0.09033430006888621, 0.14970886995698662, 0.0, 0.0, 0.0, 0.04688669779969397, 0.0, 0.09366695868589738, 0.0, 0.026742914069982106)",1
4805,14,0,11,"(0.1426548429481684, 0.14970886995698662, 0.0, 0.0, 0.0, 0.07896268210317187, 0.0, 0.08279881135943302, 0.0, 0.01812760691895582)",2
4806,14,0,11,"(0.09033430006888621, 0.14970886995698662, 0.0, 0.0, 0.0, 0.06528146999772574, 0.0, 0.08279881135943302, 0.0, 0.01812760691895582)",25
4807,14,0,11,"(0.09033430006888621, 0.14970886995698662, 0.0, 0.0, 0.0, 0.04688669779969397, 0.0, 0.08279881135943302, 0.0, 0.009241062142161097)",2
4808,14,0,11,"(0.09033430006888621, 0.14970886995698662, 0.0, 0.0, 0.0, 0.04688669779969397, 0.0, 0.10912254024560904, 0.0, 0.01812760691895582)",1
4809,14,0,11,"(0.09033430006888621, 0.14970886995698662, 0.0, 0.0, 0.0, 0.04688669779969397, 0.0, 0.08279881135943302, 0.0, 0.020359655850983188)",1
4810,14,0,11,"(0.09033430006888621, 0.12182303482139088, 0.0, 0.0, 0.0, 0.04688669779969397, 0.0, 0.08279881135943302, 0.0, 0.01812760691895582)",1
4811,14,0,11,"(0.09033430006888621, 0.34450306211028464, 0.0, 0.0, 0.0, 0.07198295676503687, 0.0, 0.08279881135943302, 0.0, 0.01812760691895582)",1
4812,14,0,11,"(0.09033430006888621, 0.14970886995698662, 0.0, 0.0, 0.0, 0.04688669779969397, 0.0, 0.144880598138722, 0.0, 0.01812760691895582)",7
4813,14,0,11,"(0.09033430006888621, 0.14970886995698662, 0.0, 0.0, 0.0, 0.04688669779969397, 0.0, 0.05885547434252525, 0.0, 0.01812760691895582)",3
4814,14,0,13,"(0.0, 0.0, 0.11679612853536596, 0.06920069129515957, 0.09172770611919409, 0.1237785666477167, 0.0, 0.0, 0.14899621190854193, 0.0)",1
4815,14,0,13,"(0.0, 0.0, 0.11679612853536596, 0.06920069129515957, 0.09172770611919409, 0.07489992963210028, 0.0, 0.0, 0.14899621190854193, 0.0)",181
4816,14,1,8,"(0.09369258606422372, 0.0, 0.08950620996642342, 0.09247639241939104, 0.07465200933978253, 0.0, 0.06826344941350267, 0.0, 0.0, 0.0)",109
4817,14,1,8,"(0.12188948313280812, 0.0, 0.08950620996642342, 0.09247639241939104, 0.09173902283359818, 0.0, 0.06826344941350267, 0.0, 0.0, 0.0)",1
4818,14,1,8,"(0.09369258606422372, 0.0, 0.0737525219008413, 0.09247639241939104, 0.09173902283359818, 0.0, 0.06826344941350267, 0.0, 0.0, 0.0)",1
4819,14,1,8,"(0.09369258606422372, 0.0, 0.08950620996642342, 0.09247639241939104, 0.07465200933978253, 0.0, 0.0802708169317624, 0.0, 0.0, 0.0)",1
4820,14,1,8,"(0.09369258606422372, 0.0, 0.06517415730721661, 0.09247639241939104, 0.07465200933978253, 0.0, 0.06826344941350267, 0.0, 0.0, 0.0)",3
4821,14,1,8,"(0.09369258606422372, 0.0, 0.08950620996642342, 0.08587042923306856, 0.07373190263688448, 0.0, 0.06826344941350267, 0.0, 0.0, 0.0)",2
4822,14,1,8,"(0.09369258606422372, 0.0, 0.0767427915641224, 0.09247639241939104, 0.09173902283359818, 0.0, 0.06826344941350267, 0.0, 0.0, 0.0)",1
4823,14,1,8,"(0.09369258606422372, 0.0, 0.08950620996642342, 0.09247639241939104, 0.09173902283359818, 0.0, 0.06826344941350267, 0.0, 0.0, 0.0)",142
4824,14,1,11,"(0.09033430006888621, 0.14970886995698662, 0.0, 0.0, 0.0, 0.04688669779969397, 0.0, 0.08279881135943302, 0.0, 0.020143292850419287)",2
4825,14,1,11,"(0.09033430006888621, 0.14970886995698662, 0.0, 0.0, 0.0, 0.06528146999772574, 0.0, 0.08279881135943302, 0.0, 0.01812760691895582)",22
4826,14,1,11,"(0.08490103307722087, 0.14970886995698662, 0.0, 0.0, 0.0, 0.04688669779969397, 0.0, 0.08279881135943302, 0.0, 0.01812760691895582)",1
4827,14,1,11,"(0.08757456916856887, 0.14970886995698662, 0.0, 0.0, 0.0, 0.04688669779969397, 0.0, 0.08279881135943302, 0.0, 0.01812760691895582)",1
4828,14,1,11,"(0.09033430006888621, 0.14970886995698662, 0.0, 0.0, 0.0, 0.04688669779969397, 0.0, 0.08279881135943302, 0.0, 0.01812760691895582)",549
4829,14,1,13,"(0.0, 0.0, 0.11679612853536596, 0.06920069129515957, 0.09172770611919409, 0.07489992963210028, 0.0, 0.0, 0.27775858978969836, 0.0)",1
4830,14,1,13,"(0.0, 0.0, 0.11679612853536596, 0.06920069129515957, 0.09172770611919409, 0.07489992963210028, 0.0, 0.0, 0.17927064287736078, 0.0)",1
4831,14,1,13,"(0.0, 0.0, 0.11679612853536596, 0.06920069129515957, 0.09172770611919409, 0.07489992963210028, 0.0, 0.0, 0.14899621190854193, 0.0)",181
4832,14,2,8,"(0.09369258606422372, 0.0, 0.09886232529533268, 0.09247639241939104, 0.09173902283359818, 0.0, 0.04357037093627773, 0.0, 0.0, 0.0)",47
4833,14,2,8,"(0.1298300753226291, 0.0, 0.09886232529533268, 0.06695268531158718, 0.09173902283359818, 0.0, 0.043936135499486176, 0.0, 0.0, 0.0)",1
4834,14,2,8,"(0.09369258606422372, 0.0, 0.16596816134686934, 0.09247639241939104, 0.09173902283359818, 0.0, 0.06826344941350267, 0.0, 0.0, 0.0)",3
4835,14,2,8,"(0.09369258606422372, 0.0, 0.08950620996642342, 0.07774179402552603, 0.09173902283359818, 0.0, 0.06826344941350267, 0.0, 0.0, 0.0)",12
4836,14,2,8,"(0.09369258606422372, 0.0, 0.08950620996642342, 0.09247639241939104, 0.09173902283359818, 0.0, 0.06826344941350267, 0.0, 0.0, 0.0)",248
4837,14,2,8,"(0.09369258606422372, 0.0, 0.1095394300015036, 0.10204039701091601, 0.09173902283359818, 0.0, 0.06826344941350267, 0.0, 0.0, 0.0)",1
4838,14,2,8,"(0.09369258606422372, 0.0, 0.08950620996642342, 0.09247639241939104, 0.08295749940738287, 0.0, 0.06826344941350267, 0.0, 0.0, 0.0)",1
4839,14,2,11,"(0.09033430006888621, 0.057100576072005756, 0.0, 0.0, 0.0, 0.02625979739375217, 0.0, 0.08279881135943302, 0.0, 0.01812760691895582)",1
4840,14,2,11,"(0.05432075009967465, 0.14970886995698662, 0.0, 0.0, 0.0, 0.056121958222339216, 0.0, 0.08279881135943302, 0.0, 0.01812760691895582)",2
4841,14,2,11,"(0.09033430006888621, 0.14970886995698662, 0.0, 0.0, 0.0, 0.0994590740232004, 0.0, 0.08279881135943302, 0.0, 0.01812760691895582)",1
4842,14,2,11,"(0.09033430006888621, 0.057100576072005756, 0.0, 0.0, 0.0, 0.02625979739375217, 0.0, 0.08279881135943302, 0.0, 0.005565600668111283)",2
4843,14,2,11,"(0.09033430006888621, 0.0865498613179464, 0.0, 0.0, 0.0, 0.04688669779969397, 0.0, 0.050337595204141716, 0.0, 0.01812760691895582)",1
4844,14,2,11,"(0.09033430006888621, 0.16019761123185838, 0.0, 0.0, 0.0, 0.04688669779969397, 0.0, 0.08279881135943302, 0.0, 0.01812760691895582)",1
4845,14,2,11,"(0.09033430006888621, 0.14970886995698662, 0.0, 0.0, 0.0, 0.04688669779969397, 0.0, 0.08279881135943302, 0.0, 0.01812760691895582)",423
4846,14,2,13,"(0.0, 0.0, 0.11679612853536596, 0.06920069129515957, 0.09172770611919409, 0.056065286645887696, 0.0, 0.0, 0.14899621190854193, 0.0)",2
4847,14,2,13,"(0.0, 0.0, 0.11679612853536596, 0.06920069129515957, 0.09172770611919409, 0.07489992963210028, 0.0, 0.0, 0.14899621190854193, 0.0)",170
4848,14,3,8,"(0.09369258606422372, 0.0, 0.08950620996642342, 0.09247639241939104, 0.09173902283359818, 0.0, 0.06826344941350267, 0.0, 0.0, 0.0)",37
4849,14,3,8,"(0.09369258606422372, 0.0, 0.09886232529533268, 0.09247639241939104, 0.09173902283359818, 0.0, 0.04357037093627773, 0.0, 0.0, 0.0)",333
4850,14,3,8,"(0.09369258606422372, 0.0, 0.1894082840818935, 0.09247639241939104, 0.09173902283359818, 0.0, 0.04357037093627773, 0.0, 0.0, 0.0)",4
4851,14,3,11,"(0.11113621129379882, 0.14970886995698662, 0.0, 0.0, 0.0, 0.06390556578008287, 0.0, 0.08279881135943302, 0.0, 0.01812760691895582)",2
4852,14,3,11,"(0.13861668886111206, 0.14970886995698662, 0.0, 0.0, 0.0, 0.04688669779969397, 0.0, 0.08279881135943302, 0.0, 0.01812760691895582)",1
4853,14,3,11,"(0.09033430006888621, 0.10355466496142716, 0.0, 0.0, 0.0, 0.04688669779969397, 0.0, 0.08279881135943302, 0.0, 0.01812760691895582)",1
4854,14,3,11,"(0.09033430006888621, 0.12926835318896102, 0.0, 0.0, 0.0, 0.04688669779969397, 0.0, 0.08279881135943302, 0.0, 0.01812760691895582)",2
4855,14,3,11,"(0.09033430006888621, 0.1628864660939134, 0.0, 0.0, 0.0, 0.04688669779969397, 0.0, 0.08279881135943302, 0.0, 0.01812760691895582)",1
4856,14,3,11,"(0.09033430006888621, 0.14970886995698662, 0.0, 0.0, 0.0, 0.04688669779969397, 0.0, 0.08279881135943302, 0.0, 0.01812760691895582)",410
4857,14,3,11,"(0.09033430006888621, 0.12041541515196849, 0.0, 0.0, 0.0, 0.04688669779969397, 0.0, 0.08279881135943302, 0.0, 0.01812760691895582)",11
4858,14,3,13,"(0.0, 0.0, 0.11679612853536596, 0.06920069129515957, 0.08311860588403124, 0.07489992963210028, 0.0, 0.0, 0.14899621190854193, 0.0)",2
4859,14,3,13,"(0.0, 0.0, 0.11679612853536596, 0.06920069129515957, 0.09172770611919409, 0.07489992963210028, 0.0, 0.0, 0.14899621190854193, 0.0)",165
4860,14,4,8,"(0.09369258606422372, 0.0, 0.08950620996642342, 0.09247639241939104, 0.09173902283359818, 0.0, 0.06826344941350267, 0.0, 0.0, 0.0)",85
4861,14,4,8,"(0.07539532071165941, 0.0, 0.09886232529533268, 0.09247639241939104, 0.09173902283359818, 0.0, 0.04357037093627773, 0.0, 0.0, 0.0)",23
4862,14,4,8,"(0.07539532071165941, 0.0, 0.09886232529533268, 0.09247639241939104, 0.049230370488584, 0.0, 0.04357037093627773, 0.0, 0.0, 0.0)",1
4863,14,4,8,"(0.07624689009121127, 0.0, 0.09886232529533268, 0.09247639241939104, 0.09173902283359818, 0.0, 0.04357037093627773, 0.0, 0.0, 0.0)",4
4864,14,4,8,"(0.09369258606422372, 0.0, 0.09886232529533268, 0.09247639241939104, 0.09173902283359818, 0.0, 0.04357037093627773, 0.0, 0.0, 0.0)",173
4865,14,4,8,"(0.06609998496377827, 0.0, 0.09886232529533268, 0.09247639241939104, 0.09173902283359818, 0.0, 0.04357037093627773, 0.0, 0.0, 0.0)",1
4866,14,4,8,"(0.09369258606422372, 0.0, 0.09886232529533268, 0.09247639241939104, 0.09173902283359818, 0.0, 0.051307945468851895, 0.0, 0.0, 0.0)",2
4867,14,4,11,"(0.09033430006888621, 0.14970886995698662, 0.0, 0.0, 0.0, 0.04688669779969397, 0.0, 0.07696916038969427, 0.0, 0.01812760691895582)",1
4868,14,4,11,"(0.06942915152474721, 0.14970886995698662, 0.0, 0.0, 0.0, 0.04688669779969397, 0.0, 0.08279881135943302, 0.0, 0.01812760691895582)",1
4869,14,4,11,"(0.09033430006888621, 0.14970886995698662, 0.0, 0.0, 0.0, 0.04688669779969397, 0.0, 0.08279881135943302, 0.0, 0.01812760691895582)",510
4870,14,4,11,"(0.06008857110478115, 0.14970886995698662, 0.0, 0.0, 0.0, 0.04688669779969397, 0.0, 0.08279881135943302, 0.0, 0.01812760691895582)",2
4871,14,4,11,"(0.08221399091508659, 0.14970886995698662, 0.0, 0.0, 0.0, 0.04688669779969397, 0.0, 0.06012764628915924, 0.0, 0.01812760691895582)",2
4872,14,4,11,"(0.09033430006888621, 0.14970886995698662, 0.0, 0.0, 0.0, 0.04688669779969397, 0.0, 0.04714199345393642, 0.0, 0.01812760691895582)",2
4873,14,4,13,"(0.0, 0.0, 0.2045664923076732, 0.06920069129515957, 0.09172770611919409, 0.07489992963210028, 0.0, 0.0, 0.14899621190854193, 0.0)",1
4874,14,4,13,"(0.0, 0.0, 0.11679612853536596, 0.06920069129515957, 0.09172770611919409, 0.07489992963210028, 0.0, 0.0, 0.15772122125807625, 0.0)",1
4875,14,4,13,"(0.0, 0.0, 0.11679612853536596, 0.06920069129515957, 0.10309609829800191, 0.07489992963210028, 0.0, 0.0, 0.14899621190854193, 0.0)",1
4876,14,4,13,"(0.0, 0.0, 0.11679612853536596, 0.06920069129515957, 0.09172770611919409, 0.07489992963210028, 0.0, 0.0, 0.14899621190854193, 0.0)",188
4877,14,5,8,"(0.09369258606422372, 0.0, 0.08950620996642342, 0.09247639241939104, 0.09173902283359818, 0.0, 0.06826344941350267, 0.0, 0.0, 0.0)",23
4878,14,5,8,"(0.09369258606422372, 0.0, 0.09886232529533268, 0.09256043081109501, 0.09173902283359818, 0.0, 0.04357037093627773, 0.0, 0.0, 0.0)",33
4879,14,5,8,"(0.09369258606422372, 0.0, 0.09886232529533268, 0.09247639241939104, 0.09173902283359818, 0.0, 0.04357037093627773, 0.0, 0.0, 0.0)",219
4880,14,5,8,"(0.1011050099996678, 0.0, 0.09886232529533268, 0.09247639241939104, 0.09173902283359818, 0.0, 0.08045493423659736, 0.0, 0.0, 0.0)",2
4881,14,5,8,"(0.09369258606422372, 0.0, 0.09886232529533268, 0.09247639241939104, 0.0810954313228286, 0.0, 0.04357037093627773, 0.0, 0.0, 0.0)",1
4882,14,5,8,"(0.09369258606422372, 0.0, 0.09886232529533268, 0.2163296164216218, 0.05504747850024122, 0.0, 0.04357037093627773, 0.0, 0.0, 0.0)",1
4883,14,5,8,"(0.10003779744654515, 0.0, 0.09886232529533268, 0.09247639241939104, 0.04118506014568858, 0.0, 0.031227331641154342, 0.0, 0.0, 0.0)",22
4884,14,5,11,"(0.09033430006888621, 0.14970886995698662, 0.0, 0.0, 0.0, 0.04688669779969397, 0.0, 0.08279881135943302, 0.0, 0.01561732064394396)",6
4885,14,5,11,"(0.10566326710647914, 0.14970886995698662, 0.0, 0.0, 0.0, 0.04688669779969397, 0.0, 0.08279881135943302, 0.0, 0.01812760691895582)",2
4886,14,5,11,"(0.09033430006888621, 0.14970886995698662, 0.0, 0.0, 0.0, 0.04688669779969397, 0.0, 0.11676121308692958, 0.0, 0.01812760691895582)",1
4887,14,5,11,"(0.2799875265433129, 0.14970886995698662, 0.0, 0.0, 0.0, 0.04688669779969397, 0.0, 0.08279881135943302, 0.0, 0.01812760691895582)",1
4888,14,5,11,"(0.09033430006888621, 0.2385110784105011, 0.0, 0.0, 0.0, 0.04688669779969397, 0.0, 0.08279881135943302, 0.0, 0.01561732064394396)",2
4889,14,5,11,"(0.09033430006888621, 0.14970886995698662, 0.0, 0.0, 0.0, 0.04688669779969397, 0.0, 0.08279881135943302, 0.0, 0.01812760691895582)",475
4890,14,5,11,"(0.09033430006888621, 0.14970886995698662, 0.0, 0.0, 0.0, 0.04688669779969397, 0.0, 0.09217375655917988, 0.0, 0.01812760691895582)",1
4891,14,5,11,"(0.09033430006888621, 0.06214795806920636, 0.0, 0.0, 0.0, 0.04688669779969397, 0.0, 0.08279881135943302, 0.0, 0.01812760691895582)",2
4892,14,5,13,"(0.0, 0.0, 0.11679612853536596, 0.06236234332097744, 0.09336234685933643, 0.08707378385101854, 0.0, 0.0, 0.14899621190854193, 0.0)",1
4893,14,5,13,"(0.0, 0.0, 0.11679612853536596, 0.06920069129515957, 0.09172770611919409, 0.07489992963210028, 0.0, 0.0, 0.14899621190854193, 0.0)",168
4894,14,6,8,"(0.09369258606422372, 0.0, 0.08950620996642342, 0.09247639241939104, 0.09173902283359818, 0.0, 0.06826344941350267, 0.0, 0.0, 0.0)",132
4895,14,6,8,"(0.09369258606422372, 0.0, 0.09886232529533268, 0.09247639241939104, 0.09173902283359818, 0.0, 0.04357037093627773, 0.0, 0.0, 0.0)",163
4896,14,6,8,"(0.09369258606422372, 0.0, 0.11999710228118068, 0.09247639241939104, 0.09173902283359818, 0.0, 0.04357037093627773, 0.0, 0.0, 0.0)",1
4897,14,6,11,"(0.09033430006888621, 0.14970886995698662, 0.0, 0.0, 0.0, 0.04688669779969397, 0.0, 0.08279881135943302, 0.0, 0.02480468243776206)",1
4898,14,6,11,"(0.16691462116735137, 0.15714867494056708, 0.0, 0.0, 0.0, 0.05158890427395339, 0.0, 0.08279881135943302, 0.0, 0.01812760691895582)",1
4899,14,6,11,"(0.09033430006888621, 0.14970886995698662, 0.0, 0.0, 0.0, 0.04688669779969397, 0.0, 0.1255813376869718, 0.0, 0.01812760691895582)",1
4900,14,6,11,"(0.05514366807973559, 0.14970886995698662, 0.0, 0.0, 0.0, 0.04688669779969397, 0.0, 0.049302976988816284, 0.0, 0.024408655902617503)",1
4901,14,6,11,"(0.09033430006888621, 0.1956111338403945, 0.0, 0.0, 0.0, 0.04688669779969397, 0.0, 0.08279881135943302, 0.0, 0.01812760691895582)",1
4902,14,6,11,"(0.09033430006888621, 0.14970886995698662, 0.0, 0.0, 0.0, 0.04688669779969397, 0.0, 0.08279881135943302, 0.0, 0.01812760691895582)",553
4903,14,6,13,"(0.0, 0.0, 0.11679612853536596, 0.06920069129515957, 0.12904018737366119, 0.052288248256236285, 0.0, 0.0, 0.14899621190854193, 0.0)",3
4904,14,6,13,"(0.0, 0.0, 0.08405533139441938, 0.06920069129515957, 0.09172770611919409, 0.07489992963210028, 0.0, 0.0, 0.14899621190854193, 0.0)",46
4905,14,6,13,"(0.0, 0.0, 0.11679612853536596, 0.06920069129515957, 0.09172770611919409, 0.07489992963210028, 0.0, 0.0, 0.14899621190854193, 0.0)",126
4906,14,7,8,"(0.09369258606422372, 0.0, 0.10306954015317708, 0.09247639241939104, 0.1295789485708467, 0.0, 0.04357037093627773, 0.0, 0.0, 0.0)",8
4907,14,7,8,"(0.09369258606422372, 0.0, 0.08950620996642342, 0.09247639241939104, 0.09173902283359818, 0.0, 0.06826344941350267, 0.0, 0.0, 0.0)",220
4908,14,7,8,"(0.09369258606422372, 0.0, 0.08950620996642342, 0.07774179402552603, 0.09173902283359818, 0.0, 0.06826344941350267, 0.0, 0.0, 0.0)",10
4909,14,7,8,"(0.09369258606422372, 0.0, 0.09886232529533268, 0.09247639241939104, 0.09173902283359818, 0.0, 0.04357037093627773, 0.0, 0.0, 0.0)",117
4910,14,7,11,"(0.09033430006888621, 0.12699636847520118, 0.0, 0.0, 0.0, 0.04688669779969397, 0.0, 0.08279881135943302, 0.0, 0.01812760691895582)",1
4911,14,7,11,"(0.09033430006888621, 0.14970886995698662, 0.0, 0.0, 0.0, 0.04688669779969397, 0.0, 0.08279881135943302, 0.0, 0.01812760691895582)",409
4912,14,7,11,"(0.04236036801875035, 0.14970886995698662, 0.0, 0.0, 0.0, 0.04688669779969397, 0.0, 0.08279881135943302, 0.0, 0.0149814636325836)",3
4913,14,7,11,"(0.11648382755531454, 0.14970886995698662, 0.0, 0.0, 0.0, 0.04688669779969397, 0.0, 0.08279881135943302, 0.0, 0.01812760691895582)",1
4914,14,7,11,"(0.09033430006888621, 0.14970886995698662, 0.0, 0.0, 0.0, 0.04964556029508715, 0.0, 0.08279881135943302, 0.0, 0.01812760691895582)",1
4915,14,7,11,"(0.11665327087930148, 0.10351892716268271, 0.0, 0.0, 0.0, 0.04688669779969397, 0.0, 0.08279881135943302, 0.0, 0.01812760691895582)",1
4916,14,7,11,"(0.09033430006888621, 0.14970886995698662, 0.0, 0.0, 0.0, 0.029943245251135266, 0.0, 0.08279881135943302, 0.0, 0.02920044873029443)",8
4917,14,7,13,"(0.0, 0.0, 0.08405533139441938, 0.06920069129515957, 0.09172770611919409, 0.07489992963210028, 0.0, 0.0, 0.14899621190854193, 0.0)",154
4918,14,7,13,"(0.0, 0.0, 0.11679612853536596, 0.10512921580335556, 0.09172770611919409, 0.07489992963210028, 0.0, 0.0, 0.13167174751650626, 0.0)",10
4919,14,7,13,"(0.0, 0.0, 0.11679612853536596, 0.06920069129515957, 0.09172770611919409, 0.07489992963210028, 0.0, 0.0, 0.14899621190854193, 0.0)",38
4920,14,8,8,"(0.09369258606422372, 0.0, 0.08950620996642342, 0.09247639241939104, 0.09173902283359818, 0.0, 0.06826344941350267, 0.0, 0.0, 0.0)",130
4921,14,8,8,"(0.09369258606422372, 0.0, 0.08950620996642342, 0.07774179402552603, 0.09173902283359818, 0.0, 0.06826344941350267, 0.0, 0.0, 0.0)",7
4922,14,8,8,"(0.09369258606422372, 0.0, 0.0908368915430608, 0.09247639241939104, 0.09173902283359818, 0.0, 0.06826344941350267, 0.0, 0.0, 0.0)",1
4923,14,8,8,"(0.06337050623224226, 0.0, 0.09886232529533268, 0.06378514700577166, 0.17877994558015128, 0.0, 0.04357037093627773, 0.0, 0.0, 0.0)",2
4924,14,8,8,"(0.09369258606422372, 0.0, 0.09886232529533268, 0.09247639241939104, 0.09173902283359818, 0.0, 0.04357037093627773, 0.0, 0.0, 0.0)",154
4925,14,8,11,"(0.09033430006888621, 0.14970886995698662, 0.0, 0.0, 0.0, 0.04688669779969397, 0.0, 0.15915888640140105, 0.0, 0.01812760691895582)",1
4926,14,8,11,"(0.09033430006888621, 0.14970886995698662, 0.0, 0.0, 0.0, 0.06864357498389632, 0.0, 0.08279881135943302, 0.0, 0.01812760691895582)",1
4927,14,8,11,"(0.09033430006888621, 0.17282222936580727, 0.0, 0.0, 0.0, 0.04688669779969397, 0.0, 0.08279881135943302, 0.0, 0.01812760691895582)",1
4928,14,8,11,"(0.09033430006888621, 0.14970886995698662, 0.0, 0.0, 0.0, 0.04688669779969397, 0.0, 0.13983332235550322, 0.0, 0.010454526690286238)",1
4929,14,8,11,"(0.08449319505268323, 0.17282222936580727, 0.0, 0.0, 0.0, 0.04688669779969397, 0.0, 0.08279881135943302, 0.0, 0.01812760691895582)",1
4930,14,8,11,"(0.09033430006888621, 0.14970886995698662, 0.0, 0.0, 0.0, 0.04688669779969397, 0.0, 0.08279881135943302, 0.0, 0.01812760691895582)",455
4931,14,8,11,"(0.09033430006888621, 0.14970886995698662, 0.0, 0.0, 0.0, 0.04688669779969397, 0.0, 0.08279881135943302, 0.0, 0.01760038625429837)",1
4932,14,8,11,"(0.09033430006888621, 0.14970886995698662, 0.0, 0.0, 0.0, 0.06280454106853704, 0.0, 0.08279881135943302, 0.0, 0.01852409835375181)",2
4933,14,8,11,"(0.09033430006888621, 0.17869563947573447, 0.0, 0.0, 0.0, 0.04688669779969397, 0.0, 0.08279881135943302, 0.0, 0.01812760691895582)",1
4934,14,8,11,"(0.09033430006888621, 0.14970886995698662, 0.0, 0.0, 0.0, 0.06280454106853704, 0.0, 0.08279881135943302, 0.0, 0.01812760691895582)",46
4935,14,8,11,"(0.09033430006888621, 0.14970886995698662, 0.0, 0.0, 0.0, 0.02928427960015722, 0.0, 0.08279881135943302, 0.0, 0.01812760691895582)",1
4936,14,8,13,"(0.0, 0.0, 0.08405533139441938, 0.06920069129515957, 0.09172770611919409, 0.07489992963210028, 0.0, 0.0, 0.14899621190854193, 0.0)",29
4937,14,8,13,"(0.0, 0.0, 0.11679612853536596, 0.06920069129515957, 0.09172770611919409, 0.07489992963210028, 0.0, 0.0, 0.14899621190854193, 0.0)",146
4938,14,9,8,"(0.09369258606422372, 0.0, 0.09886232529533268, 0.09247639241939104, 0.09173902283359818, 0.0, 0.04357037093627773, 0.0, 0.0, 0.0)",124
4939,14,9,8,"(0.09369258606422372, 0.0, 0.09886232529533268, 0.05616098804158978, 0.09173902283359818, 0.0, 0.04357037093627773, 0.0, 0.0, 0.0)",1
4940,14,9,8,"(0.09369258606422372, 0.0, 0.08950620996642342, 0.09247639241939104, 0.09173902283359818, 0.0, 0.08244451752505706, 0.0, 0.0, 0.0)",1
4941,14,9,8,"(0.09369258606422372, 0.0, 0.08950620996642342, 0.09247639241939104, 0.09173902283359818, 0.0, 0.06826344941350267, 0.0, 0.0, 0.0)",171
4942,14,9,8,"(0.09369258606422372, 0.0, 0.08950620996642342, 0.03400799256323888, 0.1060297001310965, 0.0, 0.10672702836987541, 0.0, 0.0, 0.0)",4
4943,14,9,8,"(0.09369258606422372, 0.0, 0.09886232529533268, 0.09247639241939104, 0.08749697907389327, 0.0, 0.04357037093627773, 0.0, 0.0, 0.0)",1
4944,14,9,8,"(0.09369258606422372, 0.0, 0.08950620996642342, 0.03400799256323888, 0.1060297001310965, 0.0, 0.06826344941350267, 0.0, 0.0, 0.0)",38
4945,14,9,8,"(0.09369258606422372, 0.0, 0.09884280252832377, 0.09247639241939104, 0.053109727743605076, 0.0, 0.06826344941350267, 0.0, 0.0, 0.0)",3
4946,14,9,8,"(0.09369258606422372, 0.0, 0.14388623851585514, 0.09247639241939104, 0.09173902283359818, 0.0, 0.06826344941350267, 0.0, 0.0, 0.0)",2
4947,14,9,11,"(0.09033430006888621, 0.14970886995698662, 0.0, 0.0, 0.0, 0.03696981409432916, 0.0, 0.04926644394309612, 0.0, 0.01812760691895582)",2
4948,14,9,11,"(0.07021013145697928, 0.14970886995698662, 0.0, 0.0, 0.0, 0.037858688452769136, 0.0, 0.08279881135943302, 0.0, 0.01812760691895582)",1
4949,14,9,11,"(0.09033430006888621, 0.14970886995698662, 0.0, 0.0, 0.0, 0.04688669779969397, 0.0, 0.10098881510141335, 0.0, 0.01812760691895582)",3
4950,14,9,11,"(0.09033430006888621, 0.14970886995698662, 0.0, 0.0, 0.0, 0.06361185263406652, 0.0, 0.1109654440041883, 0.0, 0.01812760691895582)",2
4951,14,9,11,"(0.09033430006888621, 0.14970886995698662, 0.0, 0.0, 0.0, 0.04688669779969397, 0.0, 0.08279881135943302, 0.0, 0.01812760691895582)",354
4952,14,9,11,"(0.09033430006888621, 0.13993113790190315, 0.0, 0.0, 0.0, 0.04688669779969397, 0.0, 0.08279881135943302, 0.0, 0.01812760691895582)",1
4953,14,9,11,"(0.09033430006888621, 0.14970886995698662, 0.0, 0.0, 0.0, 0.04688669779969397, 0.0, 0.08279881135943302, 0.0, 0.04458802275407157)",2
4954,14,9,11,"(0.09112590525999531, 0.14970886995698662, 0.0, 0.0, 0.0, 0.04688669779969397, 0.0, 0.08279881135943302, 0.0, 0.01812760691895582)",77
4955,14,9,11,"(0.09033430006888621, 0.0992372748955189, 0.0, 0.0, 0.0, 0.04688669779969397, 0.0, 0.08279881135943302, 0.0, 0.01812760691895582)",3
4956,14,9,11,"(0.06407194937317691, 0.14970886995698662, 0.0, 0.0, 0.0, 0.04688669779969397, 0.0, 0.08279881135943302, 0.0, 0.03015288058900778)",1
4957,14,9,11,"(0.09832327330065305, 0.14970886995698662, 0.0, 0.0, 0.0, 0.04688669779969397, 0.0, 0.08279881135943302, 0.0, 0.01812760691895582)",4
4958,14,9,11,"(0.09033430006888621, 0.14970886995698662, 0.0, 0.0, 0.0, 0.06489549107183668, 0.0, 0.08279881135943302, 0.0, 0.01812760691895582)",1
4959,14,9,13,"(0.0, 0.0, 0.11679612853536596, 0.044588742465433866, 0.09172770611919409, 0.07489992963210028, 0.0, 0.0, 0.14899621190854193, 0.0)",1
4960,14,9,13,"(0.0, 0.0, 0.11679612853536596, 0.06920069129515957, 0.09172770611919409, 0.07489992963210028, 0.0, 0.0, 0.14899621190854193, 0.0)",167
4961,14,9,13,"(0.0, 0.0, 0.11679612853536596, 0.06920069129515957, 0.09172770611919409, 0.052884300002259105, 0.0, 0.0, 0.14899621190854193, 0.0)",12
4962,14,9,13,"(0.0, 0.0, 0.11679612853536596, 0.07775516104525365, 0.09172770611919409, 0.07489992963210028, 0.0, 0.0, 0.14899621190854193, 0.0)",1
4963,14,10,8,"(0.09369258606422372, 0.0, 0.08950620996642342, 0.09247639241939104, 0.09173902283359818, 0.0, 0.06826344941350267, 0.0, 0.0, 0.0)",107
4964,14,10,8,"(0.09369258606422372, 0.0, 0.09886232529533268, 0.09247639241939104, 0.09173902283359818, 0.0, 0.04357037093627773, 0.0, 0.0, 0.0)",235
4965,14,10,8,"(0.1661408626462487, 0.0, 0.09886232529533268, 0.09247639241939104, 0.09173902283359818, 0.0, 0.04357037093627773, 0.0, 0.0, 0.0)",1
4966,14,10,11,"(0.07215127325219346, 0.14970886995698662, 0.0, 0.0, 0.0, 0.024910115731326597, 0.0, 0.10456928763620019, 0.0, 0.025459073296908857)",1
4967,14,10,11,"(0.09033430006888621, 0.14970886995698662, 0.0, 0.0, 0.0, 0.0548133483543334, 0.0, 0.08483994298765157, 0.0, 0.01812760691895582)",1
4968,14,10,11,"(0.09033430006888621, 0.14970886995698662, 0.0, 0.0, 0.0, 0.0548133483543334, 0.0, 0.0732115635838587, 0.0, 0.01812760691895582)",43
4969,14,10,11,"(0.09112590525999531, 0.10721453997179137, 0.0, 0.0, 0.0, 0.04688669779969397, 0.0, 0.08279881135943302, 0.0, 0.01812760691895582)",1
4970,14,10,11,"(0.09033430006888621, 0.14970886995698662, 0.0, 0.0, 0.0, 0.04688669779969397, 0.0, 0.08279881135943302, 0.0, 0.01812760691895582)",369
4971,14,10,11,"(0.09033430006888621, 0.14970886995698662, 0.0, 0.0, 0.0, 0.04688669779969397, 0.0, 0.08279881135943302, 0.0, 0.026393680280467492)",1
4972,14,10,11,"(0.09112590525999531, 0.14970886995698662, 0.0, 0.0, 0.0, 0.04688669779969397, 0.0, 0.08279881135943302, 0.0, 0.01812760691895582)",50
4973,14,10,11,"(0.09033430006888621, 0.14970886995698662, 0.0, 0.0, 0.0, 0.04688669779969397, 0.0, 0.17471391205500736, 0.0, 0.01812760691895582)",4
4974,14,10,11,"(0.09033430006888621, 0.14970886995698662, 0.0, 0.0, 0.0, 0.043807846585669975, 0.0, 0.08279881135943302, 0.0, 0.01812760691895582)",2
4975,14,10,11,"(0.06082918730870698, 0.31118942000415123, 0.0, 0.0, 0.0, 0.04688669779969397, 0.0, 0.08279881135943302, 0.0, 0.01812760691895582)",1
4976,14,10,11,"(0.09033430006888621, 0.14970886995698662, 0.0, 0.0, 0.0, 0.04649869902022463, 0.0, 0.08279881135943302, 0.0, 0.01812760691895582)",3
4977,14,10,13,"(0.0, 0.0, 0.11679612853536596, 0.06920069129515957, 0.19459914304775028, 0.07489992963210028, 0.0, 0.0, 0.14899621190854193, 0.0)",1
4978,14,10,13,"(0.0, 0.0, 0.11679612853536596, 0.06920069129515957, 0.09172770611919409, 0.07489992963210028, 0.0, 0.0, 0.1268171519218924, 0.0)",3
4979,14,10,13,"(0.0, 0.0, 0.10788151955042719, 0.06920069129515957, 0.09172770611919409, 0.07489992963210028, 0.0, 0.0, 0.14899621190854193, 0.0)",1
4980,14,10,13,"(0.0, 0.0, 0.11679612853536596, 0.06920069129515957, 0.09172770611919409, 0.14630021034784216, 0.0, 0.0, 0.14899621190854193, 0.0)",2
4981,14,10,13,"(0.0, 0.0, 0.0772702192058543, 0.07703210454235541, 0.13770099194777294, 0.07489992963210028, 0.0, 0.0, 0.17047646045316525, 0.0)",2
4982,14,10,13,"(0.0, 0.0, 0.11679612853536596, 0.07834142167198654, 0.09172770611919409, 0.07489992963210028, 0.0, 0.0, 0.14899621190854193, 0.0)",6
4983,14,10,13,"(0.0, 0.0, 0.11679612853536596, 0.06920069129515957, 0.09172770611919409, 0.07489992963210028, 0.0, 0.0, 0.14899621190854193, 0.0)",179
4984,14,11,8,"(0.09369258606422372, 0.0, 0.09886232529533268, 0.09247639241939104, 0.09173902283359818, 0.0, 0.04357037093627773, 0.0, 0.0, 0.0)",166
4985,14,11,8,"(0.09369258606422372, 0.0, 0.09886232529533268, 0.09247639241939104, 0.09173902283359818, 0.0, 0.050444359354905544, 0.0, 0.0, 0.0)",1
4986,14,11,8,"(0.09369258606422372, 0.0, 0.08950620996642342, 0.07147856101960033, 0.09173902283359818, 0.0, 0.06826344941350267, 0.0, 0.0, 0.0)",10
4987,14,11,8,"(0.09369258606422372, 0.0, 0.09886232529533268, 0.06214789115584835, 0.09173902283359818, 0.0, 0.04357037093627773, 0.0, 0.0, 0.0)",3
4988,14,11,8,"(0.09369258606422372, 0.0, 0.09886232529533268, 0.09247639241939104, 0.06478880677891233, 0.0, 0.02870770887447401, 0.0, 0.0, 0.0)",12
4989,14,11,8,"(0.09369258606422372, 0.0, 0.08950620996642342, 0.09247639241939104, 0.10856871630887292, 0.0, 0.06826344941350267, 0.0, 0.0, 0.0)",2
4990,14,11,8,"(0.09369258606422372, 0.0, 0.08950620996642342, 0.09247639241939104, 0.09173902283359818, 0.0, 0.06826344941350267, 0.0, 0.0, 0.0)",160
4991,14,11,8,"(0.09369258606422372, 0.0, 0.14943829929290123, 0.09247639241939104, 0.09173902283359818, 0.0, 0.025741077524336246, 0.0, 0.0, 0.0)",2
4992,14,11,8,"(0.09369258606422372, 0.0, 0.08611586813068943, 0.15305799365717795, 0.11231469182039328, 0.0, 0.06826344941350267, 0.0, 0.0, 0.0)",1
4993,14,11,11,"(0.20500942118848883, 0.14970886995698662, 0.0, 0.0, 0.0, 0.04688669779969397, 0.0, 0.08279881135943302, 0.0, 0.01812760691895582)",1
4994,14,11,11,"(0.09033430006888621, 0.14970886995698662, 0.0, 0.0, 0.0, 0.04688669779969397, 0.0, 0.08279881135943302, 0.0, 0.013512693206090816)",1
4995,14,11,11,"(0.09033430006888621, 0.14970886995698662, 0.0, 0.0, 0.0, 0.04688669779969397, 0.0, 0.08279881135943302, 0.0, 0.010372483624050551)",2
4996,14,11,11,"(0.09033430006888621, 0.14970886995698662, 0.0, 0.0, 0.0, 0.04688669779969397, 0.0, 0.08279881135943302, 0.0, 0.0207919756742779)",18
4997,14,11,11,"(0.09112590525999531, 0.14970886995698662, 0.0, 0.0, 0.0, 0.04185920029649431, 0.0, 0.08279881135943302, 0.0, 0.01812760691895582)",3
4998,14,11,11,"(0.09033430006888621, 0.14970886995698662, 0.0, 0.0, 0.0, 0.04688669779969397, 0.0, 0.08279881135943302, 0.0, 0.01780013553930874)",1
4999,14,11,11,"(0.09033430006888621, 0.17504400252404764, 0.0, 0.0, 0.0, 0.04688669779969397, 0.0, 0.08279881135943302, 0.0, 0.0207919756742779)",1
5000,14,11,11,"(0.09112590525999531, 0.14970886995698662, 0.0, 0.0, 0.0, 0.04688669779969397, 0.0, 0.08279881135943302, 0.0, 0.01812760691895582)",57
5001,14,11,11,"(0.09033430006888621, 0.14970886995698662, 0.0, 0.0, 0.0, 0.04688669779969397, 0.0, 0.08279881135943302, 0.0, 0.01812760691895582)",315
5002,14,11,11,"(0.09033430006888621, 0.14970886995698662, 0.0, 0.0, 0.0, 0.04688669779969397, 0.0, 0.046176876769364515, 0.0, 0.01812760691895582)",24
5003,14,11,11,"(0.09033430006888621, 0.3375800387566431, 0.0, 0.0, 0.0, 0.04688669779969397, 0.0, 0.08279881135943302, 0.0, 0.01812760691895582)",2
5004,14,11,11,"(0.09033430006888621, 0.14970886995698662, 0.0, 0.0, 0.0, 0.04688669779969397, 0.0, 0.046176876769364515, 0.0, 0.02596267883267502)",4
5005,14,11,13,"(0.0, 0.0, 0.11679612853536596, 0.06920069129515957, 0.09172770611919409, 0.09182092307805763, 0.0, 0.0, 0.14899621190854193, 0.0)",1
5006,14,11,13,"(0.0, 0.0, 0.1746799125060538, 0.06920069129515957, 0.09172770611919409, 0.07489992963210028, 0.0, 0.0, 0.14899621190854193, 0.0)",3
5007,14,11,13,"(0.0, 0.0, 0.11679612853536596, 0.06920069129515957, 0.09172770611919409, 0.07489992963210028, 0.0, 0.0, 0.14899621190854193, 0.0)",159
5008,14,12,8,"(0.09369258606422372, 0.0, 0.09886232529533268, 0.09247639241939104, 0.09173902283359818, 0.0, 0.04357037093627773, 0.0, 0.0, 0.0)",301
5009,14,12,8,"(0.09369258606422372, 0.0, 0.09886232529533268, 0.0859623405123044, 0.09173902283359818, 0.0, 0.04357037093627773, 0.0, 0.0, 0.0)",2
5010,14,12,11,"(0.06866620646192058, 0.10879927011644647, 0.0, 0.0, 0.0, 0.06751039088161978, 0.0, 0.08654908912758388, 0.0, 0.01812760691895582)",1
5011,14,12,11,"(0.09033430006888621, 0.14970886995698662, 0.0, 0.0, 0.0, 0.060424928671874455, 0.0, 0.08279881135943302, 0.0, 0.01812760691895582)",1
5012,14,12,11,"(0.09033430006888621, 0.14970886995698662, 0.0, 0.0, 0.0, 0.04688669779969397, 0.0, 0.08279881135943302, 0.0, 0.01812760691895582)",415
5013,14,12,11,"(0.08197612489478302, 0.14970886995698662, 0.0, 0.0, 0.0, 0.04688669779969397, 0.0, 0.08279881135943302, 0.0, 0.01812760691895582)",5
5014,14,12,11,"(0.09033430006888621, 0.10154750302851463, 0.0, 0.0, 0.0, 0.04688669779969397, 0.0, 0.08279881135943302, 0.0, 0.01812760691895582)",1
5015,14,12,11,"(0.09033430006888621, 0.14970886995698662, 0.0, 0.0, 0.0, 0.04688669779969397, 0.0, 0.053764074652683395, 0.0, 0.027053387157667294)",1
5016,14,12,11,"(0.06812453411333518, 0.14970886995698662, 0.0, 0.0, 0.0, 0.04688669779969397, 0.0, 0.08279881135943302, 0.0, 0.01812760691895582)",4
5017,14,12,11,"(0.05174590831628027, 0.14970886995698662, 0.0, 0.0, 0.0, 0.04688669779969397, 0.0, 0.08279881135943302, 0.0, 0.01385877528298107)",8
5018,14,12,11,"(0.0466703689188359, 0.14970886995698662, 0.0, 0.0, 0.0, 0.04688669779969397, 0.0, 0.08279881135943302, 0.0, 0.01812760691895582)",34
5019,14,12,11,"(0.09033430006888621, 0.14970886995698662, 0.0, 0.0, 0.0, 0.04688669779969397, 0.0, 0.1332572233994524, 0.0, 0.01812760691895582)",1
5020,14,12,11,"(0.09033430006888621, 0.14970886995698662, 0.0, 0.0, 0.0, 0.04688669779969397, 0.0, 0.040902310814394896, 0.0, 0.01812760691895582)",11
5021,14,12,13,"(0.0, 0.0, 0.11679612853536596, 0.06920069129515957, 0.0791444862728564, 0.07489992963210028, 0.0, 0.0, 0.14899621190854193, 0.0)",2
5022,14,12,13,"(0.0, 0.0, 0.11679612853536596, 0.06920069129515957, 0.09172770611919409, 0.07489992963210028, 0.0, 0.0, 0.14899621190854193, 0.0)",162
5023,14,13,8,"(0.09369258606422372, 0.0, 0.09886232529533268, 0.09247639241939104, 0.09173902283359818, 0.0, 0.05375638233402362, 0.0, 0.0, 0.0)",1
5024,14,13,8,"(0.05922387750650188, 0.0, 0.09886232529533268, 0.1856595388270334, 0.09173902283359818, 0.0, 0.04357037093627773, 0.0, 0.0, 0.0)",5
5025,14,13,8,"(0.09369258606422372, 0.0, 0.08685209012074285, 0.09247639241939104, 0.08870494297649319, 0.0, 0.04357037093627773, 0.0, 0.0, 0.0)",11
5026,14,13,8,"(0.09369258606422372, 0.0, 0.09886232529533268, 0.09247639241939104, 0.09173902283359818, 0.0, 0.04977790857806727, 0.0, 0.0, 0.0)",13
5027,14,13,8,"(0.09369258606422372, 0.0, 0.09886232529533268, 0.09247639241939104, 0.09173902283359818, 0.0, 0.06778064709071208, 0.0, 0.0, 0.0)",1
5028,14,13,8,"(0.09369258606422372, 0.0, 0.09886232529533268, 0.09247639241939104, 0.09705926997854666, 0.0, 0.04357037093627773, 0.0, 0.0, 0.0)",2
5029,14,13,8,"(0.09369258606422372, 0.0, 0.09886232529533268, 0.09247639241939104, 0.09173902283359818, 0.0, 0.04357037093627773, 0.0, 0.0, 0.0)",319
5030,14,13,8,"(0.09369258606422372, 0.0, 0.11563057010472017, 0.09247639241939104, 0.09173902283359818, 0.0, 0.04357037093627773, 0.0, 0.0, 0.0)",1
5031,14,13,11,"(0.060428976708290894, 0.14970886995698662, 0.0, 0.0, 0.0, 0.04688669779969397, 0.0, 0.08279881135943302, 0.0, 0.01812760691895582)",5
5032,14,13,11,"(0.09033430006888621, 0.14970886995698662, 0.0, 0.0, 0.0, 0.04688669779969397, 0.0, 0.08279881135943302, 0.0, 0.01812760691895582)",329
5033,14,13,11,"(0.09462343462338112, 0.14970886995698662, 0.0, 0.0, 0.0, 0.056649376107125456, 0.0, 0.040902310814394896, 0.0, 0.01812760691895582)",1
5034,14,13,11,"(0.09033430006888621, 0.14970886995698662, 0.0, 0.0, 0.0, 0.04688669779969397, 0.0, 0.040902310814394896, 0.0, 0.015049871920282582)",2
5035,14,13,11,"(0.058606760118924135, 0.14970886995698662, 0.0, 0.0, 0.0, 0.04688669779969397, 0.0, 0.08279881135943302, 0.0, 0.01812760691895582)",6
5036,14,13,11,"(0.09033430006888621, 0.14970886995698662, 0.0, 0.0, 0.0, 0.04688669779969397, 0.0, 0.08431001608057648, 0.0, 0.01812760691895582)",1
5037,14,13,11,"(0.06965112997122724, 0.11383569076187923, 0.0, 0.0, 0.0, 0.05604477772720999, 0.0, 0.08279881135943302, 0.0, 0.01812760691895582)",1
5038,14,13,11,"(0.09033430006888621, 0.14970886995698662, 0.0, 0.0, 0.0, 0.04688669779969397, 0.0, 0.040902310814394896, 0.0, 0.01812760691895582)",45
5039,14,13,11,"(0.09033430006888621, 0.09115846125251036, 0.0, 0.0, 0.0, 0.04688669779969397, 0.0, 0.07255173342422117, 0.0, 0.01812760691895582)",1
5040,14,13,11,"(0.09033430006888621, 0.14970886995698662, 0.0, 0.0, 0.0, 0.04688669779969397, 0.0, 0.022846158485458862, 0.0, 0.01812760691895582)",1
5041,14,13,13,"(0.0, 0.0, 0.11679612853536596, 0.06920069129515957, 0.09172770611919409, 0.07489992963210028, 0.0, 0.0, 0.14899621190854193, 0.0)",170
5042,14,13,13,"(0.0, 0.0, 0.08425448996202775, 0.06920069129515957, 0.09172770611919409, 0.07489992963210028, 0.0, 0.0, 0.14899621190854193, 0.0)",3
5043,14,14,8,"(0.09369258606422372, 0.0, 0.09886232529533268, 0.09247639241939104, 0.06926966054085705, 0.0, 0.04357037093627773, 0.0, 0.0, 0.0)",3
5044,14,14,8,"(0.09369258606422372, 0.0, 0.09886232529533268, 0.09247639241939104, 0.09173902283359818, 0.0, 0.04357037093627773, 0.0, 0.0, 0.0)",327
5045,14,14,8,"(0.09369258606422372, 0.0, 0.09886232529533268, 0.09247639241939104, 0.0964400628903866, 0.0, 0.04357037093627773, 0.0, 0.0, 0.0)",16
5046,14,14,8,"(0.09369258606422372, 0.0, 0.09886232529533268, 0.09247639241939104, 0.10815098443002939, 0.0, 0.036479274906774585, 0.0, 0.0, 0.0)",1
5047,14,14,8,"(0.09369258606422372, 0.0, 0.09886232529533268, 0.09247639241939104, 0.09173902283359818, 0.0, 0.05761706179691179, 0.0, 0.0, 0.0)",1
5048,14,14,8,"(0.09369258606422372, 0.0, 0.09886232529533268, 0.09247639241939104, 0.09173902283359818, 0.0, 0.030838916195579266, 0.0, 0.0, 0.0)",1
5049,14,14,11,"(0.09033430006888621, 0.14970886995698662, 0.0, 0.0, 0.0, 0.07766098613511524, 0.0, 0.040902310814394896, 0.0, 0.01812760691895582)",4
5050,14,14,11,"(0.09033430006888621, 0.14970886995698662, 0.0, 0.0, 0.0, 0.04688669779969397, 0.0, 0.040902310814394896, 0.0, 0.016671969688430068)",1
5051,14,14,11,"(0.09033430006888621, 0.10709475059250252, 0.0, 0.0, 0.0, 0.05733529338839797, 0.0, 0.05965865351050386, 0.0, 0.03817145817205069)",3
5052,14,14,11,"(0.09033430006888621, 0.14970886995698662, 0.0, 0.0, 0.0, 0.04688669779969397, 0.0, 0.08279881135943302, 0.0, 0.01812760691895582)",237
5053,14,14,11,"(0.06072632077137789, 0.1817767295400392, 0.0, 0.0, 0.0, 0.04688669779969397, 0.0, 0.03364473543331893, 0.0, 0.01812760691895582)",1
5054,14,14,11,"(0.0732353827439995, 0.14970886995698662, 0.0, 0.0, 0.0, 0.04688669779969397, 0.0, 0.08279881135943302, 0.0, 0.01812760691895582)",1
5055,14,14,11,"(0.09033430006888621, 0.14970886995698662, 0.0, 0.0, 0.0, 0.04688669779969397, 0.0, 0.040902310814394896, 0.0, 0.01812760691895582)",184
5056,14,14,11,"(0.09362720342208834, 0.14970886995698662, 0.0, 0.0, 0.0, 0.04688669779969397, 0.0, 0.040902310814394896, 0.0, 0.01812760691895582)",1
5057,14,14,11,"(0.09033430006888621, 0.14970886995698662, 0.0, 0.0, 0.0, 0.052184944096143125, 0.0, 0.08279881135943302, 0.0, 0.01812760691895582)",1
5058,14,14,11,"(0.09033430006888621, 0.14970886995698662, 0.0, 0.0, 0.0, 0.030944417718322847, 0.0, 0.06178353440367261, 0.0, 0.01812760691895582)",1
5059,14,14,11,"(0.09033430006888621, 0.13972775952440888, 0.0, 0.0, 0.0, 0.04688669779969397, 0.0, 0.08279881135943302, 0.0, 0.01812760691895582)",1
5060,14,14,13,"(0.0, 0.0, 0.11679612853536596, 0.06920069129515957, 0.09172770611919409, 0.07489992963210028, 0.0, 0.0, 0.14899621190854193, 0.0)",181
5061,14,15,8,"(0.09369258606422372, 0.0, 0.09886232529533268, 0.09247639241939104, 0.09173902283359818, 0.0, 0.04357037093627773, 0.0, 0.0, 0.0)",289
5062,14,15,8,"(0.2239764043030988, 0.0, 0.13017851662788935, 0.09247639241939104, 0.09173902283359818, 0.0, 0.04357037093627773, 0.0, 0.0, 0.0)",4
5063,14,15,8,"(0.09369258606422372, 0.0, 0.09335889625407746, 0.08605368111922114, 0.09173902283359818, 0.0, 0.04357037093627773, 0.0, 0.0, 0.0)",1
5064,14,15,8,"(0.09369258606422372, 0.0, 0.09886232529533268, 0.09247639241939104, 0.09173902283359818, 0.0, 0.05059594989607626, 0.0, 0.0, 0.0)",1
5065,14,15,8,"(0.09369258606422372, 0.0, 0.08950620996642342, 0.09247639241939104, 0.09173902283359818, 0.0, 0.06826344941350267, 0.0, 0.0, 0.0)",79
5066,14,15,8,"(0.09369258606422372, 0.0, 0.09886232529533268, 0.09247639241939104, 0.09173902283359818, 0.0, 0.034343546618622, 0.0, 0.0, 0.0)",1
5067,14,15,8,"(0.09369258606422372, 0.0, 0.08950620996642342, 0.07774179402552603, 0.09173902283359818, 0.0, 0.06826344941350267, 0.0, 0.0, 0.0)",4
5068,14,15,8,"(0.09369258606422372, 0.0, 0.09886232529533268, 0.09247639241939104, 0.09173902283359818, 0.0, 0.08166116323594923, 0.0, 0.0, 0.0)",7
5069,14,15,8,"(0.09369258606422372, 0.0, 0.07145964804868207, 0.09247639241939104, 0.09173902283359818, 0.0, 0.04357037093627773, 0.0, 0.0, 0.0)",2
5070,14,15,11,"(0.09033430006888621, 0.14970886995698662, 0.0, 0.0, 0.0, 0.04688669779969397, 0.0, 0.08279881135943302, 0.0, 0.0190299945381209)",1
5071,14,15,11,"(0.07169429680668139, 0.14970886995698662, 0.0, 0.0, 0.0, 0.04688669779969397, 0.0, 0.08279881135943302, 0.0, 0.01812760691895582)",1
5072,14,15,11,"(0.08891429323151184, 0.18028788317880823, 0.0, 0.0, 0.0, 0.04688669779969397, 0.0, 0.08279881135943302, 0.0, 0.010745991059397015)",3
5073,14,15,11,"(0.09033430006888621, 0.14970886995698662, 0.0, 0.0, 0.0, 0.04688669779969397, 0.0, 0.08279881135943302, 0.0, 0.01812760691895582)",307
5074,14,15,11,"(0.09033430006888621, 0.17920047570235279, 0.0, 0.0, 0.0, 0.04688669779969397, 0.0, 0.08279881135943302, 0.0, 0.01812760691895582)",1
5075,14,15,11,"(0.09033430006888621, 0.14970886995698662, 0.0, 0.0, 0.0, 0.04688669779969397, 0.0, 0.08279881135943302, 0.0, 0.014701903500515217)",1
5076,14,15,11,"(0.09033430006888621, 0.14970886995698662, 0.0, 0.0, 0.0, 0.04688669779969397, 0.0, 0.04432590347300421, 0.0, 0.01812760691895582)",1
5077,14,15,13,"(0.0, 0.0, 0.11679612853536596, 0.06920069129515957, 0.09172770611919409, 0.07489992963210028, 0.0, 0.0, 0.2115024041562961, 0.0)",1
5078,14,15,13,"(0.0, 0.0, 0.11679612853536596, 0.06920069129515957, 0.09172770611919409, 0.07489992963210028, 0.0, 0.0, 0.14899621190854193, 0.0)",165
5079,14,15,13,"(0.0, 0.0, 0.11679612853536596, 0.06920069129515957, 0.09172770611919409, 0.07489992963210028, 0.0, 0.0, 0.09171979660646065, 0.0)",1
5080,14,15,13,"(0.0, 0.0, 0.04613885585610117, 0.06920069129515957, 0.09172770611919409, 0.07489992963210028, 0.0, 0.0, 0.14899621190854193, 0.0)",3
5081,14,15,13,"(0.0, 0.0, 0.11679612853536596, 0.06920069129515957, 0.07995729942578039, 0.07489992963210028, 0.0, 0.0, 0.14899621190854193, 0.0)",1
5082,14,16,8,"(0.09369258606422372, 0.0, 0.08950620996642342, 0.1437018294390982, 0.09173902283359818, 0.0, 0.06826344941350267, 0.0, 0.0, 0.0)",1
5083,14,16,8,"(0.09369258606422372, 0.0, 0.08950620996642342, 0.04577744924069931, 0.1372089616224091, 0.0, 0.06826344941350267, 0.0, 0.0, 0.0)",1
5084,14,16,8,"(0.09369258606422372, 0.0, 0.08950620996642342, 0.09247639241939104, 0.09173902283359818, 0.0, 0.0739770944766143, 0.0, 0.0, 0.0)",3
5085,14,16,8,"(0.09369258606422372, 0.0, 0.08950620996642342, 0.09247639241939104, 0.09173902283359818, 0.0, 0.06826344941350267, 0.0, 0.0, 0.0)",109
5086,14,16,8,"(0.06519694567074168, 0.0, 0.09886232529533268, 0.09247639241939104, 0.09173902283359818, 0.0, 0.04357037093627773, 0.0, 0.0, 0.0)",1
5087,14,16,8,"(0.09369258606422372, 0.0, 0.11043197302299411, 0.09247639241939104, 0.09173902283359818, 0.0, 0.04357037093627773, 0.0, 0.0, 0.0)",1
5088,14,16,8,"(0.09369258606422372, 0.0, 0.09886232529533268, 0.09247639241939104, 0.09173902283359818, 0.0, 0.04357037093627773, 0.0, 0.0, 0.0)",196
5089,14,16,11,"(0.09033430006888621, 0.14970886995698662, 0.0, 0.0, 0.0, 0.04688669779969397, 0.0, 0.07192211562880553, 0.0, 0.01812760691895582)",3
5090,14,16,11,"(0.09033430006888621, 0.14970886995698662, 0.0, 0.0, 0.0, 0.04688669779969397, 0.0, 0.08279881135943302, 0.0, 0.01812760691895582)",513
5091,14,16,11,"(0.05414886983844369, 0.14970886995698662, 0.0, 0.0, 0.0, 0.04688669779969397, 0.0, 0.08279881135943302, 0.0, 0.01812760691895582)",2
5092,14,16,11,"(0.1663748636675302, 0.14970886995698662, 0.0, 0.0, 0.0, 0.04688669779969397, 0.0, 0.08279881135943302, 0.0, 0.01812760691895582)",2
5093,14,16,11,"(0.05968995595645548, 0.14970886995698662, 0.0, 0.0, 0.0, 0.04688669779969397, 0.0, 0.08279881135943302, 0.0, 0.01812760691895582)",2
5094,14,16,11,"(0.09033430006888621, 0.14970886995698662, 0.0, 0.0, 0.0, 0.04688669779969397, 0.0, 0.07600738463920739, 0.0, 0.01812760691895582)",2
5095,14,16,11,"(0.07837777141323585, 0.14970886995698662, 0.0, 0.0, 0.0, 0.04688669779969397, 0.0, 0.08279881135943302, 0.0, 0.01812760691895582)",4
5096,14,16,11,"(0.09033430006888621, 0.09566653360676604, 0.0, 0.0, 0.0, 0.04688669779969397, 0.0, 0.05471153316868588, 0.0, 0.01812760691895582)",3
5097,14,16,11,"(0.09033430006888621, 0.1028949950949316, 0.0, 0.0, 0.0, 0.04688669779969397, 0.0, 0.08279881135943302, 0.0, 0.01812760691895582)",2
5098,14,16,13,"(0.0, 0.0, 0.11679612853536596, 0.06920069129515957, 0.09172770611919409, 0.07489992963210028, 0.0, 0.0, 0.14899621190854193, 0.0)",193
5099,14,16,13,"(0.0, 0.0, 0.11679612853536596, 0.06920069129515957, 0.09172770611919409, 0.07489992963210028, 0.0, 0.0, 0.11984325393651467, 0.0)",1
5100,14,17,8,"(0.09369258606422372, 0.0, 0.09886232529533268, 0.09247639241939104, 0.09173902283359818, 0.0, 0.04357037093627773, 0.0, 0.0, 0.0)",195
5101,14,17,8,"(0.09369258606422372, 0.0, 0.08950620996642342, 0.09247639241939104, 0.09173902283359818, 0.0, 0.06826344941350267, 0.0, 0.0, 0.0)",29
5102,14,17,8,"(0.09369258606422372, 0.0, 0.08950620996642342, 0.07774179402552603, 0.09173902283359818, 0.0, 0.06826344941350267, 0.0, 0.0, 0.0)",74
5103,14,17,8,"(0.09369258606422372, 0.0, 0.08950620996642342, 0.07774179402552603, 0.09173902283359818, 0.0, 0.06390171343799007, 0.0, 0.0, 0.0)",2
5104,14,17,8,"(0.09369258606422372, 0.0, 0.09886232529533268, 0.09247639241939104, 0.13865405352050314, 0.0, 0.056230940813137925, 0.0, 0.0, 0.0)",15
5105,14,17,8,"(0.0645226935697436, 0.0, 0.09886232529533268, 0.10613598745847758, 0.09173902283359818, 0.0, 0.04357037093627773, 0.0, 0.0, 0.0)",4
5106,14,17,11,"(0.09033430006888621, 0.14970886995698662, 0.0, 0.0, 0.0, 0.05943890744163764, 0.0, 0.08279881135943302, 0.0, 0.01812760691895582)",1
5107,14,17,11,"(0.09033430006888621, 0.14970886995698662, 0.0, 0.0, 0.0, 0.04688669779969397, 0.0, 0.08279881135943302, 0.0, 0.006817293180956524)",1
5108,14,17,11,"(0.08714977247930095, 0.14970886995698662, 0.0, 0.0, 0.0, 0.04688669779969397, 0.0, 0.08279881135943302, 0.0, 0.012319406694158172)",8
5109,14,17,11,"(0.08714977247930095, 0.14970886995698662, 0.0, 0.0, 0.0, 0.04688669779969397, 0.0, 0.13235718402296814, 0.0, 0.012319406694158172)",2
5110,14,17,11,"(0.057768324639057636, 0.14970886995698662, 0.0, 0.0, 0.0, 0.04688669779969397, 0.0, 0.08279881135943302, 0.0, 0.01812760691895582)",7
5111,14,17,11,"(0.09033430006888621, 0.14970886995698662, 0.0, 0.0, 0.0, 0.09242065174458348, 0.0, 0.08279881135943302, 0.0, 0.01812760691895582)",1
5112,14,17,11,"(0.09033430006888621, 0.14970886995698662, 0.0, 0.0, 0.0, 0.04688669779969397, 0.0, 0.08279881135943302, 0.0, 0.01812760691895582)",457
5113,14,17,11,"(0.09033430006888621, 0.14970886995698662, 0.0, 0.0, 0.0, 0.04688669779969397, 0.0, 0.04866565179097551, 0.0, 0.02447350887479542)",4
5114,14,17,13,"(0.0, 0.0, 0.11679612853536596, 0.06920069129515957, 0.09172770611919409, 0.07489992963210028, 0.0, 0.0, 0.14899621190854193, 0.0)",157
5115,14,17,13,"(0.0, 0.0, 0.11679612853536596, 0.06920069129515957, 0.09172770611919409, 0.07341275527544822, 0.0, 0.0, 0.14899621190854193, 0.0)",3
5116,14,18,8,"(0.09369258606422372, 0.0, 0.09886232529533268, 0.08862422950714897, 0.13359674169876512, 0.0, 0.04357037093627773, 0.0, 0.0, 0.0)",2
5117,14,18,8,"(0.09369258606422372, 0.0, 0.09886232529533268, 0.0696191616961994, 0.09173902283359818, 0.0, 0.04357037093627773, 0.0, 0.0, 0.0)",1
5118,14,18,8,"(0.09369258606422372, 0.0, 0.09886232529533268, 0.09247639241939104, 0.09173902283359818, 0.0, 0.04357037093627773, 0.0, 0.0, 0.0)",348
5119,14,18,8,"(0.09369258606422372, 0.0, 0.09886232529533268, 0.09247639241939104, 0.11223537645590612, 0.0, 0.04357037093627773, 0.0, 0.0, 0.0)",1
5120,14,18,8,"(0.09369258606422372, 0.0, 0.09886232529533268, 0.16615000222128734, 0.09173902283359818, 0.0, 0.04357037093627773, 0.0, 0.0, 0.0)",2
5121,14,18,11,"(0.09033430006888621, 0.043457102333374874, 0.0, 0.0, 0.0, 0.04132154789049072, 0.0, 0.08279881135943302, 0.0, 0.01812760691895582)",1
5122,14,18,11,"(0.09033430006888621, 0.14970886995698662, 0.0, 0.0, 0.0, 0.04688669779969397, 0.0, 0.12149510624251467, 0.0, 0.01812760691895582)",2
5123,14,18,11,"(0.09033430006888621, 0.14970886995698662, 0.0, 0.0, 0.0, 0.04688669779969397, 0.0, 0.08279881135943302, 0.0, 0.01812760691895582)",384
5124,14,18,11,"(0.126375924720486, 0.14970886995698662, 0.0, 0.0, 0.0, 0.04688669779969397, 0.0, 0.08279881135943302, 0.0, 0.01812760691895582)",10
5125,14,18,11,"(0.09033430006888621, 0.14970886995698662, 0.0, 0.0, 0.0, 0.04688669779969397, 0.0, 0.13943273956068353, 0.0, 0.01812760691895582)",1
5126,14,18,11,"(0.09033430006888621, 0.2384674344992649, 0.0, 0.0, 0.0, 0.04688669779969397, 0.0, 0.08279881135943302, 0.0, 0.01812760691895582)",1
5127,14,18,11,"(0.09033430006888621, 0.14970886995698662, 0.0, 0.0, 0.0, 0.019304969345760207, 0.0, 0.08279881135943302, 0.0, 0.017200613062213713)",1
5128,14,18,11,"(0.09033430006888621, 0.14970886995698662, 0.0, 0.0, 0.0, 0.04132154789049072, 0.0, 0.08279881135943302, 0.0, 0.04772096433028508)",1
5129,14,18,11,"(0.09033430006888621, 0.14970886995698662, 0.0, 0.0, 0.0, 0.04132154789049072, 0.0, 0.08279881135943302, 0.0, 0.01812760691895582)",20
5130,14,18,11,"(0.09033430006888621, 0.12375104023957435, 0.0, 0.0, 0.0, 0.04688669779969397, 0.0, 0.08279881135943302, 0.0, 0.01812760691895582)",22
5131,14,18,13,"(0.0, 0.0, 0.11679612853536596, 0.06920069129515957, 0.09172770611919409, 0.07489992963210028, 0.0, 0.0, 0.14899621190854193, 0.0)",169
5132,14,18,13,"(0.0, 0.0, 0.0881309426151152, 0.06920069129515957, 0.09172770611919409, 0.07489992963210028, 0.0, 0.0, 0.14899621190854193, 0.0)",1
5133,14,19,8,"(0.09369258606422372, 0.0, 0.09886232529533268, 0.09247639241939104, 0.09173902283359818, 0.0, 0.040291191175859324, 0.0, 0.0, 0.0)",1
5134,14,19,8,"(0.09369258606422372, 0.0, 0.06416192956841912, 0.09247639241939104, 0.09173902283359818, 0.0, 0.04357037093627773, 0.0, 0.0, 0.0)",2
5135,14,19,8,"(0.09369258606422372, 0.0, 0.09886232529533268, 0.09247639241939104, 0.09173902283359818, 0.0, 0.04357037093627773, 0.0, 0.0, 0.0)",412
5136,14,19,8,"(0.09369258606422372, 0.0, 0.09886232529533268, 0.11445588886457454, 0.09173902283359818, 0.0, 0.04357037093627773, 0.0, 0.0, 0.0)",1
5137,14,19,11,"(0.09033430006888621, 0.14970886995698662, 0.0, 0.0, 0.0, 0.04132154789049072, 0.0, 0.08279881135943302, 0.0, 0.01812760691895582)",5
5138,14,19,11,"(0.09033430006888621, 0.12375104023957435, 0.0, 0.0, 0.0, 0.04688669779969397, 0.0, 0.08279881135943302, 0.0, 0.01812760691895582)",4
5139,14,19,11,"(0.09033430006888621, 0.14970886995698662, 0.0, 0.0, 0.0, 0.04688669779969397, 0.0, 0.08279881135943302, 0.0, 0.01812760691895582)",311
5140,14,19,11,"(0.09033430006888621, 0.14604938924052482, 0.0, 0.0, 0.0, 0.04688669779969397, 0.0, 0.08279881135943302, 0.0, 0.01812760691895582)",10
5141,14,19,11,"(0.148330966213774, 0.14970886995698662, 0.0, 0.0, 0.0, 0.04688669779969397, 0.0, 0.08279881135943302, 0.0, 0.01812760691895582)",1
5142,14,19,11,"(0.09033430006888621, 0.14970886995698662, 0.0, 0.0, 0.0, 0.034176751400598164, 0.0, 0.08279881135943302, 0.0, 0.01812760691895582)",1
5143,14,19,11,"(0.09033430006888621, 0.14970886995698662, 0.0, 0.0, 0.0, 0.03286348245437393, 0.0, 0.08279881135943302, 0.0, 0.01812760691895582)",1
5144,14,19,13,"(0.0, 0.0, 0.11679612853536596, 0.06920069129515957, 0.09172770611919409, 0.07489992963210028, 0.0, 0.0, 0.10336227661740416, 0.0)",1
5145,14,19,13,"(0.0, 0.0, 0.11679612853536596, 0.06920069129515957, 0.09172770611919409, 0.06702589114270985, 0.0, 0.0, 0.14899621190854193, 0.0)",1
5146,14,19,13,"(0.0, 0.0, 0.11679612853536596, 0.06920069129515957, 0.09172770611919409, 0.07489992963210028, 0.0, 0.0, 0.14899621190854193, 0.0)",172
5147,14,19,13,"(0.0, 0.0, 0.11679612853536596, 0.08726380465077764, 0.09172770611919409, 0.07489992963210028, 0.0, 0.0, 0.14899621190854193, 0.0)",1
5148,14,19,13,"(0.0, 0.0, 0.11679612853536596, 0.06920069129515957, 0.09172770611919409, 0.07489992963210028, 0.0, 0.0, 0.08671236602872036, 0.0)",1
5149,14,19,13,"(0.0, 0.0, 0.11679612853536596, 0.060309678475616475, 0.09172770611919409, 0.07489992963210028, 0.0, 0.0, 0.14899621190854193, 0.0)",1
5150,14,20,8,"(0.08990384989316207, 0.0, 0.04772653482052567, 0.09247639241939104, 0.13413554180880113, 0.0, 0.04357037093627773, 0.0, 0.0, 0.0)",2
5151,14,20,8,"(0.11628707828132952, 0.0, 0.09886232529533268, 0.09247639241939104, 0.09173902283359818, 0.0, 0.04357037093627773, 0.0, 0.0, 0.0)",1
5152,14,20,8,"(0.09369258606422372, 0.0, 0.09886232529533268, 0.09247639241939104, 0.09173902283359818, 0.0, 0.04357037093627773, 0.0, 0.0, 0.0)",330
5153,14,20,8,"(0.1193816550424482, 0.0, 0.09886232529533268, 0.11106714216010322, 0.09173902283359818, 0.0, 0.04386216876482272, 0.0, 0.0, 0.0)",2
5154,14,20,8,"(0.09369258606422372, 0.0, 0.09886232529533268, 0.09247639241939104, 0.09173902283359818, 0.0, 0.023999126189928766, 0.0, 0.0, 0.0)",5
5155,14,20,11,"(0.09033430006888621, 0.1459445633381309, 0.0, 0.0, 0.0, 0.04688669779969397, 0.0, 0.08279881135943302, 0.0, 0.01812760691895582)",1
5156,14,20,11,"(0.09033430006888621, 0.12375104023957435, 0.0, 0.0, 0.0, 0.04688669779969397, 0.0, 0.08279881135943302, 0.0, 0.01812760691895582)",88
5157,14,20,11,"(0.09033430006888621, 0.14970886995698662, 0.0, 0.0, 0.0, 0.04688669779969397, 0.0, 0.08279881135943302, 0.0, 0.01812760691895582)",366
5158,14,20,11,"(0.09033430006888621, 0.08858089761910135, 0.0, 0.0, 0.0, 0.04688669779969397, 0.0, 0.08279881135943302, 0.0, 0.01812760691895582)",3
5159,14,20,11,"(0.09033430006888621, 0.14970886995698662, 0.0, 0.0, 0.0, 0.04688669779969397, 0.0, 0.08888034565717154, 0.0, 0.01812760691895582)",1
5160,14,20,11,"(0.09033430006888621, 0.14970886995698662, 0.0, 0.0, 0.0, 0.04688669779969397, 0.0, 0.08578719457705127, 0.0, 0.01812760691895582)",46
5161,14,20,13,"(0.0, 0.0, 0.19691535020946052, 0.06920069129515957, 0.09172770611919409, 0.07489992963210028, 0.0, 0.0, 0.14899621190854193, 0.0)",1
5162,14,20,13,"(0.0, 0.0, 0.11679612853536596, 0.06920069129515957, 0.17795960511129394, 0.07489992963210028, 0.0, 0.0, 0.14899621190854193, 0.0)",1
5163,14,20,13,"(0.0, 0.0, 0.11679612853536596, 0.06920069129515957, 0.09172770611919409, 0.07489992963210028, 0.0, 0.0, 0.14899621190854193, 0.0)",165
5164,14,20,13,"(0.0, 0.0, 0.11679612853536596, 0.06920069129515957, 0.09172770611919409, 0.07489992963210028, 0.0, 0.0, 0.2224050485351196, 0.0)",6
5165,14,20,13,"(0.0, 0.0, 0.11679612853536596, 0.06920069129515957, 0.09172770611919409, 0.11285445453800283, 0.0, 0.0, 0.14899621190854193, 0.0)",5
5166,14,20,13,"(0.0, 0.0, 0.11679612853536596, 0.06920069129515957, 0.09172770611919409, 0.04686297082798396, 0.0, 0.0, 0.14899621190854193, 0.0)",7
5167,14,20,13,"(0.0, 0.0, 0.11679612853536596, 0.06920069129515957, 0.12728233862295832, 0.07489992963210028, 0.0, 0.0, 0.08841249676629727, 0.0)",1
5168,14,20,13,"(0.0, 0.0, 0.1779512974537912, 0.06920069129515957, 0.09172770611919409, 0.07489992963210028, 0.0, 0.0, 0.14899621190854193, 0.0)",2
5169,14,20,13,"(0.0, 0.0, 0.22714598996192334, 0.06920069129515957, 0.09172770611919409, 0.07489992963210028, 0.0, 0.0, 0.14899621190854193, 0.0)",2
5170,15,0,8,"(0.09369258606422372, 0.0, 0.06810841474796507, 0.1528276765388255, 0.07465200933978253, 0.0, 0.057005878957333396, 0.0, 0.0, 0.0)",1
5171,15,0,8,"(0.09369258606422372, 0.0, 0.08950620996642342, 0.09247639241939104, 0.07465200933978253, 0.0, 0.06826344941350267, 0.0, 0.0, 0.0)",171
5172,15,0,8,"(0.09369258606422372, 0.0, 0.08950620996642342, 0.09247639241939104, 0.09173902283359818, 0.0, 0.06826344941350267, 0.0, 0.0, 0.0)",121
5173,15,0,8,"(0.05677577454892635, 0.0, 0.08950620996642342, 0.09247639241939104, 0.09173902283359818, 0.0, 0.06826344941350267, 0.0, 0.0, 0.0)",3
5174,15,0,11,"(0.09033430006888621, 0.06505638160816592, 0.0, 0.0, 0.0, 0.04688669779969397, 0.0, 0.08279881135943302, 0.0, 0.01812760691895582)",4
5175,15,0,11,"(0.0951609962298184, 0.14970886995698662, 0.0, 0.0, 0.0, 0.04688669779969397, 0.0, 0.08279881135943302, 0.0, 0.01812760691895582)",1
5176,15,0,11,"(0.09033430006888621, 0.14970886995698662, 0.0, 0.0, 0.0, 0.04688669779969397, 0.0, 0.08279881135943302, 0.0, 0.01633035169328766)",2
5177,15,0,11,"(0.09033430006888621, 0.14970886995698662, 0.0, 0.0, 0.0, 0.04688669779969397, 0.0, 0.08279881135943302, 0.0, 0.01812760691895582)",539
5178,15,0,11,"(0.09033430006888621, 0.14970886995698662, 0.0, 0.0, 0.0, 0.06528146999772574, 0.0, 0.08279881135943302, 0.0, 0.01812760691895582)",12
5179,15,0,11,"(0.09033430006888621, 0.14970886995698662, 0.0, 0.0, 0.0, 0.04688669779969397, 0.0, 0.05268829594375538, 0.0, 0.01812760691895582)",1
5180,15,0,11,"(0.09033430006888621, 0.273611804916216, 0.0, 0.0, 0.0, 0.04688669779969397, 0.0, 0.08279881135943302, 0.0, 0.01812760691895582)",1
5181,15,0,13,"(0.0, 0.0, 0.11679612853536596, 0.06920069129515957, 0.09172770611919409, 0.11839300850191908, 0.0, 0.0, 0.14899621190854193, 0.0)",4
5182,15,0,13,"(0.0, 0.0, 0.11679612853536596, 0.06920069129515957, 0.04727940512787348, 0.07489992963210028, 0.0, 0.0, 0.14899621190854193, 0.0)",2
5183,15,0,13,"(0.0, 0.0, 0.11679612853536596, 0.06920069129515957, 0.09172770611919409, 0.07489992963210028, 0.0, 0.0, 0.14899621190854193, 0.0)",190
5184,15,1,8,"(0.09369258606422372, 0.0, 0.08950620996642342, 0.09247639241939104, 0.09173902283359818, 0.0, 0.06826344941350267, 0.0, 0.0, 0.0)",234
5185,15,1,8,"(0.10447344645348991, 0.0, 0.10940443763036264, 0.07016869596845227, 0.09173902283359818, 0.0, 0.1730830301916759, 0.0, 0.0, 0.0)",1
5186,15,1,8,"(0.09369258606422372, 0.0, 0.08950620996642342, 0.09853281402199658, 0.07465200933978253, 0.0, 0.05056178701371096, 0.0, 0.0, 0.0)",1
5187,15,1,8,"(0.14689733792991366, 0.0, 0.11829968620791707, 0.09247639241939104, 0.07465200933978253, 0.0, 0.06826344941350267, 0.0, 0.0, 0.0)",1
5188,15,1,8,"(0.09369258606422372, 0.0, 0.049494030332155804, 0.09247639241939104, 0.09173902283359818, 0.0, 0.06826344941350267, 0.0, 0.0, 0.0)",1
5189,15,1,8,"(0.09369258606422372, 0.0, 0.08950620996642342, 0.09247639241939104, 0.07465200933978253, 0.0, 0.06826344941350267, 0.0, 0.0, 0.0)",86
5190,15,1,8,"(0.06556061011064367, 0.0, 0.08950620996642342, 0.09247639241939104, 0.09173902283359818, 0.0, 0.06826344941350267, 0.0, 0.0, 0.0)",1
5191,15,1,8,"(0.09369258606422372, 0.0, 0.08950620996642342, 0.09247639241939104, 0.1336822891826074, 0.0, 0.07363179102071453, 0.0, 0.0, 0.0)",1
5192,15,1,8,"(0.09369258606422372, 0.0, 0.08950620996642342, 0.09247639241939104, 0.10917020949785364, 0.0, 0.06826344941350267, 0.0, 0.0, 0.0)",2
5193,15,1,8,"(0.09369258606422372, 0.0, 0.08950620996642342, 0.09247639241939104, 0.08348093939479632, 0.0, 0.06826344941350267, 0.0, 0.0, 0.0)",1
5194,15,1,8,"(0.09369258606422372, 0.0, 0.08950620996642342, 0.09247639241939104, 0.09173902283359818, 0.0, 0.06495754885894033, 0.0, 0.0, 0.0)",3
5195,15,1,11,"(0.09337516272290707, 0.14970886995698662, 0.0, 0.0, 0.0, 0.04688669779969397, 0.0, 0.08279881135943302, 0.0, 0.01812760691895582)",2
5196,15,1,11,"(0.09033430006888621, 0.14970886995698662, 0.0, 0.0, 0.0, 0.04688669779969397, 0.0, 0.06250888568025852, 0.0, 0.01812760691895582)",2
5197,15,1,11,"(0.09033430006888621, 0.14970886995698662, 0.0, 0.0, 0.0, 0.06528146999772574, 0.0, 0.08279881135943302, 0.0, 0.02542355722928223)",1
5198,15,1,11,"(0.09033430006888621, 0.14970886995698662, 0.0, 0.0, 0.0, 0.04688669779969397, 0.0, 0.08279881135943302, 0.0, 0.01812760691895582)",413
5199,15,1,11,"(0.09033430006888621, 0.14970886995698662, 0.0, 0.0, 0.0, 0.06528146999772574, 0.0, 0.08279881135943302, 0.0, 0.01812760691895582)",7
5200,15,1,11,"(0.09033430006888621, 0.2428014014882411, 0.0, 0.0, 0.0, 0.050897670015272393, 0.0, 0.08279881135943302, 0.0, 0.01812760691895582)",1
5201,15,1,11,"(0.09033430006888621, 0.14078703263346753, 0.0, 0.0, 0.0, 0.04688669779969397, 0.0, 0.08279881135943302, 0.0, 0.01812760691895582)",1
5202,15,1,13,"(0.0, 0.0, 0.11679612853536596, 0.06920069129515957, 0.09172770611919409, 0.07489992963210028, 0.0, 0.0, 0.14899621190854193, 0.0)",179
5203,15,1,13,"(0.0, 0.0, 0.11679612853536596, 0.06920069129515957, 0.09172770611919409, 0.1048301266807722, 0.0, 0.0, 0.14899621190854193, 0.0)",1
5204,15,2,8,"(0.09630425280012676, 0.0, 0.08950620996642342, 0.09247639241939104, 0.09173902283359818, 0.0, 0.06826344941350267, 0.0, 0.0, 0.0)",21
5205,15,2,8,"(0.09369258606422372, 0.0, 0.07795476581738185, 0.08587042923306856, 0.07373190263688448, 0.0, 0.06826344941350267, 0.0, 0.0, 0.0)",2
5206,15,2,8,"(0.09369258606422372, 0.0, 0.08950620996642342, 0.08587042923306856, 0.07373190263688448, 0.0, 0.06826344941350267, 0.0, 0.0, 0.0)",32
5207,15,2,8,"(0.09369258606422372, 0.0, 0.08950620996642342, 0.09247639241939104, 0.07465200933978253, 0.0, 0.06826344941350267, 0.0, 0.0, 0.0)",139
5208,15,2,8,"(0.09369258606422372, 0.0, 0.08950620996642342, 0.09247639241939104, 0.09173902283359818, 0.0, 0.06826344941350267, 0.0, 0.0, 0.0)",120
5209,15,2,8,"(0.09630425280012676, 0.0, 0.08950620996642342, 0.09247639241939104, 0.09173902283359818, 0.0, 0.03346519103498107, 0.0, 0.0, 0.0)",1
5210,15,2,8,"(0.06379247063154624, 0.0, 0.08950620996642342, 0.09247639241939104, 0.052293393521553384, 0.0, 0.06826344941350267, 0.0, 0.0, 0.0)",1
5211,15,2,11,"(0.08928983167408416, 0.14970886995698662, 0.0, 0.0, 0.0, 0.04688669779969397, 0.0, 0.08279881135943302, 0.0, 0.01812760691895582)",1
5212,15,2,11,"(0.08866978919270635, 0.14970886995698662, 0.0, 0.0, 0.0, 0.04688669779969397, 0.0, 0.08279881135943302, 0.0, 0.01812760691895582)",3
5213,15,2,11,"(0.09033430006888621, 0.14970886995698662, 0.0, 0.0, 0.0, 0.06387882733552702, 0.0, 0.08279881135943302, 0.0, 0.029016040972632908)",5
5214,15,2,11,"(0.09033430006888621, 0.14970886995698662, 0.0, 0.0, 0.0, 0.04688669779969397, 0.0, 0.07765940326960485, 0.0, 0.01812760691895582)",1
5215,15,2,11,"(0.09864672318850837, 0.14970886995698662, 0.0, 0.0, 0.0, 0.048619055539720034, 0.0, 0.08279881135943302, 0.0, 0.01812760691895582)",1
5216,15,2,11,"(0.09033430006888621, 0.14970886995698662, 0.0, 0.0, 0.0, 0.0441274422142482, 0.0, 0.08279881135943302, 0.0, 0.0121523138655193)",3
5217,15,2,11,"(0.09033430006888621, 0.14970886995698662, 0.0, 0.0, 0.0, 0.06528146999772574, 0.0, 0.08279881135943302, 0.0, 0.01812760691895582)",7
5218,15,2,11,"(0.09033430006888621, 0.14970886995698662, 0.0, 0.0, 0.0, 0.04688669779969397, 0.0, 0.08279881135943302, 0.0, 0.01812760691895582)",436
5219,15,2,13,"(0.0, 0.0, 0.11679612853536596, 0.05738854173955426, 0.09172770611919409, 0.07489992963210028, 0.0, 0.0, 0.16805390449245117, 0.0)",1
5220,15,2,13,"(0.0, 0.0, 0.11679612853536596, 0.06920069129515957, 0.09172770611919409, 0.07489992963210028, 0.0, 0.0, 0.14899621190854193, 0.0)",158
5221,15,2,13,"(0.0, 0.0, 0.11371254193645026, 0.10636231542626229, 0.09172770611919409, 0.07489992963210028, 0.0, 0.0, 0.14899621190854193, 0.0)",1
5222,15,2,13,"(0.0, 0.0, 0.11679612853536596, 0.06920069129515957, 0.09172770611919409, 0.10283862958183694, 0.0, 0.0, 0.23931379896725027, 0.0)",3
5223,15,3,8,"(0.09369258606422372, 0.0, 0.09886232529533268, 0.09247639241939104, 0.09173902283359818, 0.0, 0.04357037093627773, 0.0, 0.0, 0.0)",119
5224,15,3,8,"(0.04296812679855838, 0.0, 0.08950620996642342, 0.09247639241939104, 0.09173902283359818, 0.0, 0.06826344941350267, 0.0, 0.0, 0.0)",10
5225,15,3,8,"(0.09369258606422372, 0.0, 0.08950620996642342, 0.09247639241939104, 0.09173902283359818, 0.0, 0.06826344941350267, 0.0, 0.0, 0.0)",199
5226,15,3,8,"(0.09369258606422372, 0.0, 0.08950620996642342, 0.09247639241939104, 0.09173902283359818, 0.0, 0.05460795666353407, 0.0, 0.0, 0.0)",1
5227,15,3,8,"(0.06707371865080576, 0.0, 0.09886232529533268, 0.09247639241939104, 0.09173902283359818, 0.0, 0.04357037093627773, 0.0, 0.0, 0.0)",5
5228,15,3,11,"(0.06515265045314865, 0.14970886995698662, 0.0, 0.0, 0.0, 0.04688669779969397, 0.0, 0.08279881135943302, 0.0, 0.01812760691895582)",1
5229,15,3,11,"(0.09033430006888621, 0.14970886995698662, 0.0, 0.0, 0.0, 0.04688669779969397, 0.0, 0.08279881135943302, 0.0, 0.01812760691895582)",451
5230,15,3,11,"(0.09033430006888621, 0.18665709405782063, 0.0, 0.0, 0.0, 0.04688669779969397, 0.0, 0.08279881135943302, 0.0, 0.01812760691895582)",3
5231,15,3,11,"(0.09033430006888621, 0.14970886995698662, 0.0, 0.0, 0.0, 0.0978887120144771, 0.0, 0.08279881135943302, 0.0, 0.01812760691895582)",1
5232,15,3,11,"(0.09033430006888621, 0.14970886995698662, 0.0, 0.0, 0.0, 0.04688669779969397, 0.0, 0.08279881135943302, 0.0, 0.014426794476727223)",1
5233,15,3,11,"(0.09033430006888621, 0.14970886995698662, 0.0, 0.0, 0.0, 0.034285275803956454, 0.0, 0.08279881135943302, 0.0, 0.01812760691895582)",1
5234,15,3,11,"(0.09033430006888621, 0.11458915363863682, 0.0, 0.0, 0.0, 0.04688669779969397, 0.0, 0.08279881135943302, 0.0, 0.01812760691895582)",2
5235,15,3,13,"(0.0, 0.0, 0.13194812587830249, 0.06920069129515957, 0.09172770611919409, 0.07489992963210028, 0.0, 0.0, 0.14899621190854193, 0.0)",1
5236,15,3,13,"(0.0, 0.0, 0.11679612853536596, 0.06920069129515957, 0.09172770611919409, 0.07489992963210028, 0.0, 0.0, 0.14899621190854193, 0.0)",174
5237,15,3,13,"(0.0, 0.0, 0.11679612853536596, 0.06777298898505539, 0.09172770611919409, 0.07489992963210028, 0.0, 0.0, 0.14899621190854193, 0.0)",2
5238,15,4,8,"(0.09369258606422372, 0.0, 0.08950620996642342, 0.07774179402552603, 0.09173902283359818, 0.0, 0.06826344941350267, 0.0, 0.0, 0.0)",67
5239,15,4,8,"(0.09369258606422372, 0.0, 0.08950620996642342, 0.09247639241939104, 0.09173902283359818, 0.0, 0.06826344941350267, 0.0, 0.0, 0.0)",171
5240,15,4,8,"(0.09369258606422372, 0.0, 0.09886232529533268, 0.09247639241939104, 0.09173902283359818, 0.0, 0.04357037093627773, 0.0, 0.0, 0.0)",39
5241,15,4,8,"(0.09369258606422372, 0.0, 0.05510346825088772, 0.1715266798605565, 0.09173902283359818, 0.0, 0.06826344941350267, 0.0, 0.0, 0.0)",6
5242,15,4,8,"(0.09369258606422372, 0.0, 0.08950620996642342, 0.09247639241939104, 0.09173902283359818, 0.0, 0.12903019749623681, 0.0, 0.0, 0.0)",2
5243,15,4,8,"(0.09369258606422372, 0.0, 0.09447622482912725, 0.09247639241939104, 0.10111273505143965, 0.0, 0.07095156376769822, 0.0, 0.0, 0.0)",22
5244,15,4,8,"(0.09369258606422372, 0.0, 0.08950620996642342, 0.05523703787501506, 0.09173902283359818, 0.0, 0.06826344941350267, 0.0, 0.0, 0.0)",1
5245,15,4,11,"(0.09033430006888621, 0.09819070377709938, 0.0, 0.0, 0.0, 0.04688669779969397, 0.0, 0.08279881135943302, 0.0, 0.01812760691895582)",1
5246,15,4,11,"(0.09033430006888621, 0.14970886995698662, 0.0, 0.0, 0.0, 0.03859873075631973, 0.0, 0.0771750019775963, 0.0, 0.01812760691895582)",1
5247,15,4,11,"(0.09086035809826175, 0.14970886995698662, 0.0, 0.0, 0.0, 0.04187303110227053, 0.0, 0.08279881135943302, 0.0, 0.01812760691895582)",1
5248,15,4,11,"(0.06756459219420095, 0.14970886995698662, 0.0, 0.0, 0.0, 0.04688669779969397, 0.0, 0.08279881135943302, 0.0, 0.01406476756227866)",1
5249,15,4,11,"(0.09033430006888621, 0.14970886995698662, 0.0, 0.0, 0.0, 0.04688669779969397, 0.0, 0.08279881135943302, 0.0, 0.00887286259207025)",1
5250,15,4,11,"(0.09033430006888621, 0.14970886995698662, 0.0, 0.0, 0.0, 0.04688669779969397, 0.0, 0.08279881135943302, 0.0, 0.01812760691895582)",504
5251,15,4,11,"(0.09033430006888621, 0.22373042510371574, 0.0, 0.0, 0.0, 0.08394071285306408, 0.0, 0.08279881135943302, 0.0, 0.01812760691895582)",1
5252,15,4,11,"(0.09033430006888621, 0.14970886995698662, 0.0, 0.0, 0.0, 0.036560069495193574, 0.0, 0.08279881135943302, 0.0, 0.01812760691895582)",1
5253,15,4,11,"(0.15698117310304727, 0.14970886995698662, 0.0, 0.0, 0.0, 0.04688669779969397, 0.0, 0.08279881135943302, 0.0, 0.01812760691895582)",1
5254,15,4,11,"(0.0745129705900454, 0.14970886995698662, 0.0, 0.0, 0.0, 0.04688669779969397, 0.0, 0.08279881135943302, 0.0, 0.01812760691895582)",3
5255,15,4,11,"(0.09033430006888621, 0.14970886995698662, 0.0, 0.0, 0.0, 0.02991910308431185, 0.0, 0.08279881135943302, 0.0, 0.01812760691895582)",1
5256,15,4,11,"(0.09033430006888621, 0.14970886995698662, 0.0, 0.0, 0.0, 0.04688669779969397, 0.0, 0.08279881135943302, 0.0, 0.01017438477874905)",1
5257,15,4,13,"(0.0, 0.0, 0.11679612853536596, 0.06920069129515957, 0.09172770611919409, 0.07489992963210028, 0.0, 0.0, 0.14899621190854193, 0.0)",173
5258,15,4,13,"(0.0, 0.0, 0.11679612853536596, 0.06920069129515957, 0.09172770611919409, 0.0730623888565153, 0.0, 0.0, 0.14899621190854193, 0.0)",2
5259,15,4,13,"(0.0, 0.0, 0.054765710988765905, 0.06920069129515957, 0.09172770611919409, 0.07489992963210028, 0.0, 0.0, 0.14899621190854193, 0.0)",1
5260,15,5,8,"(0.09369258606422372, 0.0, 0.09886232529533268, 0.09247639241939104, 0.09173902283359818, 0.0, 0.04357037093627773, 0.0, 0.0, 0.0)",100
5261,15,5,8,"(0.09369258606422372, 0.0, 0.08950620996642342, 0.09247639241939104, 0.07472821831862994, 0.0, 0.06826344941350267, 0.0, 0.0, 0.0)",1
5262,15,5,8,"(0.09369258606422372, 0.0, 0.07802338185805421, 0.09247639241939104, 0.09173902283359818, 0.0, 0.04357037093627773, 0.0, 0.0, 0.0)",1
5263,15,5,8,"(0.07995463469614139, 0.0, 0.033899802527000505, 0.09247639241939104, 0.09173902283359818, 0.0, 0.06826344941350267, 0.0, 0.0, 0.0)",1
5264,15,5,8,"(0.09369258606422372, 0.0, 0.08950620996642342, 0.09247639241939104, 0.09173902283359818, 0.0, 0.06826344941350267, 0.0, 0.0, 0.0)",84
5265,15,5,8,"(0.09369258606422372, 0.0, 0.08950620996642342, 0.07774179402552603, 0.09173902283359818, 0.0, 0.06826344941350267, 0.0, 0.0, 0.0)",88
5266,15,5,8,"(0.12885438815970335, 0.0, 0.08950620996642342, 0.07774179402552603, 0.09173902283359818, 0.0, 0.06826344941350267, 0.0, 0.0, 0.0)",1
5267,15,5,11,"(0.09033430006888621, 0.14970886995698662, 0.0, 0.0, 0.0, 0.04688669779969397, 0.0, 0.17857287340536432, 0.0, 0.01812760691895582)",1
5268,15,5,11,"(0.12788654872490704, 0.14970886995698662, 0.0, 0.0, 0.0, 0.04688669779969397, 0.0, 0.08279881135943302, 0.0, 0.01812760691895582)",2
5269,15,5,11,"(0.09033430006888621, 0.14970886995698662, 0.0, 0.0, 0.0, 0.060702026420374214, 0.0, 0.08279881135943302, 0.0, 0.01812760691895582)",3
5270,15,5,11,"(0.09033430006888621, 0.14970886995698662, 0.0, 0.0, 0.0, 0.04688669779969397, 0.0, 0.08279881135943302, 0.0, 0.01812760691895582)",554
5271,15,5,11,"(0.09033430006888621, 0.14970886995698662, 0.0, 0.0, 0.0, 0.05499689725459165, 0.0, 0.08279881135943302, 0.0, 0.01812760691895582)",9
5272,15,5,11,"(0.09033430006888621, 0.14970886995698662, 0.0, 0.0, 0.0, 0.04588671942680825, 0.0, 0.08260336424033832, 0.0, 0.01812760691895582)",5
5273,15,5,11,"(0.0896825930291202, 0.13482824257502585, 0.0, 0.0, 0.0, 0.04688669779969397, 0.0, 0.08279881135943302, 0.0, 0.010204193493890335)",1
5274,15,5,11,"(0.09033430006888621, 0.14223051051483915, 0.0, 0.0, 0.0, 0.04688669779969397, 0.0, 0.08279881135943302, 0.0, 0.01812760691895582)",2
5275,15,5,11,"(0.09033430006888621, 0.1566085301407502, 0.0, 0.0, 0.0, 0.04688669779969397, 0.0, 0.08279881135943302, 0.0, 0.01812760691895582)",2
5276,15,5,11,"(0.09033430006888621, 0.14970886995698662, 0.0, 0.0, 0.0, 0.04688669779969397, 0.0, 0.08279881135943302, 0.0, 0.008577406405161473)",2
5277,15,5,13,"(0.0, 0.0, 0.11679612853536596, 0.06920069129515957, 0.05500645786833825, 0.07489992963210028, 0.0, 0.0, 0.14899621190854193, 0.0)",3
5278,15,5,13,"(0.0, 0.0, 0.17278976802733995, 0.06920069129515957, 0.09172770611919409, 0.07489992963210028, 0.0, 0.0, 0.13169081265352878, 0.0)",1
5279,15,5,13,"(0.0, 0.0, 0.11679612853536596, 0.06920069129515957, 0.10735148537926051, 0.07489992963210028, 0.0, 0.0, 0.1806488516846345, 0.0)",2
5280,15,5,13,"(0.0, 0.0, 0.11679612853536596, 0.06920069129515957, 0.09172770611919409, 0.07489992963210028, 0.0, 0.0, 0.14899621190854193, 0.0)",175
5281,15,5,13,"(0.0, 0.0, 0.11679612853536596, 0.06920069129515957, 0.09172770611919409, 0.07489992963210028, 0.0, 0.0, 0.14614113859779904, 0.0)",1
5282,15,5,13,"(0.0, 0.0, 0.11679612853536596, 0.06920069129515957, 0.06133296079902168, 0.07489992963210028, 0.0, 0.0, 0.14899621190854193, 0.0)",2
5283,15,6,8,"(0.09369258606422372, 0.0, 0.08950620996642342, 0.05695945285742347, 0.09173902283359818, 0.0, 0.06826344941350267, 0.0, 0.0, 0.0)",25
5284,15,6,8,"(0.09369258606422372, 0.0, 0.09886232529533268, 0.09247639241939104, 0.09173902283359818, 0.0, 0.04357037093627773, 0.0, 0.0, 0.0)",4
5285,15,6,8,"(0.09369258606422372, 0.0, 0.08950620996642342, 0.07774179402552603, 0.09173902283359818, 0.0, 0.06826344941350267, 0.0, 0.0, 0.0)",48
5286,15,6,8,"(0.09369258606422372, 0.0, 0.08950620996642342, 0.09247639241939104, 0.09173902283359818, 0.0, 0.06826344941350267, 0.0, 0.0, 0.0)",195
5287,15,6,11,"(0.09033430006888621, 0.14970886995698662, 0.0, 0.0, 0.0, 0.04688669779969397, 0.0, 0.08279881135943302, 0.0, 0.009241062142161097)",34
5288,15,6,11,"(0.10939774887481019, 0.14970886995698662, 0.0, 0.0, 0.0, 0.04688669779969397, 0.0, 0.08279881135943302, 0.0, 0.01812760691895582)",1
5289,15,6,11,"(0.09033430006888621, 0.14970886995698662, 0.0, 0.0, 0.0, 0.04688669779969397, 0.0, 0.08279881135943302, 0.0, 0.01812760691895582)",418
5290,15,6,11,"(0.09033430006888621, 0.14970886995698662, 0.0, 0.0, 0.0, 0.04688669779969397, 0.0, 0.08279881135943302, 0.0, 0.005937679994547319)",13
5291,15,6,11,"(0.08771820851317949, 0.14970886995698662, 0.0, 0.0, 0.0, 0.04688669779969397, 0.0, 0.08279881135943302, 0.0, 0.01812760691895582)",1
5292,15,6,11,"(0.09033430006888621, 0.2540322580750992, 0.0, 0.0, 0.0, 0.04688669779969397, 0.0, 0.08279881135943302, 0.0, 0.01812760691895582)",2
5293,15,6,11,"(0.09033430006888621, 0.12182303482139088, 0.0, 0.0, 0.0, 0.04688669779969397, 0.0, 0.08279881135943302, 0.0, 0.01812760691895582)",11
5294,15,6,11,"(0.09033430006888621, 0.14970886995698662, 0.0, 0.0, 0.0, 0.04688669779969397, 0.0, 0.04177740786381756, 0.0, 0.01812760691895582)",1
5295,15,6,11,"(0.08174517347866102, 0.14970886995698662, 0.0, 0.0, 0.0, 0.04688669779969397, 0.0, 0.08279881135943302, 0.0, 0.01638116144954013)",1
5296,15,6,13,"(0.0, 0.0, 0.11679612853536596, 0.09230903682554772, 0.09172770611919409, 0.07489992963210028, 0.0, 0.0, 0.14899621190854193, 0.0)",5
5297,15,6,13,"(0.0, 0.0, 0.13247942261514004, 0.06920069129515957, 0.09172770611919409, 0.07489992963210028, 0.0, 0.0, 0.14899621190854193, 0.0)",1
5298,15,6,13,"(0.0, 0.0, 0.14859900861517947, 0.06920069129515957, 0.09172770611919409, 0.08961878740410616, 0.0, 0.0, 0.14899621190854193, 0.0)",1
5299,15,6,13,"(0.0, 0.0, 0.11679612853536596, 0.06920069129515957, 0.09172770611919409, 0.07489992963210028, 0.0, 0.0, 0.14899621190854193, 0.0)",164
5300,15,6,13,"(0.0, 0.0, 0.26428238062619946, 0.06920069129515957, 0.09172770611919409, 0.07489992963210028, 0.0, 0.0, 0.14899621190854193, 0.0)",1
5301,15,7,8,"(0.09369258606422372, 0.0, 0.08950620996642342, 0.09247639241939104, 0.09173902283359818, 0.0, 0.035109147327158356, 0.0, 0.0, 0.0)",1
5302,15,7,8,"(0.09369258606422372, 0.0, 0.09886232529533268, 0.09247639241939104, 0.09173902283359818, 0.0, 0.04357037093627773, 0.0, 0.0, 0.0)",72
5303,15,7,8,"(0.09369258606422372, 0.0, 0.08950620996642342, 0.09247639241939104, 0.07337493392746416, 0.0, 0.06826344941350267, 0.0, 0.0, 0.0)",1
5304,15,7,8,"(0.03906443243419099, 0.0, 0.08950620996642342, 0.09247639241939104, 0.09173902283359818, 0.0, 0.06826344941350267, 0.0, 0.0, 0.0)",4
5305,15,7,8,"(0.08771334554774007, 0.0, 0.1921473573629475, 0.0836811524632419, 0.09173902283359818, 0.0, 0.04357037093627773, 0.0, 0.0, 0.0)",1
5306,15,7,8,"(0.09369258606422372, 0.0, 0.08950620996642342, 0.09247639241939104, 0.09173902283359818, 0.0, 0.06826344941350267, 0.0, 0.0, 0.0)",312
5307,15,7,8,"(0.08048800356690336, 0.0, 0.08950620996642342, 0.17289727710347497, 0.09173902283359818, 0.0, 0.06826344941350267, 0.0, 0.0, 0.0)",1
5308,15,7,8,"(0.09369258606422372, 0.0, 0.08950620996642342, 0.06645478968971337, 0.09173902283359818, 0.0, 0.1188361423603679, 0.0, 0.0, 0.0)",3
5309,15,7,8,"(0.09369258606422372, 0.0, 0.09886232529533268, 0.09247639241939104, 0.1778664431900131, 0.0, 0.04357037093627773, 0.0, 0.0, 0.0)",1
5310,15,7,11,"(0.09033430006888621, 0.18660503107079618, 0.0, 0.0, 0.0, 0.04688669779969397, 0.0, 0.08279881135943302, 0.0, 0.021877546572590865)",7
5311,15,7,11,"(0.09033430006888621, 0.14970886995698662, 0.0, 0.0, 0.0, 0.04688669779969397, 0.0, 0.08279881135943302, 0.0, 0.01812760691895582)",343
5312,15,7,11,"(0.09033430006888621, 0.14970886995698662, 0.0, 0.0, 0.0, 0.04688669779969397, 0.0, 0.10799622468617799, 0.0, 0.01812760691895582)",2
5313,15,7,11,"(0.09033430006888621, 0.14970886995698662, 0.0, 0.0, 0.0, 0.04688669779969397, 0.0, 0.08279881135943302, 0.0, 0.025034510551920377)",1
5314,15,7,11,"(0.09033430006888621, 0.14970886995698662, 0.0, 0.0, 0.0, 0.04688669779969397, 0.0, 0.08279881135943302, 0.0, 0.03743182011132414)",1
5315,15,7,11,"(0.10806961602340567, 0.14970886995698662, 0.0, 0.0, 0.0, 0.04688669779969397, 0.0, 0.08279881135943302, 0.0, 0.01812760691895582)",1
5316,15,7,11,"(0.09033430006888621, 0.14970886995698662, 0.0, 0.0, 0.0, 0.06528146999772574, 0.0, 0.08279881135943302, 0.0, 0.01812760691895582)",49
5317,15,7,11,"(0.09033430006888621, 0.14970886995698662, 0.0, 0.0, 0.0, 0.023026712377284264, 0.0, 0.08279881135943302, 0.0, 0.01812760691895582)",1
5318,15,7,13,"(0.0, 0.0, 0.11679612853536596, 0.06920069129515957, 0.08912543717976523, 0.07489992963210028, 0.0, 0.0, 0.14899621190854193, 0.0)",2
5319,15,7,13,"(0.0, 0.0, 0.11679612853536596, 0.06920069129515957, 0.09172770611919409, 0.07489992963210028, 0.0, 0.0, 0.14899621190854193, 0.0)",166
5320,15,7,13,"(0.0, 0.0, 0.11679612853536596, 0.10498553143880346, 0.09172770611919409, 0.07489992963210028, 0.0, 0.0, 0.14899621190854193, 0.0)",1
5321,15,7,13,"(0.0, 0.0, 0.11679612853536596, 0.054029878451252226, 0.07476865500667365, 0.06474136591549276, 0.0, 0.0, 0.14899621190854193, 0.0)",5
5322,15,8,8,"(0.09369258606422372, 0.0, 0.08950620996642342, 0.09775997389269332, 0.09173902283359818, 0.0, 0.04892226564517591, 0.0, 0.0, 0.0)",1
5323,15,8,8,"(0.09369258606422372, 0.0, 0.08950620996642342, 0.09247639241939104, 0.09173902283359818, 0.0, 0.06826344941350267, 0.0, 0.0, 0.0)",121
5324,15,8,8,"(0.09369258606422372, 0.0, 0.08950620996642342, 0.07774179402552603, 0.09173902283359818, 0.0, 0.04892226564517591, 0.0, 0.0, 0.0)",93
5325,15,8,8,"(0.09369258606422372, 0.0, 0.08950620996642342, 0.07774179402552603, 0.09173902283359818, 0.0, 0.06826344941350267, 0.0, 0.0, 0.0)",66
5326,15,8,8,"(0.14366644047119242, 0.0, 0.08950620996642342, 0.07774179402552603, 0.09173902283359818, 0.0, 0.04892226564517591, 0.0, 0.0, 0.0)",1
5327,15,8,11,"(0.09033430006888621, 0.14970886995698662, 0.0, 0.0, 0.0, 0.04688669779969397, 0.0, 0.08279881135943302, 0.0, 0.01812760691895582)",475
5328,15,8,11,"(0.054379509991944776, 0.14970886995698662, 0.0, 0.0, 0.0, 0.025803913940295138, 0.0, 0.08279881135943302, 0.0, 0.019983250447466384)",1
5329,15,8,11,"(0.09033430006888621, 0.14970886995698662, 0.0, 0.0, 0.0, 0.029536730662055255, 0.0, 0.08279881135943302, 0.0, 0.01812760691895582)",1
5330,15,8,11,"(0.09033430006888621, 0.14970886995698662, 0.0, 0.0, 0.0, 0.07118753618050687, 0.0, 0.08279881135943302, 0.0, 0.01812760691895582)",4
5331,15,8,11,"(0.09033430006888621, 0.10837772009261276, 0.0, 0.0, 0.0, 0.04688669779969397, 0.0, 0.08279881135943302, 0.0, 0.01812760691895582)",3
5332,15,8,11,"(0.141463197721929, 0.14970886995698662, 0.0, 0.0, 0.0, 0.04688669779969397, 0.0, 0.04549510220430217, 0.0, 0.007715594421002422)",1
5333,15,8,11,"(0.08282939436853075, 0.18755310725178798, 0.0, 0.0, 0.0, 0.04688669779969397, 0.0, 0.06607684393631923, 0.0, 0.01812760691895582)",1
5334,15,8,11,"(0.09033430006888621, 0.14970886995698662, 0.0, 0.0, 0.0, 0.06528146999772574, 0.0, 0.08279881135943302, 0.0, 0.01812760691895582)",4
5335,15,8,11,"(0.07516064331900563, 0.14970886995698662, 0.0, 0.0, 0.0, 0.04688669779969397, 0.0, 0.08279881135943302, 0.0, 0.01812760691895582)",1
5336,15,8,11,"(0.09033430006888621, 0.14970886995698662, 0.0, 0.0, 0.0, 0.07801131864320988, 0.0, 0.08279881135943302, 0.0, 0.01812760691895582)",1
5337,15,8,11,"(0.09033430006888621, 0.14970886995698662, 0.0, 0.0, 0.0, 0.043956795398412116, 0.0, 0.08279881135943302, 0.0, 0.01812760691895582)",1
5338,15,8,13,"(0.0, 0.0, 0.12237703297754052, 0.0809758250316588, 0.09172770611919409, 0.070754283268542, 0.0, 0.0, 0.19109019007683825, 0.0)",1
5339,15,8,13,"(0.0, 0.0, 0.10263591741908115, 0.06920069129515957, 0.05635733918005515, 0.07489992963210028, 0.0, 0.0, 0.14899621190854193, 0.0)",1
5340,15,8,13,"(0.0, 0.0, 0.11679612853536596, 0.06920069129515957, 0.09172770611919409, 0.07489992963210028, 0.0, 0.0, 0.14899621190854193, 0.0)",176
5341,15,8,13,"(0.0, 0.0, 0.11679612853536596, 0.09767227967057471, 0.09172770611919409, 0.07489992963210028, 0.0, 0.0, 0.14899621190854193, 0.0)",5
5342,15,9,8,"(0.09369258606422372, 0.0, 0.09886232529533268, 0.09247639241939104, 0.09173902283359818, 0.0, 0.04357037093627773, 0.0, 0.0, 0.0)",137
5343,15,9,8,"(0.09369258606422372, 0.0, 0.08950620996642342, 0.09247639241939104, 0.07350639824001179, 0.0, 0.06826344941350267, 0.0, 0.0, 0.0)",1
5344,15,9,8,"(0.09369258606422372, 0.0, 0.08950620996642342, 0.09247639241939104, 0.09173902283359818, 0.0, 0.06826344941350267, 0.0, 0.0, 0.0)",135
5345,15,9,8,"(0.09369258606422372, 0.0, 0.09886232529533268, 0.09247639241939104, 0.09173902283359818, 0.0, 0.037808278338983065, 0.0, 0.0, 0.0)",1
5346,15,9,11,"(0.08391637290941965, 0.14970886995698662, 0.0, 0.0, 0.0, 0.04688669779969397, 0.0, 0.08279881135943302, 0.0, 0.01812760691895582)",3
5347,15,9,11,"(0.09033430006888621, 0.14970886995698662, 0.0, 0.0, 0.0, 0.04688669779969397, 0.0, 0.07638117931471441, 0.0, 0.018732360254627125)",1
5348,15,9,11,"(0.10383611104794742, 0.14970886995698662, 0.0, 0.0, 0.0, 0.04688669779969397, 0.0, 0.08279881135943302, 0.0, 0.01812760691895582)",2
5349,15,9,11,"(0.06444253076582342, 0.14970886995698662, 0.0, 0.0, 0.0, 0.04688669779969397, 0.0, 0.08279881135943302, 0.0, 0.01812760691895582)",1
5350,15,9,11,"(0.09033430006888621, 0.13439368172836083, 0.0, 0.0, 0.0, 0.04688669779969397, 0.0, 0.08863147106117451, 0.0, 0.027496283343407105)",1
5351,15,9,11,"(0.09033430006888621, 0.14970886995698662, 0.0, 0.0, 0.0, 0.04688669779969397, 0.0, 0.08279881135943302, 0.0, 0.011532178506779471)",3
5352,15,9,11,"(0.057699446160886944, 0.14970886995698662, 0.0, 0.0, 0.0, 0.06280454106853704, 0.0, 0.07790728662004284, 0.0, 0.01812760691895582)",1
5353,15,9,11,"(0.09033430006888621, 0.14970886995698662, 0.0, 0.0, 0.0, 0.04688669779969397, 0.0, 0.06172372449744908, 0.0, 0.01812760691895582)",6
5354,15,9,11,"(0.14161634576740403, 0.14970886995698662, 0.0, 0.0, 0.0, 0.04688669779969397, 0.0, 0.08279881135943302, 0.0, 0.01812760691895582)",1
5355,15,9,11,"(0.09033430006888621, 0.14970886995698662, 0.0, 0.0, 0.0, 0.06280454106853704, 0.0, 0.08279881135943302, 0.0, 0.01812760691895582)",13
5356,15,9,11,"(0.06462844494053442, 0.14970886995698662, 0.0, 0.0, 0.0, 0.04688669779969397, 0.0, 0.08279881135943302, 0.0, 0.01812760691895582)",2
5357,15,9,11,"(0.09033430006888621, 0.14970886995698662, 0.0, 0.0, 0.0, 0.04688669779969397, 0.0, 0.08279881135943302, 0.0, 0.01812760691895582)",552
5358,15,9,13,"(0.0, 0.0, 0.11679612853536596, 0.06920069129515957, 0.09172770611919409, 0.07489992963210028, 0.0, 0.0, 0.14899621190854193, 0.0)",119
5359,15,9,13,"(0.0, 0.0, 0.08405533139441938, 0.06920069129515957, 0.09172770611919409, 0.07489992963210028, 0.0, 0.0, 0.14899621190854193, 0.0)",55
5360,15,10,8,"(0.09369258606422372, 0.0, 0.09886232529533268, 0.09247639241939104, 0.09173902283359818, 0.0, 0.04357037093627773, 0.0, 0.0, 0.0)",224
5361,15,10,8,"(0.09369258606422372, 0.0, 0.09886232529533268, 0.09247639241939104, 0.09173902283359818, 0.0, 0.0632635090922055, 0.0, 0.0, 0.0)",1
5362,15,10,8,"(0.09369258606422372, 0.0, 0.06497689824632599, 0.08093633706418474, 0.09173902283359818, 0.0, 0.04357037093627773, 0.0, 0.0, 0.0)",1
5363,15,10,8,"(0.09369258606422372, 0.0, 0.12291949015681632, 0.08266575313214283, 0.09173902283359818, 0.0, 0.06826344941350267, 0.0, 0.0, 0.0)",9
5364,15,10,8,"(0.09369258606422372, 0.0, 0.08950620996642342, 0.09247639241939104, 0.09173902283359818, 0.0, 0.06826344941350267, 0.0, 0.0, 0.0)",94
5365,15,10,8,"(0.09369258606422372, 0.0, 0.04845031948515544, 0.08332202866324841, 0.09173902283359818, 0.0, 0.06826344941350267, 0.0, 0.0, 0.0)",1
5366,15,10,11,"(0.09033430006888621, 0.14970886995698662, 0.0, 0.0, 0.0, 0.08115908169199626, 0.0, 0.08279881135943302, 0.0, 0.01812760691895582)",8
5367,15,10,11,"(0.09033430006888621, 0.21881761227394075, 0.0, 0.0, 0.0, 0.04688669779969397, 0.0, 0.08279881135943302, 0.0, 0.01812760691895582)",1
5368,15,10,11,"(0.09033430006888621, 0.17869563947573447, 0.0, 0.0, 0.0, 0.04688669779969397, 0.0, 0.08279881135943302, 0.0, 0.01812760691895582)",16
5369,15,10,11,"(0.09033430006888621, 0.14970886995698662, 0.0, 0.0, 0.0, 0.06280454106853704, 0.0, 0.08279881135943302, 0.0, 0.01812760691895582)",64
5370,15,10,11,"(0.09033430006888621, 0.14970886995698662, 0.0, 0.0, 0.0, 0.04688669779969397, 0.0, 0.08279881135943302, 0.0, 0.01812760691895582)",292
5371,15,10,13,"(0.0, 0.0, 0.11679612853536596, 0.030278772060806605, 0.09172770611919409, 0.07489992963210028, 0.0, 0.0, 0.14899621190854193, 0.0)",1
5372,15,10,13,"(0.0, 0.0, 0.11679612853536596, 0.13329579081790754, 0.09172770611919409, 0.07489992963210028, 0.0, 0.0, 0.14899621190854193, 0.0)",2
5373,15,10,13,"(0.0, 0.0, 0.11679612853536596, 0.06920069129515957, 0.09172770611919409, 0.07489992963210028, 0.0, 0.0, 0.14899621190854193, 0.0)",174
5374,15,10,13,"(0.0, 0.0, 0.2355071668399739, 0.06920069129515957, 0.09172770611919409, 0.07489992963210028, 0.0, 0.0, 0.14899621190854193, 0.0)",1
5375,15,11,8,"(0.09369258606422372, 0.0, 0.08950620996642342, 0.09247639241939104, 0.09173902283359818, 0.0, 0.06826344941350267, 0.0, 0.0, 0.0)",115
5376,15,11,8,"(0.09369258606422372, 0.0, 0.08950620996642342, 0.16510929111441075, 0.09173902283359818, 0.0, 0.06826344941350267, 0.0, 0.0, 0.0)",3
5377,15,11,8,"(0.09369258606422372, 0.0, 0.09886232529533268, 0.09247639241939104, 0.09173902283359818, 0.0, 0.03555409988401971, 0.0, 0.0, 0.0)",1
5378,15,11,8,"(0.09369258606422372, 0.0, 0.08950620996642342, 0.07774179402552603, 0.09173902283359818, 0.0, 0.06826344941350267, 0.0, 0.0, 0.0)",8
5379,15,11,8,"(0.09369258606422372, 0.0, 0.09886232529533268, 0.09247639241939104, 0.09173902283359818, 0.0, 0.04357037093627773, 0.0, 0.0, 0.0)",177
5380,15,11,11,"(0.09033430006888621, 0.14970886995698662, 0.0, 0.0, 0.0, 0.06280454106853704, 0.0, 0.08279881135943302, 0.0, 0.01812760691895582)",13
5381,15,11,11,"(0.09033430006888621, 0.14970886995698662, 0.0, 0.0, 0.0, 0.04688669779969397, 0.0, 0.13867503235038875, 0.0, 0.01812760691895582)",1
5382,15,11,11,"(0.09033430006888621, 0.14970886995698662, 0.0, 0.0, 0.0, 0.04688669779969397, 0.0, 0.08279881135943302, 0.0, 0.01812760691895582)",444
5383,15,11,11,"(0.044242779979579955, 0.14970886995698662, 0.0, 0.0, 0.0, 0.06280454106853704, 0.0, 0.08279881135943302, 0.0, 0.01812760691895582)",11
5384,15,11,11,"(0.09033430006888621, 0.14970886995698662, 0.0, 0.0, 0.0, 0.04688669779969397, 0.0, 0.02458879902518607, 0.0, 0.018724254078158233)",2
5385,15,11,11,"(0.09033430006888621, 0.14970886995698662, 0.0, 0.0, 0.0, 0.04688669779969397, 0.0, 0.0883146363201625, 0.0, 0.01812760691895582)",1
5386,15,11,11,"(0.09033430006888621, 0.06864294344868557, 0.0, 0.0, 0.0, 0.04688669779969397, 0.0, 0.08279881135943302, 0.0, 0.01812760691895582)",2
5387,15,11,11,"(0.09033430006888621, 0.14970886995698662, 0.0, 0.0, 0.0, 0.04688669779969397, 0.0, 0.03875526875682742, 0.0, 0.01812760691895582)",1
5388,15,11,11,"(0.09033430006888621, 0.11449820049987633, 0.0, 0.0, 0.0, 0.04688669779969397, 0.0, 0.08279881135943302, 0.0, 0.01812760691895582)",1
5389,15,11,13,"(0.0, 0.0, 0.11679612853536596, 0.08895584309122292, 0.09172770611919409, 0.07863343299742889, 0.0, 0.0, 0.14899621190854193, 0.0)",2
5390,15,11,13,"(0.0, 0.0, 0.11679612853536596, 0.06920069129515957, 0.09172770611919409, 0.07489992963210028, 0.0, 0.0, 0.14899621190854193, 0.0)",167
5391,15,11,13,"(0.0, 0.0, 0.08405533139441938, 0.06920069129515957, 0.09172770611919409, 0.07489992963210028, 0.0, 0.0, 0.14899621190854193, 0.0)",26
5392,15,12,8,"(0.09369258606422372, 0.0, 0.08950620996642342, 0.09247639241939104, 0.09173902283359818, 0.0, 0.06826344941350267, 0.0, 0.0, 0.0)",67
5393,15,12,8,"(0.04762470739358979, 0.0, 0.09886232529533268, 0.06639675689473973, 0.09173902283359818, 0.0, 0.032884122675263444, 0.0, 0.0, 0.0)",4
5394,15,12,8,"(0.0812174094790851, 0.0, 0.05161101344109078, 0.09247639241939104, 0.12926320211964212, 0.0, 0.04357037093627773, 0.0, 0.0, 0.0)",2
5395,15,12,8,"(0.11013199704945337, 0.0, 0.08183309750546994, 0.09247639241939104, 0.06120097814076157, 0.0, 0.06826344941350267, 0.0, 0.0, 0.0)",1
5396,15,12,8,"(0.09369258606422372, 0.0, 0.08183309750546994, 0.09247639241939104, 0.06120097814076157, 0.0, 0.06826344941350267, 0.0, 0.0, 0.0)",45
5397,15,12,8,"(0.09369258606422372, 0.0, 0.11999710228118068, 0.09247639241939104, 0.09173902283359818, 0.0, 0.04357037093627773, 0.0, 0.0, 0.0)",15
5398,15,12,8,"(0.09369258606422372, 0.0, 0.09886232529533268, 0.09247639241939104, 0.09173902283359818, 0.0, 0.04357037093627773, 0.0, 0.0, 0.0)",169
5399,15,12,11,"(0.09033430006888621, 0.14970886995698662, 0.0, 0.0, 0.0, 0.04367931924146831, 0.0, 0.08279881135943302, 0.0, 0.014681651799145184)",1
5400,15,12,11,"(0.09024468762116493, 0.14970886995698662, 0.0, 0.0, 0.0, 0.04688669779969397, 0.0, 0.08279881135943302, 0.0, 0.01812760691895582)",11
5401,15,12,11,"(0.09033430006888621, 0.14970886995698662, 0.0, 0.0, 0.0, 0.04688669779969397, 0.0, 0.08279881135943302, 0.0, 0.013757778979340971)",1
5402,15,12,11,"(0.16259029079796017, 0.14970886995698662, 0.0, 0.0, 0.0, 0.04688669779969397, 0.0, 0.08279881135943302, 0.0, 0.01812760691895582)",1
5403,15,12,11,"(0.09033430006888621, 0.14970886995698662, 0.0, 0.0, 0.0, 0.04688669779969397, 0.0, 0.08279881135943302, 0.0, 0.01812760691895582)",450
5404,15,12,11,"(0.07626984342215544, 0.14970886995698662, 0.0, 0.0, 0.0, 0.04688669779969397, 0.0, 0.08279881135943302, 0.0, 0.039333260550642936)",1
5405,15,12,11,"(0.09033430006888621, 0.14970886995698662, 0.0, 0.0, 0.0, 0.04688669779969397, 0.0, 0.08279881135943302, 0.0, 0.012908258237282477)",2
5406,15,12,11,"(0.09033430006888621, 0.14970886995698662, 0.0, 0.0, 0.0, 0.048965697544470485, 0.0, 0.08279881135943302, 0.0, 0.01812760691895582)",2
5407,15,12,11,"(0.09911154763495782, 0.14970886995698662, 0.0, 0.0, 0.0, 0.05536435723619464, 0.0, 0.08279881135943302, 0.0, 0.01812760691895582)",6
5408,15,12,11,"(0.054762390609258894, 0.14970886995698662, 0.0, 0.0, 0.0, 0.04688669779969397, 0.0, 0.08279881135943302, 0.0, 0.01812760691895582)",2
5409,15,12,13,"(0.0, 0.0, 0.11679612853536596, 0.06920069129515957, 0.09172770611919409, 0.07489992963210028, 0.0, 0.0, 0.14899621190854193, 0.0)",142
5410,15,12,13,"(0.0, 0.0, 0.08405533139441938, 0.06920069129515957, 0.09172770611919409, 0.07489992963210028, 0.0, 0.0, 0.14899621190854193, 0.0)",32
5411,15,12,13,"(0.0, 0.0, 0.08405533139441938, 0.06920069129515957, 0.09172770611919409, 0.07489992963210028, 0.0, 0.0, 0.07958403505464808, 0.0)",1
5412,15,12,13,"(0.0, 0.0, 0.11679612853536596, 0.06920069129515957, 0.09172770611919409, 0.07489992963210028, 0.0, 0.0, 0.2888328287090836, 0.0)",1
5413,15,12,13,"(0.0, 0.0, 0.10008982573197393, 0.06920069129515957, 0.09172770611919409, 0.07489992963210028, 0.0, 0.0, 0.08902248596305391, 0.0)",2
5414,15,12,13,"(0.0, 0.0, 0.11679612853536596, 0.06920069129515957, 0.13172926312868788, 0.07489992963210028, 0.0, 0.0, 0.14899621190854193, 0.0)",1
5415,15,13,8,"(0.09369258606422372, 0.0, 0.08950620996642342, 0.09247639241939104, 0.075910936558931, 0.0, 0.06826344941350267, 0.0, 0.0, 0.0)",2
5416,15,13,8,"(0.09369258606422372, 0.0, 0.08950620996642342, 0.09436250602850436, 0.09173902283359818, 0.0, 0.06826344941350267, 0.0, 0.0, 0.0)",3
5417,15,13,8,"(0.09369258606422372, 0.0, 0.09886232529533268, 0.09247639241939104, 0.09173902283359818, 0.0, 0.04357037093627773, 0.0, 0.0, 0.0)",135
5418,15,13,8,"(0.09369258606422372, 0.0, 0.07607876227257973, 0.04780223215901953, 0.09173902283359818, 0.0, 0.04357037093627773, 0.0, 0.0, 0.0)",1
5419,15,13,8,"(0.04204860748900152, 0.0, 0.09886232529533268, 0.09247639241939104, 0.09173902283359818, 0.0, 0.04357037093627773, 0.0, 0.0, 0.0)",1
5420,15,13,8,"(0.09369258606422372, 0.0, 0.08950620996642342, 0.06903751179187478, 0.09173902283359818, 0.0, 0.06826344941350267, 0.0, 0.0, 0.0)",4
5421,15,13,8,"(0.09369258606422372, 0.0, 0.08950620996642342, 0.09247639241939104, 0.09173902283359818, 0.0, 0.06826344941350267, 0.0, 0.0, 0.0)",177
5422,15,13,11,"(0.09033430006888621, 0.14970886995698662, 0.0, 0.0, 0.0, 0.04688669779969397, 0.0, 0.06004779990108545, 0.0, 0.01812760691895582)",1
5423,15,13,11,"(0.09033430006888621, 0.14065819974555505, 0.0, 0.0, 0.0, 0.05459417809384602, 0.0, 0.08279881135943302, 0.0, 0.01812760691895582)",1
5424,15,13,11,"(0.09033430006888621, 0.1188238474835197, 0.0, 0.0, 0.0, 0.037710681146555625, 0.0, 0.08279881135943302, 0.0, 0.01812760691895582)",4
5425,15,13,11,"(0.09033430006888621, 0.14970886995698662, 0.0, 0.0, 0.0, 0.04688669779969397, 0.0, 0.0925806094189516, 0.0, 0.01812760691895582)",3
5426,15,13,11,"(0.16691462116735137, 0.15714867494056708, 0.0, 0.0, 0.0, 0.05158890427395339, 0.0, 0.08279881135943302, 0.0, 0.01812760691895582)",16
5427,15,13,11,"(0.09033430006888621, 0.14970886995698662, 0.0, 0.0, 0.0, 0.04688669779969397, 0.0, 0.08279881135943302, 0.0, 0.025698129616442338)",1
5428,15,13,11,"(0.09033430006888621, 0.14970886995698662, 0.0, 0.0, 0.0, 0.04688669779969397, 0.0, 0.08279881135943302, 0.0, 0.01812760691895582)",430
5429,15,13,13,"(0.0, 0.0, 0.08405533139441938, 0.06920069129515957, 0.09172770611919409, 0.07489992963210028, 0.0, 0.0, 0.14899621190854193, 0.0)",60
5430,15,13,13,"(0.0, 0.0, 0.11679612853536596, 0.06920069129515957, 0.09172770611919409, 0.07489992963210028, 0.0, 0.0, 0.14271060274469535, 0.0)",1
5431,15,13,13,"(0.0, 0.0, 0.11679612853536596, 0.07516077150732013, 0.09172770611919409, 0.06128585902749943, 0.0, 0.0, 0.14899621190854193, 0.0)",2
5432,15,13,13,"(0.0, 0.0, 0.11679612853536596, 0.06920069129515957, 0.09172770611919409, 0.07489992963210028, 0.0, 0.0, 0.14899621190854193, 0.0)",107
5433,15,13,13,"(0.0, 0.0, 0.08405533139441938, 0.06920069129515957, 0.06323996342700777, 0.07489992963210028, 0.0, 0.0, 0.14899621190854193, 0.0)",1
5434,15,14,8,"(0.09369258606422372, 0.0, 0.08950620996642342, 0.09247639241939104, 0.09173902283359818, 0.0, 0.06826344941350267, 0.0, 0.0, 0.0)",182
5435,15,14,8,"(0.09369258606422372, 0.0, 0.16601445935478895, 0.09247639241939104, 0.09173902283359818, 0.0, 0.04357037093627773, 0.0, 0.0, 0.0)",2
5436,15,14,8,"(0.09369258606422372, 0.0, 0.09886232529533268, 0.09247639241939104, 0.09173902283359818, 0.0, 0.061155281339546036, 0.0, 0.0, 0.0)",3
5437,15,14,8,"(0.09369258606422372, 0.0, 0.08288626114866185, 0.09247639241939104, 0.09173902283359818, 0.0, 0.04357037093627773, 0.0, 0.0, 0.0)",4
5438,15,14,8,"(0.09369258606422372, 0.0, 0.07856199234616976, 0.09247639241939104, 0.09173902283359818, 0.0, 0.04627740697277752, 0.0, 0.0, 0.0)",1
5439,15,14,8,"(0.09369258606422372, 0.0, 0.10575008750767144, 0.09247639241939104, 0.09173902283359818, 0.0, 0.06826344941350267, 0.0, 0.0, 0.0)",1
5440,15,14,8,"(0.11489533383436439, 0.0, 0.09886232529533268, 0.09247639241939104, 0.09173902283359818, 0.0, 0.04357037093627773, 0.0, 0.0, 0.0)",2
5441,15,14,8,"(0.09369258606422372, 0.0, 0.09886232529533268, 0.09247639241939104, 0.09173902283359818, 0.0, 0.04357037093627773, 0.0, 0.0, 0.0)",151
5442,15,14,11,"(0.09033430006888621, 0.2957403789468657, 0.0, 0.0, 0.0, 0.04688669779969397, 0.0, 0.08279881135943302, 0.0, 0.01812760691895582)",2
5443,15,14,11,"(0.09033430006888621, 0.14903252568293782, 0.0, 0.0, 0.0, 0.04688669779969397, 0.0, 0.08279881135943302, 0.0, 0.01812760691895582)",1
5444,15,14,11,"(0.09033430006888621, 0.14970886995698662, 0.0, 0.0, 0.0, 0.04688669779969397, 0.0, 0.08279881135943302, 0.0, 0.021333798037522885)",1
5445,15,14,11,"(0.09033430006888621, 0.09384886131121281, 0.0, 0.0, 0.0, 0.04602477988861923, 0.0, 0.08279881135943302, 0.0, 0.01812760691895582)",1
5446,15,14,11,"(0.09033430006888621, 0.14970886995698662, 0.0, 0.0, 0.0, 0.026870287216795494, 0.0, 0.08279881135943302, 0.0, 0.01812760691895582)",1
5447,15,14,11,"(0.09033430006888621, 0.14970886995698662, 0.0, 0.0, 0.0, 0.04688669779969397, 0.0, 0.08279881135943302, 0.0, 0.01812760691895582)",410
5448,15,14,11,"(0.09033430006888621, 0.1110483140992538, 0.0, 0.0, 0.0, 0.04688669779969397, 0.0, 0.08279881135943302, 0.0, 0.01812760691895582)",2
5449,15,14,11,"(0.09033430006888621, 0.09384886131121281, 0.0, 0.0, 0.0, 0.04688669779969397, 0.0, 0.08279881135943302, 0.0, 0.01812760691895582)",1
5450,15,14,11,"(0.09033430006888621, 0.15855148826680732, 0.0, 0.0, 0.0, 0.04688669779969397, 0.0, 0.08279881135943302, 0.0, 0.01812760691895582)",1
5451,15,14,13,"(0.0, 0.0, 0.11679612853536596, 0.06920069129515957, 0.09172770611919409, 0.07489992963210028, 0.0, 0.0, 0.14899621190854193, 0.0)",93
5452,15,14,13,"(0.0, 0.0, 0.08405533139441938, 0.06920069129515957, 0.09172770611919409, 0.07489992963210028, 0.0, 0.0, 0.14899621190854193, 0.0)",94
5453,15,15,8,"(0.09369258606422372, 0.0, 0.08950620996642342, 0.09247639241939104, 0.09173902283359818, 0.0, 0.06826344941350267, 0.0, 0.0, 0.0)",39
5454,15,15,8,"(0.09369258606422372, 0.0, 0.08950620996642342, 0.07774179402552603, 0.09173902283359818, 0.0, 0.06826344941350267, 0.0, 0.0, 0.0)",43
5455,15,15,8,"(0.06919843890405221, 0.0, 0.08950620996642342, 0.09247639241939104, 0.09173902283359818, 0.0, 0.06826344941350267, 0.0, 0.0, 0.0)",4
5456,15,15,8,"(0.09369258606422372, 0.0, 0.09886232529533268, 0.09247639241939104, 0.09173902283359818, 0.0, 0.04357037093627773, 0.0, 0.0, 0.0)",239
5457,15,15,8,"(0.09369258606422372, 0.0, 0.10243408358547627, 0.09247639241939104, 0.09173902283359818, 0.0, 0.06826344941350267, 0.0, 0.0, 0.0)",1
5458,15,15,8,"(0.10464674581726631, 0.0, 0.08950620996642342, 0.09247639241939104, 0.09173902283359818, 0.0, 0.06826344941350267, 0.0, 0.0, 0.0)",1
5459,15,15,11,"(0.09033430006888621, 0.14970886995698662, 0.0, 0.0, 0.0, 0.04688669779969397, 0.0, 0.05723091503527654, 0.0, 0.02447350887479542)",3
5460,15,15,11,"(0.09033430006888621, 0.14970886995698662, 0.0, 0.0, 0.0, 0.04688669779969397, 0.0, 0.08279881135943302, 0.0, 0.01812760691895582)",425
5461,15,15,11,"(0.09033430006888621, 0.14970886995698662, 0.0, 0.0, 0.0, 0.07709939957452501, 0.0, 0.08279881135943302, 0.0, 0.01812760691895582)",1
5462,15,15,11,"(0.11075628544478158, 0.14970886995698662, 0.0, 0.0, 0.0, 0.04688669779969397, 0.0, 0.08279881135943302, 0.0, 0.01812760691895582)",3
5463,15,15,11,"(0.09033430006888621, 0.14970886995698662, 0.0, 0.0, 0.0, 0.04688669779969397, 0.0, 0.050319786271560724, 0.0, 0.01812760691895582)",2
5464,15,15,11,"(0.09033430006888621, 0.14970886995698662, 0.0, 0.0, 0.0, 0.04688669779969397, 0.0, 0.08279881135943302, 0.0, 0.022140755718953777)",2
5465,15,15,11,"(0.09033430006888621, 0.15366037674284933, 0.0, 0.0, 0.0, 0.04688669779969397, 0.0, 0.08279881135943302, 0.0, 0.008574449153721462)",1
5466,15,15,11,"(0.09033430006888621, 0.2576006035836492, 0.0, 0.0, 0.0, 0.04688669779969397, 0.0, 0.08279881135943302, 0.0, 0.01812760691895582)",1
5467,15,15,11,"(0.09033430006888621, 0.14970886995698662, 0.0, 0.0, 0.0, 0.04688669779969397, 0.0, 0.03782331785969868, 0.0, 0.02447350887479542)",2
5468,15,15,11,"(0.09033430006888621, 0.14970886995698662, 0.0, 0.0, 0.0, 0.04688669779969397, 0.0, 0.04866565179097551, 0.0, 0.02447350887479542)",35
5469,15,15,11,"(0.09033430006888621, 0.14970886995698662, 0.0, 0.0, 0.0, 0.04688669779969397, 0.0, 0.05078812605801879, 0.0, 0.01812760691895582)",1
5470,15,15,13,"(0.0, 0.0, 0.11679612853536596, 0.06920069129515957, 0.09172770611919409, 0.041804476959752354, 0.0, 0.0, 0.14899621190854193, 0.0)",13
5471,15,15,13,"(0.0, 0.0, 0.11679612853536596, 0.06920069129515957, 0.09172770611919409, 0.07489992963210028, 0.0, 0.0, 0.14899621190854193, 0.0)",117
5472,15,15,13,"(0.0, 0.0, 0.11679612853536596, 0.06920069129515957, 0.09172770611919409, 0.07341275527544822, 0.0, 0.0, 0.14899621190854193, 0.0)",28
5473,15,15,13,"(0.0, 0.0, 0.11679612853536596, 0.035683388086225405, 0.09172770611919409, 0.07489992963210028, 0.0, 0.0, 0.14899621190854193, 0.0)",1
5474,15,16,8,"(0.09369258606422372, 0.0, 0.09886232529533268, 0.10701298456010191, 0.09173902283359818, 0.0, 0.04357037093627773, 0.0, 0.0, 0.0)",1
5475,15,16,8,"(0.09369258606422372, 0.0, 0.09886232529533268, 0.08016660463694313, 0.09173902283359818, 0.0, 0.035192985279388814, 0.0, 0.0, 0.0)",2
5476,15,16,8,"(0.09369258606422372, 0.0, 0.08950620996642342, 0.07774179402552603, 0.09173902283359818, 0.0, 0.06826344941350267, 0.0, 0.0, 0.0)",53
5477,15,16,8,"(0.09369258606422372, 0.0, 0.07923185753640336, 0.09247639241939104, 0.09173902283359818, 0.0, 0.04357037093627773, 0.0, 0.0, 0.0)",3
5478,15,16,8,"(0.09369258606422372, 0.0, 0.09886232529533268, 0.09247639241939104, 0.09173902283359818, 0.0, 0.04357037093627773, 0.0, 0.0, 0.0)",241
5479,15,16,8,"(0.09369258606422372, 0.0, 0.08950620996642342, 0.09247639241939104, 0.09173902283359818, 0.0, 0.06826344941350267, 0.0, 0.0, 0.0)",25
5480,15,16,8,"(0.09369258606422372, 0.0, 0.09886232529533268, 0.09247639241939104, 0.09173902283359818, 0.0, 0.048216854891547936, 0.0, 0.0, 0.0)",24
5481,15,16,8,"(0.09369258606422372, 0.0, 0.15087846508564007, 0.09247639241939104, 0.09173902283359818, 0.0, 0.048216854891547936, 0.0, 0.0, 0.0)",2
5482,15,16,11,"(0.09033430006888621, 0.14970886995698662, 0.0, 0.0, 0.0, 0.04688669779969397, 0.0, 0.08279881135943302, 0.0, 0.01812760691895582)",369
5483,15,16,11,"(0.09033430006888621, 0.13492715633316657, 0.0, 0.0, 0.0, 0.037593657216449264, 0.0, 0.08279881135943302, 0.0, 0.01812760691895582)",2
5484,15,16,11,"(0.09033430006888621, 0.14970886995698662, 0.0, 0.0, 0.0, 0.0648499856862263, 0.0, 0.08279881135943302, 0.0, 0.01812760691895582)",2
5485,15,16,11,"(0.09033430006888621, 0.0919175583185249, 0.0, 0.0, 0.0, 0.04688669779969397, 0.0, 0.08279881135943302, 0.0, 0.01812760691895582)",3
5486,15,16,11,"(0.05844559656990494, 0.14970886995698662, 0.0, 0.0, 0.0, 0.12319391172264829, 0.0, 0.08279881135943302, 0.0, 0.01812760691895582)",1
5487,15,16,11,"(0.047311758575352185, 0.14970886995698662, 0.0, 0.0, 0.0, 0.04688669779969397, 0.0, 0.08279881135943302, 0.0, 0.01812760691895582)",1
5488,15,16,11,"(0.09033430006888621, 0.14970886995698662, 0.0, 0.0, 0.0, 0.04688669779969397, 0.0, 0.08279881135943302, 0.0, 0.014012810546801173)",2
5489,15,16,11,"(0.13817878949990867, 0.14970886995698662, 0.0, 0.0, 0.0, 0.04688669779969397, 0.0, 0.08279881135943302, 0.0, 0.015281768500331264)",2
5490,15,16,13,"(0.0, 0.0, 0.11679612853536596, 0.06920069129515957, 0.09172770611919409, 0.07489992963210028, 0.0, 0.0, 0.14899621190854193, 0.0)",163
5491,15,17,8,"(0.09369258606422372, 0.0, 0.09886232529533268, 0.09247639241939104, 0.13865405352050314, 0.0, 0.056230940813137925, 0.0, 0.0, 0.0)",32
5492,15,17,8,"(0.09369258606422372, 0.0, 0.08950620996642342, 0.09247639241939104, 0.09173902283359818, 0.0, 0.06826344941350267, 0.0, 0.0, 0.0)",61
5493,15,17,8,"(0.09369258606422372, 0.0, 0.09886232529533268, 0.09247639241939104, 0.07579831811707072, 0.0, 0.04357037093627773, 0.0, 0.0, 0.0)",1
5494,15,17,8,"(0.09369258606422372, 0.0, 0.09886232529533268, 0.17965549478288917, 0.15146815362621055, 0.0, 0.04357037093627773, 0.0, 0.0, 0.0)",4
5495,15,17,8,"(0.09369258606422372, 0.0, 0.09886232529533268, 0.09247639241939104, 0.09173902283359818, 0.0, 0.04357037093627773, 0.0, 0.0, 0.0)",185
5496,15,17,8,"(0.09369258606422372, 0.0, 0.08950620996642342, 0.07774179402552603, 0.09173902283359818, 0.0, 0.06826344941350267, 0.0, 0.0, 0.0)",8
5497,15,17,8,"(0.09369258606422372, 0.0, 0.09177159469053785, 0.09247639241939104, 0.09173902283359818, 0.0, 0.04357037093627773, 0.0, 0.0, 0.0)",7
5498,15,17,8,"(0.09369258606422372, 0.0, 0.03808464579471555, 0.09247639241939104, 0.09173902283359818, 0.0, 0.04357037093627773, 0.0, 0.0, 0.0)",1
5499,15,17,11,"(0.09033430006888621, 0.14970886995698662, 0.0, 0.0, 0.0, 0.04688669779969397, 0.0, 0.08279881135943302, 0.0, 0.01812760691895582)",411
5500,15,17,11,"(0.07312954868798748, 0.14970886995698662, 0.0, 0.0, 0.0, 0.04688669779969397, 0.0, 0.08279881135943302, 0.0, 0.012319406694158172)",1
5501,15,17,11,"(0.08714977247930095, 0.3133957351172792, 0.0, 0.0, 0.0, 0.04688669779969397, 0.0, 0.08279881135943302, 0.0, 0.0077193572906026015)",1
5502,15,17,11,"(0.17128114384692686, 0.14970886995698662, 0.0, 0.0, 0.0, 0.04688669779969397, 0.0, 0.033661767828892804, 0.0, 0.01812760691895582)",1
5503,15,17,11,"(0.09858010083035677, 0.14970886995698662, 0.0, 0.0, 0.0, 0.04688669779969397, 0.0, 0.08279881135943302, 0.0, 0.01812760691895582)",1
5504,15,17,11,"(0.09033430006888621, 0.102607468288249, 0.0, 0.0, 0.0, 0.04688669779969397, 0.0, 0.08279881135943302, 0.0, 0.01812760691895582)",1
5505,15,17,11,"(0.08714977247930095, 0.14970886995698662, 0.0, 0.0, 0.0, 0.04688669779969397, 0.0, 0.08279881135943302, 0.0, 0.012319406694158172)",87
5506,15,17,11,"(0.09033430006888621, 0.14970886995698662, 0.0, 0.0, 0.0, 0.04688669779969397, 0.0, 0.07602686803398193, 0.0, 0.01812760691895582)",1
5507,15,17,11,"(0.09033430006888621, 0.14970886995698662, 0.0, 0.0, 0.0, 0.04688669779969397, 0.0, 0.08279881135943302, 0.0, 0.0184236875052082)",1
5508,15,17,11,"(0.08714977247930095, 0.20724599140332448, 0.0, 0.0, 0.0, 0.04688669779969397, 0.0, 0.08279881135943302, 0.0, 0.012319406694158172)",4
5509,15,17,13,"(0.0, 0.0, 0.11679612853536596, 0.06920069129515957, 0.09172770611919409, 0.07489992963210028, 0.0, 0.0, 0.14899621190854193, 0.0)",172
5510,15,17,13,"(0.0, 0.0, 0.11679612853536596, 0.06920069129515957, 0.09172770611919409, 0.20225634280353932, 0.0, 0.0, 0.17531321787554616, 0.0)",1
5511,15,17,13,"(0.0, 0.0, 0.11679612853536596, 0.06920069129515957, 0.09172770611919409, 0.04930091833369372, 0.0, 0.0, 0.14899621190854193, 0.0)",1
5512,15,17,13,"(0.0, 0.0, 0.12950953310882807, 0.06920069129515957, 0.09172770611919409, 0.07489992963210028, 0.0, 0.0, 0.14899621190854193, 0.0)",1
5513,15,18,8,"(0.09369258606422372, 0.0, 0.14943829929290123, 0.09247639241939104, 0.09173902283359818, 0.0, 0.025741077524336246, 0.0, 0.0, 0.0)",13
5514,15,18,8,"(0.09369258606422372, 0.0, 0.05683503448133607, 0.09247639241939104, 0.09173902283359818, 0.0, 0.06826344941350267, 0.0, 0.0, 0.0)",1
5515,15,18,8,"(0.09369258606422372, 0.0, 0.08950620996642342, 0.057265323231491694, 0.09173902283359818, 0.0, 0.06826344941350267, 0.0, 0.0, 0.0)",1
5516,15,18,8,"(0.09369258606422372, 0.0, 0.11367638198142369, 0.09247639241939104, 0.09173902283359818, 0.0, 0.06826344941350267, 0.0, 0.0, 0.0)",1
5517,15,18,8,"(0.09369258606422372, 0.0, 0.06204228518697031, 0.0969241663272023, 0.09173902283359818, 0.0, 0.06826344941350267, 0.0, 0.0, 0.0)",1
5518,15,18,8,"(0.09369258606422372, 0.0, 0.09886232529533268, 0.09247639241939104, 0.09173902283359818, 0.0, 0.04357037093627773, 0.0, 0.0, 0.0)",55
5519,15,18,8,"(0.09816024179479496, 0.0, 0.09886232529533268, 0.09247639241939104, 0.09173902283359818, 0.0, 0.046369610377159746, 0.0, 0.0, 0.0)",2
5520,15,18,8,"(0.09369258606422372, 0.0, 0.08950620996642342, 0.09247639241939104, 0.09173902283359818, 0.0, 0.06826344941350267, 0.0, 0.0, 0.0)",242
5521,15,18,8,"(0.07637250609534027, 0.0, 0.08950620996642342, 0.09247639241939104, 0.09173902283359818, 0.0, 0.06826344941350267, 0.0, 0.0, 0.0)",2
5522,15,18,11,"(0.09471271089249127, 0.14970886995698662, 0.0, 0.0, 0.0, 0.04688669779969397, 0.0, 0.1821252398885632, 0.0, 0.01812760691895582)",1
5523,15,18,11,"(0.09033430006888621, 0.14970886995698662, 0.0, 0.0, 0.0, 0.04688669779969397, 0.0, 0.07891639485217901, 0.0, 0.01812760691895582)",1
5524,15,18,11,"(0.09112590525999531, 0.14970886995698662, 0.0, 0.0, 0.0, 0.08896641224267827, 0.0, 0.11940458592184798, 0.0, 0.01812760691895582)",3
5525,15,18,11,"(0.09112590525999531, 0.14970886995698662, 0.0, 0.0, 0.0, 0.03450204335021799, 0.0, 0.08279881135943302, 0.0, 0.01812760691895582)",2
5526,15,18,11,"(0.09033430006888621, 0.14970886995698662, 0.0, 0.0, 0.0, 0.04688669779969397, 0.0, 0.11261806303075408, 0.0, 0.01812760691895582)",6
5527,15,18,11,"(0.09033430006888621, 0.14970886995698662, 0.0, 0.0, 0.0, 0.04688669779969397, 0.0, 0.046176876769364515, 0.0, 0.01812760691895582)",23
5528,15,18,11,"(0.09033430006888621, 0.14970886995698662, 0.0, 0.0, 0.0, 0.04688669779969397, 0.0, 0.08279881135943302, 0.0, 0.01812760691895582)",383
5529,15,18,11,"(0.09033430006888621, 0.14970886995698662, 0.0, 0.0, 0.0, 0.04688669779969397, 0.0, 0.046176876769364515, 0.0, 0.02596267883267502)",23
5530,15,18,11,"(0.09033430006888621, 0.14970886995698662, 0.0, 0.0, 0.0, 0.04688669779969397, 0.0, 0.08279881135943302, 0.0, 0.013537609150220991)",5
5531,15,18,11,"(0.09033430006888621, 0.08363181183769677, 0.0, 0.0, 0.0, 0.04688669779969397, 0.0, 0.08279881135943302, 0.0, 0.01812760691895582)",3
5532,15,18,11,"(0.06401305827115651, 0.14970886995698662, 0.0, 0.0, 0.0, 0.04688669779969397, 0.0, 0.08279881135943302, 0.0, 0.014677166335444788)",6
5533,15,18,11,"(0.09713997955136387, 0.14970886995698662, 0.0, 0.0, 0.0, 0.04688669779969397, 0.0, 0.08279881135943302, 0.0, 0.01812760691895582)",1
5534,15,18,11,"(0.09033430006888621, 0.14970886995698662, 0.0, 0.0, 0.0, 0.04688669779969397, 0.0, 0.08279881135943302, 0.0, 0.0207919756742779)",11
5535,15,18,11,"(0.09112590525999531, 0.14970886995698662, 0.0, 0.0, 0.0, 0.04688669779969397, 0.0, 0.08279881135943302, 0.0, 0.01812760691895582)",77
5536,15,18,13,"(0.0, 0.0, 0.12146400106014038, 0.06920069129515957, 0.09172770611919409, 0.09574862205338504, 0.0, 0.0, 0.14899621190854193, 0.0)",1
5537,15,18,13,"(0.0, 0.0, 0.11679612853536596, 0.03869414980430595, 0.09172770611919409, 0.07489992963210028, 0.0, 0.0, 0.14899621190854193, 0.0)",3
5538,15,18,13,"(0.0, 0.0, 0.11679612853536596, 0.06920069129515957, 0.09172770611919409, 0.07489992963210028, 0.0, 0.0, 0.14899621190854193, 0.0)",158
5539,15,18,13,"(0.0, 0.0, 0.11679612853536596, 0.06920069129515957, 0.09172770611919409, 0.07489992963210028, 0.0, 0.0, 0.2724639756416313, 0.0)",2
5540,15,18,13,"(0.0, 0.0, 0.11679612853536596, 0.06920069129515957, 0.09172770611919409, 0.05734473498846977, 0.0, 0.0, 0.14899621190854193, 0.0)",1
5541,15,19,8,"(0.09369258606422372, 0.0, 0.07804649907747578, 0.09247639241939104, 0.09173902283359818, 0.0, 0.04357037093627773, 0.0, 0.0, 0.0)",2
5542,15,19,8,"(0.09369258606422372, 0.0, 0.10815031584469734, 0.09247639241939104, 0.09173902283359818, 0.0, 0.06826344941350267, 0.0, 0.0, 0.0)",2
5543,15,19,8,"(0.09369258606422372, 0.0, 0.08950620996642342, 0.09247639241939104, 0.29007821264333433, 0.0, 0.06826344941350267, 0.0, 0.0, 0.0)",1
5544,15,19,8,"(0.09369258606422372, 0.0, 0.09886232529533268, 0.09247639241939104, 0.09173902283359818, 0.0, 0.05856502545747295, 0.0, 0.0, 0.0)",3
5545,15,19,8,"(0.09369258606422372, 0.0, 0.08950620996642342, 0.09247639241939104, 0.09173902283359818, 0.0, 0.06826344941350267, 0.0, 0.0, 0.0)",160
5546,15,19,8,"(0.09369258606422372, 0.0, 0.09886232529533268, 0.09247639241939104, 0.09173902283359818, 0.0, 0.04357037093627773, 0.0, 0.0, 0.0)",163
5547,15,19,8,"(0.09369258606422372, 0.0, 0.09886232529533268, 0.09247639241939104, 0.06478880677891233, 0.0, 0.02870770887447401, 0.0, 0.0, 0.0)",29
5548,15,19,8,"(0.09369258606422372, 0.0, 0.08950620996642342, 0.07147856101960033, 0.09173902283359818, 0.0, 0.06826344941350267, 0.0, 0.0, 0.0)",23
5549,15,19,11,"(0.09033430006888621, 0.3375800387566431, 0.0, 0.0, 0.0, 0.04688669779969397, 0.0, 0.08279881135943302, 0.0, 0.01812760691895582)",4
5550,15,19,11,"(0.09033430006888621, 0.14970886995698662, 0.0, 0.0, 0.0, 0.04688669779969397, 0.0, 0.08279881135943302, 0.0, 0.03201973920441424)",28
5551,15,19,11,"(0.09033430006888621, 0.14970886995698662, 0.0, 0.0, 0.0, 0.04688669779969397, 0.0, 0.08279881135943302, 0.0, 0.01812760691895582)",238
5552,15,19,11,"(0.09033430006888621, 0.14970886995698662, 0.0, 0.0, 0.0, 0.04688669779969397, 0.0, 0.10606183274217919, 0.0, 0.01812760691895582)",1
5553,15,19,11,"(0.09033430006888621, 0.14970886995698662, 0.0, 0.0, 0.0, 0.04688669779969397, 0.0, 0.046176876769364515, 0.0, 0.02596267883267502)",12
5554,15,19,11,"(0.09112590525999531, 0.14970886995698662, 0.0, 0.0, 0.0, 0.04688669779969397, 0.0, 0.08279881135943302, 0.0, 0.01812760691895582)",49
5555,15,19,13,"(0.0, 0.0, 0.12611972696028112, 0.05680545693147552, 0.05396278104863122, 0.07119053251635277, 0.0, 0.0, 0.14899621190854193, 0.0)",2
5556,15,19,13,"(0.0, 0.0, 0.11679612853536596, 0.06920069129515957, 0.09172770611919409, 0.07489992963210028, 0.0, 0.0, 0.14899621190854193, 0.0)",165
5557,15,20,8,"(0.09369258606422372, 0.0, 0.08950620996642342, 0.07147856101960033, 0.09173902283359818, 0.0, 0.06826344941350267, 0.0, 0.0, 0.0)",19
5558,15,20,8,"(0.09369258606422372, 0.0, 0.08950620996642342, 0.09247639241939104, 0.09173902283359818, 0.0, 0.06963204758012022, 0.0, 0.0, 0.0)",6
5559,15,20,8,"(0.09369258606422372, 0.0, 0.08950620996642342, 0.09247639241939104, 0.09173902283359818, 0.0, 0.09345236554406751, 0.0, 0.0, 0.0)",1
5560,15,20,8,"(0.09369258606422372, 0.0, 0.09886232529533268, 0.09247639241939104, 0.09173902283359818, 0.0, 0.04357037093627773, 0.0, 0.0, 0.0)",184
5561,15,20,8,"(0.09369258606422372, 0.0, 0.09886232529533268, 0.09247639241939104, 0.06478880677891233, 0.0, 0.02870770887447401, 0.0, 0.0, 0.0)",15
5562,15,20,8,"(0.09369258606422372, 0.0, 0.17129194931651304, 0.09247639241939104, 0.09173902283359818, 0.0, 0.04357037093627773, 0.0, 0.0, 0.0)",1
5563,15,20,8,"(0.09369258606422372, 0.0, 0.08950620996642342, 0.09247639241939104, 0.09173902283359818, 0.0, 0.06826344941350267, 0.0, 0.0, 0.0)",109
5564,15,20,8,"(0.09369258606422372, 0.0, 0.08950620996642342, 0.09247639241939104, 0.09173902283359818, 0.0, 0.04702159926204486, 0.0, 0.0, 0.0)",1
5565,15,20,8,"(0.09369258606422372, 0.0, 0.09886232529533268, 0.09247639241939104, 0.0598964643849223, 0.0, 0.04357037093627773, 0.0, 0.0, 0.0)",1
5566,15,20,8,"(0.04922577266915293, 0.0, 0.09886232529533268, 0.11482548420113035, 0.07770212327234702, 0.0, 0.04357037093627773, 0.0, 0.0, 0.0)",1
5567,15,20,11,"(0.09112590525999531, 0.14970886995698662, 0.0, 0.0, 0.0, 0.04688669779969397, 0.0, 0.08279881135943302, 0.0, 0.01812760691895582)",10
5568,15,20,11,"(0.09033430006888621, 0.14970886995698662, 0.0, 0.0, 0.0, 0.04688669779969397, 0.0, 0.08279881135943302, 0.0, 0.011771258770322722)",2
5569,15,20,11,"(0.09033430006888621, 0.14970886995698662, 0.0, 0.0, 0.0, 0.04688669779969397, 0.0, 0.08279881135943302, 0.0, 0.012003823973494443)",1
5570,15,20,11,"(0.09033430006888621, 0.14970886995698662, 0.0, 0.0, 0.0, 0.04688669779969397, 0.0, 0.046176876769364515, 0.0, 0.01812760691895582)",17
5571,15,20,11,"(0.09033430006888621, 0.18125407579270572, 0.0, 0.0, 0.0, 0.04688669779969397, 0.0, 0.08279881135943302, 0.0, 0.03363564011593617)",19
5572,15,20,11,"(0.09033430006888621, 0.14970886995698662, 0.0, 0.0, 0.0, 0.04688669779969397, 0.0, 0.08279881135943302, 0.0, 0.01812760691895582)",370
5573,15,20,11,"(0.08457462358868839, 0.14970886995698662, 0.0, 0.0, 0.0, 0.04688669779969397, 0.0, 0.08279881135943302, 0.0, 0.01812760691895582)",3
5574,15,20,11,"(0.09033430006888621, 0.14970886995698662, 0.0, 0.0, 0.0, 0.027128642804417034, 0.0, 0.08279881135943302, 0.0, 0.03523133496243451)",1
5575,15,20,11,"(0.09033430006888621, 0.14970886995698662, 0.0, 0.0, 0.0, 0.04688669779969397, 0.0, 0.08279881135943302, 0.0, 0.0207919756742779)",2
5576,15,20,13,"(0.0, 0.0, 0.11679612853536596, 0.06920069129515957, 0.09172770611919409, 0.07489992963210028, 0.0, 0.0, 0.14899621190854193, 0.0)",171
5577,15,20,13,"(0.0, 0.0, 0.11679612853536596, 0.0807566531855496, 0.09172770611919409, 0.07489992963210028, 0.0, 0.0, 0.14899621190854193, 0.0)",2
5578,16,0,8,"(0.09975965931684405, 0.0, 0.09886232529533268, 0.09247639241939104, 0.09173902283359818, 0.0, 0.04357037093627773, 0.0, 0.0, 0.0)",4
5579,16,0,8,"(0.09369258606422372, 0.0, 0.08950620996642342, 0.09247639241939104, 0.09173902283359818, 0.0, 0.10378833596489663, 0.0, 0.0, 0.0)",1
5580,16,0,8,"(0.09369258606422372, 0.0, 0.14383014775058375, 0.10376623387004257, 0.09173902283359818, 0.0, 0.0890796009934351, 0.0, 0.0, 0.0)",1
5581,16,0,8,"(0.09369258606422372, 0.0, 0.08950620996642342, 0.09247639241939104, 0.07534350722245922, 0.0, 0.06826344941350267, 0.0, 0.0, 0.0)",1
5582,16,0,8,"(0.09369258606422372, 0.0, 0.08141789659783502, 0.09247639241939104, 0.09173902283359818, 0.0, 0.06826344941350267, 0.0, 0.0, 0.0)",7
5583,16,0,8,"(0.09369258606422372, 0.0, 0.04435519314004126, 0.09247639241939104, 0.09173902283359818, 0.0, 0.06826344941350267, 0.0, 0.0, 0.0)",2
5584,16,0,8,"(0.09369258606422372, 0.0, 0.08950620996642342, 0.09247639241939104, 0.09173902283359818, 0.0, 0.06826344941350267, 0.0, 0.0, 0.0)",142
5585,16,0,8,"(0.09369258606422372, 0.0, 0.09886232529533268, 0.09247639241939104, 0.09173902283359818, 0.0, 0.04357037093627773, 0.0, 0.0, 0.0)",129
5586,16,0,11,"(0.09033430006888621, 0.21007529828799454, 0.0, 0.0, 0.0, 0.04688669779969397, 0.0, 0.14254092415298406, 0.0, 0.017900501700117408)",1
5587,16,0,11,"(0.1341010131140187, 0.14970886995698662, 0.0, 0.0, 0.0, 0.10355882921758428, 0.0, 0.08279881135943302, 0.0, 0.01812760691895582)",1
5588,16,0,11,"(0.09033430006888621, 0.17840230537447518, 0.0, 0.0, 0.0, 0.04688669779969397, 0.0, 0.08279881135943302, 0.0, 0.01812760691895582)",9
5589,16,0,11,"(0.09033430006888621, 0.37056129500134677, 0.0, 0.0, 0.0, 0.04688669779969397, 0.0, 0.08279881135943302, 0.0, 0.01812760691895582)",2
5590,16,0,11,"(0.09033430006888621, 0.23291117944794318, 0.0, 0.0, 0.0, 0.04542777955819602, 0.0, 0.08279881135943302, 0.0, 0.01812760691895582)",1
5591,16,0,11,"(0.09033430006888621, 0.14970886995698662, 0.0, 0.0, 0.0, 0.04688669779969397, 0.0, 0.08279881135943302, 0.0, 0.016236134226350316)",1
5592,16,0,11,"(0.09033430006888621, 0.1930205941351385, 0.0, 0.0, 0.0, 0.04688669779969397, 0.0, 0.0577204562413664, 0.0, 0.021327954364440085)",1
5593,16,0,11,"(0.09033430006888621, 0.14970886995698662, 0.0, 0.0, 0.0, 0.04688669779969397, 0.0, 0.032982099715770735, 0.0, 0.01812760691895582)",7
5594,16,0,11,"(0.09033430006888621, 0.14970886995698662, 0.0, 0.0, 0.0, 0.04688669779969397, 0.0, 0.08279881135943302, 0.0, 0.01812760691895582)",477
5595,16,0,11,"(0.09033430006888621, 0.14970886995698662, 0.0, 0.0, 0.0, 0.04688669779969397, 0.0, 0.059816737950825975, 0.0, 0.01812760691895582)",1
5596,16,0,11,"(0.09033430006888621, 0.15191096994383138, 0.0, 0.0, 0.0, 0.04688669779969397, 0.0, 0.08279881135943302, 0.0, 0.025392902396591078)",1
5597,16,0,11,"(0.09033430006888621, 0.14970886995698662, 0.0, 0.0, 0.0, 0.031769390084198934, 0.0, 0.08279881135943302, 0.0, 0.01812760691895582)",1
5598,16,0,11,"(0.09033430006888621, 0.14970886995698662, 0.0, 0.0, 0.0, 0.04688669779969397, 0.0, 0.15031062242601648, 0.0, 0.01812760691895582)",1
5599,16,0,11,"(0.09033430006888621, 0.14970886995698662, 0.0, 0.0, 0.0, 0.07020691069482743, 0.0, 0.08279881135943302, 0.0, 0.01812760691895582)",1
5600,16,0,11,"(0.09033430006888621, 0.14970886995698662, 0.0, 0.0, 0.0, 0.04688669779969397, 0.0, 0.04929193621817428, 0.0, 0.01812760691895582)",2
5601,16,0,13,"(0.0, 0.0, 0.11679612853536596, 0.07298360319914426, 0.09172770611919409, 0.07489992963210028, 0.0, 0.0, 0.14899621190854193, 0.0)",1
5602,16,0,13,"(0.0, 0.0, 0.11679612853536596, 0.06920069129515957, 0.09172770611919409, 0.07489992963210028, 0.0, 0.0, 0.12394511405659549, 0.0)",1
5603,16,0,13,"(0.0, 0.0, 0.11679612853536596, 0.06920069129515957, 0.09172770611919409, 0.07489992963210028, 0.0, 0.0, 0.08999285296149094, 0.0)",1
5604,16,0,13,"(0.0, 0.0, 0.11679612853536596, 0.06920069129515957, 0.09172770611919409, 0.07489992963210028, 0.0, 0.0, 0.14899621190854193, 0.0)",178
5605,16,1,8,"(0.1342327939628309, 0.0, 0.08950620996642342, 0.09247639241939104, 0.09173902283359818, 0.0, 0.06826344941350267, 0.0, 0.0, 0.0)",1
5606,16,1,8,"(0.09369258606422372, 0.0, 0.09447622482912725, 0.09247639241939104, 0.10111273505143965, 0.0, 0.07095156376769822, 0.0, 0.0, 0.0)",28
5607,16,1,8,"(0.09369258606422372, 0.0, 0.08945951543340577, 0.1420115667185207, 0.06798432184017698, 0.0, 0.06826344941350267, 0.0, 0.0, 0.0)",3
5608,16,1,8,"(0.09369258606422372, 0.0, 0.08950620996642342, 0.07774179402552603, 0.09173902283359818, 0.0, 0.06826344941350267, 0.0, 0.0, 0.0)",36
5609,16,1,8,"(0.09369258606422372, 0.0, 0.08950620996642342, 0.05547519896525986, 0.09173902283359818, 0.0, 0.06826344941350267, 0.0, 0.0, 0.0)",7
5610,16,1,8,"(0.09369258606422372, 0.0, 0.05510346825088772, 0.1715266798605565, 0.09173902283359818, 0.0, 0.06826344941350267, 0.0, 0.0, 0.0)",6
5611,16,1,8,"(0.09369258606422372, 0.0, 0.08950620996642342, 0.09247639241939104, 0.09173902283359818, 0.0, 0.06826344941350267, 0.0, 0.0, 0.0)",165
5612,16,1,8,"(0.09092908758614192, 0.0, 0.08950620996642342, 0.07774179402552603, 0.09173902283359818, 0.0, 0.06826344941350267, 0.0, 0.0, 0.0)",1
5613,16,1,8,"(0.09369258606422372, 0.0, 0.08950620996642342, 0.09435520120324419, 0.09173902283359818, 0.0, 0.06826344941350267, 0.0, 0.0, 0.0)",3
5614,16,1,8,"(0.09369258606422372, 0.0, 0.09886232529533268, 0.09247639241939104, 0.09173902283359818, 0.0, 0.04357037093627773, 0.0, 0.0, 0.0)",30
5615,16,1,8,"(0.09369258606422372, 0.0, 0.0883910161830092, 0.07774179402552603, 0.09173902283359818, 0.0, 0.06826344941350267, 0.0, 0.0, 0.0)",1
5616,16,1,8,"(0.09369258606422372, 0.0, 0.08950620996642342, 0.09247639241939104, 0.09173902283359818, 0.0, 0.11679179280394929, 0.0, 0.0, 0.0)",1
5617,16,1,8,"(0.09369258606422372, 0.0, 0.09447622482912725, 0.0835908953653336, 0.10111273505143965, 0.0, 0.07095156376769822, 0.0, 0.0, 0.0)",1
5618,16,1,11,"(0.09033430006888621, 0.14970886995698662, 0.0, 0.0, 0.0, 0.04688669779969397, 0.0, 0.08279881135943302, 0.0, 0.01812760691895582)",421
5619,16,1,11,"(0.09033430006888621, 0.14970886995698662, 0.0, 0.0, 0.0, 0.04688669779969397, 0.0, 0.08279881135943302, 0.0, 0.017264547061905878)",1
5620,16,1,11,"(0.1417363976865056, 0.14970886995698662, 0.0, 0.0, 0.0, 0.04688669779969397, 0.0, 0.08279881135943302, 0.0, 0.01812760691895582)",1
5621,16,1,11,"(0.09033430006888621, 0.14264215629997043, 0.0, 0.0, 0.0, 0.04688669779969397, 0.0, 0.08279881135943302, 0.0, 0.01812760691895582)",2
5622,16,1,11,"(0.09033430006888621, 0.15705744395543725, 0.0, 0.0, 0.0, 0.04688669779969397, 0.0, 0.08279881135943302, 0.0, 0.01812760691895582)",1
5623,16,1,11,"(0.09033430006888621, 0.14970886995698662, 0.0, 0.0, 0.0, 0.05033439611578822, 0.0, 0.08279881135943302, 0.0, 0.01812760691895582)",2
5624,16,1,11,"(0.09033430006888621, 0.14970886995698662, 0.0, 0.0, 0.0, 0.05928999116586674, 0.0, 0.08279881135943302, 0.0, 0.025414988202622567)",1
5625,16,1,13,"(0.0, 0.0, 0.0888611056923959, 0.06920069129515957, 0.09172770611919409, 0.07489992963210028, 0.0, 0.0, 0.14899621190854193, 0.0)",11
5626,16,1,13,"(0.0, 0.0, 0.11679612853536596, 0.06920069129515957, 0.09172770611919409, 0.12254806674876663, 0.0, 0.0, 0.14899621190854193, 0.0)",4
5627,16,1,13,"(0.0, 0.0, 0.11679612853536596, 0.06920069129515957, 0.09172770611919409, 0.07489992963210028, 0.0, 0.0, 0.14899621190854193, 0.0)",174
5628,16,1,13,"(0.0, 0.0, 0.11679612853536596, 0.06215825027052805, 0.09172770611919409, 0.07489992963210028, 0.0, 0.0, 0.14899621190854193, 0.0)",7
5629,16,2,8,"(0.12173325649286228, 0.0, 0.08950620996642342, 0.11913290040808369, 0.09173902283359818, 0.0, 0.0876362402104496, 0.0, 0.0, 0.0)",1
5630,16,2,8,"(0.0780487546300456, 0.0, 0.09886232529533268, 0.09247639241939104, 0.09173902283359818, 0.0, 0.04357037093627773, 0.0, 0.0, 0.0)",3
5631,16,2,8,"(0.09369258606422372, 0.0, 0.10701833009849165, 0.09247639241939104, 0.09173902283359818, 0.0, 0.04357037093627773, 0.0, 0.0, 0.0)",6
5632,16,2,8,"(0.09369258606422372, 0.0, 0.09886232529533268, 0.09247639241939104, 0.09173902283359818, 0.0, 0.04357037093627773, 0.0, 0.0, 0.0)",128
5633,16,2,8,"(0.09369258606422372, 0.0, 0.08950620996642342, 0.07774179402552603, 0.09173902283359818, 0.0, 0.0876362402104496, 0.0, 0.0, 0.0)",3
5634,16,2,8,"(0.09369258606422372, 0.0, 0.08950620996642342, 0.09247639241939104, 0.09173902283359818, 0.0, 0.06826344941350267, 0.0, 0.0, 0.0)",100
5635,16,2,8,"(0.09369258606422372, 0.0, 0.09447622482912725, 0.09247639241939104, 0.10111273505143965, 0.0, 0.07095156376769822, 0.0, 0.0, 0.0)",8
5636,16,2,8,"(0.09369258606422372, 0.0, 0.08950620996642342, 0.0588497828831505, 0.09173902283359818, 0.0, 0.06826344941350267, 0.0, 0.0, 0.0)",1
5637,16,2,8,"(0.09369258606422372, 0.0, 0.08950620996642342, 0.07774179402552603, 0.09173902283359818, 0.0, 0.06826344941350267, 0.0, 0.0, 0.0)",71
5638,16,2,11,"(0.08170025940617336, 0.14970886995698662, 0.0, 0.0, 0.0, 0.04688669779969397, 0.0, 0.08279881135943302, 0.0, 0.016203231849186386)",1
5639,16,2,11,"(0.05560406652247292, 0.14970886995698662, 0.0, 0.0, 0.0, 0.04688669779969397, 0.0, 0.08279881135943302, 0.0, 0.01812760691895582)",1
5640,16,2,11,"(0.09033430006888621, 0.10415152212072075, 0.0, 0.0, 0.0, 0.04688669779969397, 0.0, 0.08279881135943302, 0.0, 0.01812760691895582)",8
5641,16,2,11,"(0.09086035809826175, 0.18021753368376509, 0.0, 0.0, 0.0, 0.023022670452544525, 0.0, 0.08279881135943302, 0.0, 0.01812760691895582)",2
5642,16,2,11,"(0.09033430006888621, 0.14970886995698662, 0.0, 0.0, 0.0, 0.04688669779969397, 0.0, 0.08006536997875241, 0.0, 0.01812760691895582)",1
5643,16,2,11,"(0.09033430006888621, 0.14970886995698662, 0.0, 0.0, 0.0, 0.04688669779969397, 0.0, 0.08279881135943302, 0.0, 0.014091505408281203)",1
5644,16,2,11,"(0.09033430006888621, 0.14970886995698662, 0.0, 0.0, 0.0, 0.04688669779969397, 0.0, 0.0825553706440036, 0.0, 0.01812760691895582)",1
5645,16,2,11,"(0.09033430006888621, 0.14970886995698662, 0.0, 0.0, 0.0, 0.04688669779969397, 0.0, 0.08279881135943302, 0.0, 0.027441378134441842)",1
5646,16,2,11,"(0.09033430006888621, 0.14970886995698662, 0.0, 0.0, 0.0, 0.04688669779969397, 0.0, 0.08279881135943302, 0.0, 0.014136422038998895)",1
5647,16,2,11,"(0.09086035809826175, 0.14970886995698662, 0.0, 0.0, 0.0, 0.04187303110227053, 0.0, 0.08279881135943302, 0.0, 0.01812760691895582)",16
5648,16,2,11,"(0.05309094630189287, 0.14970886995698662, 0.0, 0.0, 0.0, 0.04688669779969397, 0.0, 0.08279881135943302, 0.0, 0.01812760691895582)",1
5649,16,2,11,"(0.09033430006888621, 0.14970886995698662, 0.0, 0.0, 0.0, 0.04688669779969397, 0.0, 0.08279881135943302, 0.0, 0.01812760691895582)",408
5650,16,2,11,"(0.09033430006888621, 0.14970886995698662, 0.0, 0.0, 0.0, 0.04688669779969397, 0.0, 0.08279881135943302, 0.0, 0.015759510405545036)",9
5651,16,2,11,"(0.08279324881143604, 0.14970886995698662, 0.0, 0.0, 0.0, 0.04688669779969397, 0.0, 0.08279881135943302, 0.0, 0.01812760691895582)",1
5652,16,2,13,"(0.0, 0.0, 0.11679612853536596, 0.06920069129515957, 0.09172770611919409, 0.07489992963210028, 0.0, 0.0, 0.14899621190854193, 0.0)",163
5653,16,2,13,"(0.0, 0.0, 0.1778129783458607, 0.05806603288587038, 0.09172770611919409, 0.05531932201257308, 0.0, 0.0, 0.14899621190854193, 0.0)",1
5654,16,2,13,"(0.0, 0.0, 0.11679612853536596, 0.06920069129515957, 0.09172770611919409, 0.09130222772032319, 0.0, 0.0, 0.14899621190854193, 0.0)",3
5655,16,3,8,"(0.09369258606422372, 0.0, 0.08950620996642342, 0.1641403804811819, 0.09173902283359818, 0.0, 0.06826344941350267, 0.0, 0.0, 0.0)",6
5656,16,3,8,"(0.09369258606422372, 0.0, 0.1244418492044534, 0.09247639241939104, 0.09173902283359818, 0.0, 0.07148608924068732, 0.0, 0.0, 0.0)",1
5657,16,3,8,"(0.09369258606422372, 0.0, 0.14943829929290123, 0.09247639241939104, 0.09173902283359818, 0.0, 0.025741077524336246, 0.0, 0.0, 0.0)",11
5658,16,3,8,"(0.12913212002266425, 0.0, 0.08950620996642342, 0.06486730274242523, 0.09173902283359818, 0.0, 0.05676250996539468, 0.0, 0.0, 0.0)",1
5659,16,3,8,"(0.12913212002266425, 0.0, 0.08950620996642342, 0.09247639241939104, 0.09173902283359818, 0.0, 0.06826344941350267, 0.0, 0.0, 0.0)",4
5660,16,3,8,"(0.09369258606422372, 0.0, 0.09886232529533268, 0.09247639241939104, 0.09173902283359818, 0.0, 0.04357037093627773, 0.0, 0.0, 0.0)",31
5661,16,3,8,"(0.09369258606422372, 0.0, 0.10211665327954106, 0.09247639241939104, 0.09173902283359818, 0.0, 0.06826344941350267, 0.0, 0.0, 0.0)",10
5662,16,3,8,"(0.09369258606422372, 0.0, 0.08950620996642342, 0.09247639241939104, 0.09173902283359818, 0.0, 0.06826344941350267, 0.0, 0.0, 0.0)",295
5663,16,3,8,"(0.09369258606422372, 0.0, 0.08950620996642342, 0.09247639241939104, 0.14758759741244734, 0.0, 0.06826344941350267, 0.0, 0.0, 0.0)",1
5664,16,3,11,"(0.09033430006888621, 0.14970886995698662, 0.0, 0.0, 0.0, 0.04688669779969397, 0.0, 0.08279881135943302, 0.0, 0.01812760691895582)",265
5665,16,3,11,"(0.040142000501890714, 0.14970886995698662, 0.0, 0.0, 0.0, 0.04688669779969397, 0.0, 0.05962219850928218, 0.0, 0.01812760691895582)",1
5666,16,3,11,"(0.09033430006888621, 0.14970886995698662, 0.0, 0.0, 0.0, 0.09448258730699413, 0.0, 0.07671546073703255, 0.0, 0.01581008335832554)",4
5667,16,3,11,"(0.09033430006888621, 0.14970886995698662, 0.0, 0.0, 0.0, 0.04688669779969397, 0.0, 0.057662143248681824, 0.0, 0.022539649568224004)",1
5668,16,3,11,"(0.09033430006888621, 0.14970886995698662, 0.0, 0.0, 0.0, 0.04688669779969397, 0.0, 0.046176876769364515, 0.0, 0.01812760691895582)",16
5669,16,3,11,"(0.09033430006888621, 0.14970886995698662, 0.0, 0.0, 0.0, 0.04688669779969397, 0.0, 0.08279881135943302, 0.0, 0.0207919756742779)",2
5670,16,3,11,"(0.09033430006888621, 0.14970886995698662, 0.0, 0.0, 0.0, 0.04688669779969397, 0.0, 0.046176876769364515, 0.0, 0.02596267883267502)",35
5671,16,3,11,"(0.09033430006888621, 0.14970886995698662, 0.0, 0.0, 0.0, 0.04688669779969397, 0.0, 0.020404886162390095, 0.0, 0.016888931636678657)",1
5672,16,3,11,"(0.09112590525999531, 0.14970886995698662, 0.0, 0.0, 0.0, 0.04688669779969397, 0.0, 0.08279881135943302, 0.0, 0.01812760691895582)",33
5673,16,3,13,"(0.0, 0.0, 0.11679612853536596, 0.06920069129515957, 0.09172770611919409, 0.07489992963210028, 0.0, 0.0, 0.14899621190854193, 0.0)",167
5674,16,3,13,"(0.0, 0.0, 0.11679612853536596, 0.06920069129515957, 0.15325906147415244, 0.07489992963210028, 0.0, 0.0, 0.07613357145267348, 0.0)",1
5675,16,3,13,"(0.0, 0.0, 0.11679612853536596, 0.06920069129515957, 0.09172770611919409, 0.07489992963210028, 0.0, 0.0, 0.1701345518889307, 0.0)",20
5676,16,4,8,"(0.09369258606422372, 0.0, 0.08188854570338493, 0.09247639241939104, 0.11751361153365678, 0.0, 0.06826344941350267, 0.0, 0.0, 0.0)",1
5677,16,4,8,"(0.09369258606422372, 0.0, 0.08950620996642342, 0.09247639241939104, 0.05428775504013979, 0.0, 0.06826344941350267, 0.0, 0.0, 0.0)",1
5678,16,4,8,"(0.09369258606422372, 0.0, 0.08950620996642342, 0.09247639241939104, 0.09173902283359818, 0.0, 0.06826344941350267, 0.0, 0.0, 0.0)",246
5679,16,4,8,"(0.09369258606422372, 0.0, 0.09886232529533268, 0.09247639241939104, 0.09173902283359818, 0.0, 0.04357037093627773, 0.0, 0.0, 0.0)",86
5680,16,4,11,"(0.09033430006888621, 0.14970886995698662, 0.0, 0.0, 0.0, 0.04688669779969397, 0.0, 0.046176876769364515, 0.0, 0.01812760691895582)",59
5681,16,4,11,"(0.09033430006888621, 0.14970886995698662, 0.0, 0.0, 0.0, 0.04688669779969397, 0.0, 0.16640633022264573, 0.0, 0.0207919756742779)",1
5682,16,4,11,"(0.09033430006888621, 0.14970886995698662, 0.0, 0.0, 0.0, 0.04688669779969397, 0.0, 0.08279881135943302, 0.0, 0.0207919756742779)",25
5683,16,4,11,"(0.09112590525999531, 0.14970886995698662, 0.0, 0.0, 0.0, 0.04688669779969397, 0.0, 0.08279881135943302, 0.0, 0.01812760691895582)",3
5684,16,4,11,"(0.1053539467540936, 0.11957101787118714, 0.0, 0.0, 0.0, 0.04688669779969397, 0.0, 0.09222618278075238, 0.0, 0.01812760691895582)",3
5685,16,4,11,"(0.09033430006888621, 0.14970886995698662, 0.0, 0.0, 0.0, 0.05440100896935208, 0.0, 0.08279881135943302, 0.0, 0.01812760691895582)",2
5686,16,4,11,"(0.09033430006888621, 0.14970886995698662, 0.0, 0.0, 0.0, 0.04688669779969397, 0.0, 0.046176876769364515, 0.0, 0.02596267883267502)",16
5687,16,4,11,"(0.09033430006888621, 0.14970886995698662, 0.0, 0.0, 0.0, 0.027437482337819907, 0.0, 0.08279881135943302, 0.0, 0.01812760691895582)",1
5688,16,4,11,"(0.09033430006888621, 0.14970886995698662, 0.0, 0.0, 0.0, 0.04688669779969397, 0.0, 0.11892255242937352, 0.0, 0.01812760691895582)",4
5689,16,4,11,"(0.09033430006888621, 0.14970886995698662, 0.0, 0.0, 0.0, 0.04688669779969397, 0.0, 0.08279881135943302, 0.0, 0.021254695997494615)",1
5690,16,4,11,"(0.09033430006888621, 0.14970886995698662, 0.0, 0.0, 0.0, 0.04688669779969397, 0.0, 0.08279881135943302, 0.0, 0.01812760691895582)",297
5691,16,4,13,"(0.0, 0.0, 0.11679612853536596, 0.06920069129515957, 0.09172770611919409, 0.07489992963210028, 0.0, 0.0, 0.14899621190854193, 0.0)",164
5692,16,4,13,"(0.0, 0.0, 0.11679612853536596, 0.04813763053569966, 0.04041212688490791, 0.07489992963210028, 0.0, 0.0, 0.14899621190854193, 0.0)",1
5693,16,4,13,"(0.0, 0.0, 0.11679612853536596, 0.06920069129515957, 0.09172770611919409, 0.07489992963210028, 0.0, 0.0, 0.20238941981517772, 0.0)",2
5694,16,4,13,"(0.0, 0.0, 0.11679612853536596, 0.0352559080837235, 0.09172770611919409, 0.07489992963210028, 0.0, 0.0, 0.14899621190854193, 0.0)",1
5695,16,5,8,"(0.09369258606422372, 0.0, 0.09886232529533268, 0.09247639241939104, 0.09173902283359818, 0.0, 0.04357037093627773, 0.0, 0.0, 0.0)",192
5696,16,5,8,"(0.09369258606422372, 0.0, 0.08950620996642342, 0.09247639241939104, 0.09173902283359818, 0.0, 0.06826344941350267, 0.0, 0.0, 0.0)",144
5697,16,5,8,"(0.09369258606422372, 0.0, 0.08950620996642342, 0.10391210467885206, 0.09173902283359818, 0.0, 0.06826344941350267, 0.0, 0.0, 0.0)",2
5698,16,5,8,"(0.09369258606422372, 0.0, 0.09886232529533268, 0.09247639241939104, 0.09173902283359818, 0.0, 0.04424644879196277, 0.0, 0.0, 0.0)",1
5699,16,5,8,"(0.09369258606422372, 0.0, 0.061537299898846626, 0.09247639241939104, 0.09173902283359818, 0.0, 0.06826344941350267, 0.0, 0.0, 0.0)",1
5700,16,5,11,"(0.09033430006888621, 0.14970886995698662, 0.0, 0.0, 0.0, 0.03597582148727955, 0.0, 0.08279881135943302, 0.0, 0.01812760691895582)",5
5701,16,5,11,"(0.09033430006888621, 0.14970886995698662, 0.0, 0.0, 0.0, 0.04688669779969397, 0.0, 0.0897228582523235, 0.0, 0.01812760691895582)",2
5702,16,5,11,"(0.09033430006888621, 0.14970886995698662, 0.0, 0.0, 0.0, 0.04688669779969397, 0.0, 0.08279881135943302, 0.0, 0.0207919756742779)",1
5703,16,5,11,"(0.09033430006888621, 0.14970886995698662, 0.0, 0.0, 0.0, 0.038238766550126375, 0.0, 0.04004451481196608, 0.0, 0.01902098080631443)",16
5704,16,5,11,"(0.09033430006888621, 0.14970886995698662, 0.0, 0.0, 0.0, 0.027327795381586657, 0.0, 0.08279881135943302, 0.0, 0.01812760691895582)",4
5705,16,5,11,"(0.09033430006888621, 0.14970886995698662, 0.0, 0.0, 0.0, 0.04688669779969397, 0.0, 0.046176876769364515, 0.0, 0.02596267883267502)",28
5706,16,5,11,"(0.09033430006888621, 0.14970886995698662, 0.0, 0.0, 0.0, 0.09027413630812922, 0.0, 0.09063596714530073, 0.0, 0.01812760691895582)",2
5707,16,5,11,"(0.08794510130988438, 0.14970886995698662, 0.0, 0.0, 0.0, 0.04688669779969397, 0.0, 0.08279881135943302, 0.0, 0.01812760691895582)",18
5708,16,5,11,"(0.09033430006888621, 0.14970886995698662, 0.0, 0.0, 0.0, 0.04688669779969397, 0.0, 0.08279881135943302, 0.0, 0.01812760691895582)",323
5709,16,5,11,"(0.06494101849755349, 0.14970886995698662, 0.0, 0.0, 0.0, 0.05199192305309403, 0.0, 0.08279881135943302, 0.0, 0.01812760691895582)",1
5710,16,5,11,"(0.07443843558993458, 0.14970886995698662, 0.0, 0.0, 0.0, 0.04688669779969397, 0.0, 0.08279881135943302, 0.0, 0.01812760691895582)",1
5711,16,5,11,"(0.09112590525999531, 0.14970886995698662, 0.0, 0.0, 0.0, 0.04688669779969397, 0.0, 0.08279881135943302, 0.0, 0.01812760691895582)",78
5712,16,5,13,"(0.0, 0.0, 0.11679612853536596, 0.03869414980430595, 0.09172770611919409, 0.07489992963210028, 0.0, 0.0, 0.14899621190854193, 0.0)",43
5713,16,5,13,"(0.0, 0.0, 0.11679612853536596, 0.06920069129515957, 0.09172770611919409, 0.07489992963210028, 0.0, 0.0, 0.14899621190854193, 0.0)",136
5714,16,6,8,"(0.09369258606422372, 0.0, 0.12313450240077671, 0.09247639241939104, 0.13736113547337123, 0.0, 0.06826344941350267, 0.0, 0.0, 0.0)",1
5715,16,6,8,"(0.09369258606422372, 0.0, 0.08950620996642342, 0.09247639241939104, 0.07465200933978253, 0.0, 0.06826344941350267, 0.0, 0.0, 0.0)",215
5716,16,6,8,"(0.09369258606422372, 0.0, 0.08950620996642342, 0.09247639241939104, 0.07465200933978253, 0.0, 0.09169078865589723, 0.0, 0.0, 0.0)",1
5717,16,6,8,"(0.09369258606422372, 0.0, 0.08950620996642342, 0.09247639241939104, 0.09173902283359818, 0.0, 0.06826344941350267, 0.0, 0.0, 0.0)",110
5718,16,6,8,"(0.09369258606422372, 0.0, 0.08950620996642342, 0.19071614796215786, 0.07465200933978253, 0.0, 0.06826344941350267, 0.0, 0.0, 0.0)",1
5719,16,6,8,"(0.09369258606422372, 0.0, 0.08950620996642342, 0.09247639241939104, 0.10651361945156015, 0.0, 0.049262200673657185, 0.0, 0.0, 0.0)",2
5720,16,6,11,"(0.09033430006888621, 0.14970886995698662, 0.0, 0.0, 0.0, 0.04688669779969397, 0.0, 0.08279881135943302, 0.0, 0.01812760691895582)",351
5721,16,6,11,"(0.09033430006888621, 0.14970886995698662, 0.0, 0.0, 0.0, 0.05972178884471326, 0.0, 0.08279881135943302, 0.0, 0.01812760691895582)",1
5722,16,6,11,"(0.15458163208860967, 0.09854291965856882, 0.0, 0.0, 0.0, 0.04688669779969397, 0.0, 0.08279881135943302, 0.0, 0.01812760691895582)",1
5723,16,6,11,"(0.09033430006888621, 0.14970886995698662, 0.0, 0.0, 0.0, 0.04688669779969397, 0.0, 0.07638252836001563, 0.0, 0.023281314952460407)",1
5724,16,6,11,"(0.09033430006888621, 0.14970886995698662, 0.0, 0.0, 0.0, 0.046744986376175135, 0.0, 0.08279881135943302, 0.0, 0.011576642612324372)",2
5725,16,6,11,"(0.09033430006888621, 0.14970886995698662, 0.0, 0.0, 0.0, 0.06528146999772574, 0.0, 0.08279881135943302, 0.0, 0.01812760691895582)",15
5726,16,6,11,"(0.09033430006888621, 0.14322819035754403, 0.0, 0.0, 0.0, 0.04688669779969397, 0.0, 0.06518559195201543, 0.0, 0.01812760691895582)",1
5727,16,6,11,"(0.08310614408448229, 0.14970886995698662, 0.0, 0.0, 0.0, 0.04688669779969397, 0.0, 0.1107308309145369, 0.0, 0.01812760691895582)",2
5728,16,6,13,"(0.0, 0.0, 0.11679612853536596, 0.06920069129515957, 0.09172770611919409, 0.07489992963210028, 0.0, 0.0, 0.14899621190854193, 0.0)",204
5729,16,7,8,"(0.09369258606422372, 0.0, 0.08950620996642342, 0.09247639241939104, 0.12326180163300657, 0.0, 0.06826344941350267, 0.0, 0.0, 0.0)",1
5730,16,7,8,"(0.09369258606422372, 0.0, 0.08950620996642342, 0.09247639241939104, 0.02558733450521753, 0.0, 0.10134366879647047, 0.0, 0.0, 0.0)",1
5731,16,7,8,"(0.09369258606422372, 0.0, 0.08950620996642342, 0.09247639241939104, 0.09173902283359818, 0.0, 0.06826344941350267, 0.0, 0.0, 0.0)",288
5732,16,7,8,"(0.09369258606422372, 0.0, 0.08950620996642342, 0.09247639241939104, 0.07465200933978253, 0.0, 0.06826344941350267, 0.0, 0.0, 0.0)",22
5733,16,7,8,"(0.09369258606422372, 0.0, 0.13905670945545834, 0.09247639241939104, 0.09173902283359818, 0.0, 0.06826344941350267, 0.0, 0.0, 0.0)",1
5734,16,7,8,"(0.09369258606422372, 0.0, 0.07657441321468723, 0.07592124037594489, 0.09173902283359818, 0.0, 0.06826344941350267, 0.0, 0.0, 0.0)",1
5735,16,7,11,"(0.09033430006888621, 0.14970886995698662, 0.0, 0.0, 0.0, 0.04688669779969397, 0.0, 0.08279881135943302, 0.0, 0.01812760691895582)",428
5736,16,7,11,"(0.09033430006888621, 0.2920252311073432, 0.0, 0.0, 0.0, 0.04688669779969397, 0.0, 0.08279881135943302, 0.0, 0.01812760691895582)",2
5737,16,7,11,"(0.09033430006888621, 0.14970886995698662, 0.0, 0.0, 0.0, 0.06528146999772574, 0.0, 0.08279881135943302, 0.0, 0.01812760691895582)",3
5738,16,7,11,"(0.09033430006888621, 0.14970886995698662, 0.0, 0.0, 0.0, 0.037518219949071036, 0.0, 0.08279881135943302, 0.0, 0.01812760691895582)",3
5739,16,7,11,"(0.09033430006888621, 0.14970886995698662, 0.0, 0.0, 0.0, 0.04688669779969397, 0.0, 0.08279881135943302, 0.0, 0.026519862152158465)",1
5740,16,7,11,"(0.09033430006888621, 0.14970886995698662, 0.0, 0.0, 0.0, 0.04688669779969397, 0.0, 0.09184602976327266, 0.0, 0.01812760691895582)",2
5741,16,7,11,"(0.09033430006888621, 0.2428014014882411, 0.0, 0.0, 0.0, 0.02475173039972828, 0.0, 0.08279881135943302, 0.0, 0.01812760691895582)",2
5742,16,7,11,"(0.09033430006888621, 0.0723753865211061, 0.0, 0.0, 0.0, 0.04688669779969397, 0.0, 0.08279881135943302, 0.0, 0.013954673837317324)",3
5743,16,7,11,"(0.09033430006888621, 0.0723753865211061, 0.0, 0.0, 0.0, 0.04688669779969397, 0.0, 0.08279881135943302, 0.0, 0.015151020506173517)",1
5744,16,7,11,"(0.09033430006888621, 0.14970886995698662, 0.0, 0.0, 0.0, 0.05355862851023477, 0.0, 0.08279881135943302, 0.0, 0.01812760691895582)",1
5745,16,7,11,"(0.09033430006888621, 0.2428014014882411, 0.0, 0.0, 0.0, 0.050897670015272393, 0.0, 0.08279881135943302, 0.0, 0.01812760691895582)",17
5746,16,7,13,"(0.0, 0.0, 0.11679612853536596, 0.06920069129515957, 0.09172770611919409, 0.07489992963210028, 0.0, 0.0, 0.14899621190854193, 0.0)",172
5747,16,7,13,"(0.0, 0.0, 0.1698211488472131, 0.05118331303597242, 0.039830339138787516, 0.1310360580848988, 0.0, 0.0, 0.14899621190854193, 0.0)",3
5748,16,8,8,"(0.05148295759422774, 0.0, 0.08950620996642342, 0.07711350720597389, 0.09173902283359818, 0.0, 0.06826344941350267, 0.0, 0.0, 0.0)",1
5749,16,8,8,"(0.09369258606422372, 0.0, 0.08950620996642342, 0.09247639241939104, 0.09173902283359818, 0.0, 0.048207295252415905, 0.0, 0.0, 0.0)",3
5750,16,8,8,"(0.10159295113047342, 0.0, 0.08950620996642342, 0.09979884261201169, 0.09173902283359818, 0.0, 0.06826344941350267, 0.0, 0.0, 0.0)",5
5751,16,8,8,"(0.09369258606422372, 0.0, 0.08950620996642342, 0.09247639241939104, 0.07465200933978253, 0.0, 0.06826344941350267, 0.0, 0.0, 0.0)",82
5752,16,8,8,"(0.09369258606422372, 0.0, 0.08950620996642342, 0.09247639241939104, 0.09173902283359818, 0.0, 0.06826344941350267, 0.0, 0.0, 0.0)",249
5753,16,8,11,"(0.09033430006888621, 0.14970886995698662, 0.0, 0.0, 0.0, 0.04688669779969397, 0.0, 0.08279881135943302, 0.0, 0.01812760691895582)",427
5754,16,8,11,"(0.09033430006888621, 0.14970886995698662, 0.0, 0.0, 0.0, 0.04688669779969397, 0.0, 0.07337466835151728, 0.0, 0.014908387595426564)",1
5755,16,8,11,"(0.1155900151362845, 0.14970886995698662, 0.0, 0.0, 0.0, 0.04688669779969397, 0.0, 0.08279881135943302, 0.0, 0.01812760691895582)",1
5756,16,8,13,"(0.0, 0.0, 0.11679612853536596, 0.06920069129515957, 0.09172770611919409, 0.07489992963210028, 0.0, 0.0, 0.14899621190854193, 0.0)",172
5757,16,8,13,"(0.0, 0.0, 0.14881069888169093, 0.06920069129515957, 0.09172770611919409, 0.07489992963210028, 0.0, 0.0, 0.14899621190854193, 0.0)",3
5758,16,9,8,"(0.09369258606422372, 0.0, 0.08950620996642342, 0.09247639241939104, 0.09173902283359818, 0.0, 0.16297228532773417, 0.0, 0.0, 0.0)",2
5759,16,9,8,"(0.03906443243419099, 0.0, 0.08950620996642342, 0.06352019510931875, 0.10954624388774721, 0.0, 0.06826344941350267, 0.0, 0.0, 0.0)",3
5760,16,9,8,"(0.09369258606422372, 0.0, 0.08950620996642342, 0.09247639241939104, 0.09173902283359818, 0.0, 0.035109147327158356, 0.0, 0.0, 0.0)",27
5761,16,9,8,"(0.09369258606422372, 0.0, 0.08950620996642342, 0.0899196093710624, 0.07337493392746416, 0.0, 0.09589485136230677, 0.0, 0.0, 0.0)",3
5762,16,9,8,"(0.09369258606422372, 0.0, 0.09886232529533268, 0.09247639241939104, 0.09173902283359818, 0.0, 0.04357037093627773, 0.0, 0.0, 0.0)",99
5763,16,9,8,"(0.09369258606422372, 0.0, 0.08950620996642342, 0.09247639241939104, 0.09173902283359818, 0.0, 0.06826344941350267, 0.0, 0.0, 0.0)",156
5764,16,9,8,"(0.03906443243419099, 0.0, 0.08950620996642342, 0.09247639241939104, 0.09173902283359818, 0.0, 0.06826344941350267, 0.0, 0.0, 0.0)",19
5765,16,9,8,"(0.09369258606422372, 0.0, 0.08950620996642342, 0.133222378895559, 0.09173902283359818, 0.0, 0.035109147327158356, 0.0, 0.0, 0.0)",1
5766,16,9,8,"(0.09369258606422372, 0.0, 0.08950620996642342, 0.09877297974134892, 0.09173902283359818, 0.0, 0.06826344941350267, 0.0, 0.0, 0.0)",1
5767,16,9,8,"(0.09369258606422372, 0.0, 0.08807665465154173, 0.09247639241939104, 0.09173902283359818, 0.0, 0.03065023618670982, 0.0, 0.0, 0.0)",4
5768,16,9,8,"(0.09369258606422372, 0.0, 0.08950620996642342, 0.11450358318783123, 0.09173902283359818, 0.0, 0.06826344941350267, 0.0, 0.0, 0.0)",1
5769,16,9,8,"(0.09369258606422372, 0.0, 0.05504955703182133, 0.09247639241939104, 0.09173902283359818, 0.0, 0.02493567658338247, 0.0, 0.0, 0.0)",10
5770,16,9,11,"(0.10030226944013372, 0.14970886995698662, 0.0, 0.0, 0.0, 0.04688669779969397, 0.0, 0.08279881135943302, 0.0, 0.01812760691895582)",3
5771,16,9,11,"(0.09033430006888621, 0.19559111744088187, 0.0, 0.0, 0.0, 0.04688669779969397, 0.0, 0.08279881135943302, 0.0, 0.01812760691895582)",2
5772,16,9,11,"(0.09033430006888621, 0.18894593936952644, 0.0, 0.0, 0.0, 0.06528146999772574, 0.0, 0.08279881135943302, 0.0, 0.026633866285110365)",4
5773,16,9,11,"(0.09202813643251306, 0.14970886995698662, 0.0, 0.0, 0.0, 0.04688669779969397, 0.0, 0.08279881135943302, 0.0, 0.01812760691895582)",2
5774,16,9,11,"(0.09033430006888621, 0.14970886995698662, 0.0, 0.0, 0.0, 0.06528146999772574, 0.0, 0.08279881135943302, 0.0, 0.01812760691895582)",108
5775,16,9,11,"(0.09033430006888621, 0.14970886995698662, 0.0, 0.0, 0.0, 0.04688669779969397, 0.0, 0.08279881135943302, 0.0, 0.01812760691895582)",370
5776,16,9,13,"(0.0, 0.0, 0.14969840603555962, 0.06920069129515957, 0.09172770611919409, 0.07489992963210028, 0.0, 0.0, 0.14899621190854193, 0.0)",2
5777,16,9,13,"(0.0, 0.0, 0.15263751593566657, 0.06920069129515957, 0.09172770611919409, 0.07489992963210028, 0.0, 0.0, 0.14899621190854193, 0.0)",1
5778,16,9,13,"(0.0, 0.0, 0.11679612853536596, 0.06920069129515957, 0.09172770611919409, 0.07489992963210028, 0.0, 0.0, 0.14899621190854193, 0.0)",164
5779,16,10,8,"(0.09369258606422372, 0.0, 0.12197794317074843, 0.05158109683705826, 0.09173902283359818, 0.0, 0.06826344941350267, 0.0, 0.0, 0.0)",2
5780,16,10,8,"(0.09369258606422372, 0.0, 0.08950620996642342, 0.09247639241939104, 0.09173902283359818, 0.0, 0.06826344941350267, 0.0, 0.0, 0.0)",226
5781,16,10,8,"(0.09369258606422372, 0.0, 0.08950620996642342, 0.1119565090443458, 0.09173902283359818, 0.0, 0.06826344941350267, 0.0, 0.0, 0.0)",1
5782,16,10,8,"(0.09369258606422372, 0.0, 0.09886232529533268, 0.09247639241939104, 0.09173902283359818, 0.0, 0.04357037093627773, 0.0, 0.0, 0.0)",104
5783,16,10,8,"(0.09369258606422372, 0.0, 0.11254158895227427, 0.09247639241939104, 0.09173902283359818, 0.0, 0.06826344941350267, 0.0, 0.0, 0.0)",2
5784,16,10,8,"(0.09369258606422372, 0.0, 0.08950620996642342, 0.09247639241939104, 0.09173902283359818, 0.0, 0.05736662897671371, 0.0, 0.0, 0.0)",11
5785,16,10,11,"(0.14964814369811302, 0.14970886995698662, 0.0, 0.0, 0.0, 0.04688669779969397, 0.0, 0.08279881135943302, 0.0, 0.01812760691895582)",1
5786,16,10,11,"(0.09033430006888621, 0.14970886995698662, 0.0, 0.0, 0.0, 0.05778064594806449, 0.0, 0.08279881135943302, 0.0, 0.01812760691895582)",1
5787,16,10,11,"(0.09033430006888621, 0.14970886995698662, 0.0, 0.0, 0.0, 0.04688669779969397, 0.0, 0.08279881135943302, 0.0, 0.01812760691895582)",393
5788,16,10,11,"(0.09053805260530805, 0.14970886995698662, 0.0, 0.0, 0.0, 0.04688669779969397, 0.0, 0.08279881135943302, 0.0, 0.01812760691895582)",2
5789,16,10,11,"(0.09033430006888621, 0.1424158530353598, 0.0, 0.0, 0.0, 0.02123096145424667, 0.0, 0.08279881135943302, 0.0, 0.015644872140271833)",1
5790,16,10,11,"(0.09033430006888621, 0.14970886995698662, 0.0, 0.0, 0.0, 0.08447077264854856, 0.0, 0.08279881135943302, 0.0, 0.01812760691895582)",1
5791,16,10,11,"(0.09033430006888621, 0.11281824677453371, 0.0, 0.0, 0.0, 0.04688669779969397, 0.0, 0.06959061153542405, 0.0, 0.02032154025503863)",2
5792,16,10,13,"(0.0, 0.0, 0.11679612853536596, 0.06920069129515957, 0.09172770611919409, 0.07489992963210028, 0.0, 0.0, 0.14899621190854193, 0.0)",119
5793,16,10,13,"(0.0, 0.0, 0.11679612853536596, 0.054029878451252226, 0.07476865500667365, 0.06474136591549276, 0.0, 0.0, 0.14899621190854193, 0.0)",42
5794,16,11,8,"(0.09369258606422372, 0.0, 0.08950620996642342, 0.09247639241939104, 0.09173902283359818, 0.0, 0.04803631430963802, 0.0, 0.0, 0.0)",1
5795,16,11,8,"(0.09369258606422372, 0.0, 0.09886232529533268, 0.09247639241939104, 0.09173902283359818, 0.0, 0.04357037093627773, 0.0, 0.0, 0.0)",111
5796,16,11,8,"(0.09346117085983079, 0.0, 0.08950620996642342, 0.09247639241939104, 0.09173902283359818, 0.0, 0.06826344941350267, 0.0, 0.0, 0.0)",1
5797,16,11,8,"(0.09369258606422372, 0.0, 0.09886232529533268, 0.09247639241939104, 0.13318091085255432, 0.0, 0.04357037093627773, 0.0, 0.0, 0.0)",1
5798,16,11,8,"(0.09369258606422372, 0.0, 0.08950620996642342, 0.09247639241939104, 0.09173902283359818, 0.0, 0.06826344941350267, 0.0, 0.0, 0.0)",236
5799,16,11,11,"(0.09033430006888621, 0.14970886995698662, 0.0, 0.0, 0.0, 0.06528146999772574, 0.0, 0.08279881135943302, 0.0, 0.01812760691895582)",19
5800,16,11,11,"(0.09033430006888621, 0.14970886995698662, 0.0, 0.0, 0.0, 0.04688669779969397, 0.0, 0.08279881135943302, 0.0, 0.01880962099975388)",1
5801,16,11,11,"(0.09033430006888621, 0.07789101919435207, 0.0, 0.0, 0.0, 0.04688669779969397, 0.0, 0.08279881135943302, 0.0, 0.01812760691895582)",1
5802,16,11,11,"(0.09033430006888621, 0.14970886995698662, 0.0, 0.0, 0.0, 0.04688669779969397, 0.0, 0.08279881135943302, 0.0, 0.014966745137703135)",1
5803,16,11,11,"(0.09033430006888621, 0.14970886995698662, 0.0, 0.0, 0.0, 0.04688669779969397, 0.0, 0.08279881135943302, 0.0, 0.01812760691895582)",401
5804,16,11,11,"(0.09033430006888621, 0.14970886995698662, 0.0, 0.0, 0.0, 0.04688669779969397, 0.0, 0.08279881135943302, 0.0, 0.012570897863695633)",1
5805,16,11,11,"(0.09033430006888621, 0.14970886995698662, 0.0, 0.0, 0.0, 0.09290382919206294, 0.0, 0.08279881135943302, 0.0, 0.012426138147101948)",1
5806,16,11,13,"(0.0, 0.0, 0.11322029198212992, 0.06920069129515957, 0.09172770611919409, 0.07489992963210028, 0.0, 0.0, 0.14899621190854193, 0.0)",3
5807,16,11,13,"(0.0, 0.0, 0.11679612853536596, 0.06920069129515957, 0.09172770611919409, 0.07489992963210028, 0.0, 0.0, 0.14899621190854193, 0.0)",182
5808,16,12,8,"(0.09369258606422372, 0.0, 0.07338830340497413, 0.09247639241939104, 0.09173902283359818, 0.0, 0.06826344941350267, 0.0, 0.0, 0.0)",1
5809,16,12,8,"(0.09369258606422372, 0.0, 0.09886232529533268, 0.08335697501135883, 0.09173902283359818, 0.0, 0.037064366674841996, 0.0, 0.0, 0.0)",1
5810,16,12,8,"(0.09369258606422372, 0.0, 0.11946937719806644, 0.09247639241939104, 0.09173902283359818, 0.0, 0.04357037093627773, 0.0, 0.0, 0.0)",8
5811,16,12,8,"(0.09369258606422372, 0.0, 0.08950620996642342, 0.07781712877355929, 0.09173902283359818, 0.0, 0.06826344941350267, 0.0, 0.0, 0.0)",5
5812,16,12,8,"(0.09369258606422372, 0.0, 0.1463032629782369, 0.09247639241939104, 0.056291598767661884, 0.0, 0.04357037093627773, 0.0, 0.0, 0.0)",1
5813,16,12,8,"(0.09022709944090243, 0.0, 0.07565097229804409, 0.09247639241939104, 0.09173902283359818, 0.0, 0.04357037093627773, 0.0, 0.0, 0.0)",1
5814,16,12,8,"(0.09369258606422372, 0.0, 0.08950620996642342, 0.09247639241939104, 0.062347189763192555, 0.0, 0.06826344941350267, 0.0, 0.0, 0.0)",1
5815,16,12,8,"(0.04296812679855838, 0.0, 0.08950620996642342, 0.09247639241939104, 0.09173902283359818, 0.0, 0.06826344941350267, 0.0, 0.0, 0.0)",5
5816,16,12,8,"(0.09369258606422372, 0.0, 0.09886232529533268, 0.09247639241939104, 0.09173902283359818, 0.0, 0.04357037093627773, 0.0, 0.0, 0.0)",177
5817,16,12,8,"(0.09369258606422372, 0.0, 0.08950620996642342, 0.09247639241939104, 0.09173902283359818, 0.0, 0.06826344941350267, 0.0, 0.0, 0.0)",201
5818,16,12,11,"(0.05857242788552104, 0.14970886995698662, 0.0, 0.0, 0.0, 0.03961768229982118, 0.0, 0.08279881135943302, 0.0, 0.01812760691895582)",7
5819,16,12,11,"(0.09033430006888621, 0.0631872350412908, 0.0, 0.0, 0.0, 0.04688669779969397, 0.0, 0.08279881135943302, 0.0, 0.01812760691895582)",1
5820,16,12,11,"(0.09033430006888621, 0.14970886995698662, 0.0, 0.0, 0.0, 0.04688669779969397, 0.0, 0.08279881135943302, 0.0, 0.01812760691895582)",327
5821,16,12,11,"(0.09033430006888621, 0.14970886995698662, 0.0, 0.0, 0.0, 0.04688669779969397, 0.0, 0.07913930497492656, 0.0, 0.01812760691895582)",1
5822,16,12,13,"(0.0, 0.0, 0.13194812587830249, 0.06920069129515957, 0.09172770611919409, 0.07489992963210028, 0.0, 0.0, 0.14899621190854193, 0.0)",35
5823,16,12,13,"(0.0, 0.0, 0.11679612853536596, 0.06920069129515957, 0.09172770611919409, 0.07489992963210028, 0.0, 0.0, 0.14899621190854193, 0.0)",145
5824,16,13,8,"(0.09369258606422372, 0.0, 0.09886232529533268, 0.09247639241939104, 0.09173902283359818, 0.0, 0.1236381438506063, 0.0, 0.0, 0.0)",1
5825,16,13,8,"(0.09369258606422372, 0.0, 0.11627427051857096, 0.10416773395596182, 0.07902130048833145, 0.0, 0.03930105928879377, 0.0, 0.0, 0.0)",11
5826,16,13,8,"(0.09369258606422372, 0.0, 0.09886232529533268, 0.09247639241939104, 0.09173902283359818, 0.0, 0.04357037093627773, 0.0, 0.0, 0.0)",187
5827,16,13,8,"(0.12319930958475783, 0.0, 0.08950620996642342, 0.09247639241939104, 0.047633991632565556, 0.0, 0.06826344941350267, 0.0, 0.0, 0.0)",1
5828,16,13,8,"(0.09369258606422372, 0.0, 0.08950620996642342, 0.09247639241939104, 0.09173902283359818, 0.0, 0.06826344941350267, 0.0, 0.0, 0.0)",130
5829,16,13,11,"(0.09033430006888621, 0.14970886995698662, 0.0, 0.0, 0.0, 0.04688669779969397, 0.0, 0.08279881135943302, 0.0, 0.019759190426944535)",2
5830,16,13,11,"(0.09033430006888621, 0.14970886995698662, 0.0, 0.0, 0.0, 0.04688669779969397, 0.0, 0.08279881135943302, 0.0, 0.01812760691895582)",459
5831,16,13,11,"(0.04529908074408728, 0.14970886995698662, 0.0, 0.0, 0.0, 0.04688669779969397, 0.0, 0.08279881135943302, 0.0, 0.01812760691895582)",1
5832,16,13,11,"(0.0949924481891562, 0.14970886995698662, 0.0, 0.0, 0.0, 0.04688669779969397, 0.0, 0.08279881135943302, 0.0, 0.01812760691895582)",1
5833,16,13,11,"(0.09033430006888621, 0.09685469479699971, 0.0, 0.0, 0.0, 0.04688669779969397, 0.0, 0.08279881135943302, 0.0, 0.01812760691895582)",1
5834,16,13,11,"(0.09033430006888621, 0.14970886995698662, 0.0, 0.0, 0.0, 0.04379910539978446, 0.0, 0.08279881135943302, 0.0, 0.01812760691895582)",2
5835,16,13,11,"(0.09033430006888621, 0.3209286491622274, 0.0, 0.0, 0.0, 0.04688669779969397, 0.0, 0.08279881135943302, 0.0, 0.01812760691895582)",1
5836,16,13,13,"(0.0, 0.0, 0.11679612853536596, 0.06920069129515957, 0.09172770611919409, 0.07489992963210028, 0.0, 0.0, 0.14899621190854193, 0.0)",153
5837,16,13,13,"(0.0, 0.0, 0.08077840179665181, 0.06920069129515957, 0.09172770611919409, 0.07489992963210028, 0.0, 0.0, 0.14899621190854193, 0.0)",3
5838,16,13,13,"(0.0, 0.0, 0.07788363018590665, 0.06920069129515957, 0.09172770611919409, 0.07489992963210028, 0.0, 0.0, 0.14899621190854193, 0.0)",1
5839,16,13,13,"(0.0, 0.0, 0.11679612853536596, 0.06920069129515957, 0.07468310393962374, 0.07489992963210028, 0.0, 0.0, 0.14899621190854193, 0.0)",7
5840,16,13,13,"(0.0, 0.0, 0.11679612853536596, 0.06920069129515957, 0.0690820462692863, 0.07489992963210028, 0.0, 0.0, 0.08613698176998096, 0.0)",3
5841,16,14,8,"(0.08752403952521029, 0.0, 0.08950620996642342, 0.09247639241939104, 0.09173902283359818, 0.0, 0.06826344941350267, 0.0, 0.0, 0.0)",4
5842,16,14,8,"(0.13007054646072477, 0.0, 0.07878450025233658, 0.09247639241939104, 0.09173902283359818, 0.0, 0.04357037093627773, 0.0, 0.0, 0.0)",2
5843,16,14,8,"(0.09369258606422372, 0.0, 0.09886232529533268, 0.07999212476622168, 0.09173902283359818, 0.0, 0.04357037093627773, 0.0, 0.0, 0.0)",1
5844,16,14,8,"(0.09369258606422372, 0.0, 0.08950620996642342, 0.09247639241939104, 0.09173902283359818, 0.0, 0.06826344941350267, 0.0, 0.0, 0.0)",158
5845,16,14,8,"(0.09369258606422372, 0.0, 0.04271705164123919, 0.09247639241939104, 0.09173902283359818, 0.0, 0.018891937381062884, 0.0, 0.0, 0.0)",2
5846,16,14,8,"(0.09369258606422372, 0.0, 0.15836355326813625, 0.09247639241939104, 0.08110371309656374, 0.0, 0.04357037093627773, 0.0, 0.0, 0.0)",3
5847,16,14,8,"(0.09369258606422372, 0.0, 0.09886232529533268, 0.09247639241939104, 0.09173902283359818, 0.0, 0.04357037093627773, 0.0, 0.0, 0.0)",187
5848,16,14,11,"(0.09033430006888621, 0.14970886995698662, 0.0, 0.0, 0.0, 0.051888353284992056, 0.0, 0.08279881135943302, 0.0, 0.01812760691895582)",5
5849,16,14,11,"(0.09033430006888621, 0.14970886995698662, 0.0, 0.0, 0.0, 0.04688669779969397, 0.0, 0.08279881135943302, 0.0, 0.01812760691895582)",376
5850,16,14,11,"(0.09206274966730038, 0.14970886995698662, 0.0, 0.0, 0.0, 0.04688669779969397, 0.0, 0.08279881135943302, 0.0, 0.01812760691895582)",2
5851,16,14,13,"(0.0, 0.0, 0.08400679308191875, 0.06920069129515957, 0.09172770611919409, 0.07489992963210028, 0.0, 0.0, 0.14899621190854193, 0.0)",7
5852,16,14,13,"(0.0, 0.0, 0.14408692306613627, 0.06920069129515957, 0.09172770611919409, 0.07489992963210028, 0.0, 0.0, 0.14899621190854193, 0.0)",10
5853,16,14,13,"(0.0, 0.0, 0.11679612853536596, 0.05955196127696405, 0.09172770611919409, 0.1135879354711998, 0.0, 0.0, 0.14899621190854193, 0.0)",3
5854,16,14,13,"(0.0, 0.0, 0.11679612853536596, 0.06920069129515957, 0.06952340064257591, 0.07489992963210028, 0.0, 0.0, 0.14899621190854193, 0.0)",3
5855,16,14,13,"(0.0, 0.0, 0.11679612853536596, 0.06920069129515957, 0.09172770611919409, 0.07489992963210028, 0.0, 0.0, 0.14899621190854193, 0.0)",144
5856,16,14,13,"(0.0, 0.0, 0.11679612853536596, 0.06920069129515957, 0.09312751894929498, 0.07489992963210028, 0.0, 0.0, 0.14899621190854193, 0.0)",1
5857,16,15,8,"(0.12660288366189074, 0.0, 0.08950620996642342, 0.09247639241939104, 0.10352531946751732, 0.0, 0.06826344941350267, 0.0, 0.0, 0.0)",1
5858,16,15,8,"(0.09369258606422372, 0.0, 0.08950620996642342, 0.09247639241939104, 0.09173902283359818, 0.0, 0.06826344941350267, 0.0, 0.0, 0.0)",151
5859,16,15,8,"(0.09369258606422372, 0.0, 0.08950620996642342, 0.09247639241939104, 0.07465200933978253, 0.0, 0.06826344941350267, 0.0, 0.0, 0.0)",164
5860,16,15,8,"(0.05677577454892635, 0.0, 0.08950620996642342, 0.09247639241939104, 0.09173902283359818, 0.0, 0.06826344941350267, 0.0, 0.0, 0.0)",14
5861,16,15,8,"(0.09369258606422372, 0.0, 0.13564764637100402, 0.06648036171744344, 0.07465200933978253, 0.0, 0.06826344941350267, 0.0, 0.0, 0.0)",1
5862,16,15,11,"(0.09033430006888621, 0.1757862132895545, 0.0, 0.0, 0.0, 0.04688669779969397, 0.0, 0.08279881135943302, 0.0, 0.01812760691895582)",1
5863,16,15,11,"(0.09033430006888621, 0.14970886995698662, 0.0, 0.0, 0.0, 0.04688669779969397, 0.0, 0.08279881135943302, 0.0, 0.01812760691895582)",443
5864,16,15,11,"(0.09033430006888621, 0.14970886995698662, 0.0, 0.0, 0.0, 0.04688669779969397, 0.0, 0.08279881135943302, 0.0, 0.022354695657923813)",1
5865,16,15,11,"(0.09469069776381824, 0.14970886995698662, 0.0, 0.0, 0.0, 0.04688669779969397, 0.0, 0.08279881135943302, 0.0, 0.01812760691895582)",2
5866,16,15,11,"(0.03679229874343968, 0.11053344317033521, 0.0, 0.0, 0.0, 0.04688669779969397, 0.0, 0.08279881135943302, 0.0, 0.01812760691895582)",4
5867,16,15,11,"(0.09033430006888621, 0.1464662627316776, 0.0, 0.0, 0.0, 0.04688669779969397, 0.0, 0.08633836320683728, 0.0, 0.005040327000100085)",1
5868,16,15,11,"(0.10984873448024707, 0.14970886995698662, 0.0, 0.0, 0.0, 0.04688669779969397, 0.0, 0.08279881135943302, 0.0, 0.01812760691895582)",3
5869,16,15,11,"(0.09033430006888621, 0.14970886995698662, 0.0, 0.0, 0.0, 0.05618313205389926, 0.0, 0.10095003548926655, 0.0, 0.01812760691895582)",1
5870,16,15,13,"(0.0, 0.0, 0.11679612853536596, 0.06920069129515957, 0.09172770611919409, 0.07489992963210028, 0.0, 0.0, 0.14899621190854193, 0.0)",173
5871,16,15,13,"(0.0, 0.0, 0.11679612853536596, 0.06920069129515957, 0.07758930549052544, 0.07489992963210028, 0.0, 0.0, 0.14899621190854193, 0.0)",1
5872,16,15,13,"(0.0, 0.0, 0.11679612853536596, 0.044626060153488516, 0.08270463896663303, 0.07489992963210028, 0.0, 0.0, 0.14899621190854193, 0.0)",3
5873,16,16,8,"(0.09369258606422372, 0.0, 0.08950620996642342, 0.09247639241939104, 0.04664248406001307, 0.0, 0.08745369652303155, 0.0, 0.0, 0.0)",2
5874,16,16,8,"(0.09369258606422372, 0.0, 0.08950620996642342, 0.08933871484473395, 0.09173902283359818, 0.0, 0.06826344941350267, 0.0, 0.0, 0.0)",17
5875,16,16,8,"(0.060122415727455136, 0.0, 0.12303693170906868, 0.09247639241939104, 0.07465200933978253, 0.0, 0.06826344941350267, 0.0, 0.0, 0.0)",1
5876,16,16,8,"(0.09369258606422372, 0.0, 0.08950620996642342, 0.09247639241939104, 0.09173902283359818, 0.0, 0.06826344941350267, 0.0, 0.0, 0.0)",102
5877,16,16,8,"(0.09369258606422372, 0.0, 0.08950620996642342, 0.09247639241939104, 0.07465200933978253, 0.0, 0.06826344941350267, 0.0, 0.0, 0.0)",148
5878,16,16,8,"(0.09369258606422372, 0.0, 0.08950620996642342, 0.07659270026606858, 0.07465200933978253, 0.0, 0.06826344941350267, 0.0, 0.0, 0.0)",1
5879,16,16,11,"(0.07851941884762766, 0.14970886995698662, 0.0, 0.0, 0.0, 0.04688669779969397, 0.0, 0.08279881135943302, 0.0, 0.01812760691895582)",1
5880,16,16,11,"(0.06098898619777401, 0.14970886995698662, 0.0, 0.0, 0.0, 0.01701082034119334, 0.0, 0.08279881135943302, 0.0, 0.01812760691895582)",1
5881,16,16,11,"(0.09033430006888621, 0.14970886995698662, 0.0, 0.0, 0.0, 0.06528146999772574, 0.0, 0.08279881135943302, 0.0, 0.01812760691895582)",16
5882,16,16,11,"(0.09033430006888621, 0.14970886995698662, 0.0, 0.0, 0.0, 0.04688669779969397, 0.0, 0.08279881135943302, 0.0, 0.021021490153181284)",1
5883,16,16,11,"(0.07937821939333961, 0.14970886995698662, 0.0, 0.0, 0.0, 0.03153961506235951, 0.0, 0.08279881135943302, 0.0, 0.01812760691895582)",3
5884,16,16,11,"(0.09033430006888621, 0.129814043055711, 0.0, 0.0, 0.0, 0.06528146999772574, 0.0, 0.1898724378906608, 0.0, 0.01812760691895582)",1
5885,16,16,11,"(0.09205760755883066, 0.14970886995698662, 0.0, 0.0, 0.0, 0.04688669779969397, 0.0, 0.08279881135943302, 0.0, 0.01812760691895582)",1
5886,16,16,11,"(0.09033430006888621, 0.14970886995698662, 0.0, 0.0, 0.0, 0.04688669779969397, 0.0, 0.09546719428289915, 0.0, 0.01812760691895582)",3
5887,16,16,11,"(0.09033430006888621, 0.14970886995698662, 0.0, 0.0, 0.0, 0.04688669779969397, 0.0, 0.08279881135943302, 0.0, 0.01633035169328766)",7
5888,16,16,11,"(0.136671008289639, 0.14970886995698662, 0.0, 0.0, 0.0, 0.04688669779969397, 0.0, 0.09546719428289915, 0.0, 0.01812760691895582)",1
5889,16,16,11,"(0.09033430006888621, 0.14970886995698662, 0.0, 0.0, 0.0, 0.0402322452437381, 0.0, 0.08279881135943302, 0.0, 0.01812760691895582)",2
5890,16,16,11,"(0.09033430006888621, 0.12250654429074771, 0.0, 0.0, 0.0, 0.04688669779969397, 0.0, 0.08279881135943302, 0.0, 0.026899430701691675)",1
5891,16,16,11,"(0.09033430006888621, 0.14970886995698662, 0.0, 0.0, 0.0, 0.04688669779969397, 0.0, 0.08279881135943302, 0.0, 0.01812760691895582)",535
5892,16,16,11,"(0.09033430006888621, 0.2511583061667552, 0.0, 0.0, 0.0, 0.04688669779969397, 0.0, 0.08279881135943302, 0.0, 0.01812760691895582)",1
5893,16,16,11,"(0.09033430006888621, 0.1771031542681889, 0.0, 0.0, 0.0, 0.04688669779969397, 0.0, 0.08279881135943302, 0.0, 0.01812760691895582)",6
5894,16,16,11,"(0.2000769003662923, 0.14970886995698662, 0.0, 0.0, 0.0, 0.04688669779969397, 0.0, 0.08279881135943302, 0.0, 0.01812760691895582)",1
5895,16,16,11,"(0.04244897797359868, 0.14970886995698662, 0.0, 0.0, 0.0, 0.04688669779969397, 0.0, 0.08279881135943302, 0.0, 0.01812760691895582)",1
5896,16,16,11,"(0.09033430006888621, 0.14970886995698662, 0.0, 0.0, 0.0, 0.051548873715099995, 0.0, 0.08279881135943302, 0.0, 0.01812760691895582)",2
5897,16,16,13,"(0.0, 0.0, 0.11679612853536596, 0.06920069129515957, 0.09172770611919409, 0.07489992963210028, 0.0, 0.0, 0.18620414128678664, 0.0)",1
5898,16,16,13,"(0.0, 0.0, 0.11679612853536596, 0.04710417234385923, 0.09172770611919409, 0.07489992963210028, 0.0, 0.0, 0.14899621190854193, 0.0)",1
5899,16,16,13,"(0.0, 0.0, 0.11679612853536596, 0.06920069129515957, 0.09172770611919409, 0.07489992963210028, 0.0, 0.0, 0.14899621190854193, 0.0)",186
5900,16,17,8,"(0.14517887344053781, 0.0, 0.08950620996642342, 0.09247639241939104, 0.09173902283359818, 0.0, 0.06826344941350267, 0.0, 0.0, 0.0)",1
5901,16,17,8,"(0.09369258606422372, 0.0, 0.08950620996642342, 0.09247639241939104, 0.09173902283359818, 0.0, 0.06826344941350267, 0.0, 0.0, 0.0)",42
5902,16,17,8,"(0.09369258606422372, 0.0, 0.08950620996642342, 0.09247639241939104, 0.07465200933978253, 0.0, 0.06826344941350267, 0.0, 0.0, 0.0)",278
5903,16,17,8,"(0.09369258606422372, 0.0, 0.08950620996642342, 0.09247639241939104, 0.07465200933978253, 0.0, 0.04746643127590782, 0.0, 0.0, 0.0)",1
5904,16,17,8,"(0.06255819085312603, 0.0, 0.08950620996642342, 0.09247639241939104, 0.07465200933978253, 0.0, 0.06826344941350267, 0.0, 0.0, 0.0)",1
5905,16,17,11,"(0.10583230522649811, 0.14970886995698662, 0.0, 0.0, 0.0, 0.04688669779969397, 0.0, 0.08279881135943302, 0.0, 0.01812760691895582)",1
5906,16,17,11,"(0.09033430006888621, 0.14970886995698662, 0.0, 0.0, 0.0, 0.04301451935985223, 0.0, 0.09604352824384359, 0.0, 0.01812760691895582)",6
5907,16,17,11,"(0.09033430006888621, 0.1694881167337281, 0.0, 0.0, 0.0, 0.04688669779969397, 0.0, 0.08279881135943302, 0.0, 0.01812760691895582)",2
5908,16,17,11,"(0.08102859936385315, 0.14970886995698662, 0.0, 0.0, 0.0, 0.04688669779969397, 0.0, 0.08279881135943302, 0.0, 0.017470388843109398)",1
5909,16,17,11,"(0.18171699748063436, 0.06505638160816592, 0.0, 0.0, 0.0, 0.041816448967373326, 0.0, 0.08279881135943302, 0.0, 0.010772928886965186)",1
5910,16,17,11,"(0.09033430006888621, 0.14970886995698662, 0.0, 0.0, 0.0, 0.04688669779969397, 0.0, 0.08279881135943302, 0.0, 0.01812760691895582)",345
5911,16,17,11,"(0.09033430006888621, 0.06505638160816592, 0.0, 0.0, 0.0, 0.04688669779969397, 0.0, 0.08279881135943302, 0.0, 0.01812760691895582)",115
5912,16,17,13,"(0.0, 0.0, 0.11679612853536596, 0.06920069129515957, 0.09172770611919409, 0.07489992963210028, 0.0, 0.0, 0.14899621190854193, 0.0)",165
5913,16,17,13,"(0.0, 0.0, 0.11679612853536596, 0.06920069129515957, 0.11241335162457879, 0.07489992963210028, 0.0, 0.0, 0.14899621190854193, 0.0)",18
5914,16,18,8,"(0.09369258606422372, 0.0, 0.07200536987716889, 0.09247639241939104, 0.1308887374448056, 0.0, 0.04357037093627773, 0.0, 0.0, 0.0)",1
5915,16,18,8,"(0.09369258606422372, 0.0, 0.060835154805861776, 0.09247639241939104, 0.11265737140820199, 0.0, 0.04357037093627773, 0.0, 0.0, 0.0)",5
5916,16,18,8,"(0.06317582388074934, 0.0, 0.13471494514785268, 0.09247639241939104, 0.09173902283359818, 0.0, 0.06223047458650833, 0.0, 0.0, 0.0)",1
5917,16,18,8,"(0.09369258606422372, 0.0, 0.09886232529533268, 0.09247639241939104, 0.09173902283359818, 0.0, 0.04357037093627773, 0.0, 0.0, 0.0)",287
5918,16,18,8,"(0.09369258606422372, 0.0, 0.08950620996642342, 0.09247639241939104, 0.09173902283359818, 0.0, 0.06826344941350267, 0.0, 0.0, 0.0)",55
5919,16,18,11,"(0.07311446875814, 0.14970886995698662, 0.0, 0.0, 0.0, 0.04688669779969397, 0.0, 0.08279881135943302, 0.0, 0.01812760691895582)",1
5920,16,18,11,"(0.09033430006888621, 0.14970886995698662, 0.0, 0.0, 0.0, 0.04688669779969397, 0.0, 0.08279881135943302, 0.0, 0.01812760691895582)",450
5921,16,18,11,"(0.09033430006888621, 0.14970886995698662, 0.0, 0.0, 0.0, 0.03310988214606453, 0.0, 0.08279881135943302, 0.0, 0.01812760691895582)",1
5922,16,18,11,"(0.09033430006888621, 0.14970886995698662, 0.0, 0.0, 0.0, 0.02188779581637085, 0.0, 0.08279881135943302, 0.0, 0.01812760691895582)",1
5923,16,18,11,"(0.09033430006888621, 0.14970886995698662, 0.0, 0.0, 0.0, 0.04688669779969397, 0.0, 0.08279881135943302, 0.0, 0.019214352597888125)",1
5924,16,18,11,"(0.10487791748261904, 0.14970886995698662, 0.0, 0.0, 0.0, 0.04688669779969397, 0.0, 0.08279881135943302, 0.0, 0.01812760691895582)",2
5925,16,18,11,"(0.09033430006888621, 0.14970886995698662, 0.0, 0.0, 0.0, 0.04688669779969397, 0.0, 0.08279881135943302, 0.0, 0.011459787870466275)",1
5926,16,18,11,"(0.09033430006888621, 0.14970886995698662, 0.0, 0.0, 0.0, 0.04688669779969397, 0.0, 0.07880010160325143, 0.0, 0.01812760691895582)",1
5927,16,18,13,"(0.0, 0.0, 0.11679612853536596, 0.10383451363201508, 0.09172770611919409, 0.07489992963210028, 0.0, 0.0, 0.14899621190854193, 0.0)",4
5928,16,18,13,"(0.0, 0.0, 0.11679612853536596, 0.06920069129515957, 0.09172770611919409, 0.10481140923530753, 0.0, 0.0, 0.1318566872968063, 0.0)",5
5929,16,18,13,"(0.0, 0.0, 0.11462026187392003, 0.06920069129515957, 0.09172770611919409, 0.07489992963210028, 0.0, 0.0, 0.14899621190854193, 0.0)",3
5930,16,18,13,"(0.0, 0.0, 0.08405533139441938, 0.06920069129515957, 0.09172770611919409, 0.07489992963210028, 0.0, 0.0, 0.14899621190854193, 0.0)",65
5931,16,18,13,"(0.0, 0.0, 0.11679612853536596, 0.06920069129515957, 0.09172770611919409, 0.07489992963210028, 0.0, 0.0, 0.14899621190854193, 0.0)",89
5932,16,18,13,"(0.0, 0.0, 0.11679612853536596, 0.06920069129515957, 0.06532979169574837, 0.07489992963210028, 0.0, 0.0, 0.14899621190854193, 0.0)",1
5933,16,19,8,"(0.09369258606422372, 0.0, 0.09886232529533268, 0.09247639241939104, 0.061532175688336306, 0.0, 0.05491001475607089, 0.0, 0.0, 0.0)",2
5934,16,19,8,"(0.12332017522757609, 0.0, 0.08288626114866185, 0.09247639241939104, 0.09173902283359818, 0.0, 0.04357037093627773, 0.0, 0.0, 0.0)",1
5935,16,19,8,"(0.09369258606422372, 0.0, 0.09886232529533268, 0.09247639241939104, 0.09173902283359818, 0.0, 0.04357037093627773, 0.0, 0.0, 0.0)",208
5936,16,19,8,"(0.09369258606422372, 0.0, 0.08288626114866185, 0.09247639241939104, 0.09173902283359818, 0.0, 0.04357037093627773, 0.0, 0.0, 0.0)",35
5937,16,19,8,"(0.09369258606422372, 0.0, 0.05839976884849942, 0.09247639241939104, 0.09173902283359818, 0.0, 0.04357037093627773, 0.0, 0.0, 0.0)",2
5938,16,19,8,"(0.09369258606422372, 0.0, 0.08950620996642342, 0.09247639241939104, 0.09173902283359818, 0.0, 0.06826344941350267, 0.0, 0.0, 0.0)",122
5939,16,19,8,"(0.11959849098487907, 0.0, 0.09886232529533268, 0.09247639241939104, 0.09173902283359818, 0.0, 0.04357037093627773, 0.0, 0.0, 0.0)",1
5940,16,19,8,"(0.09369258606422372, 0.0, 0.09886232529533268, 0.0416630846390324, 0.09173902283359818, 0.0, 0.04357037093627773, 0.0, 0.0, 0.0)",1
5941,16,19,11,"(0.09033430006888621, 0.14261581891029992, 0.0, 0.0, 0.0, 0.04688669779969397, 0.0, 0.07982635492514295, 0.0, 0.01812760691895582)",2
5942,16,19,11,"(0.05357126300959023, 0.14970886995698662, 0.0, 0.0, 0.0, 0.04688669779969397, 0.0, 0.08279881135943302, 0.0, 0.01812760691895582)",2
5943,16,19,11,"(0.09033430006888621, 0.14970886995698662, 0.0, 0.0, 0.0, 0.04688669779969397, 0.0, 0.08279881135943302, 0.0, 0.009724968917030143)",16
5944,16,19,11,"(0.09033430006888621, 0.14970886995698662, 0.0, 0.0, 0.0, 0.04688669779969397, 0.0, 0.0877966550604974, 0.0, 0.01812760691895582)",2
5945,16,19,11,"(0.09033430006888621, 0.14970886995698662, 0.0, 0.0, 0.0, 0.04688669779969397, 0.0, 0.08279881135943302, 0.0, 0.01812760691895582)",416
5946,16,19,11,"(0.09033430006888621, 0.14970886995698662, 0.0, 0.0, 0.0, 0.028791910704303522, 0.0, 0.08279881135943302, 0.0, 0.01812760691895582)",2
5947,16,19,11,"(0.09033430006888621, 0.14970886995698662, 0.0, 0.0, 0.0, 0.04688669779969397, 0.0, 0.1272685358822155, 0.0, 0.01812760691895582)",1
5948,16,19,13,"(0.0, 0.0, 0.08405533139441938, 0.06920069129515957, 0.09172770611919409, 0.12268154998531004, 0.0, 0.0, 0.14899621190854193, 0.0)",1
5949,16,19,13,"(0.0, 0.0, 0.11679612853536596, 0.06920069129515957, 0.03488877865425646, 0.07489992963210028, 0.0, 0.0, 0.14899621190854193, 0.0)",1
5950,16,19,13,"(0.0, 0.0, 0.08405533139441938, 0.06920069129515957, 0.09172770611919409, 0.047736012332966066, 0.0, 0.0, 0.14899621190854193, 0.0)",1
5951,16,19,13,"(0.0, 0.0, 0.11679612853536596, 0.04663607047786916, 0.09172770611919409, 0.10779419749556635, 0.0, 0.0, 0.14899621190854193, 0.0)",1
5952,16,19,13,"(0.0, 0.0, 0.08405533139441938, 0.06920069129515957, 0.09172770611919409, 0.07489992963210028, 0.0, 0.0, 0.14899621190854193, 0.0)",65
5953,16,19,13,"(0.0, 0.0, 0.11679612853536596, 0.06920069129515957, 0.06847779745150732, 0.07489992963210028, 0.0, 0.0, 0.14899621190854193, 0.0)",1
5954,16,19,13,"(0.0, 0.0, 0.11679612853536596, 0.06920069129515957, 0.09172770611919409, 0.07489992963210028, 0.0, 0.0, 0.14899621190854193, 0.0)",105
5955,16,20,8,"(0.09369258606422372, 0.0, 0.09886232529533268, 0.09247639241939104, 0.09173902283359818, 0.0, 0.04357037093627773, 0.0, 0.0, 0.0)",116
5956,16,20,8,"(0.09369258606422372, 0.0, 0.25981145705071945, 0.09247639241939104, 0.09173902283359818, 0.0, 0.04357037093627773, 0.0, 0.0, 0.0)",3
5957,16,20,8,"(0.09369258606422372, 0.0, 0.08950620996642342, 0.09247639241939104, 0.09173902283359818, 0.0, 0.07089226013678115, 0.0, 0.0, 0.0)",1
5958,16,20,8,"(0.11628964541474637, 0.0, 0.09886232529533268, 0.09247639241939104, 0.09173902283359818, 0.0, 0.04357037093627773, 0.0, 0.0, 0.0)",1
5959,16,20,8,"(0.09369258606422372, 0.0, 0.08950620996642342, 0.09247639241939104, 0.09173902283359818, 0.0, 0.06826344941350267, 0.0, 0.0, 0.0)",165
5960,16,20,8,"(0.09369258606422372, 0.0, 0.09886232529533268, 0.09247639241939104, 0.07309430273946078, 0.0, 0.04357037093627773, 0.0, 0.0, 0.0)",1
5961,16,20,11,"(0.09033430006888621, 0.14970886995698662, 0.0, 0.0, 0.0, 0.04688669779969397, 0.0, 0.08279881135943302, 0.0, 0.01812760691895582)",444
5962,16,20,11,"(0.10325079060290616, 0.14970886995698662, 0.0, 0.0, 0.0, 0.08168476611455357, 0.0, 0.10247866528052822, 0.0, 0.013290120492646523)",1
5963,16,20,11,"(0.09033430006888621, 0.14970886995698662, 0.0, 0.0, 0.0, 0.04688669779969397, 0.0, 0.05230237417755569, 0.0, 0.01812760691895582)",4
5964,16,20,11,"(0.09033430006888621, 0.1807094784864635, 0.0, 0.0, 0.0, 0.04688669779969397, 0.0, 0.08279881135943302, 0.0, 0.01812760691895582)",1
5965,16,20,11,"(0.09033430006888621, 0.14970886995698662, 0.0, 0.0, 0.0, 0.04688669779969397, 0.0, 0.08279881135943302, 0.0, 0.01418346251083712)",4
5966,16,20,11,"(0.09033430006888621, 0.1404769549642139, 0.0, 0.0, 0.0, 0.04688669779969397, 0.0, 0.08279881135943302, 0.0, 0.01812760691895582)",2
5967,16,20,11,"(0.09033430006888621, 0.14970886995698662, 0.0, 0.0, 0.0, 0.027747214844456195, 0.0, 0.1431697935281152, 0.0, 0.01812760691895582)",1
5968,16,20,11,"(0.09033430006888621, 0.2957403789468657, 0.0, 0.0, 0.0, 0.04688669779969397, 0.0, 0.08279881135943302, 0.0, 0.01812760691895582)",11
5969,16,20,11,"(0.09033430006888621, 0.14970886995698662, 0.0, 0.0, 0.0, 0.02870558183956491, 0.0, 0.08279881135943302, 0.0, 0.01812760691895582)",1
5970,16,20,13,"(0.0, 0.0, 0.11679612853536596, 0.06920069129515957, 0.09155262752660626, 0.07489992963210028, 0.0, 0.0, 0.14899621190854193, 0.0)",2
5971,16,20,13,"(0.0, 0.0, 0.11679612853536596, 0.06920069129515957, 0.09172770611919409, 0.07489992963210028, 0.0, 0.0, 0.14899621190854193, 0.0)",219
5972,16,20,13,"(0.0, 0.0, 0.11679612853536596, 0.05396387964536619, 0.09172770611919409, 0.07489992963210028, 0.0, 0.0, 0.14899621190854193, 0.0)",1
5973,17,0,8,"(0.08308501523532161, 0.0, 0.06692057944489335, 0.09247639241939104, 0.053193878265754266, 0.0, 0.04357037093627773, 0.0, 0.0, 0.0)",1
5974,17,0,8,"(0.09369258606422372, 0.0, 0.09886232529533268, 0.09247639241939104, 0.09173902283359818, 0.0, 0.04357037093627773, 0.0, 0.0, 0.0)",130
5975,17,0,8,"(0.09369258606422372, 0.0, 0.08950620996642342, 0.09130265122056866, 0.09173902283359818, 0.0, 0.06826344941350267, 0.0, 0.0, 0.0)",2
5976,17,0,8,"(0.09369258606422372, 0.0, 0.11312221397635912, 0.09247639241939104, 0.09173902283359818, 0.0, 0.04289505029732213, 0.0, 0.0, 0.0)",1
5977,17,0,8,"(0.09369258606422372, 0.0, 0.08950620996642342, 0.09247639241939104, 0.09173902283359818, 0.0, 0.06826344941350267, 0.0, 0.0, 0.0)",212
5978,17,0,11,"(0.09033430006888621, 0.15305142581337416, 0.0, 0.0, 0.0, 0.04688669779969397, 0.0, 0.046176876769364515, 0.0, 0.018464769128188292)",3
5979,17,0,11,"(0.09033430006888621, 0.14970886995698662, 0.0, 0.0, 0.0, 0.04688669779969397, 0.0, 0.08279881135943302, 0.0, 0.01812760691895582)",396
5980,17,0,11,"(0.09033430006888621, 0.14970886995698662, 0.0, 0.0, 0.0, 0.037174173450077515, 0.0, 0.08279881135943302, 0.0, 0.01812760691895582)",2
5981,17,0,11,"(0.09033430006888621, 0.14970886995698662, 0.0, 0.0, 0.0, 0.04688669779969397, 0.0, 0.046176876769364515, 0.0, 0.01812760691895582)",30
5982,17,0,11,"(0.15847118792179452, 0.14970886995698662, 0.0, 0.0, 0.0, 0.030154949428910147, 0.0, 0.08279881135943302, 0.0, 0.01812760691895582)",1
5983,17,0,11,"(0.09033430006888621, 0.14970886995698662, 0.0, 0.0, 0.0, 0.04688669779969397, 0.0, 0.06642151446571704, 0.0, 0.01812760691895582)",2
5984,17,0,11,"(0.09033430006888621, 0.12147148934458608, 0.0, 0.0, 0.0, 0.04688669779969397, 0.0, 0.08279881135943302, 0.0, 0.01812760691895582)",4
5985,17,0,11,"(0.09459417316201968, 0.14970886995698662, 0.0, 0.0, 0.0, 0.04688669779969397, 0.0, 0.08279881135943302, 0.0, 0.01812760691895582)",1
5986,17,0,11,"(0.09033430006888621, 0.14970886995698662, 0.0, 0.0, 0.0, 0.05440100896935208, 0.0, 0.08279881135943302, 0.0, 0.01812760691895582)",6
5987,17,0,11,"(0.11384974221112938, 0.14970886995698662, 0.0, 0.0, 0.0, 0.04688669779969397, 0.0, 0.046176876769364515, 0.0, 0.008032313219041487)",1
5988,17,0,11,"(0.09033430006888621, 0.14970886995698662, 0.0, 0.0, 0.0, 0.04688669779969397, 0.0, 0.046176876769364515, 0.0, 0.02596267883267502)",10
5989,17,0,11,"(0.1100944899800971, 0.14970886995698662, 0.0, 0.0, 0.0, 0.04688669779969397, 0.0, 0.08279881135943302, 0.0, 0.01812760691895582)",3
5990,17,0,13,"(0.0, 0.0, 0.11679612853536596, 0.06920069129515957, 0.0917897200797502, 0.07489992963210028, 0.0, 0.0, 0.047237585298144785, 0.0)",1
5991,17,0,13,"(0.0, 0.0, 0.11679612853536596, 0.06920069129515957, 0.09508079946569438, 0.07489992963210028, 0.0, 0.0, 0.14899621190854193, 0.0)",2
5992,17,0,13,"(0.0, 0.0, 0.11679612853536596, 0.06920069129515957, 0.09172770611919409, 0.07489992963210028, 0.0, 0.0, 0.14899621190854193, 0.0)",197
5993,17,1,8,"(0.09369258606422372, 0.0, 0.08950620996642342, 0.09247639241939104, 0.09173902283359818, 0.0, 0.06826344941350267, 0.0, 0.0, 0.0)",196
5994,17,1,8,"(0.11596790625128954, 0.0, 0.08950620996642342, 0.09247639241939104, 0.09173902283359818, 0.0, 0.06826344941350267, 0.0, 0.0, 0.0)",1
5995,17,1,8,"(0.09369258606422372, 0.0, 0.09886232529533268, 0.08485517305684936, 0.14846995879336872, 0.0, 0.04357037093627773, 0.0, 0.0, 0.0)",1
5996,17,1,8,"(0.09369258606422372, 0.0, 0.08950620996642342, 0.09247639241939104, 0.08796519529919065, 0.0, 0.06826344941350267, 0.0, 0.0, 0.0)",1
5997,17,1,8,"(0.09369258606422372, 0.0, 0.058324629197928295, 0.09247639241939104, 0.09173902283359818, 0.0, 0.06826344941350267, 0.0, 0.0, 0.0)",2
5998,17,1,8,"(0.09369258606422372, 0.0, 0.09886232529533268, 0.09247639241939104, 0.09173902283359818, 0.0, 0.04357037093627773, 0.0, 0.0, 0.0)",147
5999,17,1,8,"(0.05969080151058622, 0.0, 0.09886232529533268, 0.09247639241939104, 0.09173902283359818, 0.0, 0.04357037093627773, 0.0, 0.0, 0.0)",1
6000,17,1,11,"(0.09033430006888621, 0.14970886995698662, 0.0, 0.0, 0.0, 0.04688669779969397, 0.0, 0.03126076724487855, 0.0, 0.01812760691895582)",1
6001,17,1,11,"(0.09033430006888621, 0.14970886995698662, 0.0, 0.0, 0.0, 0.04688669779969397, 0.0, 0.08279881135943302, 0.0, 0.0207919756742779)",46
6002,17,1,11,"(0.09033430006888621, 0.13083633572101994, 0.0, 0.0, 0.0, 0.05449338478327856, 0.0, 0.046176876769364515, 0.0, 0.01812760691895582)",1
6003,17,1,11,"(0.09033430006888621, 0.14970886995698662, 0.0, 0.0, 0.0, 0.04688669779969397, 0.0, 0.08279881135943302, 0.0, 0.01812760691895582)",232
6004,17,1,11,"(0.09033430006888621, 0.13083633572101994, 0.0, 0.0, 0.0, 0.04688669779969397, 0.0, 0.046176876769364515, 0.0, 0.01812760691895582)",2
6005,17,1,11,"(0.09033430006888621, 0.15279307832108197, 0.0, 0.0, 0.0, 0.04688669779969397, 0.0, 0.08279881135943302, 0.0, 0.01812760691895582)",1
6006,17,1,11,"(0.09033430006888621, 0.14970886995698662, 0.0, 0.0, 0.0, 0.04688669779969397, 0.0, 0.046176876769364515, 0.0, 0.01812760691895582)",112
6007,17,1,11,"(0.09033430006888621, 0.14970886995698662, 0.0, 0.0, 0.0, 0.04577919452369611, 0.0, 0.08279881135943302, 0.0, 0.01812760691895582)",1
6008,17,1,11,"(0.09033430006888621, 0.17963828180300204, 0.0, 0.0, 0.0, 0.04688669779969397, 0.0, 0.046176876769364515, 0.0, 0.01812760691895582)",3
6009,17,1,11,"(0.09033430006888621, 0.14970886995698662, 0.0, 0.0, 0.0, 0.0481160967504733, 0.0, 0.08279881135943302, 0.0, 0.0207919756742779)",1
6010,17,1,11,"(0.09033430006888621, 0.15691953346405796, 0.0, 0.0, 0.0, 0.04688669779969397, 0.0, 0.08279881135943302, 0.0, 0.0207919756742779)",7
6011,17,1,13,"(0.0, 0.0, 0.11679612853536596, 0.06920069129515957, 0.05430163862870397, 0.06363102214359125, 0.0, 0.0, 0.14899621190854193, 0.0)",3
6012,17,1,13,"(0.0, 0.0, 0.11679612853536596, 0.06920069129515957, 0.09172770611919409, 0.07489992963210028, 0.0, 0.0, 0.17383309486979562, 0.0)",1
6013,17,1,13,"(0.0, 0.0, 0.11679612853536596, 0.06920069129515957, 0.09172770611919409, 0.06887782822209752, 0.0, 0.0, 0.14899621190854193, 0.0)",1
6014,17,1,13,"(0.0, 0.0, 0.11679612853536596, 0.06920069129515957, 0.09172770611919409, 0.07489992963210028, 0.0, 0.0, 0.14899621190854193, 0.0)",164
6015,17,1,13,"(0.0, 0.0, 0.08885067590886267, 0.06920069129515957, 0.09172770611919409, 0.07489992963210028, 0.0, 0.0, 0.14899621190854193, 0.0)",1
6016,17,1,13,"(0.0, 0.0, 0.11679612853536596, 0.05565393490512533, 0.23748275023898052, 0.07489992963210028, 0.0, 0.0, 0.11809565778576173, 0.0)",1
6017,17,1,13,"(0.0, 0.0, 0.11679612853536596, 0.06920069129515957, 0.05083033421915271, 0.07489992963210028, 0.0, 0.0, 0.14899621190854193, 0.0)",1
6018,17,2,8,"(0.09369258606422372, 0.0, 0.08950620996642342, 0.11800653131643503, 0.09173902283359818, 0.0, 0.1071823672894016, 0.0, 0.0, 0.0)",1
6019,17,2,8,"(0.09369258606422372, 0.0, 0.08950620996642342, 0.09247639241939104, 0.05506240977405242, 0.0, 0.06826344941350267, 0.0, 0.0, 0.0)",1
6020,17,2,8,"(0.09369258606422372, 0.0, 0.06281901952230215, 0.09247639241939104, 0.09173902283359818, 0.0, 0.06826344941350267, 0.0, 0.0, 0.0)",1
6021,17,2,8,"(0.09369258606422372, 0.0, 0.07999689018417586, 0.09247639241939104, 0.09173902283359818, 0.0, 0.06826344941350267, 0.0, 0.0, 0.0)",1
6022,17,2,8,"(0.09369258606422372, 0.0, 0.08950620996642342, 0.09247639241939104, 0.05428775504013979, 0.0, 0.06826344941350267, 0.0, 0.0, 0.0)",12
6023,17,2,8,"(0.0897603949846768, 0.0, 0.09886232529533268, 0.0758834777312199, 0.09173902283359818, 0.0, 0.04357037093627773, 0.0, 0.0, 0.0)",4
6024,17,2,8,"(0.09369258606422372, 0.0, 0.09886232529533268, 0.09247639241939104, 0.09173902283359818, 0.0, 0.04357037093627773, 0.0, 0.0, 0.0)",51
6025,17,2,8,"(0.09369258606422372, 0.0, 0.08950620996642342, 0.09247639241939104, 0.09173902283359818, 0.0, 0.06826344941350267, 0.0, 0.0, 0.0)",237
6026,17,2,11,"(0.09033430006888621, 0.14970886995698662, 0.0, 0.0, 0.0, 0.04688669779969397, 0.0, 0.08279881135943302, 0.0, 0.016693900202409944)",2
6027,17,2,11,"(0.09033430006888621, 0.14970886995698662, 0.0, 0.0, 0.0, 0.05538042673416216, 0.0, 0.08279881135943302, 0.0, 0.0109159018439001)",1
6028,17,2,11,"(0.09033430006888621, 0.15680804210610785, 0.0, 0.0, 0.0, 0.04688669779969397, 0.0, 0.046176876769364515, 0.0, 0.01812760691895582)",2
6029,17,2,11,"(0.09033430006888621, 0.14970886995698662, 0.0, 0.0, 0.0, 0.04688669779969397, 0.0, 0.046176876769364515, 0.0, 0.01812760691895582)",66
6030,17,2,11,"(0.09033430006888621, 0.14970886995698662, 0.0, 0.0, 0.0, 0.04688669779969397, 0.0, 0.08340419174104864, 0.0, 0.01812760691895582)",1
6031,17,2,11,"(0.09033430006888621, 0.14970886995698662, 0.0, 0.0, 0.0, 0.04688669779969397, 0.0, 0.08279881135943302, 0.0, 0.021412481845933088)",2
6032,17,2,11,"(0.09033430006888621, 0.14970886995698662, 0.0, 0.0, 0.0, 0.04688669779969397, 0.0, 0.08279881135943302, 0.0, 0.020284869721447725)",1
6033,17,2,11,"(0.09033430006888621, 0.1303744733614416, 0.0, 0.0, 0.0, 0.04688669779969397, 0.0, 0.046176876769364515, 0.0, 0.01812760691895582)",1
6034,17,2,11,"(0.09033430006888621, 0.14970886995698662, 0.0, 0.0, 0.0, 0.04688669779969397, 0.0, 0.08279881135943302, 0.0, 0.02138702730171403)",2
6035,17,2,11,"(0.09033430006888621, 0.14970886995698662, 0.0, 0.0, 0.0, 0.04688669779969397, 0.0, 0.08279881135943302, 0.0, 0.01812760691895582)",354
6036,17,2,11,"(0.09033430006888621, 0.14970886995698662, 0.0, 0.0, 0.0, 0.04688669779969397, 0.0, 0.046176876769364515, 0.0, 0.02596267883267502)",28
6037,17,2,11,"(0.09033430006888621, 0.26857649728673105, 0.0, 0.0, 0.0, 0.04688669779969397, 0.0, 0.08279881135943302, 0.0, 0.01812760691895582)",2
6038,17,2,11,"(0.09033430006888621, 0.14970886995698662, 0.0, 0.0, 0.0, 0.04688669779969397, 0.0, 0.10794418424039764, 0.0, 0.01812760691895582)",1
6039,17,2,13,"(0.0, 0.0, 0.11679612853536596, 0.06920069129515957, 0.09172770611919409, 0.07489992963210028, 0.0, 0.0, 0.21836005138248074, 0.0)",1
6040,17,2,13,"(0.0, 0.0, 0.11679612853536596, 0.06920069129515957, 0.09172770611919409, 0.07489992963210028, 0.0, 0.0, 0.14899621190854193, 0.0)",182
6041,17,2,13,"(0.0, 0.0, 0.08459259861751817, 0.06920069129515957, 0.09172770611919409, 0.07489992963210028, 0.0, 0.0, 0.14899621190854193, 0.0)",1
6042,17,2,13,"(0.0, 0.0, 0.11679612853536596, 0.06920069129515957, 0.09172770611919409, 0.07489992963210028, 0.0, 0.0, 0.29450228805230405, 0.0)",1
6043,17,3,8,"(0.09369258606422372, 0.0, 0.08950620996642342, 0.09247639241939104, 0.09173902283359818, 0.0, 0.08876520033106597, 0.0, 0.0, 0.0)",1
6044,17,3,8,"(0.09369258606422372, 0.0, 0.08950620996642342, 0.06659264250122184, 0.07465200933978253, 0.0, 0.06826344941350267, 0.0, 0.0, 0.0)",4
6045,17,3,8,"(0.09369258606422372, 0.0, 0.08950620996642342, 0.08933871484473395, 0.09173902283359818, 0.0, 0.06826344941350267, 0.0, 0.0, 0.0)",9
6046,17,3,8,"(0.09369258606422372, 0.0, 0.08950620996642342, 0.09247639241939104, 0.09173902283359818, 0.0, 0.06826344941350267, 0.0, 0.0, 0.0)",85
6047,17,3,8,"(0.09369258606422372, 0.0, 0.08950620996642342, 0.09247639241939104, 0.07465200933978253, 0.0, 0.06826344941350267, 0.0, 0.0, 0.0)",230
6048,17,3,11,"(0.09033430006888621, 0.21649353508406977, 0.0, 0.0, 0.0, 0.04688669779969397, 0.0, 0.08279881135943302, 0.0, 0.01812760691895582)",1
6049,17,3,11,"(0.0462367223216733, 0.14970886995698662, 0.0, 0.0, 0.0, 0.04688669779969397, 0.0, 0.08279881135943302, 0.0, 0.01812760691895582)",1
6050,17,3,11,"(0.09033430006888621, 0.09355235859329371, 0.0, 0.0, 0.0, 0.06528146999772574, 0.0, 0.049300197583906115, 0.0, 0.01812760691895582)",1
6051,17,3,11,"(0.09033430006888621, 0.1524065138097592, 0.0, 0.0, 0.0, 0.04688669779969397, 0.0, 0.08279881135943302, 0.0, 0.01812760691895582)",2
6052,17,3,11,"(0.08315419620807664, 0.14970886995698662, 0.0, 0.0, 0.0, 0.04688669779969397, 0.0, 0.08279881135943302, 0.0, 0.01812760691895582)",1
6053,17,3,11,"(0.09033430006888621, 0.14970886995698662, 0.0, 0.0, 0.0, 0.04688669779969397, 0.0, 0.08279881135943302, 0.0, 0.01633035169328766)",2
6054,17,3,11,"(0.09033430006888621, 0.14970886995698662, 0.0, 0.0, 0.0, 0.059847969536309116, 0.0, 0.08279881135943302, 0.0, 0.01812760691895582)",4
6055,17,3,11,"(0.09033430006888621, 0.14970886995698662, 0.0, 0.0, 0.0, 0.06353082610992238, 0.0, 0.08279881135943302, 0.0, 0.01812760691895582)",1
6056,17,3,11,"(0.09033430006888621, 0.14970886995698662, 0.0, 0.0, 0.0, 0.06528146999772574, 0.0, 0.08279881135943302, 0.0, 0.01812760691895582)",42
6057,17,3,11,"(0.09033430006888621, 0.14970886995698662, 0.0, 0.0, 0.0, 0.04688669779969397, 0.0, 0.08279881135943302, 0.0, 0.014487396731492139)",1
6058,17,3,11,"(0.09033430006888621, 0.14970886995698662, 0.0, 0.0, 0.0, 0.04688669779969397, 0.0, 0.08279881135943302, 0.0, 0.01812760691895582)",396
6059,17,3,11,"(0.09033430006888621, 0.14970886995698662, 0.0, 0.0, 0.0, 0.04206452716410909, 0.0, 0.08279881135943302, 0.0, 0.01812760691895582)",2
6060,17,3,11,"(0.09033430006888621, 0.14970886995698662, 0.0, 0.0, 0.0, 0.04688669779969397, 0.0, 0.08279881135943302, 0.0, 0.022950474880245784)",8
6061,17,3,13,"(0.0, 0.0, 0.11679612853536596, 0.06920069129515957, 0.12478583006217438, 0.07489992963210028, 0.0, 0.0, 0.14899621190854193, 0.0)",5
6062,17,3,13,"(0.0, 0.0, 0.11679612853536596, 0.06920069129515957, 0.09172770611919409, 0.07489992963210028, 0.0, 0.0, 0.14899621190854193, 0.0)",174
6063,17,3,13,"(0.0, 0.0, 0.05838142787160993, 0.08222430132747871, 0.09172770611919409, 0.07489992963210028, 0.0, 0.0, 0.14899621190854193, 0.0)",2
6064,17,3,13,"(0.0, 0.0, 0.11679612853536596, 0.0702044138198988, 0.07119378844683813, 0.07489992963210028, 0.0, 0.0, 0.14899621190854193, 0.0)",2
6065,17,4,8,"(0.09369258606422372, 0.0, 0.08950620996642342, 0.09247639241939104, 0.09173902283359818, 0.0, 0.06826344941350267, 0.0, 0.0, 0.0)",76
6066,17,4,8,"(0.09369258606422372, 0.0, 0.08950620996642342, 0.09247639241939104, 0.09173902283359818, 0.0, 0.10644379665592747, 0.0, 0.0, 0.0)",3
6067,17,4,8,"(0.09260593161914746, 0.0, 0.08950620996642342, 0.09247639241939104, 0.15200322413183578, 0.0, 0.06826344941350267, 0.0, 0.0, 0.0)",1
6068,17,4,8,"(0.09260593161914746, 0.0, 0.08950620996642342, 0.09247639241939104, 0.07465200933978253, 0.0, 0.06826344941350267, 0.0, 0.0, 0.0)",4
6069,17,4,8,"(0.09369258606422372, 0.0, 0.10575967336353682, 0.09247639241939104, 0.07465200933978253, 0.0, 0.06826344941350267, 0.0, 0.0, 0.0)",1
6070,17,4,8,"(0.09369258606422372, 0.0, 0.06841581196343631, 0.09247639241939104, 0.07465200933978253, 0.0, 0.06826344941350267, 0.0, 0.0, 0.0)",1
6071,17,4,8,"(0.09369258606422372, 0.0, 0.08950620996642342, 0.09247639241939104, 0.07465200933978253, 0.0, 0.06826344941350267, 0.0, 0.0, 0.0)",205
6072,17,4,8,"(0.09369258606422372, 0.0, 0.08950620996642342, 0.10347918979617295, 0.09173902283359818, 0.0, 0.06826344941350267, 0.0, 0.0, 0.0)",1
6073,17,4,8,"(0.09369258606422372, 0.0, 0.08950620996642342, 0.07659270026606858, 0.07465200933978253, 0.0, 0.06826344941350267, 0.0, 0.0, 0.0)",17
6074,17,4,11,"(0.12108812122224223, 0.14970886995698662, 0.0, 0.0, 0.0, 0.04688669779969397, 0.0, 0.08279881135943302, 0.0, 0.01812760691895582)",1
6075,17,4,11,"(0.09033430006888621, 0.11934887602003562, 0.0, 0.0, 0.0, 0.04883069554563785, 0.0, 0.08279881135943302, 0.0, 0.01812760691895582)",2
6076,17,4,11,"(0.09033430006888621, 0.14970886995698662, 0.0, 0.0, 0.0, 0.057153208149724015, 0.0, 0.08279881135943302, 0.0, 0.018742137743242307)",1
6077,17,4,11,"(0.09033430006888621, 0.14970886995698662, 0.0, 0.0, 0.0, 0.04688669779969397, 0.0, 0.08279881135943302, 0.0, 0.01812760691895582)",488
6078,17,4,11,"(0.09033430006888621, 0.2335424797328304, 0.0, 0.0, 0.0, 0.04688669779969397, 0.0, 0.08279881135943302, 0.0, 0.01812760691895582)",1
6079,17,4,11,"(0.06606688516988522, 0.14970886995698662, 0.0, 0.0, 0.0, 0.04688669779969397, 0.0, 0.08279881135943302, 0.0, 0.01812760691895582)",1
6080,17,4,11,"(0.09033430006888621, 0.14970886995698662, 0.0, 0.0, 0.0, 0.06055526004307391, 0.0, 0.08279881135943302, 0.0, 0.01812760691895582)",1
6081,17,4,11,"(0.15437546044971903, 0.12521763900829708, 0.0, 0.0, 0.0, 0.04688669779969397, 0.0, 0.08279881135943302, 0.0, 0.01812760691895582)",1
6082,17,4,11,"(0.09033430006888621, 0.14970886995698662, 0.0, 0.0, 0.0, 0.0402322452437381, 0.0, 0.08279881135943302, 0.0, 0.01812760691895582)",8
6083,17,4,11,"(0.09033430006888621, 0.14970886995698662, 0.0, 0.0, 0.0, 0.04688669779969397, 0.0, 0.05130534161712438, 0.0, 0.01812760691895582)",1
6084,17,4,11,"(0.09033430006888621, 0.2164422211480492, 0.0, 0.0, 0.0, 0.04688669779969397, 0.0, 0.08279881135943302, 0.0, 0.027900480291967553)",1
6085,17,4,11,"(0.09033430006888621, 0.14970886995698662, 0.0, 0.0, 0.0, 0.03367130357789203, 0.0, 0.08279881135943302, 0.0, 0.010745153679339077)",1
6086,17,4,13,"(0.0, 0.0, 0.11679612853536596, 0.06920069129515957, 0.09172770611919409, 0.07489992963210028, 0.0, 0.0, 0.14899621190854193, 0.0)",163
6087,17,4,13,"(0.0, 0.0, 0.11679612853536596, 0.06920069129515957, 0.09172770611919409, 0.07489992963210028, 0.0, 0.0, 0.1949607012804166, 0.0)",3
6088,17,4,13,"(0.0, 0.0, 0.11679612853536596, 0.06920069129515957, 0.09172770611919409, 0.04810653007132927, 0.0, 0.0, 0.14899621190854193, 0.0)",1
6089,17,5,8,"(0.12265085095825466, 0.0, 0.08950620996642342, 0.09247639241939104, 0.07465200933978253, 0.0, 0.06826344941350267, 0.0, 0.0, 0.0)",6
6090,17,5,8,"(0.09369258606422372, 0.0, 0.08950620996642342, 0.09247639241939104, 0.09173902283359818, 0.0, 0.06826344941350267, 0.0, 0.0, 0.0)",30
6091,17,5,8,"(0.09369258606422372, 0.0, 0.08950620996642342, 0.09247639241939104, 0.07465200933978253, 0.0, 0.06826344941350267, 0.0, 0.0, 0.0)",250
6092,17,5,8,"(0.1253046302686223, 0.0, 0.08950620996642342, 0.09247639241939104, 0.07465200933978253, 0.0, 0.06826344941350267, 0.0, 0.0, 0.0)",1
6093,17,5,11,"(0.07851941884762766, 0.14970886995698662, 0.0, 0.0, 0.0, 0.04688669779969397, 0.0, 0.08279881135943302, 0.0, 0.01812760691895582)",2
6094,17,5,11,"(0.2000769003662923, 0.14970886995698662, 0.0, 0.0, 0.0, 0.04688669779969397, 0.0, 0.08279881135943302, 0.0, 0.01812760691895582)",2
6095,17,5,11,"(0.09033430006888621, 0.14970886995698662, 0.0, 0.0, 0.0, 0.055899772928395465, 0.0, 0.08279881135943302, 0.0, 0.01812760691895582)",3
6096,17,5,11,"(0.09033430006888621, 0.14970886995698662, 0.0, 0.0, 0.0, 0.04454781157563524, 0.0, 0.08279881135943302, 0.0, 0.01812760691895582)",1
6097,17,5,11,"(0.09033430006888621, 0.14970886995698662, 0.0, 0.0, 0.0, 0.04688669779969397, 0.0, 0.08279881135943302, 0.0, 0.01812760691895582)",462
6098,17,5,11,"(0.09033430006888621, 0.14970886995698662, 0.0, 0.0, 0.0, 0.04688669779969397, 0.0, 0.061635310098626654, 0.0, 0.01812760691895582)",8
6099,17,5,11,"(0.09033430006888621, 0.14970886995698662, 0.0, 0.0, 0.0, 0.06528146999772574, 0.0, 0.08279881135943302, 0.0, 0.01812760691895582)",25
6100,17,5,11,"(0.05994637544798875, 0.14319816961181372, 0.0, 0.0, 0.0, 0.04688669779969397, 0.0, 0.08279881135943302, 0.0, 0.01973574803400692)",3
6101,17,5,11,"(0.05660423566673166, 0.14970886995698662, 0.0, 0.0, 0.0, 0.06400444533801969, 0.0, 0.08279881135943302, 0.0, 0.01812760691895582)",1
6102,17,5,11,"(0.09033430006888621, 0.14970886995698662, 0.0, 0.0, 0.0, 0.04688669779969397, 0.0, 0.08279881135943302, 0.0, 0.031765346259369664)",3
6103,17,5,11,"(0.09033430006888621, 0.14970886995698662, 0.0, 0.0, 0.0, 0.051548873715099995, 0.0, 0.08279881135943302, 0.0, 0.01812760691895582)",16
6104,17,5,13,"(0.0, 0.0, 0.11679612853536596, 0.06920069129515957, 0.09172770611919409, 0.07489992963210028, 0.0, 0.0, 0.14899621190854193, 0.0)",173
6105,17,5,13,"(0.0, 0.0, 0.11679612853536596, 0.0832428096563406, 0.09172770611919409, 0.07489992963210028, 0.0, 0.0, 0.14899621190854193, 0.0)",2
6106,17,5,13,"(0.0, 0.0, 0.11679612853536596, 0.06920069129515957, 0.09172770611919409, 0.09363931960098681, 0.0, 0.0, 0.14899621190854193, 0.0)",1
6107,17,6,8,"(0.09369258606422372, 0.0, 0.08807665465154173, 0.09247639241939104, 0.09173902283359818, 0.0, 0.03065023618670982, 0.0, 0.0, 0.0)",32
6108,17,6,8,"(0.09369258606422372, 0.0, 0.08950620996642342, 0.09247639241939104, 0.09173902283359818, 0.0, 0.06826344941350267, 0.0, 0.0, 0.0)",222
6109,17,6,8,"(0.09369258606422372, 0.0, 0.08950620996642342, 0.09247639241939104, 0.09173902283359818, 0.0, 0.035109147327158356, 0.0, 0.0, 0.0)",25
6110,17,6,8,"(0.09369258606422372, 0.0, 0.08950620996642342, 0.09247639241939104, 0.09173902283359818, 0.0, 0.16297228532773417, 0.0, 0.0, 0.0)",5
6111,17,6,8,"(0.09369258606422372, 0.0, 0.08950620996642342, 0.047789948518078385, 0.09173902283359818, 0.0, 0.06826344941350267, 0.0, 0.0, 0.0)",1
6112,17,6,8,"(0.09369258606422372, 0.0, 0.08950620996642342, 0.09247639241939104, 0.08707232255854362, 0.0, 0.035109147327158356, 0.0, 0.0, 0.0)",4
6113,17,6,8,"(0.09369258606422372, 0.0, 0.09886232529533268, 0.09247639241939104, 0.09173902283359818, 0.0, 0.04357037093627773, 0.0, 0.0, 0.0)",27
6114,17,6,11,"(0.09202813643251306, 0.14970886995698662, 0.0, 0.0, 0.0, 0.04688669779969397, 0.0, 0.08279881135943302, 0.0, 0.01812760691895582)",5
6115,17,6,11,"(0.09033430006888621, 0.09499881035198218, 0.0, 0.0, 0.0, 0.04688669779969397, 0.0, 0.08279881135943302, 0.0, 0.01812760691895582)",1
6116,17,6,11,"(0.09033430006888621, 0.14970886995698662, 0.0, 0.0, 0.0, 0.04688669779969397, 0.0, 0.08279881135943302, 0.0, 0.03156429956440058)",1
6117,17,6,11,"(0.10773411952902331, 0.14970886995698662, 0.0, 0.0, 0.0, 0.04688669779969397, 0.0, 0.08279881135943302, 0.0, 0.01812760691895582)",3
6118,17,6,11,"(0.09033430006888621, 0.14970886995698662, 0.0, 0.0, 0.0, 0.06528146999772574, 0.0, 0.08279881135943302, 0.0, 0.01812760691895582)",6
6119,17,6,11,"(0.09033430006888621, 0.10027693799190276, 0.0, 0.0, 0.0, 0.04688669779969397, 0.0, 0.08279881135943302, 0.0, 0.01812760691895582)",2
6120,17,6,11,"(0.0996054012267636, 0.14970886995698662, 0.0, 0.0, 0.0, 0.04688669779969397, 0.0, 0.08279881135943302, 0.0, 0.01812760691895582)",1
6121,17,6,11,"(0.09033430006888621, 0.14970886995698662, 0.0, 0.0, 0.0, 0.04688669779969397, 0.0, 0.08279881135943302, 0.0, 0.01812760691895582)",444
6122,17,6,13,"(0.0, 0.0, 0.16379178202512645, 0.06920069129515957, 0.09172770611919409, 0.03908581466787306, 0.0, 0.0, 0.14899621190854193, 0.0)",1
6123,17,6,13,"(0.0, 0.0, 0.13436391861108862, 0.06920069129515957, 0.09172770611919409, 0.07489992963210028, 0.0, 0.0, 0.14899621190854193, 0.0)",4
6124,17,6,13,"(0.0, 0.0, 0.11679612853536596, 0.06920069129515957, 0.09172770611919409, 0.07489992963210028, 0.0, 0.0, 0.14899621190854193, 0.0)",158
6125,17,7,8,"(0.09369258606422372, 0.0, 0.08950620996642342, 0.09247639241939104, 0.09173902283359818, 0.0, 0.06826344941350267, 0.0, 0.0, 0.0)",91
6126,17,7,8,"(0.09369258606422372, 0.0, 0.09886232529533268, 0.09247639241939104, 0.09173902283359818, 0.0, 0.04357037093627773, 0.0, 0.0, 0.0)",231
6127,17,7,8,"(0.09369258606422372, 0.0, 0.07279773243151184, 0.08125911789620047, 0.14212799565344492, 0.0, 0.04357037093627773, 0.0, 0.0, 0.0)",1
6128,17,7,8,"(0.09369258606422372, 0.0, 0.09886232529533268, 0.09247639241939104, 0.09173902283359818, 0.0, 0.0257828069865294, 0.0, 0.0, 0.0)",1
6129,17,7,8,"(0.09369258606422372, 0.0, 0.08807665465154173, 0.09247639241939104, 0.09173902283359818, 0.0, 0.03065023618670982, 0.0, 0.0, 0.0)",48
6130,17,7,8,"(0.05279064319383317, 0.0, 0.09886232529533268, 0.09247639241939104, 0.09173902283359818, 0.0, 0.04630340953732466, 0.0, 0.0, 0.0)",2
6131,17,7,8,"(0.09369258606422372, 0.0, 0.05504955703182133, 0.09247639241939104, 0.09173902283359818, 0.0, 0.02493567658338247, 0.0, 0.0, 0.0)",35
6132,17,7,11,"(0.09033430006888621, 0.18894593936952644, 0.0, 0.0, 0.0, 0.06528146999772574, 0.0, 0.08279881135943302, 0.0, 0.026633866285110365)",33
6133,17,7,11,"(0.09033430006888621, 0.14970886995698662, 0.0, 0.0, 0.0, 0.06528146999772574, 0.0, 0.08279881135943302, 0.0, 0.01812760691895582)",104
6134,17,7,11,"(0.09177367930559137, 0.18894593936952644, 0.0, 0.0, 0.0, 0.06528146999772574, 0.0, 0.08279881135943302, 0.0, 0.01640727726367708)",1
6135,17,7,11,"(0.09033430006888621, 0.14970886995698662, 0.0, 0.0, 0.0, 0.04688669779969397, 0.0, 0.08279881135943302, 0.0, 0.01245118058676344)",18
6136,17,7,11,"(0.10011131776111239, 0.14970886995698662, 0.0, 0.0, 0.0, 0.06528146999772574, 0.0, 0.08279881135943302, 0.0, 0.01812760691895582)",4
6137,17,7,11,"(0.09033430006888621, 0.14970886995698662, 0.0, 0.0, 0.0, 0.04688669779969397, 0.0, 0.08279881135943302, 0.0, 0.01812760691895582)",257
6138,17,7,11,"(0.09177367930559137, 0.18894593936952644, 0.0, 0.0, 0.0, 0.06528146999772574, 0.0, 0.08279881135943302, 0.0, 0.026633866285110365)",4
6139,17,7,11,"(0.08923981302273575, 0.18894593936952644, 0.0, 0.0, 0.0, 0.06528146999772574, 0.0, 0.08279881135943302, 0.0, 0.026633866285110365)",1
6140,17,7,11,"(0.11312792879344696, 0.14970886995698662, 0.0, 0.0, 0.0, 0.04688669779969397, 0.0, 0.08279881135943302, 0.0, 0.01812760691895582)",1
6141,17,7,13,"(0.0, 0.0, 0.11679612853536596, 0.06920069129515957, 0.09172770611919409, 0.07489992963210028, 0.0, 0.0, 0.14899621190854193, 0.0)",137
6142,17,7,13,"(0.0, 0.0, 0.11679612853536596, 0.06920069129515957, 0.09172770611919409, 0.07489992963210028, 0.0, 0.0, 0.1840634264856451, 0.0)",2
6143,17,7,13,"(0.0, 0.0, 0.11679612853536596, 0.06920069129515957, 0.08807492415175756, 0.07491124609763274, 0.0, 0.0, 0.14899621190854193, 0.0)",10
6144,17,7,13,"(0.0, 0.0, 0.11679612853536596, 0.049535190687976134, 0.07442207978273356, 0.07489992963210028, 0.0, 0.0, 0.12306111106248821, 0.0)",2
6145,17,7,13,"(0.0, 0.0, 0.11679612853536596, 0.06920069129515957, 0.09172770611919409, 0.07911619772207591, 0.0, 0.0, 0.15696190222016346, 0.0)",1
6146,17,7,13,"(0.0, 0.0, 0.11679612853536596, 0.06920069129515957, 0.09172770611919409, 0.07393429162509953, 0.0, 0.0, 0.14899621190854193, 0.0)",1
6147,17,8,8,"(0.09369258606422372, 0.0, 0.08950620996642342, 0.0899196093710624, 0.07337493392746416, 0.0, 0.09589485136230677, 0.0, 0.0, 0.0)",42
6148,17,8,8,"(0.09369258606422372, 0.0, 0.09886232529533268, 0.09247639241939104, 0.09173902283359818, 0.0, 0.04357037093627773, 0.0, 0.0, 0.0)",58
6149,17,8,8,"(0.09369258606422372, 0.0, 0.09886232529533268, 0.20868631285350658, 0.09173902283359818, 0.0, 0.05130250308545572, 0.0, 0.0, 0.0)",4
6150,17,8,8,"(0.09369258606422372, 0.0, 0.08950620996642342, 0.09247639241939104, 0.09173902283359818, 0.0, 0.06826344941350267, 0.0, 0.0, 0.0)",126
6151,17,8,8,"(0.09369258606422372, 0.0, 0.09886232529533268, 0.04503356406267351, 0.07434379827370362, 0.0, 0.04357037093627773, 0.0, 0.0, 0.0)",1
6152,17,8,8,"(0.0892933748142833, 0.0, 0.05361559840880742, 0.12294021344272962, 0.09173902283359818, 0.0, 0.04357037093627773, 0.0, 0.0, 0.0)",1
6153,17,8,8,"(0.09369258606422372, 0.0, 0.08950620996642342, 0.10801686369019758, 0.09173902283359818, 0.0, 0.035109147327158356, 0.0, 0.0, 0.0)",1
6154,17,8,8,"(0.09369258606422372, 0.0, 0.08950620996642342, 0.09247639241939104, 0.09173902283359818, 0.0, 0.035109147327158356, 0.0, 0.0, 0.0)",81
6155,17,8,11,"(0.09033430006888621, 0.14970886995698662, 0.0, 0.0, 0.0, 0.06291570598940036, 0.0, 0.08279881135943302, 0.0, 0.01812760691895582)",3
6156,17,8,11,"(0.09033430006888621, 0.14970886995698662, 0.0, 0.0, 0.0, 0.04688669779969397, 0.0, 0.08279881135943302, 0.0, 0.01812760691895582)",302
6157,17,8,11,"(0.09033430006888621, 0.09437037387507079, 0.0, 0.0, 0.0, 0.04688669779969397, 0.0, 0.08279881135943302, 0.0, 0.012584444853328334)",1
6158,17,8,11,"(0.15727912018071583, 0.14970886995698662, 0.0, 0.0, 0.0, 0.05193497334926305, 0.0, 0.08279881135943302, 0.0, 0.02238061411605809)",2
6159,17,8,11,"(0.09033430006888621, 0.16177993884979616, 0.0, 0.0, 0.0, 0.04688669779969397, 0.0, 0.08279881135943302, 0.0, 0.012584444853328334)",45
6160,17,8,11,"(0.09033430006888621, 0.09075687495182685, 0.0, 0.0, 0.0, 0.04688669779969397, 0.0, 0.08279881135943302, 0.0, 0.01812760691895582)",1
6161,17,8,11,"(0.09033430006888621, 0.18894593936952644, 0.0, 0.0, 0.0, 0.06528146999772574, 0.0, 0.08279881135943302, 0.0, 0.026633866285110365)",6
6162,17,8,11,"(0.09033430006888621, 0.14970886995698662, 0.0, 0.0, 0.0, 0.060204975033535016, 0.0, 0.08279881135943302, 0.0, 0.01812760691895582)",8
6163,17,8,11,"(0.09033430006888621, 0.14970886995698662, 0.0, 0.0, 0.0, 0.04688669779969397, 0.0, 0.04836508651271871, 0.0, 0.019698782442724026)",2
6164,17,8,11,"(0.09033430006888621, 0.14970886995698662, 0.0, 0.0, 0.0, 0.06528146999772574, 0.0, 0.08279881135943302, 0.0, 0.01812760691895582)",118
6165,17,8,13,"(0.0, 0.0, 0.11679612853536596, 0.06920069129515957, 0.09172770611919409, 0.07489992963210028, 0.0, 0.0, 0.14899621190854193, 0.0)",173
6166,17,9,8,"(0.09369258606422372, 0.0, 0.08950620996642342, 0.09247639241939104, 0.07465200933978253, 0.0, 0.06826344941350267, 0.0, 0.0, 0.0)",254
6167,17,9,8,"(0.05677577454892635, 0.0, 0.08950620996642342, 0.09247639241939104, 0.09173902283359818, 0.0, 0.06826344941350267, 0.0, 0.0, 0.0)",12
6168,17,9,8,"(0.20792786303654, 0.0, 0.08950620996642342, 0.09247639241939104, 0.09173902283359818, 0.0, 0.06826344941350267, 0.0, 0.0, 0.0)",3
6169,17,9,8,"(0.09369258606422372, 0.0, 0.08950620996642342, 0.09247639241939104, 0.09173902283359818, 0.0, 0.06826344941350267, 0.0, 0.0, 0.0)",52
6170,17,9,11,"(0.09033430006888621, 0.14970886995698662, 0.0, 0.0, 0.0, 0.0491412795601238, 0.0, 0.08279881135943302, 0.0, 0.01812760691895582)",4
6171,17,9,11,"(0.04936718299364854, 0.14970886995698662, 0.0, 0.0, 0.0, 0.025587470558816494, 0.0, 0.08279881135943302, 0.0, 0.011584071522421652)",3
6172,17,9,11,"(0.09033430006888621, 0.14970886995698662, 0.0, 0.0, 0.0, 0.04688669779969397, 0.0, 0.08279881135943302, 0.0, 0.01812760691895582)",482
6173,17,9,11,"(0.03961111761749297, 0.14735773706509847, 0.0, 0.0, 0.0, 0.04688669779969397, 0.0, 0.08279881135943302, 0.0, 0.01812760691895582)",2
6174,17,9,11,"(0.08039035457996993, 0.14970886995698662, 0.0, 0.0, 0.0, 0.04688669779969397, 0.0, 0.08279881135943302, 0.0, 0.01812760691895582)",2
6175,17,9,11,"(0.09033430006888621, 0.154280487776843, 0.0, 0.0, 0.0, 0.04688669779969397, 0.0, 0.08279881135943302, 0.0, 0.022466254615665496)",1
6176,17,9,11,"(0.09033430006888621, 0.14970886995698662, 0.0, 0.0, 0.0, 0.04688669779969397, 0.0, 0.10904348981266564, 0.0, 0.01812760691895582)",2
6177,17,9,11,"(0.04620217888542522, 0.14970886995698662, 0.0, 0.0, 0.0, 0.04688669779969397, 0.0, 0.08279881135943302, 0.0, 0.01812760691895582)",1
6178,17,9,11,"(0.1595599602672221, 0.14970886995698662, 0.0, 0.0, 0.0, 0.04688669779969397, 0.0, 0.08279881135943302, 0.0, 0.010477300917899834)",3
6179,17,9,13,"(0.0, 0.0, 0.11679612853536596, 0.044626060153488516, 0.08270463896663303, 0.07489992963210028, 0.0, 0.0, 0.14899621190854193, 0.0)",55
6180,17,9,13,"(0.0, 0.0, 0.11679612853536596, 0.06920069129515957, 0.09172770611919409, 0.07489992963210028, 0.0, 0.0, 0.14899621190854193, 0.0)",128
6181,17,9,13,"(0.0, 0.0, 0.11679612853536596, 0.044626060153488516, 0.09363142957377243, 0.07489992963210028, 0.0, 0.0, 0.14899621190854193, 0.0)",6
6182,17,10,8,"(0.09369258606422372, 0.0, 0.08950620996642342, 0.09247639241939104, 0.07465200933978253, 0.0, 0.19419081267206015, 0.0, 0.0, 0.0)",1
6183,17,10,8,"(0.09369258606422372, 0.0, 0.08950620996642342, 0.09247639241939104, 0.057796973099565815, 0.0, 0.06826344941350267, 0.0, 0.0, 0.0)",1
6184,17,10,8,"(0.09369258606422372, 0.0, 0.08950620996642342, 0.09247639241939104, 0.07465200933978253, 0.0, 0.06826344941350267, 0.0, 0.0, 0.0)",212
6185,17,10,8,"(0.09369258606422372, 0.0, 0.08950620996642342, 0.09247639241939104, 0.09173902283359818, 0.0, 0.06826344941350267, 0.0, 0.0, 0.0)",133
6186,17,10,11,"(0.09033430006888621, 0.14970886995698662, 0.0, 0.0, 0.0, 0.04688669779969397, 0.0, 0.08279881135943302, 0.0, 0.02828532265569728)",1
6187,17,10,11,"(0.09033430006888621, 0.14970886995698662, 0.0, 0.0, 0.0, 0.03512281514161151, 0.0, 0.08279881135943302, 0.0, 0.020736783247142516)",1
6188,17,10,11,"(0.09033430006888621, 0.14970886995698662, 0.0, 0.0, 0.0, 0.04688669779969397, 0.0, 0.055035247056643095, 0.0, 0.017905744819325976)",5
6189,17,10,11,"(0.09033430006888621, 0.14067207388967823, 0.0, 0.0, 0.0, 0.04688669779969397, 0.0, 0.08279881135943302, 0.0, 0.01812760691895582)",3
6190,17,10,11,"(0.09033430006888621, 0.14970886995698662, 0.0, 0.0, 0.0, 0.04688669779969397, 0.0, 0.1343217159048606, 0.0, 0.01812760691895582)",1
6191,17,10,11,"(0.09033430006888621, 0.14970886995698662, 0.0, 0.0, 0.0, 0.04688669779969397, 0.0, 0.08279881135943302, 0.0, 0.01812760691895582)",442
6192,17,10,11,"(0.10565039341219619, 0.14970886995698662, 0.0, 0.0, 0.0, 0.04688669779969397, 0.0, 0.08279881135943302, 0.0, 0.01812760691895582)",5
6193,17,10,11,"(0.09033430006888621, 0.14970886995698662, 0.0, 0.0, 0.0, 0.04688669779969397, 0.0, 0.05487888152091604, 0.0, 0.034527080793372446)",2
6194,17,10,11,"(0.09033430006888621, 0.14970886995698662, 0.0, 0.0, 0.0, 0.04688669779969397, 0.0, 0.08279881135943302, 0.0, 0.025876088198795524)",2
6195,17,10,11,"(0.09033430006888621, 0.16296048279971262, 0.0, 0.0, 0.0, 0.04688669779969397, 0.0, 0.08279881135943302, 0.0, 0.01812760691895582)",1
6196,17,10,11,"(0.09033430006888621, 0.1239276260449226, 0.0, 0.0, 0.0, 0.04688669779969397, 0.0, 0.08279881135943302, 0.0, 0.01812760691895582)",1
6197,17,10,13,"(0.0, 0.0, 0.10855668641979971, 0.06920069129515957, 0.09172770611919409, 0.07489992963210028, 0.0, 0.0, 0.14899621190854193, 0.0)",1
6198,17,10,13,"(0.0, 0.0, 0.11679612853536596, 0.06920069129515957, 0.09172770611919409, 0.07489992963210028, 0.0, 0.0, 0.14899621190854193, 0.0)",204
6199,17,11,8,"(0.05677577454892635, 0.0, 0.08950620996642342, 0.09247639241939104, 0.09173902283359818, 0.0, 0.06826344941350267, 0.0, 0.0, 0.0)",3
6200,17,11,8,"(0.09369258606422372, 0.0, 0.10277374891168214, 0.09247639241939104, 0.08595485035076102, 0.0, 0.06826344941350267, 0.0, 0.0, 0.0)",1
6201,17,11,8,"(0.06801324511118943, 0.0, 0.08950620996642342, 0.09247639241939104, 0.06112089478450676, 0.0, 0.06826344941350267, 0.0, 0.0, 0.0)",5
6202,17,11,8,"(0.09369258606422372, 0.0, 0.08950620996642342, 0.09247639241939104, 0.09173902283359818, 0.0, 0.06826344941350267, 0.0, 0.0, 0.0)",137
6203,17,11,8,"(0.09369258606422372, 0.0, 0.08950620996642342, 0.09247639241939104, 0.07465200933978253, 0.0, 0.06826344941350267, 0.0, 0.0, 0.0)",214
6204,17,11,11,"(0.09033430006888621, 0.1492779605459724, 0.0, 0.0, 0.0, 0.04688669779969397, 0.0, 0.08279881135943302, 0.0, 0.01601970482850595)",2
6205,17,11,11,"(0.09033430006888621, 0.14970886995698662, 0.0, 0.0, 0.0, 0.0257984239299921, 0.0, 0.08279881135943302, 0.0, 0.01812760691895582)",3
6206,17,11,11,"(0.03679229874343968, 0.11053344317033521, 0.0, 0.0, 0.0, 0.04688669779969397, 0.0, 0.08279881135943302, 0.0, 0.01812760691895582)",23
6207,17,11,11,"(0.09033430006888621, 0.14970886995698662, 0.0, 0.0, 0.0, 0.04688669779969397, 0.0, 0.08279881135943302, 0.0, 0.01812760691895582)",348
6208,17,11,11,"(0.05859548703340731, 0.1633069099368119, 0.0, 0.0, 0.0, 0.04688669779969397, 0.0, 0.08279881135943302, 0.0, 0.01812760691895582)",2
6209,17,11,11,"(0.09423213660013137, 0.14970886995698662, 0.0, 0.0, 0.0, 0.04688669779969397, 0.0, 0.08279881135943302, 0.0, 0.01812760691895582)",1
6210,17,11,11,"(0.09033430006888621, 0.14970886995698662, 0.0, 0.0, 0.0, 0.06135491665703799, 0.0, 0.08279881135943302, 0.0, 0.01812760691895582)",1
6211,17,11,11,"(0.09033430006888621, 0.14970886995698662, 0.0, 0.0, 0.0, 0.04688669779969397, 0.0, 0.08279881135943302, 0.0, 0.017916110959527474)",1
6212,17,11,11,"(0.09033430006888621, 0.14970886995698662, 0.0, 0.0, 0.0, 0.04834979342577, 0.0, 0.08279881135943302, 0.0, 0.01812760691895582)",1
6213,17,11,11,"(0.09033430006888621, 0.14970886995698662, 0.0, 0.0, 0.0, 0.030445703869823725, 0.0, 0.08279881135943302, 0.0, 0.01812760691895582)",1
6214,17,11,11,"(0.09033430006888621, 0.14970886995698662, 0.0, 0.0, 0.0, 0.04688669779969397, 0.0, 0.08118759517630557, 0.0, 0.01812760691895582)",2
6215,17,11,11,"(0.09033430006888621, 0.14970886995698662, 0.0, 0.0, 0.0, 0.04688669779969397, 0.0, 0.1707928855223955, 0.0, 0.01812760691895582)",2
6216,17,11,13,"(0.0, 0.0, 0.11679612853536596, 0.06920069129515957, 0.09172770611919409, 0.07489992963210028, 0.0, 0.0, 0.14899621190854193, 0.0)",179
6217,17,11,13,"(0.0, 0.0, 0.11679612853536596, 0.07362626853062079, 0.09172770611919409, 0.07489992963210028, 0.0, 0.0, 0.14899621190854193, 0.0)",5
6218,17,12,8,"(0.09369258606422372, 0.0, 0.08950620996642342, 0.09247639241939104, 0.07465200933978253, 0.0, 0.06826344941350267, 0.0, 0.0, 0.0)",280
6219,17,12,8,"(0.09369258606422372, 0.0, 0.08950620996642342, 0.09247639241939104, 0.09173902283359818, 0.0, 0.06826344941350267, 0.0, 0.0, 0.0)",1
6220,17,12,8,"(0.14517887344053781, 0.0, 0.08950620996642342, 0.09247639241939104, 0.09173902283359818, 0.0, 0.06826344941350267, 0.0, 0.0, 0.0)",3
6221,17,12,8,"(0.08257294427892088, 0.0, 0.08950620996642342, 0.09247639241939104, 0.07465200933978253, 0.0, 0.06826344941350267, 0.0, 0.0, 0.0)",1
6222,17,12,8,"(0.09369258606422372, 0.0, 0.08950620996642342, 0.09247639241939104, 0.0720165901700028, 0.0, 0.06826344941350267, 0.0, 0.0, 0.0)",2
6223,17,12,8,"(0.09369258606422372, 0.0, 0.09583088592010183, 0.09247639241939104, 0.07465200933978253, 0.0, 0.06826344941350267, 0.0, 0.0, 0.0)",1
6224,17,12,8,"(0.09369258606422372, 0.0, 0.08950620996642342, 0.09247639241939104, 0.10748766092601038, 0.0, 0.06826344941350267, 0.0, 0.0, 0.0)",14
6225,17,12,8,"(0.09369258606422372, 0.0, 0.05833767954120517, 0.09247639241939104, 0.07465200933978253, 0.0, 0.06826344941350267, 0.0, 0.0, 0.0)",2
6226,17,12,11,"(0.09033430006888621, 0.06505638160816592, 0.0, 0.0, 0.0, 0.04688669779969397, 0.0, 0.07858463689537372, 0.0, 0.01812760691895582)",3
6227,17,12,11,"(0.09033430006888621, 0.06505638160816592, 0.0, 0.0, 0.0, 0.04688669779969397, 0.0, 0.08279881135943302, 0.0, 0.01812760691895582)",338
6228,17,12,11,"(0.06257326067159572, 0.14970886995698662, 0.0, 0.0, 0.0, 0.04688669779969397, 0.0, 0.08279881135943302, 0.0, 0.01812760691895582)",4
6229,17,12,11,"(0.18171699748063436, 0.06505638160816592, 0.0, 0.0, 0.0, 0.041816448967373326, 0.0, 0.08279881135943302, 0.0, 0.010772928886965186)",2
6230,17,12,11,"(0.09033430006888621, 0.09803827577158221, 0.0, 0.0, 0.0, 0.04688669779969397, 0.0, 0.061047889756449265, 0.0, 0.01812760691895582)",1
6231,17,12,11,"(0.09033430006888621, 0.06505638160816592, 0.0, 0.0, 0.0, 0.03512783253805006, 0.0, 0.08279881135943302, 0.0, 0.01812760691895582)",1
6232,17,12,11,"(0.09033430006888621, 0.14970886995698662, 0.0, 0.0, 0.0, 0.04688669779969397, 0.0, 0.08279881135943302, 0.0, 0.01812760691895582)",173
6233,17,12,11,"(0.09033430006888621, 0.06505638160816592, 0.0, 0.0, 0.0, 0.04688669779969397, 0.0, 0.08279881135943302, 0.0, 0.02271606616696493)",1
6234,17,12,11,"(0.09033430006888621, 0.14970886995698662, 0.0, 0.0, 0.0, 0.04688669779969397, 0.0, 0.12437522986651915, 0.0, 0.01812760691895582)",2
6235,17,12,13,"(0.0, 0.0, 0.11679612853536596, 0.06920069129515957, 0.09172770611919409, 0.07489992963210028, 0.0, 0.0, 0.14899621190854193, 0.0)",163
6236,17,12,13,"(0.0, 0.0, 0.11679612853536596, 0.06920069129515957, 0.17749392202087946, 0.07489992963210028, 0.0, 0.0, 0.14899621190854193, 0.0)",2
6237,17,12,13,"(0.0, 0.0, 0.11679612853536596, 0.06920069129515957, 0.09172770611919409, 0.07489992963210028, 0.0, 0.0, 0.18526910239954286, 0.0)",1
6238,17,12,13,"(0.0, 0.0, 0.11679612853536596, 0.06920069129515957, 0.11241335162457879, 0.07489992963210028, 0.0, 0.0, 0.14899621190854193, 0.0)",11
6239,17,13,8,"(0.09369258606422372, 0.0, 0.08950620996642342, 0.09247639241939104, 0.09173902283359818, 0.0, 0.06826344941350267, 0.0, 0.0, 0.0)",103
6240,17,13,8,"(0.09369258606422372, 0.0, 0.08950620996642342, 0.1272364807120543, 0.07465200933978253, 0.0, 0.06826344941350267, 0.0, 0.0, 0.0)",1
6241,17,13,8,"(0.09369258606422372, 0.0, 0.08950620996642342, 0.09247639241939104, 0.07465200933978253, 0.0, 0.06826344941350267, 0.0, 0.0, 0.0)",290
6242,17,13,8,"(0.11887784313013777, 0.0, 0.08950620996642342, 0.09247639241939104, 0.09173902283359818, 0.0, 0.06826344941350267, 0.0, 0.0, 0.0)",1
6243,17,13,8,"(0.04042524752362128, 0.0, 0.08950620996642342, 0.09247639241939104, 0.07465200933978253, 0.0, 0.06826344941350267, 0.0, 0.0, 0.0)",1
6244,17,13,8,"(0.09369258606422372, 0.0, 0.08950620996642342, 0.09744796316331865, 0.07465200933978253, 0.0, 0.06826344941350267, 0.0, 0.0, 0.0)",3
6245,17,13,8,"(0.09369258606422372, 0.0, 0.05851681824997112, 0.09247639241939104, 0.07465200933978253, 0.0, 0.06826344941350267, 0.0, 0.0, 0.0)",7
6246,17,13,11,"(0.14175992206084237, 0.2019289427518729, 0.0, 0.0, 0.0, 0.03531086438854436, 0.0, 0.08279881135943302, 0.0, 0.03916765684532628)",3
6247,17,13,11,"(0.09033430006888621, 0.14970886995698662, 0.0, 0.0, 0.0, 0.04688669779969397, 0.0, 0.08279881135943302, 0.0, 0.01812760691895582)",311
6248,17,13,11,"(0.09033430006888621, 0.14970886995698662, 0.0, 0.0, 0.0, 0.025699422355346724, 0.0, 0.08279881135943302, 0.0, 0.01812760691895582)",2
6249,17,13,11,"(0.09033430006888621, 0.14970886995698662, 0.0, 0.0, 0.0, 0.04688669779969397, 0.0, 0.07425130475425618, 0.0, 0.01812760691895582)",2
6250,17,13,11,"(0.09033430006888621, 0.14970886995698662, 0.0, 0.0, 0.0, 0.04688669779969397, 0.0, 0.07674026820186314, 0.0, 0.023382319569847765)",2
6251,17,13,11,"(0.09033430006888621, 0.06505638160816592, 0.0, 0.0, 0.0, 0.04688669779969397, 0.0, 0.08279881135943302, 0.0, 0.01812760691895582)",63
6252,17,13,11,"(0.09033430006888621, 0.08027262221114685, 0.0, 0.0, 0.0, 0.04688669779969397, 0.0, 0.08279881135943302, 0.0, 0.01812760691895582)",1
6253,17,13,13,"(0.0, 0.0, 0.11679612853536596, 0.06920069129515957, 0.08097302626429442, 0.07489992963210028, 0.0, 0.0, 0.14899621190854193, 0.0)",1
6254,17,13,13,"(0.0, 0.0, 0.11679612853536596, 0.06920069129515957, 0.09172770611919409, 0.07489992963210028, 0.0, 0.0, 0.14899621190854193, 0.0)",198
6255,17,13,13,"(0.0, 0.0, 0.11679612853536596, 0.08457901002771301, 0.09172770611919409, 0.07489992963210028, 0.0, 0.0, 0.14899621190854193, 0.0)",1
6256,17,13,13,"(0.0, 0.0, 0.11679612853536596, 0.06920069129515957, 0.0411809880093364, 0.07489992963210028, 0.0, 0.0, 0.14899621190854193, 0.0)",3
6257,17,13,13,"(0.0, 0.0, 0.11679612853536596, 0.05465278683931786, 0.09172770611919409, 0.07489992963210028, 0.0, 0.0, 0.14899621190854193, 0.0)",1
6258,17,14,8,"(0.09369258606422372, 0.0, 0.08996670421218265, 0.09247639241939104, 0.07465200933978253, 0.0, 0.06826344941350267, 0.0, 0.0, 0.0)",1
6259,17,14,8,"(0.09369258606422372, 0.0, 0.08950620996642342, 0.09247639241939104, 0.07465200933978253, 0.0, 0.06826344941350267, 0.0, 0.0, 0.0)",287
6260,17,14,8,"(0.09369258606422372, 0.0, 0.08950620996642342, 0.09247639241939104, 0.09173902283359818, 0.0, 0.06826344941350267, 0.0, 0.0, 0.0)",26
6261,17,14,11,"(0.09033430006888621, 0.14970886995698662, 0.0, 0.0, 0.0, 0.04688669779969397, 0.0, 0.0968633529095641, 0.0, 0.01812760691895582)",1
6262,17,14,11,"(0.09033430006888621, 0.06505638160816592, 0.0, 0.0, 0.0, 0.04688669779969397, 0.0, 0.08279881135943302, 0.0, 0.01812760691895582)",111
6263,17,14,11,"(0.09033430006888621, 0.14970886995698662, 0.0, 0.0, 0.0, 0.04688669779969397, 0.0, 0.08279881135943302, 0.0, 0.01812760691895582)",421
6264,17,14,11,"(0.05572980726664442, 0.14970886995698662, 0.0, 0.0, 0.0, 0.04688669779969397, 0.0, 0.08279881135943302, 0.0, 0.01812760691895582)",1
6265,17,14,11,"(0.09033430006888621, 0.18217112763019586, 0.0, 0.0, 0.0, 0.04688669779969397, 0.0, 0.08279881135943302, 0.0, 0.01812760691895582)",1
6266,17,14,11,"(0.09033430006888621, 0.14970886995698662, 0.0, 0.0, 0.0, 0.0479059869965402, 0.0, 0.08279881135943302, 0.0, 0.01812760691895582)",1
6267,17,14,13,"(0.0, 0.0, 0.11679612853536596, 0.06920069129515957, 0.09172770611919409, 0.07489992963210028, 0.0, 0.0, 0.14899621190854193, 0.0)",167
6268,17,14,13,"(0.0, 0.0, 0.13160718847002284, 0.06920069129515957, 0.09172770611919409, 0.07489992963210028, 0.0, 0.0, 0.14899621190854193, 0.0)",1
6269,17,14,13,"(0.0, 0.0, 0.11679612853536596, 0.06920069129515957, 0.09172770611919409, 0.05566971056414219, 0.0, 0.0, 0.14899621190854193, 0.0)",1
6270,17,14,13,"(0.0, 0.0, 0.11679612853536596, 0.06920069129515957, 0.07864122164683864, 0.07489992963210028, 0.0, 0.0, 0.14899621190854193, 0.0)",2
6271,17,14,13,"(0.0, 0.0, 0.11679612853536596, 0.06920069129515957, 0.11241335162457879, 0.07489992963210028, 0.0, 0.0, 0.14899621190854193, 0.0)",9
6272,17,14,13,"(0.0, 0.0, 0.11679612853536596, 0.11852345323759945, 0.09172770611919409, 0.07489992963210028, 0.0, 0.0, 0.10815927854161163, 0.0)",1
6273,17,15,8,"(0.09369258606422372, 0.0, 0.08950620996642342, 0.09247639241939104, 0.04750329249841636, 0.0, 0.06826344941350267, 0.0, 0.0, 0.0)",2
6274,17,15,8,"(0.09369258606422372, 0.0, 0.08950620996642342, 0.09247639241939104, 0.07987686319407876, 0.0, 0.06826344941350267, 0.0, 0.0, 0.0)",5
6275,17,15,8,"(0.09369258606422372, 0.0, 0.08950620996642342, 0.09247639241939104, 0.09173902283359818, 0.0, 0.06826344941350267, 0.0, 0.0, 0.0)",208
6276,17,15,8,"(0.09369258606422372, 0.0, 0.08950620996642342, 0.09247639241939104, 0.07976577454009252, 0.0, 0.06826344941350267, 0.0, 0.0, 0.0)",4
6277,17,15,8,"(0.09369258606422372, 0.0, 0.08950620996642342, 0.09247639241939104, 0.09173902283359818, 0.0, 0.045229227558972726, 0.0, 0.0, 0.0)",2
6278,17,15,8,"(0.09369258606422372, 0.0, 0.08950620996642342, 0.1101918149945111, 0.09173902283359818, 0.0, 0.04279048623237783, 0.0, 0.0, 0.0)",1
6279,17,15,8,"(0.09369258606422372, 0.0, 0.08950620996642342, 0.09247639241939104, 0.07465200933978253, 0.0, 0.06826344941350267, 0.0, 0.0, 0.0)",92
6280,17,15,11,"(0.09033430006888621, 0.13680302487352783, 0.0, 0.0, 0.0, 0.04688669779969397, 0.0, 0.08279881135943302, 0.0, 0.01812760691895582)",1
6281,17,15,11,"(0.09033430006888621, 0.14970886995698662, 0.0, 0.0, 0.0, 0.046027403075274205, 0.0, 0.08279881135943302, 0.0, 0.01812760691895582)",1
6282,17,15,11,"(0.09033430006888621, 0.14970886995698662, 0.0, 0.0, 0.0, 0.07040163480901261, 0.0, 0.08279881135943302, 0.0, 0.01812760691895582)",1
6283,17,15,11,"(0.05061174314980143, 0.14970886995698662, 0.0, 0.0, 0.0, 0.04688669779969397, 0.0, 0.08279881135943302, 0.0, 0.02526929739596468)",22
6284,17,15,11,"(0.09033430006888621, 0.14970886995698662, 0.0, 0.0, 0.0, 0.04688669779969397, 0.0, 0.08279881135943302, 0.0, 0.01812760691895582)",453
6285,17,15,11,"(0.09033430006888621, 0.14970886995698662, 0.0, 0.0, 0.0, 0.04688669779969397, 0.0, 0.08279881135943302, 0.0, 0.014756706956165296)",2
6286,17,15,13,"(0.0, 0.0, 0.11679612853536596, 0.0971487377938538, 0.09172770611919409, 0.07489992963210028, 0.0, 0.0, 0.14899621190854193, 0.0)",3
6287,17,15,13,"(0.0, 0.0, 0.11679612853536596, 0.06920069129515957, 0.09172770611919409, 0.08939448293300038, 0.0, 0.0, 0.14899621190854193, 0.0)",1
6288,17,15,13,"(0.0, 0.0, 0.11679612853536596, 0.06920069129515957, 0.09172770611919409, 0.07489992963210028, 0.0, 0.0, 0.14899621190854193, 0.0)",176
6289,17,16,8,"(0.09369258606422372, 0.0, 0.08950620996642342, 0.042197574437100926, 0.09173902283359818, 0.0, 0.06826344941350267, 0.0, 0.0, 0.0)",7
6290,17,16,8,"(0.09369258606422372, 0.0, 0.08950620996642342, 0.09247639241939104, 0.1719342813237778, 0.0, 0.06826344941350267, 0.0, 0.0, 0.0)",1
6291,17,16,8,"(0.1670064718752675, 0.0, 0.08950620996642342, 0.09247639241939104, 0.07465200933978253, 0.0, 0.06826344941350267, 0.0, 0.0, 0.0)",1
6292,17,16,8,"(0.09369258606422372, 0.0, 0.08950620996642342, 0.09247639241939104, 0.09173902283359818, 0.0, 0.06826344941350267, 0.0, 0.0, 0.0)",209
6293,17,16,8,"(0.09369258606422372, 0.0, 0.08950620996642342, 0.09247639241939104, 0.07465200933978253, 0.0, 0.06826344941350267, 0.0, 0.0, 0.0)",82
6294,17,16,8,"(0.09369258606422372, 0.0, 0.08950620996642342, 0.1359649051756197, 0.09173902283359818, 0.0, 0.06826344941350267, 0.0, 0.0, 0.0)",1
6295,17,16,8,"(0.09369258606422372, 0.0, 0.0892590872509236, 0.09247639241939104, 0.07465200933978253, 0.0, 0.06826344941350267, 0.0, 0.0, 0.0)",4
6296,17,16,11,"(0.09033430006888621, 0.14970886995698662, 0.0, 0.0, 0.0, 0.04688669779969397, 0.0, 0.08279881135943302, 0.0, 0.01812760691895582)",449
6297,17,16,11,"(0.054136012306205, 0.1526654025051225, 0.0, 0.0, 0.0, 0.04688669779969397, 0.0, 0.08279881135943302, 0.0, 0.01812760691895582)",1
6298,17,16,11,"(0.09033430006888621, 0.14970886995698662, 0.0, 0.0, 0.0, 0.04688669779969397, 0.0, 0.07984494770327444, 0.0, 0.01812760691895582)",1
6299,17,16,11,"(0.06879999444591825, 0.14970886995698662, 0.0, 0.0, 0.0, 0.04688669779969397, 0.0, 0.15478187392504628, 0.0, 0.023988314531518132)",1
6300,17,16,11,"(0.0676224175311348, 0.14970886995698662, 0.0, 0.0, 0.0, 0.04688669779969397, 0.0, 0.08279881135943302, 0.0, 0.01812760691895582)",1
6301,17,16,13,"(0.0, 0.0, 0.11679612853536596, 0.04152817466016905, 0.09172770611919409, 0.07489992963210028, 0.0, 0.0, 0.14899621190854193, 0.0)",1
6302,17,16,13,"(0.0, 0.0, 0.11679612853536596, 0.06920069129515957, 0.09172770611919409, 0.044218480545360726, 0.0, 0.0, 0.14899621190854193, 0.0)",2
6303,17,16,13,"(0.0, 0.0, 0.11679612853536596, 0.06920069129515957, 0.09172770611919409, 0.07489992963210028, 0.0, 0.0, 0.14899621190854193, 0.0)",186
6304,17,16,13,"(0.0, 0.0, 0.11679612853536596, 0.06811996980909633, 0.09172770611919409, 0.07489992963210028, 0.0, 0.0, 0.14899621190854193, 0.0)",1
6305,17,17,8,"(0.09369258606422372, 0.0, 0.08950620996642342, 0.05164012617214189, 0.09173902283359818, 0.0, 0.06826344941350267, 0.0, 0.0, 0.0)",5
6306,17,17,8,"(0.09369258606422372, 0.0, 0.08950620996642342, 0.069628050324755, 0.09173902283359818, 0.0, 0.06826344941350267, 0.0, 0.0, 0.0)",8
6307,17,17,8,"(0.09369258606422372, 0.0, 0.08950620996642342, 0.09247639241939104, 0.09173902283359818, 0.0, 0.13574314621576278, 0.0, 0.0, 0.0)",3
6308,17,17,8,"(0.09369258606422372, 0.0, 0.08950620996642342, 0.09247639241939104, 0.09173902283359818, 0.0, 0.08315429001235217, 0.0, 0.0, 0.0)",1
6309,17,17,8,"(0.09369258606422372, 0.0, 0.08950620996642342, 0.09247639241939104, 0.11753107392520605, 0.0, 0.06826344941350267, 0.0, 0.0, 0.0)",1
6310,17,17,8,"(0.09369258606422372, 0.0, 0.08950620996642342, 0.09247639241939104, 0.09173902283359818, 0.0, 0.08448436000372445, 0.0, 0.0, 0.0)",1
6311,17,17,8,"(0.09369258606422372, 0.0, 0.08950620996642342, 0.09247639241939104, 0.09173902283359818, 0.0, 0.06826344941350267, 0.0, 0.0, 0.0)",304
6312,17,17,8,"(0.09369258606422372, 0.0, 0.08950620996642342, 0.09247639241939104, 0.07465200933978253, 0.0, 0.06826344941350267, 0.0, 0.0, 0.0)",80
6313,17,17,11,"(0.09033430006888621, 0.14970886995698662, 0.0, 0.0, 0.0, 0.04688669779969397, 0.0, 0.08279881135943302, 0.0, 0.01812760691895582)",333
6314,17,17,11,"(0.15338039167637002, 0.10592457583941638, 0.0, 0.0, 0.0, 0.04688669779969397, 0.0, 0.060767711375839716, 0.0, 0.01812760691895582)",3
6315,17,17,13,"(0.0, 0.0, 0.14881069888169093, 0.06920069129515957, 0.09172770611919409, 0.07489992963210028, 0.0, 0.0, 0.14899621190854193, 0.0)",31
6316,17,17,13,"(0.0, 0.0, 0.11679612853536596, 0.06920069129515957, 0.07019927235646664, 0.07489992963210028, 0.0, 0.0, 0.14899621190854193, 0.0)",5
6317,17,17,13,"(0.0, 0.0, 0.11679612853536596, 0.06920069129515957, 0.09172770611919409, 0.07489992963210028, 0.0, 0.0, 0.14899621190854193, 0.0)",148
6318,17,17,13,"(0.0, 0.0, 0.11679612853536596, 0.07779636587180201, 0.09172770611919409, 0.07489992963210028, 0.0, 0.0, 0.14899621190854193, 0.0)",2
6319,17,18,8,"(0.09369258606422372, 0.0, 0.09886232529533268, 0.08526470383238662, 0.09173902283359818, 0.0, 0.04357037093627773, 0.0, 0.0, 0.0)",2
6320,17,18,8,"(0.09369258606422372, 0.0, 0.08950620996642342, 0.09247639241939104, 0.09173902283359818, 0.0, 0.06826344941350267, 0.0, 0.0, 0.0)",186
6321,17,18,8,"(0.07736905682335438, 0.0, 0.08950620996642342, 0.09247639241939104, 0.09173902283359818, 0.0, 0.03864209756337633, 0.0, 0.0, 0.0)",1
6322,17,18,8,"(0.09369258606422372, 0.0, 0.08950620996642342, 0.07774179402552603, 0.09173902283359818, 0.0, 0.06826344941350267, 0.0, 0.0, 0.0)",9
6323,17,18,8,"(0.09369258606422372, 0.0, 0.09886232529533268, 0.09247639241939104, 0.09173902283359818, 0.0, 0.04357037093627773, 0.0, 0.0, 0.0)",127
6324,17,18,11,"(0.09033430006888621, 0.14970886995698662, 0.0, 0.0, 0.0, 0.05196421288919364, 0.0, 0.08279881135943302, 0.0, 0.01812760691895582)",1
6325,17,18,11,"(0.09033430006888621, 0.10415152212072075, 0.0, 0.0, 0.0, 0.04688669779969397, 0.0, 0.08279881135943302, 0.0, 0.01812760691895582)",11
6326,17,18,11,"(0.09033430006888621, 0.16147486579748463, 0.0, 0.0, 0.0, 0.0459805563034578, 0.0, 0.08279881135943302, 0.0, 0.01812760691895582)",1
6327,17,18,11,"(0.09033430006888621, 0.14970886995698662, 0.0, 0.0, 0.0, 0.04688669779969397, 0.0, 0.08279881135943302, 0.0, 0.015759510405545036)",12
6328,17,18,11,"(0.09033430006888621, 0.14970886995698662, 0.0, 0.0, 0.0, 0.04688669779969397, 0.0, 0.08279881135943302, 0.0, 0.014136422038998895)",5
6329,17,18,11,"(0.09033430006888621, 0.14970886995698662, 0.0, 0.0, 0.0, 0.04688669779969397, 0.0, 0.08279881135943302, 0.0, 0.01812760691895582)",432
6330,17,18,11,"(0.09033430006888621, 0.22094559713565476, 0.0, 0.0, 0.0, 0.04688669779969397, 0.0, 0.08279881135943302, 0.0, 0.01812760691895582)",2
6331,17,18,13,"(0.0, 0.0, 0.11679612853536596, 0.06920069129515957, 0.09172770611919409, 0.07489992963210028, 0.0, 0.0, 0.14899621190854193, 0.0)",175
6332,17,18,13,"(0.0, 0.0, 0.11679612853536596, 0.06920069129515957, 0.09172770611919409, 0.07489992963210028, 0.0, 0.0, 0.13093117652099662, 0.0)",1
6333,17,19,8,"(0.09369258606422372, 0.0, 0.08950620996642342, 0.07774179402552603, 0.09173902283359818, 0.0, 0.08527897492169588, 0.0, 0.0, 0.0)",1
6334,17,19,8,"(0.09101878390012251, 0.0, 0.09886232529533268, 0.05923158394457145, 0.09173902283359818, 0.0, 0.038792714657251384, 0.0, 0.0, 0.0)",3
6335,17,19,8,"(0.09369258606422372, 0.0, 0.09886232529533268, 0.03596880701048564, 0.09173902283359818, 0.0, 0.03543656291649638, 0.0, 0.0, 0.0)",1
6336,17,19,8,"(0.09369258606422372, 0.0, 0.08950620996642342, 0.09247639241939104, 0.09173902283359818, 0.0, 0.06826344941350267, 0.0, 0.0, 0.0)",31
6337,17,19,8,"(0.09369258606422372, 0.0, 0.08950620996642342, 0.07774179402552603, 0.0841472311351387, 0.0, 0.09571831689332569, 0.0, 0.0, 0.0)",1
6338,17,19,8,"(0.09369258606422372, 0.0, 0.08950620996642342, 0.07774179402552603, 0.09173902283359818, 0.0, 0.06826344941350267, 0.0, 0.0, 0.0)",152
6339,17,19,8,"(0.09369258606422372, 0.0, 0.09886232529533268, 0.09247639241939104, 0.09173902283359818, 0.0, 0.04357037093627773, 0.0, 0.0, 0.0)",143
6340,17,19,11,"(0.09033430006888621, 0.14970886995698662, 0.0, 0.0, 0.0, 0.04688669779969397, 0.0, 0.08279881135943302, 0.0, 0.023715486533068687)",1
6341,17,19,11,"(0.09033430006888621, 0.14970886995698662, 0.0, 0.0, 0.0, 0.04688669779969397, 0.0, 0.08279881135943302, 0.0, 0.015759510405545036)",14
6342,17,19,11,"(0.07407100620221932, 0.14970886995698662, 0.0, 0.0, 0.0, 0.03201408188558943, 0.0, 0.08279881135943302, 0.0, 0.01812760691895582)",1
6343,17,19,11,"(0.09033430006888621, 0.202019251631614, 0.0, 0.0, 0.0, 0.04688669779969397, 0.0, 0.08279881135943302, 0.0, 0.01812760691895582)",2
6344,17,19,11,"(0.09033430006888621, 0.14970886995698662, 0.0, 0.0, 0.0, 0.04688669779969397, 0.0, 0.08279881135943302, 0.0, 0.01590978730501455)",2
6345,17,19,11,"(0.09086035809826175, 0.18021753368376509, 0.0, 0.0, 0.0, 0.023022670452544525, 0.0, 0.08279881135943302, 0.0, 0.01812760691895582)",5
6346,17,19,11,"(0.09033430006888621, 0.14970886995698662, 0.0, 0.0, 0.0, 0.04688669779969397, 0.0, 0.09296341736339736, 0.0, 0.01812760691895582)",3
6347,17,19,11,"(0.09033430006888621, 0.12414757059716988, 0.0, 0.0, 0.0, 0.03561368309515851, 0.0, 0.08279881135943302, 0.0, 0.015759510405545036)",1
6348,17,19,11,"(0.18142816309003934, 0.14970886995698662, 0.0, 0.0, 0.0, 0.04688669779969397, 0.0, 0.05585332056983739, 0.0, 0.01812760691895582)",1
6349,17,19,11,"(0.09033430006888621, 0.14970886995698662, 0.0, 0.0, 0.0, 0.04688669779969397, 0.0, 0.08279881135943302, 0.0, 0.01812760691895582)",474
6350,17,19,13,"(0.0, 0.0, 0.11679612853536596, 0.06920069129515957, 0.09172770611919409, 0.07489992963210028, 0.0, 0.0, 0.14899621190854193, 0.0)",184
6351,17,19,13,"(0.0, 0.0, 0.04569763797900281, 0.06920069129515957, 0.09172770611919409, 0.07489992963210028, 0.0, 0.0, 0.14899621190854193, 0.0)",1
6352,17,20,8,"(0.09369258606422372, 0.0, 0.09886232529533268, 0.09247639241939104, 0.09173902283359818, 0.0, 0.04357037093627773, 0.0, 0.0, 0.0)",220
6353,17,20,8,"(0.09369258606422372, 0.0, 0.10701833009849165, 0.09247639241939104, 0.09173902283359818, 0.0, 0.04357037093627773, 0.0, 0.0, 0.0)",6
6354,17,20,8,"(0.09369258606422372, 0.0, 0.09447622482912725, 0.09247639241939104, 0.10111273505143965, 0.0, 0.07095156376769822, 0.0, 0.0, 0.0)",33
6355,17,20,8,"(0.09369258606422372, 0.0, 0.09447622482912725, 0.09247639241939104, 0.11056252355438718, 0.0, 0.07095156376769822, 0.0, 0.0, 0.0)",4
6356,17,20,8,"(0.09369258606422372, 0.0, 0.08950620996642342, 0.07774179402552603, 0.09173902283359818, 0.0, 0.06826344941350267, 0.0, 0.0, 0.0)",101
6357,17,20,8,"(0.09369258606422372, 0.0, 0.08950620996642342, 0.09247639241939104, 0.09173902283359818, 0.0, 0.06826344941350267, 0.0, 0.0, 0.0)",9
6358,17,20,11,"(0.09033430006888621, 0.10415152212072075, 0.0, 0.0, 0.0, 0.04688669779969397, 0.0, 0.08279881135943302, 0.0, 0.01812760691895582)",82
6359,17,20,11,"(0.09033430006888621, 0.10415152212072075, 0.0, 0.0, 0.0, 0.10734449525126707, 0.0, 0.23583579531378926, 0.0, 0.01812760691895582)",5
6360,17,20,11,"(0.15630763489826202, 0.14970886995698662, 0.0, 0.0, 0.0, 0.04688669779969397, 0.0, 0.08279881135943302, 0.0, 0.01812760691895582)",4
6361,17,20,11,"(0.07283415588375577, 0.14970886995698662, 0.0, 0.0, 0.0, 0.04688669779969397, 0.0, 0.08279881135943302, 0.0, 0.01812760691895582)",8
6362,17,20,11,"(0.09033430006888621, 0.14970886995698662, 0.0, 0.0, 0.0, 0.04688669779969397, 0.0, 0.08279881135943302, 0.0, 0.01812760691895582)",275
6363,17,20,13,"(0.0, 0.0, 0.11679612853536596, 0.06920069129515957, 0.09172770611919409, 0.07489992963210028, 0.0, 0.0, 0.14899621190854193, 0.0)",101
6364,17,20,13,"(0.0, 0.0, 0.11679612853536596, 0.06920069129515957, 0.09172770611919409, 0.09130222772032319, 0.0, 0.0, 0.14899621190854193, 0.0)",39
6365,17,20,13,"(0.0, 0.0, 0.1268478353126029, 0.06920069129515957, 0.09172770611919409, 0.07489992963210028, 0.0, 0.0, 0.14899621190854193, 0.0)",1
6366,17,20,13,"(0.0, 0.0, 0.10554217412216485, 0.06920069129515957, 0.09172770611919409, 0.07489992963210028, 0.0, 0.0, 0.14899621190854193, 0.0)",1
6367,17,20,13,"(0.0, 0.0, 0.11679612853536596, 0.06014749444175443, 0.09172770611919409, 0.07489992963210028, 0.0, 0.0, 0.08405552621467392, 0.0)",4
6368,18,0,8,"(0.09369258606422372, 0.0, 0.0902309026953694, 0.09247639241939104, 0.07465200933978253, 0.0, 0.06826344941350267, 0.0, 0.0, 0.0)",1
6369,18,0,8,"(0.09369258606422372, 0.0, 0.08950620996642342, 0.09247639241939104, 0.07465200933978253, 0.0, 0.08317773712606877, 0.0, 0.0, 0.0)",4
6370,18,0,8,"(0.09369258606422372, 0.0, 0.08950620996642342, 0.09247639241939104, 0.05042126210868942, 0.0, 0.06826344941350267, 0.0, 0.0, 0.0)",4
6371,18,0,8,"(0.09369258606422372, 0.0, 0.08950620996642342, 0.09247639241939104, 0.07465200933978253, 0.0, 0.06826344941350267, 0.0, 0.0, 0.0)",238
6372,18,0,8,"(0.09369258606422372, 0.0, 0.08950620996642342, 0.09247639241939104, 0.09173902283359818, 0.0, 0.06826344941350267, 0.0, 0.0, 0.0)",37
6373,18,0,11,"(0.09033430006888621, 0.14970886995698662, 0.0, 0.0, 0.0, 0.051548873715099995, 0.0, 0.0625771691481523, 0.0, 0.01812760691895582)",1
6374,18,0,11,"(0.09033430006888621, 0.14970886995698662, 0.0, 0.0, 0.0, 0.051548873715099995, 0.0, 0.08279881135943302, 0.0, 0.01812760691895582)",41
6375,18,0,11,"(0.09033430006888621, 0.14970886995698662, 0.0, 0.0, 0.0, 0.05596769539778307, 0.0, 0.08279881135943302, 0.0, 0.01812760691895582)",2
6376,18,0,11,"(0.09033430006888621, 0.14970886995698662, 0.0, 0.0, 0.0, 0.06528146999772574, 0.0, 0.08279881135943302, 0.0, 0.01812760691895582)",4
6377,18,0,11,"(0.09033430006888621, 0.1834479388692033, 0.0, 0.0, 0.0, 0.06583072930363618, 0.0, 0.08279881135943302, 0.0, 0.029204625745731832)",2
6378,18,0,11,"(0.09033430006888621, 0.20030567086872147, 0.0, 0.0, 0.0, 0.04688669779969397, 0.0, 0.08279881135943302, 0.0, 0.01812760691895582)",1
6379,18,0,11,"(0.09033430006888621, 0.08367818668500268, 0.0, 0.0, 0.0, 0.04688669779969397, 0.0, 0.08279881135943302, 0.0, 0.01812760691895582)",1
6380,18,0,11,"(0.09033430006888621, 0.14970886995698662, 0.0, 0.0, 0.0, 0.04688669779969397, 0.0, 0.08279881135943302, 0.0, 0.01812760691895582)",433
6381,18,0,11,"(0.09033430006888621, 0.14345029798300557, 0.0, 0.0, 0.0, 0.04688669779969397, 0.0, 0.11519284056882871, 0.0, 0.009181921814853762)",1
6382,18,0,11,"(0.10275782023345047, 0.14970886995698662, 0.0, 0.0, 0.0, 0.04688669779969397, 0.0, 0.08279881135943302, 0.0, 0.01812760691895582)",2
6383,18,0,11,"(0.09033430006888621, 0.17829087964392706, 0.0, 0.0, 0.0, 0.022998214619144364, 0.0, 0.08279881135943302, 0.0, 0.02229814939138762)",1
6384,18,0,11,"(0.09033430006888621, 0.14970886995698662, 0.0, 0.0, 0.0, 0.055899772928395465, 0.0, 0.08279881135943302, 0.0, 0.01812760691895582)",6
6385,18,0,13,"(0.0, 0.0, 0.11759675548194454, 0.06920069129515957, 0.1388165155110852, 0.07489992963210028, 0.0, 0.0, 0.14899621190854193, 0.0)",1
6386,18,0,13,"(0.0, 0.0, 0.11679612853536596, 0.06920069129515957, 0.09172770611919409, 0.07489992963210028, 0.0, 0.0, 0.14899621190854193, 0.0)",177
6387,18,0,13,"(0.0, 0.0, 0.11679612853536596, 0.06920069129515957, 0.09172770611919409, 0.13596233171770894, 0.0, 0.0, 0.18571848397046206, 0.0)",1
6388,18,0,13,"(0.0, 0.0, 0.11679612853536596, 0.06920069129515957, 0.1388165155110852, 0.07489992963210028, 0.0, 0.0, 0.14899621190854193, 0.0)",1
6389,18,0,13,"(0.0, 0.0, 0.11679612853536596, 0.06920069129515957, 0.09172770611919409, 0.06007319730920925, 0.0, 0.0, 0.14899621190854193, 0.0)",1
6390,18,0,13,"(0.0, 0.0, 0.11679612853536596, 0.05242674637399292, 0.09172770611919409, 0.07489992963210028, 0.0, 0.0, 0.14899621190854193, 0.0)",2
6391,18,1,8,"(0.09369258606422372, 0.0, 0.08950620996642342, 0.09247639241939104, 0.09173902283359818, 0.0, 0.06826344941350267, 0.0, 0.0, 0.0)",7
6392,18,1,8,"(0.09369258606422372, 0.0, 0.08950620996642342, 0.09247639241939104, 0.07465200933978253, 0.0, 0.06826344941350267, 0.0, 0.0, 0.0)",250
6393,18,1,11,"(0.09086202200178144, 0.14970886995698662, 0.0, 0.0, 0.0, 0.055899772928395465, 0.0, 0.08279881135943302, 0.0, 0.01812760691895582)",1
6394,18,1,11,"(0.09446817525983935, 0.14970886995698662, 0.0, 0.0, 0.0, 0.051548873715099995, 0.0, 0.08279881135943302, 0.0, 0.01812760691895582)",1
6395,18,1,11,"(0.09033430006888621, 0.14970886995698662, 0.0, 0.0, 0.0, 0.051548873715099995, 0.0, 0.08279881135943302, 0.0, 0.01812760691895582)",117
6396,18,1,11,"(0.09033430006888621, 0.14970886995698662, 0.0, 0.0, 0.0, 0.06528146999772574, 0.0, 0.08279881135943302, 0.0, 0.01812760691895582)",36
6397,18,1,11,"(0.034820543633742006, 0.14970886995698662, 0.0, 0.0, 0.0, 0.051548873715099995, 0.0, 0.08279881135943302, 0.0, 0.01812760691895582)",2
6398,18,1,11,"(0.09033430006888621, 0.14970886995698662, 0.0, 0.0, 0.0, 0.04688669779969397, 0.0, 0.08279881135943302, 0.0, 0.008583050733887971)",1
6399,18,1,11,"(0.09033430006888621, 0.14970886995698662, 0.0, 0.0, 0.0, 0.055899772928395465, 0.0, 0.08279881135943302, 0.0, 0.01812760691895582)",24
6400,18,1,11,"(0.09033430006888621, 0.14970886995698662, 0.0, 0.0, 0.0, 0.08067258631669756, 0.0, 0.08279881135943302, 0.0, 0.01812760691895582)",1
6401,18,1,11,"(0.13544632548572166, 0.14970886995698662, 0.0, 0.0, 0.0, 0.04688669779969397, 0.0, 0.08279881135943302, 0.0, 0.01812760691895582)",1
6402,18,1,11,"(0.09033430006888621, 0.14970886995698662, 0.0, 0.0, 0.0, 0.04688669779969397, 0.0, 0.08279881135943302, 0.0, 0.01812760691895582)",385
6403,18,1,11,"(0.09033430006888621, 0.14970886995698662, 0.0, 0.0, 0.0, 0.04688669779969397, 0.0, 0.08279881135943302, 0.0, 0.009396179433742855)",22
6404,18,1,13,"(0.0, 0.0, 0.12290100685045313, 0.06920069129515957, 0.053010049719955314, 0.07489992963210028, 0.0, 0.0, 0.14899621190854193, 0.0)",1
6405,18,1,13,"(0.0, 0.0, 0.11679612853536596, 0.06920069129515957, 0.09172770611919409, 0.07489992963210028, 0.0, 0.0, 0.14899621190854193, 0.0)",133
6406,18,1,13,"(0.0, 0.0, 0.11679612853536596, 0.06920069129515957, 0.09172770611919409, 0.09363931960098681, 0.0, 0.0, 0.14899621190854193, 0.0)",33
6407,18,2,8,"(0.09369258606422372, 0.0, 0.08950620996642342, 0.09247639241939104, 0.07465200933978253, 0.0, 0.06826344941350267, 0.0, 0.0, 0.0)",304
6408,18,2,8,"(0.09369258606422372, 0.0, 0.12241238087964927, 0.09247639241939104, 0.07465200933978253, 0.0, 0.06826344941350267, 0.0, 0.0, 0.0)",2
6409,18,2,8,"(0.09369258606422372, 0.0, 0.08950620996642342, 0.09247639241939104, 0.03963464048550634, 0.0, 0.06826344941350267, 0.0, 0.0, 0.0)",8
6410,18,2,8,"(0.12265085095825466, 0.0, 0.08950620996642342, 0.09247639241939104, 0.07465200933978253, 0.0, 0.06826344941350267, 0.0, 0.0, 0.0)",8
6411,18,2,11,"(0.06246470972327584, 0.14970886995698662, 0.0, 0.0, 0.0, 0.04688669779969397, 0.0, 0.09203637390581819, 0.0, 0.01812760691895582)",1
6412,18,2,11,"(0.09033430006888621, 0.13605012175205797, 0.0, 0.0, 0.0, 0.04688669779969397, 0.0, 0.08279881135943302, 0.0, 0.01812760691895582)",1
6413,18,2,11,"(0.09033430006888621, 0.14970886995698662, 0.0, 0.0, 0.0, 0.04688669779969397, 0.0, 0.08279881135943302, 0.0, 0.01812760691895582)",493
6414,18,2,11,"(0.09033430006888621, 0.14970886995698662, 0.0, 0.0, 0.0, 0.0790702493758084, 0.0, 0.08279881135943302, 0.0, 0.01812760691895582)",1
6415,18,2,11,"(0.09033430006888621, 0.14828494744711784, 0.0, 0.0, 0.0, 0.040802433697231265, 0.0, 0.06470008928457907, 0.0, 0.01812760691895582)",1
6416,18,2,11,"(0.2000769003662923, 0.14970886995698662, 0.0, 0.0, 0.0, 0.04688669779969397, 0.0, 0.08279881135943302, 0.0, 0.01812760691895582)",18
6417,18,2,11,"(0.09033430006888621, 0.14970886995698662, 0.0, 0.0, 0.0, 0.04688669779969397, 0.0, 0.08279881135943302, 0.0, 0.013312525827159586)",1
6418,18,2,11,"(0.18837638682408891, 0.14970886995698662, 0.0, 0.0, 0.0, 0.04688669779969397, 0.0, 0.08279881135943302, 0.0, 0.01812760691895582)",1
6419,18,2,13,"(0.0, 0.0, 0.11679612853536596, 0.06920069129515957, 0.09172770611919409, 0.07489992963210028, 0.0, 0.0, 0.14899621190854193, 0.0)",132
6420,18,2,13,"(0.0, 0.0, 0.11679612853536596, 0.14042794876922562, 0.09172770611919409, 0.07489992963210028, 0.0, 0.0, 0.14899621190854193, 0.0)",2
6421,18,2,13,"(0.0, 0.0, 0.11679612853536596, 0.06920069129515957, 0.09172770611919409, 0.07489992963210028, 0.0, 0.0, 0.19004734287913883, 0.0)",1
6422,18,2,13,"(0.0, 0.0, 0.11679612853536596, 0.07291897497949312, 0.09172770611919409, 0.07489992963210028, 0.0, 0.0, 0.14899621190854193, 0.0)",10
6423,18,2,13,"(0.0, 0.0, 0.10916633357175343, 0.07291897497949312, 0.09172770611919409, 0.07489992963210028, 0.0, 0.0, 0.14899621190854193, 0.0)",2
6424,18,2,13,"(0.0, 0.0, 0.11679612853536596, 0.0832428096563406, 0.09172770611919409, 0.07489992963210028, 0.0, 0.0, 0.14899621190854193, 0.0)",6
6425,18,2,13,"(0.0, 0.0, 0.06643411620500558, 0.07291897497949312, 0.09172770611919409, 0.07489992963210028, 0.0, 0.0, 0.14899621190854193, 0.0)",7
6426,18,3,8,"(0.12565133722562288, 0.0, 0.08950620996642342, 0.09247639241939104, 0.07465200933978253, 0.0, 0.06826344941350267, 0.0, 0.0, 0.0)",1
6427,18,3,8,"(0.09369258606422372, 0.0, 0.08950620996642342, 0.09247639241939104, 0.07465200933978253, 0.0, 0.09148178651348451, 0.0, 0.0, 0.0)",1
6428,18,3,8,"(0.09369258606422372, 0.0, 0.08950620996642342, 0.09247639241939104, 0.06829244946249793, 0.0, 0.06826344941350267, 0.0, 0.0, 0.0)",1
6429,18,3,8,"(0.09424065143105621, 0.0, 0.08950620996642342, 0.09247639241939104, 0.11918458044129351, 0.0, 0.06826344941350267, 0.0, 0.0, 0.0)",2
6430,18,3,8,"(0.09369258606422372, 0.0, 0.08950620996642342, 0.09247639241939104, 0.07465200933978253, 0.0, 0.055254458439826695, 0.0, 0.0, 0.0)",1
6431,18,3,8,"(0.09369258606422372, 0.0, 0.08950620996642342, 0.09247639241939104, 0.07465200933978253, 0.0, 0.06826344941350267, 0.0, 0.0, 0.0)",208
6432,18,3,8,"(0.09369258606422372, 0.0, 0.06283680739474747, 0.09247639241939104, 0.09173902283359818, 0.0, 0.06826344941350267, 0.0, 0.0, 0.0)",2
6433,18,3,8,"(0.09369258606422372, 0.0, 0.08950620996642342, 0.09247639241939104, 0.09173902283359818, 0.0, 0.06826344941350267, 0.0, 0.0, 0.0)",195
6434,18,3,11,"(0.09033430006888621, 0.14970886995698662, 0.0, 0.0, 0.0, 0.04688669779969397, 0.0, 0.09259048011833289, 0.0, 0.01812760691895582)",3
6435,18,3,11,"(0.09033430006888621, 0.14970886995698662, 0.0, 0.0, 0.0, 0.13169831425183562, 0.0, 0.08279881135943302, 0.0, 0.01812760691895582)",4
6436,18,3,11,"(0.09033430006888621, 0.14970886995698662, 0.0, 0.0, 0.0, 0.04688669779969397, 0.0, 0.08279881135943302, 0.0, 0.01812760691895582)",273
6437,18,3,11,"(0.07482331335112868, 0.14970886995698662, 0.0, 0.0, 0.0, 0.04688669779969397, 0.0, 0.08279881135943302, 0.0, 0.01812760691895582)",1
6438,18,3,11,"(0.09033430006888621, 0.1407394188000541, 0.0, 0.0, 0.0, 0.04688669779969397, 0.0, 0.08279881135943302, 0.0, 0.01812760691895582)",1
6439,18,3,11,"(0.14328437067940938, 0.14970886995698662, 0.0, 0.0, 0.0, 0.04688669779969397, 0.0, 0.11735837062278703, 0.0, 0.01812760691895582)",1
6440,18,3,11,"(0.09129551745325984, 0.14970886995698662, 0.0, 0.0, 0.0, 0.04688669779969397, 0.0, 0.08279881135943302, 0.0, 0.01812760691895582)",3
6441,18,3,11,"(0.09033430006888621, 0.14970886995698662, 0.0, 0.0, 0.0, 0.04688669779969397, 0.0, 0.08279881135943302, 0.0, 0.019152363159494912)",1
6442,18,3,11,"(0.062436996327627586, 0.14970886995698662, 0.0, 0.0, 0.0, 0.04688669779969397, 0.0, 0.08279881135943302, 0.0, 0.01812760691895582)",7
6443,18,3,11,"(0.09033430006888621, 0.06505638160816592, 0.0, 0.0, 0.0, 0.04688669779969397, 0.0, 0.11293806390368992, 0.0, 0.01812760691895582)",1
6444,18,3,11,"(0.09033430006888621, 0.06505638160816592, 0.0, 0.0, 0.0, 0.04688669779969397, 0.0, 0.08279881135943302, 0.0, 0.01812760691895582)",92
6445,18,3,11,"(0.08179762594231291, 0.14970886995698662, 0.0, 0.0, 0.0, 0.04688669779969397, 0.0, 0.08279881135943302, 0.0, 0.01812760691895582)",16
6446,18,3,11,"(0.09033430006888621, 0.09708462602115811, 0.0, 0.0, 0.0, 0.04688669779969397, 0.0, 0.08279881135943302, 0.0, 0.01812760691895582)",2
6447,18,3,13,"(0.0, 0.0, 0.11679612853536596, 0.06920069129515957, 0.09172770611919409, 0.07489992963210028, 0.0, 0.0, 0.14899621190854193, 0.0)",166
6448,18,3,13,"(0.0, 0.0, 0.11679612853536596, 0.06920069129515957, 0.09172770611919409, 0.07489992963210028, 0.0, 0.0, 0.13875725758196034, 0.0)",24
6449,18,3,13,"(0.0, 0.0, 0.17741305794769732, 0.06920069129515957, 0.09172770611919409, 0.07489992963210028, 0.0, 0.0, 0.13875725758196034, 0.0)",1
6450,18,3,13,"(0.0, 0.0, 0.1288012012517069, 0.06920069129515957, 0.09172770611919409, 0.1265896788388533, 0.0, 0.0, 0.14899621190854193, 0.0)",1
6451,18,3,13,"(0.0, 0.0, 0.11679612853536596, 0.06920069129515957, 0.09172770611919409, 0.04750740077231524, 0.0, 0.0, 0.14899621190854193, 0.0)",1
6452,18,3,13,"(0.0, 0.0, 0.11679612853536596, 0.06920069129515957, 0.08293121249959713, 0.07489992963210028, 0.0, 0.0, 0.14899621190854193, 0.0)",1
6453,18,3,13,"(0.0, 0.0, 0.11679612853536596, 0.06920069129515957, 0.05513516631306692, 0.07489992963210028, 0.0, 0.0, 0.14899621190854193, 0.0)",3
6454,18,4,8,"(0.09369258606422372, 0.0, 0.08950620996642342, 0.09247639241939104, 0.07465200933978253, 0.0, 0.06826344941350267, 0.0, 0.0, 0.0)",333
6455,18,4,8,"(0.04042524752362128, 0.0, 0.08950620996642342, 0.09247639241939104, 0.07465200933978253, 0.0, 0.06826344941350267, 0.0, 0.0, 0.0)",55
6456,18,4,8,"(0.09369258606422372, 0.0, 0.07511093010165419, 0.09247639241939104, 0.07465200933978253, 0.0, 0.06826344941350267, 0.0, 0.0, 0.0)",2
6457,18,4,8,"(0.08617344925383247, 0.0, 0.08950620996642342, 0.09247639241939104, 0.07465200933978253, 0.0, 0.06826344941350267, 0.0, 0.0, 0.0)",1
6458,18,4,8,"(0.09369258606422372, 0.0, 0.06879187721769557, 0.09247639241939104, 0.07465200933978253, 0.0, 0.06826344941350267, 0.0, 0.0, 0.0)",1
6459,18,4,8,"(0.11857048495241675, 0.0, 0.08950620996642342, 0.09247639241939104, 0.09173902283359818, 0.0, 0.08047928988255941, 0.0, 0.0, 0.0)",2
6460,18,4,8,"(0.09369258606422372, 0.0, 0.08950620996642342, 0.09247639241939104, 0.09173902283359818, 0.0, 0.06826344941350267, 0.0, 0.0, 0.0)",10
6461,18,4,8,"(0.09369258606422372, 0.0, 0.12205360394543632, 0.09247639241939104, 0.09173902283359818, 0.0, 0.06826344941350267, 0.0, 0.0, 0.0)",2
6462,18,4,8,"(0.09369258606422372, 0.0, 0.08950620996642342, 0.09089809206939593, 0.07465200933978253, 0.0, 0.06826344941350267, 0.0, 0.0, 0.0)",2
6463,18,4,11,"(0.09033430006888621, 0.14970886995698662, 0.0, 0.0, 0.0, 0.025699422355346724, 0.0, 0.08279881135943302, 0.0, 0.01812760691895582)",2
6464,18,4,11,"(0.05705212668450365, 0.1445782945457252, 0.0, 0.0, 0.0, 0.04688669779969397, 0.0, 0.08279881135943302, 0.0, 0.01812760691895582)",7
6465,18,4,11,"(0.1220560054081115, 0.14970886995698662, 0.0, 0.0, 0.0, 0.04688669779969397, 0.0, 0.08279881135943302, 0.0, 0.01812760691895582)",1
6466,18,4,11,"(0.05816802427953324, 0.14970886995698662, 0.0, 0.0, 0.0, 0.04688669779969397, 0.0, 0.08279881135943302, 0.0, 0.01812760691895582)",1
6467,18,4,11,"(0.08280371090994787, 0.07758021221559729, 0.0, 0.0, 0.0, 0.04688669779969397, 0.0, 0.08279881135943302, 0.0, 0.01812760691895582)",1
6468,18,4,11,"(0.09033430006888621, 0.14970886995698662, 0.0, 0.0, 0.0, 0.04688669779969397, 0.0, 0.08279881135943302, 0.0, 0.01812760691895582)",142
6469,18,4,11,"(0.09033430006888621, 0.14970886995698662, 0.0, 0.0, 0.0, 0.04688669779969397, 0.0, 0.08279881135943302, 0.0, 0.011944899802988039)",1
6470,18,4,11,"(0.09033430006888621, 0.10537403927575177, 0.0, 0.0, 0.0, 0.04688669779969397, 0.0, 0.08279881135943302, 0.0, 0.01812760691895582)",1
6471,18,4,11,"(0.09033430006888621, 0.06505638160816592, 0.0, 0.0, 0.0, 0.04688669779969397, 0.0, 0.08279881135943302, 0.0, 0.01812760691895582)",297
6472,18,4,11,"(0.09033430006888621, 0.06505638160816592, 0.0, 0.0, 0.0, 0.053289886786370574, 0.0, 0.08279881135943302, 0.0, 0.01812760691895582)",1
6473,18,4,11,"(0.09033430006888621, 0.06505638160816592, 0.0, 0.0, 0.0, 0.04688669779969397, 0.0, 0.08279881135943302, 0.0, 0.030175405681714115)",2
6474,18,4,11,"(0.09033430006888621, 0.028580565852170926, 0.0, 0.0, 0.0, 0.04688669779969397, 0.0, 0.08279881135943302, 0.0, 0.013571882317998484)",1
6475,18,4,13,"(0.0, 0.0, 0.11679612853536596, 0.06920069129515957, 0.09172770611919409, 0.10707973202054667, 0.0, 0.0, 0.19654504386043442, 0.0)",1
6476,18,4,13,"(0.0, 0.0, 0.11679612853536596, 0.06920069129515957, 0.09172770611919409, 0.07489992963210028, 0.0, 0.0, 0.14899621190854193, 0.0)",163
6477,18,4,13,"(0.0, 0.0, 0.11679612853536596, 0.05465278683931786, 0.09172770611919409, 0.07489992963210028, 0.0, 0.0, 0.14899621190854193, 0.0)",3
6478,18,5,8,"(0.09369258606422372, 0.0, 0.08950620996642342, 0.09247639241939104, 0.07611840224083953, 0.0, 0.06826344941350267, 0.0, 0.0, 0.0)",19
6479,18,5,8,"(0.09369258606422372, 0.0, 0.08950620996642342, 0.1395595809074669, 0.07465200933978253, 0.0, 0.06826344941350267, 0.0, 0.0, 0.0)",2
6480,18,5,8,"(0.09369258606422372, 0.0, 0.08950620996642342, 0.09247639241939104, 0.09173902283359818, 0.0, 0.06826344941350267, 0.0, 0.0, 0.0)",108
6481,18,5,8,"(0.09369258606422372, 0.0, 0.08950620996642342, 0.09247639241939104, 0.07465200933978253, 0.0, 0.06826344941350267, 0.0, 0.0, 0.0)",220
6482,18,5,11,"(0.09033430006888621, 0.26748063457808224, 0.0, 0.0, 0.0, 0.04688669779969397, 0.0, 0.11509679184637153, 0.0, 0.01812760691895582)",1
6483,18,5,11,"(0.13812481129072468, 0.14970886995698662, 0.0, 0.0, 0.0, 0.03594278275897093, 0.0, 0.08279881135943302, 0.0, 0.01812760691895582)",1
6484,18,5,11,"(0.09033430006888621, 0.06505638160816592, 0.0, 0.0, 0.0, 0.04688669779969397, 0.0, 0.08279881135943302, 0.0, 0.03838929379081722)",1
6485,18,5,11,"(0.09033430006888621, 0.06505638160816592, 0.0, 0.0, 0.0, 0.04688669779969397, 0.0, 0.08279881135943302, 0.0, 0.01812760691895582)",310
6486,18,5,11,"(0.09033430006888621, 0.14970886995698662, 0.0, 0.0, 0.0, 0.04688669779969397, 0.0, 0.08279881135943302, 0.0, 0.01812760691895582)",190
6487,18,5,11,"(0.10502229176983674, 0.06505638160816592, 0.0, 0.0, 0.0, 0.04688669779969397, 0.0, 0.08279881135943302, 0.0, 0.01812760691895582)",1
6488,18,5,11,"(0.09033430006888621, 0.06505638160816592, 0.0, 0.0, 0.0, 0.04688669779969397, 0.0, 0.08279881135943302, 0.0, 0.012258972301760306)",1
6489,18,5,11,"(0.09033430006888621, 0.14970886995698662, 0.0, 0.0, 0.0, 0.03880379913581298, 0.0, 0.10249229425818616, 0.0, 0.01812760691895582)",2
6490,18,5,11,"(0.09033430006888621, 0.06725420323805131, 0.0, 0.0, 0.0, 0.04688669779969397, 0.0, 0.08279881135943302, 0.0, 0.01812760691895582)",1
6491,18,5,11,"(0.09033430006888621, 0.06505638160816592, 0.0, 0.0, 0.0, 0.060830896910034474, 0.0, 0.07847116884023625, 0.0, 0.01812760691895582)",1
6492,18,5,11,"(0.09033430006888621, 0.14970886995698662, 0.0, 0.0, 0.0, 0.07016308759520071, 0.0, 0.08279881135943302, 0.0, 0.01812760691895582)",2
6493,18,5,11,"(0.1258970096546603, 0.14970886995698662, 0.0, 0.0, 0.0, 0.04688669779969397, 0.0, 0.08279881135943302, 0.0, 0.01812760691895582)",9
6494,18,5,13,"(0.0, 0.0, 0.11679612853536596, 0.03841846788266205, 0.09172770611919409, 0.07489992963210028, 0.0, 0.0, 0.14899621190854193, 0.0)",3
6495,18,5,13,"(0.0, 0.0, 0.11388591218771252, 0.06920069129515957, 0.09172770611919409, 0.07489992963210028, 0.0, 0.0, 0.14899621190854193, 0.0)",2
6496,18,5,13,"(0.0, 0.0, 0.11679612853536596, 0.06920069129515957, 0.0411809880093364, 0.07489992963210028, 0.0, 0.0, 0.14899621190854193, 0.0)",38
6497,18,5,13,"(0.0, 0.0, 0.11679612853536596, 0.06920069129515957, 0.09172770611919409, 0.07489992963210028, 0.0, 0.0, 0.14899621190854193, 0.0)",127
6498,18,6,8,"(0.09369258606422372, 0.0, 0.06936207074526075, 0.09247639241939104, 0.09173902283359818, 0.0, 0.06826344941350267, 0.0, 0.0, 0.0)",2
6499,18,6,8,"(0.09369258606422372, 0.0, 0.09886232529533268, 0.09247639241939104, 0.09173902283359818, 0.0, 0.04357037093627773, 0.0, 0.0, 0.0)",69
6500,18,6,8,"(0.09369258606422372, 0.0, 0.08950620996642342, 0.09247639241939104, 0.09173902283359818, 0.0, 0.06826344941350267, 0.0, 0.0, 0.0)",180
6501,18,6,8,"(0.09369258606422372, 0.0, 0.08275249473833234, 0.09247639241939104, 0.06960474313200218, 0.0, 0.06826344941350267, 0.0, 0.0, 0.0)",3
6502,18,6,8,"(0.09369258606422372, 0.0, 0.08196365558970987, 0.10000386817297131, 0.09173902283359818, 0.0, 0.06826344941350267, 0.0, 0.0, 0.0)",1
6503,18,6,8,"(0.09369258606422372, 0.0, 0.08950620996642342, 0.09247639241939104, 0.05784987622680784, 0.0, 0.06826344941350267, 0.0, 0.0, 0.0)",2
6504,18,6,11,"(0.13657331376114779, 0.14970886995698662, 0.0, 0.0, 0.0, 0.07979711461669381, 0.0, 0.08279881135943302, 0.0, 0.01812760691895582)",8
6505,18,6,11,"(0.09033430006888621, 0.14970886995698662, 0.0, 0.0, 0.0, 0.04688669779969397, 0.0, 0.08279881135943302, 0.0, 0.01812760691895582)",381
6506,18,6,11,"(0.09033430006888621, 0.14970886995698662, 0.0, 0.0, 0.0, 0.04688669779969397, 0.0, 0.06191949897813507, 0.0, 0.01812760691895582)",2
6507,18,6,11,"(0.09033430006888621, 0.14970886995698662, 0.0, 0.0, 0.0, 0.04688669779969397, 0.0, 0.08279881135943302, 0.0, 0.016693900202409944)",5
6508,18,6,11,"(0.09033430006888621, 0.14970886995698662, 0.0, 0.0, 0.0, 0.04688669779969397, 0.0, 0.08279881135943302, 0.0, 0.023869826907251077)",1
6509,18,6,11,"(0.0785457155942348, 0.14970886995698662, 0.0, 0.0, 0.0, 0.04688669779969397, 0.0, 0.08279881135943302, 0.0, 0.01812760691895582)",2
6510,18,6,11,"(0.09033430006888621, 0.14970886995698662, 0.0, 0.0, 0.0, 0.059947054902743754, 0.0, 0.08340419174104864, 0.0, 0.012516793471195116)",1
6511,18,6,11,"(0.09033430006888621, 0.14970886995698662, 0.0, 0.0, 0.0, 0.04688669779969397, 0.0, 0.08279881135943302, 0.0, 0.013475308599587057)",1
6512,18,6,11,"(0.09033430006888621, 0.14970886995698662, 0.0, 0.0, 0.0, 0.04688669779969397, 0.0, 0.046176876769364515, 0.0, 0.01812760691895582)",60
6513,18,6,11,"(0.09033430006888621, 0.14970886995698662, 0.0, 0.0, 0.0, 0.04688669779969397, 0.0, 0.08279881135943302, 0.0, 0.02138702730171403)",15
6514,18,6,11,"(0.09033430006888621, 0.14970886995698662, 0.0, 0.0, 0.0, 0.04688669779969397, 0.0, 0.08340419174104864, 0.0, 0.01812760691895582)",7
6515,18,6,13,"(0.0, 0.0, 0.11679612853536596, 0.06920069129515957, 0.09172770611919409, 0.07489992963210028, 0.0, 0.0, 0.14899621190854193, 0.0)",165
6516,18,6,13,"(0.0, 0.0, 0.11679612853536596, 0.06920069129515957, 0.09172770611919409, 0.09122318969959371, 0.0, 0.0, 0.14899621190854193, 0.0)",22
6517,18,6,13,"(0.0, 0.0, 0.08039329761240183, 0.06920069129515957, 0.07937963231298598, 0.09122318969959371, 0.0, 0.0, 0.14899621190854193, 0.0)",3
6518,18,7,8,"(0.09369258606422372, 0.0, 0.08950620996642342, 0.09247639241939104, 0.09173902283359818, 0.0, 0.09351079433152437, 0.0, 0.0, 0.0)",1
6519,18,7,8,"(0.09369258606422372, 0.0, 0.08950620996642342, 0.09247639241939104, 0.09173902283359818, 0.0, 0.0533281961979967, 0.0, 0.0, 0.0)",3
6520,18,7,8,"(0.09369258606422372, 0.0, 0.08950620996642342, 0.09247639241939104, 0.09173902283359818, 0.0, 0.06826344941350267, 0.0, 0.0, 0.0)",309
6521,18,7,8,"(0.09369258606422372, 0.0, 0.08950620996642342, 0.09247639241939104, 0.09173902283359818, 0.0, 0.07562265404028741, 0.0, 0.0, 0.0)",1
6522,18,7,8,"(0.09369258606422372, 0.0, 0.09886232529533268, 0.09247639241939104, 0.09173902283359818, 0.0, 0.04357037093627773, 0.0, 0.0, 0.0)",41
6523,18,7,8,"(0.09369258606422372, 0.0, 0.08950620996642342, 0.07684516536161323, 0.07676852555033283, 0.0, 0.06826344941350267, 0.0, 0.0, 0.0)",1
6524,18,7,8,"(0.09369258606422372, 0.0, 0.08950620996642342, 0.09247639241939104, 0.05428775504013979, 0.0, 0.06826344941350267, 0.0, 0.0, 0.0)",13
6525,18,7,8,"(0.09369258606422372, 0.0, 0.06679901532621035, 0.09247639241939104, 0.09173902283359818, 0.0, 0.06826344941350267, 0.0, 0.0, 0.0)",1
6526,18,7,11,"(0.09033430006888621, 0.14970886995698662, 0.0, 0.0, 0.0, 0.04688669779969397, 0.0, 0.08279881135943302, 0.0, 0.04111292044773477)",3
6527,18,7,11,"(0.09033430006888621, 0.14970886995698662, 0.0, 0.0, 0.0, 0.04688669779969397, 0.0, 0.08279881135943302, 0.0, 0.01812760691895582)",306
6528,18,7,11,"(0.09033430006888621, 0.14970886995698662, 0.0, 0.0, 0.0, 0.05011444431736955, 0.0, 0.046176876769364515, 0.0, 0.01812760691895582)",1
6529,18,7,11,"(0.09033430006888621, 0.14970886995698662, 0.0, 0.0, 0.0, 0.04676928479847067, 0.0, 0.08279881135943302, 0.0, 0.01812760691895582)",16
6530,18,7,11,"(0.09033430006888621, 0.14970886995698662, 0.0, 0.0, 0.0, 0.04688669779969397, 0.0, 0.046176876769364515, 0.0, 0.02202340209924956)",1
6531,18,7,11,"(0.09033430006888621, 0.14970886995698662, 0.0, 0.0, 0.0, 0.04688669779969397, 0.0, 0.046176876769364515, 0.0, 0.01812760691895582)",118
6532,18,7,11,"(0.09065927122466622, 0.14970886995698662, 0.0, 0.0, 0.0, 0.04688669779969397, 0.0, 0.08279881135943302, 0.0, 0.01812760691895582)",5
6533,18,7,11,"(0.1318774131417804, 0.1809444426403765, 0.0, 0.0, 0.0, 0.04688669779969397, 0.0, 0.058560890393003884, 0.0, 0.01812760691895582)",1
6534,18,7,13,"(0.0, 0.0, 0.11679612853536596, 0.06920069129515957, 0.09172770611919409, 0.07489992963210028, 0.0, 0.0, 0.14899621190854193, 0.0)",149
6535,18,7,13,"(0.0, 0.0, 0.11679612853536596, 0.06920069129515957, 0.1273982329953972, 0.07489992963210028, 0.0, 0.0, 0.14899621190854193, 0.0)",1
6536,18,8,8,"(0.10470856565195401, 0.0, 0.08950620996642342, 0.09247639241939104, 0.09173902283359818, 0.0, 0.06826344941350267, 0.0, 0.0, 0.0)",5
6537,18,8,8,"(0.09369258606422372, 0.0, 0.08950620996642342, 0.09247639241939104, 0.08880808584989872, 0.0, 0.06826344941350267, 0.0, 0.0, 0.0)",1
6538,18,8,8,"(0.09369258606422372, 0.0, 0.08950620996642342, 0.11800653131643503, 0.09173902283359818, 0.0, 0.1071823672894016, 0.0, 0.0, 0.0)",5
6539,18,8,8,"(0.08255144095431095, 0.0, 0.08950620996642342, 0.09247639241939104, 0.09173902283359818, 0.0, 0.06826344941350267, 0.0, 0.0, 0.0)",1
6540,18,8,8,"(0.09369258606422372, 0.0, 0.08950620996642342, 0.09247639241939104, 0.05428775504013979, 0.0, 0.06826344941350267, 0.0, 0.0, 0.0)",21
6541,18,8,8,"(0.09369258606422372, 0.0, 0.09886232529533268, 0.09247639241939104, 0.09173902283359818, 0.0, 0.04357037093627773, 0.0, 0.0, 0.0)",47
6542,18,8,8,"(0.09369258606422372, 0.0, 0.1337427156865604, 0.09247639241939104, 0.09173902283359818, 0.0, 0.06826344941350267, 0.0, 0.0, 0.0)",1
6543,18,8,8,"(0.09369258606422372, 0.0, 0.0785754957783496, 0.09247639241939104, 0.09173902283359818, 0.0, 0.06826344941350267, 0.0, 0.0, 0.0)",1
6544,18,8,8,"(0.09369258606422372, 0.0, 0.08950620996642342, 0.09247639241939104, 0.09173902283359818, 0.0, 0.06826344941350267, 0.0, 0.0, 0.0)",271
6545,18,8,11,"(0.09033430006888621, 0.14970886995698662, 0.0, 0.0, 0.0, 0.04688669779969397, 0.0, 0.08279881135943302, 0.0, 0.01812760691895582)",325
6546,18,8,11,"(0.12553714315580453, 0.14970886995698662, 0.0, 0.0, 0.0, 0.04688669779969397, 0.0, 0.08279881135943302, 0.0, 0.01812760691895582)",1
6547,18,8,11,"(0.12392521487152604, 0.14970886995698662, 0.0, 0.0, 0.0, 0.047256085847744794, 0.0, 0.08279881135943302, 0.0, 0.01812760691895582)",1
6548,18,8,11,"(0.09033430006888621, 0.14970886995698662, 0.0, 0.0, 0.0, 0.04688669779969397, 0.0, 0.08279881135943302, 0.0, 0.015182017486698647)",2
6549,18,8,11,"(0.09033430006888621, 0.2467458463006053, 0.0, 0.0, 0.0, 0.06384147563113766, 0.0, 0.08279881135943302, 0.0, 0.04559862581429916)",1
6550,18,8,11,"(0.09033430006888621, 0.14970886995698662, 0.0, 0.0, 0.0, 0.04688669779969397, 0.0, 0.046176876769364515, 0.0, 0.02596267883267502)",40
6551,18,8,11,"(0.09033430006888621, 0.14970886995698662, 0.0, 0.0, 0.0, 0.04688669779969397, 0.0, 0.08279881135943302, 0.0, 0.012280122385822587)",1
6552,18,8,13,"(0.0, 0.0, 0.11679612853536596, 0.06920069129515957, 0.09172770611919409, 0.07489992963210028, 0.0, 0.0, 0.14899621190854193, 0.0)",197
6553,18,8,13,"(0.0, 0.0, 0.11679612853536596, 0.03363918006219191, 0.1143046025695156, 0.07489992963210028, 0.0, 0.0, 0.14899621190854193, 0.0)",1
6554,18,8,13,"(0.0, 0.0, 0.11679612853536596, 0.06621284259960478, 0.09172770611919409, 0.07489992963210028, 0.0, 0.0, 0.14899621190854193, 0.0)",1
6555,18,9,8,"(0.09369258606422372, 0.0, 0.08950620996642342, 0.09247639241939104, 0.09173902283359818, 0.0, 0.06826344941350267, 0.0, 0.0, 0.0)",63
6556,18,9,8,"(0.09369258606422372, 0.0, 0.08950620996642342, 0.08933871484473395, 0.09173902283359818, 0.0, 0.06826344941350267, 0.0, 0.0, 0.0)",30
6557,18,9,8,"(0.11242217409807048, 0.0, 0.04832387026947307, 0.09247639241939104, 0.09173902283359818, 0.0, 0.10113677907225646, 0.0, 0.0, 0.0)",1
6558,18,9,8,"(0.09369258606422372, 0.0, 0.08950620996642342, 0.09247639241939104, 0.07465200933978253, 0.0, 0.06826344941350267, 0.0, 0.0, 0.0)",253
6559,18,9,8,"(0.09369258606422372, 0.0, 0.14813809933118735, 0.09247639241939104, 0.07465200933978253, 0.0, 0.06826344941350267, 0.0, 0.0, 0.0)",3
6560,18,9,11,"(0.12501742470660704, 0.24277790034517766, 0.0, 0.0, 0.0, 0.04688669779969397, 0.0, 0.08279881135943302, 0.0, 0.01812760691895582)",1
6561,18,9,11,"(0.14518289191167796, 0.14970886995698662, 0.0, 0.0, 0.0, 0.04688669779969397, 0.0, 0.08279881135943302, 0.0, 0.01812760691895582)",1
6562,18,9,11,"(0.09033430006888621, 0.14970886995698662, 0.0, 0.0, 0.0, 0.06528146999772574, 0.0, 0.08279881135943302, 0.0, 0.01812760691895582)",7
6563,18,9,11,"(0.08220090915715471, 0.19821392227480558, 0.0, 0.0, 0.0, 0.04688669779969397, 0.0, 0.08279881135943302, 0.0, 0.011819781322863607)",1
6564,18,9,11,"(0.09033430006888621, 0.14970886995698662, 0.0, 0.0, 0.0, 0.05938835645143319, 0.0, 0.09006315211437492, 0.0, 0.01812760691895582)",2
6565,18,9,11,"(0.09033430006888621, 0.14970886995698662, 0.0, 0.0, 0.0, 0.04688669779969397, 0.0, 0.08279881135943302, 0.0, 0.01812760691895582)",426
6566,18,9,11,"(0.09033430006888621, 0.14970886995698662, 0.0, 0.0, 0.0, 0.04688669779969397, 0.0, 0.08279881135943302, 0.0, 0.020705406866755035)",1
6567,18,9,11,"(0.09072603634609332, 0.14970886995698662, 0.0, 0.0, 0.0, 0.04688669779969397, 0.0, 0.08279881135943302, 0.0, 0.01812760691895582)",2
6568,18,9,11,"(0.09033430006888621, 0.14970886995698662, 0.0, 0.0, 0.0, 0.04688669779969397, 0.0, 0.08279881135943302, 0.0, 0.034390157796244936)",1
6569,18,9,11,"(0.09033430006888621, 0.14970886995698662, 0.0, 0.0, 0.0, 0.05770672367486041, 0.0, 0.08279881135943302, 0.0, 0.016404301682984693)",1
6570,18,9,13,"(0.0, 0.0, 0.11679612853536596, 0.06920069129515957, 0.09172770611919409, 0.07489992963210028, 0.0, 0.0, 0.14899621190854193, 0.0)",186
6571,18,9,13,"(0.0, 0.0, 0.11679612853536596, 0.06920069129515957, 0.11885178835872318, 0.07489992963210028, 0.0, 0.0, 0.14899621190854193, 0.0)",1
6572,18,10,8,"(0.09369258606422372, 0.0, 0.08950620996642342, 0.06659264250122184, 0.07465200933978253, 0.0, 0.06826344941350267, 0.0, 0.0, 0.0)",68
6573,18,10,8,"(0.09369258606422372, 0.0, 0.08950620996642342, 0.08933871484473395, 0.09173902283359818, 0.0, 0.06826344941350267, 0.0, 0.0, 0.0)",6
6574,18,10,8,"(0.09369258606422372, 0.0, 0.08950620996642342, 0.09247639241939104, 0.07465200933978253, 0.0, 0.06826344941350267, 0.0, 0.0, 0.0)",213
6575,18,10,8,"(0.09369258606422372, 0.0, 0.08950620996642342, 0.09247639241939104, 0.09173902283359818, 0.0, 0.06826344941350267, 0.0, 0.0, 0.0)",40
6576,18,10,8,"(0.09369258606422372, 0.0, 0.08950620996642342, 0.10996837775006686, 0.07465200933978253, 0.0, 0.06826344941350267, 0.0, 0.0, 0.0)",1
6577,18,10,8,"(0.09369258606422372, 0.0, 0.08950620996642342, 0.06659264250122184, 0.09656249092076531, 0.0, 0.06826344941350267, 0.0, 0.0, 0.0)",1
6578,18,10,11,"(0.09033430006888621, 0.14970886995698662, 0.0, 0.0, 0.0, 0.04571154426589494, 0.0, 0.08279881135943302, 0.0, 0.01812760691895582)",1
6579,18,10,11,"(0.09033430006888621, 0.14970886995698662, 0.0, 0.0, 0.0, 0.04742528809468566, 0.0, 0.08279881135943302, 0.0, 0.01812760691895582)",1
6580,18,10,11,"(0.09033430006888621, 0.14970886995698662, 0.0, 0.0, 0.0, 0.04688669779969397, 0.0, 0.08279881135943302, 0.0, 0.01812760691895582)",409
6581,18,10,11,"(0.09033430006888621, 0.14970886995698662, 0.0, 0.0, 0.0, 0.04688669779969397, 0.0, 0.08279881135943302, 0.0, 0.030200907048714504)",1
6582,18,10,11,"(0.09033430006888621, 0.14970886995698662, 0.0, 0.0, 0.0, 0.06528146999772574, 0.0, 0.08279881135943302, 0.0, 0.01812760691895582)",56
6583,18,10,11,"(0.09033430006888621, 0.14970886995698662, 0.0, 0.0, 0.0, 0.04120821825242963, 0.0, 0.08279881135943302, 0.0, 0.01812760691895582)",1
6584,18,10,11,"(0.09033430006888621, 0.14970886995698662, 0.0, 0.0, 0.0, 0.04688669779969397, 0.0, 0.08281747470233357, 0.0, 0.01812760691895582)",1
6585,18,10,11,"(0.09033430006888621, 0.14970886995698662, 0.0, 0.0, 0.0, 0.04688669779969397, 0.0, 0.08279881135943302, 0.0, 0.030460013662077123)",1
6586,18,10,13,"(0.0, 0.0, 0.11679612853536596, 0.06920069129515957, 0.09172770611919409, 0.07489992963210028, 0.0, 0.0, 0.14899621190854193, 0.0)",161
6587,18,10,13,"(0.0, 0.0, 0.11679612853536596, 0.05940427694443806, 0.09172770611919409, 0.03977873693969004, 0.0, 0.0, 0.14899621190854193, 0.0)",2
6588,18,11,8,"(0.09369258606422372, 0.0, 0.08950620996642342, 0.08933871484473395, 0.0466280867791048, 0.0, 0.028540340742823644, 0.0, 0.0, 0.0)",1
6589,18,11,8,"(0.09369258606422372, 0.0, 0.08950620996642342, 0.09247639241939104, 0.07465200933978253, 0.0, 0.06826344941350267, 0.0, 0.0, 0.0)",177
6590,18,11,8,"(0.09369258606422372, 0.0, 0.08950620996642342, 0.08933871484473395, 0.09173902283359818, 0.0, 0.06826344941350267, 0.0, 0.0, 0.0)",11
6591,18,11,8,"(0.09369258606422372, 0.0, 0.08950620996642342, 0.09247639241939104, 0.07465200933978253, 0.0, 0.05772236280806747, 0.0, 0.0, 0.0)",5
6592,18,11,8,"(0.09369258606422372, 0.0, 0.13791195297385184, 0.09247639241939104, 0.07465200933978253, 0.0, 0.06826344941350267, 0.0, 0.0, 0.0)",2
6593,18,11,8,"(0.09369258606422372, 0.0, 0.08950620996642342, 0.09247639241939104, 0.13881814028093717, 0.0, 0.06826344941350267, 0.0, 0.0, 0.0)",1
6594,18,11,8,"(0.09369258606422372, 0.0, 0.08950620996642342, 0.09247639241939104, 0.09173902283359818, 0.0, 0.06826344941350267, 0.0, 0.0, 0.0)",108
6595,18,11,8,"(0.09369258606422372, 0.0, 0.08950620996642342, 0.1291155253429916, 0.07465200933978253, 0.0, 0.06826344941350267, 0.0, 0.0, 0.0)",1
6596,18,11,8,"(0.09369258606422372, 0.0, 0.08950620996642342, 0.046538255486322115, 0.09173902283359818, 0.0, 0.06826344941350267, 0.0, 0.0, 0.0)",1
6597,18,11,11,"(0.09033430006888621, 0.09240006316843562, 0.0, 0.0, 0.0, 0.04688669779969397, 0.0, 0.08279881135943302, 0.0, 0.01812760691895582)",1
6598,18,11,11,"(0.09033430006888621, 0.1770857629177764, 0.0, 0.0, 0.0, 0.04688669779969397, 0.0, 0.08279881135943302, 0.0, 0.01812760691895582)",4
6599,18,11,11,"(0.09033430006888621, 0.14970886995698662, 0.0, 0.0, 0.0, 0.06528146999772574, 0.0, 0.08279881135943302, 0.0, 0.01812760691895582)",30
6600,18,11,11,"(0.06824520628906812, 0.14970886995698662, 0.0, 0.0, 0.0, 0.04688669779969397, 0.0, 0.05444275161050064, 0.0, 0.01812760691895582)",1
6601,18,11,11,"(0.09033430006888621, 0.14970886995698662, 0.0, 0.0, 0.0, 0.04688669779969397, 0.0, 0.08279881135943302, 0.0, 0.01812760691895582)",437
6602,18,11,11,"(0.09033430006888621, 0.14970886995698662, 0.0, 0.0, 0.0, 0.04688669779969397, 0.0, 0.08279881135943302, 0.0, 0.010425803489844168)",4
6603,18,11,11,"(0.09033430006888621, 0.14970886995698662, 0.0, 0.0, 0.0, 0.08339776762806227, 0.0, 0.061382482107963585, 0.0, 0.01812760691895582)",1
6604,18,11,11,"(0.09033430006888621, 0.14970886995698662, 0.0, 0.0, 0.0, 0.04688669779969397, 0.0, 0.08279881135943302, 0.0, 0.022950474880245784)",10
6605,18,11,13,"(0.0, 0.0, 0.11679612853536596, 0.06920069129515957, 0.09172770611919409, 0.07489992963210028, 0.0, 0.0, 0.14899621190854193, 0.0)",156
6606,18,11,13,"(0.0, 0.0, 0.05838142787160993, 0.08222430132747871, 0.09172770611919409, 0.07489992963210028, 0.0, 0.0, 0.14899621190854193, 0.0)",24
6607,18,11,13,"(0.0, 0.0, 0.1663660459417126, 0.0666812652380393, 0.0612177562772305, 0.06419666522397942, 0.0, 0.0, 0.14899621190854193, 0.0)",1
6608,18,12,8,"(0.09369258606422372, 0.0, 0.08950620996642342, 0.09247639241939104, 0.09173902283359818, 0.0, 0.06826344941350267, 0.0, 0.0, 0.0)",239
6609,18,12,8,"(0.09369258606422372, 0.0, 0.08950620996642342, 0.09247639241939104, 0.1719342813237778, 0.0, 0.06826344941350267, 0.0, 0.0, 0.0)",3
6610,18,12,8,"(0.09369258606422372, 0.0, 0.08950620996642342, 0.09247639241939104, 0.07465200933978253, 0.0, 0.06826344941350267, 0.0, 0.0, 0.0)",23
6611,18,12,8,"(0.09369258606422372, 0.0, 0.08950620996642342, 0.09247639241939104, 0.1719342813237778, 0.0, 0.06721199867581716, 0.0, 0.0, 0.0)",2
6612,18,12,8,"(0.09369258606422372, 0.0, 0.08950620996642342, 0.09247639241939104, 0.08949482454380248, 0.0, 0.08599726014968069, 0.0, 0.0, 0.0)",4
6613,18,12,11,"(0.05574633736278891, 0.14970886995698662, 0.0, 0.0, 0.0, 0.04688669779969397, 0.0, 0.08279881135943302, 0.0, 0.01812760691895582)",1
6614,18,12,11,"(0.09033430006888621, 0.24548394269048937, 0.0, 0.0, 0.0, 0.04688669779969397, 0.0, 0.08279881135943302, 0.0, 0.01812760691895582)",2
6615,18,12,11,"(0.09033430006888621, 0.14970886995698662, 0.0, 0.0, 0.0, 0.04688669779969397, 0.0, 0.08279881135943302, 0.0, 0.007708552004032053)",1
6616,18,12,11,"(0.09033430006888621, 0.14970886995698662, 0.0, 0.0, 0.0, 0.06445128925693885, 0.0, 0.06533181344452914, 0.0, 0.01566441752000874)",1
6617,18,12,11,"(0.09033430006888621, 0.14970886995698662, 0.0, 0.0, 0.0, 0.04688669779969397, 0.0, 0.08279881135943302, 0.0, 0.01812760691895582)",497
6618,18,12,11,"(0.13371689957312946, 0.14970886995698662, 0.0, 0.0, 0.0, 0.04688669779969397, 0.0, 0.08279881135943302, 0.0, 0.01812760691895582)",1
6619,18,12,11,"(0.09033430006888621, 0.14970886995698662, 0.0, 0.0, 0.0, 0.07876467773502709, 0.0, 0.08279881135943302, 0.0, 0.01812760691895582)",1
6620,18,12,13,"(0.0, 0.0, 0.11679612853536596, 0.06920069129515957, 0.09172770611919409, 0.05633192945492548, 0.0, 0.0, 0.14899621190854193, 0.0)",1
6621,18,12,13,"(0.0, 0.0, 0.11679612853536596, 0.06920069129515957, 0.09172770611919409, 0.07489992963210028, 0.0, 0.0, 0.18624352998338087, 0.0)",1
6622,18,12,13,"(0.0, 0.0, 0.11679612853536596, 0.07459340588135546, 0.09172770611919409, 0.07489992963210028, 0.0, 0.0, 0.14899621190854193, 0.0)",3
6623,18,12,13,"(0.0, 0.0, 0.06817746409220958, 0.06920069129515957, 0.09172770611919409, 0.07489992963210028, 0.0, 0.0, 0.14899621190854193, 0.0)",1
6624,18,12,13,"(0.0, 0.0, 0.11679612853536596, 0.050601340789355374, 0.09172770611919409, 0.07489992963210028, 0.0, 0.0, 0.14899621190854193, 0.0)",1
6625,18,12,13,"(0.0, 0.0, 0.11679612853536596, 0.0669355296871195, 0.09172770611919409, 0.07489992963210028, 0.0, 0.0, 0.3113156827383652, 0.0)",1
6626,18,12,13,"(0.0, 0.0, 0.11679612853536596, 0.06920069129515957, 0.09172770611919409, 0.0975383642338633, 0.0, 0.0, 0.14899621190854193, 0.0)",1
6627,18,12,13,"(0.0, 0.0, 0.11679612853536596, 0.0674318082219808, 0.09172770611919409, 0.07489992963210028, 0.0, 0.0, 0.14899621190854193, 0.0)",1
6628,18,12,13,"(0.0, 0.0, 0.11679612853536596, 0.06920069129515957, 0.09172770611919409, 0.07489992963210028, 0.0, 0.0, 0.14899621190854193, 0.0)",171
6629,18,13,8,"(0.09369258606422372, 0.0, 0.08950620996642342, 0.10579047291194274, 0.09173902283359818, 0.0, 0.06826344941350267, 0.0, 0.0, 0.0)",3
6630,18,13,8,"(0.09369258606422372, 0.0, 0.08950620996642342, 0.09247639241939104, 0.07465200933978253, 0.0, 0.06826344941350267, 0.0, 0.0, 0.0)",35
6631,18,13,8,"(0.09369258606422372, 0.0, 0.08950620996642342, 0.08557254098143931, 0.07292584453265717, 0.0, 0.06826344941350267, 0.0, 0.0, 0.0)",1
6632,18,13,8,"(0.10238555672916044, 0.0, 0.08950620996642342, 0.09247639241939104, 0.09173902283359818, 0.0, 0.06826344941350267, 0.0, 0.0, 0.0)",4
6633,18,13,8,"(0.05360024004079926, 0.0, 0.08950620996642342, 0.09247639241939104, 0.09173902283359818, 0.0, 0.06826344941350267, 0.0, 0.0, 0.0)",1
6634,18,13,8,"(0.09369258606422372, 0.0, 0.08950620996642342, 0.09247639241939104, 0.09173902283359818, 0.0, 0.06826344941350267, 0.0, 0.0, 0.0)",256
6635,18,13,11,"(0.09033430006888621, 0.14970886995698662, 0.0, 0.0, 0.0, 0.04688669779969397, 0.0, 0.07984494770327444, 0.0, 0.01812760691895582)",101
6636,18,13,11,"(0.12432257833863287, 0.14970886995698662, 0.0, 0.0, 0.0, 0.04688669779969397, 0.0, 0.07984494770327444, 0.0, 0.01812760691895582)",1
6637,18,13,11,"(0.09033430006888621, 0.14970886995698662, 0.0, 0.0, 0.0, 0.04688669779969397, 0.0, 0.08796311455019878, 0.0, 0.01812760691895582)",1
6638,18,13,11,"(0.08272708568936377, 0.14970886995698662, 0.0, 0.0, 0.0, 0.04688669779969397, 0.0, 0.08279881135943302, 0.0, 0.01812760691895582)",2
6639,18,13,11,"(0.09033430006888621, 0.14970886995698662, 0.0, 0.0, 0.0, 0.04563672425446685, 0.0, 0.07984494770327444, 0.0, 0.01812760691895582)",1
6640,18,13,11,"(0.09033430006888621, 0.08708917347048284, 0.0, 0.0, 0.0, 0.04688669779969397, 0.0, 0.08279881135943302, 0.0, 0.013861039550144533)",1
6641,18,13,11,"(0.09033430006888621, 0.23071311343656203, 0.0, 0.0, 0.0, 0.04688669779969397, 0.0, 0.08279881135943302, 0.0, 0.01812760691895582)",9
6642,18,13,11,"(0.09033430006888621, 0.14970886995698662, 0.0, 0.0, 0.0, 0.023611112725110475, 0.0, 0.07984494770327444, 0.0, 0.01812760691895582)",1
6643,18,13,11,"(0.09033430006888621, 0.14970886995698662, 0.0, 0.0, 0.0, 0.04688669779969397, 0.0, 0.08279881135943302, 0.0, 0.01812760691895582)",400
6644,18,13,13,"(0.0, 0.0, 0.11679612853536596, 0.06920069129515957, 0.09172770611919409, 0.07489992963210028, 0.0, 0.0, 0.14899621190854193, 0.0)",189
6645,18,13,13,"(0.0, 0.0, 0.11679612853536596, 0.07890938994090138, 0.09172770611919409, 0.05157058716351755, 0.0, 0.0, 0.1344768685391124, 0.0)",1
6646,18,13,13,"(0.0, 0.0, 0.17813565220650449, 0.06920069129515957, 0.09172770611919409, 0.07489992963210028, 0.0, 0.0, 0.14899621190854193, 0.0)",2
6647,18,13,13,"(0.0, 0.0, 0.0840350948957267, 0.06920069129515957, 0.09172770611919409, 0.07489992963210028, 0.0, 0.0, 0.14899621190854193, 0.0)",2
6648,18,14,8,"(0.09369258606422372, 0.0, 0.12790001244706053, 0.09247639241939104, 0.09173902283359818, 0.0, 0.06826344941350267, 0.0, 0.0, 0.0)",1
6649,18,14,8,"(0.09369258606422372, 0.0, 0.04889002487875952, 0.09247639241939104, 0.09173902283359818, 0.0, 0.06826344941350267, 0.0, 0.0, 0.0)",57
6650,18,14,8,"(0.09369258606422372, 0.0, 0.08950620996642342, 0.09247639241939104, 0.09173902283359818, 0.0, 0.06826344941350267, 0.0, 0.0, 0.0)",198
6651,18,14,8,"(0.09369258606422372, 0.0, 0.08950620996642342, 0.09247639241939104, 0.07465200933978253, 0.0, 0.06826344941350267, 0.0, 0.0, 0.0)",60
6652,18,14,11,"(0.09033430006888621, 0.14970886995698662, 0.0, 0.0, 0.0, 0.04688669779969397, 0.0, 0.08279881135943302, 0.0, 0.01812760691895582)",493
6653,18,14,11,"(0.09033430006888621, 0.18918997231979198, 0.0, 0.0, 0.0, 0.04688669779969397, 0.0, 0.08279881135943302, 0.0, 0.01812760691895582)",2
6654,18,14,11,"(0.09033430006888621, 0.14970886995698662, 0.0, 0.0, 0.0, 0.04688669779969397, 0.0, 0.08279881135943302, 0.0, 0.012305001574971343)",2
6655,18,14,13,"(0.0, 0.0, 0.11679612853536596, 0.06920069129515957, 0.09172770611919409, 0.07489992963210028, 0.0, 0.0, 0.14899621190854193, 0.0)",187
6656,18,14,13,"(0.0, 0.0, 0.11679612853536596, 0.06920069129515957, 0.07212020491912068, 0.07489992963210028, 0.0, 0.0, 0.14899621190854193, 0.0)",1
6657,18,15,8,"(0.09369258606422372, 0.0, 0.09447622482912725, 0.09247639241939104, 0.11056252355438718, 0.0, 0.07095156376769822, 0.0, 0.0, 0.0)",14
6658,18,15,8,"(0.09369258606422372, 0.0, 0.08950620996642342, 0.07774179402552603, 0.09173902283359818, 0.0, 0.06826344941350267, 0.0, 0.0, 0.0)",91
6659,18,15,8,"(0.09369258606422372, 0.0, 0.09886232529533268, 0.09247639241939104, 0.09173902283359818, 0.0, 0.04357037093627773, 0.0, 0.0, 0.0)",233
6660,18,15,8,"(0.09369258606422372, 0.0, 0.04795507137634055, 0.09247639241939104, 0.11056252355438718, 0.0, 0.07095156376769822, 0.0, 0.0, 0.0)",4
6661,18,15,8,"(0.09369258606422372, 0.0, 0.09886232529533268, 0.09247639241939104, 0.09173902283359818, 0.0, 0.09293599690797075, 0.0, 0.0, 0.0)",1
6662,18,15,11,"(0.1752596629708815, 0.14970886995698662, 0.0, 0.0, 0.0, 0.04688669779969397, 0.0, 0.08279881135943302, 0.0, 0.01812760691895582)",1
6663,18,15,11,"(0.09033430006888621, 0.14970886995698662, 0.0, 0.0, 0.0, 0.04688669779969397, 0.0, 0.08279881135943302, 0.0, 0.01812760691895582)",401
6664,18,15,11,"(0.09033430006888621, 0.10713074494535789, 0.0, 0.0, 0.0, 0.04688669779969397, 0.0, 0.08279881135943302, 0.0, 0.01812760691895582)",1
6665,18,15,11,"(0.09033430006888621, 0.10415152212072075, 0.0, 0.0, 0.0, 0.04688669779969397, 0.0, 0.08279881135943302, 0.0, 0.01812760691895582)",25
6666,18,15,11,"(0.11986744853085649, 0.19371276559784137, 0.0, 0.0, 0.0, 0.04688669779969397, 0.0, 0.08279881135943302, 0.0, 0.01812760691895582)",1
6667,18,15,11,"(0.09033430006888621, 0.1667126928188139, 0.0, 0.0, 0.0, 0.04688669779969397, 0.0, 0.08279881135943302, 0.0, 0.01812760691895582)",2
6668,18,15,13,"(0.0, 0.0, 0.08730486866737892, 0.06920069129515957, 0.09172770611919409, 0.07489992963210028, 0.0, 0.0, 0.14899621190854193, 0.0)",3
6669,18,15,13,"(0.0, 0.0, 0.11679612853536596, 0.06920069129515957, 0.06901532848062558, 0.09130222772032319, 0.0, 0.0, 0.14899621190854193, 0.0)",1
6670,18,15,13,"(0.0, 0.0, 0.11679612853536596, 0.06920069129515957, 0.10537369273967705, 0.07489992963210028, 0.0, 0.0, 0.10197513916354178, 0.0)",1
6671,18,15,13,"(0.0, 0.0, 0.11679612853536596, 0.06920069129515957, 0.09172770611919409, 0.09130222772032319, 0.0, 0.0, 0.14899621190854193, 0.0)",40
6672,18,15,13,"(0.0, 0.0, 0.11679612853536596, 0.06920069129515957, 0.11283055935340178, 0.07489992963210028, 0.0, 0.0, 0.14899621190854193, 0.0)",2
6673,18,15,13,"(0.0, 0.0, 0.11679612853536596, 0.06920069129515957, 0.09172770611919409, 0.07489992963210028, 0.0, 0.0, 0.14899621190854193, 0.0)",122
6674,18,16,8,"(0.09369258606422372, 0.0, 0.09886232529533268, 0.09247639241939104, 0.09173902283359818, 0.0, 0.04357037093627773, 0.0, 0.0, 0.0)",210
6675,18,16,8,"(0.09369258606422372, 0.0, 0.08950620996642342, 0.07774179402552603, 0.09173902283359818, 0.0, 0.050375593199581736, 0.0, 0.0, 0.0)",1
6676,18,16,8,"(0.09369258606422372, 0.0, 0.09447622482912725, 0.09247639241939104, 0.10111273505143965, 0.0, 0.07095156376769822, 0.0, 0.0, 0.0)",19
6677,18,16,8,"(0.09369258606422372, 0.0, 0.0919797275152587, 0.09247639241939104, 0.09173902283359818, 0.0, 0.049545064712862075, 0.0, 0.0, 0.0)",1
6678,18,16,8,"(0.08128183159739054, 0.0, 0.08950620996642342, 0.07774179402552603, 0.09173902283359818, 0.0, 0.06826344941350267, 0.0, 0.0, 0.0)",4
6679,18,16,8,"(0.09369258606422372, 0.0, 0.08950620996642342, 0.06664729303136951, 0.09173902283359818, 0.0, 0.1170905339033346, 0.0, 0.0, 0.0)",7
6680,18,16,8,"(0.09369258606422372, 0.0, 0.08950620996642342, 0.10135706049908205, 0.09173902283359818, 0.0, 0.06826344941350267, 0.0, 0.0, 0.0)",1
6681,18,16,8,"(0.09369258606422372, 0.0, 0.09886232529533268, 0.07234258927727116, 0.09173902283359818, 0.0, 0.04357037093627773, 0.0, 0.0, 0.0)",3
6682,18,16,8,"(0.09369258606422372, 0.0, 0.09886232529533268, 0.1060383637211576, 0.09173902283359818, 0.0, 0.04357037093627773, 0.0, 0.0, 0.0)",1
6683,18,16,8,"(0.09369258606422372, 0.0, 0.08950620996642342, 0.07774179402552603, 0.09173902283359818, 0.0, 0.06826344941350267, 0.0, 0.0, 0.0)",99
6684,18,16,11,"(0.09033430006888621, 0.10415152212072075, 0.0, 0.0, 0.0, 0.04688669779969397, 0.0, 0.11936731292023625, 0.0, 0.01812760691895582)",1
6685,18,16,11,"(0.09033430006888621, 0.14970886995698662, 0.0, 0.0, 0.0, 0.04688669779969397, 0.0, 0.08279881135943302, 0.0, 0.01812760691895582)",128
6686,18,16,11,"(0.09033430006888621, 0.10415152212072075, 0.0, 0.0, 0.0, 0.10734449525126707, 0.0, 0.23583579531378926, 0.0, 0.01812760691895582)",6
6687,18,16,11,"(0.09033430006888621, 0.10415152212072075, 0.0, 0.0, 0.0, 0.04688669779969397, 0.0, 0.08279881135943302, 0.0, 0.01812760691895582)",312
6688,18,16,11,"(0.09033430006888621, 0.10415152212072075, 0.0, 0.0, 0.0, 0.04688669779969397, 0.0, 0.06015457622732087, 0.0, 0.01812760691895582)",1
6689,18,16,11,"(0.10690650043841278, 0.10415152212072075, 0.0, 0.0, 0.0, 0.03234055439448031, 0.0, 0.08279881135943302, 0.0, 0.01812760691895582)",1
6690,18,16,11,"(0.09033430006888621, 0.10415152212072075, 0.0, 0.0, 0.0, 0.04688669779969397, 0.0, 0.050670004461760294, 0.0, 0.02417245374558225)",1
6691,18,16,11,"(0.09033430006888621, 0.11832467350143555, 0.0, 0.0, 0.0, 0.04688669779969397, 0.0, 0.08279881135943302, 0.0, 0.01812760691895582)",1
6692,18,16,11,"(0.07229742242616381, 0.14970886995698662, 0.0, 0.0, 0.0, 0.04688669779969397, 0.0, 0.08279881135943302, 0.0, 0.01812760691895582)",2
6693,18,16,11,"(0.09033430006888621, 0.10415152212072075, 0.0, 0.0, 0.0, 0.04688669779969397, 0.0, 0.048974884761533395, 0.0, 0.01812760691895582)",1
6694,18,16,13,"(0.0, 0.0, 0.11679612853536596, 0.06920069129515957, 0.09172770611919409, 0.09130222772032319, 0.0, 0.0, 0.14899621190854193, 0.0)",65
6695,18,16,13,"(0.0, 0.0, 0.11679612853536596, 0.06920069129515957, 0.09172770611919409, 0.061067242535214325, 0.0, 0.0, 0.14899621190854193, 0.0)",2
6696,18,16,13,"(0.0, 0.0, 0.11679612853536596, 0.06920069129515957, 0.09172770611919409, 0.07489992963210028, 0.0, 0.0, 0.14899621190854193, 0.0)",118
6697,18,16,13,"(0.0, 0.0, 0.1223114679813417, 0.06920069129515957, 0.11154797950152558, 0.09130222772032319, 0.0, 0.0, 0.14899621190854193, 0.0)",1
6698,18,16,13,"(0.0, 0.0, 0.11679612853536596, 0.09480176320285011, 0.034737306375405404, 0.07489992963210028, 0.0, 0.0, 0.14899621190854193, 0.0)",1
6699,18,17,8,"(0.09369258606422372, 0.0, 0.09886232529533268, 0.09247639241939104, 0.09173902283359818, 0.0, 0.04357037093627773, 0.0, 0.0, 0.0)",266
6700,18,17,8,"(0.09369258606422372, 0.0, 0.09447622482912725, 0.09247639241939104, 0.10111273505143965, 0.0, 0.07095156376769822, 0.0, 0.0, 0.0)",37
6701,18,17,8,"(0.09369258606422372, 0.0, 0.09886232529533268, 0.057210913529380195, 0.09173902283359818, 0.0, 0.04357037093627773, 0.0, 0.0, 0.0)",1
6702,18,17,8,"(0.09369258606422372, 0.0, 0.10078847679866082, 0.06245443717034729, 0.10622927828917204, 0.0, 0.04357037093627773, 0.0, 0.0, 0.0)",30
6703,18,17,8,"(0.09369258606422372, 0.0, 0.08950620996642342, 0.07774179402552603, 0.12282186279715873, 0.0, 0.06826344941350267, 0.0, 0.0, 0.0)",1
6704,18,17,8,"(0.09369258606422372, 0.0, 0.08950620996642342, 0.07774179402552603, 0.09173902283359818, 0.0, 0.06826344941350267, 0.0, 0.0, 0.0)",53
6705,18,17,11,"(0.09033430006888621, 0.14970886995698662, 0.0, 0.0, 0.0, 0.036253711126237195, 0.0, 0.08279881135943302, 0.0, 0.01812760691895582)",1
6706,18,17,11,"(0.10994272504517055, 0.14970886995698662, 0.0, 0.0, 0.0, 0.04688669779969397, 0.0, 0.08279881135943302, 0.0, 0.01812760691895582)",2
6707,18,17,11,"(0.09033430006888621, 0.11210340186646826, 0.0, 0.0, 0.0, 0.04688669779969397, 0.0, 0.08279881135943302, 0.0, 0.01812760691895582)",1
6708,18,17,11,"(0.07283415588375577, 0.14970886995698662, 0.0, 0.0, 0.0, 0.04688669779969397, 0.0, 0.08279881135943302, 0.0, 0.01812760691895582)",20
6709,18,17,11,"(0.09033430006888621, 0.10415152212072075, 0.0, 0.0, 0.0, 0.04688669779969397, 0.0, 0.08279881135943302, 0.0, 0.01812760691895582)",53
6710,18,17,11,"(0.15630763489826202, 0.14970886995698662, 0.0, 0.0, 0.0, 0.04688669779969397, 0.0, 0.08279881135943302, 0.0, 0.01812760691895582)",10
6711,18,17,11,"(0.09343766821148242, 0.29449089806588474, 0.0, 0.0, 0.0, 0.043737960281150234, 0.0, 0.08279881135943302, 0.0, 0.010400622289177583)",1
6712,18,17,11,"(0.09033430006888621, 0.14414084609399, 0.0, 0.0, 0.0, 0.08986295390091391, 0.0, 0.054702003514286446, 0.0, 0.01812760691895582)",2
6713,18,17,11,"(0.09033430006888621, 0.14970886995698662, 0.0, 0.0, 0.0, 0.04688669779969397, 0.0, 0.08279881135943302, 0.0, 0.01812760691895582)",274
6714,18,17,11,"(0.09033430006888621, 0.2475630973302508, 0.0, 0.0, 0.0, 0.04688669779969397, 0.0, 0.08279881135943302, 0.0, 0.01812760691895582)",5
6715,18,17,13,"(0.0, 0.0, 0.11679612853536596, 0.06920069129515957, 0.09172770611919409, 0.09130222772032319, 0.0, 0.0, 0.14899621190854193, 0.0)",29
6716,18,17,13,"(0.0, 0.0, 0.11679612853536596, 0.06920069129515957, 0.09172770611919409, 0.05704064802206994, 0.0, 0.0, 0.14899621190854193, 0.0)",2
6717,18,17,13,"(0.0, 0.0, 0.11679612853536596, 0.06920069129515957, 0.09172770611919409, 0.07489992963210028, 0.0, 0.0, 0.14899621190854193, 0.0)",155
6718,18,17,13,"(0.0, 0.0, 0.11679612853536596, 0.06920069129515957, 0.09172770611919409, 0.08375123040218603, 0.0, 0.0, 0.14899621190854193, 0.0)",1
6719,18,17,13,"(0.0, 0.0, 0.11679612853536596, 0.06920069129515957, 0.1272935345568288, 0.07489992963210028, 0.0, 0.0, 0.14899621190854193, 0.0)",1
6720,18,18,8,"(0.09369258606422372, 0.0, 0.08950620996642342, 0.09247639241939104, 0.09173902283359818, 0.0, 0.06826344941350267, 0.0, 0.0, 0.0)",28
6721,18,18,8,"(0.09760901313733746, 0.0, 0.08950620996642342, 0.09247639241939104, 0.07465200933978253, 0.0, 0.06826344941350267, 0.0, 0.0, 0.0)",2
6722,18,18,8,"(0.09369258606422372, 0.0, 0.13838935134689134, 0.09247639241939104, 0.06366062946762377, 0.0, 0.06826344941350267, 0.0, 0.0, 0.0)",1
6723,18,18,8,"(0.11818960657186545, 0.0, 0.08950620996642342, 0.09247639241939104, 0.07465200933978253, 0.0, 0.06826344941350267, 0.0, 0.0, 0.0)",1
6724,18,18,8,"(0.09369258606422372, 0.0, 0.08950620996642342, 0.09247639241939104, 0.07465200933978253, 0.0, 0.06826344941350267, 0.0, 0.0, 0.0)",292
6725,18,18,11,"(0.09033430006888621, 0.14970886995698662, 0.0, 0.0, 0.0, 0.04688669779969397, 0.0, 0.08279881135943302, 0.0, 0.010002725313211929)",1
6726,18,18,11,"(0.09033430006888621, 0.11656305412212935, 0.0, 0.0, 0.0, 0.04688669779969397, 0.0, 0.08279881135943302, 0.0, 0.01812760691895582)",3
6727,18,18,11,"(0.09033430006888621, 0.14970886995698662, 0.0, 0.0, 0.0, 0.04688669779969397, 0.0, 0.10017337780118758, 0.0, 0.017478263524709804)",1
6728,18,18,11,"(0.09033430006888621, 0.06505638160816592, 0.0, 0.0, 0.0, 0.04688669779969397, 0.0, 0.08279881135943302, 0.0, 0.01812760691895582)",175
6729,18,18,11,"(0.09033430006888621, 0.06505638160816592, 0.0, 0.0, 0.0, 0.04688669779969397, 0.0, 0.08298475169671823, 0.0, 0.01155128902684729)",2
6730,18,18,11,"(0.09033430006888621, 0.14970886995698662, 0.0, 0.0, 0.0, 0.04688669779969397, 0.0, 0.08279881135943302, 0.0, 0.01812760691895582)",301
6731,18,18,11,"(0.09033430006888621, 0.14970886995698662, 0.0, 0.0, 0.0, 0.04688669779969397, 0.0, 0.08279881135943302, 0.0, 0.01566980821102034)",1
6732,18,18,11,"(0.09033430006888621, 0.14970886995698662, 0.0, 0.0, 0.0, 0.042042769126031956, 0.0, 0.08279881135943302, 0.0, 0.01812760691895582)",1
6733,18,18,13,"(0.0, 0.0, 0.11679612853536596, 0.06920069129515957, 0.09172770611919409, 0.07489992963210028, 0.0, 0.0, 0.14899621190854193, 0.0)",141
6734,18,18,13,"(0.0, 0.0, 0.11679612853536596, 0.06920069129515957, 0.09172770611919409, 0.1350755999542098, 0.0, 0.0, 0.14899621190854193, 0.0)",2
6735,18,18,13,"(0.0, 0.0, 0.11679612853536596, 0.11495227202324187, 0.05764861217520184, 0.07489992963210028, 0.0, 0.0, 0.14899621190854193, 0.0)",8
6736,18,18,13,"(0.0, 0.0, 0.11679612853536596, 0.06920069129515957, 0.11241335162457879, 0.07489992963210028, 0.0, 0.0, 0.14899621190854193, 0.0)",17
6737,18,18,13,"(0.0, 0.0, 0.11679612853536596, 0.06920069129515957, 0.06327990052181835, 0.07489992963210028, 0.0, 0.0, 0.11955823542218011, 0.0)",3
6738,18,19,8,"(0.09369258606422372, 0.0, 0.08950620996642342, 0.09247639241939104, 0.07465200933978253, 0.0, 0.06826344941350267, 0.0, 0.0, 0.0)",282
6739,18,19,8,"(0.09369258606422372, 0.0, 0.08950620996642342, 0.09247639241939104, 0.09173902283359818, 0.0, 0.06826344941350267, 0.0, 0.0, 0.0)",16
6740,18,19,8,"(0.07854064980016581, 0.0, 0.15412751875875283, 0.12244366247118653, 0.0651622816848216, 0.0, 0.06826344941350267, 0.0, 0.0, 0.0)",2
6741,18,19,8,"(0.08584754534976304, 0.0, 0.08950620996642342, 0.09247639241939104, 0.07465200933978253, 0.0, 0.06826344941350267, 0.0, 0.0, 0.0)",1
6742,18,19,11,"(0.06830467409732707, 0.14970886995698662, 0.0, 0.0, 0.0, 0.04688669779969397, 0.0, 0.08279881135943302, 0.0, 0.01812760691895582)",2
6743,18,19,11,"(0.07352522585566149, 0.06505638160816592, 0.0, 0.0, 0.0, 0.08881380395593194, 0.0, 0.08279881135943302, 0.0, 0.01812760691895582)",1
6744,18,19,11,"(0.09033430006888621, 0.06505638160816592, 0.0, 0.0, 0.0, 0.050244523960108894, 0.0, 0.08279881135943302, 0.0, 0.01812760691895582)",1
6745,18,19,11,"(0.07484221096489914, 0.06505638160816592, 0.0, 0.0, 0.0, 0.04688669779969397, 0.0, 0.0490364416750307, 0.0, 0.01812760691895582)",4
6746,18,19,11,"(0.09033430006888621, 0.06505638160816592, 0.0, 0.0, 0.0, 0.04688669779969397, 0.0, 0.08279881135943302, 0.0, 0.01812760691895582)",110
6747,18,19,11,"(0.09033430006888621, 0.18217112763019586, 0.0, 0.0, 0.0, 0.04688669779969397, 0.0, 0.08279881135943302, 0.0, 0.01812760691895582)",14
6748,18,19,11,"(0.09033430006888621, 0.14970886995698662, 0.0, 0.0, 0.0, 0.04688669779969397, 0.0, 0.08279881135943302, 0.0, 0.01812760691895582)",347
6749,18,19,11,"(0.09033430006888621, 0.12524459654246933, 0.0, 0.0, 0.0, 0.04688669779969397, 0.0, 0.08279881135943302, 0.0, 0.01812760691895582)",1
6750,18,19,13,"(0.0, 0.0, 0.11679612853536596, 0.06920069129515957, 0.12349804197078247, 0.07489992963210028, 0.0, 0.0, 0.14899621190854193, 0.0)",1
6751,18,19,13,"(0.0, 0.0, 0.11679612853536596, 0.06920069129515957, 0.09172770611919409, 0.07489992963210028, 0.0, 0.0, 0.24128197073340568, 0.0)",1
6752,18,19,13,"(0.0, 0.0, 0.11679612853536596, 0.06920069129515957, 0.09172770611919409, 0.07489992963210028, 0.0, 0.0, 0.14899621190854193, 0.0)",189
6753,18,19,13,"(0.0, 0.0, 0.11679612853536596, 0.1527702677245745, 0.17430880627102147, 0.07489992963210028, 0.0, 0.0, 0.14899621190854193, 0.0)",1
6754,18,20,8,"(0.09369258606422372, 0.0, 0.15032586171680576, 0.06723152744486328, 0.07465200933978253, 0.0, 0.06826344941350267, 0.0, 0.0, 0.0)",3
6755,18,20,8,"(0.09369258606422372, 0.0, 0.10396590421697512, 0.09247639241939104, 0.09173902283359818, 0.0, 0.06826344941350267, 0.0, 0.0, 0.0)",3
6756,18,20,8,"(0.09369258606422372, 0.0, 0.09661768104500125, 0.09247639241939104, 0.07465200933978253, 0.0, 0.07275884160897025, 0.0, 0.0, 0.0)",1
6757,18,20,8,"(0.09369258606422372, 0.0, 0.08950620996642342, 0.09247639241939104, 0.07465200933978253, 0.0, 0.06826344941350267, 0.0, 0.0, 0.0)",272
6758,18,20,8,"(0.09369258606422372, 0.0, 0.08950620996642342, 0.09247639241939104, 0.07465200933978253, 0.0, 0.07532343831682622, 0.0, 0.0, 0.0)",1
6759,18,20,8,"(0.09369258606422372, 0.0, 0.08950620996642342, 0.09247639241939104, 0.09339399834256244, 0.0, 0.06826344941350267, 0.0, 0.0, 0.0)",5
6760,18,20,8,"(0.09369258606422372, 0.0, 0.1854747039428527, 0.09247639241939104, 0.07465200933978253, 0.0, 0.06826344941350267, 0.0, 0.0, 0.0)",2
6761,18,20,8,"(0.09369258606422372, 0.0, 0.09240302150446432, 0.09247639241939104, 0.09173902283359818, 0.0, 0.06826344941350267, 0.0, 0.0, 0.0)",2
6762,18,20,8,"(0.09369258606422372, 0.0, 0.08950620996642342, 0.09247639241939104, 0.09173902283359818, 0.0, 0.06826344941350267, 0.0, 0.0, 0.0)",31
6763,18,20,11,"(0.09033430006888621, 0.14970886995698662, 0.0, 0.0, 0.0, 0.04688669779969397, 0.0, 0.08279881135943302, 0.0, 0.010716531346848591)",1
6764,18,20,11,"(0.09033430006888621, 0.14970886995698662, 0.0, 0.0, 0.0, 0.04688669779969397, 0.0, 0.08279881135943302, 0.0, 0.01812760691895582)",382
6765,18,20,11,"(0.09033430006888621, 0.11369564853403401, 0.0, 0.0, 0.0, 0.04688669779969397, 0.0, 0.1100309255992368, 0.0, 0.01812760691895582)",1
6766,18,20,11,"(0.09033430006888621, 0.16654324312830585, 0.0, 0.0, 0.0, 0.04688669779969397, 0.0, 0.08279881135943302, 0.0, 0.01812760691895582)",1
6767,18,20,11,"(0.09033430006888621, 0.06505638160816592, 0.0, 0.0, 0.0, 0.04688669779969397, 0.0, 0.08279881135943302, 0.0, 0.01812760691895582)",41
6768,18,20,11,"(0.03928608142469744, 0.14970886995698662, 0.0, 0.0, 0.0, 0.04688669779969397, 0.0, 0.08898285456194277, 0.0, 0.01812760691895582)",1
6769,18,20,11,"(0.09033430006888621, 0.2083429419730389, 0.0, 0.0, 0.0, 0.04688669779969397, 0.0, 0.045595532804525635, 0.0, 0.01812760691895582)",2
6770,18,20,11,"(0.09033430006888621, 0.1373509017762572, 0.0, 0.0, 0.0, 0.04688669779969397, 0.0, 0.08279881135943302, 0.0, 0.01812760691895582)",1
6771,18,20,11,"(0.09033430006888621, 0.09762949962345485, 0.0, 0.0, 0.0, 0.04203846410617179, 0.0, 0.08279881135943302, 0.0, 0.01812760691895582)",1
6772,18,20,11,"(0.06466551269642543, 0.14970886995698662, 0.0, 0.0, 0.0, 0.04688669779969397, 0.0, 0.08279881135943302, 0.0, 0.01812760691895582)",1
6773,18,20,13,"(0.0, 0.0, 0.11679612853536596, 0.06920069129515957, 0.0845409480062825, 0.07489992963210028, 0.0, 0.0, 0.14899621190854193, 0.0)",1
6774,18,20,13,"(0.0, 0.0, 0.11679612853536596, 0.06920069129515957, 0.068310346466679, 0.07489992963210028, 0.0, 0.0, 0.14899621190854193, 0.0)",1
6775,18,20,13,"(0.0, 0.0, 0.11679612853536596, 0.06920069129515957, 0.09172770611919409, 0.07489992963210028, 0.0, 0.0, 0.14899621190854193, 0.0)",171
6776,19,0,8,"(0.09369258606422372, 0.0, 0.08950620996642342, 0.09247639241939104, 0.18041836135358555, 0.0, 0.06826344941350267, 0.0, 0.0, 0.0)",1
6777,19,0,8,"(0.09369258606422372, 0.0, 0.08950620996642342, 0.16940965281917678, 0.07465200933978253, 0.0, 0.06826344941350267, 0.0, 0.0, 0.0)",1
6778,19,0,8,"(0.12265085095825466, 0.0, 0.08950620996642342, 0.09247639241939104, 0.07465200933978253, 0.0, 0.06826344941350267, 0.0, 0.0, 0.0)",32
6779,19,0,8,"(0.09369258606422372, 0.0, 0.08950620996642342, 0.09247639241939104, 0.03963464048550634, 0.0, 0.06826344941350267, 0.0, 0.0, 0.0)",42
6780,19,0,8,"(0.09369258606422372, 0.0, 0.08950620996642342, 0.09247639241939104, 0.07930609964786682, 0.0, 0.06826344941350267, 0.0, 0.0, 0.0)",2
6781,19,0,8,"(0.09369258606422372, 0.0, 0.08950620996642342, 0.09247639241939104, 0.07465200933978253, 0.0, 0.06826344941350267, 0.0, 0.0, 0.0)",272
6782,19,0,11,"(0.09033430006888621, 0.14970886995698662, 0.0, 0.0, 0.0, 0.0558867244174384, 0.0, 0.08279881135943302, 0.0, 0.01812760691895582)",3
6783,19,0,11,"(0.09033430006888621, 0.21758321940371123, 0.0, 0.0, 0.0, 0.04688669779969397, 0.0, 0.08279881135943302, 0.0, 0.01812760691895582)",2
6784,19,0,11,"(0.09033430006888621, 0.14970886995698662, 0.0, 0.0, 0.0, 0.04688669779969397, 0.0, 0.08279881135943302, 0.0, 0.01812760691895582)",416
6785,19,0,11,"(0.09033430006888621, 0.14970886995698662, 0.0, 0.0, 0.0, 0.04688669779969397, 0.0, 0.08279881135943302, 0.0, 0.01765440816634082)",2
6786,19,0,11,"(0.2000769003662923, 0.14970886995698662, 0.0, 0.0, 0.0, 0.04688669779969397, 0.0, 0.08279881135943302, 0.0, 0.01812760691895582)",24
6787,19,0,11,"(0.09033430006888621, 0.13605012175205797, 0.0, 0.0, 0.0, 0.04688669779969397, 0.0, 0.08279881135943302, 0.0, 0.01812760691895582)",9
6788,19,0,13,"(0.0, 0.0, 0.11679612853536596, 0.0836266234791748, 0.09172770611919409, 0.07489992963210028, 0.0, 0.0, 0.14899621190854193, 0.0)",53
6789,19,0,13,"(0.0, 0.0, 0.06643411620500558, 0.07291897497949312, 0.09172770611919409, 0.07489992963210028, 0.0, 0.0, 0.14899621190854193, 0.0)",4
6790,19,0,13,"(0.0, 0.0, 0.11679612853536596, 0.06920069129515957, 0.09172770611919409, 0.07489992963210028, 0.0, 0.0, 0.14899621190854193, 0.0)",122
6791,19,1,8,"(0.09369258606422372, 0.0, 0.08950620996642342, 0.09247639241939104, 0.07465200933978253, 0.0, 0.06826344941350267, 0.0, 0.0, 0.0)",199
6792,19,1,8,"(0.09369258606422372, 0.0, 0.08950620996642342, 0.09247639241939104, 0.05621075104418505, 0.0, 0.06826344941350267, 0.0, 0.0, 0.0)",2
6793,19,1,8,"(0.09369258606422372, 0.0, 0.08950620996642342, 0.09247639241939104, 0.03963464048550634, 0.0, 0.17311874974846292, 0.0, 0.0, 0.0)",1
6794,19,1,8,"(0.09369258606422372, 0.0, 0.08950620996642342, 0.09247639241939104, 0.03963464048550634, 0.0, 0.06826344941350267, 0.0, 0.0, 0.0)",81
6795,19,1,8,"(0.1140011664615234, 0.0, 0.08950620996642342, 0.09247639241939104, 0.03963464048550634, 0.0, 0.06826344941350267, 0.0, 0.0, 0.0)",1
6796,19,1,8,"(0.05706733357868938, 0.0, 0.08950620996642342, 0.09247639241939104, 0.04568704861904475, 0.0, 0.06826344941350267, 0.0, 0.0, 0.0)",1
6797,19,1,11,"(0.09033430006888621, 0.14970886995698662, 0.0, 0.0, 0.0, 0.04688669779969397, 0.0, 0.08279881135943302, 0.0, 0.024424735712313114)",1
6798,19,1,11,"(0.29234378410140305, 0.14970886995698662, 0.0, 0.0, 0.0, 0.04688669779969397, 0.0, 0.08279881135943302, 0.0, 0.01812760691895582)",1
6799,19,1,11,"(0.09033430006888621, 0.1753865823199474, 0.0, 0.0, 0.0, 0.04688669779969397, 0.0, 0.08279881135943302, 0.0, 0.01812760691895582)",2
6800,19,1,11,"(0.09033430006888621, 0.14970886995698662, 0.0, 0.0, 0.0, 0.04688669779969397, 0.0, 0.08279881135943302, 0.0, 0.01812760691895582)",546
6801,19,1,11,"(0.09033430006888621, 0.08310788069530142, 0.0, 0.0, 0.0, 0.05849341056787334, 0.0, 0.08279881135943302, 0.0, 0.02980130196643938)",3
6802,19,1,11,"(0.2000769003662923, 0.14970886995698662, 0.0, 0.0, 0.0, 0.04688669779969397, 0.0, 0.08279881135943302, 0.0, 0.01812760691895582)",7
6803,19,1,11,"(0.09033430006888621, 0.14970886995698662, 0.0, 0.0, 0.0, 0.04688669779969397, 0.0, 0.08279881135943302, 0.0, 0.009732642494333655)",4
6804,19,1,11,"(0.09033430006888621, 0.14970886995698662, 0.0, 0.0, 0.0, 0.04688669779969397, 0.0, 0.09715912880632026, 0.0, 0.01812760691895582)",1
6805,19,1,11,"(0.09033430006888621, 0.14970886995698662, 0.0, 0.0, 0.0, 0.04317945712591849, 0.0, 0.08279881135943302, 0.0, 0.01812760691895582)",1
6806,19,1,13,"(0.0, 0.0, 0.11679612853536596, 0.06920069129515957, 0.09172770611919409, 0.07489992963210028, 0.0, 0.0, 0.14899621190854193, 0.0)",163
6807,19,1,13,"(0.0, 0.0, 0.09536576396839434, 0.06920069129515957, 0.09172770611919409, 0.07489992963210028, 0.0, 0.0, 0.14899621190854193, 0.0)",1
6808,19,1,13,"(0.0, 0.0, 0.050350514512223804, 0.06920069129515957, 0.09172770611919409, 0.05049533033032439, 0.0, 0.0, 0.14899621190854193, 0.0)",3
6809,19,2,8,"(0.09369258606422372, 0.0, 0.08950620996642342, 0.09247639241939104, 0.07465200933978253, 0.0, 0.06826344941350267, 0.0, 0.0, 0.0)",294
6810,19,2,8,"(0.06118090764895602, 0.0, 0.06636623523446154, 0.09247639241939104, 0.13249269360069627, 0.0, 0.06826344941350267, 0.0, 0.0, 0.0)",1
6811,19,2,8,"(0.1158380631406014, 0.0, 0.08950620996642342, 0.09247639241939104, 0.04993917786486253, 0.0, 0.06826344941350267, 0.0, 0.0, 0.0)",2
6812,19,2,11,"(0.09033430006888621, 0.16805048042103587, 0.0, 0.0, 0.0, 0.04688669779969397, 0.0, 0.12062235159374295, 0.0, 0.018131478317987507)",7
6813,19,2,11,"(0.09033430006888621, 0.14970886995698662, 0.0, 0.0, 0.0, 0.03925575847024702, 0.0, 0.08279881135943302, 0.0, 0.01812760691895582)",1
6814,19,2,11,"(0.09033430006888621, 0.14970886995698662, 0.0, 0.0, 0.0, 0.04688669779969397, 0.0, 0.08279881135943302, 0.0, 0.026343651187226428)",1
6815,19,2,11,"(0.2000769003662923, 0.14970886995698662, 0.0, 0.0, 0.0, 0.04688669779969397, 0.0, 0.08279881135943302, 0.0, 0.01812760691895582)",7
6816,19,2,11,"(0.09033430006888621, 0.14970886995698662, 0.0, 0.0, 0.0, 0.04688669779969397, 0.0, 0.08279881135943302, 0.0, 0.01812760691895582)",382
6817,19,2,13,"(0.0, 0.0, 0.11679612853536596, 0.09797998858984672, 0.09172770611919409, 0.07489992963210028, 0.0, 0.0, 0.14899621190854193, 0.0)",1
6818,19,2,13,"(0.0, 0.0, 0.11679612853536596, 0.07291897497949312, 0.09172770611919409, 0.07489992963210028, 0.0, 0.0, 0.14899621190854193, 0.0)",62
6819,19,2,13,"(0.0, 0.0, 0.11679612853536596, 0.06920069129515957, 0.09172770611919409, 0.07489992963210028, 0.0, 0.0, 0.13428469732967357, 0.0)",2
6820,19,2,13,"(0.0, 0.0, 0.11679612853536596, 0.06920069129515957, 0.09172770611919409, 0.07489992963210028, 0.0, 0.0, 0.14899621190854193, 0.0)",113
6821,19,2,13,"(0.0, 0.0, 0.05231389424863162, 0.13238446596722503, 0.09172770611919409, 0.07489992963210028, 0.0, 0.0, 0.14899621190854193, 0.0)",1
6822,19,2,13,"(0.0, 0.0, 0.11679612853536596, 0.06920069129515957, 0.09172770611919409, 0.06549166466104271, 0.0, 0.0, 0.14899621190854193, 0.0)",1
6823,19,3,8,"(0.09369258606422372, 0.0, 0.08950620996642342, 0.09247639241939104, 0.07465200933978253, 0.0, 0.06826344941350267, 0.0, 0.0, 0.0)",7
6824,19,3,8,"(0.09369258606422372, 0.0, 0.08950620996642342, 0.09247639241939104, 0.09173902283359818, 0.0, 0.06826344941350267, 0.0, 0.0, 0.0)",214
6825,19,3,8,"(0.05636500756974235, 0.0, 0.08950620996642342, 0.17068128965039922, 0.09173902283359818, 0.0, 0.058366344933785924, 0.0, 0.0, 0.0)",1
6826,19,3,8,"(0.05636500756974235, 0.0, 0.08950620996642342, 0.09247639241939104, 0.09173902283359818, 0.0, 0.06826344941350267, 0.0, 0.0, 0.0)",37
6827,19,3,11,"(0.09033430006888621, 0.14970886995698662, 0.0, 0.0, 0.0, 0.08875991025108616, 0.0, 0.19691000023038482, 0.0, 0.01812760691895582)",2
6828,19,3,11,"(0.09033430006888621, 0.14970886995698662, 0.0, 0.0, 0.0, 0.04688669779969397, 0.0, 0.07229745473841319, 0.0, 0.01812760691895582)",1
6829,19,3,11,"(0.09033430006888621, 0.2208182554585957, 0.0, 0.0, 0.0, 0.04688669779969397, 0.0, 0.08279881135943302, 0.0, 0.01812760691895582)",3
6830,19,3,11,"(0.09033430006888621, 0.14970886995698662, 0.0, 0.0, 0.0, 0.04688669779969397, 0.0, 0.08279881135943302, 0.0, 0.01812760691895582)",346
6831,19,3,11,"(0.09033430006888621, 0.14970886995698662, 0.0, 0.0, 0.0, 0.04688669779969397, 0.0, 0.07984494770327444, 0.0, 0.01812760691895582)",116
6832,19,3,13,"(0.0, 0.0, 0.11679612853536596, 0.06424266370345182, 0.09172770611919409, 0.05945569363216163, 0.0, 0.0, 0.1589480974544656, 0.0)",1
6833,19,3,13,"(0.0, 0.0, 0.06635992379571534, 0.06920069129515957, 0.09172770611919409, 0.07489992963210028, 0.0, 0.0, 0.14899621190854193, 0.0)",1
6834,19,3,13,"(0.0, 0.0, 0.11679612853536596, 0.06920069129515957, 0.09172770611919409, 0.07489992963210028, 0.0, 0.0, 0.14899621190854193, 0.0)",160
6835,19,4,8,"(0.09369258606422372, 0.0, 0.08950620996642342, 0.09247639241939104, 0.18305314077547266, 0.0, 0.04612066832209378, 0.0, 0.0, 0.0)",1
6836,19,4,8,"(0.10238555672916044, 0.0, 0.08950620996642342, 0.09247639241939104, 0.09173902283359818, 0.0, 0.06826344941350267, 0.0, 0.0, 0.0)",9
6837,19,4,8,"(0.09369258606422372, 0.0, 0.08950620996642342, 0.09247639241939104, 0.09173902283359818, 0.0, 0.06826344941350267, 0.0, 0.0, 0.0)",252
6838,19,4,8,"(0.09369258606422372, 0.0, 0.08950620996642342, 0.09247639241939104, 0.07465200933978253, 0.0, 0.06826344941350267, 0.0, 0.0, 0.0)",72
6839,19,4,11,"(0.2725682415764691, 0.14970886995698662, 0.0, 0.0, 0.0, 0.04688669779969397, 0.0, 0.08279881135943302, 0.0, 0.01812760691895582)",1
6840,19,4,11,"(0.09033430006888621, 0.14970886995698662, 0.0, 0.0, 0.0, 0.04688669779969397, 0.0, 0.10715461308409249, 0.0, 0.022599134045525517)",2
6841,19,4,11,"(0.09033430006888621, 0.2585498758552006, 0.0, 0.0, 0.0, 0.04688669779969397, 0.0, 0.08279881135943302, 0.0, 0.01812760691895582)",2
6842,19,4,11,"(0.09033430006888621, 0.14970886995698662, 0.0, 0.0, 0.0, 0.04688669779969397, 0.0, 0.08279881135943302, 0.0, 0.01604746578237182)",1
6843,19,4,11,"(0.09033430006888621, 0.14970886995698662, 0.0, 0.0, 0.0, 0.04688669779969397, 0.0, 0.08279881135943302, 0.0, 0.01812760691895582)",390
6844,19,4,11,"(0.09033430006888621, 0.14970886995698662, 0.0, 0.0, 0.0, 0.019140218066146533, 0.0, 0.08279881135943302, 0.0, 0.01812760691895582)",8
6845,19,4,11,"(0.09033430006888621, 0.14970886995698662, 0.0, 0.0, 0.0, 0.04688669779969397, 0.0, 0.0955130350966752, 0.0, 0.01812760691895582)",1
6846,19,4,11,"(0.09033430006888621, 0.14970886995698662, 0.0, 0.0, 0.0, 0.04688669779969397, 0.0, 0.07984494770327444, 0.0, 0.01812760691895582)",26
6847,19,4,11,"(0.09033430006888621, 0.14970886995698662, 0.0, 0.0, 0.0, 0.0382797416948925, 0.0, 0.08279881135943302, 0.0, 0.01812760691895582)",1
6848,19,4,11,"(0.09940801761371136, 0.14970886995698662, 0.0, 0.0, 0.0, 0.04688669779969397, 0.0, 0.08279881135943302, 0.0, 0.01812760691895582)",1
6849,19,4,11,"(0.07858494074039116, 0.14970886995698662, 0.0, 0.0, 0.0, 0.04688669779969397, 0.0, 0.08279881135943302, 0.0, 0.01812760691895582)",5
6850,19,4,11,"(0.09033430006888621, 0.10505979265740582, 0.0, 0.0, 0.0, 0.04688669779969397, 0.0, 0.08279881135943302, 0.0, 0.009518252111871002)",1
6851,19,4,13,"(0.0, 0.0, 0.11679612853536596, 0.028966852467366227, 0.09172770611919409, 0.07380427994723127, 0.0, 0.0, 0.09292857800954357, 0.0)",2
6852,19,4,13,"(0.0, 0.0, 0.11679612853536596, 0.06920069129515957, 0.13768579339605858, 0.07489992963210028, 0.0, 0.0, 0.22236843161695968, 0.0)",1
6853,19,4,13,"(0.0, 0.0, 0.11679612853536596, 0.06920069129515957, 0.09172770611919409, 0.07489992963210028, 0.0, 0.0, 0.14899621190854193, 0.0)",162
6854,19,4,13,"(0.0, 0.0, 0.11679612853536596, 0.06920069129515957, 0.1082226563685892, 0.07489992963210028, 0.0, 0.0, 0.14899621190854193, 0.0)",4
6855,19,4,13,"(0.0, 0.0, 0.11679612853536596, 0.06920069129515957, 0.09172770611919409, 0.057119934462946914, 0.0, 0.0, 0.14899621190854193, 0.0)",1
6856,19,4,13,"(0.0, 0.0, 0.08608157900141933, 0.057944520546404414, 0.09172770611919409, 0.07489992963210028, 0.0, 0.0, 0.14899621190854193, 0.0)",3
6857,19,5,8,"(0.09369258606422372, 0.0, 0.08950620996642342, 0.10372199646050824, 0.09173902283359818, 0.0, 0.06826344941350267, 0.0, 0.0, 0.0)",3
6858,19,5,8,"(0.05360024004079926, 0.0, 0.08950620996642342, 0.09247639241939104, 0.09173902283359818, 0.0, 0.06826344941350267, 0.0, 0.0, 0.0)",8
6859,19,5,8,"(0.10238555672916044, 0.0, 0.13422632947290256, 0.09247639241939104, 0.09173902283359818, 0.0, 0.06826344941350267, 0.0, 0.0, 0.0)",6
6860,19,5,8,"(0.09369258606422372, 0.0, 0.08950620996642342, 0.09247639241939104, 0.07465200933978253, 0.0, 0.06826344941350267, 0.0, 0.0, 0.0)",18
6861,19,5,8,"(0.10238555672916044, 0.0, 0.08950620996642342, 0.09247639241939104, 0.09173902283359818, 0.0, 0.06826344941350267, 0.0, 0.0, 0.0)",38
6862,19,5,8,"(0.09369258606422372, 0.0, 0.08950620996642342, 0.09247639241939104, 0.09173902283359818, 0.0, 0.06826344941350267, 0.0, 0.0, 0.0)",258
6863,19,5,8,"(0.09369258606422372, 0.0, 0.08950620996642342, 0.09247639241939104, 0.10412987432155234, 0.0, 0.06826344941350267, 0.0, 0.0, 0.0)",2
6864,19,5,8,"(0.09483760566281366, 0.0, 0.08950620996642342, 0.09247639241939104, 0.09173902283359818, 0.0, 0.06826344941350267, 0.0, 0.0, 0.0)",1
6865,19,5,11,"(0.12432257833863287, 0.11320321209727252, 0.0, 0.0, 0.0, 0.04688669779969397, 0.0, 0.07984494770327444, 0.0, 0.01812760691895582)",1
6866,19,5,11,"(0.12432257833863287, 0.14970886995698662, 0.0, 0.0, 0.0, 0.04688669779969397, 0.0, 0.07984494770327444, 0.0, 0.01812760691895582)",47
6867,19,5,11,"(0.09033430006888621, 0.14970886995698662, 0.0, 0.0, 0.0, 0.04688669779969397, 0.0, 0.07984494770327444, 0.0, 0.01812760691895582)",10
6868,19,5,11,"(0.09033430006888621, 0.23071311343656203, 0.0, 0.0, 0.0, 0.04688669779969397, 0.0, 0.08279881135943302, 0.0, 0.01812760691895582)",7
6869,19,5,11,"(0.09033430006888621, 0.14970886995698662, 0.0, 0.0, 0.0, 0.04688669779969397, 0.0, 0.08279881135943302, 0.0, 0.02239485759850814)",3
6870,19,5,11,"(0.09033430006888621, 0.14970886995698662, 0.0, 0.0, 0.0, 0.04688669779969397, 0.0, 0.08279881135943302, 0.0, 0.016283343044598393)",1
6871,19,5,11,"(0.09033430006888621, 0.13611916776505525, 0.0, 0.0, 0.0, 0.04688669779969397, 0.0, 0.07984494770327444, 0.0, 0.01812760691895582)",3
6872,19,5,11,"(0.09033430006888621, 0.14970886995698662, 0.0, 0.0, 0.0, 0.04688669779969397, 0.0, 0.08279881135943302, 0.0, 0.01812760691895582)",333
6873,19,5,13,"(0.0, 0.0, 0.11679612853536596, 0.06920069129515957, 0.09172770611919409, 0.04457389135187438, 0.0, 0.0, 0.14899621190854193, 0.0)",1
6874,19,5,13,"(0.0, 0.0, 0.11679612853536596, 0.06920069129515957, 0.09172770611919409, 0.028918460031298557, 0.0, 0.0, 0.14899621190854193, 0.0)",5
6875,19,5,13,"(0.0, 0.0, 0.11679612853536596, 0.06920069129515957, 0.09172770611919409, 0.07489992963210028, 0.0, 0.0, 0.14899621190854193, 0.0)",174
6876,19,6,8,"(0.09369258606422372, 0.0, 0.08950620996642342, 0.09247639241939104, 0.09173902283359818, 0.0, 0.06826344941350267, 0.0, 0.0, 0.0)",209
6877,19,6,8,"(0.09369258606422372, 0.0, 0.054002386732108054, 0.09247639241939104, 0.0581139493393669, 0.0, 0.06826344941350267, 0.0, 0.0, 0.0)",1
6878,19,6,8,"(0.12300904236097944, 0.0, 0.08950620996642342, 0.09247639241939104, 0.09173902283359818, 0.0, 0.04679590387047722, 0.0, 0.0, 0.0)",4
6879,19,6,8,"(0.12992776048724086, 0.0, 0.08950620996642342, 0.09598029585400107, 0.09173902283359818, 0.0, 0.06826344941350267, 0.0, 0.0, 0.0)",2
6880,19,6,8,"(0.09369258606422372, 0.0, 0.08950620996642342, 0.09247639241939104, 0.07465200933978253, 0.0, 0.055254458439826695, 0.0, 0.0, 0.0)",39
6881,19,6,8,"(0.09369258606422372, 0.0, 0.08950620996642342, 0.09247639241939104, 0.09173902283359818, 0.0, 0.06137021812897046, 0.0, 0.0, 0.0)",1
6882,19,6,8,"(0.09369258606422372, 0.0, 0.08950620996642342, 0.09247639241939104, 0.07465200933978253, 0.0, 0.06826344941350267, 0.0, 0.0, 0.0)",91
6883,19,6,11,"(0.09033430006888621, 0.058427700852656264, 0.0, 0.0, 0.0, 0.04688669779969397, 0.0, 0.08279881135943302, 0.0, 0.012152310334864696)",1
6884,19,6,11,"(0.09033430006888621, 0.14970886995698662, 0.0, 0.0, 0.0, 0.04468488283098859, 0.0, 0.08279881135943302, 0.0, 0.01812760691895582)",1
6885,19,6,11,"(0.09033430006888621, 0.05946199313946969, 0.0, 0.0, 0.0, 0.04688669779969397, 0.0, 0.08279881135943302, 0.0, 0.01812760691895582)",1
6886,19,6,11,"(0.09033430006888621, 0.06505638160816592, 0.0, 0.0, 0.0, 0.04688669779969397, 0.0, 0.08279881135943302, 0.0, 0.018507053083566587)",1
6887,19,6,11,"(0.08179762594231291, 0.14970886995698662, 0.0, 0.0, 0.0, 0.04688669779969397, 0.0, 0.08279881135943302, 0.0, 0.01812760691895582)",20
6888,19,6,11,"(0.09033430006888621, 0.14970886995698662, 0.0, 0.0, 0.0, 0.04688669779969397, 0.0, 0.08279881135943302, 0.0, 0.01812760691895582)",145
6889,19,6,11,"(0.09033430006888621, 0.06765578569895664, 0.0, 0.0, 0.0, 0.04688669779969397, 0.0, 0.08279881135943302, 0.0, 0.01812760691895582)",1
6890,19,6,11,"(0.09033430006888621, 0.07968940792447433, 0.0, 0.0, 0.0, 0.04688669779969397, 0.0, 0.08279881135943302, 0.0, 0.01812760691895582)",4
6891,19,6,11,"(0.09033430006888621, 0.06505638160816592, 0.0, 0.0, 0.0, 0.04688669779969397, 0.0, 0.08279881135943302, 0.0, 0.01509844657834253)",1
6892,19,6,11,"(0.07131953735499008, 0.14970886995698662, 0.0, 0.0, 0.0, 0.04688669779969397, 0.0, 0.08279881135943302, 0.0, 0.01812760691895582)",2
6893,19,6,11,"(0.08179762594231291, 0.21412575875854556, 0.0, 0.0, 0.0, 0.04688669779969397, 0.0, 0.08279881135943302, 0.0, 0.01812760691895582)",1
6894,19,6,11,"(0.08179762594231291, 0.14970886995698662, 0.0, 0.0, 0.0, 0.04688669779969397, 0.0, 0.08279881135943302, 0.0, 0.018207781741568972)",1
6895,19,6,11,"(0.09033430006888621, 0.06505638160816592, 0.0, 0.0, 0.0, 0.04688669779969397, 0.0, 0.08279881135943302, 0.0, 0.01812760691895582)",284
6896,19,6,11,"(0.09033430006888621, 0.06505638160816592, 0.0, 0.0, 0.0, 0.04688669779969397, 0.0, 0.08279881135943302, 0.0, 0.022513712695689234)",1
6897,19,6,11,"(0.09033430006888621, 0.14970886995698662, 0.0, 0.0, 0.0, 0.04688669779969397, 0.0, 0.08279881135943302, 0.0, 0.010227695192889649)",1
6898,19,6,13,"(0.0, 0.0, 0.11679612853536596, 0.06920069129515957, 0.05513516631306692, 0.07489992963210028, 0.0, 0.0, 0.14899621190854193, 0.0)",10
6899,19,6,13,"(0.0, 0.0, 0.11679612853536596, 0.06920069129515957, 0.09172770611919409, 0.07489992963210028, 0.0, 0.0, 0.14899621190854193, 0.0)",126
6900,19,6,13,"(0.0, 0.0, 0.11679612853536596, 0.06920069129515957, 0.09172770611919409, 0.07489992963210028, 0.0, 0.0, 0.0568259523534088, 0.0)",2
6901,19,6,13,"(0.0, 0.0, 0.11679612853536596, 0.06920069129515957, 0.08293121249959713, 0.07489992963210028, 0.0, 0.0, 0.14899621190854193, 0.0)",3
6902,19,6,13,"(0.0, 0.0, 0.11679612853536596, 0.06920069129515957, 0.09172770611919409, 0.07489992963210028, 0.0, 0.0, 0.15484504251334383, 0.0)",1
6903,19,6,13,"(0.0, 0.0, 0.11679612853536596, 0.06920069129515957, 0.09172770611919409, 0.07489992963210028, 0.0, 0.0, 0.13875725758196034, 0.0)",33
6904,19,7,8,"(0.09369258606422372, 0.0, 0.08950620996642342, 0.09247639241939104, 0.05717108017983682, 0.0, 0.06826344941350267, 0.0, 0.0, 0.0)",2
6905,19,7,8,"(0.081515750269643, 0.0, 0.08950620996642342, 0.09247639241939104, 0.09173902283359818, 0.0, 0.06826344941350267, 0.0, 0.0, 0.0)",1
6906,19,7,8,"(0.09369258606422372, 0.0, 0.08950620996642342, 0.09247639241939104, 0.09173902283359818, 0.0, 0.05838474355335022, 0.0, 0.0, 0.0)",1
6907,19,7,8,"(0.09369258606422372, 0.0, 0.08950620996642342, 0.09247639241939104, 0.09173902283359818, 0.0, 0.06826344941350267, 0.0, 0.0, 0.0)",168
6908,19,7,8,"(0.09369258606422372, 0.0, 0.08950620996642342, 0.09247639241939104, 0.07465200933978253, 0.0, 0.06826344941350267, 0.0, 0.0, 0.0)",210
6909,19,7,11,"(0.09033430006888621, 0.13545859168082036, 0.0, 0.0, 0.0, 0.04688669779969397, 0.0, 0.12666005305997885, 0.0, 0.01812760691895582)",2
6910,19,7,11,"(0.08179762594231291, 0.14970886995698662, 0.0, 0.0, 0.0, 0.04688669779969397, 0.0, 0.08279881135943302, 0.0, 0.01812760691895582)",3
6911,19,7,11,"(0.09033430006888621, 0.14970886995698662, 0.0, 0.0, 0.0, 0.04688669779969397, 0.0, 0.08279881135943302, 0.0, 0.01812760691895582)",129
6912,19,7,11,"(0.09033430006888621, 0.06505638160816592, 0.0, 0.0, 0.0, 0.04688669779969397, 0.0, 0.08279881135943302, 0.0, 0.017943583246987777)",1
6913,19,7,11,"(0.09033430006888621, 0.06505638160816592, 0.0, 0.0, 0.0, 0.04688669779969397, 0.0, 0.08279881135943302, 0.0, 0.01812760691895582)",296
6914,19,7,11,"(0.09033430006888621, 0.10530057603984923, 0.0, 0.0, 0.0, 0.04688669779969397, 0.0, 0.22423018056116062, 0.0, 0.01812760691895582)",1
6915,19,7,11,"(0.15864616195044143, 0.04265119834329058, 0.0, 0.0, 0.0, 0.04688669779969397, 0.0, 0.08279881135943302, 0.0, 0.01812760691895582)",1
6916,19,7,11,"(0.09033430006888621, 0.14970886995698662, 0.0, 0.0, 0.0, 0.04688669779969397, 0.0, 0.08279881135943302, 0.0, 0.0247029204881266)",2
6917,19,7,13,"(0.0, 0.0, 0.11679612853536596, 0.07075609972624211, 0.09172770611919409, 0.07489992963210028, 0.0, 0.0, 0.14899621190854193, 0.0)",1
6918,19,7,13,"(0.0, 0.0, 0.11679612853536596, 0.06920069129515957, 0.09172770611919409, 0.07489992963210028, 0.0, 0.0, 0.14899621190854193, 0.0)",168
6919,19,7,13,"(0.0, 0.0, 0.11679612853536596, 0.06920069129515957, 0.09172770611919409, 0.0306002281415624, 0.0, 0.0, 0.14899621190854193, 0.0)",3
6920,19,8,8,"(0.09369258606422372, 0.0, 0.08950620996642342, 0.09247639241939104, 0.09173902283359818, 0.0, 0.06826344941350267, 0.0, 0.0, 0.0)",232
6921,19,8,8,"(0.07452785538818034, 0.0, 0.08950620996642342, 0.09247639241939104, 0.07465200933978253, 0.0, 0.06826344941350267, 0.0, 0.0, 0.0)",1
6922,19,8,8,"(0.09369258606422372, 0.0, 0.08950620996642342, 0.09247639241939104, 0.07465200933978253, 0.0, 0.06826344941350267, 0.0, 0.0, 0.0)",136
6923,19,8,8,"(0.18347358258130933, 0.0, 0.08950620996642342, 0.09247639241939104, 0.09173902283359818, 0.0, 0.06826344941350267, 0.0, 0.0, 0.0)",1
6924,19,8,8,"(0.09369258606422372, 0.0, 0.10183134934725765, 0.09247639241939104, 0.09173902283359818, 0.0, 0.07206501988559337, 0.0, 0.0, 0.0)",1
6925,19,8,8,"(0.09424065143105621, 0.0, 0.08950620996642342, 0.09247639241939104, 0.11918458044129351, 0.0, 0.06826344941350267, 0.0, 0.0, 0.0)",8
6926,19,8,11,"(0.09033430006888621, 0.14970886995698662, 0.0, 0.0, 0.0, 0.04688669779969397, 0.0, 0.08279881135943302, 0.0, 0.0076566633504675016)",4
6927,19,8,11,"(0.08179762594231291, 0.30537813948969855, 0.0, 0.0, 0.0, 0.04688669779969397, 0.0, 0.08279881135943302, 0.0, 0.01812760691895582)",1
6928,19,8,11,"(0.062436996327627586, 0.2532155765278847, 0.0, 0.0, 0.0, 0.04688669779969397, 0.0, 0.08279881135943302, 0.0, 0.01812760691895582)",2
6929,19,8,11,"(0.09033430006888621, 0.14970886995698662, 0.0, 0.0, 0.0, 0.04688669779969397, 0.0, 0.08279881135943302, 0.0, 0.01812760691895582)",187
6930,19,8,11,"(0.05847601766113765, 0.06505638160816592, 0.0, 0.0, 0.0, 0.04688669779969397, 0.0, 0.12237819459416364, 0.0, 0.01812760691895582)",1
6931,19,8,11,"(0.09033430006888621, 0.06505638160816592, 0.0, 0.0, 0.0, 0.04688669779969397, 0.0, 0.08279881135943302, 0.0, 0.011139874724418276)",1
6932,19,8,11,"(0.09033430006888621, 0.06505638160816592, 0.0, 0.0, 0.0, 0.04688669779969397, 0.0, 0.08279881135943302, 0.0, 0.01812760691895582)",77
6933,19,8,11,"(0.062436996327627586, 0.14970886995698662, 0.0, 0.0, 0.0, 0.04688669779969397, 0.0, 0.08279881135943302, 0.0, 0.01812760691895582)",133
6934,19,8,11,"(0.062436996327627586, 0.14970886995698662, 0.0, 0.0, 0.0, 0.04688669779969397, 0.0, 0.08279881135943302, 0.0, 0.03381332105632134)",1
6935,19,8,13,"(0.0, 0.0, 0.11679612853536596, 0.06920069129515957, 0.09172770611919409, 0.07489992963210028, 0.0, 0.0, 0.14899621190854193, 0.0)",190
6936,19,8,13,"(0.0, 0.0, 0.11679612853536596, 0.07105307158306043, 0.07768608544185061, 0.07489992963210028, 0.0, 0.0, 0.14899621190854193, 0.0)",1
6937,19,9,8,"(0.09369258606422372, 0.0, 0.08950620996642342, 0.09247639241939104, 0.09173902283359818, 0.0, 0.06826344941350267, 0.0, 0.0, 0.0)",19
6938,19,9,8,"(0.09369258606422372, 0.0, 0.08950620996642342, 0.09247639241939104, 0.07465200933978253, 0.0, 0.06826344941350267, 0.0, 0.0, 0.0)",255
6939,19,9,8,"(0.09369258606422372, 0.0, 0.08950620996642342, 0.08933871484473395, 0.09173902283359818, 0.0, 0.06826344941350267, 0.0, 0.0, 0.0)",54
6940,19,9,8,"(0.09369258606422372, 0.0, 0.08950620996642342, 0.13836947125310806, 0.09173902283359818, 0.0, 0.06826344941350267, 0.0, 0.0, 0.0)",6
6941,19,9,11,"(0.09033430006888621, 0.17282315527141032, 0.0, 0.0, 0.0, 0.04688669779969397, 0.0, 0.08279881135943302, 0.0, 0.01812760691895582)",1
6942,19,9,11,"(0.08074452074499248, 0.14970886995698662, 0.0, 0.0, 0.0, 0.04688669779969397, 0.0, 0.08279881135943302, 0.0, 0.01812760691895582)",1
6943,19,9,11,"(0.09033430006888621, 0.14970886995698662, 0.0, 0.0, 0.0, 0.04688669779969397, 0.0, 0.08279881135943302, 0.0, 0.0222023342471977)",1
6944,19,9,11,"(0.09033430006888621, 0.14970886995698662, 0.0, 0.0, 0.0, 0.04688669779969397, 0.0, 0.12397935569359618, 0.0, 0.01812760691895582)",2
6945,19,9,11,"(0.09033430006888621, 0.14970886995698662, 0.0, 0.0, 0.0, 0.04688669779969397, 0.0, 0.07996968672593925, 0.0, 0.01812760691895582)",1
6946,19,9,11,"(0.10995592203433929, 0.14970886995698662, 0.0, 0.0, 0.0, 0.04688669779969397, 0.0, 0.08279881135943302, 0.0, 0.01812760691895582)",1
6947,19,9,11,"(0.09033430006888621, 0.06328109880024271, 0.0, 0.0, 0.0, 0.04688669779969397, 0.0, 0.08279881135943302, 0.0, 0.01812760691895582)",5
6948,19,9,11,"(0.09033430006888621, 0.14970886995698662, 0.0, 0.0, 0.0, 0.04688669779969397, 0.0, 0.08279881135943302, 0.0, 0.01812760691895582)",423
6949,19,9,11,"(0.09033430006888621, 0.14970886995698662, 0.0, 0.0, 0.0, 0.05549983722007823, 0.0, 0.08279881135943302, 0.0, 0.01812760691895582)",1
6950,19,9,11,"(0.0847883805456637, 0.14970886995698662, 0.0, 0.0, 0.0, 0.04688669779969397, 0.0, 0.1146274313683518, 0.0, 0.01812760691895582)",2
6951,19,9,11,"(0.09033430006888621, 0.15420750505796957, 0.0, 0.0, 0.0, 0.04688669779969397, 0.0, 0.08279881135943302, 0.0, 0.01812760691895582)",1
6952,19,9,13,"(0.0, 0.0, 0.11679612853536596, 0.06920069129515957, 0.09172770611919409, 0.07489992963210028, 0.0, 0.0, 0.14899621190854193, 0.0)",210
6953,19,9,13,"(0.0, 0.0, 0.11679612853536596, 0.06920069129515957, 0.09172770611919409, 0.13086831838986687, 0.0, 0.0, 0.14899621190854193, 0.0)",2
6954,19,10,8,"(0.09369258606422372, 0.0, 0.08950620996642342, 0.09247639241939104, 0.09173902283359818, 0.0, 0.06826344941350267, 0.0, 0.0, 0.0)",11
6955,19,10,8,"(0.09369258606422372, 0.0, 0.08950620996642342, 0.09247639241939104, 0.059276065763591214, 0.0, 0.06826344941350267, 0.0, 0.0, 0.0)",1
6956,19,10,8,"(0.09369258606422372, 0.0, 0.08950620996642342, 0.09247639241939104, 0.07465200933978253, 0.0, 0.06826344941350267, 0.0, 0.0, 0.0)",283
6957,19,10,8,"(0.13063354622429144, 0.0, 0.08950620996642342, 0.09247639241939104, 0.07465200933978253, 0.0, 0.06826344941350267, 0.0, 0.0, 0.0)",1
6958,19,10,8,"(0.09369258606422372, 0.0, 0.10413039868733139, 0.06312706669372357, 0.07465200933978253, 0.0, 0.06826344941350267, 0.0, 0.0, 0.0)",10
6959,19,10,11,"(0.09033430006888621, 0.14970886995698662, 0.0, 0.0, 0.0, 0.04688669779969397, 0.0, 0.08279881135943302, 0.0, 0.034390157796244936)",1
6960,19,10,11,"(0.08726255967937259, 0.14970886995698662, 0.0, 0.0, 0.0, 0.04688669779969397, 0.0, 0.08279881135943302, 0.0, 0.01812760691895582)",1
6961,19,10,11,"(0.09033430006888621, 0.14970886995698662, 0.0, 0.0, 0.0, 0.06528146999772574, 0.0, 0.08279881135943302, 0.0, 0.01812760691895582)",9
6962,19,10,11,"(0.09033430006888621, 0.14970886995698662, 0.0, 0.0, 0.0, 0.04688669779969397, 0.0, 0.08279881135943302, 0.0, 0.01219377839222345)",1
6963,19,10,11,"(0.14518289191167796, 0.14970886995698662, 0.0, 0.0, 0.0, 0.04688669779969397, 0.0, 0.08279881135943302, 0.0, 0.01812760691895582)",3
6964,19,10,11,"(0.09524733129086704, 0.14970886995698662, 0.0, 0.0, 0.0, 0.04688669779969397, 0.0, 0.08279881135943302, 0.0, 0.01812760691895582)",3
6965,19,10,11,"(0.11609213878432074, 0.14970886995698662, 0.0, 0.0, 0.0, 0.04688669779969397, 0.0, 0.08279881135943302, 0.0, 0.01812760691895582)",1
6966,19,10,11,"(0.09033430006888621, 0.14970886995698662, 0.0, 0.0, 0.0, 0.04688669779969397, 0.0, 0.045925925211881026, 0.0, 0.03144984629456237)",2
6967,19,10,11,"(0.0845780814621871, 0.14970886995698662, 0.0, 0.0, 0.0, 0.04688669779969397, 0.0, 0.08279881135943302, 0.0, 0.01812760691895582)",1
6968,19,10,11,"(0.09033430006888621, 0.14970886995698662, 0.0, 0.0, 0.0, 0.04688669779969397, 0.0, 0.08279881135943302, 0.0, 0.01812760691895582)",530
6969,19,10,13,"(0.0, 0.0, 0.11679612853536596, 0.0373928978662863, 0.09172770611919409, 0.07489992963210028, 0.0, 0.0, 0.14899621190854193, 0.0)",1
6970,19,10,13,"(0.0, 0.0, 0.11679612853536596, 0.06920069129515957, 0.09172770611919409, 0.07856079611261663, 0.0, 0.0, 0.17671799594860454, 0.0)",2
6971,19,10,13,"(0.0, 0.0, 0.11679612853536596, 0.06920069129515957, 0.09172770611919409, 0.07489992963210028, 0.0, 0.0, 0.14899621190854193, 0.0)",144
6972,19,11,8,"(0.09369258606422372, 0.0, 0.08950620996642342, 0.07014220721702095, 0.07465200933978253, 0.0, 0.08732770459181892, 0.0, 0.0, 0.0)",33
6973,19,11,8,"(0.09369258606422372, 0.0, 0.08950620996642342, 0.09247639241939104, 0.046359993614017575, 0.0, 0.06826344941350267, 0.0, 0.0, 0.0)",1
6974,19,11,8,"(0.09369258606422372, 0.0, 0.08950620996642342, 0.09247639241939104, 0.07465200933978253, 0.0, 0.06826344941350267, 0.0, 0.0, 0.0)",151
6975,19,11,8,"(0.09369258606422372, 0.0, 0.08950620996642342, 0.09247639241939104, 0.09173902283359818, 0.0, 0.06826344941350267, 0.0, 0.0, 0.0)",51
6976,19,11,8,"(0.09369258606422372, 0.0, 0.08950620996642342, 0.24896022374090368, 0.0718027619067843, 0.0, 0.06826344941350267, 0.0, 0.0, 0.0)",1
6977,19,11,8,"(0.09369258606422372, 0.0, 0.08950620996642342, 0.07399795446882887, 0.09173902283359818, 0.0, 0.06826344941350267, 0.0, 0.0, 0.0)",2
6978,19,11,8,"(0.09369258606422372, 0.0, 0.08950620996642342, 0.08933871484473395, 0.09173902283359818, 0.0, 0.06826344941350267, 0.0, 0.0, 0.0)",97
6979,19,11,8,"(0.09369258606422372, 0.0, 0.08950620996642342, 0.2334102360481402, 0.09173902283359818, 0.0, 0.06826344941350267, 0.0, 0.0, 0.0)",1
6980,19,11,8,"(0.08296359803075293, 0.0, 0.08950620996642342, 0.1418843064539726, 0.06453847347401759, 0.0, 0.06826344941350267, 0.0, 0.0, 0.0)",1
6981,19,11,11,"(0.09033430006888621, 0.14970886995698662, 0.0, 0.0, 0.0, 0.04688669779969397, 0.0, 0.08279881135943302, 0.0, 0.01812760691895582)",440
6982,19,11,11,"(0.07228524009975458, 0.11257044712082741, 0.0, 0.0, 0.0, 0.04688669779969397, 0.0, 0.07149622942294108, 0.0, 0.0121849615316758)",1
6983,19,11,11,"(0.09033430006888621, 0.14970886995698662, 0.0, 0.0, 0.0, 0.04688669779969397, 0.0, 0.08279881135943302, 0.0, 0.020705406866755035)",9
6984,19,11,11,"(0.09033430006888621, 0.14970886995698662, 0.0, 0.0, 0.0, 0.04688669779969397, 0.0, 0.09015612440059474, 0.0, 0.01812760691895582)",2
6985,19,11,11,"(0.07228524009975458, 0.11257044712082741, 0.0, 0.0, 0.0, 0.04688669779969397, 0.0, 0.08279881135943302, 0.0, 0.0121849615316758)",1
6986,19,11,13,"(0.0, 0.0, 0.11679612853536596, 0.06920069129515957, 0.05508279540417079, 0.07489992963210028, 0.0, 0.0, 0.14899621190854193, 0.0)",1
6987,19,11,13,"(0.0, 0.0, 0.11679612853536596, 0.06920069129515957, 0.09172770611919409, 0.07489992963210028, 0.0, 0.0, 0.14899621190854193, 0.0)",200
6988,19,12,8,"(0.09369258606422372, 0.0, 0.10076609897758301, 0.06460525796875537, 0.09173902283359818, 0.0, 0.06826344941350267, 0.0, 0.0, 0.0)",1
6989,19,12,8,"(0.09369258606422372, 0.0, 0.08950620996642342, 0.09247639241939104, 0.09173902283359818, 0.0, 0.06826344941350267, 0.0, 0.0, 0.0)",225
6990,19,12,8,"(0.09369258606422372, 0.0, 0.08950620996642342, 0.09247639241939104, 0.09173902283359818, 0.0, 0.03335533117064575, 0.0, 0.0, 0.0)",7
6991,19,12,8,"(0.11684573048895255, 0.0, 0.04889002487875952, 0.09247639241939104, 0.09173902283359818, 0.0, 0.06826344941350267, 0.0, 0.0, 0.0)",1
6992,19,12,8,"(0.09369258606422372, 0.0, 0.08515000425304252, 0.09247639241939104, 0.09173902283359818, 0.0, 0.06826344941350267, 0.0, 0.0, 0.0)",2
6993,19,12,8,"(0.09369258606422372, 0.0, 0.08950620996642342, 0.09247639241939104, 0.12946504676377651, 0.0, 0.03335533117064575, 0.0, 0.0, 0.0)",2
6994,19,12,8,"(0.09369258606422372, 0.0, 0.04889002487875952, 0.09247639241939104, 0.09173902283359818, 0.0, 0.06826344941350267, 0.0, 0.0, 0.0)",78
6995,19,12,8,"(0.09369258606422372, 0.0, 0.08950620996642342, 0.09247639241939104, 0.07465200933978253, 0.0, 0.06826344941350267, 0.0, 0.0, 0.0)",57
6996,19,12,11,"(0.09033430006888621, 0.14970886995698662, 0.0, 0.0, 0.0, 0.04688669779969397, 0.0, 0.08279881135943302, 0.0, 0.01812760691895582)",404
6997,19,12,11,"(0.08612978034796269, 0.14970886995698662, 0.0, 0.0, 0.0, 0.04688669779969397, 0.0, 0.08279881135943302, 0.0, 0.01812760691895582)",2
6998,19,12,11,"(0.09033430006888621, 0.1915376885968467, 0.0, 0.0, 0.0, 0.04688669779969397, 0.0, 0.08279881135943302, 0.0, 0.01812760691895582)",2
6999,19,12,11,"(0.09033430006888621, 0.12029563413564515, 0.0, 0.0, 0.0, 0.04688669779969397, 0.0, 0.08279881135943302, 0.0, 0.01812760691895582)",1
7000,19,12,11,"(0.09033430006888621, 0.14970886995698662, 0.0, 0.0, 0.0, 0.046752151724950085, 0.0, 0.08279881135943302, 0.0, 0.01812760691895582)",1
7001,19,12,11,"(0.09033430006888621, 0.25410554421779075, 0.0, 0.0, 0.0, 0.06861284919023732, 0.0, 0.10042906418678468, 0.0, 0.01812760691895582)",1
7002,19,12,11,"(0.09033430006888621, 0.14970886995698662, 0.0, 0.0, 0.0, 0.040958160164630844, 0.0, 0.08279881135943302, 0.0, 0.01812760691895582)",2
7003,19,12,11,"(0.09151416399708952, 0.14970886995698662, 0.0, 0.0, 0.0, 0.04688669779969397, 0.0, 0.08279881135943302, 0.0, 0.01812760691895582)",2
7004,19,12,13,"(0.0, 0.0, 0.11679612853536596, 0.06920069129515957, 0.09172770611919409, 0.07874905933723567, 0.0, 0.0, 0.14899621190854193, 0.0)",2
7005,19,12,13,"(0.0, 0.0, 0.11679612853536596, 0.06920069129515957, 0.09172770611919409, 0.07489992963210028, 0.0, 0.0, 0.14899621190854193, 0.0)",171
7006,19,13,8,"(0.09369258606422372, 0.0, 0.08950620996642342, 0.09247639241939104, 0.07465200933978253, 0.0, 0.06826344941350267, 0.0, 0.0, 0.0)",71
7007,19,13,8,"(0.09369258606422372, 0.0, 0.0729714332165355, 0.09247639241939104, 0.1204323868765432, 0.0, 0.06826344941350267, 0.0, 0.0, 0.0)",1
7008,19,13,8,"(0.08239506585074516, 0.0, 0.08950620996642342, 0.09247639241939104, 0.09173902283359818, 0.0, 0.06826344941350267, 0.0, 0.0, 0.0)",1
7009,19,13,8,"(0.09369258606422372, 0.0, 0.04889002487875952, 0.09247639241939104, 0.09173902283359818, 0.0, 0.06826344941350267, 0.0, 0.0, 0.0)",93
7010,19,13,8,"(0.14694433131233536, 0.0, 0.08950620996642342, 0.09247639241939104, 0.14761567033392053, 0.0, 0.06826344941350267, 0.0, 0.0, 0.0)",2
7011,19,13,8,"(0.09369258606422372, 0.0, 0.06326839721384675, 0.09247639241939104, 0.09173902283359818, 0.0, 0.10741607810218795, 0.0, 0.0, 0.0)",2
7012,19,13,8,"(0.09369258606422372, 0.0, 0.12993476764042622, 0.11192987655536368, 0.09173902283359818, 0.0, 0.10172880308512616, 0.0, 0.0, 0.0)",1
7013,19,13,8,"(0.09369258606422372, 0.0, 0.08950620996642342, 0.09247639241939104, 0.09173902283359818, 0.0, 0.06826344941350267, 0.0, 0.0, 0.0)",179
7014,19,13,8,"(0.09369258606422372, 0.0, 0.09034672600611582, 0.09247639241939104, 0.09173902283359818, 0.0, 0.06826344941350267, 0.0, 0.0, 0.0)",2
7015,19,13,11,"(0.09033430006888621, 0.14970886995698662, 0.0, 0.0, 0.0, 0.04688669779969397, 0.0, 0.06355837418961406, 0.0, 0.01667282448349051)",1
7016,19,13,11,"(0.09033430006888621, 0.14970886995698662, 0.0, 0.0, 0.0, 0.04688669779969397, 0.0, 0.11611650775909031, 0.0, 0.01812760691895582)",1
7017,19,13,11,"(0.08986605024854487, 0.14970886995698662, 0.0, 0.0, 0.0, 0.04688669779969397, 0.0, 0.08279881135943302, 0.0, 0.01812760691895582)",1
7018,19,13,11,"(0.17244759598323411, 0.14970886995698662, 0.0, 0.0, 0.0, 0.04688669779969397, 0.0, 0.07988357180553715, 0.0, 0.01812760691895582)",3
7019,19,13,11,"(0.09033430006888621, 0.13158782469385932, 0.0, 0.0, 0.0, 0.04688669779969397, 0.0, 0.05054304903607173, 0.0, 0.01812760691895582)",1
7020,19,13,11,"(0.09033430006888621, 0.2861054365290594, 0.0, 0.0, 0.0, 0.04688669779969397, 0.0, 0.08279881135943302, 0.0, 0.02703368863282002)",2
7021,19,13,11,"(0.09033430006888621, 0.14970886995698662, 0.0, 0.0, 0.0, 0.04688669779969397, 0.0, 0.08279881135943302, 0.0, 0.01812760691895582)",393
7022,19,13,11,"(0.09033430006888621, 0.06852284772953655, 0.0, 0.0, 0.0, 0.06611295711396993, 0.0, 0.08279881135943302, 0.0, 0.01812760691895582)",1
7023,19,13,13,"(0.0, 0.0, 0.11679612853536596, 0.06920069129515957, 0.09172770611919409, 0.12342281360898864, 0.0, 0.0, 0.14899621190854193, 0.0)",2
7024,19,13,13,"(0.0, 0.0, 0.11224406130043964, 0.06920069129515957, 0.09172770611919409, 0.07489992963210028, 0.0, 0.0, 0.14899621190854193, 0.0)",1
7025,19,13,13,"(0.0, 0.0, 0.11679612853536596, 0.06920069129515957, 0.09172770611919409, 0.07489992963210028, 0.0, 0.0, 0.08782251868748485, 0.0)",1
7026,19,13,13,"(0.0, 0.0, 0.11679612853536596, 0.06920069129515957, 0.09172770611919409, 0.07489992963210028, 0.0, 0.0, 0.14899621190854193, 0.0)",161
7027,19,14,8,"(0.10707996182248933, 0.0, 0.08950620996642342, 0.09247639241939104, 0.07465200933978253, 0.0, 0.0372700240862936, 0.0, 0.0, 0.0)",6
7028,19,14,8,"(0.09369258606422372, 0.0, 0.08950620996642342, 0.09247639241939104, 0.09173902283359818, 0.0, 0.06826344941350267, 0.0, 0.0, 0.0)",118
7029,19,14,8,"(0.09369258606422372, 0.0, 0.10477721659044142, 0.09247639241939104, 0.07465200933978253, 0.0, 0.06826344941350267, 0.0, 0.0, 0.0)",1
7030,19,14,8,"(0.09056416708237512, 0.0, 0.08950620996642342, 0.09247639241939104, 0.09173902283359818, 0.0, 0.11005170482127055, 0.0, 0.0, 0.0)",5
7031,19,14,8,"(0.09369258606422372, 0.0, 0.08950620996642342, 0.09247639241939104, 0.07673614331311626, 0.0, 0.06826344941350267, 0.0, 0.0, 0.0)",6
7032,19,14,8,"(0.09369258606422372, 0.0, 0.08950620996642342, 0.09247639241939104, 0.07465200933978253, 0.0, 0.06826344941350267, 0.0, 0.0, 0.0)",166
7033,19,14,8,"(0.09369258606422372, 0.0, 0.059998770706057074, 0.09247639241939104, 0.09173902283359818, 0.0, 0.06826344941350267, 0.0, 0.0, 0.0)",1
7034,19,14,11,"(0.09129306938929446, 0.14970886995698662, 0.0, 0.0, 0.0, 0.04688669779969397, 0.0, 0.09425915499409979, 0.0, 0.01812760691895582)",1
7035,19,14,11,"(0.1748226741439745, 0.14970886995698662, 0.0, 0.0, 0.0, 0.04688669779969397, 0.0, 0.08279881135943302, 0.0, 0.01812760691895582)",2
7036,19,14,11,"(0.09033430006888621, 0.14970886995698662, 0.0, 0.0, 0.0, 0.04688669779969397, 0.0, 0.08279881135943302, 0.0, 0.01788208617792661)",1
7037,19,14,11,"(0.09033430006888621, 0.16263274257819377, 0.0, 0.0, 0.0, 0.04688669779969397, 0.0, 0.08279881135943302, 0.0, 0.01812760691895582)",2
7038,19,14,11,"(0.09033430006888621, 0.14970886995698662, 0.0, 0.0, 0.0, 0.04688669779969397, 0.0, 0.08279881135943302, 0.0, 0.01812760691895582)",492
7039,19,14,11,"(0.09033430006888621, 0.15345663080681196, 0.0, 0.0, 0.0, 0.04688669779969397, 0.0, 0.08279881135943302, 0.0, 0.01812760691895582)",1
7040,19,14,11,"(0.09033430006888621, 0.27498829085028653, 0.0, 0.0, 0.0, 0.04688669779969397, 0.0, 0.08279881135943302, 0.0, 0.01812760691895582)",1
7041,19,14,11,"(0.09033430006888621, 0.14970886995698662, 0.0, 0.0, 0.0, 0.04688669779969397, 0.0, 0.08279881135943302, 0.0, 0.012365064981043854)",1
7042,19,14,13,"(0.0, 0.0, 0.11679612853536596, 0.06920069129515957, 0.09172770611919409, 0.07489992963210028, 0.0, 0.0, 0.14899621190854193, 0.0)",191
7043,19,14,13,"(0.0, 0.0, 0.17363204170464688, 0.06920069129515957, 0.14160156175379143, 0.07489992963210028, 0.0, 0.0, 0.14899621190854193, 0.0)",3
7044,19,14,13,"(0.0, 0.0, 0.11679612853536596, 0.14786372152175753, 0.09172770611919409, 0.07489992963210028, 0.0, 0.0, 0.14899621190854193, 0.0)",3
7045,19,14,13,"(0.0, 0.0, 0.11679612853536596, 0.06920069129515957, 0.06206103901061121, 0.07489992963210028, 0.0, 0.0, 0.14899621190854193, 0.0)",1
7046,19,15,8,"(0.09369258606422372, 0.0, 0.08950620996642342, 0.09247639241939104, 0.09173902283359818, 0.0, 0.06826344941350267, 0.0, 0.0, 0.0)",66
7047,19,15,8,"(0.09369258606422372, 0.0, 0.08950620996642342, 0.09247639241939104, 0.07465200933978253, 0.0, 0.06826344941350267, 0.0, 0.0, 0.0)",244
7048,19,15,8,"(0.09369258606422372, 0.0, 0.08950620996642342, 0.09247639241939104, 0.09035217578314081, 0.0, 0.06826344941350267, 0.0, 0.0, 0.0)",1
7049,19,15,11,"(0.09033430006888621, 0.3340780612920764, 0.0, 0.0, 0.0, 0.04688669779969397, 0.0, 0.08279881135943302, 0.0, 0.01812760691895582)",1
7050,19,15,11,"(0.09033430006888621, 0.06505638160816592, 0.0, 0.0, 0.0, 0.05164335587744626, 0.0, 0.08279881135943302, 0.0, 0.01812760691895582)",1
7051,19,15,11,"(0.09033430006888621, 0.018334213314995296, 0.0, 0.0, 0.0, 0.04688669779969397, 0.0, 0.08279881135943302, 0.0, 0.01812760691895582)",1
7052,19,15,11,"(0.09033430006888621, 0.14970886995698662, 0.0, 0.0, 0.0, 0.04688669779969397, 0.0, 0.08279881135943302, 0.0, 0.007974486844713472)",1
7053,19,15,11,"(0.09033430006888621, 0.14970886995698662, 0.0, 0.0, 0.0, 0.049147737348595254, 0.0, 0.08279881135943302, 0.0, 0.01812760691895582)",11
7054,19,15,11,"(0.09033430006888621, 0.06505638160816592, 0.0, 0.0, 0.0, 0.04688669779969397, 0.0, 0.08279881135943302, 0.0, 0.01812760691895582)",293
7055,19,15,11,"(0.09033430006888621, 0.14970886995698662, 0.0, 0.0, 0.0, 0.04688669779969397, 0.0, 0.08279881135943302, 0.0, 0.01812760691895582)",184
7056,19,15,13,"(0.0, 0.0, 0.11679612853536596, 0.06920069129515957, 0.09172770611919409, 0.07489992963210028, 0.0, 0.0, 0.14899621190854193, 0.0)",183
7057,19,15,13,"(0.0, 0.0, 0.15277973458803754, 0.06920069129515957, 0.09172770611919409, 0.07489992963210028, 0.0, 0.0, 0.14899621190854193, 0.0)",1
7058,19,15,13,"(0.0, 0.0, 0.06335073770494998, 0.06920069129515957, 0.09172770611919409, 0.07489992963210028, 0.0, 0.0, 0.14899621190854193, 0.0)",1
7059,19,16,8,"(0.09425075842711891, 0.0, 0.08950620996642342, 0.07221485971819487, 0.07465200933978253, 0.0, 0.06826344941350267, 0.0, 0.0, 0.0)",5
7060,19,16,8,"(0.09369258606422372, 0.0, 0.08950620996642342, 0.09247639241939104, 0.07465200933978253, 0.0, 0.06826344941350267, 0.0, 0.0, 0.0)",306
7061,19,16,8,"(0.09369258606422372, 0.0, 0.08950620996642342, 0.09247639241939104, 0.09173902283359818, 0.0, 0.06826344941350267, 0.0, 0.0, 0.0)",36
7062,19,16,8,"(0.09369258606422372, 0.0, 0.08950620996642342, 0.036256506970878975, 0.09173902283359818, 0.0, 0.054652519124569095, 0.0, 0.0, 0.0)",2
7063,19,16,8,"(0.08085940062028107, 0.0, 0.08950620996642342, 0.09247639241939104, 0.07465200933978253, 0.0, 0.06826344941350267, 0.0, 0.0, 0.0)",1
7064,19,16,8,"(0.09369258606422372, 0.0, 0.08950620996642342, 0.09247639241939104, 0.05438519499871918, 0.0, 0.06826344941350267, 0.0, 0.0, 0.0)",2
7065,19,16,11,"(0.09033430006888621, 0.14970886995698662, 0.0, 0.0, 0.0, 0.04688669779969397, 0.0, 0.08279881135943302, 0.0, 0.01812760691895582)",102
7066,19,16,11,"(0.09033430006888621, 0.06505638160816592, 0.0, 0.0, 0.0, 0.04688669779969397, 0.0, 0.08279881135943302, 0.0, 0.01812760691895582)",409
7067,19,16,11,"(0.09033430006888621, 0.09447434658600538, 0.0, 0.0, 0.0, 0.04688669779969397, 0.0, 0.08279881135943302, 0.0, 0.01812760691895582)",1
7068,19,16,11,"(0.09033430006888621, 0.06788254211338467, 0.0, 0.0, 0.0, 0.04688669779969397, 0.0, 0.10295946559287587, 0.0, 0.016416829554065183)",1
7069,19,16,11,"(0.09033430006888621, 0.06505638160816592, 0.0, 0.0, 0.0, 0.03467671213141861, 0.0, 0.08279881135943302, 0.0, 0.01812760691895582)",1
7070,19,16,11,"(0.09033430006888621, 0.06505638160816592, 0.0, 0.0, 0.0, 0.04688669779969397, 0.0, 0.13836040282227463, 0.0, 0.01812760691895582)",1
7071,19,16,13,"(0.0, 0.0, 0.11679612853536596, 0.06920069129515957, 0.09172770611919409, 0.052411951019206426, 0.0, 0.0, 0.14899621190854193, 0.0)",1
7072,19,16,13,"(0.0, 0.0, 0.11679612853536596, 0.06920069129515957, 0.09172770611919409, 0.07489992963210028, 0.0, 0.0, 0.14899621190854193, 0.0)",173
7073,19,17,8,"(0.09369258606422372, 0.0, 0.08950620996642342, 0.1055675280803439, 0.07465200933978253, 0.0, 0.06826344941350267, 0.0, 0.0, 0.0)",1
7074,19,17,8,"(0.09369258606422372, 0.0, 0.06555597388719442, 0.09247639241939104, 0.07465200933978253, 0.0, 0.06826344941350267, 0.0, 0.0, 0.0)",1
7075,19,17,8,"(0.09369258606422372, 0.0, 0.08950620996642342, 0.09247639241939104, 0.14748172514915908, 0.0, 0.06826344941350267, 0.0, 0.0, 0.0)",1
7076,19,17,8,"(0.09369258606422372, 0.0, 0.08950620996642342, 0.09247639241939104, 0.09173902283359818, 0.0, 0.06826344941350267, 0.0, 0.0, 0.0)",57
7077,19,17,8,"(0.09369258606422372, 0.0, 0.08950620996642342, 0.09247639241939104, 0.04028317788425552, 0.0, 0.06826344941350267, 0.0, 0.0, 0.0)",1
7078,19,17,8,"(0.13326263436439845, 0.0, 0.06490409540280749, 0.09247639241939104, 0.07465200933978253, 0.0, 0.06826344941350267, 0.0, 0.0, 0.0)",1
7079,19,17,8,"(0.09369258606422372, 0.0, 0.08950620996642342, 0.1371251115125158, 0.07465200933978253, 0.0, 0.06826344941350267, 0.0, 0.0, 0.0)",5
7080,19,17,8,"(0.09369258606422372, 0.0, 0.08950620996642342, 0.09247639241939104, 0.07465200933978253, 0.0, 0.06826344941350267, 0.0, 0.0, 0.0)",242
7081,19,17,11,"(0.09033430006888621, 0.06505638160816592, 0.0, 0.0, 0.0, 0.06468773776938372, 0.0, 0.08279881135943302, 0.0, 0.01812760691895582)",1
7082,19,17,11,"(0.09033430006888621, 0.14970886995698662, 0.0, 0.0, 0.0, 0.04688669779969397, 0.0, 0.08279881135943302, 0.0, 0.06340413982372914)",1
7083,19,17,11,"(0.09033430006888621, 0.14970886995698662, 0.0, 0.0, 0.0, 0.04688669779969397, 0.0, 0.08279881135943302, 0.0, 0.012290332549020937)",3
7084,19,17,11,"(0.09033430006888621, 0.0773468303886384, 0.0, 0.0, 0.0, 0.06581019154513838, 0.0, 0.0781071042188505, 0.0, 0.01812760691895582)",1
7085,19,17,11,"(0.09033430006888621, 0.14970886995698662, 0.0, 0.0, 0.0, 0.04688669779969397, 0.0, 0.08279881135943302, 0.0, 0.01812760691895582)",290
7086,19,17,11,"(0.14699210498275112, 0.14970886995698662, 0.0, 0.0, 0.0, 0.04688669779969397, 0.0, 0.08279881135943302, 0.0, 0.01812760691895582)",1
7087,19,17,11,"(0.09033430006888621, 0.06505638160816592, 0.0, 0.0, 0.0, 0.036412585156183425, 0.0, 0.08279881135943302, 0.0, 0.01812760691895582)",2
7088,19,17,11,"(0.11204730820450463, 0.13701028570336174, 0.0, 0.0, 0.0, 0.04688669779969397, 0.0, 0.08279881135943302, 0.0, 0.01812760691895582)",1
7089,19,17,11,"(0.09033430006888621, 0.06505638160816592, 0.0, 0.0, 0.0, 0.04688669779969397, 0.0, 0.08279881135943302, 0.0, 0.01812760691895582)",261
7090,19,17,13,"(0.0, 0.0, 0.11679612853536596, 0.06920069129515957, 0.09172770611919409, 0.07489992963210028, 0.0, 0.0, 0.14899621190854193, 0.0)",182
7091,19,18,8,"(0.09369258606422372, 0.0, 0.08950620996642342, 0.16927344266119426, 0.07784913332839073, 0.0, 0.06524574094762411, 0.0, 0.0, 0.0)",2
7092,19,18,8,"(0.09226737374487767, 0.0, 0.11639904446277671, 0.07154688820168695, 0.07465200933978253, 0.0, 0.06826344941350267, 0.0, 0.0, 0.0)",3
7093,19,18,8,"(0.09369258606422372, 0.0, 0.08950620996642342, 0.09247639241939104, 0.05820791075237625, 0.0, 0.06826344941350267, 0.0, 0.0, 0.0)",2
7094,19,18,8,"(0.08734597697943275, 0.0, 0.08950620996642342, 0.09247639241939104, 0.07465200933978253, 0.0, 0.06826344941350267, 0.0, 0.0, 0.0)",3
7095,19,18,8,"(0.09369258606422372, 0.0, 0.08950620996642342, 0.05983384076614366, 0.07465200933978253, 0.0, 0.06826344941350267, 0.0, 0.0, 0.0)",6
7096,19,18,8,"(0.09369258606422372, 0.0, 0.08950620996642342, 0.05192784879768632, 0.07465200933978253, 0.0, 0.06826344941350267, 0.0, 0.0, 0.0)",3
7097,19,18,8,"(0.09369258606422372, 0.0, 0.08950620996642342, 0.09247639241939104, 0.07465200933978253, 0.0, 0.06826344941350267, 0.0, 0.0, 0.0)",325
7098,19,18,8,"(0.1270979857167025, 0.0, 0.08950620996642342, 0.09247639241939104, 0.07465200933978253, 0.0, 0.06826344941350267, 0.0, 0.0, 0.0)",1
7099,19,18,8,"(0.09369258606422372, 0.0, 0.08950620996642342, 0.09247639241939104, 0.09173902283359818, 0.0, 0.06826344941350267, 0.0, 0.0, 0.0)",4
7100,19,18,11,"(0.09033430006888621, 0.17816308981178475, 0.0, 0.0, 0.0, 0.04688669779969397, 0.0, 0.08279881135943302, 0.0, 0.01812760691895582)",4
7101,19,18,11,"(0.09033430006888621, 0.14970886995698662, 0.0, 0.0, 0.0, 0.04688669779969397, 0.0, 0.045664421694305714, 0.0, 0.01812760691895582)",1
7102,19,18,11,"(0.09033430006888621, 0.1055790649881556, 0.0, 0.0, 0.0, 0.04688669779969397, 0.0, 0.08279881135943302, 0.0, 0.01812760691895582)",2
7103,19,18,11,"(0.07454563249157721, 0.14970886995698662, 0.0, 0.0, 0.0, 0.04688669779969397, 0.0, 0.08279881135943302, 0.0, 0.01812760691895582)",3
7104,19,18,11,"(0.09033430006888621, 0.14970886995698662, 0.0, 0.0, 0.0, 0.04688669779969397, 0.0, 0.08279881135943302, 0.0, 0.01812760691895582)",339
7105,19,18,11,"(0.09033430006888621, 0.14970886995698662, 0.0, 0.0, 0.0, 0.04688669779969397, 0.0, 0.05080305352522875, 0.0, 0.01458169833072374)",1
7106,19,18,11,"(0.09033430006888621, 0.14970886995698662, 0.0, 0.0, 0.0, 0.04688669779969397, 0.0, 0.13877600302800971, 0.0, 0.01812760691895582)",1
7107,19,18,11,"(0.09033430006888621, 0.14970886995698662, 0.0, 0.0, 0.0, 0.051548873715099995, 0.0, 0.07858107216130943, 0.0, 0.01812760691895582)",6
7108,19,18,11,"(0.09033430006888621, 0.14970886995698662, 0.0, 0.0, 0.0, 0.032879504360711125, 0.0, 0.08279881135943302, 0.0, 0.01812760691895582)",2
7109,19,18,11,"(0.09033430006888621, 0.32826533030395627, 0.0, 0.0, 0.0, 0.051548873715099995, 0.0, 0.07858107216130943, 0.0, 0.01812760691895582)",1
7110,19,18,11,"(0.09033430006888621, 0.14970886995698662, 0.0, 0.0, 0.0, 0.055899772928395465, 0.0, 0.08279881135943302, 0.0, 0.01812760691895582)",30
7111,19,18,11,"(0.09033430006888621, 0.14970886995698662, 0.0, 0.0, 0.0, 0.051548873715099995, 0.0, 0.08279881135943302, 0.0, 0.01812760691895582)",4
7112,19,18,13,"(0.0, 0.0, 0.11679612853536596, 0.06920069129515957, 0.09172770611919409, 0.07489992963210028, 0.0, 0.0, 0.14899621190854193, 0.0)",157
7113,19,18,13,"(0.0, 0.0, 0.12316646699470737, 0.06920069129515957, 0.09172770611919409, 0.07489992963210028, 0.0, 0.0, 0.14899621190854193, 0.0)",2
7114,19,18,13,"(0.0, 0.0, 0.12316646699470737, 0.06920069129515957, 0.10735369978165196, 0.07489992963210028, 0.0, 0.0, 0.14899621190854193, 0.0)",1
7115,19,18,13,"(0.0, 0.0, 0.11679612853536596, 0.07753314774981492, 0.09172770611919409, 0.07489992963210028, 0.0, 0.0, 0.14899621190854193, 0.0)",1
7116,19,19,8,"(0.09369258606422372, 0.0, 0.08950620996642342, 0.09247639241939104, 0.09173902283359818, 0.0, 0.06826344941350267, 0.0, 0.0, 0.0)",121
7117,19,19,8,"(0.09369258606422372, 0.0, 0.08950620996642342, 0.09247639241939104, 0.07465200933978253, 0.0, 0.06826344941350267, 0.0, 0.0, 0.0)",206
7118,19,19,11,"(0.09033430006888621, 0.14970886995698662, 0.0, 0.0, 0.0, 0.051548873715099995, 0.0, 0.07021794988382643, 0.0, 0.01812760691895582)",1
7119,19,19,11,"(0.07676615273403371, 0.14970886995698662, 0.0, 0.0, 0.0, 0.04688669779969397, 0.0, 0.08279881135943302, 0.0, 0.01812760691895582)",6
7120,19,19,11,"(0.09033430006888621, 0.1155350668456529, 0.0, 0.0, 0.0, 0.04688669779969397, 0.0, 0.08279881135943302, 0.0, 0.01812760691895582)",1
7121,19,19,11,"(0.09033430006888621, 0.14970886995698662, 0.0, 0.0, 0.0, 0.051548873715099995, 0.0, 0.08279881135943302, 0.0, 0.01812760691895582)",72
7122,19,19,11,"(0.09033430006888621, 0.24533076257444827, 0.0, 0.0, 0.0, 0.052293009165103946, 0.0, 0.08279881135943302, 0.0, 0.01812760691895582)",1
7123,19,19,11,"(0.09033430006888621, 0.14513817435715784, 0.0, 0.0, 0.0, 0.04688669779969397, 0.0, 0.08279881135943302, 0.0, 0.01812760691895582)",3
7124,19,19,11,"(0.07676615273403371, 0.14970886995698662, 0.0, 0.0, 0.0, 0.04688669779969397, 0.0, 0.08279881135943302, 0.0, 0.024367295958525194)",1
7125,19,19,11,"(0.09033430006888621, 0.14970886995698662, 0.0, 0.0, 0.0, 0.04688669779969397, 0.0, 0.08279881135943302, 0.0, 0.013209106851684175)",1
7126,19,19,11,"(0.10806647522634834, 0.14167814433501524, 0.0, 0.0, 0.0, 0.04688669779969397, 0.0, 0.08279881135943302, 0.0, 0.01812760691895582)",1
7127,19,19,11,"(0.09838098253280048, 0.14970886995698662, 0.0, 0.0, 0.0, 0.04688669779969397, 0.0, 0.08279881135943302, 0.0, 0.01812760691895582)",4
7128,19,19,11,"(0.09033430006888621, 0.14970886995698662, 0.0, 0.0, 0.0, 0.04688669779969397, 0.0, 0.08279881135943302, 0.0, 0.01812760691895582)",335
7129,19,19,11,"(0.09033430006888621, 0.11216805808668198, 0.0, 0.0, 0.0, 0.04688669779969397, 0.0, 0.08279881135943302, 0.0, 0.01812760691895582)",1
7130,19,19,13,"(0.0, 0.0, 0.11679612853536596, 0.06577870945692167, 0.07466560739176202, 0.07489992963210028, 0.0, 0.0, 0.14899621190854193, 0.0)",1
7131,19,19,13,"(0.0, 0.0, 0.11679612853536596, 0.06920069129515957, 0.09172770611919409, 0.07489992963210028, 0.0, 0.0, 0.14899621190854193, 0.0)",181
7132,19,20,8,"(0.25219401747523823, 0.0, 0.08950620996642342, 0.09247639241939104, 0.07465200933978253, 0.0, 0.04192117646109762, 0.0, 0.0, 0.0)",1
7133,19,20,8,"(0.09369258606422372, 0.0, 0.08950620996642342, 0.09247639241939104, 0.07465200933978253, 0.0, 0.06826344941350267, 0.0, 0.0, 0.0)",282
7134,19,20,8,"(0.09369258606422372, 0.0, 0.08950620996642342, 0.09247639241939104, 0.05042126210868942, 0.0, 0.06826344941350267, 0.0, 0.0, 0.0)",76
7135,19,20,11,"(0.09033430006888621, 0.14970886995698662, 0.0, 0.0, 0.0, 0.04688669779969397, 0.0, 0.08279881135943302, 0.0, 0.01812760691895582)",338
7136,19,20,11,"(0.09033430006888621, 0.14970886995698662, 0.0, 0.0, 0.0, 0.051548873715099995, 0.0, 0.05680756639714125, 0.0, 0.01812760691895582)",1
7137,19,20,11,"(0.09033430006888621, 0.4791022066652316, 0.0, 0.0, 0.0, 0.051548873715099995, 0.0, 0.08279881135943302, 0.0, 0.01812760691895582)",1
7138,19,20,11,"(0.09033430006888621, 0.14970886995698662, 0.0, 0.0, 0.0, 0.051548873715099995, 0.0, 0.08279881135943302, 0.0, 0.01812760691895582)",103
7139,19,20,11,"(0.09033430006888621, 0.14970886995698662, 0.0, 0.0, 0.0, 0.04688669779969397, 0.0, 0.08279881135943302, 0.0, 0.034256770724201566)",2
7140,19,20,11,"(0.09033430006888621, 0.07254398928291166, 0.0, 0.0, 0.0, 0.04688669779969397, 0.0, 0.08279881135943302, 0.0, 0.01812760691895582)",2
7141,19,20,11,"(0.09033430006888621, 0.14970886995698662, 0.0, 0.0, 0.0, 0.030140045842343234, 0.0, 0.07936943446007141, 0.0, 0.01812760691895582)",2
7142,19,20,11,"(0.09033430006888621, 0.14970886995698662, 0.0, 0.0, 0.0, 0.0689835293792058, 0.0, 0.08279881135943302, 0.0, 0.01812760691895582)",1
7143,19,20,11,"(0.09033430006888621, 0.14970886995698662, 0.0, 0.0, 0.0, 0.04688669779969397, 0.0, 0.08279881135943302, 0.0, 0.034859859456092476)",1
7144,19,20,11,"(0.1033483255437359, 0.14970886995698662, 0.0, 0.0, 0.0, 0.051548873715099995, 0.0, 0.08279881135943302, 0.0, 0.01812760691895582)",2
7145,19,20,11,"(0.09033430006888621, 0.14970886995698662, 0.0, 0.0, 0.0, 0.05596769539778307, 0.0, 0.08279881135943302, 0.0, 0.01812760691895582)",5
7146,19,20,11,"(0.09033430006888621, 0.1882508601542573, 0.0, 0.0, 0.0, 0.051548873715099995, 0.0, 0.08279881135943302, 0.0, 0.01812760691895582)",1
7147,19,20,11,"(0.09033430006888621, 0.14970886995698662, 0.0, 0.0, 0.0, 0.03970791164374412, 0.0, 0.08279881135943302, 0.0, 0.01812760691895582)",2
7148,19,20,11,"(0.09033430006888621, 0.14970886995698662, 0.0, 0.0, 0.0, 0.04688669779969397, 0.0, 0.08279881135943302, 0.0, 0.016865596303783918)",5
7149,19,20,11,"(0.06582260783039003, 0.14970886995698662, 0.0, 0.0, 0.0, 0.04688669779969397, 0.0, 0.08279881135943302, 0.0, 0.01812760691895582)",4
7150,19,20,13,"(0.0, 0.0, 0.11679612853536596, 0.06920069129515957, 0.1388165155110852, 0.07489992963210028, 0.0, 0.0, 0.14899621190854193, 0.0)",4
7151,19,20,13,"(0.0, 0.0, 0.11679612853536596, 0.06920069129515957, 0.09172770611919409, 0.07489992963210028, 0.0, 0.0, 0.14899621190854193, 0.0)",161
7152,19,20,13,"(0.0, 0.0, 0.11679612853536596, 0.04717946885135089, 0.1388165155110852, 0.07489992963210028, 0.0, 0.0, 0.14899621190854193, 0.0)",2
7153,20,0,8,"(0.09369258606422372, 0.0, 0.08950620996642342, 0.09247639241939104, 0.05042126210868942, 0.0, 0.06826344941350267, 0.0, 0.0, 0.0)",12
7154,20,0,8,"(0.09369258606422372, 0.0, 0.08950620996642342, 0.09247639241939104, 0.08771224520160523, 0.0, 0.04830188177313372, 0.0, 0.0, 0.0)",2
7155,20,0,8,"(0.09369258606422372, 0.0, 0.08950620996642342, 0.09247639241939104, 0.14338282759823193, 0.0, 0.06826344941350267, 0.0, 0.0, 0.0)",1
7156,20,0,8,"(0.09369258606422372, 0.0, 0.08950620996642342, 0.09247639241939104, 0.049556531466900935, 0.0, 0.06826344941350267, 0.0, 0.0, 0.0)",1
7157,20,0,8,"(0.12474442474195853, 0.0, 0.035049700844547775, 0.09247639241939104, 0.09867536253780072, 0.0, 0.06826344941350267, 0.0, 0.0, 0.0)",4
7158,20,0,8,"(0.09369258606422372, 0.0, 0.08950620996642342, 0.09247639241939104, 0.060397733698388974, 0.0, 0.06826344941350267, 0.0, 0.0, 0.0)",1
7159,20,0,8,"(0.09369258606422372, 0.0, 0.08950620996642342, 0.09247639241939104, 0.07465200933978253, 0.0, 0.06826344941350267, 0.0, 0.0, 0.0)",319
7160,20,0,11,"(0.09033430006888621, 0.14970886995698662, 0.0, 0.0, 0.0, 0.051548873715099995, 0.0, 0.08279881135943302, 0.0, 0.01812760691895582)",77
7161,20,0,11,"(0.09033430006888621, 0.14970886995698662, 0.0, 0.0, 0.0, 0.04688669779969397, 0.0, 0.08279881135943302, 0.0, 0.01812760691895582)",387
7162,20,0,11,"(0.13529283695827082, 0.14970886995698662, 0.0, 0.0, 0.0, 0.04688669779969397, 0.0, 0.08279881135943302, 0.0, 0.01812760691895582)",1
7163,20,0,11,"(0.09033430006888621, 0.16611826843044883, 0.0, 0.0, 0.0, 0.04688669779969397, 0.0, 0.08279881135943302, 0.0, 0.01812760691895582)",5
7164,20,0,11,"(0.09033430006888621, 0.14970886995698662, 0.0, 0.0, 0.0, 0.047146924672759216, 0.0, 0.08279881135943302, 0.0, 0.01812760691895582)",2
7165,20,0,11,"(0.09033430006888621, 0.14970886995698662, 0.0, 0.0, 0.0, 0.04688669779969397, 0.0, 0.08279881135943302, 0.0, 0.016865596303783918)",15
7166,20,0,11,"(0.06582260783039003, 0.14970886995698662, 0.0, 0.0, 0.0, 0.04688669779969397, 0.0, 0.08279881135943302, 0.0, 0.01812760691895582)",19
7167,20,0,13,"(0.0, 0.0, 0.0623825885966851, 0.06920069129515957, 0.09172770611919409, 0.07489992963210028, 0.0, 0.0, 0.14899621190854193, 0.0)",1
7168,20,0,13,"(0.0, 0.0, 0.11679612853536596, 0.06920069129515957, 0.09172770611919409, 0.07489992963210028, 0.0, 0.0, 0.14899621190854193, 0.0)",163
7169,20,0,13,"(0.0, 0.0, 0.06857401809120055, 0.06920069129515957, 0.09172770611919409, 0.07489992963210028, 0.0, 0.0, 0.14899621190854193, 0.0)",1
7170,20,0,13,"(0.0, 0.0, 0.11679612853536596, 0.11382751638626407, 0.09172770611919409, 0.09456973705376312, 0.0, 0.0, 0.14899621190854193, 0.0)",1
7171,20,0,13,"(0.0, 0.0, 0.11679612853536596, 0.11382751638626407, 0.09172770611919409, 0.07489992963210028, 0.0, 0.0, 0.14899621190854193, 0.0)",2
7172,20,0,13,"(0.0, 0.0, 0.11679612853536596, 0.08226769524829863, 0.09172770611919409, 0.06498351239051989, 0.0, 0.0, 0.14899621190854193, 0.0)",2
7173,20,0,13,"(0.0, 0.0, 0.0906706149381457, 0.06920069129515957, 0.09172770611919409, 0.07489992963210028, 0.0, 0.0, 0.14899621190854193, 0.0)",3
7174,20,1,8,"(0.09369258606422372, 0.0, 0.08950620996642342, 0.09247639241939104, 0.05042126210868942, 0.0, 0.06826344941350267, 0.0, 0.0, 0.0)",86
7175,20,1,8,"(0.09369258606422372, 0.0, 0.08950620996642342, 0.09247639241939104, 0.07465200933978253, 0.0, 0.06826344941350267, 0.0, 0.0, 0.0)",243
7176,20,1,11,"(0.18554967569256717, 0.14970886995698662, 0.0, 0.0, 0.0, 0.051548873715099995, 0.0, 0.08279881135943302, 0.0, 0.01812760691895582)",1
7177,20,1,11,"(0.09033430006888621, 0.10347929066753737, 0.0, 0.0, 0.0, 0.04688669779969397, 0.0, 0.08279881135943302, 0.0, 0.01812760691895582)",11
7178,20,1,11,"(0.09033430006888621, 0.2051692879191975, 0.0, 0.0, 0.0, 0.051548873715099995, 0.0, 0.08279881135943302, 0.0, 0.01812760691895582)",1
7179,20,1,11,"(0.09033430006888621, 0.2351528754870445, 0.0, 0.0, 0.0, 0.051548873715099995, 0.0, 0.08279881135943302, 0.0, 0.01812760691895582)",2
7180,20,1,11,"(0.09033430006888621, 0.1459253187574796, 0.0, 0.0, 0.0, 0.051548873715099995, 0.0, 0.08279881135943302, 0.0, 0.013730453798478877)",1
7181,20,1,11,"(0.08944503430363974, 0.14970886995698662, 0.0, 0.0, 0.0, 0.04688669779969397, 0.0, 0.08279881135943302, 0.0, 0.01812760691895582)",1
7182,20,1,11,"(0.09033430006888621, 0.14970886995698662, 0.0, 0.0, 0.0, 0.04688669779969397, 0.0, 0.08279881135943302, 0.0, 0.01812760691895582)",257
7183,20,1,11,"(0.09033430006888621, 0.14970886995698662, 0.0, 0.0, 0.0, 0.051548873715099995, 0.0, 0.08279881135943302, 0.0, 0.01812760691895582)",170
7184,20,1,11,"(0.09033430006888621, 0.14970886995698662, 0.0, 0.0, 0.0, 0.04688669779969397, 0.0, 0.04407350898552499, 0.0, 0.016865596303783918)",5
7185,20,1,11,"(0.09033430006888621, 0.14970886995698662, 0.0, 0.0, 0.0, 0.04688669779969397, 0.0, 0.08279881135943302, 0.0, 0.016865596303783918)",14
7186,20,1,13,"(0.0, 0.0, 0.11679612853536596, 0.06920069129515957, 0.11697617925942128, 0.07489992963210028, 0.0, 0.0, 0.14899621190854193, 0.0)",4
7187,20,1,13,"(0.0, 0.0, 0.11679612853536596, 0.06920069129515957, 0.09172770611919409, 0.07489992963210028, 0.0, 0.0, 0.14899621190854193, 0.0)",145
7188,20,1,13,"(0.0, 0.0, 0.11679612853536596, 0.06920069129515957, 0.1388165155110852, 0.07489992963210028, 0.0, 0.0, 0.14899621190854193, 0.0)",15
7189,20,1,13,"(0.0, 0.0, 0.11679612853536596, 0.06920069129515957, 0.09172770611919409, 0.0834384704608604, 0.0, 0.0, 0.14899621190854193, 0.0)",1
7190,20,1,13,"(0.0, 0.0, 0.11679612853536596, 0.14009038036893756, 0.09172770611919409, 0.07489992963210028, 0.0, 0.0, 0.14899621190854193, 0.0)",1
7191,20,2,8,"(0.09454590366021338, 0.0, 0.1025886158660071, 0.07764994305745283, 0.09439728000832626, 0.0, 0.06826344941350267, 0.0, 0.0, 0.0)",5
7192,20,2,8,"(0.09369258606422372, 0.0, 0.08950620996642342, 0.09247639241939104, 0.05042126210868942, 0.0, 0.06826344941350267, 0.0, 0.0, 0.0)",64
7193,20,2,8,"(0.09369258606422372, 0.0, 0.08950620996642342, 0.09247639241939104, 0.07465200933978253, 0.0, 0.06826344941350267, 0.0, 0.0, 0.0)",279
7194,20,2,8,"(0.09369258606422372, 0.0, 0.08950620996642342, 0.09247639241939104, 0.07465200933978253, 0.0, 0.04682009737703327, 0.0, 0.0, 0.0)",2
7195,20,2,11,"(0.09033430006888621, 0.14970886995698662, 0.0, 0.0, 0.0, 0.051548873715099995, 0.0, 0.08279881135943302, 0.0, 0.01812760691895582)",92
7196,20,2,11,"(0.07723340381128976, 0.14970886995698662, 0.0, 0.0, 0.0, 0.051548873715099995, 0.0, 0.08279881135943302, 0.0, 0.01812760691895582)",1
7197,20,2,11,"(0.09033430006888621, 0.14970886995698662, 0.0, 0.0, 0.0, 0.05890665602961056, 0.0, 0.08279881135943302, 0.0, 0.01812760691895582)",2
7198,20,2,11,"(0.09033430006888621, 0.14970886995698662, 0.0, 0.0, 0.0, 0.04688669779969397, 0.0, 0.08279881135943302, 0.0, 0.01812760691895582)",321
7199,20,2,11,"(0.09033430006888621, 0.14970886995698662, 0.0, 0.0, 0.0, 0.04688669779969397, 0.0, 0.03740464191959344, 0.0, 0.01812760691895582)",1
7200,20,2,11,"(0.09033430006888621, 0.14970886995698662, 0.0, 0.0, 0.0, 0.030140045842343234, 0.0, 0.07936943446007141, 0.0, 0.01812760691895582)",19
7201,20,2,11,"(0.12711165177721706, 0.14970886995698662, 0.0, 0.0, 0.0, 0.04688669779969397, 0.0, 0.08279881135943302, 0.0, 0.01812760691895582)",1
7202,20,2,11,"(0.09033430006888621, 0.16439649930067768, 0.0, 0.0, 0.0, 0.04688669779969397, 0.0, 0.08279881135943302, 0.0, 0.01812760691895582)",2
7203,20,2,11,"(0.09033430006888621, 0.14970886995698662, 0.0, 0.0, 0.0, 0.04688669779969397, 0.0, 0.08589320245808568, 0.0, 0.01812760691895582)",1
7204,20,2,11,"(0.11149318964535229, 0.14970886995698662, 0.0, 0.0, 0.0, 0.04688669779969397, 0.0, 0.08279881135943302, 0.0, 0.009023997445899608)",1
7205,20,2,11,"(0.09033430006888621, 0.14970886995698662, 0.0, 0.0, 0.0, 0.051471664995276854, 0.0, 0.08279881135943302, 0.0, 0.01812760691895582)",2
7206,20,2,11,"(0.09033430006888621, 0.14970886995698662, 0.0, 0.0, 0.0, 0.051548873715099995, 0.0, 0.09686937954700432, 0.0, 0.01812760691895582)",1
7207,20,2,13,"(0.0, 0.0, 0.11679612853536596, 0.07699993309103602, 0.09172770611919409, 0.07489992963210028, 0.0, 0.0, 0.14899621190854193, 0.0)",2
7208,20,2,13,"(0.0, 0.0, 0.11679612853536596, 0.06920069129515957, 0.09172770611919409, 0.07489992963210028, 0.0, 0.0, 0.2475612446118154, 0.0)",1
7209,20,2,13,"(0.0, 0.0, 0.11679612853536596, 0.06920069129515957, 0.09172770611919409, 0.07489992963210028, 0.0, 0.0, 0.14899621190854193, 0.0)",170
7210,20,3,8,"(0.09369258606422372, 0.0, 0.08950620996642342, 0.09247639241939104, 0.046359993614017575, 0.0, 0.06826344941350267, 0.0, 0.0, 0.0)",3
7211,20,3,8,"(0.09369258606422372, 0.0, 0.08950620996642342, 0.08933871484473395, 0.09173902283359818, 0.0, 0.06826344941350267, 0.0, 0.0, 0.0)",136
7212,20,3,8,"(0.09369258606422372, 0.0, 0.08950620996642342, 0.09247639241939104, 0.07465200933978253, 0.0, 0.06826344941350267, 0.0, 0.0, 0.0)",103
7213,20,3,8,"(0.09369258606422372, 0.0, 0.08950620996642342, 0.09247639241939104, 0.09173902283359818, 0.0, 0.06826344941350267, 0.0, 0.0, 0.0)",51
7214,20,3,8,"(0.09369258606422372, 0.0, 0.08950620996642342, 0.07014220721702095, 0.07465200933978253, 0.0, 0.08732770459181892, 0.0, 0.0, 0.0)",17
7215,20,3,8,"(0.09369258606422372, 0.0, 0.08950620996642342, 0.08933871484473395, 0.09173902283359818, 0.0, 0.05784702360429664, 0.0, 0.0, 0.0)",2
7216,20,3,11,"(0.09033430006888621, 0.09463112444938689, 0.0, 0.0, 0.0, 0.04688669779969397, 0.0, 0.08279881135943302, 0.0, 0.017595239920469415)",1
7217,20,3,11,"(0.09033430006888621, 0.14970886995698662, 0.0, 0.0, 0.0, 0.04688669779969397, 0.0, 0.08279881135943302, 0.0, 0.02666305144806472)",1
7218,20,3,11,"(0.09033430006888621, 0.14970886995698662, 0.0, 0.0, 0.0, 0.04688669779969397, 0.0, 0.11292117373161911, 0.0, 0.01812760691895582)",2
7219,20,3,11,"(0.10781467173321586, 0.14970886995698662, 0.0, 0.0, 0.0, 0.04688669779969397, 0.0, 0.08279881135943302, 0.0, 0.01812760691895582)",3
7220,20,3,11,"(0.09033430006888621, 0.14970886995698662, 0.0, 0.0, 0.0, 0.04688669779969397, 0.0, 0.08279881135943302, 0.0, 0.012970652136762786)",1
7221,20,3,11,"(0.09033430006888621, 0.14970886995698662, 0.0, 0.0, 0.0, 0.050446970991696635, 0.0, 0.08279881135943302, 0.0, 0.01812760691895582)",1
7222,20,3,11,"(0.09033430006888621, 0.14970886995698662, 0.0, 0.0, 0.0, 0.04188736298218162, 0.0, 0.08279881135943302, 0.0, 0.01812760691895582)",2
7223,20,3,11,"(0.09033430006888621, 0.14970886995698662, 0.0, 0.0, 0.0, 0.04688669779969397, 0.0, 0.08279881135943302, 0.0, 0.01812760691895582)",406
7224,20,3,11,"(0.09033430006888621, 0.14970886995698662, 0.0, 0.0, 0.0, 0.030012459038482465, 0.0, 0.08279881135943302, 0.0, 0.01812760691895582)",2
7225,20,3,13,"(0.0, 0.0, 0.17397886707739785, 0.06920069129515957, 0.09172770611919409, 0.07489992963210028, 0.0, 0.0, 0.14899621190854193, 0.0)",1
7226,20,3,13,"(0.0, 0.0, 0.07663355596290268, 0.06920069129515957, 0.07707084710412196, 0.07489992963210028, 0.0, 0.0, 0.14899621190854193, 0.0)",1
7227,20,3,13,"(0.0, 0.0, 0.11679612853536596, 0.06920069129515957, 0.09172770611919409, 0.07489992963210028, 0.0, 0.0, 0.14899621190854193, 0.0)",191
7228,20,3,13,"(0.0, 0.0, 0.12048448630758224, 0.06920069129515957, 0.09172770611919409, 0.07489992963210028, 0.0, 0.0, 0.18534102833505472, 0.0)",1
7229,20,3,13,"(0.0, 0.0, 0.11679612853536596, 0.05733002656971194, 0.09172770611919409, 0.07489992963210028, 0.0, 0.0, 0.2545102130575141, 0.0)",1
7230,20,3,13,"(0.0, 0.0, 0.11679612853536596, 0.06920069129515957, 0.09947108156210473, 0.07489992963210028, 0.0, 0.0, 0.16249077790665353, 0.0)",1
7231,20,4,8,"(0.09369258606422372, 0.0, 0.08950620996642342, 0.08933871484473395, 0.09173902283359818, 0.0, 0.06826344941350267, 0.0, 0.0, 0.0)",85
7232,20,4,8,"(0.07037103507728111, 0.0, 0.1303023586503913, 0.09247639241939104, 0.07465200933978253, 0.0, 0.06826344941350267, 0.0, 0.0, 0.0)",1
7233,20,4,8,"(0.09369258606422372, 0.0, 0.08950620996642342, 0.09247639241939104, 0.07465200933978253, 0.0, 0.06826344941350267, 0.0, 0.0, 0.0)",129
7234,20,4,8,"(0.09369258606422372, 0.0, 0.08950620996642342, 0.07014220721702095, 0.07465200933978253, 0.0, 0.08732770459181892, 0.0, 0.0, 0.0)",89
7235,20,4,8,"(0.09369258606422372, 0.0, 0.08950620996642342, 0.2334102360481402, 0.09173902283359818, 0.0, 0.06826344941350267, 0.0, 0.0, 0.0)",2
7236,20,4,8,"(0.09369258606422372, 0.0, 0.08950620996642342, 0.09247639241939104, 0.09173902283359818, 0.0, 0.06826344941350267, 0.0, 0.0, 0.0)",6
7237,20,4,8,"(0.09369258606422372, 0.0, 0.08950620996642342, 0.07014220721702095, 0.07465200933978253, 0.0, 0.07441186998048435, 0.0, 0.0, 0.0)",1
7238,20,4,8,"(0.06001345229193957, 0.0, 0.08950620996642342, 0.09247639241939104, 0.07465200933978253, 0.0, 0.06826344941350267, 0.0, 0.0, 0.0)",2
7239,20,4,11,"(0.09033430006888621, 0.14970886995698662, 0.0, 0.0, 0.0, 0.04688669779969397, 0.0, 0.08279881135943302, 0.0, 0.014113350685267263)",2
7240,20,4,11,"(0.09033430006888621, 0.14970886995698662, 0.0, 0.0, 0.0, 0.0792368357487127, 0.0, 0.08279881135943302, 0.0, 0.016378067313000386)",1
7241,20,4,11,"(0.12881856317647886, 0.14970886995698662, 0.0, 0.0, 0.0, 0.04688669779969397, 0.0, 0.08279881135943302, 0.0, 0.01812760691895582)",1
7242,20,4,11,"(0.07433353600201194, 0.14970886995698662, 0.0, 0.0, 0.0, 0.043372072428642966, 0.0, 0.08279881135943302, 0.0, 0.01812760691895582)",1
7243,20,4,11,"(0.049611920634966465, 0.14970886995698662, 0.0, 0.0, 0.0, 0.04688669779969397, 0.0, 0.08279881135943302, 0.0, 0.01812760691895582)",1
7244,20,4,11,"(0.05705291185678821, 0.14970886995698662, 0.0, 0.0, 0.0, 0.07203946545705589, 0.0, 0.08279881135943302, 0.0, 0.026518116942651434)",1
7245,20,4,11,"(0.09033430006888621, 0.14970886995698662, 0.0, 0.0, 0.0, 0.04688669779969397, 0.0, 0.08279881135943302, 0.0, 0.009913897808850233)",2
7246,20,4,11,"(0.09033430006888621, 0.1406625954642555, 0.0, 0.0, 0.0, 0.04725153217253409, 0.0, 0.08279881135943302, 0.0, 0.01812760691895582)",1
7247,20,4,11,"(0.09033430006888621, 0.14970886995698662, 0.0, 0.0, 0.0, 0.04688669779969397, 0.0, 0.08279881135943302, 0.0, 0.01812760691895582)",418
7248,20,4,11,"(0.09033430006888621, 0.14970886995698662, 0.0, 0.0, 0.0, 0.0380115231817355, 0.0, 0.08279881135943302, 0.0, 0.01812760691895582)",2
7249,20,4,13,"(0.0, 0.0, 0.07298765749787064, 0.06920069129515957, 0.09172770611919409, 0.07489992963210028, 0.0, 0.0, 0.14899621190854193, 0.0)",2
7250,20,4,13,"(0.0, 0.0, 0.11679612853536596, 0.08545423333275673, 0.09172770611919409, 0.07489992963210028, 0.0, 0.0, 0.14899621190854193, 0.0)",1
7251,20,4,13,"(0.0, 0.0, 0.11679612853536596, 0.06920069129515957, 0.09172770611919409, 0.07489992963210028, 0.0, 0.0, 0.14899621190854193, 0.0)",187
7252,20,4,13,"(0.0, 0.0, 0.11679612853536596, 0.06920069129515957, 0.09172770611919409, 0.07489992963210028, 0.0, 0.0, 0.16967258195998097, 0.0)",2
7253,20,4,13,"(0.0, 0.0, 0.08389331522065929, 0.06920069129515957, 0.09172770611919409, 0.07489992963210028, 0.0, 0.0, 0.14899621190854193, 0.0)",1
7254,20,5,8,"(0.09369258606422372, 0.0, 0.08950620996642342, 0.07399795446882887, 0.09173902283359818, 0.0, 0.06826344941350267, 0.0, 0.0, 0.0)",8
7255,20,5,8,"(0.09369258606422372, 0.0, 0.08950620996642342, 0.053336821172114315, 0.07465200933978253, 0.0, 0.10270126211960645, 0.0, 0.0, 0.0)",2
7256,20,5,8,"(0.09369258606422372, 0.0, 0.07709817368377762, 0.07399795446882887, 0.09173902283359818, 0.0, 0.06826344941350267, 0.0, 0.0, 0.0)",6
7257,20,5,8,"(0.09369258606422372, 0.0, 0.08950620996642342, 0.09247639241939104, 0.07465200933978253, 0.0, 0.06826344941350267, 0.0, 0.0, 0.0)",119
7258,20,5,8,"(0.09369258606422372, 0.0, 0.08950620996642342, 0.07014220721702095, 0.07465200933978253, 0.0, 0.08732770459181892, 0.0, 0.0, 0.0)",18
7259,20,5,8,"(0.09369258606422372, 0.0, 0.08950620996642342, 0.09247639241939104, 0.09173902283359818, 0.0, 0.06826344941350267, 0.0, 0.0, 0.0)",27
7260,20,5,8,"(0.11517570973982662, 0.0, 0.07150667870463581, 0.05494995446367727, 0.09173902283359818, 0.0, 0.06826344941350267, 0.0, 0.0, 0.0)",3
7261,20,5,8,"(0.09369258606422372, 0.0, 0.08950620996642342, 0.08933871484473395, 0.09173902283359818, 0.0, 0.06826344941350267, 0.0, 0.0, 0.0)",133
7262,20,5,8,"(0.13626501743863298, 0.0, 0.08950620996642342, 0.08444116242312523, 0.09173902283359818, 0.0, 0.06827126940396643, 0.0, 0.0, 0.0)",1
7263,20,5,8,"(0.06355190898947839, 0.0, 0.08950620996642342, 0.09247639241939104, 0.07465200933978253, 0.0, 0.049546090362020116, 0.0, 0.0, 0.0)",1
7264,20,5,11,"(0.06229589677975982, 0.2065968577929902, 0.0, 0.0, 0.0, 0.04688669779969397, 0.0, 0.08279881135943302, 0.0, 0.01812760691895582)",1
7265,20,5,11,"(0.09033430006888621, 0.14200711211460834, 0.0, 0.0, 0.0, 0.04688669779969397, 0.0, 0.08279881135943302, 0.0, 0.01812760691895582)",1
7266,20,5,11,"(0.09033430006888621, 0.18785448405682856, 0.0, 0.0, 0.0, 0.04688669779969397, 0.0, 0.08279881135943302, 0.0, 0.01812760691895582)",10
7267,20,5,11,"(0.09033430006888621, 0.14970886995698662, 0.0, 0.0, 0.0, 0.04688669779969397, 0.0, 0.08279881135943302, 0.0, 0.02012979006534079)",1
7268,20,5,11,"(0.09033430006888621, 0.14970886995698662, 0.0, 0.0, 0.0, 0.04688669779969397, 0.0, 0.08279881135943302, 0.0, 0.037878236730168977)",5
7269,20,5,11,"(0.09033430006888621, 0.14970886995698662, 0.0, 0.0, 0.0, 0.04688669779969397, 0.0, 0.08279881135943302, 0.0, 0.020705406866755035)",10
7270,20,5,11,"(0.09033430006888621, 0.14970886995698662, 0.0, 0.0, 0.0, 0.04688669779969397, 0.0, 0.08279881135943302, 0.0, 0.013056962984181426)",2
7271,20,5,11,"(0.09033430006888621, 0.14970886995698662, 0.0, 0.0, 0.0, 0.04688669779969397, 0.0, 0.08279881135943302, 0.0, 0.01812760691895582)",402
7272,20,5,11,"(0.07048821806435773, 0.14970886995698662, 0.0, 0.0, 0.0, 0.04688669779969397, 0.0, 0.08279881135943302, 0.0, 0.01812760691895582)",1
7273,20,5,13,"(0.0, 0.0, 0.11679612853536596, 0.06920069129515957, 0.09172770611919409, 0.07489992963210028, 0.0, 0.0, 0.14899621190854193, 0.0)",185
7274,20,6,8,"(0.09369258606422372, 0.0, 0.08950620996642342, 0.09247639241939104, 0.09173902283359818, 0.0, 0.055475270504978726, 0.0, 0.0, 0.0)",1
7275,20,6,8,"(0.177614059072265, 0.0, 0.08950620996642342, 0.09247639241939104, 0.09173902283359818, 0.0, 0.06826344941350267, 0.0, 0.0, 0.0)",3
7276,20,6,8,"(0.09369258606422372, 0.0, 0.08950620996642342, 0.09247639241939104, 0.09173902283359818, 0.0, 0.06826344941350267, 0.0, 0.0, 0.0)",316
7277,20,6,8,"(0.09369258606422372, 0.0, 0.058778918250265426, 0.09247639241939104, 0.09173902283359818, 0.0, 0.06826344941350267, 0.0, 0.0, 0.0)",2
7278,20,6,11,"(0.09033430006888621, 0.14970886995698662, 0.0, 0.0, 0.0, 0.04688669779969397, 0.0, 0.07984494770327444, 0.0, 0.01812760691895582)",35
7279,20,6,11,"(0.09033430006888621, 0.14970886995698662, 0.0, 0.0, 0.0, 0.04688669779969397, 0.0, 0.05060157405969106, 0.0, 0.01812760691895582)",2
7280,20,6,11,"(0.09033430006888621, 0.14970886995698662, 0.0, 0.0, 0.0, 0.04688669779969397, 0.0, 0.08279881135943302, 0.0, 0.02316998332142973)",1
7281,20,6,11,"(0.15873113515643897, 0.14970886995698662, 0.0, 0.0, 0.0, 0.06638518168479597, 0.0, 0.08279881135943302, 0.0, 0.01812760691895582)",1
7282,20,6,11,"(0.09033430006888621, 0.14970886995698662, 0.0, 0.0, 0.0, 0.0672551523127969, 0.0, 0.08279881135943302, 0.0, 0.01812760691895582)",3
7283,20,6,11,"(0.09033430006888621, 0.24503617366744626, 0.0, 0.0, 0.0, 0.04688669779969397, 0.0, 0.08279881135943302, 0.0, 0.01812760691895582)",2
7284,20,6,11,"(0.09033430006888621, 0.14970886995698662, 0.0, 0.0, 0.0, 0.019140218066146533, 0.0, 0.08279881135943302, 0.0, 0.01812760691895582)",46
7285,20,6,11,"(0.09033430006888621, 0.14970886995698662, 0.0, 0.0, 0.0, 0.04688669779969397, 0.0, 0.08279881135943302, 0.0, 0.01812760691895582)",411
7286,20,6,11,"(0.09033430006888621, 0.14970886995698662, 0.0, 0.0, 0.0, 0.06632675990205611, 0.0, 0.07984494770327444, 0.0, 0.01812760691895582)",1
7287,20,6,11,"(0.09033430006888621, 0.14970886995698662, 0.0, 0.0, 0.0, 0.04688669779969397, 0.0, 0.11612228457249092, 0.0, 0.01812760691895582)",1
7288,20,6,11,"(0.09033430006888621, 0.14970886995698662, 0.0, 0.0, 0.0, 0.019140218066146533, 0.0, 0.08855717740349905, 0.0, 0.01812760691895582)",4
7289,20,6,13,"(0.0, 0.0, 0.11679612853536596, 0.0892450915778018, 0.09172770611919409, 0.07489992963210028, 0.0, 0.0, 0.19231957544593845, 0.0)",3
7290,20,6,13,"(0.0, 0.0, 0.11679612853536596, 0.06920069129515957, 0.09172770611919409, 0.07489992963210028, 0.0, 0.0, 0.2540481105040612, 0.0)",2
7291,20,6,13,"(0.0, 0.0, 0.18024099062632293, 0.06920069129515957, 0.09172770611919409, 0.07489992963210028, 0.0, 0.0, 0.14899621190854193, 0.0)",1
7292,20,6,13,"(0.0, 0.0, 0.08635719893034864, 0.06920069129515957, 0.09172770611919409, 0.07489992963210028, 0.0, 0.0, 0.14899621190854193, 0.0)",1
7293,20,6,13,"(0.0, 0.0, 0.11679612853536596, 0.06920069129515957, 0.09172770611919409, 0.07489992963210028, 0.0, 0.0, 0.14899621190854193, 0.0)",164
7294,20,7,8,"(0.16111085099255995, 0.0, 0.08950620996642342, 0.09247639241939104, 0.13030695910603465, 0.0, 0.06826344941350267, 0.0, 0.0, 0.0)",3
7295,20,7,8,"(0.10238555672916044, 0.0, 0.08950620996642342, 0.09247639241939104, 0.09173902283359818, 0.0, 0.06826344941350267, 0.0, 0.0, 0.0)",81
7296,20,7,8,"(0.09369258606422372, 0.0, 0.08950620996642342, 0.14979971725343016, 0.09966524898262206, 0.0, 0.06826344941350267, 0.0, 0.0, 0.0)",1
7297,20,7,8,"(0.10238555672916044, 0.0, 0.08950620996642342, 0.19293679280392087, 0.09173902283359818, 0.0, 0.06826344941350267, 0.0, 0.0, 0.0)",1
7298,20,7,8,"(0.09369258606422372, 0.0, 0.08950620996642342, 0.09247639241939104, 0.11972675577474888, 0.0, 0.05150814922425387, 0.0, 0.0, 0.0)",1
7299,20,7,8,"(0.09369258606422372, 0.0, 0.08950620996642342, 0.09247639241939104, 0.09173902283359818, 0.0, 0.06826344941350267, 0.0, 0.0, 0.0)",237
7300,20,7,8,"(0.09369258606422372, 0.0, 0.08950620996642342, 0.09247639241939104, 0.07465200933978253, 0.0, 0.06826344941350267, 0.0, 0.0, 0.0)",28
7301,20,7,11,"(0.09033430006888621, 0.14970886995698662, 0.0, 0.0, 0.0, 0.04688669779969397, 0.0, 0.08279881135943302, 0.0, 0.01812760691895582)",341
7302,20,7,11,"(0.09033430006888621, 0.14970886995698662, 0.0, 0.0, 0.0, 0.04688669779969397, 0.0, 0.07984494770327444, 0.0, 0.01812760691895582)",92
7303,20,7,11,"(0.09033430006888621, 0.08508228094143945, 0.0, 0.0, 0.0, 0.04688669779969397, 0.0, 0.08279881135943302, 0.0, 0.01812760691895582)",1
7304,20,7,11,"(0.12562027370908316, 0.14970886995698662, 0.0, 0.0, 0.0, 0.04688669779969397, 0.0, 0.08279881135943302, 0.0, 0.013339129489993483)",1
7305,20,7,11,"(0.09033430006888621, 0.14970886995698662, 0.0, 0.0, 0.0, 0.04815718114689509, 0.0, 0.08279881135943302, 0.0, 0.011924326680554796)",14
7306,20,7,13,"(0.0, 0.0, 0.11679612853536596, 0.06920069129515957, 0.09172770611919409, 0.07489992963210028, 0.0, 0.0, 0.14899621190854193, 0.0)",199
7307,20,8,8,"(0.09369258606422372, 0.0, 0.08950620996642342, 0.09247639241939104, 0.07465200933978253, 0.0, 0.06826344941350267, 0.0, 0.0, 0.0)",189
7308,20,8,8,"(0.10238555672916044, 0.0, 0.08950620996642342, 0.09247639241939104, 0.09173902283359818, 0.0, 0.06826344941350267, 0.0, 0.0, 0.0)",38
7309,20,8,8,"(0.09369258606422372, 0.0, 0.08950620996642342, 0.09247639241939104, 0.09173902283359818, 0.0, 0.06826344941350267, 0.0, 0.0, 0.0)",179
7310,20,8,11,"(0.09033430006888621, 0.14970886995698662, 0.0, 0.0, 0.0, 0.042384118090813126, 0.0, 0.08279881135943302, 0.0, 0.01812760691895582)",2
7311,20,8,11,"(0.0441167438569391, 0.14970886995698662, 0.0, 0.0, 0.0, 0.0366971756664162, 0.0, 0.08279881135943302, 0.0, 0.01812760691895582)",1
7312,20,8,11,"(0.09033430006888621, 0.25741516152967053, 0.0, 0.0, 0.0, 0.04688669779969397, 0.0, 0.08279881135943302, 0.0, 0.01812760691895582)",1
7313,20,8,11,"(0.09033430006888621, 0.14970886995698662, 0.0, 0.0, 0.0, 0.06952248520985069, 0.0, 0.08279881135943302, 0.0, 0.01812760691895582)",1
7314,20,8,11,"(0.09033430006888621, 0.14970886995698662, 0.0, 0.0, 0.0, 0.04688669779969397, 0.0, 0.08279881135943302, 0.0, 0.01812760691895582)",319
7315,20,8,13,"(0.0, 0.0, 0.11679612853536596, 0.06920069129515957, 0.09172770611919409, 0.07489992963210028, 0.0, 0.0, 0.14899621190854193, 0.0)",184
7316,20,8,13,"(0.0, 0.0, 0.11679612853536596, 0.05938803976820813, 0.09172770611919409, 0.07489992963210028, 0.0, 0.0, 0.14899621190854193, 0.0)",1
7317,20,8,13,"(0.0, 0.0, 0.1474800917951092, 0.06920069129515957, 0.09172770611919409, 0.07489992963210028, 0.0, 0.0, 0.14899621190854193, 0.0)",1
7318,20,8,13,"(0.0, 0.0, 0.11679612853536596, 0.06920069129515957, 0.1082226563685892, 0.07489992963210028, 0.0, 0.0, 0.14899621190854193, 0.0)",6
7319,20,9,8,"(0.09369258606422372, 0.0, 0.04889002487875952, 0.09247639241939104, 0.09173902283359818, 0.0, 0.06826344941350267, 0.0, 0.0, 0.0)",159
7320,20,9,8,"(0.09369258606422372, 0.0, 0.08950620996642342, 0.09247639241939104, 0.09173902283359818, 0.0, 0.06826344941350267, 0.0, 0.0, 0.0)",73
7321,20,9,8,"(0.09369258606422372, 0.0, 0.06395907759437434, 0.09247639241939104, 0.09173902283359818, 0.0, 0.06702793293306607, 0.0, 0.0, 0.0)",2
7322,20,9,8,"(0.09369258606422372, 0.0, 0.08950620996642342, 0.09247639241939104, 0.07465200933978253, 0.0, 0.06826344941350267, 0.0, 0.0, 0.0)",81
7323,20,9,8,"(0.09369258606422372, 0.0, 0.06817424384193108, 0.19027087329596232, 0.09173902283359818, 0.0, 0.054609517594787674, 0.0, 0.0, 0.0)",13
7324,20,9,8,"(0.09154414287698284, 0.0, 0.04889002487875952, 0.07688321030590191, 0.09173902283359818, 0.0, 0.06826344941350267, 0.0, 0.0, 0.0)",3
7325,20,9,11,"(0.09033430006888621, 0.14970886995698662, 0.0, 0.0, 0.0, 0.04529881062300557, 0.0, 0.08279881135943302, 0.0, 0.01812760691895582)",5
7326,20,9,11,"(0.17244759598323411, 0.14970886995698662, 0.0, 0.0, 0.0, 0.04688669779969397, 0.0, 0.07988357180553715, 0.0, 0.01812760691895582)",3
7327,20,9,11,"(0.09033430006888621, 0.14970886995698662, 0.0, 0.0, 0.0, 0.04688669779969397, 0.0, 0.1060178551165364, 0.0, 0.01812760691895582)",1
7328,20,9,11,"(0.09033430006888621, 0.14970886995698662, 0.0, 0.0, 0.0, 0.020505796531922766, 0.0, 0.08279881135943302, 0.0, 0.01812760691895582)",2
7329,20,9,11,"(0.09033430006888621, 0.14970886995698662, 0.0, 0.0, 0.0, 0.04688669779969397, 0.0, 0.08279881135943302, 0.0, 0.010610228081176929)",1
7330,20,9,11,"(0.09033430006888621, 0.14970886995698662, 0.0, 0.0, 0.0, 0.06370971566200079, 0.0, 0.08279881135943302, 0.0, 0.01812760691895582)",1
7331,20,9,11,"(0.09033430006888621, 0.14970886995698662, 0.0, 0.0, 0.0, 0.04688669779969397, 0.0, 0.08279881135943302, 0.0, 0.01812760691895582)",355
7332,20,9,11,"(0.09033430006888621, 0.19637479930088428, 0.0, 0.0, 0.0, 0.04688669779969397, 0.0, 0.08279881135943302, 0.0, 0.01812760691895582)",1
7333,20,9,11,"(0.0790533520384606, 0.14970886995698662, 0.0, 0.0, 0.0, 0.04688669779969397, 0.0, 0.08386906556094294, 0.0, 0.02359972918065377)",5
7334,20,9,11,"(0.09033430006888621, 0.14970886995698662, 0.0, 0.0, 0.0, 0.04688669779969397, 0.0, 0.08279881135943302, 0.0, 0.023836508883748025)",1
7335,20,9,11,"(0.09033430006888621, 0.14970886995698662, 0.0, 0.0, 0.0, 0.02927999334094931, 0.0, 0.08279881135943302, 0.0, 0.01812760691895582)",1
7336,20,9,11,"(0.09033430006888621, 0.14970886995698662, 0.0, 0.0, 0.0, 0.036359739774874916, 0.0, 0.08279881135943302, 0.0, 0.01812760691895582)",7
7337,20,9,13,"(0.0, 0.0, 0.11679612853536596, 0.058083362169132645, 0.09172770611919409, 0.04656595002509993, 0.0, 0.0, 0.14899621190854193, 0.0)",4
7338,20,9,13,"(0.0, 0.0, 0.11679612853536596, 0.06920069129515957, 0.09172770611919409, 0.07489992963210028, 0.0, 0.0, 0.14899621190854193, 0.0)",147
7339,20,9,13,"(0.0, 0.0, 0.11679612853536596, 0.06920069129515957, 0.09172770611919409, 0.07489992963210028, 0.0, 0.0, 0.19475998291439822, 0.0)",7
7340,20,9,13,"(0.0, 0.0, 0.11679612853536596, 0.046828374828122764, 0.09172770611919409, 0.07489992963210028, 0.0, 0.0, 0.19122600088741812, 0.0)",18
7341,20,10,8,"(0.09369258606422372, 0.0, 0.18698511296701464, 0.09247639241939104, 0.09173902283359818, 0.0, 0.06826344941350267, 0.0, 0.0, 0.0)",7
7342,20,10,8,"(0.09369258606422372, 0.0, 0.08950620996642342, 0.09247639241939104, 0.09173902283359818, 0.0, 0.06826344941350267, 0.0, 0.0, 0.0)",179
7343,20,10,8,"(0.09369258606422372, 0.0, 0.08950620996642342, 0.045453059126161835, 0.09173902283359818, 0.0, 0.06826344941350267, 0.0, 0.0, 0.0)",1
7344,20,10,8,"(0.09369258606422372, 0.0, 0.18698511296701464, 0.09247639241939104, 0.09173902283359818, 0.0, 0.04838292582183331, 0.0, 0.0, 0.0)",2
7345,20,10,8,"(0.09369258606422372, 0.0, 0.08950620996642342, 0.09247639241939104, 0.07465200933978253, 0.0, 0.06826344941350267, 0.0, 0.0, 0.0)",24
7346,20,10,8,"(0.09369258606422372, 0.0, 0.04889002487875952, 0.09247639241939104, 0.09173902283359818, 0.0, 0.06826344941350267, 0.0, 0.0, 0.0)",87
7347,20,10,8,"(0.09369258606422372, 0.0, 0.04889002487875952, 0.09247639241939104, 0.22478709704205113, 0.0, 0.06826344941350267, 0.0, 0.0, 0.0)",3
7348,20,10,8,"(0.09369258606422372, 0.0, 0.08950620996642342, 0.04350863238510099, 0.09173902283359818, 0.0, 0.06826344941350267, 0.0, 0.0, 0.0)",1
7349,20,10,11,"(0.09033430006888621, 0.14970886995698662, 0.0, 0.0, 0.0, 0.05335908682035407, 0.0, 0.08279881135943302, 0.0, 0.01812760691895582)",2
7350,20,10,11,"(0.09033430006888621, 0.14970886995698662, 0.0, 0.0, 0.0, 0.04688669779969397, 0.0, 0.08279881135943302, 0.0, 0.01812760691895582)",463
7351,20,10,11,"(0.09033430006888621, 0.14970886995698662, 0.0, 0.0, 0.0, 0.07627532370813365, 0.0, 0.08279881135943302, 0.0, 0.03865260678040678)",1
7352,20,10,13,"(0.0, 0.0, 0.11679612853536596, 0.06920069129515957, 0.09172770611919409, 0.07489992963210028, 0.0, 0.0, 0.14899621190854193, 0.0)",179
7353,20,10,13,"(0.0, 0.0, 0.09698317193194052, 0.06920069129515957, 0.09172770611919409, 0.03928649612912185, 0.0, 0.0, 0.14899621190854193, 0.0)",5
7354,20,11,8,"(0.09727291432116562, 0.0, 0.08950620996642342, 0.1436045397287867, 0.1641759466733615, 0.0, 0.06826344941350267, 0.0, 0.0, 0.0)",1
7355,20,11,8,"(0.09369258606422372, 0.0, 0.08950620996642342, 0.09247639241939104, 0.09173902283359818, 0.0, 0.06826344941350267, 0.0, 0.0, 0.0)",237
7356,20,11,8,"(0.09369258606422372, 0.0, 0.1086588420011524, 0.07532512757122314, 0.09173902283359818, 0.0, 0.06826344941350267, 0.0, 0.0, 0.0)",1
7357,20,11,8,"(0.09369258606422372, 0.0, 0.08950620996642342, 0.09247639241939104, 0.07465200933978253, 0.0, 0.08739781496267422, 0.0, 0.0, 0.0)",1
7358,20,11,8,"(0.09369258606422372, 0.0, 0.08950620996642342, 0.09247639241939104, 0.07465200933978253, 0.0, 0.06826344941350267, 0.0, 0.0, 0.0)",45
7359,20,11,8,"(0.09369258606422372, 0.0, 0.05203342854316216, 0.09247639241939104, 0.07465200933978253, 0.0, 0.06826344941350267, 0.0, 0.0, 0.0)",1
7360,20,11,11,"(0.07771342238484912, 0.14970886995698662, 0.0, 0.0, 0.0, 0.04688669779969397, 0.0, 0.09354903229325215, 0.0, 0.01812760691895582)",3
7361,20,11,11,"(0.09033430006888621, 0.14970886995698662, 0.0, 0.0, 0.0, 0.04688669779969397, 0.0, 0.13268837634020356, 0.0, 0.01812760691895582)",1
7362,20,11,11,"(0.09144260371273157, 0.14970886995698662, 0.0, 0.0, 0.0, 0.04688669779969397, 0.0, 0.11945607114622168, 0.0, 0.01812760691895582)",1
7363,20,11,11,"(0.09033430006888621, 0.14970886995698662, 0.0, 0.0, 0.0, 0.04401713212551792, 0.0, 0.1497588758876479, 0.0, 0.01812760691895582)",1
7364,20,11,11,"(0.09033430006888621, 0.14970886995698662, 0.0, 0.0, 0.0, 0.043680977408076714, 0.0, 0.08279881135943302, 0.0, 0.01812760691895582)",3
7365,20,11,11,"(0.09033430006888621, 0.14970886995698662, 0.0, 0.0, 0.0, 0.03907463987725205, 0.0, 0.08279881135943302, 0.0, 0.01812760691895582)",3
7366,20,11,11,"(0.09033430006888621, 0.13394375868934036, 0.0, 0.0, 0.0, 0.024220586061239734, 0.0, 0.08279881135943302, 0.0, 0.01812760691895582)",2
7367,20,11,11,"(0.09033430006888621, 0.14970886995698662, 0.0, 0.0, 0.0, 0.04688669779969397, 0.0, 0.0952891507421317, 0.0, 0.01812760691895582)",1
7368,20,11,11,"(0.09033430006888621, 0.14970886995698662, 0.0, 0.0, 0.0, 0.027322681605544068, 0.0, 0.08279881135943302, 0.0, 0.01812760691895582)",10
7369,20,11,11,"(0.09033430006888621, 0.06887865627956556, 0.0, 0.0, 0.0, 0.04688669779969397, 0.0, 0.11132640783246149, 0.0, 0.01812760691895582)",1
7370,20,11,11,"(0.09033430006888621, 0.14970886995698662, 0.0, 0.0, 0.0, 0.04688669779969397, 0.0, 0.08279881135943302, 0.0, 0.01812760691895582)",474
7371,20,11,11,"(0.09033430006888621, 0.14970886995698662, 0.0, 0.0, 0.0, 0.022690100848643542, 0.0, 0.08279881135943302, 0.0, 0.01812760691895582)",7
7372,20,11,13,"(0.0, 0.0, 0.11679612853536596, 0.06920069129515957, 0.05348651646161717, 0.07489992963210028, 0.0, 0.0, 0.14899621190854193, 0.0)",1
7373,20,11,13,"(0.0, 0.0, 0.11679612853536596, 0.06920069129515957, 0.09172770611919409, 0.07489992963210028, 0.0, 0.0, 0.14899621190854193, 0.0)",188
7374,20,11,13,"(0.0, 0.0, 0.09574174431025825, 0.03400232788364053, 0.09172770611919409, 0.07489992963210028, 0.0, 0.0, 0.14899621190854193, 0.0)",1
7375,20,11,13,"(0.0, 0.0, 0.11679612853536596, 0.06920069129515957, 0.1014290305699771, 0.07489992963210028, 0.0, 0.0, 0.14899621190854193, 0.0)",2
7376,20,12,8,"(0.09369258606422372, 0.0, 0.08950620996642342, 0.09247639241939104, 0.15786033532939098, 0.0, 0.04772234327170324, 0.0, 0.0, 0.0)",2
7377,20,12,8,"(0.09369258606422372, 0.0, 0.08950620996642342, 0.09247639241939104, 0.07465200933978253, 0.0, 0.06826344941350267, 0.0, 0.0, 0.0)",163
7378,20,12,8,"(0.09369258606422372, 0.0, 0.08950620996642342, 0.09247639241939104, 0.058228392077540395, 0.0, 0.033153629139160534, 0.0, 0.0, 0.0)",1
7379,20,12,8,"(0.09369258606422372, 0.0, 0.08950620996642342, 0.09247639241939104, 0.0772373362122656, 0.0, 0.06826344941350267, 0.0, 0.0, 0.0)",4
7380,20,12,8,"(0.09369258606422372, 0.0, 0.08950620996642342, 0.09247639241939104, 0.09173902283359818, 0.0, 0.06826344941350267, 0.0, 0.0, 0.0)",158
7381,20,12,8,"(0.10707996182248933, 0.0, 0.08950620996642342, 0.09247639241939104, 0.07465200933978253, 0.0, 0.0372700240862936, 0.0, 0.0, 0.0)",16
7382,20,12,8,"(0.09369258606422372, 0.0, 0.08950620996642342, 0.09527549585071313, 0.09173902283359818, 0.0, 0.06826344941350267, 0.0, 0.0, 0.0)",1
7383,20,12,11,"(0.07899802968902281, 0.14970886995698662, 0.0, 0.0, 0.0, 0.04688669779969397, 0.0, 0.08279881135943302, 0.0, 0.01812760691895582)",1
7384,20,12,11,"(0.09033430006888621, 0.14970886995698662, 0.0, 0.0, 0.0, 0.04688669779969397, 0.0, 0.12334697231467066, 0.0, 0.01812760691895582)",1
7385,20,12,11,"(0.16352359792496907, 0.14970886995698662, 0.0, 0.0, 0.0, 0.04688669779969397, 0.0, 0.08279881135943302, 0.0, 0.01646791278324991)",3
7386,20,12,11,"(0.14124562996178938, 0.14970886995698662, 0.0, 0.0, 0.0, 0.04688669779969397, 0.0, 0.08279881135943302, 0.0, 0.01812760691895582)",1
7387,20,12,11,"(0.09033430006888621, 0.15669064165782556, 0.0, 0.0, 0.0, 0.04688669779969397, 0.0, 0.05640079070608234, 0.0, 0.01812760691895582)",5
7388,20,12,11,"(0.09033430006888621, 0.14970886995698662, 0.0, 0.0, 0.0, 0.04688669779969397, 0.0, 0.11761319349659069, 0.0, 0.01812760691895582)",2
7389,20,12,11,"(0.09033430006888621, 0.14970886995698662, 0.0, 0.0, 0.0, 0.04688669779969397, 0.0, 0.08279881135943302, 0.0, 0.01812760691895582)",389
7390,20,12,11,"(0.09033430006888621, 0.14970886995698662, 0.0, 0.0, 0.0, 0.04688669779969397, 0.0, 0.08279881135943302, 0.0, 0.02124292060902302)",1
7391,20,12,11,"(0.09033430006888621, 0.14970886995698662, 0.0, 0.0, 0.0, 0.11498724111768018, 0.0, 0.08279881135943302, 0.0, 0.01812760691895582)",2
7392,20,12,13,"(0.0, 0.0, 0.13155979751998848, 0.06920069129515957, 0.09172770611919409, 0.07489992963210028, 0.0, 0.0, 0.12143739726840808, 0.0)",1
7393,20,12,13,"(0.0, 0.0, 0.11679612853536596, 0.06920069129515957, 0.09862726672615212, 0.07489992963210028, 0.0, 0.0, 0.14899621190854193, 0.0)",4
7394,20,12,13,"(0.0, 0.0, 0.11679612853536596, 0.06920069129515957, 0.09172770611919409, 0.07489992963210028, 0.0, 0.0, 0.14899621190854193, 0.0)",153
7395,20,12,13,"(0.0, 0.0, 0.0721529236917189, 0.06920069129515957, 0.13006875521953798, 0.07489992963210028, 0.0, 0.0, 0.09088922684411042, 0.0)",1
7396,20,12,13,"(0.0, 0.0, 0.11679612853536596, 0.06920069129515957, 0.06206103901061121, 0.07489992963210028, 0.0, 0.0, 0.14899621190854193, 0.0)",9
7397,20,13,8,"(0.09369258606422372, 0.0, 0.10477721659044142, 0.09247639241939104, 0.07465200933978253, 0.0, 0.06826344941350267, 0.0, 0.0, 0.0)",25
7398,20,13,8,"(0.09369258606422372, 0.0, 0.08950620996642342, 0.09247639241939104, 0.07465200933978253, 0.0, 0.06826344941350267, 0.0, 0.0, 0.0)",224
7399,20,13,8,"(0.09369258606422372, 0.0, 0.08950620996642342, 0.09247639241939104, 0.09173902283359818, 0.0, 0.06826344941350267, 0.0, 0.0, 0.0)",46
7400,20,13,11,"(0.09033430006888621, 0.14970886995698662, 0.0, 0.0, 0.0, 0.04688669779969397, 0.0, 0.08279881135943302, 0.0, 0.03589081340028805)",1
7401,20,13,11,"(0.09033430006888621, 0.14970886995698662, 0.0, 0.0, 0.0, 0.04688669779969397, 0.0, 0.08279881135943302, 0.0, 0.015382951630914249)",2
7402,20,13,11,"(0.09033430006888621, 0.14970886995698662, 0.0, 0.0, 0.0, 0.052942727502492834, 0.0, 0.08279881135943302, 0.0, 0.01812760691895582)",1
7403,20,13,11,"(0.09033430006888621, 0.14970886995698662, 0.0, 0.0, 0.0, 0.04688669779969397, 0.0, 0.08279881135943302, 0.0, 0.011272706035104359)",1
7404,20,13,11,"(0.09033430006888621, 0.14970886995698662, 0.0, 0.0, 0.0, 0.04688669779969397, 0.0, 0.12414447083783306, 0.0, 0.01812760691895582)",1
7405,20,13,11,"(0.09033430006888621, 0.14970886995698662, 0.0, 0.0, 0.0, 0.03793270000054882, 0.0, 0.08279881135943302, 0.0, 0.01812760691895582)",1
7406,20,13,11,"(0.09033430006888621, 0.14970886995698662, 0.0, 0.0, 0.0, 0.04688669779969397, 0.0, 0.08279881135943302, 0.0, 0.01812760691895582)",506
7407,20,13,11,"(0.09033430006888621, 0.14970886995698662, 0.0, 0.0, 0.0, 0.04688669779969397, 0.0, 0.11559151299560644, 0.0, 0.029677203633796265)",2
7408,20,13,13,"(0.0, 0.0, 0.11679612853536596, 0.08969770523384385, 0.09172770611919409, 0.07489992963210028, 0.0, 0.0, 0.14899621190854193, 0.0)",1
7409,20,13,13,"(0.0, 0.0, 0.11679612853536596, 0.06920069129515957, 0.09172770611919409, 0.07140767377593973, 0.0, 0.0, 0.14899621190854193, 0.0)",5
7410,20,13,13,"(0.0, 0.0, 0.11679612853536596, 0.06920069129515957, 0.09172770611919409, 0.07489992963210028, 0.0, 0.0, 0.14899621190854193, 0.0)",180
7411,20,14,8,"(0.09369258606422372, 0.0, 0.08950620996642342, 0.09247639241939104, 0.09173902283359818, 0.0, 0.1278424162060186, 0.0, 0.0, 0.0)",1
7412,20,14,8,"(0.09056416708237512, 0.0, 0.08950620996642342, 0.09247639241939104, 0.09173902283359818, 0.0, 0.11005170482127055, 0.0, 0.0, 0.0)",13
7413,20,14,8,"(0.09369258606422372, 0.0, 0.10501898883442697, 0.09247639241939104, 0.07465200933978253, 0.0, 0.06826344941350267, 0.0, 0.0, 0.0)",1
7414,20,14,8,"(0.09369258606422372, 0.0, 0.08950620996642342, 0.09247639241939104, 0.07465200933978253, 0.0, 0.06826344941350267, 0.0, 0.0, 0.0)",130
7415,20,14,8,"(0.09369258606422372, 0.0, 0.08950620996642342, 0.09247639241939104, 0.09173902283359818, 0.0, 0.1072469639967351, 0.0, 0.0, 0.0)",2
7416,20,14,8,"(0.1415968154330679, 0.0, 0.08950620996642342, 0.09247639241939104, 0.07465200933978253, 0.0, 0.06826344941350267, 0.0, 0.0, 0.0)",1
7417,20,14,8,"(0.09369258606422372, 0.0, 0.08950620996642342, 0.09247639241939104, 0.09469165715614145, 0.0, 0.06826344941350267, 0.0, 0.0, 0.0)",8
7418,20,14,8,"(0.09369258606422372, 0.0, 0.08950620996642342, 0.09247639241939104, 0.09173902283359818, 0.0, 0.06826344941350267, 0.0, 0.0, 0.0)",123
7419,20,14,8,"(0.10707996182248933, 0.0, 0.08950620996642342, 0.09247639241939104, 0.07465200933978253, 0.0, 0.0372700240862936, 0.0, 0.0, 0.0)",41
7420,20,14,11,"(0.09033430006888621, 0.14970886995698662, 0.0, 0.0, 0.0, 0.04688669779969397, 0.0, 0.08279881135943302, 0.0, 0.01812760691895582)",351
7421,20,14,11,"(0.09033430006888621, 0.14970886995698662, 0.0, 0.0, 0.0, 0.03416557324415472, 0.0, 0.08279881135943302, 0.0, 0.01812760691895582)",1
7422,20,14,11,"(0.09033430006888621, 0.0936286162324486, 0.0, 0.0, 0.0, 0.04688669779969397, 0.0, 0.08279881135943302, 0.0, 0.01812760691895582)",61
7423,20,14,11,"(0.09033430006888621, 0.14970886995698662, 0.0, 0.0, 0.0, 0.04688669779969397, 0.0, 0.1945167358161513, 0.0, 0.01812760691895582)",1
7424,20,14,11,"(0.09033430006888621, 0.12386867707145525, 0.0, 0.0, 0.0, 0.04688669779969397, 0.0, 0.08279881135943302, 0.0, 0.019538271002696565)",1
7425,20,14,11,"(0.09033430006888621, 0.16988461922168532, 0.0, 0.0, 0.0, 0.0745817474479267, 0.0, 0.08279881135943302, 0.0, 0.01812760691895582)",1
7426,20,14,11,"(0.09033430006888621, 0.14970886995698662, 0.0, 0.0, 0.0, 0.04688669779969397, 0.0, 0.08279881135943302, 0.0, 0.007881453716803781)",1
7427,20,14,13,"(0.0, 0.0, 0.11679612853536596, 0.06920069129515957, 0.09172770611919409, 0.07489992963210028, 0.0, 0.0, 0.08433564050003903, 0.0)",8
7428,20,14,13,"(0.0, 0.0, 0.11679612853536596, 0.06920069129515957, 0.09172770611919409, 0.07489992963210028, 0.0, 0.0, 0.14899621190854193, 0.0)",203
7429,20,14,13,"(0.0, 0.0, 0.11679612853536596, 0.06920069129515957, 0.14576354597041338, 0.07489992963210028, 0.0, 0.0, 0.14899621190854193, 0.0)",3
7430,20,14,13,"(0.0, 0.0, 0.11679612853536596, 0.044113141384276085, 0.09172770611919409, 0.07489992963210028, 0.0, 0.0, 0.14899621190854193, 0.0)",2
7431,20,14,13,"(0.0, 0.0, 0.06577150183438396, 0.06920069129515957, 0.09172770611919409, 0.07489992963210028, 0.0, 0.0, 0.14899621190854193, 0.0)",3
7432,20,15,8,"(0.09369258606422372, 0.0, 0.13744484179131938, 0.09247639241939104, 0.07465200933978253, 0.0, 0.06826344941350267, 0.0, 0.0, 0.0)",1
7433,20,15,8,"(0.09369258606422372, 0.0, 0.08950620996642342, 0.09247639241939104, 0.07465200933978253, 0.0, 0.04493042212155302, 0.0, 0.0, 0.0)",4
7434,20,15,8,"(0.09369258606422372, 0.0, 0.08950620996642342, 0.09247639241939104, 0.04242335274453312, 0.0, 0.06826344941350267, 0.0, 0.0, 0.0)",1
7435,20,15,8,"(0.09369258606422372, 0.0, 0.08950620996642342, 0.09247639241939104, 0.07465200933978253, 0.0, 0.06826344941350267, 0.0, 0.0, 0.0)",316
7436,20,15,8,"(0.09369258606422372, 0.0, 0.08950620996642342, 0.09247639241939104, 0.09173902283359818, 0.0, 0.06826344941350267, 0.0, 0.0, 0.0)",19
7437,20,15,8,"(0.09369258606422372, 0.0, 0.08950620996642342, 0.09247639241939104, 0.07465200933978253, 0.0, 0.0661567904053818, 0.0, 0.0, 0.0)",4
7438,20,15,11,"(0.06864901501497714, 0.14970886995698662, 0.0, 0.0, 0.0, 0.04688669779969397, 0.0, 0.08279881135943302, 0.0, 0.01812760691895582)",20
7439,20,15,11,"(0.10846698060306234, 0.06505638160816592, 0.0, 0.0, 0.0, 0.04688669779969397, 0.0, 0.08279881135943302, 0.0, 0.01812760691895582)",4
7440,20,15,11,"(0.09033430006888621, 0.14970886995698662, 0.0, 0.0, 0.0, 0.04688669779969397, 0.0, 0.08279881135943302, 0.0, 0.010539745150974847)",3
7441,20,15,11,"(0.09033430006888621, 0.06505638160816592, 0.0, 0.0, 0.0, 0.03993589079750593, 0.0, 0.08279881135943302, 0.0, 0.014108520326049328)",1
7442,20,15,11,"(0.09033430006888621, 0.06505638160816592, 0.0, 0.0, 0.0, 0.04688669779969397, 0.0, 0.08279881135943302, 0.0, 0.01812760691895582)",268
7443,20,15,11,"(0.09033430006888621, 0.14970886995698662, 0.0, 0.0, 0.0, 0.04688669779969397, 0.0, 0.08279881135943302, 0.0, 0.04136691189794744)",2
7444,20,15,11,"(0.14699210498275112, 0.14970886995698662, 0.0, 0.0, 0.0, 0.04688669779969397, 0.0, 0.08279881135943302, 0.0, 0.01812760691895582)",3
7445,20,15,11,"(0.09033430006888621, 0.14970886995698662, 0.0, 0.0, 0.0, 0.09521583711386265, 0.0, 0.08279881135943302, 0.0, 0.01812760691895582)",1
7446,20,15,11,"(0.09033430006888621, 0.14970886995698662, 0.0, 0.0, 0.0, 0.04688669779969397, 0.0, 0.08279881135943302, 0.0, 0.01812760691895582)",184
7447,20,15,11,"(0.09033430006888621, 0.06505638160816592, 0.0, 0.0, 0.0, 0.04443606388982984, 0.0, 0.10461273178833197, 0.0, 0.01812760691895582)",2
7448,20,15,11,"(0.09033430006888621, 0.07987745084607678, 0.0, 0.0, 0.0, 0.04688669779969397, 0.0, 0.08279881135943302, 0.0, 0.01739073197038904)",1
7449,20,15,13,"(0.0, 0.0, 0.11679612853536596, 0.06920069129515957, 0.09172770611919409, 0.08309991791692489, 0.0, 0.0, 0.14899621190854193, 0.0)",2
7450,20,15,13,"(0.0, 0.0, 0.11679612853536596, 0.06920069129515957, 0.1149658314008499, 0.07489992963210028, 0.0, 0.0, 0.10057585529719179, 0.0)",1
7451,20,15,13,"(0.0, 0.0, 0.11679612853536596, 0.06920069129515957, 0.09172770611919409, 0.07489992963210028, 0.0, 0.0, 0.14899621190854193, 0.0)",172
7452,20,16,8,"(0.09369258606422372, 0.0, 0.08950620996642342, 0.09247639241939104, 0.07465200933978253, 0.0, 0.06826344941350267, 0.0, 0.0, 0.0)",171
7453,20,16,8,"(0.09369258606422372, 0.0, 0.08950620996642342, 0.09247639241939104, 0.09173902283359818, 0.0, 0.06826344941350267, 0.0, 0.0, 0.0)",142
7454,20,16,8,"(0.09369258606422372, 0.0, 0.08950620996642342, 0.1371251115125158, 0.07465200933978253, 0.0, 0.06826344941350267, 0.0, 0.0, 0.0)",13
7455,20,16,11,"(0.09033430006888621, 0.14970886995698662, 0.0, 0.0, 0.0, 0.04688669779969397, 0.0, 0.08279881135943302, 0.0, 0.025197705389912176)",5
7456,20,16,11,"(0.09033430006888621, 0.0720034845091977, 0.0, 0.0, 0.0, 0.044384049015722855, 0.0, 0.08279881135943302, 0.0, 0.01812760691895582)",2
7457,20,16,11,"(0.09033430006888621, 0.06505638160816592, 0.0, 0.0, 0.0, 0.04688669779969397, 0.0, 0.10226128176646508, 0.0, 0.01812760691895582)",1
7458,20,16,11,"(0.07463008460637822, 0.14970886995698662, 0.0, 0.0, 0.0, 0.04688669779969397, 0.0, 0.06540725845881389, 0.0, 0.01812760691895582)",1
7459,20,16,11,"(0.09033430006888621, 0.14970886995698662, 0.0, 0.0, 0.0, 0.02891944607086253, 0.0, 0.08279881135943302, 0.0, 0.01812760691895582)",1
7460,20,16,11,"(0.09033430006888621, 0.14970886995698662, 0.0, 0.0, 0.0, 0.04688669779969397, 0.0, 0.08279881135943302, 0.0, 0.02002408137214566)",1
7461,20,16,11,"(0.09033430006888621, 0.06505638160816592, 0.0, 0.0, 0.0, 0.04688669779969397, 0.0, 0.08279881135943302, 0.0, 0.01812760691895582)",215
7462,20,16,11,"(0.09033430006888621, 0.14970886995698662, 0.0, 0.0, 0.0, 0.04688669779969397, 0.0, 0.08279881135943302, 0.0, 0.02163014113465298)",2
7463,20,16,11,"(0.09281813753116361, 0.10952287422045844, 0.0, 0.0, 0.0, 0.04688669779969397, 0.0, 0.08279881135943302, 0.0, 0.01812760691895582)",1
7464,20,16,11,"(0.09033430006888621, 0.14970886995698662, 0.0, 0.0, 0.0, 0.04688669779969397, 0.0, 0.074462304265057, 0.0, 0.01812760691895582)",1
7465,20,16,11,"(0.09033430006888621, 0.14970886995698662, 0.0, 0.0, 0.0, 0.04688669779969397, 0.0, 0.08279881135943302, 0.0, 0.01812760691895582)",249
7466,20,16,11,"(0.09033430006888621, 0.06505638160816592, 0.0, 0.0, 0.0, 0.04688669779969397, 0.0, 0.08279881135943302, 0.0, 0.020207688044555874)",2
7467,20,16,11,"(0.08408335695589854, 0.06505638160816592, 0.0, 0.0, 0.0, 0.04688669779969397, 0.0, 0.08279881135943302, 0.0, 0.01812760691895582)",3
7468,20,16,11,"(0.09033430006888621, 0.04208059508635397, 0.0, 0.0, 0.0, 0.04688669779969397, 0.0, 0.08279881135943302, 0.0, 0.01812760691895582)",2
7469,20,16,13,"(0.0, 0.0, 0.11679612853536596, 0.06920069129515957, 0.09172770611919409, 0.07489992963210028, 0.0, 0.0, 0.14899621190854193, 0.0)",163
7470,20,16,13,"(0.0, 0.0, 0.11679612853536596, 0.06920069129515957, 0.09172770611919409, 0.11861322506811435, 0.0, 0.0, 0.14899621190854193, 0.0)",1
7471,20,16,13,"(0.0, 0.0, 0.11679612853536596, 0.06920069129515957, 0.09172770611919409, 0.07489992963210028, 0.0, 0.0, 0.23916547738381824, 0.0)",1
7472,20,17,8,"(0.09369258606422372, 0.0, 0.08950620996642342, 0.09247639241939104, 0.07465200933978253, 0.0, 0.13522070527893973, 0.0, 0.0, 0.0)",1
7473,20,17,8,"(0.09369258606422372, 0.0, 0.08950620996642342, 0.09247639241939104, 0.09173902283359818, 0.0, 0.06826344941350267, 0.0, 0.0, 0.0)",50
7474,20,17,8,"(0.09369258606422372, 0.0, 0.08950620996642342, 0.09247639241939104, 0.059245522422153675, 0.0, 0.06826344941350267, 0.0, 0.0, 0.0)",1
7475,20,17,8,"(0.13326263436439845, 0.0, 0.06490409540280749, 0.09247639241939104, 0.07465200933978253, 0.0, 0.06826344941350267, 0.0, 0.0, 0.0)",11
7476,20,17,8,"(0.09369258606422372, 0.0, 0.08950620996642342, 0.09247639241939104, 0.07465200933978253, 0.0, 0.06826344941350267, 0.0, 0.0, 0.0)",203
7477,20,17,11,"(0.09033430006888621, 0.13493929250415623, 0.0, 0.0, 0.0, 0.04688669779969397, 0.0, 0.08279881135943302, 0.0, 0.01812760691895582)",3
7478,20,17,11,"(0.09033430006888621, 0.14970886995698662, 0.0, 0.0, 0.0, 0.033967500720151665, 0.0, 0.08279881135943302, 0.0, 0.01812760691895582)",1
7479,20,17,11,"(0.09033430006888621, 0.06505638160816592, 0.0, 0.0, 0.0, 0.04688669779969397, 0.0, 0.08279881135943302, 0.0, 0.01812760691895582)",378
7480,20,17,11,"(0.11253578068972003, 0.06505638160816592, 0.0, 0.0, 0.0, 0.04688669779969397, 0.0, 0.08279881135943302, 0.0, 0.01812760691895582)",3
7481,20,17,11,"(0.07039190457919677, 0.14970886995698662, 0.0, 0.0, 0.0, 0.047334124748926974, 0.0, 0.0931578156928603, 0.0, 0.01812760691895582)",2
7482,20,17,11,"(0.09033430006888621, 0.06505638160816592, 0.0, 0.0, 0.0, 0.04688669779969397, 0.0, 0.05641786230749359, 0.0, 0.01812760691895582)",2
7483,20,17,11,"(0.09033430006888621, 0.14970886995698662, 0.0, 0.0, 0.0, 0.04688669779969397, 0.0, 0.08279881135943302, 0.0, 0.01812760691895582)",182
7484,20,17,13,"(0.0, 0.0, 0.11679612853536596, 0.06920069129515957, 0.09172770611919409, 0.07489992963210028, 0.0, 0.0, 0.2922824034119749, 0.0)",1
7485,20,17,13,"(0.0, 0.0, 0.11679612853536596, 0.06920069129515957, 0.09172770611919409, 0.05443084438676559, 0.0, 0.0, 0.14899621190854193, 0.0)",4
7486,20,17,13,"(0.0, 0.0, 0.07991579887567933, 0.02317698151964328, 0.09172770611919409, 0.07489992963210028, 0.0, 0.0, 0.30339279907314537, 0.0)",2
7487,20,17,13,"(0.0, 0.0, 0.10921386920996197, 0.05430745234197949, 0.09172770611919409, 0.07489992963210028, 0.0, 0.0, 0.14899621190854193, 0.0)",1
7488,20,17,13,"(0.0, 0.0, 0.11679612853536596, 0.06920069129515957, 0.09172770611919409, 0.07489992963210028, 0.0, 0.0, 0.14899621190854193, 0.0)",146
7489,20,17,13,"(0.0, 0.0, 0.11679612853536596, 0.05033295695964743, 0.09172770611919409, 0.07489992963210028, 0.0, 0.0, 0.14899621190854193, 0.0)",1
7490,20,18,8,"(0.06843276949679002, 0.0, 0.08950620996642342, 0.09247639241939104, 0.07465200933978253, 0.0, 0.0857250247018303, 0.0, 0.0, 0.0)",1
7491,20,18,8,"(0.09369258606422372, 0.0, 0.08950620996642342, 0.09247639241939104, 0.09173902283359818, 0.0, 0.06826344941350267, 0.0, 0.0, 0.0)",41
7492,20,18,8,"(0.09369258606422372, 0.0, 0.06085731328865374, 0.09247639241939104, 0.07465200933978253, 0.0, 0.06826344941350267, 0.0, 0.0, 0.0)",1
7493,20,18,8,"(0.09369258606422372, 0.0, 0.08950620996642342, 0.09247639241939104, 0.09288722876315951, 0.0, 0.06826344941350267, 0.0, 0.0, 0.0)",1
7494,20,18,8,"(0.09369258606422372, 0.0, 0.08950620996642342, 0.09247639241939104, 0.07465200933978253, 0.0, 0.06826344941350267, 0.0, 0.0, 0.0)",307
7495,20,18,8,"(0.09369258606422372, 0.0, 0.08950620996642342, 0.09247639241939104, 0.08944409412003745, 0.0, 0.06826344941350267, 0.0, 0.0, 0.0)",1
7496,20,18,11,"(0.09033430006888621, 0.14970886995698662, 0.0, 0.0, 0.0, 0.03817574360984312, 0.0, 0.08279881135943302, 0.0, 0.01812760691895582)",7
7497,20,18,11,"(0.11642427162819424, 0.14970886995698662, 0.0, 0.0, 0.0, 0.051548873715099995, 0.0, 0.08279881135943302, 0.0, 0.01812760691895582)",20
7498,20,18,11,"(0.09033430006888621, 0.14970886995698662, 0.0, 0.0, 0.0, 0.04688669779969397, 0.0, 0.1300510899596426, 0.0, 0.01812760691895582)",1
7499,20,18,11,"(0.09033430006888621, 0.14970886995698662, 0.0, 0.0, 0.0, 0.04688669779969397, 0.0, 0.08279881135943302, 0.0, 0.01812760691895582)",356
7500,20,18,11,"(0.09033430006888621, 0.20785159715914203, 0.0, 0.0, 0.0, 0.04688669779969397, 0.0, 0.06790123067211518, 0.0, 0.01812760691895582)",1
7501,20,18,11,"(0.09033430006888621, 0.15973645250544033, 0.0, 0.0, 0.0, 0.038841323285335586, 0.0, 0.08279881135943302, 0.0, 0.01812760691895582)",1
7502,20,18,11,"(0.09033430006888621, 0.14970886995698662, 0.0, 0.0, 0.0, 0.04688669779969397, 0.0, 0.08279881135943302, 0.0, 0.03052801030530214)",1
7503,20,18,11,"(0.09033430006888621, 0.14970886995698662, 0.0, 0.0, 0.0, 0.051548873715099995, 0.0, 0.08279881135943302, 0.0, 0.01812760691895582)",31
7504,20,18,13,"(0.0, 0.0, 0.11679612853536596, 0.06920069129515957, 0.09172770611919409, 0.07489992963210028, 0.0, 0.0, 0.14899621190854193, 0.0)",175
7505,20,19,8,"(0.09369258606422372, 0.0, 0.08950620996642342, 0.09247639241939104, 0.07465200933978253, 0.0, 0.06826344941350267, 0.0, 0.0, 0.0)",331
7506,20,19,8,"(0.09369258606422372, 0.0, 0.08950620996642342, 0.09247639241939104, 0.10047056023679593, 0.0, 0.06826344941350267, 0.0, 0.0, 0.0)",1
7507,20,19,8,"(0.15680104910555173, 0.0, 0.08950620996642342, 0.10952635272585706, 0.07465200933978253, 0.0, 0.060097072289367656, 0.0, 0.0, 0.0)",1
7508,20,19,8,"(0.09369258606422372, 0.0, 0.08950620996642342, 0.09247639241939104, 0.09173902283359818, 0.0, 0.06826344941350267, 0.0, 0.0, 0.0)",7
7509,20,19,8,"(0.10262368824228094, 0.0, 0.09863650617628766, 0.09247639241939104, 0.07465200933978253, 0.0, 0.06826344941350267, 0.0, 0.0, 0.0)",1
7510,20,19,8,"(0.09369258606422372, 0.0, 0.07862811896480272, 0.06477064644923305, 0.07465200933978253, 0.0, 0.06826344941350267, 0.0, 0.0, 0.0)",2
7511,20,19,11,"(0.09033430006888621, 0.14970886995698662, 0.0, 0.0, 0.0, 0.051548873715099995, 0.0, 0.08279881135943302, 0.0, 0.01812760691895582)",54
7512,20,19,11,"(0.09033430006888621, 0.14970886995698662, 0.0, 0.0, 0.0, 0.04688669779969397, 0.0, 0.08279881135943302, 0.0, 0.01812760691895582)",349
7513,20,19,11,"(0.09033430006888621, 0.2309972622642807, 0.0, 0.0, 0.0, 0.04688669779969397, 0.0, 0.08279881135943302, 0.0, 0.01812760691895582)",1
7514,20,19,11,"(0.09033430006888621, 0.14970886995698662, 0.0, 0.0, 0.0, 0.04688669779969397, 0.0, 0.08993289365370498, 0.0, 0.01812760691895582)",1
7515,20,19,11,"(0.09033430006888621, 0.14970886995698662, 0.0, 0.0, 0.0, 0.04688669779969397, 0.0, 0.050477631675454666, 0.0, 0.01812760691895582)",2
7516,20,19,11,"(0.09033430006888621, 0.14970886995698662, 0.0, 0.0, 0.0, 0.04688669779969397, 0.0, 0.03945158614443896, 0.0, 0.01812760691895582)",1
7517,20,19,13,"(0.0, 0.0, 0.11679612853536596, 0.06920069129515957, 0.09172770611919409, 0.07489992963210028, 0.0, 0.0, 0.14899621190854193, 0.0)",141
7518,20,19,13,"(0.0, 0.0, 0.11679612853536596, 0.06577870945692167, 0.07466560739176202, 0.07489992963210028, 0.0, 0.0, 0.14899621190854193, 0.0)",36
7519,20,20,8,"(0.09369258606422372, 0.0, 0.08950620996642342, 0.09247639241939104, 0.09173902283359818, 0.0, 0.06826344941350267, 0.0, 0.0, 0.0)",162
7520,20,20,8,"(0.08186363905140098, 0.0, 0.08950620996642342, 0.0871390685083365, 0.1659620107928099, 0.0, 0.05150062099604733, 0.0, 0.0, 0.0)",1
7521,20,20,8,"(0.09369258606422372, 0.0, 0.02764617299481961, 0.0447816403776632, 0.09407777546105386, 0.0, 0.06826344941350267, 0.0, 0.0, 0.0)",1
7522,20,20,8,"(0.09369258606422372, 0.0, 0.09295666978715689, 0.09247639241939104, 0.07465200933978253, 0.0, 0.06826344941350267, 0.0, 0.0, 0.0)",11
7523,20,20,8,"(0.09369258606422372, 0.0, 0.04914588915442469, 0.09247639241939104, 0.07465200933978253, 0.0, 0.06826344941350267, 0.0, 0.0, 0.0)",1
7524,20,20,8,"(0.09369258606422372, 0.0, 0.08950620996642342, 0.09247639241939104, 0.07465200933978253, 0.0, 0.06826344941350267, 0.0, 0.0, 0.0)",159
7525,20,20,8,"(0.09369258606422372, 0.0, 0.08950620996642342, 0.09247639241939104, 0.09173902283359818, 0.0, 0.08520596638816288, 0.0, 0.0, 0.0)",1
7526,20,20,8,"(0.09369258606422372, 0.0, 0.08950620996642342, 0.09247639241939104, 0.05738135650507805, 0.0, 0.06826344941350267, 0.0, 0.0, 0.0)",1
7527,20,20,11,"(0.09033430006888621, 0.1691543563555107, 0.0, 0.0, 0.0, 0.04688669779969397, 0.0, 0.08279881135943302, 0.0, 0.01812760691895582)",1
7528,20,20,11,"(0.09033430006888621, 0.08294016722470471, 0.0, 0.0, 0.0, 0.04688669779969397, 0.0, 0.08279881135943302, 0.0, 0.01812760691895582)",2
7529,20,20,11,"(0.09033430006888621, 0.14970886995698662, 0.0, 0.0, 0.0, 0.051548873715099995, 0.0, 0.08279881135943302, 0.0, 0.01812760691895582)",12
7530,20,20,11,"(0.09033430006888621, 0.14970886995698662, 0.0, 0.0, 0.0, 0.04688669779969397, 0.0, 0.08279881135943302, 0.0, 0.013209106851684175)",17
7531,20,20,11,"(0.09033430006888621, 0.14970886995698662, 0.0, 0.0, 0.0, 0.04688669779969397, 0.0, 0.08279881135943302, 0.0, 0.009254350506304507)",2
7532,20,20,11,"(0.09033430006888621, 0.14970886995698662, 0.0, 0.0, 0.0, 0.05805425426190232, 0.0, 0.08279881135943302, 0.0, 0.01812760691895582)",1
7533,20,20,11,"(0.09033430006888621, 0.14970886995698662, 0.0, 0.0, 0.0, 0.04688669779969397, 0.0, 0.08279881135943302, 0.0, 0.01812760691895582)",403
7534,20,20,13,"(0.0, 0.0, 0.06398271653459259, 0.06920069129515957, 0.09172770611919409, 0.07489992963210028, 0.0, 0.0, 0.1413619278472375, 0.0)",1
7535,20,20,13,"(0.0, 0.0, 0.11679612853536596, 0.06920069129515957, 0.09172770611919409, 0.07489992963210028, 0.0, 0.0, 0.14899621190854193, 0.0)",169
7536,21,0,8,"(0.10238555672916044, 0.0, 0.08950620996642342, 0.09247639241939104, 0.09173902283359818, 0.0, 0.06826344941350267, 0.0, 0.0, 0.0)",82
7537,21,0,8,"(0.09369258606422372, 0.0, 0.08950620996642342, 0.09247639241939104, 0.09173902283359818, 0.0, 0.06826344941350267, 0.0, 0.0, 0.0)",215
7538,21,0,8,"(0.10381068558304035, 0.0, 0.08950620996642342, 0.09247639241939104, 0.09173902283359818, 0.0, 0.07748231674187876, 0.0, 0.0, 0.0)",2
7539,21,0,8,"(0.09369258606422372, 0.0, 0.13604014235089978, 0.09247639241939104, 0.18146135777048186, 0.0, 0.09795690763962041, 0.0, 0.0, 0.0)",2
7540,21,0,8,"(0.10238555672916044, 0.0, 0.08950620996642342, 0.061677715841259084, 0.09173902283359818, 0.0, 0.06826344941350267, 0.0, 0.0, 0.0)",1
7541,21,0,8,"(0.09369258606422372, 0.0, 0.08950620996642342, 0.09247639241939104, 0.09173902283359818, 0.0, 0.14141265979481085, 0.0, 0.0, 0.0)",1
7542,21,0,8,"(0.09369258606422372, 0.0, 0.08950620996642342, 0.09247639241939104, 0.07465200933978253, 0.0, 0.06826344941350267, 0.0, 0.0, 0.0)",39
7543,21,0,11,"(0.09033430006888621, 0.14970886995698662, 0.0, 0.0, 0.0, 0.04688669779969397, 0.0, 0.07984494770327444, 0.0, 0.01812760691895582)",52
7544,21,0,11,"(0.09033430006888621, 0.14970886995698662, 0.0, 0.0, 0.0, 0.04688669779969397, 0.0, 0.08279881135943302, 0.0, 0.0089322989849414)",1
7545,21,0,11,"(0.09033430006888621, 0.14970886995698662, 0.0, 0.0, 0.0, 0.04688669779969397, 0.0, 0.0663107333224948, 0.0, 0.01812760691895582)",9
7546,21,0,11,"(0.09033430006888621, 0.14970886995698662, 0.0, 0.0, 0.0, 0.04688669779969397, 0.0, 0.08279881135943302, 0.0, 0.01574573013209903)",1
7547,21,0,11,"(0.09033430006888621, 0.14970886995698662, 0.0, 0.0, 0.0, 0.04688669779969397, 0.0, 0.08279881135943302, 0.0, 0.01812760691895582)",217
7548,21,0,11,"(0.09033430006888621, 0.14970886995698662, 0.0, 0.0, 0.0, 0.04815718114689509, 0.0, 0.08279881135943302, 0.0, 0.011924326680554796)",119
7549,21,0,11,"(0.09033430006888621, 0.14970886995698662, 0.0, 0.0, 0.0, 0.04688669779969397, 0.0, 0.08865744187652749, 0.0, 0.01812760691895582)",1
7550,21,0,13,"(0.0, 0.0, 0.11679612853536596, 0.06920069129515957, 0.09172770611919409, 0.07489992963210028, 0.0, 0.0, 0.14899621190854193, 0.0)",164
7551,21,1,8,"(0.09369258606422372, 0.0, 0.08950620996642342, 0.09247639241939104, 0.09173902283359818, 0.0, 0.06826344941350267, 0.0, 0.0, 0.0)",250
7552,21,1,8,"(0.09369258606422372, 0.0, 0.07715508706843344, 0.09247639241939104, 0.09173902283359818, 0.0, 0.06826344941350267, 0.0, 0.0, 0.0)",2
7553,21,1,8,"(0.16820555335553677, 0.0, 0.08950620996642342, 0.09247639241939104, 0.09173902283359818, 0.0, 0.06826344941350267, 0.0, 0.0, 0.0)",1
7554,21,1,8,"(0.12131802361100856, 0.0, 0.08950620996642342, 0.09247639241939104, 0.1255654177407281, 0.0, 0.06826344941350267, 0.0, 0.0, 0.0)",4
7555,21,1,8,"(0.09369258606422372, 0.0, 0.08950620996642342, 0.09247639241939104, 0.07465200933978253, 0.0, 0.06826344941350267, 0.0, 0.0, 0.0)",42
7556,21,1,8,"(0.09369258606422372, 0.0, 0.08133354663710626, 0.09247639241939104, 0.1083005268664702, 0.0, 0.06826344941350267, 0.0, 0.0, 0.0)",1
7557,21,1,11,"(0.09033430006888621, 0.14970886995698662, 0.0, 0.0, 0.0, 0.04688669779969397, 0.0, 0.07984494770327444, 0.0, 0.01812760691895582)",273
7558,21,1,11,"(0.09033430006888621, 0.08671931614301463, 0.0, 0.0, 0.0, 0.04688669779969397, 0.0, 0.08279881135943302, 0.0, 0.01812760691895582)",13
7559,21,1,11,"(0.09033430006888621, 0.14970886995698662, 0.0, 0.0, 0.0, 0.04688669779969397, 0.0, 0.09383078853034137, 0.0, 0.01812760691895582)",1
7560,21,1,11,"(0.09033430006888621, 0.14970886995698662, 0.0, 0.0, 0.0, 0.04688669779969397, 0.0, 0.10440932992585623, 0.0, 0.01812760691895582)",1
7561,21,1,11,"(0.09033430006888621, 0.14970886995698662, 0.0, 0.0, 0.0, 0.04688669779969397, 0.0, 0.07223317669700578, 0.0, 0.01812760691895582)",1
7562,21,1,11,"(0.09033430006888621, 0.14970886995698662, 0.0, 0.0, 0.0, 0.04688669779969397, 0.0, 0.08279881135943302, 0.0, 0.01812760691895582)",261
7563,21,1,11,"(0.09033430006888621, 0.2740441967211315, 0.0, 0.0, 0.0, 0.04688669779969397, 0.0, 0.073507411193413, 0.0, 0.01877570574131285)",1
7564,21,1,11,"(0.09033430006888621, 0.14970886995698662, 0.0, 0.0, 0.0, 0.04688669779969397, 0.0, 0.08617737720906388, 0.0, 0.01812760691895582)",3
7565,21,1,13,"(0.0, 0.0, 0.11679612853536596, 0.06920069129515957, 0.09172770611919409, 0.07489992963210028, 0.0, 0.0, 0.14899621190854193, 0.0)",181
7566,21,2,8,"(0.09369258606422372, 0.0, 0.08950620996642342, 0.09247639241939104, 0.09173902283359818, 0.0, 0.06826344941350267, 0.0, 0.0, 0.0)",251
7567,21,2,8,"(0.10238555672916044, 0.0, 0.08950620996642342, 0.09247639241939104, 0.09173902283359818, 0.0, 0.08059657352947193, 0.0, 0.0, 0.0)",5
7568,21,2,8,"(0.10149898789907823, 0.0, 0.08950620996642342, 0.09247639241939104, 0.06841059962229402, 0.0, 0.06826344941350267, 0.0, 0.0, 0.0)",1
7569,21,2,8,"(0.10238555672916044, 0.0, 0.08950620996642342, 0.09247639241939104, 0.09173902283359818, 0.0, 0.06826344941350267, 0.0, 0.0, 0.0)",46
7570,21,2,8,"(0.0690925258359094, 0.0, 0.08950620996642342, 0.09247639241939104, 0.09173902283359818, 0.0, 0.06826344941350267, 0.0, 0.0, 0.0)",3
7571,21,2,8,"(0.08548886952355345, 0.0, 0.08950620996642342, 0.09247639241939104, 0.09173902283359818, 0.0, 0.06826344941350267, 0.0, 0.0, 0.0)",5
7572,21,2,8,"(0.09369258606422372, 0.0, 0.08950620996642342, 0.060596358288616425, 0.1333162737873972, 0.0, 0.06826344941350267, 0.0, 0.0, 0.0)",1
7573,21,2,11,"(0.09033430006888621, 0.14970886995698662, 0.0, 0.0, 0.0, 0.04688669779969397, 0.0, 0.08279881135943302, 0.0, 0.012927725654080315)",1
7574,21,2,11,"(0.09033430006888621, 0.14970886995698662, 0.0, 0.0, 0.0, 0.10352076877679207, 0.0, 0.08279881135943302, 0.0, 0.01812760691895582)",1
7575,21,2,11,"(0.09033430006888621, 0.14970886995698662, 0.0, 0.0, 0.0, 0.04688669779969397, 0.0, 0.05888937420266716, 0.0, 0.01812760691895582)",2
7576,21,2,11,"(0.04767257646142969, 0.14970886995698662, 0.0, 0.0, 0.0, 0.04688669779969397, 0.0, 0.08279881135943302, 0.0, 0.01812760691895582)",1
7577,21,2,11,"(0.09033430006888621, 0.14970886995698662, 0.0, 0.0, 0.0, 0.04688669779969397, 0.0, 0.07984494770327444, 0.0, 0.01812760691895582)",41
7578,21,2,11,"(0.09033430006888621, 0.14970886995698662, 0.0, 0.0, 0.0, 0.04688669779969397, 0.0, 0.08279881135943302, 0.0, 0.01812760691895582)",361
7579,21,2,11,"(0.09033430006888621, 0.14970886995698662, 0.0, 0.0, 0.0, 0.04688669779969397, 0.0, 0.16244047784353413, 0.0, 0.01812760691895582)",1
7580,21,2,11,"(0.09033430006888621, 0.14970886995698662, 0.0, 0.0, 0.0, 0.04815718114689509, 0.0, 0.08279881135943302, 0.0, 0.011924326680554796)",14
7581,21,2,13,"(0.0, 0.0, 0.11679612853536596, 0.06562015322716097, 0.09172770611919409, 0.08206470649203415, 0.0, 0.0, 0.3191942051648429, 0.0)",1
7582,21,2,13,"(0.0, 0.0, 0.11679612853536596, 0.06920069129515957, 0.09172770611919409, 0.07489992963210028, 0.0, 0.0, 0.14899621190854193, 0.0)",188
7583,21,3,8,"(0.09369258606422372, 0.0, 0.08950620996642342, 0.09247639241939104, 0.07465200933978253, 0.0, 0.06826344941350267, 0.0, 0.0, 0.0)",263
7584,21,3,8,"(0.09369258606422372, 0.0, 0.08950620996642342, 0.09247639241939104, 0.05042126210868942, 0.0, 0.06826344941350267, 0.0, 0.0, 0.0)",34
7585,21,3,8,"(0.09369258606422372, 0.0, 0.14278451280822874, 0.09247639241939104, 0.07465200933978253, 0.0, 0.06826344941350267, 0.0, 0.0, 0.0)",1
7586,21,3,8,"(0.09369258606422372, 0.0, 0.08950620996642342, 0.09247639241939104, 0.07465200933978253, 0.0, 0.03982535465680445, 0.0, 0.0, 0.0)",11
7587,21,3,8,"(0.09369258606422372, 0.0, 0.08950620996642342, 0.07206948421010818, 0.07465200933978253, 0.0, 0.06826344941350267, 0.0, 0.0, 0.0)",1
7588,21,3,8,"(0.09369258606422372, 0.0, 0.08950620996642342, 0.09247639241939104, 0.07465200933978253, 0.0, 0.07877539598428857, 0.0, 0.0, 0.0)",5
7589,21,3,11,"(0.09033430006888621, 0.14970886995698662, 0.0, 0.0, 0.0, 0.05265923338903454, 0.0, 0.08279881135943302, 0.0, 0.01812760691895582)",2
7590,21,3,11,"(0.09033430006888621, 0.14970886995698662, 0.0, 0.0, 0.0, 0.08001614312078756, 0.0, 0.08279881135943302, 0.0, 0.01812760691895582)",2
7591,21,3,11,"(0.08679408123595618, 0.14970886995698662, 0.0, 0.0, 0.0, 0.04688669779969397, 0.0, 0.09448481148387522, 0.0, 0.00960383586049434)",1
7592,21,3,11,"(0.09033430006888621, 0.14970886995698662, 0.0, 0.0, 0.0, 0.051548873715099995, 0.0, 0.04257266775492416, 0.0, 0.01812760691895582)",5
7593,21,3,11,"(0.09033430006888621, 0.14970886995698662, 0.0, 0.0, 0.0, 0.051548873715099995, 0.0, 0.08279881135943302, 0.0, 0.013964263949443)",2
7594,21,3,11,"(0.09033430006888621, 0.14970886995698662, 0.0, 0.0, 0.0, 0.08469034794270662, 0.0, 0.08279881135943302, 0.0, 0.01812760691895582)",1
7595,21,3,11,"(0.09033430006888621, 0.14970886995698662, 0.0, 0.0, 0.0, 0.051548873715099995, 0.0, 0.08279881135943302, 0.0, 0.01812760691895582)",232
7596,21,3,11,"(0.034952071850757306, 0.14970886995698662, 0.0, 0.0, 0.0, 0.04688669779969397, 0.0, 0.08279881135943302, 0.0, 0.01812760691895582)",1
7597,21,3,11,"(0.09033430006888621, 0.14970886995698662, 0.0, 0.0, 0.0, 0.04688669779969397, 0.0, 0.08279881135943302, 0.0, 0.01812760691895582)",250
7598,21,3,11,"(0.09033430006888621, 0.14970886995698662, 0.0, 0.0, 0.0, 0.051548873715099995, 0.0, 0.11338566636030552, 0.0, 0.01812760691895582)",1
7599,21,3,13,"(0.0, 0.0, 0.11679612853536596, 0.06920069129515957, 0.09172770611919409, 0.12990233365341988, 0.0, 0.0, 0.14899621190854193, 0.0)",1
7600,21,3,13,"(0.0, 0.0, 0.11679612853536596, 0.06920069129515957, 0.12139325899861932, 0.1059763714865135, 0.0, 0.0, 0.14899621190854193, 0.0)",2
7601,21,3,13,"(0.0, 0.0, 0.11679612853536596, 0.06920069129515957, 0.09172770611919409, 0.07489992963210028, 0.0, 0.0, 0.17971787968199635, 0.0)",2
7602,21,3,13,"(0.0, 0.0, 0.11679612853536596, 0.06920069129515957, 0.1388165155110852, 0.07489992963210028, 0.0, 0.0, 0.14899621190854193, 0.0)",9
7603,21,3,13,"(0.0, 0.0, 0.11679612853536596, 0.06920069129515957, 0.09172770611919409, 0.07489992963210028, 0.0, 0.0, 0.14899621190854193, 0.0)",176
7604,21,3,13,"(0.0, 0.0, 0.11679612853536596, 0.06920069129515957, 0.09172770611919409, 0.05934038516621995, 0.0, 0.0, 0.14899621190854193, 0.0)",2
7605,21,4,8,"(0.09369258606422372, 0.0, 0.08950620996642342, 0.09247639241939104, 0.05042126210868942, 0.0, 0.06826344941350267, 0.0, 0.0, 0.0)",134
7606,21,4,8,"(0.09369258606422372, 0.0, 0.08950620996642342, 0.09247639241939104, 0.07465200933978253, 0.0, 0.06826344941350267, 0.0, 0.0, 0.0)",180
7607,21,4,11,"(0.09033430006888621, 0.14970886995698662, 0.0, 0.0, 0.0, 0.04688669779969397, 0.0, 0.08279881135943302, 0.0, 0.01812760691895582)",285
7608,21,4,11,"(0.059529458323843064, 0.06329104298926311, 0.0, 0.0, 0.0, 0.06386963076791863, 0.0, 0.08279881135943302, 0.0, 0.012119510727770545)",1
7609,21,4,11,"(0.09033430006888621, 0.14970886995698662, 0.0, 0.0, 0.0, 0.041951999518294494, 0.0, 0.08279881135943302, 0.0, 0.01812760691895582)",1
7610,21,4,11,"(0.09033430006888621, 0.14970886995698662, 0.0, 0.0, 0.0, 0.04688669779969397, 0.0, 0.1253058857667569, 0.0, 0.01812760691895582)",1
7611,21,4,11,"(0.09033430006888621, 0.14970886995698662, 0.0, 0.0, 0.0, 0.04688669779969397, 0.0, 0.0828975583536865, 0.0, 0.01812760691895582)",1
7612,21,4,11,"(0.07119501708986374, 0.14970886995698662, 0.0, 0.0, 0.0, 0.04688669779969397, 0.0, 0.08279881135943302, 0.0, 0.01812760691895582)",1
7613,21,4,11,"(0.09033430006888621, 0.14970886995698662, 0.0, 0.0, 0.0, 0.04276290664243703, 0.0, 0.08279881135943302, 0.0, 0.01812760691895582)",4
7614,21,4,11,"(0.07299209589384024, 0.14970886995698662, 0.0, 0.0, 0.0, 0.04688669779969397, 0.0, 0.08279881135943302, 0.0, 0.01812760691895582)",3
7615,21,4,11,"(0.09033430006888621, 0.14970886995698662, 0.0, 0.0, 0.0, 0.051548873715099995, 0.0, 0.08279881135943302, 0.0, 0.01812760691895582)",126
7616,21,4,11,"(0.09033430006888621, 0.1271244795487888, 0.0, 0.0, 0.0, 0.04688669779969397, 0.0, 0.08279881135943302, 0.0, 0.01812760691895582)",1
7617,21,4,13,"(0.0, 0.0, 0.11679612853536596, 0.08243270926757867, 0.09172770611919409, 0.07489992963210028, 0.0, 0.0, 0.14899621190854193, 0.0)",2
7618,21,4,13,"(0.0, 0.0, 0.11679612853536596, 0.06920069129515957, 0.09172770611919409, 0.07489992963210028, 0.0, 0.0, 0.14899621190854193, 0.0)",190
7619,21,5,8,"(0.09369258606422372, 0.0, 0.08950620996642342, 0.09247639241939104, 0.05042126210868942, 0.0, 0.06826344941350267, 0.0, 0.0, 0.0)",53
7620,21,5,8,"(0.09369258606422372, 0.0, 0.08950620996642342, 0.09247639241939104, 0.06951637158735595, 0.0, 0.06826344941350267, 0.0, 0.0, 0.0)",2
7621,21,5,8,"(0.11137329784655785, 0.0, 0.08950620996642342, 0.05323965713149018, 0.07465200933978253, 0.0, 0.06826344941350267, 0.0, 0.0, 0.0)",1
7622,21,5,8,"(0.09369258606422372, 0.0, 0.08950620996642342, 0.09247639241939104, 0.07465200933978253, 0.0, 0.06826344941350267, 0.0, 0.0, 0.0)",293
7623,21,5,8,"(0.09369258606422372, 0.0, 0.08950620996642342, 0.1278459222789153, 0.07465200933978253, 0.0, 0.06826344941350267, 0.0, 0.0, 0.0)",2
7624,21,5,8,"(0.08877701937736869, 0.0, 0.08950620996642342, 0.09247639241939104, 0.05042126210868942, 0.0, 0.06826344941350267, 0.0, 0.0, 0.0)",1
7625,21,5,11,"(0.09033430006888621, 0.1459253187574796, 0.0, 0.0, 0.0, 0.051548873715099995, 0.0, 0.0672161013924524, 0.0, 0.013730453798478877)",1
7626,21,5,11,"(0.09033430006888621, 0.14281014632467282, 0.0, 0.0, 0.0, 0.04688669779969397, 0.0, 0.08279881135943302, 0.0, 0.01812760691895582)",1
7627,21,5,11,"(0.09033430006888621, 0.14970886995698662, 0.0, 0.0, 0.0, 0.04688669779969397, 0.0, 0.08279881135943302, 0.0, 0.01812760691895582)",298
7628,21,5,11,"(0.09033430006888621, 0.14970886995698662, 0.0, 0.0, 0.0, 0.07585715902380102, 0.0, 0.08279881135943302, 0.0, 0.01812760691895582)",2
7629,21,5,11,"(0.09033430006888621, 0.30701264361570557, 0.0, 0.0, 0.0, 0.04688669779969397, 0.0, 0.08279881135943302, 0.0, 0.01812760691895582)",2
7630,21,5,11,"(0.09033430006888621, 0.14970886995698662, 0.0, 0.0, 0.0, 0.051548873715099995, 0.0, 0.04897824213454159, 0.0, 0.01812760691895582)",2
7631,21,5,11,"(0.09033430006888621, 0.14970886995698662, 0.0, 0.0, 0.0, 0.051548873715099995, 0.0, 0.08279881135943302, 0.0, 0.01812760691895582)",126
7632,21,5,11,"(0.09033430006888621, 0.09240577900891339, 0.0, 0.0, 0.0, 0.051548873715099995, 0.0, 0.08279881135943302, 0.0, 0.01812760691895582)",1
7633,21,5,11,"(0.09033430006888621, 0.1459253187574796, 0.0, 0.0, 0.0, 0.051548873715099995, 0.0, 0.08279881135943302, 0.0, 0.013730453798478877)",8
7634,21,5,13,"(0.0, 0.0, 0.11679612853536596, 0.06920069129515957, 0.09172770611919409, 0.056532692192615655, 0.0, 0.0, 0.14899621190854193, 0.0)",1
7635,21,5,13,"(0.0, 0.0, 0.11679612853536596, 0.06920069129515957, 0.09172770611919409, 0.10042809260893609, 0.0, 0.0, 0.14899621190854193, 0.0)",1
7636,21,5,13,"(0.0, 0.0, 0.11679612853536596, 0.06920069129515957, 0.09172770611919409, 0.07489992963210028, 0.0, 0.0, 0.17240971174337202, 0.0)",1
7637,21,5,13,"(0.0, 0.0, 0.11679612853536596, 0.06920069129515957, 0.09172770611919409, 0.07489992963210028, 0.0, 0.0, 0.14899621190854193, 0.0)",193
7638,21,6,8,"(0.09369258606422372, 0.0, 0.08950620996642342, 0.09247639241939104, 0.09173902283359818, 0.0, 0.07477069017630374, 0.0, 0.0, 0.0)",1
7639,21,6,8,"(0.09369258606422372, 0.0, 0.08950620996642342, 0.09247639241939104, 0.14594489241275482, 0.0, 0.06826344941350267, 0.0, 0.0, 0.0)",4
7640,21,6,8,"(0.10707996182248933, 0.0, 0.08950620996642342, 0.09247639241939104, 0.07465200933978253, 0.0, 0.0372700240862936, 0.0, 0.0, 0.0)",23
7641,21,6,8,"(0.10707996182248933, 0.0, 0.08950620996642342, 0.09247639241939104, 0.07465200933978253, 0.0, 0.027633172667569296, 0.0, 0.0, 0.0)",19
7642,21,6,8,"(0.09106333812170532, 0.0, 0.08950620996642342, 0.09247639241939104, 0.09173902283359818, 0.0, 0.06826344941350267, 0.0, 0.0, 0.0)",1
7643,21,6,8,"(0.09369258606422372, 0.0, 0.08950620996642342, 0.09247639241939104, 0.07465200933978253, 0.0, 0.06826344941350267, 0.0, 0.0, 0.0)",156
7644,21,6,8,"(0.09369258606422372, 0.0, 0.08950620996642342, 0.09247639241939104, 0.09173902283359818, 0.0, 0.06826344941350267, 0.0, 0.0, 0.0)",130
7645,21,6,11,"(0.055556529858299925, 0.14970886995698662, 0.0, 0.0, 0.0, 0.04688669779969397, 0.0, 0.08279881135943302, 0.0, 0.01812760691895582)",2
7646,21,6,11,"(0.09033430006888621, 0.14970886995698662, 0.0, 0.0, 0.0, 0.04688669779969397, 0.0, 0.10291020885146494, 0.0, 0.01812760691895582)",1
7647,21,6,11,"(0.21544848362539168, 0.14970886995698662, 0.0, 0.0, 0.0, 0.04688669779969397, 0.0, 0.06052958955222597, 0.0, 0.01812760691895582)",2
7648,21,6,11,"(0.09033430006888621, 0.11782793493263974, 0.0, 0.0, 0.0, 0.04688669779969397, 0.0, 0.08279881135943302, 0.0, 0.01812760691895582)",6
7649,21,6,11,"(0.09033430006888621, 0.14970886995698662, 0.0, 0.0, 0.0, 0.05129377550000273, 0.0, 0.08279881135943302, 0.0, 0.01812760691895582)",1
7650,21,6,11,"(0.09033430006888621, 0.14970886995698662, 0.0, 0.0, 0.0, 0.04688669779969397, 0.0, 0.08279881135943302, 0.0, 0.01812760691895582)",452
7651,21,6,11,"(0.09033430006888621, 0.14388528690891833, 0.0, 0.0, 0.0, 0.047425421498464924, 0.0, 0.08279881135943302, 0.0, 0.01812760691895582)",2
7652,21,6,11,"(0.09033430006888621, 0.14970886995698662, 0.0, 0.0, 0.0, 0.04688669779969397, 0.0, 0.057918386224056574, 0.0, 0.01812760691895582)",1
7653,21,6,13,"(0.0, 0.0, 0.044289980069268736, 0.08193854300621167, 0.09172770611919409, 0.07489992963210028, 0.0, 0.0, 0.14899621190854193, 0.0)",1
7654,21,6,13,"(0.0, 0.0, 0.11679612853536596, 0.06920069129515957, 0.09172770611919409, 0.07489992963210028, 0.0, 0.0, 0.16978501504785945, 0.0)",1
7655,21,6,13,"(0.0, 0.0, 0.11679612853536596, 0.06920069129515957, 0.09172770611919409, 0.07052023507285823, 0.0, 0.0, 0.14899621190854193, 0.0)",1
7656,21,6,13,"(0.0, 0.0, 0.11679612853536596, 0.06920069129515957, 0.09172770611919409, 0.04396577781479617, 0.0, 0.0, 0.14899621190854193, 0.0)",1
7657,21,6,13,"(0.0, 0.0, 0.11679612853536596, 0.06920069129515957, 0.09172770611919409, 0.07489992963210028, 0.0, 0.0, 0.14899621190854193, 0.0)",178
7658,21,7,8,"(0.09369258606422372, 0.0, 0.08950620996642342, 0.07705211490870335, 0.07465200933978253, 0.0, 0.06826344941350267, 0.0, 0.0, 0.0)",41
7659,21,7,8,"(0.09369258606422372, 0.0, 0.08950620996642342, 0.09247639241939104, 0.09172139821633006, 0.0, 0.06826344941350267, 0.0, 0.0, 0.0)",1
7660,21,7,8,"(0.09369258606422372, 0.0, 0.08950620996642342, 0.09247639241939104, 0.07465200933978253, 0.0, 0.06826344941350267, 0.0, 0.0, 0.0)",155
7661,21,7,8,"(0.09369258606422372, 0.0, 0.08950620996642342, 0.09247639241939104, 0.09173902283359818, 0.0, 0.06826344941350267, 0.0, 0.0, 0.0)",126
7662,21,7,8,"(0.09369258606422372, 0.0, 0.08950620996642342, 0.09247639241939104, 0.17377767585229742, 0.0, 0.0531514902091964, 0.0, 0.0, 0.0)",1
7663,21,7,8,"(0.09369258606422372, 0.0, 0.08950620996642342, 0.09247639241939104, 0.09210173827478553, 0.0, 0.06826344941350267, 0.0, 0.0, 0.0)",1
7664,21,7,8,"(0.09369258606422372, 0.0, 0.08950620996642342, 0.11750444402181769, 0.07465200933978253, 0.0, 0.06826344941350267, 0.0, 0.0, 0.0)",2
7665,21,7,11,"(0.09033430006888621, 0.14970886995698662, 0.0, 0.0, 0.0, 0.04688669779969397, 0.0, 0.14831664229608005, 0.0, 0.01812760691895582)",1
7666,21,7,11,"(0.09033430006888621, 0.14970886995698662, 0.0, 0.0, 0.0, 0.04688669779969397, 0.0, 0.08279881135943302, 0.0, 0.01812760691895582)",467
7667,21,7,11,"(0.09033430006888621, 0.18408071621910746, 0.0, 0.0, 0.0, 0.04688669779969397, 0.0, 0.08279881135943302, 0.0, 0.01812760691895582)",2
7668,21,7,11,"(0.09033430006888621, 0.2669842859686983, 0.0, 0.0, 0.0, 0.04688669779969397, 0.0, 0.03826652101347521, 0.0, 0.01812760691895582)",2
7669,21,7,13,"(0.0, 0.0, 0.11679612853536596, 0.06920069129515957, 0.09172770611919409, 0.07489992963210028, 0.0, 0.0, 0.14899621190854193, 0.0)",122
7670,21,7,13,"(0.0, 0.0, 0.11679612853536596, 0.06920069129515957, 0.030895197151449033, 0.07489992963210028, 0.0, 0.0, 0.14899621190854193, 0.0)",1
7671,21,7,13,"(0.0, 0.0, 0.11679612853536596, 0.06920069129515957, 0.06206103901061121, 0.07489992963210028, 0.0, 0.0, 0.14899621190854193, 0.0)",43
7672,21,8,8,"(0.05947687153170027, 0.0, 0.08950620996642342, 0.09247639241939104, 0.07465200933978253, 0.0, 0.06826344941350267, 0.0, 0.0, 0.0)",1
7673,21,8,8,"(0.09369258606422372, 0.0, 0.08950620996642342, 0.09247639241939104, 0.09173902283359818, 0.0, 0.06826344941350267, 0.0, 0.0, 0.0)",141
7674,21,8,8,"(0.12025853973145968, 0.0, 0.08950620996642342, 0.09247639241939104, 0.09173902283359818, 0.0, 0.06826344941350267, 0.0, 0.0, 0.0)",1
7675,21,8,8,"(0.09369258606422372, 0.0, 0.08950620996642342, 0.09247639241939104, 0.06942480525404111, 0.0, 0.047207622820130524, 0.0, 0.0, 0.0)",2
7676,21,8,8,"(0.09369258606422372, 0.0, 0.08950620996642342, 0.09247639241939104, 0.15786033532939098, 0.0, 0.04772234327170324, 0.0, 0.0, 0.0)",8
7677,21,8,8,"(0.09369258606422372, 0.0, 0.08950620996642342, 0.09247639241939104, 0.07465200933978253, 0.0, 0.06826344941350267, 0.0, 0.0, 0.0)",167
7678,21,8,8,"(0.09369258606422372, 0.0, 0.08950620996642342, 0.05568184686367808, 0.09173902283359818, 0.0, 0.06826344941350267, 0.0, 0.0, 0.0)",1
7679,21,8,11,"(0.0728019245480918, 0.14970886995698662, 0.0, 0.0, 0.0, 0.04688669779969397, 0.0, 0.08279881135943302, 0.0, 0.01812760691895582)",2
7680,21,8,11,"(0.09033430006888621, 0.14970886995698662, 0.0, 0.0, 0.0, 0.04688669779969397, 0.0, 0.08279881135943302, 0.0, 0.01812760691895582)",421
7681,21,8,11,"(0.09033430006888621, 0.14970886995698662, 0.0, 0.0, 0.0, 0.06733191711306345, 0.0, 0.08279881135943302, 0.0, 0.01812760691895582)",1
7682,21,8,11,"(0.051969429678834264, 0.14970886995698662, 0.0, 0.0, 0.0, 0.04688669779969397, 0.0, 0.08279881135943302, 0.0, 0.01812760691895582)",2
7683,21,8,11,"(0.09033430006888621, 0.17759853084145832, 0.0, 0.0, 0.0, 0.04688669779969397, 0.0, 0.08279881135943302, 0.0, 0.01812760691895582)",5
7684,21,8,11,"(0.09033430006888621, 0.23591688952306383, 0.0, 0.0, 0.0, 0.04688669779969397, 0.0, 0.08279881135943302, 0.0, 0.009616664056671125)",1
7685,21,8,11,"(0.09033430006888621, 0.14970886995698662, 0.0, 0.0, 0.0, 0.04688669779969397, 0.0, 0.04636869909878472, 0.0, 0.01812760691895582)",2
7686,21,8,11,"(0.08903215764915169, 0.14970886995698662, 0.0, 0.0, 0.0, 0.052440086724668857, 0.0, 0.08279881135943302, 0.0, 0.01812760691895582)",2
7687,21,8,13,"(0.0, 0.0, 0.10378587940628742, 0.06920069129515957, 0.09172770611919409, 0.07489992963210028, 0.0, 0.0, 0.17632802601344283, 0.0)",1
7688,21,8,13,"(0.0, 0.0, 0.11679612853536596, 0.06920069129515957, 0.09172770611919409, 0.05039646025168051, 0.0, 0.0, 0.14899621190854193, 0.0)",1
7689,21,8,13,"(0.0, 0.0, 0.11679612853536596, 0.06920069129515957, 0.09172770611919409, 0.07489992963210028, 0.0, 0.0, 0.14899621190854193, 0.0)",189
7690,21,8,13,"(0.0, 0.0, 0.1341973772394635, 0.06920069129515957, 0.09172770611919409, 0.07489992963210028, 0.0, 0.0, 0.14899621190854193, 0.0)",1
7691,21,8,13,"(0.0, 0.0, 0.11679612853536596, 0.06920069129515957, 0.09172770611919409, 0.07489992963210028, 0.0, 0.0, 0.23614209944315764, 0.0)",1
7692,21,8,13,"(0.0, 0.0, 0.11679612853536596, 0.06920069129515957, 0.09172770611919409, 0.10817962169183772, 0.0, 0.0, 0.14899621190854193, 0.0)",2
7693,21,9,8,"(0.09369258606422372, 0.0, 0.08950620996642342, 0.09062799594119404, 0.07465200933978253, 0.0, 0.06826344941350267, 0.0, 0.0, 0.0)",1
7694,21,9,8,"(0.09369258606422372, 0.0, 0.08950620996642342, 0.09247639241939104, 0.09375202245001785, 0.0, 0.06826344941350267, 0.0, 0.0, 0.0)",3
7695,21,9,8,"(0.09369258606422372, 0.0, 0.08950620996642342, 0.09247639241939104, 0.07465200933978253, 0.0, 0.07632749911837483, 0.0, 0.0, 0.0)",1
7696,21,9,8,"(0.09369258606422372, 0.0, 0.08950620996642342, 0.09247639241939104, 0.09173902283359818, 0.0, 0.06826344941350267, 0.0, 0.0, 0.0)",47
7697,21,9,8,"(0.09369258606422372, 0.0, 0.08950620996642342, 0.09247639241939104, 0.19750512473377635, 0.0, 0.06826344941350267, 0.0, 0.0, 0.0)",1
7698,21,9,8,"(0.09369258606422372, 0.0, 0.08950620996642342, 0.09247639241939104, 0.07465200933978253, 0.0, 0.06826344941350267, 0.0, 0.0, 0.0)",250
7699,21,9,11,"(0.11642427162819424, 0.14970886995698662, 0.0, 0.0, 0.0, 0.051548873715099995, 0.0, 0.08279881135943302, 0.0, 0.01824603920696344)",18
7700,21,9,11,"(0.12230832222171092, 0.14970886995698662, 0.0, 0.0, 0.0, 0.044539902462946986, 0.0, 0.08279881135943302, 0.0, 0.01812760691895582)",1
7701,21,9,11,"(0.11642427162819424, 0.14970886995698662, 0.0, 0.0, 0.0, 0.051548873715099995, 0.0, 0.08279881135943302, 0.0, 0.02621789029669285)",1
7702,21,9,11,"(0.09033430006888621, 0.14970886995698662, 0.0, 0.0, 0.0, 0.04573833459788599, 0.0, 0.08279881135943302, 0.0, 0.01812760691895582)",1
7703,21,9,11,"(0.09033430006888621, 0.14970886995698662, 0.0, 0.0, 0.0, 0.04688669779969397, 0.0, 0.11804452526990086, 0.0, 0.01812760691895582)",3
7704,21,9,11,"(0.09033430006888621, 0.14970886995698662, 0.0, 0.0, 0.0, 0.04688669779969397, 0.0, 0.08279881135943302, 0.0, 0.01812760691895582)",299
7705,21,9,11,"(0.11642427162819424, 0.14970886995698662, 0.0, 0.0, 0.0, 0.051548873715099995, 0.0, 0.08279881135943302, 0.0, 0.01812760691895582)",46
7706,21,9,11,"(0.09033430006888621, 0.14970886995698662, 0.0, 0.0, 0.0, 0.051548873715099995, 0.0, 0.08279881135943302, 0.0, 0.01812760691895582)",49
7707,21,9,13,"(0.0, 0.0, 0.11679612853536596, 0.06920069129515957, 0.10022485692167347, 0.07489992963210028, 0.0, 0.0, 0.14899621190854193, 0.0)",4
7708,21,9,13,"(0.0, 0.0, 0.11679612853536596, 0.06920069129515957, 0.09172770611919409, 0.04286965978897484, 0.0, 0.0, 0.14899621190854193, 0.0)",5
7709,21,9,13,"(0.0, 0.0, 0.13136895820977745, 0.09357308284958371, 0.09172770611919409, 0.08084686925632424, 0.0, 0.0, 0.14899621190854193, 0.0)",19
7710,21,9,13,"(0.0, 0.0, 0.08149681926727394, 0.06920069129515957, 0.1077523710715939, 0.07489992963210028, 0.0, 0.0, 0.14899621190854193, 0.0)",1
7711,21,9,13,"(0.0, 0.0, 0.11679612853536596, 0.06920069129515957, 0.09172770611919409, 0.07489992963210028, 0.0, 0.0, 0.14899621190854193, 0.0)",144
7712,21,9,13,"(0.0, 0.0, 0.11679612853536596, 0.06920069129515957, 0.09172770611919409, 0.11705590739055502, 0.0, 0.0, 0.14899621190854193, 0.0)",1
7713,21,10,8,"(0.09369258606422372, 0.0, 0.08950620996642342, 0.09247639241939104, 0.09173902283359818, 0.0, 0.06826344941350267, 0.0, 0.0, 0.0)",14
7714,21,10,8,"(0.09369258606422372, 0.0, 0.08950620996642342, 0.09247639241939104, 0.07465200933978253, 0.0, 0.06826344941350267, 0.0, 0.0, 0.0)",426
7715,21,10,8,"(0.09369258606422372, 0.0, 0.09852101591082564, 0.09247639241939104, 0.07465200933978253, 0.0, 0.06826344941350267, 0.0, 0.0, 0.0)",3
7716,21,10,8,"(0.05536707321405343, 0.0, 0.08950620996642342, 0.09247639241939104, 0.07465200933978253, 0.0, 0.0933641710842829, 0.0, 0.0, 0.0)",1
7717,21,10,8,"(0.09369258606422372, 0.0, 0.08950620996642342, 0.03960426320091386, 0.07465200933978253, 0.0, 0.05354472145995388, 0.0, 0.0, 0.0)",1
7718,21,10,8,"(0.08204458032346708, 0.0, 0.08950620996642342, 0.09247639241939104, 0.13371837491117042, 0.0, 0.07694321414701494, 0.0, 0.0, 0.0)",1
7719,21,10,8,"(0.09369258606422372, 0.0, 0.08950620996642342, 0.1004506255279368, 0.07465200933978253, 0.0, 0.06826344941350267, 0.0, 0.0, 0.0)",1
7720,21,10,8,"(0.09369258606422372, 0.0, 0.08502790110388035, 0.10724818625649145, 0.08293732458465898, 0.0, 0.06826344941350267, 0.0, 0.0, 0.0)",1
7721,21,10,11,"(0.11642427162819424, 0.14970886995698662, 0.0, 0.0, 0.0, 0.08691597204373916, 0.0, 0.08279881135943302, 0.0, 0.011834128183256675)",1
7722,21,10,11,"(0.09033430006888621, 0.14970886995698662, 0.0, 0.0, 0.0, 0.0753015824535162, 0.0, 0.08279881135943302, 0.0, 0.01812760691895582)",2
7723,21,10,11,"(0.11642427162819424, 0.14970886995698662, 0.0, 0.0, 0.0, 0.051548873715099995, 0.0, 0.08279881135943302, 0.0, 0.014878771044869938)",1
7724,21,10,11,"(0.09033430006888621, 0.14970886995698662, 0.0, 0.0, 0.0, 0.04688669779969397, 0.0, 0.08279881135943302, 0.0, 0.01812760691895582)",216
7725,21,10,11,"(0.09033430006888621, 0.14970886995698662, 0.0, 0.0, 0.0, 0.04688669779969397, 0.0, 0.08185932111449586, 0.0, 0.01812760691895582)",1
7726,21,10,11,"(0.11642427162819424, 0.14970886995698662, 0.0, 0.0, 0.0, 0.051548873715099995, 0.0, 0.08279881135943302, 0.0, 0.01812760691895582)",34
7727,21,10,11,"(0.09033430006888621, 0.2046475644126926, 0.0, 0.0, 0.0, 0.04688669779969397, 0.0, 0.08279881135943302, 0.0, 0.01812760691895582)",1
7728,21,10,11,"(0.09033430006888621, 0.14970886995698662, 0.0, 0.0, 0.0, 0.06210402298211448, 0.0, 0.08279881135943302, 0.0, 0.01812760691895582)",2
7729,21,10,11,"(0.09033430006888621, 0.14970886995698662, 0.0, 0.0, 0.0, 0.051548873715099995, 0.0, 0.08279881135943302, 0.0, 0.01812760691895582)",58
7730,21,10,11,"(0.09033430006888621, 0.14970886995698662, 0.0, 0.0, 0.0, 0.04235200449058054, 0.0, 0.08279881135943302, 0.0, 0.01812760691895582)",2
7731,21,10,11,"(0.12078027731371267, 0.14970886995698662, 0.0, 0.0, 0.0, 0.04688669779969397, 0.0, 0.08279881135943302, 0.0, 0.01812760691895582)",1
7732,21,10,13,"(0.0, 0.0, 0.11679612853536596, 0.12295379496462021, 0.11121521544004888, 0.07489992963210028, 0.0, 0.0, 0.14899621190854193, 0.0)",3
7733,21,10,13,"(0.0, 0.0, 0.11679612853536596, 0.06920069129515957, 0.09172770611919409, 0.07489992963210028, 0.0, 0.0, 0.14899621190854193, 0.0)",194
7734,21,11,8,"(0.09369258606422372, 0.0, 0.08950620996642342, 0.09247639241939104, 0.07465200933978253, 0.0, 0.05580536704649206, 0.0, 0.0, 0.0)",1
7735,21,11,8,"(0.09369258606422372, 0.0, 0.08950620996642342, 0.09247639241939104, 0.044552937607089144, 0.0, 0.12125662264954605, 0.0, 0.0, 0.0)",6
7736,21,11,8,"(0.09369258606422372, 0.0, 0.08950620996642342, 0.06667448242615173, 0.07465200933978253, 0.0, 0.06826344941350267, 0.0, 0.0, 0.0)",1
7737,21,11,8,"(0.09369258606422372, 0.0, 0.08950620996642342, 0.09247639241939104, 0.07465200933978253, 0.0, 0.04277916520540295, 0.0, 0.0, 0.0)",2
7738,21,11,8,"(0.09369258606422372, 0.0, 0.08950620996642342, 0.09247639241939104, 0.07465200933978253, 0.0, 0.06826344941350267, 0.0, 0.0, 0.0)",309
7739,21,11,8,"(0.09369258606422372, 0.0, 0.08950620996642342, 0.09212806853367063, 0.07465200933978253, 0.0, 0.06826344941350267, 0.0, 0.0, 0.0)",3
7740,21,11,8,"(0.09369258606422372, 0.0, 0.09402276140510961, 0.09247639241939104, 0.07465200933978253, 0.0, 0.06826344941350267, 0.0, 0.0, 0.0)",1
7741,21,11,8,"(0.09369258606422372, 0.0, 0.08950620996642342, 0.09247639241939104, 0.09173902283359818, 0.0, 0.06826344941350267, 0.0, 0.0, 0.0)",24
7742,21,11,8,"(0.09369258606422372, 0.0, 0.08950620996642342, 0.07089488973135306, 0.09984700337216532, 0.0, 0.06826344941350267, 0.0, 0.0, 0.0)",3
7743,21,11,8,"(0.09369258606422372, 0.0, 0.08950620996642342, 0.19502530786031927, 0.07465200933978253, 0.0, 0.04277916520540295, 0.0, 0.0, 0.0)",1
7744,21,11,8,"(0.09369258606422372, 0.0, 0.08950620996642342, 0.09247639241939104, 0.07465200933978253, 0.0, 0.03566630722056034, 0.0, 0.0, 0.0)",5
7745,21,11,8,"(0.09369258606422372, 0.0, 0.08950620996642342, 0.09006059006738769, 0.07465200933978253, 0.0, 0.06826344941350267, 0.0, 0.0, 0.0)",1
7746,21,11,11,"(0.09610775408885941, 0.13692362430392616, 0.0, 0.0, 0.0, 0.04688669779969397, 0.0, 0.08279881135943302, 0.0, 0.01812760691895582)",1
7747,21,11,11,"(0.09033430006888621, 0.14970886995698662, 0.0, 0.0, 0.0, 0.04688669779969397, 0.0, 0.08279881135943302, 0.0, 0.01812760691895582)",341
7748,21,11,11,"(0.0782921639191329, 0.14970886995698662, 0.0, 0.0, 0.0, 0.04688669779969397, 0.0, 0.08279881135943302, 0.0, 0.01812760691895582)",1
7749,21,11,11,"(0.09033430006888621, 0.14970886995698662, 0.0, 0.0, 0.0, 0.04688669779969397, 0.0, 0.052916754148620904, 0.0, 0.01812760691895582)",1
7750,21,11,11,"(0.09033430006888621, 0.14970886995698662, 0.0, 0.0, 0.0, 0.04688669779969397, 0.0, 0.13183342008766158, 0.0, 0.01812760691895582)",2
7751,21,11,11,"(0.09033430006888621, 0.14970886995698662, 0.0, 0.0, 0.0, 0.04031900458559854, 0.0, 0.08279881135943302, 0.0, 0.01812760691895582)",1
7752,21,11,11,"(0.09033430006888621, 0.14970886995698662, 0.0, 0.0, 0.0, 0.04688669779969397, 0.0, 0.08279881135943302, 0.0, 0.02416282436075692)",1
7753,21,11,11,"(0.09033430006888621, 0.1596691387389442, 0.0, 0.0, 0.0, 0.08866035116952904, 0.0, 0.08279881135943302, 0.0, 0.017150160127991167)",1
7754,21,11,11,"(0.0800153719636207, 0.14970886995698662, 0.0, 0.0, 0.0, 0.04688669779969397, 0.0, 0.08279881135943302, 0.0, 0.01812760691895582)",5
7755,21,11,13,"(0.0, 0.0, 0.11679612853536596, 0.06920069129515957, 0.09172770611919409, 0.07489992963210028, 0.0, 0.0, 0.14899621190854193, 0.0)",170
7756,21,12,8,"(0.0993908114263638, 0.0, 0.08950620996642342, 0.08933871484473395, 0.09173902283359818, 0.0, 0.06826344941350267, 0.0, 0.0, 0.0)",3
7757,21,12,8,"(0.09369258606422372, 0.0, 0.06452675056728327, 0.07014220721702095, 0.07465200933978253, 0.0, 0.08732770459181892, 0.0, 0.0, 0.0)",1
7758,21,12,8,"(0.09369258606422372, 0.0, 0.08950620996642342, 0.07014220721702095, 0.07465200933978253, 0.0, 0.08732770459181892, 0.0, 0.0, 0.0)",90
7759,21,12,8,"(0.09369258606422372, 0.0, 0.08950620996642342, 0.09247639241939104, 0.07465200933978253, 0.0, 0.0592738501973918, 0.0, 0.0, 0.0)",1
7760,21,12,8,"(0.06001345229193957, 0.0, 0.08950620996642342, 0.09247639241939104, 0.07465200933978253, 0.0, 0.06826344941350267, 0.0, 0.0, 0.0)",10
7761,21,12,8,"(0.09369258606422372, 0.0, 0.08950620996642342, 0.08933871484473395, 0.09173902283359818, 0.0, 0.06826344941350267, 0.0, 0.0, 0.0)",55
7762,21,12,8,"(0.09369258606422372, 0.0, 0.08950620996642342, 0.09247639241939104, 0.057798213381205193, 0.0, 0.06826344941350267, 0.0, 0.0, 0.0)",3
7763,21,12,8,"(0.07433100660577542, 0.0, 0.08950620996642342, 0.09247639241939104, 0.07465200933978253, 0.0, 0.06826344941350267, 0.0, 0.0, 0.0)",2
7764,21,12,8,"(0.09369258606422372, 0.0, 0.08950620996642342, 0.09247639241939104, 0.07465200933978253, 0.0, 0.06826344941350267, 0.0, 0.0, 0.0)",147
7765,21,12,11,"(0.09033430006888621, 0.14970886995698662, 0.0, 0.0, 0.0, 0.04688669779969397, 0.0, 0.08279881135943302, 0.0, 0.01812760691895582)",483
7766,21,12,11,"(0.13072987960281537, 0.14970886995698662, 0.0, 0.0, 0.0, 0.04688669779969397, 0.0, 0.08279881135943302, 0.0, 0.009380250658726547)",3
7767,21,12,11,"(0.05219912929706431, 0.14970886995698662, 0.0, 0.0, 0.0, 0.04688669779969397, 0.0, 0.08279881135943302, 0.0, 0.01812760691895582)",1
7768,21,12,11,"(0.09033430006888621, 0.14970886995698662, 0.0, 0.0, 0.0, 0.02876125963793953, 0.0, 0.10909514087785141, 0.0, 0.01812760691895582)",2
7769,21,12,11,"(0.09033430006888621, 0.14970886995698662, 0.0, 0.0, 0.0, 0.03226956195460293, 0.0, 0.08279881135943302, 0.0, 0.02553233967141363)",1
7770,21,12,11,"(0.09033430006888621, 0.14970886995698662, 0.0, 0.0, 0.0, 0.04688669779969397, 0.0, 0.08279881135943302, 0.0, 0.01063848737959407)",1
7771,21,12,13,"(0.0, 0.0, 0.11679612853536596, 0.08248546689697701, 0.09172770611919409, 0.07489992963210028, 0.0, 0.0, 0.14899621190854193, 0.0)",1
7772,21,12,13,"(0.0, 0.0, 0.11679612853536596, 0.06920069129515957, 0.09172770611919409, 0.07489992963210028, 0.0, 0.0, 0.14899621190854193, 0.0)",170
7773,21,12,13,"(0.0, 0.0, 0.11679612853536596, 0.06920069129515957, 0.09172770611919409, 0.07489992963210028, 0.0, 0.0, 0.10171351877480792, 0.0)",1
7774,21,12,13,"(0.0, 0.0, 0.07298765749787064, 0.06920069129515957, 0.09172770611919409, 0.07489992963210028, 0.0, 0.0, 0.14899621190854193, 0.0)",8
7775,21,12,13,"(0.0, 0.0, 0.11679612853536596, 0.06920069129515957, 0.09172770611919409, 0.10567158697576208, 0.0, 0.0, 0.14899621190854193, 0.0)",1
7776,21,13,8,"(0.09369258606422372, 0.0, 0.08950620996642342, 0.08933871484473395, 0.09173902283359818, 0.0, 0.04537951555599816, 0.0, 0.0, 0.0)",2
7777,21,13,8,"(0.09369258606422372, 0.0, 0.08950620996642342, 0.09247639241939104, 0.07465200933978253, 0.0, 0.06826344941350267, 0.0, 0.0, 0.0)",147
7778,21,13,8,"(0.09369258606422372, 0.0, 0.08950620996642342, 0.09247639241939104, 0.09173902283359818, 0.0, 0.06826344941350267, 0.0, 0.0, 0.0)",11
7779,21,13,8,"(0.12555946085461298, 0.0, 0.13626830188188174, 0.08933871484473395, 0.09173902283359818, 0.0, 0.07208664857819316, 0.0, 0.0, 0.0)",1
7780,21,13,8,"(0.09369258606422372, 0.0, 0.0783133117154015, 0.07014220721702095, 0.07465200933978253, 0.0, 0.08732770459181892, 0.0, 0.0, 0.0)",2
7781,21,13,8,"(0.09369258606422372, 0.0, 0.08950620996642342, 0.07014220721702095, 0.07465200933978253, 0.0, 0.08732770459181892, 0.0, 0.0, 0.0)",94
7782,21,13,8,"(0.09369258606422372, 0.0, 0.08950620996642342, 0.08933871484473395, 0.09173902283359818, 0.0, 0.06826344941350267, 0.0, 0.0, 0.0)",111
7783,21,13,11,"(0.09033430006888621, 0.14970886995698662, 0.0, 0.0, 0.0, 0.04688669779969397, 0.0, 0.08279881135943302, 0.0, 0.01812760691895582)",361
7784,21,13,11,"(0.09033430006888621, 0.14970886995698662, 0.0, 0.0, 0.0, 0.03562512966021859, 0.0, 0.08279881135943302, 0.0, 0.01812760691895582)",2
7785,21,13,11,"(0.09033430006888621, 0.1877690367091634, 0.0, 0.0, 0.0, 0.04688669779969397, 0.0, 0.08279881135943302, 0.0, 0.01812760691895582)",1
7786,21,13,11,"(0.09033430006888621, 0.14970886995698662, 0.0, 0.0, 0.0, 0.02518150612603864, 0.0, 0.08279881135943302, 0.0, 0.01812760691895582)",1
7787,21,13,11,"(0.09033430006888621, 0.08249498209033225, 0.0, 0.0, 0.0, 0.04688669779969397, 0.0, 0.08279881135943302, 0.0, 0.01812760691895582)",10
7788,21,13,11,"(0.09033430006888621, 0.14970886995698662, 0.0, 0.0, 0.0, 0.04688669779969397, 0.0, 0.1422967850864272, 0.0, 0.01812760691895582)",1
7789,21,13,11,"(0.09033430006888621, 0.14970886995698662, 0.0, 0.0, 0.0, 0.04688669779969397, 0.0, 0.08279881135943302, 0.0, 0.013911647676429006)",1
7790,21,13,11,"(0.09033430006888621, 0.14970886995698662, 0.0, 0.0, 0.0, 0.06860776430905997, 0.0, 0.22849784291200134, 0.0, 0.013391744339948582)",1
7791,21,13,13,"(0.0, 0.0, 0.11679612853536596, 0.04933567627386045, 0.09172770611919409, 0.07489992963210028, 0.0, 0.0, 0.14899621190854193, 0.0)",38
7792,21,13,13,"(0.0, 0.0, 0.11679612853536596, 0.06920069129515957, 0.09172770611919409, 0.07489992963210028, 0.0, 0.0, 0.16967258195998097, 0.0)",22
7793,21,13,13,"(0.0, 0.0, 0.11679612853536596, 0.06920069129515957, 0.09172770611919409, 0.07489992963210028, 0.0, 0.0, 0.14899621190854193, 0.0)",133
7794,21,14,8,"(0.09369258606422372, 0.0, 0.08950620996642342, 0.08933871484473395, 0.09173902283359818, 0.0, 0.06826344941350267, 0.0, 0.0, 0.0)",50
7795,21,14,8,"(0.09411756603707015, 0.0, 0.13687138131985319, 0.09247639241939104, 0.07465200933978253, 0.0, 0.09249739271130597, 0.0, 0.0, 0.0)",2
7796,21,14,8,"(0.09369258606422372, 0.0, 0.08950620996642342, 0.07014220721702095, 0.07465200933978253, 0.0, 0.08732770459181892, 0.0, 0.0, 0.0)",109
7797,21,14,8,"(0.09369258606422372, 0.0, 0.08950620996642342, 0.1320565492933071, 0.05676454969828593, 0.0, 0.08732770459181892, 0.0, 0.0, 0.0)",2
7798,21,14,8,"(0.09369258606422372, 0.0, 0.08950620996642342, 0.17395867465572848, 0.07465200933978253, 0.0, 0.06826344941350267, 0.0, 0.0, 0.0)",1
7799,21,14,8,"(0.09369258606422372, 0.0, 0.08950620996642342, 0.09247639241939104, 0.07465200933978253, 0.0, 0.06826344941350267, 0.0, 0.0, 0.0)",200
7800,21,14,11,"(0.09033430006888621, 0.14970886995698662, 0.0, 0.0, 0.0, 0.04688669779969397, 0.0, 0.08279881135943302, 0.0, 0.019213614370896945)",4
7801,21,14,11,"(0.09033430006888621, 0.11777799633982373, 0.0, 0.0, 0.0, 0.04688669779969397, 0.0, 0.08279881135943302, 0.0, 0.01812760691895582)",2
7802,21,14,11,"(0.09033430006888621, 0.14970886995698662, 0.0, 0.0, 0.0, 0.04688669779969397, 0.0, 0.06013446076401683, 0.0, 0.01812760691895582)",1
7803,21,14,11,"(0.09033430006888621, 0.14970886995698662, 0.0, 0.0, 0.0, 0.04688669779969397, 0.0, 0.08279881135943302, 0.0, 0.01812760691895582)",482
7804,21,14,11,"(0.09033430006888621, 0.14970886995698662, 0.0, 0.0, 0.0, 0.0792368357487127, 0.0, 0.08279881135943302, 0.0, 0.016378067313000386)",9
7805,21,14,11,"(0.05049484607815037, 0.14970886995698662, 0.0, 0.0, 0.0, 0.04688669779969397, 0.0, 0.08279881135943302, 0.0, 0.01812760691895582)",1
7806,21,14,13,"(0.0, 0.0, 0.11679612853536596, 0.06920069129515957, 0.09172770611919409, 0.07489992963210028, 0.0, 0.0, 0.14899621190854193, 0.0)",168
7807,21,14,13,"(0.0, 0.0, 0.11679612853536596, 0.09533595383701772, 0.09172770611919409, 0.07489992963210028, 0.0, 0.0, 0.14899621190854193, 0.0)",1
7808,21,14,13,"(0.0, 0.0, 0.28969064915717013, 0.06920069129515957, 0.09172770611919409, 0.07489992963210028, 0.0, 0.0, 0.14899621190854193, 0.0)",1
7809,21,15,8,"(0.09369258606422372, 0.0, 0.08950620996642342, 0.13217178139962354, 0.09173902283359818, 0.0, 0.06826344941350267, 0.0, 0.0, 0.0)",1
7810,21,15,8,"(0.0944200864155963, 0.0, 0.07332667598827612, 0.09247639241939104, 0.09173902283359818, 0.0, 0.0449998062490551, 0.0, 0.0, 0.0)",1
7811,21,15,8,"(0.14055197117838644, 0.0, 0.08950620996642342, 0.09247639241939104, 0.09173902283359818, 0.0, 0.06826344941350267, 0.0, 0.0, 0.0)",1
7812,21,15,8,"(0.09369258606422372, 0.0, 0.07116301058520674, 0.09247639241939104, 0.09173902283359818, 0.0, 0.06826344941350267, 0.0, 0.0, 0.0)",1
7813,21,15,8,"(0.09369258606422372, 0.0, 0.08950620996642342, 0.09247639241939104, 0.09173902283359818, 0.0, 0.06826344941350267, 0.0, 0.0, 0.0)",307
7814,21,15,8,"(0.18073069291406818, 0.0, 0.08950620996642342, 0.09247639241939104, 0.09173902283359818, 0.0, 0.06826344941350267, 0.0, 0.0, 0.0)",2
7815,21,15,11,"(0.09033430006888621, 0.14970886995698662, 0.0, 0.0, 0.0, 0.04688669779969397, 0.0, 0.08279881135943302, 0.0, 0.019021564183979198)",3
7816,21,15,11,"(0.09033430006888621, 0.14722101168320345, 0.0, 0.0, 0.0, 0.024294413624551814, 0.0, 0.07257650407005341, 0.0, 0.009149179015121448)",1
7817,21,15,11,"(0.09033430006888621, 0.14970886995698662, 0.0, 0.0, 0.0, 0.04688669779969397, 0.0, 0.058636793180366596, 0.0, 0.01812760691895582)",1
7818,21,15,11,"(0.09033430006888621, 0.15082169500861112, 0.0, 0.0, 0.0, 0.04688669779969397, 0.0, 0.08279881135943302, 0.0, 0.01812760691895582)",2
7819,21,15,11,"(0.11049964385551284, 0.14970886995698662, 0.0, 0.0, 0.0, 0.041240222113015985, 0.0, 0.08279881135943302, 0.0, 0.018357832768078067)",2
7820,21,15,11,"(0.09033430006888621, 0.14970886995698662, 0.0, 0.0, 0.0, 0.04688669779969397, 0.0, 0.08279881135943302, 0.0, 0.01812760691895582)",374
7821,21,15,11,"(0.09033430006888621, 0.14970886995698662, 0.0, 0.0, 0.0, 0.04688669779969397, 0.0, 0.0808824504051089, 0.0, 0.01812760691895582)",4
7822,21,15,11,"(0.09033430006888621, 0.14970886995698662, 0.0, 0.0, 0.0, 0.04688669779969397, 0.0, 0.13333395967610326, 0.0, 0.01812760691895582)",1
7823,21,15,11,"(0.09033430006888621, 0.14970886995698662, 0.0, 0.0, 0.0, 0.04688669779969397, 0.0, 0.0952891507421317, 0.0, 0.01812760691895582)",36
7824,21,15,11,"(0.08138233877783528, 0.14722101168320345, 0.0, 0.0, 0.0, 0.024294413624551814, 0.0, 0.07257650407005341, 0.0, 0.009149179015121448)",1
7825,21,15,13,"(0.0, 0.0, 0.11679612853536596, 0.0738890181826628, 0.09172770611919409, 0.07489992963210028, 0.0, 0.0, 0.14899621190854193, 0.0)",1
7826,21,15,13,"(0.0, 0.0, 0.14252169339833434, 0.06920069129515957, 0.09172770611919409, 0.07489992963210028, 0.0, 0.0, 0.14899621190854193, 0.0)",1
7827,21,15,13,"(0.0, 0.0, 0.11679612853536596, 0.06920069129515957, 0.09172770611919409, 0.07489992963210028, 0.0, 0.0, 0.14899621190854193, 0.0)",176
7828,21,16,8,"(0.09369258606422372, 0.0, 0.08950620996642342, 0.09247639241939104, 0.07465200933978253, 0.0, 0.06826344941350267, 0.0, 0.0, 0.0)",70
7829,21,16,8,"(0.09369258606422372, 0.0, 0.08950620996642342, 0.09247639241939104, 0.09173902283359818, 0.0, 0.06826344941350267, 0.0, 0.0, 0.0)",197
7830,21,16,8,"(0.09369258606422372, 0.0, 0.08950620996642342, 0.09247639241939104, 0.0571803850958644, 0.0, 0.06826344941350267, 0.0, 0.0, 0.0)",1
7831,21,16,11,"(0.09033430006888621, 0.2254897638713652, 0.0, 0.0, 0.0, 0.04688669779969397, 0.0, 0.08279881135943302, 0.0, 0.01812760691895582)",3
7832,21,16,11,"(0.09033430006888621, 0.14970886995698662, 0.0, 0.0, 0.0, 0.04688669779969397, 0.0, 0.08279881135943302, 0.0, 0.009477832619479697)",3
7833,21,16,11,"(0.18939564037788711, 0.14970886995698662, 0.0, 0.0, 0.0, 0.04688669779969397, 0.0, 0.07697532097039297, 0.0, 0.01812760691895582)",1
7834,21,16,11,"(0.085493918231484, 0.14970886995698662, 0.0, 0.0, 0.0, 0.04688669779969397, 0.0, 0.08279881135943302, 0.0, 0.01812760691895582)",16
7835,21,16,11,"(0.05785107691880831, 0.14970886995698662, 0.0, 0.0, 0.0, 0.04688669779969397, 0.0, 0.08279881135943302, 0.0, 0.01812760691895582)",1
7836,21,16,11,"(0.07771342238484912, 0.14970886995698662, 0.0, 0.0, 0.0, 0.04688669779969397, 0.0, 0.09354903229325215, 0.0, 0.01812760691895582)",3
7837,21,16,11,"(0.09033430006888621, 0.14970886995698662, 0.0, 0.0, 0.0, 0.027322681605544068, 0.0, 0.08279881135943302, 0.0, 0.01812760691895582)",30
7838,21,16,11,"(0.09033430006888621, 0.14970886995698662, 0.0, 0.0, 0.0, 0.04688669779969397, 0.0, 0.08279881135943302, 0.0, 0.01812760691895582)",466
7839,21,16,13,"(0.0, 0.0, 0.11679612853536596, 0.06920069129515957, 0.09172770611919409, 0.07489992963210028, 0.0, 0.0, 0.14899621190854193, 0.0)",161
7840,21,16,13,"(0.0, 0.0, 0.11679612853536596, 0.06920069129515957, 0.1656671433771953, 0.07489992963210028, 0.0, 0.0, 0.14899621190854193, 0.0)",1
7841,21,17,8,"(0.09369258606422372, 0.0, 0.08950620996642342, 0.09247639241939104, 0.09173902283359818, 0.0, 0.06826344941350267, 0.0, 0.0, 0.0)",202
7842,21,17,8,"(0.09369258606422372, 0.0, 0.08950620996642342, 0.09247639241939104, 0.07465200933978253, 0.0, 0.06826344941350267, 0.0, 0.0, 0.0)",131
7843,21,17,8,"(0.09369258606422372, 0.0, 0.08950620996642342, 0.09247639241939104, 0.10967919262710772, 0.0, 0.06826344941350267, 0.0, 0.0, 0.0)",3
7844,21,17,8,"(0.09369258606422372, 0.0, 0.08950620996642342, 0.09247639241939104, 0.07697344099115006, 0.0, 0.06826344941350267, 0.0, 0.0, 0.0)",1
7845,21,17,11,"(0.09033430006888621, 0.14970886995698662, 0.0, 0.0, 0.0, 0.027322681605544068, 0.0, 0.08279881135943302, 0.0, 0.01812760691895582)",27
7846,21,17,11,"(0.09033430006888621, 0.14970886995698662, 0.0, 0.0, 0.0, 0.04688669779969397, 0.0, 0.08279881135943302, 0.0, 0.01812760691895582)",439
7847,21,17,11,"(0.09033430006888621, 0.14970886995698662, 0.0, 0.0, 0.0, 0.04688669779969397, 0.0, 0.12534341053999798, 0.0, 0.01812760691895582)",1
7848,21,17,11,"(0.14281028793934225, 0.14970886995698662, 0.0, 0.0, 0.0, 0.027322681605544068, 0.0, 0.08279881135943302, 0.0, 0.01812760691895582)",6
7849,21,17,13,"(0.0, 0.0, 0.11679612853536596, 0.06920069129515957, 0.09172770611919409, 0.15597028456594048, 0.0, 0.0, 0.14899621190854193, 0.0)",1
7850,21,17,13,"(0.0, 0.0, 0.11679612853536596, 0.06920069129515957, 0.11585588537154401, 0.07489992963210028, 0.0, 0.0, 0.14899621190854193, 0.0)",1
7851,21,17,13,"(0.0, 0.0, 0.11679612853536596, 0.06920069129515957, 0.09172770611919409, 0.07489992963210028, 0.0, 0.0, 0.10360088903405786, 0.0)",1
7852,21,17,13,"(0.0, 0.0, 0.11679612853536596, 0.06920069129515957, 0.09172770611919409, 0.07489992963210028, 0.0, 0.0, 0.14899621190854193, 0.0)",173
7853,21,17,13,"(0.0, 0.0, 0.11679612853536596, 0.06920069129515957, 0.09172770611919409, 0.11539959655204965, 0.0, 0.0, 0.14899621190854193, 0.0)",1
7854,21,17,13,"(0.0, 0.0, 0.11110127962902866, 0.06920069129515957, 0.09172770611919409, 0.07608665995768685, 0.0, 0.0, 0.14899621190854193, 0.0)",2
7855,21,18,8,"(0.09369258606422372, 0.0, 0.18698511296701464, 0.09247639241939104, 0.09173902283359818, 0.0, 0.06826344941350267, 0.0, 0.0, 0.0)",4
7856,21,18,8,"(0.09369258606422372, 0.0, 0.06090708107886862, 0.09247639241939104, 0.09173902283359818, 0.0, 0.06826344941350267, 0.0, 0.0, 0.0)",2
7857,21,18,8,"(0.09369258606422372, 0.0, 0.028612745334969464, 0.09247639241939104, 0.09173902283359818, 0.0, 0.06826344941350267, 0.0, 0.0, 0.0)",2
7858,21,18,8,"(0.09369258606422372, 0.0, 0.08950620996642342, 0.09247639241939104, 0.07465200933978253, 0.0, 0.06826344941350267, 0.0, 0.0, 0.0)",147
7859,21,18,8,"(0.09369258606422372, 0.0, 0.07810862060917692, 0.09247639241939104, 0.09173902283359818, 0.0, 0.06826344941350267, 0.0, 0.0, 0.0)",15
7860,21,18,8,"(0.09369258606422372, 0.0, 0.10874328844666035, 0.09247639241939104, 0.09173902283359818, 0.0, 0.06826344941350267, 0.0, 0.0, 0.0)",10
7861,21,18,8,"(0.09369258606422372, 0.0, 0.04889002487875952, 0.09247639241939104, 0.09173902283359818, 0.0, 0.06826344941350267, 0.0, 0.0, 0.0)",95
7862,21,18,8,"(0.09369258606422372, 0.0, 0.08950620996642342, 0.1201377945847353, 0.07465200933978253, 0.0, 0.06826344941350267, 0.0, 0.0, 0.0)",1
7863,21,18,8,"(0.09369258606422372, 0.0, 0.08950620996642342, 0.09247639241939104, 0.09173902283359818, 0.0, 0.06826344941350267, 0.0, 0.0, 0.0)",59
7864,21,18,11,"(0.09033430006888621, 0.087123057409423, 0.0, 0.0, 0.0, 0.04688669779969397, 0.0, 0.08279881135943302, 0.0, 0.01812760691895582)",1
7865,21,18,11,"(0.09033430006888621, 0.14970886995698662, 0.0, 0.0, 0.0, 0.07107315201225, 0.0, 0.08279881135943302, 0.0, 0.01812760691895582)",1
7866,21,18,11,"(0.09033430006888621, 0.14970886995698662, 0.0, 0.0, 0.0, 0.04688669779969397, 0.0, 0.08279881135943302, 0.0, 0.01812760691895582)",389
7867,21,18,11,"(0.09033430006888621, 0.14970886995698662, 0.0, 0.0, 0.0, 0.04688669779969397, 0.0, 0.08279881135943302, 0.0, 0.017354158662945245)",2
7868,21,18,13,"(0.0, 0.0, 0.11679612853536596, 0.06920069129515957, 0.11622509693345519, 0.07489992963210028, 0.0, 0.0, 0.14899621190854193, 0.0)",3
7869,21,18,13,"(0.0, 0.0, 0.11679612853536596, 0.06920069129515957, 0.09172770611919409, 0.07489992963210028, 0.0, 0.0, 0.14899621190854193, 0.0)",185
7870,21,18,13,"(0.0, 0.0, 0.19816542622512706, 0.06920069129515957, 0.09172770611919409, 0.07489992963210028, 0.0, 0.0, 0.14899621190854193, 0.0)",2
7871,21,19,8,"(0.09369258606422372, 0.0, 0.08950620996642342, 0.07669463963011118, 0.09173902283359818, 0.0, 0.06826344941350267, 0.0, 0.0, 0.0)",1
7872,21,19,8,"(0.09369258606422372, 0.0, 0.04889002487875952, 0.09247639241939104, 0.09173902283359818, 0.0, 0.06826344941350267, 0.0, 0.0, 0.0)",108
7873,21,19,8,"(0.09369258606422372, 0.0, 0.18698511296701464, 0.09247639241939104, 0.09173902283359818, 0.0, 0.06826344941350267, 0.0, 0.0, 0.0)",3
7874,21,19,8,"(0.1159995103298543, 0.0, 0.07955302242280862, 0.1290355962334625, 0.09173902283359818, 0.0, 0.06826344941350267, 0.0, 0.0, 0.0)",1
7875,21,19,8,"(0.09369258606422372, 0.0, 0.08950620996642342, 0.09247639241939104, 0.09173902283359818, 0.0, 0.06826344941350267, 0.0, 0.0, 0.0)",166
7876,21,19,8,"(0.09369258606422372, 0.0, 0.15982515120954505, 0.09247639241939104, 0.09173902283359818, 0.0, 0.06826344941350267, 0.0, 0.0, 0.0)",1
7877,21,19,8,"(0.09369258606422372, 0.0, 0.03841210178952265, 0.09247639241939104, 0.09173902283359818, 0.0, 0.06826344941350267, 0.0, 0.0, 0.0)",1
7878,21,19,8,"(0.09369258606422372, 0.0, 0.08950620996642342, 0.09247639241939104, 0.07465200933978253, 0.0, 0.06826344941350267, 0.0, 0.0, 0.0)",38
7879,21,19,11,"(0.09033430006888621, 0.10126614233012504, 0.0, 0.0, 0.0, 0.04688669779969397, 0.0, 0.08279881135943302, 0.0, 0.01812760691895582)",6
7880,21,19,11,"(0.09033430006888621, 0.14970886995698662, 0.0, 0.0, 0.0, 0.04688669779969397, 0.0, 0.08279881135943302, 0.0, 0.01812760691895582)",436
7881,21,19,11,"(0.09033430006888621, 0.10948636066686397, 0.0, 0.0, 0.0, 0.04688669779969397, 0.0, 0.08279881135943302, 0.0, 0.01812760691895582)",1
7882,21,19,11,"(0.08412539374352324, 0.14970886995698662, 0.0, 0.0, 0.0, 0.04688669779969397, 0.0, 0.08279881135943302, 0.0, 0.01812760691895582)",2
7883,21,19,11,"(0.12374958423346712, 0.14970886995698662, 0.0, 0.0, 0.0, 0.04688669779969397, 0.0, 0.08279881135943302, 0.0, 0.01812760691895582)",1
7884,21,19,11,"(0.09033430006888621, 0.14970886995698662, 0.0, 0.0, 0.0, 0.04688669779969397, 0.0, 0.08279881135943302, 0.0, 0.006932486953341751)",1
7885,21,19,13,"(0.0, 0.0, 0.11679612853536596, 0.06920069129515957, 0.09172770611919409, 0.07018047825447594, 0.0, 0.0, 0.14899621190854193, 0.0)",1
7886,21,19,13,"(0.0, 0.0, 0.11679612853536596, 0.06920069129515957, 0.09172770611919409, 0.07489992963210028, 0.0, 0.0, 0.14899621190854193, 0.0)",182
7887,21,19,13,"(0.0, 0.0, 0.17660429206989112, 0.06920069129515957, 0.09172770611919409, 0.07489992963210028, 0.0, 0.0, 0.14899621190854193, 0.0)",1
7888,21,20,8,"(0.09369258606422372, 0.0, 0.09299203756466506, 0.05959123647600639, 0.09173902283359818, 0.0, 0.06742778713346148, 0.0, 0.0, 0.0)",1
7889,21,20,8,"(0.0810260194041803, 0.0, 0.08950620996642342, 0.1475346348911527, 0.09173902283359818, 0.0, 0.09273758257637361, 0.0, 0.0, 0.0)",1
7890,21,20,8,"(0.075239059207679, 0.0, 0.08950620996642342, 0.09247639241939104, 0.21378072193788145, 0.0, 0.08366265344698455, 0.0, 0.0, 0.0)",2
7891,21,20,8,"(0.09369258606422372, 0.0, 0.11784213562781025, 0.09247639241939104, 0.09173902283359818, 0.0, 0.06826344941350267, 0.0, 0.0, 0.0)",1
7892,21,20,8,"(0.09369258606422372, 0.0, 0.04889002487875952, 0.09247639241939104, 0.09173902283359818, 0.0, 0.06826344941350267, 0.0, 0.0, 0.0)",139
7893,21,20,8,"(0.09369258606422372, 0.0, 0.08950620996642342, 0.09247639241939104, 0.09173902283359818, 0.0, 0.06826344941350267, 0.0, 0.0, 0.0)",203
7894,21,20,11,"(0.07430739226403119, 0.14970886995698662, 0.0, 0.0, 0.0, 0.04688669779969397, 0.0, 0.08279881135943302, 0.0, 0.01812760691895582)",4
7895,21,20,11,"(0.09033430006888621, 0.07269322428461784, 0.0, 0.0, 0.0, 0.04688669779969397, 0.0, 0.08279881135943302, 0.0, 0.01812760691895582)",1
7896,21,20,11,"(0.09033430006888621, 0.14970886995698662, 0.0, 0.0, 0.0, 0.04688669779969397, 0.0, 0.08279881135943302, 0.0, 0.01812760691895582)",383
7897,21,20,11,"(0.09033430006888621, 0.14970886995698662, 0.0, 0.0, 0.0, 0.05305144068287325, 0.0, 0.07159739122239071, 0.0, 0.01812760691895582)",3
7898,21,20,11,"(0.09033430006888621, 0.1239988485797059, 0.0, 0.0, 0.0, 0.04688669779969397, 0.0, 0.08279881135943302, 0.0, 0.01812760691895582)",1
7899,21,20,13,"(0.0, 0.0, 0.11679612853536596, 0.06920069129515957, 0.09172770611919409, 0.07489992963210028, 0.0, 0.0, 0.14899621190854193, 0.0)",182
7900,21,20,13,"(0.0, 0.0, 0.11679612853536596, 0.037154301370509124, 0.09172770611919409, 0.07489992963210028, 0.0, 0.0, 0.14899621190854193, 0.0)",1
7901,21,20,13,"(0.0, 0.0, 0.11679612853536596, 0.0635687950199977, 0.09172770611919409, 0.1288758611540213, 0.0, 0.0, 0.14899621190854193, 0.0)",1
7902,22,0,8,"(0.15423143380863155, 0.0, 0.08950620996642342, 0.09247639241939104, 0.09173902283359818, 0.0, 0.06826344941350267, 0.0, 0.0, 0.0)",1
7903,22,0,8,"(0.09369258606422372, 0.0, 0.08950620996642342, 0.10620165033836564, 0.09173902283359818, 0.0, 0.06826344941350267, 0.0, 0.0, 0.0)",13
7904,22,0,8,"(0.09369258606422372, 0.0, 0.08950620996642342, 0.09247639241939104, 0.09173902283359818, 0.0, 0.06826344941350267, 0.0, 0.0, 0.0)",317
7905,22,0,8,"(0.09369258606422372, 0.0, 0.08950620996642342, 0.09247639241939104, 0.11519162005914423, 0.0, 0.06826344941350267, 0.0, 0.0, 0.0)",9
7906,22,0,8,"(0.14055197117838644, 0.0, 0.08950620996642342, 0.09247639241939104, 0.09173902283359818, 0.0, 0.06826344941350267, 0.0, 0.0, 0.0)",2
7907,22,0,11,"(0.09033430006888621, 0.15983346074212426, 0.0, 0.0, 0.0, 0.03982030914573845, 0.0, 0.24188465110207263, 0.0, 0.01812760691895582)",1
7908,22,0,11,"(0.09033430006888621, 0.048670797045310646, 0.0, 0.0, 0.0, 0.04688669779969397, 0.0, 0.08279881135943302, 0.0, 0.01812760691895582)",2
7909,22,0,11,"(0.09033430006888621, 0.14970886995698662, 0.0, 0.0, 0.0, 0.04688669779969397, 0.0, 0.08279881135943302, 0.0, 0.01812760691895582)",347
7910,22,0,11,"(0.09033430006888621, 0.14970886995698662, 0.0, 0.0, 0.0, 0.04688669779969397, 0.0, 0.0952891507421317, 0.0, 0.01812760691895582)",31
7911,22,0,11,"(0.09033430006888621, 0.14970886995698662, 0.0, 0.0, 0.0, 0.04688669779969397, 0.0, 0.08279881135943302, 0.0, 0.012166047903959235)",1
7912,22,0,13,"(0.0, 0.0, 0.11679612853536596, 0.06920069129515957, 0.09172770611919409, 0.07489992963210028, 0.0, 0.0, 0.13869777215070644, 0.0)",2
7913,22,0,13,"(0.0, 0.0, 0.11679612853536596, 0.06920069129515957, 0.09172770611919409, 0.07489992963210028, 0.0, 0.0, 0.14899621190854193, 0.0)",150
7914,22,0,13,"(0.0, 0.0, 0.13569966168641293, 0.06920069129515957, 0.09172770611919409, 0.07489992963210028, 0.0, 0.0, 0.14899621190854193, 0.0)",1
7915,22,0,13,"(0.0, 0.0, 0.11379572788809277, 0.06920069129515957, 0.09172770611919409, 0.05976807595824338, 0.0, 0.0, 0.1493357391046829, 0.0)",10
7916,22,0,13,"(0.0, 0.0, 0.11776188481324529, 0.06920069129515957, 0.09172770611919409, 0.051295107915530554, 0.0, 0.0, 0.14899621190854193, 0.0)",1
7917,22,1,8,"(0.0944200864155963, 0.0, 0.06791039984914189, 0.09247639241939104, 0.09173902283359818, 0.0, 0.0449998062490551, 0.0, 0.0, 0.0)",1
7918,22,1,8,"(0.09369258606422372, 0.0, 0.08950620996642342, 0.09876003920445055, 0.09173902283359818, 0.0, 0.06826344941350267, 0.0, 0.0, 0.0)",1
7919,22,1,8,"(0.09369258606422372, 0.0, 0.08950620996642342, 0.09247639241939104, 0.09173902283359818, 0.0, 0.06359125561971724, 0.0, 0.0, 0.0)",1
7920,22,1,8,"(0.09369258606422372, 0.0, 0.05569202043588311, 0.09247639241939104, 0.064679855266001, 0.0, 0.06826344941350267, 0.0, 0.0, 0.0)",4
7921,22,1,8,"(0.0944200864155963, 0.0, 0.07332667598827612, 0.09247639241939104, 0.09173902283359818, 0.0, 0.0449998062490551, 0.0, 0.0, 0.0)",37
7922,22,1,8,"(0.07097177071940768, 0.0, 0.08950620996642342, 0.09247639241939104, 0.09173902283359818, 0.0, 0.06826344941350267, 0.0, 0.0, 0.0)",3
7923,22,1,8,"(0.09369258606422372, 0.0, 0.043369673517982814, 0.09247639241939104, 0.09173902283359818, 0.0, 0.06826344941350267, 0.0, 0.0, 0.0)",1
7924,22,1,8,"(0.09369258606422372, 0.0, 0.08950620996642342, 0.09247639241939104, 0.07875460998024257, 0.0, 0.06826344941350267, 0.0, 0.0, 0.0)",1
7925,22,1,8,"(0.09369258606422372, 0.0, 0.08950620996642342, 0.09247639241939104, 0.09173902283359818, 0.0, 0.15130673805891853, 0.0, 0.0, 0.0)",1
7926,22,1,8,"(0.09369258606422372, 0.0, 0.08950620996642342, 0.09247639241939104, 0.09173902283359818, 0.0, 0.06826344941350267, 0.0, 0.0, 0.0)",255
7927,22,1,8,"(0.07417779700878496, 0.0, 0.09225253955148661, 0.1467253422094544, 0.09173902283359818, 0.0, 0.06826344941350267, 0.0, 0.0, 0.0)",1
7928,22,1,11,"(0.16381288339832373, 0.14970886995698662, 0.0, 0.0, 0.0, 0.04688669779969397, 0.0, 0.08279881135943302, 0.0, 0.01812760691895582)",6
7929,22,1,11,"(0.09033430006888621, 0.14970886995698662, 0.0, 0.0, 0.0, 0.05322042179266437, 0.0, 0.08279881135943302, 0.0, 0.01812760691895582)",1
7930,22,1,11,"(0.07296466845566389, 0.14970886995698662, 0.0, 0.0, 0.0, 0.04688669779969397, 0.0, 0.08279881135943302, 0.0, 0.01812760691895582)",1
7931,22,1,11,"(0.09033430006888621, 0.14970886995698662, 0.0, 0.0, 0.0, 0.04688669779969397, 0.0, 0.08279881135943302, 0.0, 0.01812760691895582)",432
7932,22,1,11,"(0.09033430006888621, 0.1909491921935246, 0.0, 0.0, 0.0, 0.04688669779969397, 0.0, 0.08279881135943302, 0.0, 0.01812760691895582)",2
7933,22,1,11,"(0.09033430006888621, 0.14970886995698662, 0.0, 0.0, 0.0, 0.04688669779969397, 0.0, 0.08279881135943302, 0.0, 0.020435246494774986)",3
7934,22,1,11,"(0.09033430006888621, 0.14970886995698662, 0.0, 0.0, 0.0, 0.04688669779969397, 0.0, 0.07270364013116028, 0.0, 0.01812760691895582)",1
7935,22,1,11,"(0.09033430006888621, 0.14970886995698662, 0.0, 0.0, 0.0, 0.04688669779969397, 0.0, 0.08279881135943302, 0.0, 0.018581227766796694)",1
7936,22,1,11,"(0.09033430006888621, 0.08031685727000344, 0.0, 0.0, 0.0, 0.016272985016912506, 0.0, 0.13548912809611105, 0.0, 0.01812760691895582)",1
7937,22,1,11,"(0.09033430006888621, 0.14970886995698662, 0.0, 0.0, 0.0, 0.036602280134140935, 0.0, 0.08279881135943302, 0.0, 0.01812760691895582)",1
7938,22,1,11,"(0.09033430006888621, 0.14970886995698662, 0.0, 0.0, 0.0, 0.04688669779969397, 0.0, 0.08279881135943302, 0.0, 0.015800452099125315)",1
7939,22,1,13,"(0.0, 0.0, 0.11679612853536596, 0.06920069129515957, 0.0796251007997729, 0.06409851684018202, 0.0, 0.0, 0.24828193668747967, 0.0)",1
7940,22,1,13,"(0.0, 0.0, 0.11679612853536596, 0.13955306558478248, 0.09172770611919409, 0.07489992963210028, 0.0, 0.0, 0.14899621190854193, 0.0)",1
7941,22,1,13,"(0.0, 0.0, 0.11679612853536596, 0.06920069129515957, 0.09172770611919409, 0.07489992963210028, 0.0, 0.0, 0.14899621190854193, 0.0)",156
7942,22,1,13,"(0.0, 0.0, 0.11679612853536596, 0.06920069129515957, 0.05906324097254656, 0.07489992963210028, 0.0, 0.0, 0.14899621190854193, 0.0)",1
7943,22,2,8,"(0.08082837950513092, 0.0, 0.08950620996642342, 0.09247639241939104, 0.09173902283359818, 0.0, 0.06826344941350267, 0.0, 0.0, 0.0)",1
7944,22,2,8,"(0.09369258606422372, 0.0, 0.08950620996642342, 0.09247639241939104, 0.08127790222401014, 0.0, 0.10920179457977688, 0.0, 0.0, 0.0)",11
7945,22,2,8,"(0.09369258606422372, 0.0, 0.08950620996642342, 0.09247639241939104, 0.09173902283359818, 0.0, 0.06826344941350267, 0.0, 0.0, 0.0)",235
7946,22,2,8,"(0.09369258606422372, 0.0, 0.08950620996642342, 0.10161031496565018, 0.09173902283359818, 0.0, 0.06826344941350267, 0.0, 0.0, 0.0)",2
7947,22,2,8,"(0.05726775568825724, 0.0, 0.08950620996642342, 0.09247639241939104, 0.09173902283359818, 0.0, 0.06826344941350267, 0.0, 0.0, 0.0)",1
7948,22,2,11,"(0.03293585779777674, 0.14970886995698662, 0.0, 0.0, 0.0, 0.04688669779969397, 0.0, 0.08279881135943302, 0.0, 0.01812760691895582)",8
7949,22,2,11,"(0.09033430006888621, 0.14970886995698662, 0.0, 0.0, 0.0, 0.04688669779969397, 0.0, 0.0384154093158869, 0.0, 0.01812760691895582)",2
7950,22,2,11,"(0.11049964385551284, 0.14970886995698662, 0.0, 0.0, 0.0, 0.041240222113015985, 0.0, 0.08279881135943302, 0.0, 0.018357832768078067)",7
7951,22,2,11,"(0.09033430006888621, 0.11278875086369243, 0.0, 0.0, 0.0, 0.04688669779969397, 0.0, 0.08279881135943302, 0.0, 0.023838403046326256)",2
7952,22,2,11,"(0.09033430006888621, 0.15082169500861112, 0.0, 0.0, 0.0, 0.04688669779969397, 0.0, 0.08279881135943302, 0.0, 0.01812760691895582)",35
7953,22,2,11,"(0.09033430006888621, 0.14970886995698662, 0.0, 0.0, 0.0, 0.04688669779969397, 0.0, 0.08279881135943302, 0.0, 0.01812760691895582)",531
7954,22,2,11,"(0.09033430006888621, 0.24127082305467137, 0.0, 0.0, 0.0, 0.03985366039264148, 0.0, 0.08279881135943302, 0.0, 0.03898483879353658)",3
7955,22,2,11,"(0.09033430006888621, 0.1338387195547592, 0.0, 0.0, 0.0, 0.04688669779969397, 0.0, 0.08279881135943302, 0.0, 0.01812760691895582)",1
7956,22,2,11,"(0.09033430006888621, 0.17222492345841225, 0.0, 0.0, 0.0, 0.04688669779969397, 0.0, 0.08279881135943302, 0.0, 0.01812760691895582)",2
7957,22,2,11,"(0.09033430006888621, 0.14970886995698662, 0.0, 0.0, 0.0, 0.04688669779969397, 0.0, 0.08279881135943302, 0.0, 0.019021564183979198)",12
7958,22,2,13,"(0.0, 0.0, 0.11679612853536596, 0.06920069129515957, 0.09172770611919409, 0.0693498399088364, 0.0, 0.0, 0.14899621190854193, 0.0)",2
7959,22,2,13,"(0.0, 0.0, 0.1604491094829081, 0.08300978384098712, 0.09172770611919409, 0.07489992963210028, 0.0, 0.0, 0.16058771649242123, 0.0)",1
7960,22,2,13,"(0.0, 0.0, 0.08247990549667508, 0.06920069129515957, 0.07755959608813767, 0.07489992963210028, 0.0, 0.0, 0.14899621190854193, 0.0)",1
7961,22,2,13,"(0.0, 0.0, 0.11679612853536596, 0.06920069129515957, 0.09172770611919409, 0.07489992963210028, 0.0, 0.0, 0.09650817914055074, 0.0)",2
7962,22,2,13,"(0.0, 0.0, 0.11679612853536596, 0.06920069129515957, 0.09172770611919409, 0.07489992963210028, 0.0, 0.0, 0.14899621190854193, 0.0)",185
7963,22,2,13,"(0.0, 0.0, 0.11679612853536596, 0.06920069129515957, 0.07885097481395617, 0.07489992963210028, 0.0, 0.0, 0.14899621190854193, 0.0)",1
7964,22,3,8,"(0.09369258606422372, 0.0, 0.05112681364844699, 0.09247639241939104, 0.09173902283359818, 0.0, 0.06826344941350267, 0.0, 0.0, 0.0)",1
7965,22,3,8,"(0.09369258606422372, 0.0, 0.08950620996642342, 0.09247639241939104, 0.09173902283359818, 0.0, 0.06826344941350267, 0.0, 0.0, 0.0)",281
7966,22,3,8,"(0.09369258606422372, 0.0, 0.08950620996642342, 0.09247639241939104, 0.09173902283359818, 0.0, 0.06438428102180123, 0.0, 0.0, 0.0)",2
7967,22,3,8,"(0.09369258606422372, 0.0, 0.08950620996642342, 0.09247639241939104, 0.09786472352799426, 0.0, 0.06826344941350267, 0.0, 0.0, 0.0)",1
7968,22,3,8,"(0.09369258606422372, 0.0, 0.08950620996642342, 0.09247639241939104, 0.09173902283359818, 0.0, 0.0934867857860401, 0.0, 0.0, 0.0)",3
7969,22,3,8,"(0.06752661415957538, 0.0, 0.08950620996642342, 0.09247639241939104, 0.09173902283359818, 0.0, 0.06826344941350267, 0.0, 0.0, 0.0)",4
7970,22,3,11,"(0.09033430006888621, 0.14970886995698662, 0.0, 0.0, 0.0, 0.04688669779969397, 0.0, 0.07984494770327444, 0.0, 0.01812760691895582)",120
7971,22,3,11,"(0.09033430006888621, 0.14970886995698662, 0.0, 0.0, 0.0, 0.04688669779969397, 0.0, 0.06016139825454718, 0.0, 0.01812760691895582)",2
7972,22,3,11,"(0.09033430006888621, 0.10220963814503672, 0.0, 0.0, 0.0, 0.04688669779969397, 0.0, 0.08279881135943302, 0.0, 0.01812760691895582)",20
7973,22,3,11,"(0.09033430006888621, 0.14970886995698662, 0.0, 0.0, 0.0, 0.04688669779969397, 0.0, 0.08279881135943302, 0.0, 0.021392571963350347)",1
7974,22,3,11,"(0.09033430006888621, 0.14970886995698662, 0.0, 0.0, 0.0, 0.04688669779969397, 0.0, 0.06923973303439877, 0.0, 0.01812760691895582)",19
7975,22,3,11,"(0.09033430006888621, 0.14970886995698662, 0.0, 0.0, 0.0, 0.04688669779969397, 0.0, 0.07984494770327444, 0.0, 0.020331819280023554)",5
7976,22,3,11,"(0.11770493585099807, 0.14970886995698662, 0.0, 0.0, 0.0, 0.04688669779969397, 0.0, 0.08279881135943302, 0.0, 0.01812760691895582)",1
7977,22,3,11,"(0.09033430006888621, 0.14970886995698662, 0.0, 0.0, 0.0, 0.04688669779969397, 0.0, 0.08279881135943302, 0.0, 0.01812760691895582)",360
7978,22,3,13,"(0.0, 0.0, 0.11679612853536596, 0.08737190169461981, 0.09172770611919409, 0.07489992963210028, 0.0, 0.0, 0.14899621190854193, 0.0)",1
7979,22,3,13,"(0.0, 0.0, 0.11679612853536596, 0.06920069129515957, 0.09172770611919409, 0.07489992963210028, 0.0, 0.0, 0.14899621190854193, 0.0)",176
7980,22,3,13,"(0.0, 0.0, 0.11679612853536596, 0.06920069129515957, 0.09172770611919409, 0.07489992963210028, 0.0, 0.0, 0.36158878827389634, 0.0)",2
7981,22,4,8,"(0.09369258606422372, 0.0, 0.08950620996642342, 0.09247639241939104, 0.09173902283359818, 0.0, 0.06826344941350267, 0.0, 0.0, 0.0)",242
7982,22,4,8,"(0.12737931804208927, 0.0, 0.08950620996642342, 0.09247639241939104, 0.09173902283359818, 0.0, 0.06210448965555333, 0.0, 0.0, 0.0)",5
7983,22,4,8,"(0.12131802361100856, 0.0, 0.08950620996642342, 0.09247639241939104, 0.1255654177407281, 0.0, 0.06826344941350267, 0.0, 0.0, 0.0)",18
7984,22,4,8,"(0.09369258606422372, 0.0, 0.08950620996642342, 0.07609762365922428, 0.07465200933978253, 0.0, 0.05205971204310737, 0.0, 0.0, 0.0)",2
7985,22,4,8,"(0.09369258606422372, 0.0, 0.08950620996642342, 0.09247639241939104, 0.07465200933978253, 0.0, 0.06826344941350267, 0.0, 0.0, 0.0)",47
7986,22,4,11,"(0.09033430006888621, 0.12642979591010964, 0.0, 0.0, 0.0, 0.04688669779969397, 0.0, 0.07984494770327444, 0.0, 0.01812760691895582)",1
7987,22,4,11,"(0.09033430006888621, 0.14970886995698662, 0.0, 0.0, 0.0, 0.04688669779969397, 0.0, 0.08279881135943302, 0.0, 0.033471365798788684)",1
7988,22,4,11,"(0.09033430006888621, 0.14970886995698662, 0.0, 0.0, 0.0, 0.04688669779969397, 0.0, 0.07984494770327444, 0.0, 0.01812760691895582)",277
7989,22,4,11,"(0.09033430006888621, 0.12322378302235426, 0.0, 0.0, 0.0, 0.04688669779969397, 0.0, 0.07984494770327444, 0.0, 0.01812760691895582)",1
7990,22,4,11,"(0.09033430006888621, 0.14970886995698662, 0.0, 0.0, 0.0, 0.04688669779969397, 0.0, 0.08279881135943302, 0.0, 0.01812760691895582)",127
7991,22,4,11,"(0.1377966302006516, 0.14970886995698662, 0.0, 0.0, 0.0, 0.04688669779969397, 0.0, 0.08279881135943302, 0.0, 0.01812760691895582)",2
7992,22,4,11,"(0.09033430006888621, 0.08671931614301463, 0.0, 0.0, 0.0, 0.04688669779969397, 0.0, 0.08279881135943302, 0.0, 0.01812760691895582)",17
7993,22,4,11,"(0.10864943828712355, 0.14970886995698662, 0.0, 0.0, 0.0, 0.04688669779969397, 0.0, 0.07984494770327444, 0.0, 0.01812760691895582)",2
7994,22,4,11,"(0.13765379121557317, 0.14970886995698662, 0.0, 0.0, 0.0, 0.04688669779969397, 0.0, 0.07984494770327444, 0.0, 0.01812760691895582)",4
7995,22,4,11,"(0.09033430006888621, 0.08671931614301463, 0.0, 0.0, 0.0, 0.04248676047497168, 0.0, 0.08279881135943302, 0.0, 0.01812760691895582)",1
7996,22,4,13,"(0.0, 0.0, 0.11679612853536596, 0.03865712062147269, 0.09172770611919409, 0.07489992963210028, 0.0, 0.0, 0.14899621190854193, 0.0)",3
7997,22,4,13,"(0.0, 0.0, 0.10378553976334409, 0.06920069129515957, 0.09172770611919409, 0.07489992963210028, 0.0, 0.0, 0.14899621190854193, 0.0)",1
7998,22,4,13,"(0.0, 0.0, 0.08515529660913876, 0.06920069129515957, 0.09172770611919409, 0.07489992963210028, 0.0, 0.0, 0.14899621190854193, 0.0)",1
7999,22,4,13,"(0.0, 0.0, 0.11679612853536596, 0.06920069129515957, 0.09172770611919409, 0.07489992963210028, 0.0, 0.0, 0.14899621190854193, 0.0)",178
8000,22,4,13,"(0.0, 0.0, 0.11679612853536596, 0.06920069129515957, 0.09172770611919409, 0.07489992963210028, 0.0, 0.0, 0.2658456125453521, 0.0)",1
8001,22,4,13,"(0.0, 0.0, 0.11679612853536596, 0.032958668687738515, 0.09172770611919409, 0.07489992963210028, 0.0, 0.0, 0.14899621190854193, 0.0)",1
8002,22,5,8,"(0.09369258606422372, 0.0, 0.08950620996642342, 0.09247639241939104, 0.09173902283359818, 0.0, 0.06826344941350267, 0.0, 0.0, 0.0)",244
8003,22,5,8,"(0.09369258606422372, 0.0, 0.08950620996642342, 0.09247639241939104, 0.07465200933978253, 0.0, 0.06826344941350267, 0.0, 0.0, 0.0)",46
8004,22,5,11,"(0.09033430006888621, 0.14970886995698662, 0.0, 0.0, 0.0, 0.06180019261343593, 0.0, 0.08279881135943302, 0.0, 0.01812760691895582)",1
8005,22,5,11,"(0.09033430006888621, 0.14970886995698662, 0.0, 0.0, 0.0, 0.04688669779969397, 0.0, 0.08279881135943302, 0.0, 0.01812760691895582)",187
8006,22,5,11,"(0.09033430006888621, 0.14970886995698662, 0.0, 0.0, 0.0, 0.04688669779969397, 0.0, 0.07984494770327444, 0.0, 0.01812760691895582)",234
8007,22,5,11,"(0.09033430006888621, 0.10727062330752579, 0.0, 0.0, 0.0, 0.04352642050444497, 0.0, 0.07984494770327444, 0.0, 0.012203401628127756)",1
8008,22,5,11,"(0.09033430006888621, 0.14970886995698662, 0.0, 0.0, 0.0, 0.04688669779969397, 0.0, 0.08279881135943302, 0.0, 0.022502126310397073)",1
8009,22,5,11,"(0.08721734575945084, 0.13019289319733765, 0.0, 0.0, 0.0, 0.05132884869006368, 0.0, 0.07984494770327444, 0.0, 0.014791683025087123)",1
8010,22,5,11,"(0.09033430006888621, 0.08671931614301463, 0.0, 0.0, 0.0, 0.04688669779969397, 0.0, 0.08279881135943302, 0.0, 0.01812760691895582)",4
8011,22,5,13,"(0.0, 0.0, 0.11679612853536596, 0.06920069129515957, 0.09172770611919409, 0.07489992963210028, 0.0, 0.0, 0.14899621190854193, 0.0)",186
8012,22,6,8,"(0.10238555672916044, 0.0, 0.08950620996642342, 0.09247639241939104, 0.09173902283359818, 0.0, 0.08059657352947193, 0.0, 0.0, 0.0)",4
8013,22,6,8,"(0.0815609222199573, 0.0, 0.08950620996642342, 0.09247639241939104, 0.09173902283359818, 0.0, 0.06826344941350267, 0.0, 0.0, 0.0)",1
8014,22,6,8,"(0.12966143104065134, 0.0, 0.08950620996642342, 0.09247639241939104, 0.09173902283359818, 0.0, 0.06826344941350267, 0.0, 0.0, 0.0)",1
8015,22,6,8,"(0.10238555672916044, 0.0, 0.08950620996642342, 0.09247639241939104, 0.09173902283359818, 0.0, 0.06826344941350267, 0.0, 0.0, 0.0)",7
8016,22,6,8,"(0.08548886952355345, 0.0, 0.08950620996642342, 0.09247639241939104, 0.0822476489981486, 0.0, 0.06826344941350267, 0.0, 0.0, 0.0)",1
8017,22,6,8,"(0.09369258606422372, 0.0, 0.08950620996642342, 0.09247639241939104, 0.1673113405290133, 0.0, 0.06826344941350267, 0.0, 0.0, 0.0)",1
8018,22,6,8,"(0.08548886952355345, 0.0, 0.08950620996642342, 0.09247639241939104, 0.09173902283359818, 0.0, 0.06826344941350267, 0.0, 0.0, 0.0)",17
8019,22,6,8,"(0.09369258606422372, 0.0, 0.06994229557839013, 0.09247639241939104, 0.09173902283359818, 0.0, 0.06826344941350267, 0.0, 0.0, 0.0)",1
8020,22,6,8,"(0.09369258606422372, 0.0, 0.08950620996642342, 0.09247639241939104, 0.09173902283359818, 0.0, 0.06826344941350267, 0.0, 0.0, 0.0)",262
8021,22,6,11,"(0.09033430006888621, 0.14970886995698662, 0.0, 0.0, 0.0, 0.04688669779969397, 0.0, 0.08279881135943302, 0.0, 0.008476347958016908)",1
8022,22,6,11,"(0.09033430006888621, 0.14970886995698662, 0.0, 0.0, 0.0, 0.04815718114689509, 0.0, 0.08279881135943302, 0.0, 0.011924326680554796)",7
8023,22,6,11,"(0.09033430006888621, 0.14970886995698662, 0.0, 0.0, 0.0, 0.04688669779969397, 0.0, 0.07984494770327444, 0.0, 0.01812760691895582)",10
8024,22,6,11,"(0.0579652290382335, 0.14970886995698662, 0.0, 0.0, 0.0, 0.04688669779969397, 0.0, 0.08279881135943302, 0.0, 0.012793383254307561)",1
8025,22,6,11,"(0.09033430006888621, 0.14970886995698662, 0.0, 0.0, 0.0, 0.06113686341528388, 0.0, 0.08279881135943302, 0.0, 0.01812760691895582)",1
8026,22,6,11,"(0.09033430006888621, 0.14970886995698662, 0.0, 0.0, 0.0, 0.04688669779969397, 0.0, 0.05888937420266716, 0.0, 0.01812760691895582)",2
8027,22,6,11,"(0.14461609070530182, 0.14970886995698662, 0.0, 0.0, 0.0, 0.04688669779969397, 0.0, 0.08279881135943302, 0.0, 0.01812760691895582)",1
8028,22,6,11,"(0.09033430006888621, 0.14970886995698662, 0.0, 0.0, 0.0, 0.04688669779969397, 0.0, 0.08279881135943302, 0.0, 0.01604490660945146)",1
8029,22,6,11,"(0.10861448201427744, 0.14970886995698662, 0.0, 0.0, 0.0, 0.04688669779969397, 0.0, 0.09777071974984325, 0.0, 0.01812760691895582)",1
8030,22,6,11,"(0.09033430006888621, 0.14970886995698662, 0.0, 0.0, 0.0, 0.04688669779969397, 0.0, 0.08279881135943302, 0.0, 0.01812760691895582)",485
8031,22,6,11,"(0.10776396953921852, 0.14970886995698662, 0.0, 0.0, 0.0, 0.04688669779969397, 0.0, 0.08279881135943302, 0.0, 0.01812760691895582)",1
8032,22,6,11,"(0.09033430006888621, 0.14970886995698662, 0.0, 0.0, 0.0, 0.04959806927866167, 0.0, 0.08279881135943302, 0.0, 0.01812760691895582)",1
8033,22,6,13,"(0.0, 0.0, 0.11679612853536596, 0.05681306813327566, 0.0840589176003259, 0.07489992963210028, 0.0, 0.0, 0.14899621190854193, 0.0)",1
8034,22,6,13,"(0.0, 0.0, 0.11679612853536596, 0.06920069129515957, 0.06633790647010959, 0.07489992963210028, 0.0, 0.0, 0.14899621190854193, 0.0)",1
8035,22,6,13,"(0.0, 0.0, 0.11679612853536596, 0.06920069129515957, 0.09172770611919409, 0.07489992963210028, 0.0, 0.0, 0.14899621190854193, 0.0)",183
8036,22,6,13,"(0.0, 0.0, 0.15792625500615284, 0.06920069129515957, 0.09172770611919409, 0.07489992963210028, 0.0, 0.0, 0.14899621190854193, 0.0)",2
8037,22,7,8,"(0.09369258606422372, 0.0, 0.08950620996642342, 0.09247639241939104, 0.0695334855071736, 0.0, 0.06826344941350267, 0.0, 0.0, 0.0)",4
8038,22,7,8,"(0.09369258606422372, 0.0, 0.08950620996642342, 0.08899550133673682, 0.09173902283359818, 0.0, 0.06826344941350267, 0.0, 0.0, 0.0)",1
8039,22,7,8,"(0.10238555672916044, 0.0, 0.08950620996642342, 0.12014594576102909, 0.12594442630264893, 0.0, 0.06826344941350267, 0.0, 0.0, 0.0)",3
8040,22,7,8,"(0.09369258606422372, 0.0, 0.08950620996642342, 0.1558049064037878, 0.09173902283359818, 0.0, 0.06826344941350267, 0.0, 0.0, 0.0)",1
8041,22,7,8,"(0.09369258606422372, 0.0, 0.08950620996642342, 0.09247639241939104, 0.09173902283359818, 0.0, 0.08086100727047259, 0.0, 0.0, 0.0)",1
8042,22,7,8,"(0.09369258606422372, 0.0, 0.08950620996642342, 0.09247639241939104, 0.09173902283359818, 0.0, 0.06826344941350267, 0.0, 0.0, 0.0)",305
8043,22,7,8,"(0.07682356025074874, 0.0, 0.08950620996642342, 0.09247639241939104, 0.09173902283359818, 0.0, 0.09224988414408715, 0.0, 0.0, 0.0)",1
8044,22,7,8,"(0.10238555672916044, 0.0, 0.08950620996642342, 0.09247639241939104, 0.09173902283359818, 0.0, 0.06826344941350267, 0.0, 0.0, 0.0)",30
8045,22,7,11,"(0.09033430006888621, 0.14970886995698662, 0.0, 0.0, 0.0, 0.04688669779969397, 0.0, 0.07984494770327444, 0.0, 0.01812760691895582)",25
8046,22,7,11,"(0.09033430006888621, 0.1074645724770842, 0.0, 0.0, 0.0, 0.04688669779969397, 0.0, 0.07984494770327444, 0.0, 0.01812760691895582)",1
8047,22,7,11,"(0.09033430006888621, 0.14970886995698662, 0.0, 0.0, 0.0, 0.04688669779969397, 0.0, 0.08279881135943302, 0.0, 0.020595673433004866)",1
8048,22,7,11,"(0.09033430006888621, 0.14970886995698662, 0.0, 0.0, 0.0, 0.04688669779969397, 0.0, 0.04151515550324744, 0.0, 0.02944687393194724)",1
8049,22,7,11,"(0.09033430006888621, 0.35054548352385545, 0.0, 0.0, 0.0, 0.04688669779969397, 0.0, 0.08279881135943302, 0.0, 0.01812760691895582)",1
8050,22,7,11,"(0.09033430006888621, 0.38704286414561595, 0.0, 0.0, 0.0, 0.04688669779969397, 0.0, 0.08279881135943302, 0.0, 0.01812760691895582)",1
8051,22,7,11,"(0.09033430006888621, 0.14970886995698662, 0.0, 0.0, 0.0, 0.04688669779969397, 0.0, 0.12023939001797329, 0.0, 0.01812760691895582)",2
8052,22,7,11,"(0.09033430006888621, 0.10891528068162491, 0.0, 0.0, 0.0, 0.04688669779969397, 0.0, 0.08279881135943302, 0.0, 0.01812760691895582)",1
8053,22,7,11,"(0.06762043977185134, 0.14970886995698662, 0.0, 0.0, 0.0, 0.04688669779969397, 0.0, 0.09498180903576456, 0.0, 0.01812760691895582)",1
8054,22,7,11,"(0.09033430006888621, 0.10873304644230508, 0.0, 0.0, 0.0, 0.04688669779969397, 0.0, 0.08279881135943302, 0.0, 0.01812760691895582)",3
8055,22,7,11,"(0.09033430006888621, 0.14970886995698662, 0.0, 0.0, 0.0, 0.04815718114689509, 0.0, 0.08279881135943302, 0.0, 0.011924326680554796)",6
8056,22,7,11,"(0.09033430006888621, 0.07628586340394707, 0.0, 0.0, 0.0, 0.04688669779969397, 0.0, 0.08279881135943302, 0.0, 0.01812760691895582)",1
8057,22,7,11,"(0.09033430006888621, 0.14970886995698662, 0.0, 0.0, 0.0, 0.055192240102903155, 0.0, 0.08279881135943302, 0.0, 0.009550204060485155)",1
8058,22,7,11,"(0.09033430006888621, 0.14970886995698662, 0.0, 0.0, 0.0, 0.04688669779969397, 0.0, 0.08279881135943302, 0.0, 0.01812760691895582)",399
8059,22,7,13,"(0.0, 0.0, 0.11679612853536596, 0.06920069129515957, 0.09172770611919409, 0.07489992963210028, 0.0, 0.0, 0.14899621190854193, 0.0)",186
8060,22,8,8,"(0.09369258606422372, 0.0, 0.08175617890918994, 0.24037150695359624, 0.09173902283359818, 0.0, 0.06826344941350267, 0.0, 0.0, 0.0)",1
8061,22,8,8,"(0.09369258606422372, 0.0, 0.08950620996642342, 0.09247639241939104, 0.09173902283359818, 0.0, 0.06826344941350267, 0.0, 0.0, 0.0)",242
8062,22,8,11,"(0.09033430006888621, 0.14970886995698662, 0.0, 0.0, 0.0, 0.04688669779969397, 0.0, 0.16003712009181323, 0.0, 0.01812760691895582)",1
8063,22,8,11,"(0.09033430006888621, 0.14970886995698662, 0.0, 0.0, 0.0, 0.04815718114689509, 0.0, 0.08279881135943302, 0.0, 0.011924326680554796)",10
8064,22,8,11,"(0.09033430006888621, 0.14970886995698662, 0.0, 0.0, 0.0, 0.04688669779969397, 0.0, 0.08279881135943302, 0.0, 0.014311254498351822)",2
8065,22,8,11,"(0.08687295721649209, 0.14970886995698662, 0.0, 0.0, 0.0, 0.04688669779969397, 0.0, 0.08279881135943302, 0.0, 0.01812760691895582)",1
8066,22,8,11,"(0.09033430006888621, 0.22916243060411612, 0.0, 0.0, 0.0, 0.04688669779969397, 0.0, 0.08279881135943302, 0.0, 0.01812760691895582)",1
8067,22,8,11,"(0.09033430006888621, 0.14970886995698662, 0.0, 0.0, 0.0, 0.04688669779969397, 0.0, 0.07984494770327444, 0.0, 0.01812760691895582)",39
8068,22,8,11,"(0.04785807415373849, 0.14970886995698662, 0.0, 0.0, 0.0, 0.04688669779969397, 0.0, 0.08279881135943302, 0.0, 0.01812760691895582)",29
8069,22,8,11,"(0.09033430006888621, 0.14970886995698662, 0.0, 0.0, 0.0, 0.04688669779969397, 0.0, 0.08279881135943302, 0.0, 0.012730637374767219)",1
8070,22,8,11,"(0.09033430006888621, 0.06383055503992445, 0.0, 0.0, 0.0, 0.04688669779969397, 0.0, 0.08279881135943302, 0.0, 0.01812760691895582)",7
8071,22,8,11,"(0.04767257646142969, 0.14970886995698662, 0.0, 0.0, 0.0, 0.04688669779969397, 0.0, 0.08279881135943302, 0.0, 0.01812760691895582)",18
8072,22,8,11,"(0.09033430006888621, 0.14970886995698662, 0.0, 0.0, 0.0, 0.04688669779969397, 0.0, 0.07984494770327444, 0.0, 0.0075175934686799555)",1
8073,22,8,11,"(0.09033430006888621, 0.14970886995698662, 0.0, 0.0, 0.0, 0.04688669779969397, 0.0, 0.08279881135943302, 0.0, 0.01812760691895582)",459
8074,22,8,11,"(0.09033430006888621, 0.16952849724013186, 0.0, 0.0, 0.0, 0.035195950185374754, 0.0, 0.07984494770327444, 0.0, 0.01729933980469775)",4
8075,22,8,11,"(0.09033430006888621, 0.14970886995698662, 0.0, 0.0, 0.0, 0.04688669779969397, 0.0, 0.08279881135943302, 0.0, 0.013141385833434202)",1
8076,22,8,13,"(0.0, 0.0, 0.11679612853536596, 0.06920069129515957, 0.09156144862002984, 0.07489992963210028, 0.0, 0.0, 0.14899621190854193, 0.0)",1
8077,22,8,13,"(0.0, 0.0, 0.11679612853536596, 0.06920069129515957, 0.09172770611919409, 0.07489992963210028, 0.0, 0.0, 0.14899621190854193, 0.0)",191
8078,22,8,13,"(0.0, 0.0, 0.11679612853536596, 0.06920069129515957, 0.09172770611919409, 0.07489992963210028, 0.0, 0.0, 0.20879145836647148, 0.0)",1
8079,22,9,8,"(0.09369258606422372, 0.0, 0.08950620996642342, 0.09247639241939104, 0.07465200933978253, 0.0, 0.06826344941350267, 0.0, 0.0, 0.0)",359
8080,22,9,11,"(0.09033430006888621, 0.14970886995698662, 0.0, 0.0, 0.0, 0.04688669779969397, 0.0, 0.08279881135943302, 0.0, 0.02335342118217925)",3
8081,22,9,11,"(0.14275938329116117, 0.14970886995698662, 0.0, 0.0, 0.0, 0.051548873715099995, 0.0, 0.08279881135943302, 0.0, 0.01812760691895582)",3
8082,22,9,11,"(0.09033430006888621, 0.14970886995698662, 0.0, 0.0, 0.0, 0.06223425182300013, 0.0, 0.08279881135943302, 0.0, 0.01812760691895582)",1
8083,22,9,11,"(0.11642427162819424, 0.14970886995698662, 0.0, 0.0, 0.0, 0.051548873715099995, 0.0, 0.08279881135943302, 0.0, 0.01812760691895582)",108
8084,22,9,11,"(0.10968041729031389, 0.1591446724960931, 0.0, 0.0, 0.0, 0.028474613988767435, 0.0, 0.08279881135943302, 0.0, 0.01812760691895582)",2
8085,22,9,11,"(0.09033430006888621, 0.14970886995698662, 0.0, 0.0, 0.0, 0.04688669779969397, 0.0, 0.08279881135943302, 0.0, 0.01812760691895582)",338
8086,22,9,11,"(0.09033430006888621, 0.14970886995698662, 0.0, 0.0, 0.0, 0.051548873715099995, 0.0, 0.08279881135943302, 0.0, 0.01812760691895582)",43
8087,22,9,11,"(0.09033430006888621, 0.14970886995698662, 0.0, 0.0, 0.0, 0.05078238000698389, 0.0, 0.06283787341421126, 0.0, 0.016473215674863245)",1
8088,22,9,11,"(0.09033430006888621, 0.14970886995698662, 0.0, 0.0, 0.0, 0.04688669779969397, 0.0, 0.08279881135943302, 0.0, 0.02394947808167692)",1
8089,22,9,11,"(0.09033430006888621, 0.14970886995698662, 0.0, 0.0, 0.0, 0.09533168095920477, 0.0, 0.08279881135943302, 0.0, 0.01812760691895582)",8
8090,22,9,13,"(0.0, 0.0, 0.11679612853536596, 0.06920069129515957, 0.09172770611919409, 0.07489992963210028, 0.0, 0.0, 0.14899621190854193, 0.0)",185
8091,22,9,13,"(0.0, 0.0, 0.11679612853536596, 0.06920069129515957, 0.09172770611919409, 0.07489992963210028, 0.0, 0.0, 0.16360805873626985, 0.0)",1
8092,22,10,8,"(0.09879747321893831, 0.0, 0.08950620996642342, 0.09247639241939104, 0.21632242740673568, 0.0, 0.05080465979093705, 0.0, 0.0, 0.0)",1
8093,22,10,8,"(0.09369258606422372, 0.0, 0.08950620996642342, 0.09672788374238091, 0.07465200933978253, 0.0, 0.06826344941350267, 0.0, 0.0, 0.0)",1
8094,22,10,8,"(0.09369258606422372, 0.0, 0.09852101591082564, 0.09247639241939104, 0.07465200933978253, 0.0, 0.06826344941350267, 0.0, 0.0, 0.0)",15
8095,22,10,8,"(0.09369258606422372, 0.0, 0.08950620996642342, 0.09247639241939104, 0.07465200933978253, 0.0, 0.1135769410736375, 0.0, 0.0, 0.0)",3
8096,22,10,8,"(0.09369258606422372, 0.0, 0.08950620996642342, 0.09247639241939104, 0.07465200933978253, 0.0, 0.06826344941350267, 0.0, 0.0, 0.0)",413
8097,22,10,8,"(0.09369258606422372, 0.0, 0.08950620996642342, 0.09247639241939104, 0.07465200933978253, 0.0, 0.0862202348702835, 0.0, 0.0, 0.0)",2
8098,22,10,8,"(0.0880018309032042, 0.0, 0.08950620996642342, 0.03669476233954116, 0.07465200933978253, 0.0, 0.06826344941350267, 0.0, 0.0, 0.0)",2
8099,22,10,11,"(0.09033430006888621, 0.09652955592299375, 0.0, 0.0, 0.0, 0.04688669779969397, 0.0, 0.08279881135943302, 0.0, 0.01812760691895582)",6
8100,22,10,11,"(0.09033430006888621, 0.21465345956401172, 0.0, 0.0, 0.0, 0.04688669779969397, 0.0, 0.08279881135943302, 0.0, 0.01812760691895582)",5
8101,22,10,11,"(0.17255850273849585, 0.14970886995698662, 0.0, 0.0, 0.0, 0.04688669779969397, 0.0, 0.08279881135943302, 0.0, 0.01812760691895582)",2
8102,22,10,11,"(0.13461101911000786, 0.11006345597963017, 0.0, 0.0, 0.0, 0.04688669779969397, 0.0, 0.08279881135943302, 0.0, 0.01812760691895582)",2
8103,22,10,11,"(0.09033430006888621, 0.14970886995698662, 0.0, 0.0, 0.0, 0.04688669779969397, 0.0, 0.08279881135943302, 0.0, 0.011489855194216945)",1
8104,22,10,11,"(0.09033430006888621, 0.14970886995698662, 0.0, 0.0, 0.0, 0.04688669779969397, 0.0, 0.08279881135943302, 0.0, 0.01812760691895582)",291
8105,22,10,11,"(0.11642427162819424, 0.14970886995698662, 0.0, 0.0, 0.0, 0.08691597204373916, 0.0, 0.08279881135943302, 0.0, 0.011834128183256675)",3
8106,22,10,13,"(0.0, 0.0, 0.11679612853536596, 0.06920069129515957, 0.09172770611919409, 0.07489992963210028, 0.0, 0.0, 0.14899621190854193, 0.0)",181
8107,22,11,8,"(0.23409513863068637, 0.0, 0.08950620996642342, 0.09247639241939104, 0.046729146487512134, 0.0, 0.06826344941350267, 0.0, 0.0, 0.0)",1
8108,22,11,8,"(0.09369258606422372, 0.0, 0.08950620996642342, 0.09247639241939104, 0.07465200933978253, 0.0, 0.06826344941350267, 0.0, 0.0, 0.0)",389
8109,22,11,8,"(0.23409513863068637, 0.0, 0.08950620996642342, 0.09247639241939104, 0.07465200933978253, 0.0, 0.06826344941350267, 0.0, 0.0, 0.0)",1
8110,22,11,8,"(0.07882641929790257, 0.0, 0.08950620996642342, 0.09247639241939104, 0.07465200933978253, 0.0, 0.04529496818205055, 0.0, 0.0, 0.0)",1
8111,22,11,8,"(0.09369258606422372, 0.0, 0.08950620996642342, 0.09247639241939104, 0.07465200933978253, 0.0, 0.05239917202679326, 0.0, 0.0, 0.0)",1
8112,22,11,8,"(0.09369258606422372, 0.0, 0.08950620996642342, 0.08184548507405133, 0.07465200933978253, 0.0, 0.06826344941350267, 0.0, 0.0, 0.0)",2
8113,22,11,8,"(0.09369258606422372, 0.0, 0.08950620996642342, 0.09247639241939104, 0.07465200933978253, 0.0, 0.06107064087818291, 0.0, 0.0, 0.0)",3
8114,22,11,11,"(0.09033430006888621, 0.14970886995698662, 0.0, 0.0, 0.0, 0.051548873715099995, 0.0, 0.08279881135943302, 0.0, 0.01812760691895582)",75
8115,22,11,11,"(0.09033430006888621, 0.3141680077883608, 0.0, 0.0, 0.0, 0.04688669779969397, 0.0, 0.08279881135943302, 0.0, 0.01812760691895582)",1
8116,22,11,11,"(0.09033430006888621, 0.14970886995698662, 0.0, 0.0, 0.0, 0.04688669779969397, 0.0, 0.08279881135943302, 0.0, 0.027183652344265192)",1
8117,22,11,11,"(0.09033430006888621, 0.14970886995698662, 0.0, 0.0, 0.0, 0.04688669779969397, 0.0, 0.08279881135943302, 0.0, 0.01812760691895582)",258
8118,22,11,11,"(0.09033430006888621, 0.14970886995698662, 0.0, 0.0, 0.0, 0.034448821393299967, 0.0, 0.08279881135943302, 0.0, 0.01812760691895582)",1
8119,22,11,11,"(0.09033430006888621, 0.14970886995698662, 0.0, 0.0, 0.0, 0.051548873715099995, 0.0, 0.08279881135943302, 0.0, 0.028728140551662326)",1
8120,22,11,11,"(0.09033430006888621, 0.21731567651528427, 0.0, 0.0, 0.0, 0.04688669779969397, 0.0, 0.08279881135943302, 0.0, 0.01812760691895582)",1
8121,22,11,11,"(0.09033430006888621, 0.10018519610175244, 0.0, 0.0, 0.0, 0.04688669779969397, 0.0, 0.08279881135943302, 0.0, 0.01812760691895582)",1
8122,22,11,11,"(0.09033430006888621, 0.2046475644126926, 0.0, 0.0, 0.0, 0.04688669779969397, 0.0, 0.08279881135943302, 0.0, 0.01812760691895582)",40
8123,22,11,13,"(0.0, 0.0, 0.11679612853536596, 0.06920069129515957, 0.09172770611919409, 0.07489992963210028, 0.0, 0.0, 0.14899621190854193, 0.0)",166
8124,22,11,13,"(0.0, 0.0, 0.11679612853536596, 0.06920069129515957, 0.09172770611919409, 0.08083005257060354, 0.0, 0.0, 0.14899621190854193, 0.0)",1
8125,22,11,13,"(0.0, 0.0, 0.11679612853536596, 0.12295379496462021, 0.11121521544004888, 0.07489992963210028, 0.0, 0.0, 0.14899621190854193, 0.0)",3
8126,22,12,8,"(0.09369258606422372, 0.0, 0.08950620996642342, 0.09247639241939104, 0.07465200933978253, 0.0, 0.06826344941350267, 0.0, 0.0, 0.0)",179
8127,22,12,8,"(0.09369258606422372, 0.0, 0.08950620996642342, 0.08933871484473395, 0.09173902283359818, 0.0, 0.06826344941350267, 0.0, 0.0, 0.0)",5
8128,22,12,8,"(0.09369258606422372, 0.0, 0.08950620996642342, 0.07014220721702095, 0.07465200933978253, 0.0, 0.08732770459181892, 0.0, 0.0, 0.0)",86
8129,22,12,8,"(0.09369258606422372, 0.0, 0.04504948110899354, 0.09247639241939104, 0.05366259794269017, 0.0, 0.10571213503223446, 0.0, 0.0, 0.0)",2
8130,22,12,11,"(0.09033430006888621, 0.16053519377806172, 0.0, 0.0, 0.0, 0.04688669779969397, 0.0, 0.08279881135943302, 0.0, 0.01812760691895582)",1
8131,22,12,11,"(0.09033430006888621, 0.21682543142426944, 0.0, 0.0, 0.0, 0.04688669779969397, 0.0, 0.08279881135943302, 0.0, 0.01812760691895582)",1
8132,22,12,11,"(0.09033430006888621, 0.09204096642916258, 0.0, 0.0, 0.0, 0.04688669779969397, 0.0, 0.08279881135943302, 0.0, 0.01812760691895582)",1
8133,22,12,11,"(0.09033430006888621, 0.09226675302378229, 0.0, 0.0, 0.0, 0.028233196747510785, 0.0, 0.08279881135943302, 0.0, 0.01812760691895582)",2
8134,22,12,11,"(0.1420894530006387, 0.14970886995698662, 0.0, 0.0, 0.0, 0.04688669779969397, 0.0, 0.08279881135943302, 0.0, 0.01812760691895582)",2
8135,22,12,11,"(0.09033430006888621, 0.14970886995698662, 0.0, 0.0, 0.0, 0.04688669779969397, 0.0, 0.06647839848022495, 0.0, 0.01812760691895582)",2
8136,22,12,11,"(0.09033430006888621, 0.14970886995698662, 0.0, 0.0, 0.0, 0.04688669779969397, 0.0, 0.06385765555440144, 0.0, 0.019735621014739198)",2
8137,22,12,11,"(0.09033430006888621, 0.21937451617216921, 0.0, 0.0, 0.0, 0.04688669779969397, 0.0, 0.08279881135943302, 0.0, 0.01812760691895582)",1
8138,22,12,11,"(0.09033430006888621, 0.14970886995698662, 0.0, 0.0, 0.0, 0.04688669779969397, 0.0, 0.08279881135943302, 0.0, 0.01812760691895582)",518
8139,22,12,11,"(0.09033430006888621, 0.14970886995698662, 0.0, 0.0, 0.0, 0.0734369708333984, 0.0, 0.336950877821795, 0.0, 0.01812760691895582)",1
8140,22,12,13,"(0.0, 0.0, 0.11679612853536596, 0.06920069129515957, 0.09172770611919409, 0.07489992963210028, 0.0, 0.0, 0.14899621190854193, 0.0)",173
8141,22,12,13,"(0.0, 0.0, 0.0720304367928206, 0.06920069129515957, 0.09172770611919409, 0.07489992963210028, 0.0, 0.0, 0.14899621190854193, 0.0)",1
8142,22,13,8,"(0.12365603484510194, 0.0, 0.08950620996642342, 0.09247639241939104, 0.07465200933978253, 0.0, 0.06826344941350267, 0.0, 0.0, 0.0)",14
8143,22,13,8,"(0.09369258606422372, 0.0, 0.05735133489292294, 0.06769298849120577, 0.07465200933978253, 0.0, 0.06826344941350267, 0.0, 0.0, 0.0)",2
8144,22,13,8,"(0.09369258606422372, 0.0, 0.08950620996642342, 0.10265260120546617, 0.05206552918308696, 0.0, 0.06826344941350267, 0.0, 0.0, 0.0)",1
8145,22,13,8,"(0.09369258606422372, 0.0, 0.08950620996642342, 0.09247639241939104, 0.07465200933978253, 0.0, 0.06826344941350267, 0.0, 0.0, 0.0)",245
8146,22,13,8,"(0.09369258606422372, 0.0, 0.11783110128598671, 0.08933871484473395, 0.09173902283359818, 0.0, 0.06826344941350267, 0.0, 0.0, 0.0)",3
8147,22,13,8,"(0.09369258606422372, 0.0, 0.08950620996642342, 0.07014220721702095, 0.07465200933978253, 0.0, 0.08732770459181892, 0.0, 0.0, 0.0)",53
8148,22,13,8,"(0.09369258606422372, 0.0, 0.08950620996642342, 0.042211180316194565, 0.07465200933978253, 0.0, 0.13420123105029705, 0.0, 0.0, 0.0)",3
8149,22,13,8,"(0.09369258606422372, 0.0, 0.08950620996642342, 0.08933871484473395, 0.09173902283359818, 0.0, 0.06826344941350267, 0.0, 0.0, 0.0)",35
8150,22,13,8,"(0.09369258606422372, 0.0, 0.08950620996642342, 0.09247639241939104, 0.07465200933978253, 0.0, 0.14064635687027577, 0.0, 0.0, 0.0)",1
8151,22,13,8,"(0.09369258606422372, 0.0, 0.08950620996642342, 0.09247639241939104, 0.05616568032153035, 0.0, 0.06367182446753608, 0.0, 0.0, 0.0)",2
8152,22,13,8,"(0.09369258606422372, 0.0, 0.08950620996642342, 0.09247639241939104, 0.050667480809052236, 0.0, 0.06826344941350267, 0.0, 0.0, 0.0)",1
8153,22,13,11,"(0.09033430006888621, 0.14970886995698662, 0.0, 0.0, 0.0, 0.04688669779969397, 0.0, 0.16189476153171983, 0.0, 0.01812760691895582)",1
8154,22,13,11,"(0.09033430006888621, 0.14970886995698662, 0.0, 0.0, 0.0, 0.0792368357487127, 0.0, 0.08279881135943302, 0.0, 0.016378067313000386)",11
8155,22,13,11,"(0.09033430006888621, 0.14970886995698662, 0.0, 0.0, 0.0, 0.05569966425680753, 0.0, 0.08279881135943302, 0.0, 0.01812760691895582)",10
8156,22,13,11,"(0.09033430006888621, 0.14970886995698662, 0.0, 0.0, 0.0, 0.029543109503607935, 0.0, 0.06880216615894176, 0.0, 0.01812760691895582)",1
8157,22,13,11,"(0.09033430006888621, 0.14970886995698662, 0.0, 0.0, 0.0, 0.04688669779969397, 0.0, 0.12254961172321993, 0.0, 0.01812760691895582)",2
8158,22,13,11,"(0.09033430006888621, 0.14970886995698662, 0.0, 0.0, 0.0, 0.04688669779969397, 0.0, 0.08279881135943302, 0.0, 0.053263436565798045)",1
8159,22,13,11,"(0.09033430006888621, 0.14970886995698662, 0.0, 0.0, 0.0, 0.04688669779969397, 0.0, 0.08279881135943302, 0.0, 0.01812760691895582)",394
8160,22,13,11,"(0.09033430006888621, 0.14970886995698662, 0.0, 0.0, 0.0, 0.04688669779969397, 0.0, 0.08279881135943302, 0.0, 0.005686602435464522)",1
8161,22,13,11,"(0.09033430006888621, 0.14970886995698662, 0.0, 0.0, 0.0, 0.04688669779969397, 0.0, 0.04334998101548876, 0.0, 0.01812760691895582)",1
8162,22,13,11,"(0.09033430006888621, 0.14970886995698662, 0.0, 0.0, 0.0, 0.04688669779969397, 0.0, 0.08279881135943302, 0.0, 0.011208944197682744)",1
8163,22,13,11,"(0.09033430006888621, 0.14970886995698662, 0.0, 0.0, 0.0, 0.05440447881759161, 0.0, 0.08279881135943302, 0.0, 0.01812760691895582)",3
8164,22,13,13,"(0.0, 0.0, 0.11679612853536596, 0.06920069129515957, 0.09172770611919409, 0.07489992963210028, 0.0, 0.0, 0.22339040312884065, 0.0)",1
8165,22,13,13,"(0.0, 0.0, 0.11679612853536596, 0.047397492269804255, 0.09172770611919409, 0.07489992963210028, 0.0, 0.0, 0.14899621190854193, 0.0)",2
8166,22,13,13,"(0.0, 0.0, 0.11679612853536596, 0.06920069129515957, 0.09172770611919409, 0.07489992963210028, 0.0, 0.0, 0.14899621190854193, 0.0)",155
8167,22,13,13,"(0.0, 0.0, 0.08336690007762883, 0.06920069129515957, 0.09172770611919409, 0.06017878292259234, 0.0, 0.0, 0.14899621190854193, 0.0)",4
8168,22,13,13,"(0.0, 0.0, 0.11679612853536596, 0.06920069129515957, 0.18100927215062093, 0.07489992963210028, 0.0, 0.0, 0.11482539491394102, 0.0)",1
8169,22,14,8,"(0.09369258606422372, 0.0, 0.08950620996642342, 0.09247639241939104, 0.07261479989978101, 0.0, 0.06826344941350267, 0.0, 0.0, 0.0)",1
8170,22,14,8,"(0.09369258606422372, 0.0, 0.08950620996642342, 0.09247639241939104, 0.07465200933978253, 0.0, 0.06826344941350267, 0.0, 0.0, 0.0)",209
8171,22,14,8,"(0.048538956284584656, 0.0, 0.08950620996642342, 0.09247639241939104, 0.08418238934417795, 0.0, 0.0642130238436577, 0.0, 0.0, 0.0)",1
8172,22,14,8,"(0.09369258606422372, 0.0, 0.08950620996642342, 0.08933871484473395, 0.09173902283359818, 0.0, 0.06826344941350267, 0.0, 0.0, 0.0)",107
8173,22,14,11,"(0.09033430006888621, 0.14970886995698662, 0.0, 0.0, 0.0, 0.04688669779969397, 0.0, 0.10280693016366524, 0.0, 0.01812760691895582)",2
8174,22,14,11,"(0.09033430006888621, 0.14970886995698662, 0.0, 0.0, 0.0, 0.030295771496229397, 0.0, 0.08279881135943302, 0.0, 0.01812760691895582)",2
8175,22,14,11,"(0.06718468412572448, 0.14970886995698662, 0.0, 0.0, 0.0, 0.04688669779969397, 0.0, 0.08279881135943302, 0.0, 0.01812760691895582)",3
8176,22,14,11,"(0.09033430006888621, 0.14970886995698662, 0.0, 0.0, 0.0, 0.04688669779969397, 0.0, 0.08279881135943302, 0.0, 0.01812760691895582)",506
8177,22,14,11,"(0.09033430006888621, 0.14970886995698662, 0.0, 0.0, 0.0, 0.04688669779969397, 0.0, 0.0548732952030967, 0.0, 0.01812760691895582)",1
8178,22,14,11,"(0.09033430006888621, 0.14970886995698662, 0.0, 0.0, 0.0, 0.0406731833837939, 0.0, 0.08279881135943302, 0.0, 0.01812760691895582)",2
8179,22,14,11,"(0.09033430006888621, 0.14970886995698662, 0.0, 0.0, 0.0, 0.05441775602930711, 0.0, 0.08279881135943302, 0.0, 0.010873331844184783)",1
8180,22,14,11,"(0.09033430006888621, 0.14970886995698662, 0.0, 0.0, 0.0, 0.048601834510540315, 0.0, 0.08279881135943302, 0.0, 0.01812760691895582)",1
8181,22,14,11,"(0.09033430006888621, 0.14970886995698662, 0.0, 0.0, 0.0, 0.04688669779969397, 0.0, 0.08279881135943302, 0.0, 0.01989123855798404)",2
8182,22,14,11,"(0.09033430006888621, 0.14970886995698662, 0.0, 0.0, 0.0, 0.04688669779969397, 0.0, 0.09592459338734609, 0.0, 0.01812760691895582)",6
8183,22,14,13,"(0.0, 0.0, 0.11679612853536596, 0.07331356952397174, 0.09172770611919409, 0.07489992963210028, 0.0, 0.0, 0.14899621190854193, 0.0)",1
8184,22,14,13,"(0.0, 0.0, 0.11679612853536596, 0.06920069129515957, 0.09172770611919409, 0.07489992963210028, 0.0, 0.0, 0.14899621190854193, 0.0)",164
8185,22,15,8,"(0.09369258606422372, 0.0, 0.08950620996642342, 0.09247639241939104, 0.07465200933978253, 0.0, 0.06826344941350267, 0.0, 0.0, 0.0)",145
8186,22,15,8,"(0.09369258606422372, 0.0, 0.08950620996642342, 0.07014220721702095, 0.07465200933978253, 0.0, 0.08732770459181892, 0.0, 0.0, 0.0)",75
8187,22,15,8,"(0.09369258606422372, 0.0, 0.08950620996642342, 0.08933871484473395, 0.09173902283359818, 0.0, 0.06826344941350267, 0.0, 0.0, 0.0)",67
8188,22,15,8,"(0.09369258606422372, 0.0, 0.08950620996642342, 0.09247639241939104, 0.07465200933978253, 0.0, 0.0901778074686828, 0.0, 0.0, 0.0)",3
8189,22,15,11,"(0.09033430006888621, 0.20548828951921286, 0.0, 0.0, 0.0, 0.04688669779969397, 0.0, 0.08279881135943302, 0.0, 0.01812760691895582)",2
8190,22,15,11,"(0.09033430006888621, 0.18824759784954653, 0.0, 0.0, 0.0, 0.04688669779969397, 0.0, 0.08279881135943302, 0.0, 0.01812760691895582)",7
8191,22,15,11,"(0.09033430006888621, 0.14970886995698662, 0.0, 0.0, 0.0, 0.04513046999523759, 0.0, 0.08279881135943302, 0.0, 0.01812760691895582)",7
8192,22,15,11,"(0.09033430006888621, 0.058860876215144464, 0.0, 0.0, 0.0, 0.05704413886215591, 0.0, 0.08279881135943302, 0.0, 0.01812760691895582)",1
8193,22,15,11,"(0.03984729479898489, 0.24348413406479955, 0.0, 0.0, 0.0, 0.04688669779969397, 0.0, 0.08279881135943302, 0.0, 0.01812760691895582)",3
8194,22,15,11,"(0.09033430006888621, 0.14970886995698662, 0.0, 0.0, 0.0, 0.04688669779969397, 0.0, 0.13253637585886685, 0.0, 0.01812760691895582)",2
8195,22,15,11,"(0.09033430006888621, 0.14970886995698662, 0.0, 0.0, 0.0, 0.04688669779969397, 0.0, 0.08279881135943302, 0.0, 0.01812760691895582)",443
8196,22,15,11,"(0.09033430006888621, 0.14970886995698662, 0.0, 0.0, 0.0, 0.04688669779969397, 0.0, 0.08279881135943302, 0.0, 0.013911647676429006)",19
8197,22,15,11,"(0.09033430006888621, 0.14970886995698662, 0.0, 0.0, 0.0, 0.04545958581706672, 0.0, 0.08279881135943302, 0.0, 0.01812760691895582)",6
8198,22,15,11,"(0.08779204919402012, 0.14970886995698662, 0.0, 0.0, 0.0, 0.045368034388709406, 0.0, 0.08279881135943302, 0.0, 0.01812760691895582)",1
8199,22,15,11,"(0.09033430006888621, 0.14970886995698662, 0.0, 0.0, 0.0, 0.04688669779969397, 0.0, 0.10579659396700314, 0.0, 0.01812760691895582)",2
8200,22,15,11,"(0.09033430006888621, 0.14970886995698662, 0.0, 0.0, 0.0, 0.04688669779969397, 0.0, 0.08279881135943302, 0.0, 0.014253085119169139)",1
8201,22,15,11,"(0.09033430006888621, 0.100087021387506, 0.0, 0.0, 0.0, 0.04688669779969397, 0.0, 0.08279881135943302, 0.0, 0.01812760691895582)",1
8202,22,15,13,"(0.0, 0.0, 0.11679612853536596, 0.06920069129515957, 0.09172770611919409, 0.07489992963210028, 0.0, 0.0, 0.14899621190854193, 0.0)",171
8203,22,15,13,"(0.0, 0.0, 0.11679612853536596, 0.05616246157896281, 0.09172770611919409, 0.07489992963210028, 0.0, 0.0, 0.14899621190854193, 0.0)",4
8204,22,15,13,"(0.0, 0.0, 0.11679612853536596, 0.07265208535082598, 0.09172770611919409, 0.07489992963210028, 0.0, 0.0, 0.1277744235944039, 0.0)",1
8205,22,16,8,"(0.09369258606422372, 0.0, 0.08950620996642342, 0.08933871484473395, 0.09173902283359818, 0.0, 0.06826344941350267, 0.0, 0.0, 0.0)",67
8206,22,16,8,"(0.09369258606422372, 0.0, 0.08950620996642342, 0.07014220721702095, 0.07465200933978253, 0.0, 0.08732770459181892, 0.0, 0.0, 0.0)",123
8207,22,16,8,"(0.0968153918769723, 0.0, 0.045490233672946793, 0.07014220721702095, 0.07465200933978253, 0.0, 0.08732770459181892, 0.0, 0.0, 0.0)",2
8208,22,16,8,"(0.09369258606422372, 0.0, 0.08950620996642342, 0.09247639241939104, 0.07465200933978253, 0.0, 0.06826344941350267, 0.0, 0.0, 0.0)",110
8209,22,16,8,"(0.09369258606422372, 0.0, 0.09858407954782332, 0.07014220721702095, 0.07465200933978253, 0.0, 0.08732770459181892, 0.0, 0.0, 0.0)",1
8210,22,16,8,"(0.09369258606422372, 0.0, 0.08950620996642342, 0.09247639241939104, 0.09173902283359818, 0.0, 0.06826344941350267, 0.0, 0.0, 0.0)",20
8211,22,16,8,"(0.09369258606422372, 0.0, 0.18672228304407895, 0.07014220721702095, 0.07465200933978253, 0.0, 0.09713842989365311, 0.0, 0.0, 0.0)",5
8212,22,16,11,"(0.09033430006888621, 0.14970886995698662, 0.0, 0.0, 0.0, 0.04688669779969397, 0.0, 0.05798642870800251, 0.0, 0.01812760691895582)",1
8213,22,16,11,"(0.09033430006888621, 0.14970886995698662, 0.0, 0.0, 0.0, 0.029002500995172865, 0.0, 0.08279881135943302, 0.0, 0.01812760691895582)",1
8214,22,16,11,"(0.09033430006888621, 0.14970886995698662, 0.0, 0.0, 0.0, 0.04688669779969397, 0.0, 0.08279881135943302, 0.0, 0.01812760691895582)",387
8215,22,16,11,"(0.09812119121487463, 0.14970886995698662, 0.0, 0.0, 0.0, 0.04688669779969397, 0.0, 0.08279881135943302, 0.0, 0.01812760691895582)",2
8216,22,16,11,"(0.09033430006888621, 0.14970886995698662, 0.0, 0.0, 0.0, 0.04688669779969397, 0.0, 0.08279881135943302, 0.0, 0.023419966206093885)",1
8217,22,16,11,"(0.0992380356834976, 0.14970886995698662, 0.0, 0.0, 0.0, 0.04688669779969397, 0.0, 0.08279881135943302, 0.0, 0.01812760691895582)",2
8218,22,16,13,"(0.0, 0.0, 0.11679612853536596, 0.03894382546918907, 0.07715607544581089, 0.07489992963210028, 0.0, 0.0, 0.16967258195998097, 0.0)",2
8219,22,16,13,"(0.0, 0.0, 0.11679612853536596, 0.06960645711353702, 0.07715607544581089, 0.07489992963210028, 0.0, 0.0, 0.16967258195998097, 0.0)",3
8220,22,16,13,"(0.0, 0.0, 0.11679612853536596, 0.05260342175519633, 0.09172770611919409, 0.07489992963210028, 0.0, 0.0, 0.14899621190854193, 0.0)",1
8221,22,16,13,"(0.0, 0.0, 0.11679612853536596, 0.050599424202600725, 0.09172770611919409, 0.07489992963210028, 0.0, 0.0, 0.14899621190854193, 0.0)",1
8222,22,16,13,"(0.0, 0.0, 0.11679612853536596, 0.06920069129515957, 0.09172770611919409, 0.07489992963210028, 0.0, 0.0, 0.16967258195998097, 0.0)",106
8223,22,16,13,"(0.0, 0.0, 0.11679612853536596, 0.06920069129515957, 0.09172770611919409, 0.07489992963210028, 0.0, 0.0, 0.14899621190854193, 0.0)",95
8224,22,17,8,"(0.09369258606422372, 0.0, 0.0984421387727515, 0.09247639241939104, 0.07465200933978253, 0.0, 0.048785801919312304, 0.0, 0.0, 0.0)",2
8225,22,17,8,"(0.09369258606422372, 0.0, 0.08950620996642342, 0.07014220721702095, 0.057436508407368504, 0.0, 0.08732770459181892, 0.0, 0.0, 0.0)",2
8226,22,17,8,"(0.09369258606422372, 0.0, 0.08485669349369451, 0.09247639241939104, 0.07465200933978253, 0.0, 0.06826344941350267, 0.0, 0.0, 0.0)",1
8227,22,17,8,"(0.09369258606422372, 0.0, 0.08950620996642342, 0.08933871484473395, 0.09173902283359818, 0.0, 0.06826344941350267, 0.0, 0.0, 0.0)",47
8228,22,17,8,"(0.09369258606422372, 0.0, 0.08950620996642342, 0.09247639241939104, 0.07465200933978253, 0.0, 0.04647906452806736, 0.0, 0.0, 0.0)",1
8229,22,17,8,"(0.09369258606422372, 0.0, 0.08950620996642342, 0.08933871484473395, 0.16269451999919504, 0.0, 0.06826344941350267, 0.0, 0.0, 0.0)",1
8230,22,17,8,"(0.09369258606422372, 0.0, 0.08950620996642342, 0.11665847641748892, 0.07465200933978253, 0.0, 0.08732770459181892, 0.0, 0.0, 0.0)",1
8231,22,17,8,"(0.09369258606422372, 0.0, 0.08950620996642342, 0.09247639241939104, 0.07465200933978253, 0.0, 0.06826344941350267, 0.0, 0.0, 0.0)",166
8232,22,17,8,"(0.09369258606422372, 0.0, 0.08950620996642342, 0.07014220721702095, 0.07465200933978253, 0.0, 0.08732770459181892, 0.0, 0.0, 0.0)",70
8233,22,17,11,"(0.09033430006888621, 0.14970886995698662, 0.0, 0.0, 0.0, 0.04688669779969397, 0.0, 0.08279881135943302, 0.0, 0.021048300033640357)",1
8234,22,17,11,"(0.09033430006888621, 0.14970886995698662, 0.0, 0.0, 0.0, 0.04688669779969397, 0.0, 0.1422967850864272, 0.0, 0.01812760691895582)",7
8235,22,17,11,"(0.09033430006888621, 0.08249498209033225, 0.0, 0.0, 0.0, 0.04688669779969397, 0.0, 0.08279881135943302, 0.0, 0.01812760691895582)",106
8236,22,17,11,"(0.06456672718220502, 0.14970886995698662, 0.0, 0.0, 0.0, 0.07668817417815693, 0.0, 0.08279881135943302, 0.0, 0.01812760691895582)",2
8237,22,17,11,"(0.09033430006888621, 0.14970886995698662, 0.0, 0.0, 0.0, 0.051154061566072856, 0.0, 0.10563023737176652, 0.0, 0.01812760691895582)",1
8238,22,17,11,"(0.09033430006888621, 0.08249498209033225, 0.0, 0.0, 0.0, 0.04688669779969397, 0.0, 0.04463275234025622, 0.0, 0.01812760691895582)",1
8239,22,17,11,"(0.09033430006888621, 0.14970886995698662, 0.0, 0.0, 0.0, 0.04688669779969397, 0.0, 0.08279881135943302, 0.0, 0.01812760691895582)",407
8240,22,17,13,"(0.0, 0.0, 0.11679612853536596, 0.06920069129515957, 0.09172770611919409, 0.07489992963210028, 0.0, 0.0, 0.14899621190854193, 0.0)",62
8241,22,17,13,"(0.0, 0.0, 0.11679612853536596, 0.06920069129515957, 0.09172770611919409, 0.07489992963210028, 0.0, 0.0, 0.16967258195998097, 0.0)",40
8242,22,17,13,"(0.0, 0.0, 0.11679612853536596, 0.04933567627386045, 0.09172770611919409, 0.07489992963210028, 0.0, 0.0, 0.14899621190854193, 0.0)",70
8243,22,17,13,"(0.0, 0.0, 0.11679612853536596, 0.06920069129515957, 0.11883766137245527, 0.07489992963210028, 0.0, 0.0, 0.16967258195998097, 0.0)",3
8244,22,17,13,"(0.0, 0.0, 0.07176388508036849, 0.06920069129515957, 0.07493991024539363, 0.07489992963210028, 0.0, 0.0, 0.14899621190854193, 0.0)",2
8245,22,18,8,"(0.09369258606422372, 0.0, 0.14278451280822874, 0.09247639241939104, 0.07465200933978253, 0.0, 0.06826344941350267, 0.0, 0.0, 0.0)",7
8246,22,18,8,"(0.09369258606422372, 0.0, 0.08950620996642342, 0.08436978617041485, 0.0910485956967918, 0.0, 0.06826344941350267, 0.0, 0.0, 0.0)",2
8247,22,18,8,"(0.09369258606422372, 0.0, 0.08950620996642342, 0.09247639241939104, 0.07465200933978253, 0.0, 0.06826344941350267, 0.0, 0.0, 0.0)",299
8248,22,18,8,"(0.07485215534252226, 0.0, 0.08950620996642342, 0.09247639241939104, 0.07465200933978253, 0.0, 0.06826344941350267, 0.0, 0.0, 0.0)",1
8249,22,18,8,"(0.09369258606422372, 0.0, 0.08950620996642342, 0.09247639241939104, 0.05042126210868942, 0.0, 0.06826344941350267, 0.0, 0.0, 0.0)",9
8250,22,18,8,"(0.09369258606422372, 0.0, 0.0595301625366539, 0.09247639241939104, 0.05042126210868942, 0.0, 0.06826344941350267, 0.0, 0.0, 0.0)",12
8251,22,18,11,"(0.09033430006888621, 0.14970886995698662, 0.0, 0.0, 0.0, 0.02222859849970704, 0.0, 0.08150333912243249, 0.0, 0.01812760691895582)",1
8252,22,18,11,"(0.09033430006888621, 0.14970886995698662, 0.0, 0.0, 0.0, 0.051548873715099995, 0.0, 0.06854581336617044, 0.0, 0.01484727845425615)",1
8253,22,18,11,"(0.09033430006888621, 0.14970886995698662, 0.0, 0.0, 0.0, 0.04688669779969397, 0.0, 0.16853100834761064, 0.0, 0.02032451894170634)",1
8254,22,18,11,"(0.09033430006888621, 0.14970886995698662, 0.0, 0.0, 0.0, 0.051548873715099995, 0.0, 0.08279881135943302, 0.0, 0.01812760691895582)",185
8255,22,18,11,"(0.09033430006888621, 0.14970886995698662, 0.0, 0.0, 0.0, 0.04688669779969397, 0.0, 0.08279881135943302, 0.0, 0.019188359053205626)",1
8256,22,18,11,"(0.09033430006888621, 0.14970886995698662, 0.0, 0.0, 0.0, 0.051548873715099995, 0.0, 0.1114032996957137, 0.0, 0.01812760691895582)",1
8257,22,18,11,"(0.11944621909909764, 0.14970886995698662, 0.0, 0.0, 0.0, 0.051548873715099995, 0.0, 0.08279881135943302, 0.0, 0.009552262939433957)",1
8258,22,18,11,"(0.09033430006888621, 0.09098163449016482, 0.0, 0.0, 0.0, 0.04688669779969397, 0.0, 0.08279881135943302, 0.0, 0.01812760691895582)",1
8259,22,18,11,"(0.09033430006888621, 0.14970886995698662, 0.0, 0.0, 0.0, 0.04688669779969397, 0.0, 0.08279881135943302, 0.0, 0.010303957686340555)",1
8260,22,18,11,"(0.09033430006888621, 0.15274055772251172, 0.0, 0.0, 0.0, 0.04688669779969397, 0.0, 0.08279881135943302, 0.0, 0.01812760691895582)",1
8261,22,18,11,"(0.09033430006888621, 0.14970886995698662, 0.0, 0.0, 0.0, 0.04688669779969397, 0.0, 0.08279881135943302, 0.0, 0.01812760691895582)",218
8262,22,18,13,"(0.0, 0.0, 0.09030550051848031, 0.06920069129515957, 0.09172770611919409, 0.07489992963210028, 0.0, 0.0, 0.14899621190854193, 0.0)",1
8263,22,18,13,"(0.0, 0.0, 0.11679612853536596, 0.09921215091567555, 0.09172770611919409, 0.07489992963210028, 0.0, 0.0, 0.08318022502879022, 0.0)",1
8264,22,18,13,"(0.0, 0.0, 0.11679612853536596, 0.06920069129515957, 0.09172770611919409, 0.07489992963210028, 0.0, 0.0, 0.14899621190854193, 0.0)",166
8265,22,19,8,"(0.08809988947471695, 0.0, 0.08950620996642342, 0.09247639241939104, 0.07465200933978253, 0.0, 0.06826344941350267, 0.0, 0.0, 0.0)",2
8266,22,19,8,"(0.09369258606422372, 0.0, 0.08950620996642342, 0.09247639241939104, 0.07465200933978253, 0.0, 0.03982535465680445, 0.0, 0.0, 0.0)",19
8267,22,19,8,"(0.09369258606422372, 0.0, 0.08950620996642342, 0.09247639241939104, 0.07465200933978253, 0.0, 0.06826344941350267, 0.0, 0.0, 0.0)",301
8268,22,19,8,"(0.09369258606422372, 0.0, 0.08950620996642342, 0.09247639241939104, 0.07465200933978253, 0.0, 0.07518473102374874, 0.0, 0.0, 0.0)",1
8269,22,19,8,"(0.09369258606422372, 0.0, 0.08950620996642342, 0.07206948421010818, 0.07465200933978253, 0.0, 0.06826344941350267, 0.0, 0.0, 0.0)",22
8270,22,19,8,"(0.09369258606422372, 0.0, 0.08950620996642342, 0.09247639241939104, 0.05042126210868942, 0.0, 0.06826344941350267, 0.0, 0.0, 0.0)",10
8271,22,19,8,"(0.09369258606422372, 0.0, 0.055574177041201524, 0.09247639241939104, 0.07465200933978253, 0.0, 0.03889104592671589, 0.0, 0.0, 0.0)",1
8272,22,19,8,"(0.09369258606422372, 0.0, 0.08950620996642342, 0.09247639241939104, 0.07465200933978253, 0.0, 0.048990653622182086, 0.0, 0.0, 0.0)",2
8273,22,19,8,"(0.09369258606422372, 0.0, 0.08950620996642342, 0.09247639241939104, 0.07347260202984197, 0.0, 0.05881779200389025, 0.0, 0.0, 0.0)",1
8274,22,19,11,"(0.09033430006888621, 0.14970886995698662, 0.0, 0.0, 0.0, 0.04688669779969397, 0.0, 0.08279881135943302, 0.0, 0.01812760691895582)",226
8275,22,19,11,"(0.09033430006888621, 0.14970886995698662, 0.0, 0.0, 0.0, 0.051548873715099995, 0.0, 0.11782209432214859, 0.0, 0.01812760691895582)",1
8276,22,19,11,"(0.09033430006888621, 0.14970886995698662, 0.0, 0.0, 0.0, 0.05265923338903454, 0.0, 0.08279881135943302, 0.0, 0.01812760691895582)",14
8277,22,19,11,"(0.11170144065190447, 0.14970886995698662, 0.0, 0.0, 0.0, 0.04688669779969397, 0.0, 0.08279881135943302, 0.0, 0.01812760691895582)",7
8278,22,19,11,"(0.09033430006888621, 0.14970886995698662, 0.0, 0.0, 0.0, 0.040766363025617876, 0.0, 0.08279881135943302, 0.0, 0.01812760691895582)",2
8279,22,19,11,"(0.09033430006888621, 0.14970886995698662, 0.0, 0.0, 0.0, 0.051548873715099995, 0.0, 0.08279881135943302, 0.0, 0.01812760691895582)",166
8280,22,19,13,"(0.0, 0.0, 0.11679612853536596, 0.06920069129515957, 0.09172770611919409, 0.07489992963210028, 0.0, 0.0, 0.14899621190854193, 0.0)",193
8281,22,19,13,"(0.0, 0.0, 0.14037588533197923, 0.06920069129515957, 0.09172770611919409, 0.07489992963210028, 0.0, 0.0, 0.14899621190854193, 0.0)",1
8282,22,19,13,"(0.0, 0.0, 0.16874247912705145, 0.09513488553536999, 0.09172770611919409, 0.07489992963210028, 0.0, 0.0, 0.14899621190854193, 0.0)",3
8283,22,19,13,"(0.0, 0.0, 0.11679612853536596, 0.06920069129515957, 0.08973285461975786, 0.07489992963210028, 0.0, 0.0, 0.14899621190854193, 0.0)",3
8284,22,20,8,"(0.09369258606422372, 0.0, 0.08950620996642342, 0.05639833679188372, 0.05042126210868942, 0.0, 0.06826344941350267, 0.0, 0.0, 0.0)",1
8285,22,20,8,"(0.06937869716358706, 0.0, 0.08950620996642342, 0.05931755424537094, 0.07465200933978253, 0.0, 0.06826344941350267, 0.0, 0.0, 0.0)",1
8286,22,20,8,"(0.09369258606422372, 0.0, 0.08950620996642342, 0.09247639241939104, 0.07465200933978253, 0.0, 0.03982535465680445, 0.0, 0.0, 0.0)",10
8287,22,20,8,"(0.09369258606422372, 0.0, 0.08950620996642342, 0.09247639241939104, 0.05042126210868942, 0.0, 0.06826344941350267, 0.0, 0.0, 0.0)",44
8288,22,20,8,"(0.09369258606422372, 0.0, 0.08950620996642342, 0.09247639241939104, 0.07465200933978253, 0.0, 0.06826344941350267, 0.0, 0.0, 0.0)",223
8289,22,20,8,"(0.11248104494533157, 0.0, 0.08950620996642342, 0.09247639241939104, 0.07465200933978253, 0.0, 0.06826344941350267, 0.0, 0.0, 0.0)",1
8290,22,20,8,"(0.09369258606422372, 0.0, 0.08950620996642342, 0.09247639241939104, 0.07465200933978253, 0.0, 0.04267524518037018, 0.0, 0.0, 0.0)",1
8291,22,20,8,"(0.09369258606422372, 0.0, 0.08950620996642342, 0.09247639241939104, 0.07465200933978253, 0.0, 0.056804290014541264, 0.0, 0.0, 0.0)",1
8292,22,20,8,"(0.09369258606422372, 0.0, 0.08950620996642342, 0.09247639241939104, 0.07078719009714013, 0.0, 0.06826344941350267, 0.0, 0.0, 0.0)",3
8293,22,20,8,"(0.10105052655752063, 0.0, 0.08950620996642342, 0.09247639241939104, 0.05847939554658741, 0.0, 0.06826344941350267, 0.0, 0.0, 0.0)",16
8294,22,20,8,"(0.09369258606422372, 0.0, 0.08950620996642342, 0.09247639241939104, 0.05042126210868942, 0.0, 0.07179618255879357, 0.0, 0.0, 0.0)",1
8295,22,20,8,"(0.09369258606422372, 0.0, 0.08950620996642342, 0.09247639241939104, 0.07465200933978253, 0.0, 0.061263751711289685, 0.0, 0.0, 0.0)",4
8296,22,20,8,"(0.07009944456843994, 0.0, 0.08950620996642342, 0.09247639241939104, 0.07465200933978253, 0.0, 0.06826344941350267, 0.0, 0.0, 0.0)",1
8297,22,20,11,"(0.09033430006888621, 0.12478209717085659, 0.0, 0.0, 0.0, 0.03809709258061877, 0.0, 0.08279881135943302, 0.0, 0.01812760691895582)",2
8298,22,20,11,"(0.09033430006888621, 0.1710802351611243, 0.0, 0.0, 0.0, 0.04688669779969397, 0.0, 0.08279881135943302, 0.0, 0.01812760691895582)",3
8299,22,20,11,"(0.14391582296054403, 0.14970886995698662, 0.0, 0.0, 0.0, 0.04688669779969397, 0.0, 0.08279881135943302, 0.0, 0.01812760691895582)",1
8300,22,20,11,"(0.08495547262214423, 0.16312118344417367, 0.0, 0.0, 0.0, 0.054134889466401354, 0.0, 0.08279881135943302, 0.0, 0.01812760691895582)",2
8301,22,20,11,"(0.09033430006888621, 0.14970886995698662, 0.0, 0.0, 0.0, 0.04688669779969397, 0.0, 0.08279881135943302, 0.0, 0.023467821594213494)",2
8302,22,20,11,"(0.09033430006888621, 0.11408056971532227, 0.0, 0.0, 0.0, 0.051548873715099995, 0.0, 0.08279881135943302, 0.0, 0.021431834244316755)",1
8303,22,20,11,"(0.09033430006888621, 0.14970886995698662, 0.0, 0.0, 0.0, 0.04688669779969397, 0.0, 0.08279881135943302, 0.0, 0.01812760691895582)",266
8304,22,20,11,"(0.09033430006888621, 0.14970886995698662, 0.0, 0.0, 0.0, 0.051548873715099995, 0.0, 0.08279881135943302, 0.0, 0.01812760691895582)",233
8305,22,20,11,"(0.09033430006888621, 0.14970886995698662, 0.0, 0.0, 0.0, 0.04688669779969397, 0.0, 0.06599884979199377, 0.0, 0.01812760691895582)",1
8306,22,20,11,"(0.12919788120499123, 0.14970886995698662, 0.0, 0.0, 0.0, 0.04688669779969397, 0.0, 0.08279881135943302, 0.0, 0.01812760691895582)",5
8307,22,20,11,"(0.11765709748128056, 0.14970886995698662, 0.0, 0.0, 0.0, 0.04688669779969397, 0.0, 0.08279881135943302, 0.0, 0.019046749972281944)",2
8308,22,20,11,"(0.09033430006888621, 0.14970886995698662, 0.0, 0.0, 0.0, 0.04688669779969397, 0.0, 0.08279881135943302, 0.0, 0.012983026492234649)",1
8309,22,20,11,"(0.11081899550389632, 0.14970886995698662, 0.0, 0.0, 0.0, 0.051548873715099995, 0.0, 0.0902993512107996, 0.0, 0.01812760691895582)",5
8310,22,20,13,"(0.0, 0.0, 0.11679612853536596, 0.06920069129515957, 0.09172770611919409, 0.07489992963210028, 0.0, 0.0, 0.14899621190854193, 0.0)",171
8311,22,20,13,"(0.0, 0.0, 0.09754709620005492, 0.06920069129515957, 0.09172770611919409, 0.07489992963210028, 0.0, 0.0, 0.14899621190854193, 0.0)",1
8312,22,20,13,"(0.0, 0.0, 0.11679612853536596, 0.038063938187068304, 0.09172770611919409, 0.07489992963210028, 0.0, 0.0, 0.14899621190854193, 0.0)",15
8313,22,20,13,"(0.0, 0.0, 0.14414034252063812, 0.06920069129515957, 0.09172770611919409, 0.07489992963210028, 0.0, 0.0, 0.14899621190854193, 0.0)",1
8314,22,20,13,"(0.0, 0.0, 0.11679612853536596, 0.09367071350124634, 0.09172770611919409, 0.07489992963210028, 0.0, 0.0, 0.14899621190854193, 0.0)",1
8315,22,20,13,"(0.0, 0.0, 0.1318626361583917, 0.0735037140492884, 0.09172770611919409, 0.07489992963210028, 0.0, 0.0, 0.14899621190854193, 0.0)",1
8316,22,20,13,"(0.0, 0.0, 0.1327127399040648, 0.038063938187068304, 0.09172770611919409, 0.07772903483324545, 0.0, 0.0, 0.14899621190854193, 0.0)",1
8317,22,20,13,"(0.0, 0.0, 0.11679612853536596, 0.0349421593507709, 0.09172770611919409, 0.07489992963210028, 0.0, 0.0, 0.14899621190854193, 0.0)",1
8318,23,0,8,"(0.09369258606422372, 0.0, 0.08950620996642342, 0.09247639241939104, 0.21650532047929305, 0.0, 0.14064635687027577, 0.0, 0.0, 0.0)",1
8319,23,0,8,"(0.12365603484510194, 0.0, 0.08950620996642342, 0.09247639241939104, 0.07465200933978253, 0.0, 0.06826344941350267, 0.0, 0.0, 0.0)",51
8320,23,0,8,"(0.09369258606422372, 0.0, 0.08950620996642342, 0.09247639241939104, 0.07465200933978253, 0.0, 0.07926531795320742, 0.0, 0.0, 0.0)",24
8321,23,0,8,"(0.09369258606422372, 0.0, 0.08950620996642342, 0.09247639241939104, 0.09114004098006263, 0.0, 0.06826344941350267, 0.0, 0.0, 0.0)",6
8322,23,0,8,"(0.09369258606422372, 0.0, 0.08950620996642342, 0.08933871484473395, 0.09173902283359818, 0.0, 0.06826344941350267, 0.0, 0.0, 0.0)",29
8323,23,0,8,"(0.09369258606422372, 0.0, 0.08950620996642342, 0.09247639241939104, 0.07465200933978253, 0.0, 0.06826344941350267, 0.0, 0.0, 0.0)",149
8324,23,0,8,"(0.09369258606422372, 0.0, 0.08950620996642342, 0.09247639241939104, 0.07465200933978253, 0.0, 0.14064635687027577, 0.0, 0.0, 0.0)",11
8325,23,0,8,"(0.09369258606422372, 0.0, 0.08950620996642342, 0.07014220721702095, 0.07465200933978253, 0.0, 0.08732770459181892, 0.0, 0.0, 0.0)",21
8326,23,0,11,"(0.042704277544085914, 0.14970886995698662, 0.0, 0.0, 0.0, 0.04688669779969397, 0.0, 0.08279881135943302, 0.0, 0.01812760691895582)",1
8327,23,0,11,"(0.09033430006888621, 0.14970886995698662, 0.0, 0.0, 0.0, 0.04688669779969397, 0.0, 0.08279881135943302, 0.0, 0.01731594241995625)",3
8328,23,0,11,"(0.09033430006888621, 0.14970886995698662, 0.0, 0.0, 0.0, 0.0792368357487127, 0.0, 0.08279881135943302, 0.0, 0.016378067313000386)",3
8329,23,0,11,"(0.10945631299769658, 0.11074475534046034, 0.0, 0.0, 0.0, 0.04688669779969397, 0.0, 0.08279881135943302, 0.0, 0.01812760691895582)",2
8330,23,0,11,"(0.09033430006888621, 0.14970886995698662, 0.0, 0.0, 0.0, 0.04688669779969397, 0.0, 0.08279881135943302, 0.0, 0.024878914745656736)",2
8331,23,0,11,"(0.09033430006888621, 0.14970886995698662, 0.0, 0.0, 0.0, 0.04688669779969397, 0.0, 0.08279881135943302, 0.0, 0.010609037381747668)",2
8332,23,0,11,"(0.09033430006888621, 0.14970886995698662, 0.0, 0.0, 0.0, 0.04688669779969397, 0.0, 0.059749335176991186, 0.0, 0.01812760691895582)",1
8333,23,0,11,"(0.09033430006888621, 0.14970886995698662, 0.0, 0.0, 0.0, 0.04688669779969397, 0.0, 0.08279881135943302, 0.0, 0.01812760691895582)",452
8334,23,0,11,"(0.09033430006888621, 0.14970886995698662, 0.0, 0.0, 0.0, 0.05440447881759161, 0.0, 0.08279881135943302, 0.0, 0.01812760691895582)",27
8335,23,0,11,"(0.09917328549450506, 0.1444483575118594, 0.0, 0.0, 0.0, 0.04688669779969397, 0.0, 0.06766416898497324, 0.0, 0.01812760691895582)",1
8336,23,0,11,"(0.09033430006888621, 0.14970886995698662, 0.0, 0.0, 0.0, 0.029882740075748586, 0.0, 0.08279881135943302, 0.0, 0.01812760691895582)",5
8337,23,0,11,"(0.09033430006888621, 0.16908941867813132, 0.0, 0.0, 0.0, 0.04688669779969397, 0.0, 0.08279881135943302, 0.0, 0.01812760691895582)",1
8338,23,0,11,"(0.09033430006888621, 0.17802396061742806, 0.0, 0.0, 0.0, 0.04688669779969397, 0.0, 0.08775676291109784, 0.0, 0.01812760691895582)",1
8339,23,0,11,"(0.09033430006888621, 0.14970886995698662, 0.0, 0.0, 0.0, 0.04688669779969397, 0.0, 0.08279881135943302, 0.0, 0.020377916507777847)",2
8340,23,0,13,"(0.0, 0.0, 0.11679612853536596, 0.06920069129515957, 0.09172770611919409, 0.07489992963210028, 0.0, 0.0, 0.14899621190854193, 0.0)",184
8341,23,1,8,"(0.09369258606422372, 0.0, 0.08950620996642342, 0.09247639241939104, 0.06478761741415806, 0.0, 0.07205970208933651, 0.0, 0.0, 0.0)",3
8342,23,1,8,"(0.06897001394886104, 0.0, 0.08950620996642342, 0.09247639241939104, 0.07465200933978253, 0.0, 0.06826344941350267, 0.0, 0.0, 0.0)",48
8343,23,1,8,"(0.09369258606422372, 0.0, 0.08950620996642342, 0.09247639241939104, 0.07465200933978253, 0.0, 0.06826344941350267, 0.0, 0.0, 0.0)",249
8344,23,1,8,"(0.08823952997990697, 0.0, 0.08950620996642342, 0.09247639241939104, 0.07465200933978253, 0.0, 0.06826344941350267, 0.0, 0.0, 0.0)",3
8345,23,1,11,"(0.09033430006888621, 0.14970886995698662, 0.0, 0.0, 0.0, 0.04688669779969397, 0.0, 0.08279881135943302, 0.0, 0.005686602435464522)",7
8346,23,1,11,"(0.09033430006888621, 0.11945823909158375, 0.0, 0.0, 0.0, 0.04688669779969397, 0.0, 0.08279881135943302, 0.0, 0.01812760691895582)",2
8347,23,1,11,"(0.16722020886384664, 0.14970886995698662, 0.0, 0.0, 0.0, 0.04688669779969397, 0.0, 0.08279881135943302, 0.0, 0.01812760691895582)",1
8348,23,1,11,"(0.09033430006888621, 0.14970886995698662, 0.0, 0.0, 0.0, 0.037373411515732445, 0.0, 0.08279881135943302, 0.0, 0.01812760691895582)",1
8349,23,1,11,"(0.09033430006888621, 0.14970886995698662, 0.0, 0.0, 0.0, 0.04688669779969397, 0.0, 0.08279881135943302, 0.0, 0.01812760691895582)",518
8350,23,1,11,"(0.09033430006888621, 0.14970886995698662, 0.0, 0.0, 0.0, 0.07063754433411523, 0.0, 0.08279881135943302, 0.0, 0.01812760691895582)",1
8351,23,1,11,"(0.06608024194618377, 0.14970886995698662, 0.0, 0.0, 0.0, 0.04688669779969397, 0.0, 0.10826420527763224, 0.0, 0.01812760691895582)",1
8352,23,1,11,"(0.09033430006888621, 0.14970886995698662, 0.0, 0.0, 0.0, 0.07103867206296342, 0.0, 0.07549944751891592, 0.0, 0.01812760691895582)",1
8353,23,1,11,"(0.08862085546111793, 0.14970886995698662, 0.0, 0.0, 0.0, 0.0454823681995276, 0.0, 0.08279881135943302, 0.0, 0.01812760691895582)",3
8354,23,1,11,"(0.1204329130536599, 0.14970886995698662, 0.0, 0.0, 0.0, 0.04688669779969397, 0.0, 0.08279881135943302, 0.0, 0.01812760691895582)",1
8355,23,1,11,"(0.09033430006888621, 0.14970886995698662, 0.0, 0.0, 0.0, 0.04688669779969397, 0.0, 0.08279881135943302, 0.0, 0.022348852918483892)",6
8356,23,1,13,"(0.0, 0.0, 0.11679612853536596, 0.11980788904423677, 0.09172770611919409, 0.07489992963210028, 0.0, 0.0, 0.14899621190854193, 0.0)",1
8357,23,1,13,"(0.0, 0.0, 0.052405361163895686, 0.06920069129515957, 0.09172770611919409, 0.07489992963210028, 0.0, 0.0, 0.14899621190854193, 0.0)",7
8358,23,1,13,"(0.0, 0.0, 0.11679612853536596, 0.04179622557443916, 0.09172770611919409, 0.07489992963210028, 0.0, 0.0, 0.14899621190854193, 0.0)",5
8359,23,1,13,"(0.0, 0.0, 0.11679612853536596, 0.06920069129515957, 0.12157281438026785, 0.07489992963210028, 0.0, 0.0, 0.14899621190854193, 0.0)",2
8360,23,1,13,"(0.0, 0.0, 0.11679612853536596, 0.06920069129515957, 0.09172770611919409, 0.07489992963210028, 0.0, 0.0, 0.14899621190854193, 0.0)",174
8361,23,2,8,"(0.09369258606422372, 0.0, 0.08950620996642342, 0.09247639241939104, 0.07465200933978253, 0.0, 0.06826344941350267, 0.0, 0.0, 0.0)",217
8362,23,2,8,"(0.09369258606422372, 0.0, 0.08950620996642342, 0.08697826247648116, 0.07465200933978253, 0.0, 0.06826344941350267, 0.0, 0.0, 0.0)",1
8363,23,2,8,"(0.12365603484510194, 0.0, 0.08950620996642342, 0.09247639241939104, 0.07465200933978253, 0.0, 0.06826344941350267, 0.0, 0.0, 0.0)",11
8364,23,2,8,"(0.09369258606422372, 0.0, 0.08950620996642342, 0.07014220721702095, 0.07465200933978253, 0.0, 0.08732770459181892, 0.0, 0.0, 0.0)",46
8365,23,2,8,"(0.09369258606422372, 0.0, 0.08950620996642342, 0.09247639241939104, 0.05616568032153035, 0.0, 0.06367182446753608, 0.0, 0.0, 0.0)",19
8366,23,2,11,"(0.09033430006888621, 0.30861187976004967, 0.0, 0.0, 0.0, 0.04688669779969397, 0.0, 0.08279881135943302, 0.0, 0.01812760691895582)",1
8367,23,2,11,"(0.09033430006888621, 0.14970886995698662, 0.0, 0.0, 0.0, 0.04688669779969397, 0.0, 0.08279881135943302, 0.0, 0.01812760691895582)",463
8368,23,2,11,"(0.09033430006888621, 0.14970886995698662, 0.0, 0.0, 0.0, 0.04688669779969397, 0.0, 0.051352390978920553, 0.0, 0.014672504870609965)",54
8369,23,2,11,"(0.06313491892892588, 0.14970886995698662, 0.0, 0.0, 0.0, 0.04688669779969397, 0.0, 0.051352390978920553, 0.0, 0.01919011067244508)",1
8370,23,2,11,"(0.09033430006888621, 0.14970886995698662, 0.0, 0.0, 0.0, 0.04688669779969397, 0.0, 0.10800931739509077, 0.0, 0.01812760691895582)",1
8371,23,2,11,"(0.11077430617124126, 0.14970886995698662, 0.0, 0.0, 0.0, 0.04688669779969397, 0.0, 0.08279881135943302, 0.0, 0.01812760691895582)",2
8372,23,2,11,"(0.13429250125740272, 0.14970886995698662, 0.0, 0.0, 0.0, 0.04688669779969397, 0.0, 0.17701828874970196, 0.0, 0.01812760691895582)",2
8373,23,2,13,"(0.0, 0.0, 0.11679612853536596, 0.07731497453795341, 0.09172770611919409, 0.07489992963210028, 0.0, 0.0, 0.14899621190854193, 0.0)",1
8374,23,2,13,"(0.0, 0.0, 0.11679612853536596, 0.06920069129515957, 0.09172770611919409, 0.07489992963210028, 0.0, 0.0, 0.23768020904096412, 0.0)",5
8375,23,2,13,"(0.0, 0.0, 0.11679612853536596, 0.06920069129515957, 0.09172770611919409, 0.07489992963210028, 0.0, 0.0, 0.14899621190854193, 0.0)",112
8376,23,2,13,"(0.0, 0.0, 0.11679612853536596, 0.047397492269804255, 0.09172770611919409, 0.07489992963210028, 0.0, 0.0, 0.14899621190854193, 0.0)",63
8377,23,3,8,"(0.09369258606422372, 0.0, 0.08950620996642342, 0.0952835073413615, 0.07465200933978253, 0.0, 0.06826344941350267, 0.0, 0.0, 0.0)",3
8378,23,3,8,"(0.09369258606422372, 0.0, 0.08950620996642342, 0.09247639241939104, 0.07465200933978253, 0.0, 0.06826344941350267, 0.0, 0.0, 0.0)",171
8379,23,3,8,"(0.09369258606422372, 0.0, 0.08950620996642342, 0.08933871484473395, 0.09173902283359818, 0.0, 0.06826344941350267, 0.0, 0.0, 0.0)",14
8380,23,3,8,"(0.09369258606422372, 0.0, 0.17649284600420975, 0.07014220721702095, 0.07465200933978253, 0.0, 0.08732770459181892, 0.0, 0.0, 0.0)",1
8381,23,3,8,"(0.09369258606422372, 0.0, 0.08950620996642342, 0.09247639241939104, 0.07465200933978253, 0.0, 0.0901778074686828, 0.0, 0.0, 0.0)",28
8382,23,3,8,"(0.09369258606422372, 0.0, 0.08950620996642342, 0.07014220721702095, 0.07465200933978253, 0.0, 0.08732770459181892, 0.0, 0.0, 0.0)",59
8383,23,3,8,"(0.09369258606422372, 0.0, 0.08950620996642342, 0.06216896157025459, 0.07465200933978253, 0.0, 0.06826344941350267, 0.0, 0.0, 0.0)",1
8384,23,3,8,"(0.09369258606422372, 0.0, 0.08950620996642342, 0.09247639241939104, 0.07465200933978253, 0.0, 0.0890723116312902, 0.0, 0.0, 0.0)",3
8385,23,3,8,"(0.07142694423503644, 0.0, 0.08950620996642342, 0.09247639241939104, 0.07465200933978253, 0.0, 0.09989649992805243, 0.0, 0.0, 0.0)",3
8386,23,3,8,"(0.09176069791636592, 0.0, 0.08950620996642342, 0.09247639241939104, 0.07465200933978253, 0.0, 0.06826344941350267, 0.0, 0.0, 0.0)",1
8387,23,3,8,"(0.09369258606422372, 0.0, 0.05864783806277831, 0.07014220721702095, 0.060404627915614476, 0.0, 0.08732770459181892, 0.0, 0.0, 0.0)",1
8388,23,3,11,"(0.09033430006888621, 0.14970886995698662, 0.0, 0.0, 0.0, 0.04688669779969397, 0.0, 0.08279881135943302, 0.0, 0.01447143150973629)",1
8389,23,3,11,"(0.09033430006888621, 0.13224432209720743, 0.0, 0.0, 0.0, 0.0450846230600757, 0.0, 0.08279881135943302, 0.0, 0.01812760691895582)",1
8390,23,3,11,"(0.09033430006888621, 0.1532388862120268, 0.0, 0.0, 0.0, 0.04688669779969397, 0.0, 0.08279881135943302, 0.0, 0.01812760691895582)",1
8391,23,3,11,"(0.09033430006888621, 0.14970886995698662, 0.0, 0.0, 0.0, 0.04688669779969397, 0.0, 0.13589417851087085, 0.0, 0.01812760691895582)",1
8392,23,3,11,"(0.08221058745818206, 0.14970886995698662, 0.0, 0.0, 0.0, 0.04688669779969397, 0.0, 0.08279881135943302, 0.0, 0.01812760691895582)",1
8393,23,3,11,"(0.09033430006888621, 0.14970886995698662, 0.0, 0.0, 0.0, 0.04688669779969397, 0.0, 0.08279881135943302, 0.0, 0.01812760691895582)",410
8394,23,3,11,"(0.09033430006888621, 0.10742389079919949, 0.0, 0.0, 0.0, 0.04688669779969397, 0.0, 0.08279881135943302, 0.0, 0.01812760691895582)",1
8395,23,3,11,"(0.09033430006888621, 0.18824759784954653, 0.0, 0.0, 0.0, 0.04688669779969397, 0.0, 0.08279881135943302, 0.0, 0.01812760691895582)",25
8396,23,3,11,"(0.09033430006888621, 0.14970886995698662, 0.0, 0.0, 0.0, 0.04688669779969397, 0.0, 0.08279881135943302, 0.0, 0.013911647676429006)",6
8397,23,3,11,"(0.07123757109676773, 0.14970886995698662, 0.0, 0.0, 0.0, 0.04688669779969397, 0.0, 0.08279881135943302, 0.0, 0.01812760691895582)",1
8398,23,3,11,"(0.162751030028192, 0.1705332283767939, 0.0, 0.0, 0.0, 0.04387407590561845, 0.0, 0.08279881135943302, 0.0, 0.01812760691895582)",5
8399,23,3,13,"(0.0, 0.0, 0.11679612853536596, 0.042136549570379614, 0.09172770611919409, 0.07489992963210028, 0.0, 0.0, 0.14899621190854193, 0.0)",2
8400,23,3,13,"(0.0, 0.0, 0.11679612853536596, 0.06920069129515957, 0.09172770611919409, 0.07489992963210028, 0.0, 0.0, 0.14899621190854193, 0.0)",175
8401,23,3,13,"(0.0, 0.0, 0.11679612853536596, 0.06920069129515957, 0.09172770611919409, 0.08690445474441191, 0.0, 0.0, 0.14899621190854193, 0.0)",1
8402,23,3,13,"(0.0, 0.0, 0.11679612853536596, 0.06920069129515957, 0.09172770611919409, 0.07489992963210028, 0.0, 0.0, 0.3681363058182862, 0.0)",1
8403,23,4,8,"(0.09369258606422372, 0.0, 0.08950620996642342, 0.09265973853988523, 0.09128312167534845, 0.0, 0.06826344941350267, 0.0, 0.0, 0.0)",1
8404,23,4,8,"(0.09369258606422372, 0.0, 0.09939320840623245, 0.06980801215119381, 0.0644475946599278, 0.0, 0.06826344941350267, 0.0, 0.0, 0.0)",1
8405,23,4,8,"(0.09369258606422372, 0.0, 0.08950620996642342, 0.08933871484473395, 0.09173902283359818, 0.0, 0.06826344941350267, 0.0, 0.0, 0.0)",90
8406,23,4,8,"(0.09369258606422372, 0.0, 0.08950620996642342, 0.07014220721702095, 0.07465200933978253, 0.0, 0.08732770459181892, 0.0, 0.0, 0.0)",71
8407,23,4,8,"(0.09369258606422372, 0.0, 0.08950620996642342, 0.09247639241939104, 0.07465200933978253, 0.0, 0.0901778074686828, 0.0, 0.0, 0.0)",4
8408,23,4,8,"(0.09369258606422372, 0.0, 0.08950620996642342, 0.09247639241939104, 0.07465200933978253, 0.0, 0.06826344941350267, 0.0, 0.0, 0.0)",161
8409,23,4,8,"(0.09369258606422372, 0.0, 0.08950620996642342, 0.09247639241939104, 0.0644475946599278, 0.0, 0.06826344941350267, 0.0, 0.0, 0.0)",22
8410,23,4,11,"(0.09033430006888621, 0.09990583960957768, 0.0, 0.0, 0.0, 0.04688669779969397, 0.0, 0.08279881135943302, 0.0, 0.013911647676429006)",1
8411,23,4,11,"(0.09033430006888621, 0.14970886995698662, 0.0, 0.0, 0.0, 0.04688669779969397, 0.0, 0.08279881135943302, 0.0, 0.013911647676429006)",16
8412,23,4,11,"(0.09033430006888621, 0.14970886995698662, 0.0, 0.0, 0.0, 0.04688669779969397, 0.0, 0.10101861867557214, 0.0, 0.01812760691895582)",6
8413,23,4,11,"(0.09033430006888621, 0.14970886995698662, 0.0, 0.0, 0.0, 0.04688669779969397, 0.0, 0.08279881135943302, 0.0, 0.01812760691895582)",400
8414,23,4,13,"(0.0, 0.0, 0.11679612853536596, 0.06920069129515957, 0.09172770611919409, 0.07489992963210028, 0.0, 0.0, 0.14899621190854193, 0.0)",187
8415,23,4,13,"(0.0, 0.0, 0.11679612853536596, 0.06920069129515957, 0.09172770611919409, 0.07489992963210028, 0.0, 0.0, 0.10956665059166198, 0.0)",1
8416,23,5,8,"(0.09369258606422372, 0.0, 0.08950620996642342, 0.0871366658938204, 0.07465200933978253, 0.0, 0.06826344941350267, 0.0, 0.0, 0.0)",1
8417,23,5,8,"(0.09369258606422372, 0.0, 0.08950620996642342, 0.09247639241939104, 0.07465200933978253, 0.0, 0.06826344941350267, 0.0, 0.0, 0.0)",156
8418,23,5,8,"(0.09369258606422372, 0.0, 0.08950620996642342, 0.07014220721702095, 0.07465200933978253, 0.0, 0.07783438233653557, 0.0, 0.0, 0.0)",1
8419,23,5,8,"(0.09369258606422372, 0.0, 0.13031781424845557, 0.09247639241939104, 0.07465200933978253, 0.0, 0.06826344941350267, 0.0, 0.0, 0.0)",1
8420,23,5,8,"(0.09369258606422372, 0.0, 0.08950620996642342, 0.08933871484473395, 0.09173902283359818, 0.0, 0.06826344941350267, 0.0, 0.0, 0.0)",33
8421,23,5,8,"(0.09369258606422372, 0.0, 0.08950620996642342, 0.07014220721702095, 0.07465200933978253, 0.0, 0.08732770459181892, 0.0, 0.0, 0.0)",168
8422,23,5,8,"(0.09369258606422372, 0.0, 0.06948686488416655, 0.0726637773408592, 0.06961304746956527, 0.0, 0.14595419162058704, 0.0, 0.0, 0.0)",4
8423,23,5,8,"(0.09369258606422372, 0.0, 0.08950620996642342, 0.07014220721702095, 0.06961304746956527, 0.0, 0.08732770459181892, 0.0, 0.0, 0.0)",1
8424,23,5,8,"(0.09369258606422372, 0.0, 0.08950620996642342, 0.06941559817712287, 0.07465200933978253, 0.0, 0.08732770459181892, 0.0, 0.0, 0.0)",1
8425,23,5,8,"(0.18625682955969744, 0.0, 0.08950620996642342, 0.07014220721702095, 0.07465200933978253, 0.0, 0.08732770459181892, 0.0, 0.0, 0.0)",1
8426,23,5,11,"(0.09033430006888621, 0.14970886995698662, 0.0, 0.0, 0.0, 0.054357750602416266, 0.0, 0.08279881135943302, 0.0, 0.01812760691895582)",1
8427,23,5,11,"(0.09033430006888621, 0.14970886995698662, 0.0, 0.0, 0.0, 0.04688669779969397, 0.0, 0.08279881135943302, 0.0, 0.01812760691895582)",402
8428,23,5,11,"(0.07442536769809642, 0.14970886995698662, 0.0, 0.0, 0.0, 0.04688669779969397, 0.0, 0.08279881135943302, 0.0, 0.01812760691895582)",1
8429,23,5,11,"(0.06735235799459839, 0.14970886995698662, 0.0, 0.0, 0.0, 0.04688669779969397, 0.0, 0.08279881135943302, 0.0, 0.01812760691895582)",1
8430,23,5,11,"(0.09033430006888621, 0.14970886995698662, 0.0, 0.0, 0.0, 0.04688669779969397, 0.0, 0.09769813793683764, 0.0, 0.01812760691895582)",1
8431,23,5,11,"(0.09033430006888621, 0.14970886995698662, 0.0, 0.0, 0.0, 0.04688669779969397, 0.0, 0.08279881135943302, 0.0, 0.013911647676429006)",65
8432,23,5,11,"(0.09033430006888621, 0.14970886995698662, 0.0, 0.0, 0.0, 0.03150807897610732, 0.0, 0.08279881135943302, 0.0, 0.01812760691895582)",1
8433,23,5,13,"(0.0, 0.0, 0.11679612853536596, 0.06920069129515957, 0.09172770611919409, 0.07489992963210028, 0.0, 0.0, 0.14899621190854193, 0.0)",169
8434,23,5,13,"(0.0, 0.0, 0.11679612853536596, 0.06920069129515957, 0.09172770611919409, 0.10209067090541533, 0.0, 0.0, 0.14899621190854193, 0.0)",1
8435,23,5,13,"(0.0, 0.0, 0.11679612853536596, 0.05616246157896281, 0.09172770611919409, 0.07489992963210028, 0.0, 0.0, 0.14899621190854193, 0.0)",2
8436,23,5,13,"(0.0, 0.0, 0.06823585978879122, 0.03542594536284647, 0.1136230487346728, 0.07489992963210028, 0.0, 0.0, 0.14899621190854193, 0.0)",1
8437,23,6,8,"(0.09369258606422372, 0.0, 0.08950620996642342, 0.09247639241939104, 0.09223536870608609, 0.0, 0.06826344941350267, 0.0, 0.0, 0.0)",3
8438,23,6,8,"(0.09369258606422372, 0.0, 0.08950620996642342, 0.09247639241939104, 0.09173902283359818, 0.0, 0.06826344941350267, 0.0, 0.0, 0.0)",306
8439,23,6,8,"(0.09369258606422372, 0.0, 0.08950620996642342, 0.09247639241939104, 0.1491221492845209, 0.0, 0.06826344941350267, 0.0, 0.0, 0.0)",2
8440,23,6,8,"(0.09369258606422372, 0.0, 0.08950620996642342, 0.09247639241939104, 0.08940530022454983, 0.0, 0.06826344941350267, 0.0, 0.0, 0.0)",8
8441,23,6,11,"(0.04767257646142969, 0.14970886995698662, 0.0, 0.0, 0.0, 0.04688669779969397, 0.0, 0.08279881135943302, 0.0, 0.01812760691895582)",22
8442,23,6,11,"(0.09033430006888621, 0.0866205233281653, 0.0, 0.0, 0.0, 0.04688669779969397, 0.0, 0.08279881135943302, 0.0, 0.01812760691895582)",1
8443,23,6,11,"(0.09033430006888621, 0.14970886995698662, 0.0, 0.0, 0.0, 0.04688669779969397, 0.0, 0.08279881135943302, 0.0, 0.01812760691895582)",414
8444,23,6,11,"(0.09033430006888621, 0.14970886995698662, 0.0, 0.0, 0.0, 0.04688669779969397, 0.0, 0.030397352271942447, 0.0, 0.01812760691895582)",1
8445,23,6,11,"(0.09033430006888621, 0.14970886995698662, 0.0, 0.0, 0.0, 0.04688669779969397, 0.0, 0.08279881135943302, 0.0, 0.017500924958472996)",1
8446,23,6,11,"(0.09033430006888621, 0.14970886995698662, 0.0, 0.0, 0.0, 0.04688669779969397, 0.0, 0.06553862209390963, 0.0, 0.01812760691895582)",2
8447,23,6,11,"(0.09033430006888621, 0.14970886995698662, 0.0, 0.0, 0.0, 0.1078015999011373, 0.0, 0.08279881135943302, 0.0, 0.01812760691895582)",1
8448,23,6,11,"(0.09033430006888621, 0.28180391188314813, 0.0, 0.0, 0.0, 0.04688669779969397, 0.0, 0.08279881135943302, 0.0, 0.01812760691895582)",1
8449,23,6,11,"(0.09033430006888621, 0.14970886995698662, 0.0, 0.0, 0.0, 0.04688669779969397, 0.0, 0.08266062983445867, 0.0, 0.01812760691895582)",1
8450,23,6,11,"(0.09033430006888621, 0.14970886995698662, 0.0, 0.0, 0.0, 0.04688669779969397, 0.0, 0.07984494770327444, 0.0, 0.01812760691895582)",73
8451,23,6,11,"(0.09033430006888621, 0.1633830347894967, 0.0, 0.0, 0.0, 0.04688669779969397, 0.0, 0.08279881135943302, 0.0, 0.01812760691895582)",1
8452,23,6,13,"(0.0, 0.0, 0.11679612853536596, 0.06920069129515957, 0.09172770611919409, 0.07489992963210028, 0.0, 0.0, 0.14899621190854193, 0.0)",180
8453,23,6,13,"(0.0, 0.0, 0.11679612853536596, 0.06920069129515957, 0.09172770611919409, 0.07732219214058675, 0.0, 0.0, 0.14899621190854193, 0.0)",2
8454,23,7,8,"(0.09369258606422372, 0.0, 0.08950620996642342, 0.09247639241939104, 0.09173902283359818, 0.0, 0.1268752883767705, 0.0, 0.0, 0.0)",1
8455,23,7,8,"(0.1000907959816291, 0.0, 0.08950620996642342, 0.05522255365775795, 0.09173902283359818, 0.0, 0.07846305128118575, 0.0, 0.0, 0.0)",1
8456,23,7,8,"(0.09369258606422372, 0.0, 0.08950620996642342, 0.09247639241939104, 0.09173902283359818, 0.0, 0.06826344941350267, 0.0, 0.0, 0.0)",280
8457,23,7,11,"(0.09033430006888621, 0.14970886995698662, 0.0, 0.0, 0.0, 0.042024553553189195, 0.0, 0.08279881135943302, 0.0, 0.01812760691895582)",1
8458,23,7,11,"(0.04767257646142969, 0.14970886995698662, 0.0, 0.0, 0.0, 0.04688669779969397, 0.0, 0.08279881135943302, 0.0, 0.01812760691895582)",32
8459,23,7,11,"(0.09033430006888621, 0.14970886995698662, 0.0, 0.0, 0.0, 0.04688669779969397, 0.0, 0.06314002985546213, 0.0, 0.01812760691895582)",4
8460,23,7,11,"(0.12626926134397387, 0.06383055503992445, 0.0, 0.0, 0.0, 0.04688669779969397, 0.0, 0.08279881135943302, 0.0, 0.01812760691895582)",2
8461,23,7,11,"(0.05930588353634246, 0.11688148838320171, 0.0, 0.0, 0.0, 0.04688669779969397, 0.0, 0.08279881135943302, 0.0, 0.01812760691895582)",1
8462,23,7,11,"(0.09033430006888621, 0.14970886995698662, 0.0, 0.0, 0.0, 0.04815718114689509, 0.0, 0.08279881135943302, 0.0, 0.011924326680554796)",18
8463,23,7,11,"(0.09033430006888621, 0.06383055503992445, 0.0, 0.0, 0.0, 0.04688669779969397, 0.0, 0.08279881135943302, 0.0, 0.01812760691895582)",11
8464,23,7,11,"(0.09033430006888621, 0.14970886995698662, 0.0, 0.0, 0.0, 0.04688669779969397, 0.0, 0.08279881135943302, 0.0, 0.01812760691895582)",415
8465,23,7,11,"(0.09033430006888621, 0.14970886995698662, 0.0, 0.0, 0.0, 0.04431844049068669, 0.0, 0.08279881135943302, 0.0, 0.01812760691895582)",1
8466,23,7,11,"(0.09033430006888621, 0.18300646062110343, 0.0, 0.0, 0.0, 0.04688669779969397, 0.0, 0.08279881135943302, 0.0, 0.01812760691895582)",1
8467,23,7,13,"(0.0, 0.0, 0.11679612853536596, 0.06920069129515957, 0.09172770611919409, 0.07489992963210028, 0.0, 0.0, 0.14899621190854193, 0.0)",184
8468,23,7,13,"(0.0, 0.0, 0.11679612853536596, 0.06920069129515957, 0.09172770611919409, 0.07489992963210028, 0.0, 0.0, 0.08425141313248459, 0.0)",14
8469,23,7,13,"(0.0, 0.0, 0.13332347410541695, 0.06920069129515957, 0.09172770611919409, 0.07489992963210028, 0.0, 0.0, 0.14899621190854193, 0.0)",1
8470,23,7,13,"(0.0, 0.0, 0.11679612853536596, 0.06920069129515957, 0.09172770611919409, 0.07489992963210028, 0.0, 0.0, 0.10906107861288503, 0.0)",1
8471,23,8,8,"(0.09369258606422372, 0.0, 0.08950620996642342, 0.09247639241939104, 0.09173902283359818, 0.0, 0.06826344941350267, 0.0, 0.0, 0.0)",281
8472,23,8,8,"(0.0836163112280475, 0.0, 0.08950620996642342, 0.09247639241939104, 0.09173902283359818, 0.0, 0.28404884908815786, 0.0, 0.0, 0.0)",1
8473,23,8,8,"(0.13568020914441603, 0.0, 0.1448201463994598, 0.09247639241939104, 0.04605170465283995, 0.0, 0.06826344941350267, 0.0, 0.0, 0.0)",1
8474,23,8,8,"(0.09369258606422372, 0.0, 0.08950620996642342, 0.09247639241939104, 0.09173902283359818, 0.0, 0.05991165288012391, 0.0, 0.0, 0.0)",1
8475,23,8,8,"(0.09369258606422372, 0.0, 0.08950620996642342, 0.08517812063323804, 0.09173902283359818, 0.0, 0.06826344941350267, 0.0, 0.0, 0.0)",3
8476,23,8,11,"(0.09033430006888621, 0.14970886995698662, 0.0, 0.0, 0.0, 0.028702074740354643, 0.0, 0.08279881135943302, 0.0, 0.014602604643183905)",1
8477,23,8,11,"(0.09288136958534463, 0.14970886995698662, 0.0, 0.0, 0.0, 0.04688669779969397, 0.0, 0.19981082967506866, 0.0, 0.01812760691895582)",1
8478,23,8,11,"(0.0806289009186366, 0.14970886995698662, 0.0, 0.0, 0.0, 0.0355696200478928, 0.0, 0.08279881135943302, 0.0, 0.01812760691895582)",1
8479,23,8,11,"(0.09033430006888621, 0.10890191511525568, 0.0, 0.0, 0.0, 0.04688669779969397, 0.0, 0.08279881135943302, 0.0, 0.01812760691895582)",2
8480,23,8,11,"(0.09033430006888621, 0.14970886995698662, 0.0, 0.0, 0.0, 0.04688669779969397, 0.0, 0.07984494770327444, 0.0, 0.01812760691895582)",15
8481,23,8,11,"(0.0806289009186366, 0.14970886995698662, 0.0, 0.0, 0.0, 0.04688669779969397, 0.0, 0.08279881135943302, 0.0, 0.01812760691895582)",10
8482,23,8,11,"(0.09033430006888621, 0.14970886995698662, 0.0, 0.0, 0.0, 0.04688669779969397, 0.0, 0.08279881135943302, 0.0, 0.01812760691895582)",527
8483,23,8,11,"(0.09033430006888621, 0.16952849724013186, 0.0, 0.0, 0.0, 0.035195950185374754, 0.0, 0.07984494770327444, 0.0, 0.01729933980469775)",9
8484,23,8,11,"(0.09033430006888621, 0.10599019943284611, 0.0, 0.0, 0.0, 0.09425744671796137, 0.0, 0.08279881135943302, 0.0, 0.01812760691895582)",2
8485,23,8,11,"(0.09033430006888621, 0.14970886995698662, 0.0, 0.0, 0.0, 0.039579942930738514, 0.0, 0.08279881135943302, 0.0, 0.01812760691895582)",1
8486,23,8,11,"(0.09033430006888621, 0.14970886995698662, 0.0, 0.0, 0.0, 0.04688669779969397, 0.0, 0.06811133268962943, 0.0, 0.01812760691895582)",2
8487,23,8,13,"(0.0, 0.0, 0.11679612853536596, 0.06920069129515957, 0.09172770611919409, 0.07489992963210028, 0.0, 0.0, 0.14899621190854193, 0.0)",171
8488,23,9,8,"(0.08548886952355345, 0.0, 0.08950620996642342, 0.09247639241939104, 0.09173902283359818, 0.0, 0.058191693463782494, 0.0, 0.0, 0.0)",1
8489,23,9,8,"(0.08548886952355345, 0.0, 0.08950620996642342, 0.09247639241939104, 0.09173902283359818, 0.0, 0.06826344941350267, 0.0, 0.0, 0.0)",25
8490,23,9,8,"(0.09369258606422372, 0.0, 0.16450899467688004, 0.09247639241939104, 0.09173902283359818, 0.0, 0.06826344941350267, 0.0, 0.0, 0.0)",1
8491,23,9,8,"(0.09369258606422372, 0.0, 0.08950620996642342, 0.09247639241939104, 0.09173902283359818, 0.0, 0.06826344941350267, 0.0, 0.0, 0.0)",240
8492,23,9,11,"(0.09033430006888621, 0.14970886995698662, 0.0, 0.0, 0.0, 0.04688669779969397, 0.0, 0.08279881135943302, 0.0, 0.01812760691895582)",504
8493,23,9,11,"(0.09033430006888621, 0.14970886995698662, 0.0, 0.0, 0.0, 0.029493934752108413, 0.0, 0.08279881135943302, 0.0, 0.01812760691895582)",1
8494,23,9,11,"(0.11196616546950074, 0.13735811795127603, 0.0, 0.0, 0.0, 0.04688669779969397, 0.0, 0.10630094101610067, 0.0, 0.01812760691895582)",1
8495,23,9,11,"(0.09033430006888621, 0.1590113769896657, 0.0, 0.0, 0.0, 0.06346219722664183, 0.0, 0.03994964162271757, 0.0, 0.01812760691895582)",1
8496,23,9,11,"(0.09033430006888621, 0.09140541650483615, 0.0, 0.0, 0.0, 0.04688669779969397, 0.0, 0.05171173719933189, 0.0, 0.01812760691895582)",1
8497,23,9,11,"(0.09033430006888621, 0.14970886995698662, 0.0, 0.0, 0.0, 0.04688669779969397, 0.0, 0.08279881135943302, 0.0, 0.014245913390644583)",4
8498,23,9,11,"(0.09033430006888621, 0.14970886995698662, 0.0, 0.0, 0.0, 0.04414832625053361, 0.0, 0.08279881135943302, 0.0, 0.01812760691895582)",1
8499,23,9,11,"(0.0579652290382335, 0.14970886995698662, 0.0, 0.0, 0.0, 0.04688669779969397, 0.0, 0.08279881135943302, 0.0, 0.012793383254307561)",9
8500,23,9,11,"(0.09033430006888621, 0.14970886995698662, 0.0, 0.0, 0.0, 0.04959806927866167, 0.0, 0.08279881135943302, 0.0, 0.01812760691895582)",20
8501,23,9,11,"(0.09033430006888621, 0.14970886995698662, 0.0, 0.0, 0.0, 0.05255513578937715, 0.0, 0.08279881135943302, 0.0, 0.013465132525791056)",2
8502,23,9,11,"(0.08981645637533175, 0.14970886995698662, 0.0, 0.0, 0.0, 0.04688669779969397, 0.0, 0.08279881135943302, 0.0, 0.02523662748446515)",1
8503,23,9,11,"(0.09033430006888621, 0.14970886995698662, 0.0, 0.0, 0.0, 0.0394921983649852, 0.0, 0.08279881135943302, 0.0, 0.012878183587399407)",1
8504,23,9,11,"(0.09033430006888621, 0.14970886995698662, 0.0, 0.0, 0.0, 0.04688669779969397, 0.0, 0.05888937420266716, 0.0, 0.01812760691895582)",3
8505,23,9,11,"(0.09033430006888621, 0.14970886995698662, 0.0, 0.0, 0.0, 0.04688669779969397, 0.0, 0.09787039749824913, 0.0, 0.01812760691895582)",1
8506,23,9,13,"(0.0, 0.0, 0.11679612853536596, 0.06920069129515957, 0.09172770611919409, 0.15429673425717902, 0.0, 0.0, 0.14899621190854193, 0.0)",1
8507,23,9,13,"(0.0, 0.0, 0.11679612853536596, 0.06920069129515957, 0.09172770611919409, 0.07489992963210028, 0.0, 0.0, 0.14899621190854193, 0.0)",175
8508,23,9,13,"(0.0, 0.0, 0.11679612853536596, 0.06920069129515957, 0.09172770611919409, 0.07489992963210028, 0.0, 0.0, 0.10789343788813915, 0.0)",1
8509,23,10,8,"(0.09369258606422372, 0.0, 0.08950620996642342, 0.09954211495202049, 0.09173902283359818, 0.0, 0.06826344941350267, 0.0, 0.0, 0.0)",2
8510,23,10,8,"(0.09369258606422372, 0.0, 0.09048565593172964, 0.09247639241939104, 0.09173902283359818, 0.0, 0.06826344941350267, 0.0, 0.0, 0.0)",7
8511,23,10,8,"(0.08350024545808506, 0.0, 0.08950620996642342, 0.09247639241939104, 0.09173902283359818, 0.0, 0.06826344941350267, 0.0, 0.0, 0.0)",1
8512,23,10,8,"(0.09369258606422372, 0.0, 0.08950620996642342, 0.09247639241939104, 0.09173902283359818, 0.0, 0.14015262599311126, 0.0, 0.0, 0.0)",5
8513,23,10,8,"(0.09369258606422372, 0.0, 0.09582699081635247, 0.09247639241939104, 0.13176673734578143, 0.0, 0.06826344941350267, 0.0, 0.0, 0.0)",2
8514,23,10,8,"(0.08548886952355345, 0.0, 0.08950620996642342, 0.09247639241939104, 0.09173902283359818, 0.0, 0.06826344941350267, 0.0, 0.0, 0.0)",21
8515,23,10,8,"(0.09369258606422372, 0.0, 0.08950620996642342, 0.09247639241939104, 0.09173902283359818, 0.0, 0.06826344941350267, 0.0, 0.0, 0.0)",274
8516,23,10,11,"(0.08459703288078879, 0.10546489498619796, 0.0, 0.0, 0.0, 0.04688669779969397, 0.0, 0.08279881135943302, 0.0, 0.01633614467590158)",16
8517,23,10,11,"(0.09033430006888621, 0.14970886995698662, 0.0, 0.0, 0.0, 0.04791255348059245, 0.0, 0.08279881135943302, 0.0, 0.01812760691895582)",9
8518,23,10,11,"(0.09033430006888621, 0.14970886995698662, 0.0, 0.0, 0.0, 0.04688669779969397, 0.0, 0.08279881135943302, 0.0, 0.011350997247425571)",1
8519,23,10,11,"(0.09033430006888621, 0.14970886995698662, 0.0, 0.0, 0.0, 0.04688669779969397, 0.0, 0.08279881135943302, 0.0, 0.01812760691895582)",505
8520,23,10,11,"(0.09033430006888621, 0.14970886995698662, 0.0, 0.0, 0.0, 0.04688669779969397, 0.0, 0.08279881135943302, 0.0, 0.015296653216360612)",2
8521,23,10,11,"(0.18629160359970154, 0.14970886995698662, 0.0, 0.0, 0.0, 0.04688669779969397, 0.0, 0.08279881135943302, 0.0, 0.01812760691895582)",1
8522,23,10,11,"(0.05918447412346957, 0.14970886995698662, 0.0, 0.0, 0.0, 0.04688669779969397, 0.0, 0.08279881135943302, 0.0, 0.01812760691895582)",9
8523,23,10,13,"(0.0, 0.0, 0.11679612853536596, 0.06920069129515957, 0.09172770611919409, 0.07489992963210028, 0.0, 0.0, 0.05510215728993662, 0.0)",1
8524,23,10,13,"(0.0, 0.0, 0.23777745983426532, 0.06920069129515957, 0.060244165106389344, 0.07489992963210028, 0.0, 0.0, 0.14899621190854193, 0.0)",1
8525,23,10,13,"(0.0, 0.0, 0.11679612853536596, 0.06920069129515957, 0.09974635935949396, 0.029894848108664183, 0.0, 0.0, 0.14899621190854193, 0.0)",1
8526,23,10,13,"(0.0, 0.0, 0.11679612853536596, 0.06920069129515957, 0.09172770611919409, 0.07489992963210028, 0.0, 0.0, 0.14899621190854193, 0.0)",187
8527,23,10,13,"(0.0, 0.0, 0.11709964677871736, 0.06920069129515957, 0.09172770611919409, 0.07489992963210028, 0.0, 0.0, 0.15091288437704142, 0.0)",2
8528,23,11,8,"(0.09369258606422372, 0.0, 0.10978435777831103, 0.09247639241939104, 0.09173902283359818, 0.0, 0.06826344941350267, 0.0, 0.0, 0.0)",1
8529,23,11,8,"(0.10238555672916044, 0.0, 0.08950620996642342, 0.09247639241939104, 0.09173902283359818, 0.0, 0.062117262373888545, 0.0, 0.0, 0.0)",1
8530,23,11,8,"(0.10238555672916044, 0.0, 0.08950620996642342, 0.09247639241939104, 0.09173902283359818, 0.0, 0.048682774992070355, 0.0, 0.0, 0.0)",3
8531,23,11,8,"(0.08548886952355345, 0.0, 0.08950620996642342, 0.09247639241939104, 0.09173902283359818, 0.0, 0.06826344941350267, 0.0, 0.0, 0.0)",99
8532,23,11,8,"(0.10238555672916044, 0.0, 0.08950620996642342, 0.09247639241939104, 0.09173902283359818, 0.0, 0.06826344941350267, 0.0, 0.0, 0.0)",23
8533,23,11,8,"(0.09369258606422372, 0.0, 0.08950620996642342, 0.09247639241939104, 0.09173902283359818, 0.0, 0.06826344941350267, 0.0, 0.0, 0.0)",133
8534,23,11,11,"(0.07090718097305532, 0.14970886995698662, 0.0, 0.0, 0.0, 0.04688669779969397, 0.0, 0.08279881135943302, 0.0, 0.01812760691895582)",1
8535,23,11,11,"(0.09033430006888621, 0.1454309748922405, 0.0, 0.0, 0.0, 0.04688669779969397, 0.0, 0.07564095531449783, 0.0, 0.01812760691895582)",3
8536,23,11,11,"(0.09033430006888621, 0.14970886995698662, 0.0, 0.0, 0.0, 0.04688669779969397, 0.0, 0.08279881135943302, 0.0, 0.024288070773889656)",3
8537,23,11,11,"(0.09033430006888621, 0.14970886995698662, 0.0, 0.0, 0.0, 0.04688669779969397, 0.0, 0.05888937420266716, 0.0, 0.01812760691895582)",19
8538,23,11,11,"(0.09033430006888621, 0.14970886995698662, 0.0, 0.0, 0.0, 0.04688669779969397, 0.0, 0.05372800838262603, 0.0, 0.01812760691895582)",1
8539,23,11,11,"(0.09033430006888621, 0.09597122576702227, 0.0, 0.0, 0.0, 0.04688669779969397, 0.0, 0.08279881135943302, 0.0, 0.01812760691895582)",1
8540,23,11,11,"(0.09033430006888621, 0.14970886995698662, 0.0, 0.0, 0.0, 0.054074438674951916, 0.0, 0.08279881135943302, 0.0, 0.01812760691895582)",2
8541,23,11,11,"(0.11664384934584901, 0.14970886995698662, 0.0, 0.0, 0.0, 0.04688669779969397, 0.0, 0.08279881135943302, 0.0, 0.01812760691895582)",2
8542,23,11,11,"(0.06223330382338737, 0.14970886995698662, 0.0, 0.0, 0.0, 0.04688669779969397, 0.0, 0.08279881135943302, 0.0, 0.01812760691895582)",2
8543,23,11,11,"(0.14461609070530182, 0.14970886995698662, 0.0, 0.0, 0.0, 0.04688669779969397, 0.0, 0.08279881135943302, 0.0, 0.01812760691895582)",30
8544,23,11,11,"(0.09033430006888621, 0.14970886995698662, 0.0, 0.0, 0.0, 0.04688669779969397, 0.0, 0.08279881135943302, 0.0, 0.01812760691895582)",414
8545,23,11,11,"(0.09033430006888621, 0.12041449100954274, 0.0, 0.0, 0.0, 0.04688669779969397, 0.0, 0.08778149156516923, 0.0, 0.01812760691895582)",1
8546,23,11,13,"(0.0, 0.0, 0.11679612853536596, 0.06920069129515957, 0.09172770611919409, 0.07489992963210028, 0.0, 0.0, 0.14899621190854193, 0.0)",161
8547,23,12,8,"(0.09369258606422372, 0.0, 0.08950620996642342, 0.07925808406379649, 0.07465200933978253, 0.0, 0.06826344941350267, 0.0, 0.0, 0.0)",3
8548,23,12,8,"(0.09369258606422372, 0.0, 0.08950620996642342, 0.05013789864387549, 0.07465200933978253, 0.0, 0.06826344941350267, 0.0, 0.0, 0.0)",1
8549,23,12,8,"(0.09369258606422372, 0.0, 0.08950620996642342, 0.09247639241939104, 0.07465200933978253, 0.0, 0.06826344941350267, 0.0, 0.0, 0.0)",388
8550,23,12,8,"(0.06439915092502699, 0.0, 0.08950620996642342, 0.09247639241939104, 0.07465200933978253, 0.0, 0.06826344941350267, 0.0, 0.0, 0.0)",3
8551,23,12,11,"(0.10636072033149788, 0.14970886995698662, 0.0, 0.0, 0.0, 0.03612569215711392, 0.0, 0.1063152412317021, 0.0, 0.01812760691895582)",6
8552,23,12,11,"(0.09033430006888621, 0.14970886995698662, 0.0, 0.0, 0.0, 0.04688669779969397, 0.0, 0.08279881135943302, 0.0, 0.01812760691895582)",253
8553,23,12,11,"(0.11642427162819424, 0.14970886995698662, 0.0, 0.0, 0.0, 0.051548873715099995, 0.0, 0.08279881135943302, 0.0, 0.01812760691895582)",47
8554,23,12,11,"(0.09033430006888621, 0.14970886995698662, 0.0, 0.0, 0.0, 0.04004005436176092, 0.0, 0.06895630384694054, 0.0, 0.01812760691895582)",3
8555,23,12,11,"(0.11642427162819424, 0.14970886995698662, 0.0, 0.0, 0.0, 0.05461073709948277, 0.0, 0.08279881135943302, 0.0, 0.01812760691895582)",1
8556,23,12,11,"(0.09033430006888621, 0.14970886995698662, 0.0, 0.0, 0.0, 0.04688669779969397, 0.0, 0.0704636080743199, 0.0, 0.01812760691895582)",1
8557,23,12,11,"(0.09033430006888621, 0.14970886995698662, 0.0, 0.0, 0.0, 0.051548873715099995, 0.0, 0.08279881135943302, 0.0, 0.01812760691895582)",20
8558,23,12,11,"(0.11642427162819424, 0.1220389145008153, 0.0, 0.0, 0.0, 0.051548873715099995, 0.0, 0.08279881135943302, 0.0, 0.01812760691895582)",1
8559,23,12,13,"(0.0, 0.0, 0.11679612853536596, 0.06920069129515957, 0.09172770611919409, 0.07489992963210028, 0.0, 0.0, 0.14899621190854193, 0.0)",182
8560,23,13,8,"(0.14790357519024563, 0.0, 0.08950620996642342, 0.09247639241939104, 0.06671139245851493, 0.0, 0.03325582671291797, 0.0, 0.0, 0.0)",1
8561,23,13,8,"(0.09369258606422372, 0.0, 0.08950620996642342, 0.055459069466711315, 0.16453693772868336, 0.0, 0.06826344941350267, 0.0, 0.0, 0.0)",1
8562,23,13,8,"(0.09369258606422372, 0.0, 0.08950620996642342, 0.055459069466711315, 0.07465200933978253, 0.0, 0.06826344941350267, 0.0, 0.0, 0.0)",1
8563,23,13,8,"(0.09369258606422372, 0.0, 0.07070973318386548, 0.14440735650874886, 0.07465200933978253, 0.0, 0.06826344941350267, 0.0, 0.0, 0.0)",1
8564,23,13,8,"(0.14371754218974384, 0.0, 0.08950620996642342, 0.09247639241939104, 0.07465200933978253, 0.0, 0.06826344941350267, 0.0, 0.0, 0.0)",1
8565,23,13,8,"(0.09369258606422372, 0.0, 0.08950620996642342, 0.09247639241939104, 0.07465200933978253, 0.0, 0.06826344941350267, 0.0, 0.0, 0.0)",319
8566,23,13,8,"(0.07318632209738986, 0.0, 0.08950620996642342, 0.09247639241939104, 0.07465200933978253, 0.0, 0.06826344941350267, 0.0, 0.0, 0.0)",2
8567,23,13,11,"(0.09033430006888621, 0.14970886995698662, 0.0, 0.0, 0.0, 0.04688669779969397, 0.0, 0.08279881135943302, 0.0, 0.00740030772018105)",1
8568,23,13,11,"(0.09033430006888621, 0.14970886995698662, 0.0, 0.0, 0.0, 0.051548873715099995, 0.0, 0.08279881135943302, 0.0, 0.01812760691895582)",45
8569,23,13,11,"(0.09070723983713459, 0.13736979662547116, 0.0, 0.0, 0.0, 0.04688669779969397, 0.0, 0.08279881135943302, 0.0, 0.015094873744170444)",1
8570,23,13,11,"(0.09033430006888621, 0.14970886995698662, 0.0, 0.0, 0.0, 0.04688669779969397, 0.0, 0.08279881135943302, 0.0, 0.01812760691895582)",318
8571,23,13,11,"(0.11642427162819424, 0.14970886995698662, 0.0, 0.0, 0.0, 0.051548873715099995, 0.0, 0.08279881135943302, 0.0, 0.01812760691895582)",109
8572,23,13,11,"(0.09033430006888621, 0.14970886995698662, 0.0, 0.0, 0.0, 0.03434963815017045, 0.0, 0.08279881135943302, 0.0, 0.01812760691895582)",3
8573,23,13,11,"(0.09033430006888621, 0.20444371079186294, 0.0, 0.0, 0.0, 0.04688669779969397, 0.0, 0.08279881135943302, 0.0, 0.01812760691895582)",1
8574,23,13,13,"(0.0, 0.0, 0.11679612853536596, 0.06920069129515957, 0.12676138474826268, 0.07489992963210028, 0.0, 0.0, 0.14899621190854193, 0.0)",2
8575,23,13,13,"(0.0, 0.0, 0.11679612853536596, 0.06920069129515957, 0.09172770611919409, 0.07489992963210028, 0.0, 0.0, 0.14899621190854193, 0.0)",168
8576,23,14,8,"(0.09369258606422372, 0.0, 0.08950620996642342, 0.09247639241939104, 0.07465200933978253, 0.0, 0.06150838650190233, 0.0, 0.0, 0.0)",3
8577,23,14,8,"(0.09369258606422372, 0.0, 0.15749290509807481, 0.09247639241939104, 0.07465200933978253, 0.0, 0.06826344941350267, 0.0, 0.0, 0.0)",4
8578,23,14,8,"(0.09369258606422372, 0.0, 0.08950620996642342, 0.09247639241939104, 0.07465200933978253, 0.0, 0.06826344941350267, 0.0, 0.0, 0.0)",344
8579,23,14,8,"(0.09369258606422372, 0.0, 0.08177022120260528, 0.09247639241939104, 0.07465200933978253, 0.0, 0.06826344941350267, 0.0, 0.0, 0.0)",2
8580,23,14,8,"(0.17270483195055222, 0.0, 0.08950620996642342, 0.06583600305951835, 0.07465200933978253, 0.0, 0.06826344941350267, 0.0, 0.0, 0.0)",1
8581,23,14,8,"(0.09369258606422372, 0.0, 0.11401060160887591, 0.09247639241939104, 0.07465200933978253, 0.0, 0.042723267177579696, 0.0, 0.0, 0.0)",1
8582,23,14,11,"(0.09033430006888621, 0.14970886995698662, 0.0, 0.0, 0.0, 0.04688669779969397, 0.0, 0.08279881135943302, 0.0, 0.035301503506683166)",1
8583,23,14,11,"(0.09820840393429094, 0.14970886995698662, 0.0, 0.0, 0.0, 0.038545825649709105, 0.0, 0.08279881135943302, 0.0, 0.01812760691895582)",1
8584,23,14,11,"(0.11642427162819424, 0.14970886995698662, 0.0, 0.0, 0.0, 0.051548873715099995, 0.0, 0.08279881135943302, 0.0, 0.01812760691895582)",71
8585,23,14,11,"(0.09033430006888621, 0.14970886995698662, 0.0, 0.0, 0.0, 0.04688669779969397, 0.0, 0.08279881135943302, 0.0, 0.01812760691895582)",426
8586,23,14,11,"(0.09033430006888621, 0.1460789593826368, 0.0, 0.0, 0.0, 0.04688669779969397, 0.0, 0.08279881135943302, 0.0, 0.01812760691895582)",2
8587,23,14,11,"(0.09033430006888621, 0.1925639158365036, 0.0, 0.0, 0.0, 0.04688669779969397, 0.0, 0.08279881135943302, 0.0, 0.01812760691895582)",2
8588,23,14,11,"(0.09097050937531428, 0.14970886995698662, 0.0, 0.0, 0.0, 0.04733487642896939, 0.0, 0.08279881135943302, 0.0, 0.015477300672038017)",3
8589,23,14,11,"(0.09033430006888621, 0.14970886995698662, 0.0, 0.0, 0.0, 0.04688669779969397, 0.0, 0.08279881135943302, 0.0, 0.017605184834405006)",1
8590,23,14,13,"(0.0, 0.0, 0.11679612853536596, 0.06920069129515957, 0.12528583511237204, 0.04370478180116133, 0.0, 0.0, 0.14899621190854193, 0.0)",1
8591,23,14,13,"(0.0, 0.0, 0.15683678738277224, 0.06920069129515957, 0.09172770611919409, 0.07489992963210028, 0.0, 0.0, 0.14899621190854193, 0.0)",1
8592,23,14,13,"(0.0, 0.0, 0.11679612853536596, 0.06920069129515957, 0.05072003517417243, 0.07489992963210028, 0.0, 0.0, 0.14899621190854193, 0.0)",2
8593,23,14,13,"(0.0, 0.0, 0.11679612853536596, 0.06920069129515957, 0.09172770611919409, 0.07489992963210028, 0.0, 0.0, 0.14899621190854193, 0.0)",177
8594,23,15,8,"(0.09369258606422372, 0.0, 0.08950620996642342, 0.09247639241939104, 0.07465200933978253, 0.0, 0.06826344941350267, 0.0, 0.0, 0.0)",214
8595,23,15,8,"(0.09369258606422372, 0.0, 0.05636825283736908, 0.09247639241939104, 0.07465200933978253, 0.0, 0.06826344941350267, 0.0, 0.0, 0.0)",2
8596,23,15,8,"(0.09369258606422372, 0.0, 0.08950620996642342, 0.08933871484473395, 0.09173902283359818, 0.0, 0.06826344941350267, 0.0, 0.0, 0.0)",83
8597,23,15,11,"(0.09033430006888621, 0.14970886995698662, 0.0, 0.0, 0.0, 0.04688669779969397, 0.0, 0.08279881135943302, 0.0, 0.019013508514425313)",1
8598,23,15,11,"(0.09033430006888621, 0.14970886995698662, 0.0, 0.0, 0.0, 0.04688669779969397, 0.0, 0.0801269977149287, 0.0, 0.01812760691895582)",2
8599,23,15,11,"(0.09033430006888621, 0.14970886995698662, 0.0, 0.0, 0.0, 0.04688669779969397, 0.0, 0.08279881135943302, 0.0, 0.01812760691895582)",472
8600,23,15,11,"(0.07523053775083308, 0.14970886995698662, 0.0, 0.0, 0.0, 0.04688669779969397, 0.0, 0.08279881135943302, 0.0, 0.01812760691895582)",2
8601,23,15,13,"(0.0, 0.0, 0.11679612853536596, 0.06920069129515957, 0.09172770611919409, 0.07489992963210028, 0.0, 0.0, 0.14899621190854193, 0.0)",169
8602,23,16,8,"(0.07387687347357454, 0.0, 0.08950620996642342, 0.09247639241939104, 0.07465200933978253, 0.0, 0.06826344941350267, 0.0, 0.0, 0.0)",1
8603,23,16,8,"(0.09369258606422372, 0.0, 0.08950620996642342, 0.09247639241939104, 0.0866481462484788, 0.0, 0.03818211089221237, 0.0, 0.0, 0.0)",1
8604,23,16,8,"(0.09369258606422372, 0.0, 0.08950620996642342, 0.08933871484473395, 0.09173902283359818, 0.0, 0.06826344941350267, 0.0, 0.0, 0.0)",87
8605,23,16,8,"(0.09369258606422372, 0.0, 0.08950620996642342, 0.09247639241939104, 0.07465200933978253, 0.0, 0.06826344941350267, 0.0, 0.0, 0.0)",199
8606,23,16,8,"(0.1825171851742593, 0.0, 0.08950620996642342, 0.09247639241939104, 0.07465200933978253, 0.0, 0.06826344941350267, 0.0, 0.0, 0.0)",1
8607,23,16,8,"(0.09369258606422372, 0.0, 0.08950620996642342, 0.09247639241939104, 0.07465200933978253, 0.0, 0.09411176250351073, 0.0, 0.0, 0.0)",7
8608,23,16,11,"(0.09033430006888621, 0.14970886995698662, 0.0, 0.0, 0.0, 0.05441775602930711, 0.0, 0.08279881135943302, 0.0, 0.010873331844184783)",14
8609,23,16,11,"(0.09033430006888621, 0.14970886995698662, 0.0, 0.0, 0.0, 0.04688669779969397, 0.0, 0.08279881135943302, 0.0, 0.01812760691895582)",466
8610,23,16,11,"(0.09033430006888621, 0.14970886995698662, 0.0, 0.0, 0.0, 0.04688669779969397, 0.0, 0.1257638097052735, 0.0, 0.01812760691895582)",6
8611,23,16,11,"(0.07648445270390979, 0.14970886995698662, 0.0, 0.0, 0.0, 0.04688669779969397, 0.0, 0.08279881135943302, 0.0, 0.01812760691895582)",1
8612,23,16,11,"(0.09033430006888621, 0.14970886995698662, 0.0, 0.0, 0.0, 0.04688669779969397, 0.0, 0.08279881135943302, 0.0, 0.022251888772198823)",2
8613,23,16,11,"(0.09033430006888621, 0.14970886995698662, 0.0, 0.0, 0.0, 0.0406731833837939, 0.0, 0.1571674554933806, 0.0, 0.01812760691895582)",2
8614,23,16,11,"(0.0764074531585946, 0.14970886995698662, 0.0, 0.0, 0.0, 0.04688669779969397, 0.0, 0.11141318726540554, 0.0, 0.030954222478665493)",5
8615,23,16,11,"(0.09033430006888621, 0.14970886995698662, 0.0, 0.0, 0.0, 0.04688669779969397, 0.0, 0.09592459338734609, 0.0, 0.01812760691895582)",11
8616,23,16,11,"(0.09033430006888621, 0.14970886995698662, 0.0, 0.0, 0.0, 0.04688669779969397, 0.0, 0.0548732952030967, 0.0, 0.01812760691895582)",11
8617,23,16,11,"(0.09033430006888621, 0.14970886995698662, 0.0, 0.0, 0.0, 0.0406731833837939, 0.0, 0.08279881135943302, 0.0, 0.01812760691895582)",12
8618,23,16,13,"(0.0, 0.0, 0.11679612853536596, 0.06920069129515957, 0.07627320214463809, 0.07489992963210028, 0.0, 0.0, 0.14899621190854193, 0.0)",1
8619,23,16,13,"(0.0, 0.0, 0.11679612853536596, 0.06920069129515957, 0.09172770611919409, 0.07489992963210028, 0.0, 0.0, 0.14899621190854193, 0.0)",161
8620,23,17,8,"(0.04395246309679599, 0.0, 0.08950620996642342, 0.09247639241939104, 0.07465200933978253, 0.0, 0.06826344941350267, 0.0, 0.0, 0.0)",1
8621,23,17,8,"(0.09369258606422372, 0.0, 0.08950620996642342, 0.09247639241939104, 0.03586080811843699, 0.0, 0.06826344941350267, 0.0, 0.0, 0.0)",1
8622,23,17,8,"(0.09369258606422372, 0.0, 0.08950620996642342, 0.09247639241939104, 0.07465200933978253, 0.0, 0.0923146805006014, 0.0, 0.0, 0.0)",1
8623,23,17,8,"(0.09369258606422372, 0.0, 0.08950620996642342, 0.09247639241939104, 0.07465200933978253, 0.0, 0.06826344941350267, 0.0, 0.0, 0.0)",215
8624,23,17,8,"(0.09369258606422372, 0.0, 0.08950620996642342, 0.09247639241939104, 0.047332990814644545, 0.0, 0.06826344941350267, 0.0, 0.0, 0.0)",2
8625,23,17,8,"(0.09369258606422372, 0.0, 0.08950620996642342, 0.08933871484473395, 0.09173902283359818, 0.0, 0.06826344941350267, 0.0, 0.0, 0.0)",70
8626,23,17,8,"(0.09369258606422372, 0.0, 0.08950620996642342, 0.08933871484473395, 0.14901186798614183, 0.0, 0.06826344941350267, 0.0, 0.0, 0.0)",1
8627,23,17,8,"(0.10551549966614686, 0.0, 0.08950620996642342, 0.09247639241939104, 0.07465200933978253, 0.0, 0.06826344941350267, 0.0, 0.0, 0.0)",1
8628,23,17,11,"(0.09033430006888621, 0.14970886995698662, 0.0, 0.0, 0.0, 0.04688669779969397, 0.0, 0.08279881135943302, 0.0, 0.01812760691895582)",352
8629,23,17,11,"(0.09033430006888621, 0.14970886995698662, 0.0, 0.0, 0.0, 0.04688669779969397, 0.0, 0.06096861198286217, 0.0, 0.01812760691895582)",1
8630,23,17,11,"(0.09033430006888621, 0.14970886995698662, 0.0, 0.0, 0.0, 0.04688669779969397, 0.0, 0.08279881135943302, 0.0, 0.01989123855798404)",14
8631,23,17,11,"(0.09033430006888621, 0.14970886995698662, 0.0, 0.0, 0.0, 0.04688669779969397, 0.0, 0.08465514298887022, 0.0, 0.01812760691895582)",2
8632,23,17,11,"(0.04712639218236133, 0.14970886995698662, 0.0, 0.0, 0.0, 0.04688669779969397, 0.0, 0.08279881135943302, 0.0, 0.01812760691895582)",3
8633,23,17,11,"(0.09033430006888621, 0.14970886995698662, 0.0, 0.0, 0.0, 0.04688669779969397, 0.0, 0.09592459338734609, 0.0, 0.01812760691895582)",31
8634,23,17,13,"(0.0, 0.0, 0.09144700667798625, 0.051262932502967526, 0.09172770611919409, 0.07489992963210028, 0.0, 0.0, 0.14899621190854193, 0.0)",1
8635,23,17,13,"(0.0, 0.0, 0.11679612853536596, 0.06920069129515957, 0.09172770611919409, 0.07489992963210028, 0.0, 0.0, 0.14899621190854193, 0.0)",206
8636,23,18,8,"(0.1372404316454888, 0.0, 0.08950620996642342, 0.09247639241939104, 0.09173902283359818, 0.0, 0.06826344941350267, 0.0, 0.0, 0.0)",1
8637,23,18,8,"(0.09369258606422372, 0.0, 0.08950620996642342, 0.09247639241939104, 0.09173902283359818, 0.0, 0.06826344941350267, 0.0, 0.0, 0.0)",268
8638,23,18,8,"(0.09369258606422372, 0.0, 0.12998286794856104, 0.09247639241939104, 0.09173902283359818, 0.0, 0.06826344941350267, 0.0, 0.0, 0.0)",2
8639,23,18,8,"(0.060352894237244506, 0.0, 0.08950620996642342, 0.09247639241939104, 0.09173902283359818, 0.0, 0.06826344941350267, 0.0, 0.0, 0.0)",2
8640,23,18,8,"(0.09369258606422372, 0.0, 0.08950620996642342, 0.09247639241939104, 0.055800189674828825, 0.0, 0.06826344941350267, 0.0, 0.0, 0.0)",1
8641,23,18,8,"(0.10238555672916044, 0.0, 0.08950620996642342, 0.09247639241939104, 0.09173902283359818, 0.0, 0.06826344941350267, 0.0, 0.0, 0.0)",15
8642,23,18,11,"(0.09033430006888621, 0.14970886995698662, 0.0, 0.0, 0.0, 0.06625558999391289, 0.0, 0.08279881135943302, 0.0, 0.01812760691895582)",1
8643,23,18,11,"(0.2080985291155224, 0.1794989377719199, 0.0, 0.0, 0.0, 0.04688669779969397, 0.0, 0.08245397562040437, 0.0, 0.01812760691895582)",2
8644,23,18,11,"(0.09033430006888621, 0.14970886995698662, 0.0, 0.0, 0.0, 0.04688669779969397, 0.0, 0.07984494770327444, 0.0, 0.01812760691895582)",24
8645,23,18,11,"(0.09033430006888621, 0.1074645724770842, 0.0, 0.0, 0.0, 0.04688669779969397, 0.0, 0.07984494770327444, 0.0, 0.01812760691895582)",16
8646,23,18,11,"(0.09033430006888621, 0.14970886995698662, 0.0, 0.0, 0.0, 0.04688669779969397, 0.0, 0.08279881135943302, 0.0, 0.016152539832730857)",1
8647,23,18,11,"(0.09033430006888621, 0.14970886995698662, 0.0, 0.0, 0.0, 0.05873735136036632, 0.0, 0.27637322186504165, 0.0, 0.01812760691895582)",2
8648,23,18,11,"(0.09033430006888621, 0.14970886995698662, 0.0, 0.0, 0.0, 0.04688669779969397, 0.0, 0.08279881135943302, 0.0, 0.01812760691895582)",402
8649,23,18,11,"(0.09033430006888621, 0.13213432853456386, 0.0, 0.0, 0.0, 0.04834093988267106, 0.0, 0.08279881135943302, 0.0, 0.01812760691895582)",1
8650,23,18,13,"(0.0, 0.0, 0.11679612853536596, 0.06920069129515957, 0.09172770611919409, 0.07489992963210028, 0.0, 0.0, 0.14899621190854193, 0.0)",161
8651,23,18,13,"(0.0, 0.0, 0.11679612853536596, 0.06920069129515957, 0.08575861392675602, 0.0819291573141282, 0.0, 0.0, 0.15595732042116536, 0.0)",2
8652,23,19,8,"(0.0801328530860328, 0.0, 0.08950620996642342, 0.09247639241939104, 0.09173902283359818, 0.0, 0.06826344941350267, 0.0, 0.0, 0.0)",1
8653,23,19,8,"(0.07432647424245795, 0.0, 0.08950620996642342, 0.09247639241939104, 0.09173902283359818, 0.0, 0.06826344941350267, 0.0, 0.0, 0.0)",5
8654,23,19,8,"(0.09369258606422372, 0.0, 0.08950620996642342, 0.06964434197745281, 0.09173902283359818, 0.0, 0.06826344941350267, 0.0, 0.0, 0.0)",1
8655,23,19,8,"(0.09369258606422372, 0.0, 0.08950620996642342, 0.09247639241939104, 0.09173902283359818, 0.0, 0.06826344941350267, 0.0, 0.0, 0.0)",252
8656,23,19,8,"(0.09369258606422372, 0.0, 0.11327386825523442, 0.0881907179288747, 0.09173902283359818, 0.0, 0.03646102974628694, 0.0, 0.0, 0.0)",1
8657,23,19,11,"(0.13692470449007532, 0.14970886995698662, 0.0, 0.0, 0.0, 0.04688669779969397, 0.0, 0.07984494770327444, 0.0, 0.01812760691895582)",1
8658,23,19,11,"(0.09033430006888621, 0.19716268577915494, 0.0, 0.0, 0.0, 0.04688669779969397, 0.0, 0.08279881135943302, 0.0, 0.01812760691895582)",12
8659,23,19,11,"(0.09033430006888621, 0.14970886995698662, 0.0, 0.0, 0.0, 0.04688669779969397, 0.0, 0.08279881135943302, 0.0, 0.01812760691895582)",422
8660,23,19,11,"(0.09033430006888621, 0.11268007612770409, 0.0, 0.0, 0.0, 0.04688669779969397, 0.0, 0.08279881135943302, 0.0, 0.01812760691895582)",4
8661,23,19,11,"(0.09033430006888621, 0.14970886995698662, 0.0, 0.0, 0.0, 0.04688669779969397, 0.0, 0.08279881135943302, 0.0, 0.04525145930684547)",3
8662,23,19,11,"(0.09033430006888621, 0.14970886995698662, 0.0, 0.0, 0.0, 0.04688669779969397, 0.0, 0.07984494770327444, 0.0, 0.01812760691895582)",68
8663,23,19,11,"(0.09033430006888621, 0.14970886995698662, 0.0, 0.0, 0.0, 0.04815718114689509, 0.0, 0.08279881135943302, 0.0, 0.011924326680554796)",11
8664,23,19,13,"(0.0, 0.0, 0.11679612853536596, 0.06920069129515957, 0.09172770611919409, 0.07489992963210028, 0.0, 0.0, 0.14899621190854193, 0.0)",174
8665,23,20,8,"(0.09369258606422372, 0.0, 0.08950620996642342, 0.09247639241939104, 0.09173902283359818, 0.0, 0.06826344941350267, 0.0, 0.0, 0.0)",318
8666,23,20,8,"(0.10238555672916044, 0.0, 0.08950620996642342, 0.09247639241939104, 0.09173902283359818, 0.0, 0.06826344941350267, 0.0, 0.0, 0.0)",10
8667,23,20,8,"(0.09369258606422372, 0.0, 0.08950620996642342, 0.09247639241939104, 0.07546292099646616, 0.0, 0.06826344941350267, 0.0, 0.0, 0.0)",1
8668,23,20,11,"(0.09033430006888621, 0.16011627448119012, 0.0, 0.0, 0.0, 0.04688669779969397, 0.0, 0.09810554847317458, 0.0, 0.0209074027684901)",1
8669,23,20,11,"(0.09033430006888621, 0.14970886995698662, 0.0, 0.0, 0.0, 0.04688669779969397, 0.0, 0.08279881135943302, 0.0, 0.01812760691895582)",467
8670,23,20,11,"(0.09033430006888621, 0.14970886995698662, 0.0, 0.0, 0.0, 0.03738736352019319, 0.0, 0.08279881135943302, 0.0, 0.01812760691895582)",1
8671,23,20,11,"(0.09033430006888621, 0.14970886995698662, 0.0, 0.0, 0.0, 0.04688669779969397, 0.0, 0.08279881135943302, 0.0, 0.02006999965251523)",3
8672,23,20,11,"(0.10609917028727427, 0.14970886995698662, 0.0, 0.0, 0.0, 0.04688669779969397, 0.0, 0.08279881135943302, 0.0, 0.01812760691895582)",1
8673,23,20,11,"(0.09033430006888621, 0.14970886995698662, 0.0, 0.0, 0.0, 0.047638526976237563, 0.0, 0.08279881135943302, 0.0, 0.01085293091590558)",2
8674,23,20,11,"(0.09033430006888621, 0.14970886995698662, 0.0, 0.0, 0.0, 0.06943162314665462, 0.0, 0.08279881135943302, 0.0, 0.01812760691895582)",1
8675,23,20,13,"(0.0, 0.0, 0.11679612853536596, 0.06920069129515957, 0.09172770611919409, 0.07489992963210028, 0.0, 0.0, 0.14899621190854193, 0.0)",165
8676,23,20,13,"(0.0, 0.0, 0.11679612853536596, 0.07645366821728562, 0.09172770611919409, 0.07489992963210028, 0.0, 0.0, 0.14899621190854193, 0.0)",1
8677,23,20,13,"(0.0, 0.0, 0.11679612853536596, 0.06920069129515957, 0.09172770611919409, 0.09921919473858729, 0.0, 0.0, 0.14899621190854193, 0.0)",4
8678,23,20,13,"(0.0, 0.0, 0.11679612853536596, 0.06920069129515957, 0.09172770611919409, 0.08897895311679804, 0.0, 0.0, 0.14899621190854193, 0.0)",1
8679,23,20,13,"(0.0, 0.0, 0.11679612853536596, 0.06920069129515957, 0.09172770611919409, 0.07489992963210028, 0.0, 0.0, 0.1220970484784082, 0.0)",4
8680,24,0,8,"(0.09369258606422372, 0.0, 0.08950620996642342, 0.09247639241939104, 0.09173902283359818, 0.0, 0.06826344941350267, 0.0, 0.0, 0.0)",274
8681,24,0,8,"(0.09369258606422372, 0.0, 0.08959881401930331, 0.09247639241939104, 0.09173902283359818, 0.0, 0.06826344941350267, 0.0, 0.0, 0.0)",6
8682,24,0,8,"(0.08366580094963004, 0.0, 0.08950620996642342, 0.09247639241939104, 0.09173902283359818, 0.0, 0.06826344941350267, 0.0, 0.0, 0.0)",2
8683,24,0,8,"(0.09369258606422372, 0.0, 0.08950620996642342, 0.09247639241939104, 0.07546292099646616, 0.0, 0.06826344941350267, 0.0, 0.0, 0.0)",22
8684,24,0,8,"(0.09369258606422372, 0.0, 0.08950620996642342, 0.09247639241939104, 0.09173902283359818, 0.0, 0.05302705156070067, 0.0, 0.0, 0.0)",1
8685,24,0,11,"(0.09033430006888621, 0.14970886995698662, 0.0, 0.0, 0.0, 0.04688669779969397, 0.0, 0.08589801273312107, 0.0, 0.01812760691895582)",1
8686,24,0,11,"(0.09033430006888621, 0.14970886995698662, 0.0, 0.0, 0.0, 0.026113474094847832, 0.0, 0.08279881135943302, 0.0, 0.01812760691895582)",1
8687,24,0,11,"(0.09033430006888621, 0.14970886995698662, 0.0, 0.0, 0.0, 0.04688669779969397, 0.0, 0.0832359358755614, 0.0, 0.01812760691895582)",2
8688,24,0,11,"(0.09033430006888621, 0.23803493665570105, 0.0, 0.0, 0.0, 0.04688669779969397, 0.0, 0.08279881135943302, 0.0, 0.01812760691895582)",1
8689,24,0,11,"(0.09033430006888621, 0.14970886995698662, 0.0, 0.0, 0.0, 0.04688669779969397, 0.0, 0.08279881135943302, 0.0, 0.01812760691895582)",457
8690,24,0,11,"(0.09033430006888621, 0.043705851947104496, 0.0, 0.0, 0.0, 0.04688669779969397, 0.0, 0.08279881135943302, 0.0, 0.01812760691895582)",21
8691,24,0,13,"(0.0, 0.0, 0.11679612853536596, 0.06920069129515957, 0.09172770611919409, 0.08069221113546474, 0.0, 0.0, 0.14899621190854193, 0.0)",2
8692,24,0,13,"(0.0, 0.0, 0.11679612853536596, 0.06920069129515957, 0.09172770611919409, 0.07489992963210028, 0.0, 0.0, 0.10684000253542833, 0.0)",2
8693,24,0,13,"(0.0, 0.0, 0.1596450163640824, 0.06920069129515957, 0.09172770611919409, 0.07489992963210028, 0.0, 0.0, 0.14899621190854193, 0.0)",5
8694,24,0,13,"(0.0, 0.0, 0.11679612853536596, 0.06920069129515957, 0.09172770611919409, 0.07489992963210028, 0.0, 0.0, 0.14899621190854193, 0.0)",183
8695,24,1,8,"(0.10238555672916044, 0.0, 0.0780713325605818, 0.09247639241939104, 0.09173902283359818, 0.0, 0.06826344941350267, 0.0, 0.0, 0.0)",3
8696,24,1,8,"(0.10238555672916044, 0.0, 0.08950620996642342, 0.10644115382903385, 0.09173902283359818, 0.0, 0.06826344941350267, 0.0, 0.0, 0.0)",5
8697,24,1,8,"(0.09369258606422372, 0.0, 0.08950620996642342, 0.09247639241939104, 0.09173902283359818, 0.0, 0.037680200138310034, 0.0, 0.0, 0.0)",4
8698,24,1,8,"(0.10238555672916044, 0.0, 0.08950620996642342, 0.09247639241939104, 0.09173902283359818, 0.0, 0.06826344941350267, 0.0, 0.0, 0.0)",62
8699,24,1,8,"(0.05696798744479297, 0.0, 0.08950620996642342, 0.09247639241939104, 0.09173902283359818, 0.0, 0.06826344941350267, 0.0, 0.0, 0.0)",3
8700,24,1,8,"(0.11476345371354882, 0.0, 0.08950620996642342, 0.09247639241939104, 0.09173902283359818, 0.0, 0.06826344941350267, 0.0, 0.0, 0.0)",4
8701,24,1,8,"(0.09369258606422372, 0.0, 0.08950620996642342, 0.09247639241939104, 0.09173902283359818, 0.0, 0.06826344941350267, 0.0, 0.0, 0.0)",239
8702,24,1,11,"(0.09033430006888621, 0.14970886995698662, 0.0, 0.0, 0.0, 0.046102681918562045, 0.0, 0.06918706188086898, 0.0, 0.01812760691895582)",1
8703,24,1,11,"(0.09033430006888621, 0.14970886995698662, 0.0, 0.0, 0.0, 0.04688669779969397, 0.0, 0.08279881135943302, 0.0, 0.01812760691895582)",425
8704,24,1,11,"(0.09033430006888621, 0.14970886995698662, 0.0, 0.0, 0.0, 0.033907690583424785, 0.0, 0.04012001304854782, 0.0, 0.024929105670334333)",1
8705,24,1,11,"(0.09033430006888621, 0.14970886995698662, 0.0, 0.0, 0.0, 0.04688669779969397, 0.0, 0.10702033405140125, 0.0, 0.01812760691895582)",1
8706,24,1,11,"(0.09033430006888621, 0.14970886995698662, 0.0, 0.0, 0.0, 0.04688669779969397, 0.0, 0.1600929209318746, 0.0, 0.01812760691895582)",3
8707,24,1,11,"(0.09033430006888621, 0.14970886995698662, 0.0, 0.0, 0.0, 0.04688669779969397, 0.0, 0.08279881135943302, 0.0, 0.024929105670334333)",4
8708,24,1,11,"(0.09033430006888621, 0.1210764026090008, 0.0, 0.0, 0.0, 0.04688669779969397, 0.0, 0.08279881135943302, 0.0, 0.01812760691895582)",2
8709,24,1,11,"(0.07787806655541127, 0.1194712598616348, 0.0, 0.0, 0.0, 0.07032861470736856, 0.0, 0.07294200031246713, 0.0, 0.01812760691895582)",6
8710,24,1,11,"(0.09033430006888621, 0.1582612268628517, 0.0, 0.0, 0.0, 0.04688669779969397, 0.0, 0.08279881135943302, 0.0, 0.01812760691895582)",1
8711,24,1,13,"(0.0, 0.0, 0.11679612853536596, 0.06920069129515957, 0.09172770611919409, 0.07489992963210028, 0.0, 0.0, 0.14899621190854193, 0.0)",160
8712,24,2,8,"(0.09369258606422372, 0.0, 0.08950620996642342, 0.08440487565112169, 0.09173902283359818, 0.0, 0.06826344941350267, 0.0, 0.0, 0.0)",1
8713,24,2,8,"(0.09369258606422372, 0.0, 0.08950620996642342, 0.09247639241939104, 0.09173902283359818, 0.0, 0.06826344941350267, 0.0, 0.0, 0.0)",291
8714,24,2,8,"(0.09369258606422372, 0.0, 0.08950620996642342, 0.02457605566434793, 0.09173902283359818, 0.0, 0.10139664879827244, 0.0, 0.0, 0.0)",2
8715,24,2,8,"(0.08158690663608055, 0.0, 0.1218376437526911, 0.09247639241939104, 0.10339129285072156, 0.0, 0.06826344941350267, 0.0, 0.0, 0.0)",1
8716,24,2,11,"(0.09033430006888621, 0.14970886995698662, 0.0, 0.0, 0.0, 0.04688669779969397, 0.0, 0.03891946431633568, 0.0, 0.01812760691895582)",1
8717,24,2,11,"(0.09115835996486173, 0.14970886995698662, 0.0, 0.0, 0.0, 0.03354380497055044, 0.0, 0.08279881135943302, 0.0, 0.01812760691895582)",1
8718,24,2,11,"(0.09033430006888621, 0.14970886995698662, 0.0, 0.0, 0.0, 0.08766337684870487, 0.0, 0.08279881135943302, 0.0, 0.01812760691895582)",2
8719,24,2,11,"(0.09033430006888621, 0.2537653666692646, 0.0, 0.0, 0.0, 0.04688669779969397, 0.0, 0.08279881135943302, 0.0, 0.021413247517754835)",2
8720,24,2,11,"(0.09033430006888621, 0.14970886995698662, 0.0, 0.0, 0.0, 0.04688669779969397, 0.0, 0.08279881135943302, 0.0, 0.018060990735168776)",3
8721,24,2,11,"(0.09033430006888621, 0.15975225801502566, 0.0, 0.0, 0.0, 0.04688669779969397, 0.0, 0.08279881135943302, 0.0, 0.01812760691895582)",1
8722,24,2,11,"(0.09033430006888621, 0.15975225801502566, 0.0, 0.0, 0.0, 0.04688669779969397, 0.0, 0.14709184415847534, 0.0, 0.01812760691895582)",1
8723,24,2,11,"(0.09033430006888621, 0.14970886995698662, 0.0, 0.0, 0.0, 0.04688669779969397, 0.0, 0.14300564205722976, 0.0, 0.01812760691895582)",1
8724,24,2,11,"(0.09033430006888621, 0.18052881447664795, 0.0, 0.0, 0.0, 0.04688669779969397, 0.0, 0.2349732141181977, 0.0, 0.01812760691895582)",1
8725,24,2,11,"(0.09033430006888621, 0.10327826116235447, 0.0, 0.0, 0.0, 0.04688669779969397, 0.0, 0.08279881135943302, 0.0, 0.01812760691895582)",1
8726,24,2,11,"(0.09033430006888621, 0.14970886995698662, 0.0, 0.0, 0.0, 0.04688669779969397, 0.0, 0.08279881135943302, 0.0, 0.01812760691895582)",421
8727,24,2,13,"(0.0, 0.0, 0.11679612853536596, 0.05722936993575417, 0.09172770611919409, 0.07489992963210028, 0.0, 0.0, 0.14899621190854193, 0.0)",3
8728,24,2,13,"(0.0, 0.0, 0.11679612853536596, 0.06920069129515957, 0.09172770611919409, 0.07489992963210028, 0.0, 0.0, 0.14899621190854193, 0.0)",172
8729,24,3,8,"(0.09369258606422372, 0.0, 0.08950620996642342, 0.09247639241939104, 0.07465200933978253, 0.0, 0.035079179745483344, 0.0, 0.0, 0.0)",3
8730,24,3,8,"(0.09369258606422372, 0.0, 0.08950620996642342, 0.09247639241939104, 0.07465200933978253, 0.0, 0.06150838650190233, 0.0, 0.0, 0.0)",34
8731,24,3,8,"(0.11775070986565728, 0.0, 0.08950620996642342, 0.09247639241939104, 0.07465200933978253, 0.0, 0.06826344941350267, 0.0, 0.0, 0.0)",1
8732,24,3,8,"(0.100461305701602, 0.0, 0.109938090283223, 0.0678196289093588, 0.07465200933978253, 0.0, 0.06826344941350267, 0.0, 0.0, 0.0)",1
8733,24,3,8,"(0.09369258606422372, 0.0, 0.12800983229785723, 0.09247639241939104, 0.07465200933978253, 0.0, 0.06826344941350267, 0.0, 0.0, 0.0)",4
8734,24,3,8,"(0.09369258606422372, 0.0, 0.08950620996642342, 0.09247639241939104, 0.07465200933978253, 0.0, 0.06826344941350267, 0.0, 0.0, 0.0)",364
8735,24,3,8,"(0.08444267741344796, 0.0, 0.08950620996642342, 0.09247639241939104, 0.07465200933978253, 0.0, 0.06826344941350267, 0.0, 0.0, 0.0)",1
8736,24,3,11,"(0.09033430006888621, 0.14970886995698662, 0.0, 0.0, 0.0, 0.07191380720745695, 0.0, 0.08279881135943302, 0.0, 0.01812760691895582)",2
8737,24,3,11,"(0.09033430006888621, 0.14970886995698662, 0.0, 0.0, 0.0, 0.04688669779969397, 0.0, 0.058909600586871246, 0.0, 0.01812760691895582)",1
8738,24,3,11,"(0.11642427162819424, 0.14970886995698662, 0.0, 0.0, 0.0, 0.051548873715099995, 0.0, 0.08279881135943302, 0.0, 0.01812760691895582)",61
8739,24,3,11,"(0.09033430006888621, 0.14970886995698662, 0.0, 0.0, 0.0, 0.04688669779969397, 0.0, 0.08279881135943302, 0.0, 0.02579439118685871)",1
8740,24,3,11,"(0.11642427162819424, 0.14970886995698662, 0.0, 0.0, 0.0, 0.051548873715099995, 0.0, 0.12804484276894798, 0.0, 0.01812760691895582)",1
8741,24,3,11,"(0.09033430006888621, 0.14970886995698662, 0.0, 0.0, 0.0, 0.04688669779969397, 0.0, 0.10528065681718839, 0.0, 0.01812760691895582)",5
8742,24,3,11,"(0.09033430006888621, 0.14970886995698662, 0.0, 0.0, 0.0, 0.04688669779969397, 0.0, 0.08279881135943302, 0.0, 0.012514119693774037)",1
8743,24,3,11,"(0.09033430006888621, 0.14970886995698662, 0.0, 0.0, 0.0, 0.04688669779969397, 0.0, 0.08279881135943302, 0.0, 0.01812760691895582)",257
8744,24,3,11,"(0.09033430006888621, 0.14970886995698662, 0.0, 0.0, 0.0, 0.04688669779969397, 0.0, 0.05422369914102563, 0.0, 0.01812760691895582)",1
8745,24,3,13,"(0.0, 0.0, 0.11679612853536596, 0.06920069129515957, 0.09172770611919409, 0.07489992963210028, 0.0, 0.0, 0.14899621190854193, 0.0)",185
8746,24,3,13,"(0.0, 0.0, 0.11679612853536596, 0.06920069129515957, 0.1042104148582203, 0.07489992963210028, 0.0, 0.0, 0.14899621190854193, 0.0)",1
8747,24,4,8,"(0.09369258606422372, 0.0, 0.08950620996642342, 0.09247639241939104, 0.09358398971303583, 0.0, 0.06826344941350267, 0.0, 0.0, 0.0)",1
8748,24,4,8,"(0.09369258606422372, 0.0, 0.08950620996642342, 0.09247639241939104, 0.07465200933978253, 0.0, 0.06826344941350267, 0.0, 0.0, 0.0)",303
8749,24,4,11,"(0.09033430006888621, 0.15344748711027048, 0.0, 0.0, 0.0, 0.04688669779969397, 0.0, 0.08279881135943302, 0.0, 0.01812760691895582)",3
8750,24,4,11,"(0.08230453637069948, 0.14970886995698662, 0.0, 0.0, 0.0, 0.04688669779969397, 0.0, 0.08279881135943302, 0.0, 0.01812760691895582)",1
8751,24,4,11,"(0.09033430006888621, 0.14970886995698662, 0.0, 0.0, 0.0, 0.04688669779969397, 0.0, 0.06716024731860408, 0.0, 0.01812760691895582)",2
8752,24,4,11,"(0.09033430006888621, 0.14970886995698662, 0.0, 0.0, 0.0, 0.029332772567669297, 0.0, 0.08279881135943302, 0.0, 0.019621689996743394)",1
8753,24,4,11,"(0.14224781606636336, 0.14970886995698662, 0.0, 0.0, 0.0, 0.04688669779969397, 0.0, 0.08279881135943302, 0.0, 0.017837731358005246)",1
8754,24,4,11,"(0.1043294800565886, 0.14970886995698662, 0.0, 0.0, 0.0, 0.04688669779969397, 0.0, 0.08279881135943302, 0.0, 0.01812760691895582)",1
8755,24,4,11,"(0.09097050937531428, 0.14970886995698662, 0.0, 0.0, 0.0, 0.04733487642896939, 0.0, 0.08279881135943302, 0.0, 0.015477300672038017)",14
8756,24,4,11,"(0.09033430006888621, 0.14970886995698662, 0.0, 0.0, 0.0, 0.04688669779969397, 0.0, 0.08279881135943302, 0.0, 0.008525507331582598)",2
8757,24,4,11,"(0.09033430006888621, 0.14970886995698662, 0.0, 0.0, 0.0, 0.04688669779969397, 0.0, 0.08345785802499098, 0.0, 0.01812760691895582)",1
8758,24,4,11,"(0.11062880065667605, 0.14970886995698662, 0.0, 0.0, 0.0, 0.051548873715099995, 0.0, 0.08279881135943302, 0.0, 0.01812760691895582)",3
8759,24,4,11,"(0.0795000480734414, 0.14970886995698662, 0.0, 0.0, 0.0, 0.04688669779969397, 0.0, 0.08279881135943302, 0.0, 0.01671375562669042)",2
8760,24,4,11,"(0.11642427162819424, 0.14970886995698662, 0.0, 0.0, 0.0, 0.051548873715099995, 0.0, 0.08279881135943302, 0.0, 0.01812760691895582)",53
8761,24,4,11,"(0.09033430006888621, 0.14970886995698662, 0.0, 0.0, 0.0, 0.04688669779969397, 0.0, 0.08164288245943133, 0.0, 0.01812760691895582)",1
8762,24,4,11,"(0.09033430006888621, 0.14970886995698662, 0.0, 0.0, 0.0, 0.04688669779969397, 0.0, 0.08279881135943302, 0.0, 0.01812760691895582)",444
8763,24,4,13,"(0.0, 0.0, 0.11679612853536596, 0.06920069129515957, 0.09172770611919409, 0.07489992963210028, 0.0, 0.0, 0.14899621190854193, 0.0)",182
8764,24,4,13,"(0.0, 0.0, 0.11679612853536596, 0.06920069129515957, 0.09172770611919409, 0.07489992963210028, 0.0, 0.0, 0.10175391701769376, 0.0)",1
8765,24,5,8,"(0.09369258606422372, 0.0, 0.08950620996642342, 0.17550999647729648, 0.07465200933978253, 0.0, 0.06826344941350267, 0.0, 0.0, 0.0)",1
8766,24,5,8,"(0.09369258606422372, 0.0, 0.05611410221459441, 0.09247639241939104, 0.07465200933978253, 0.0, 0.06826344941350267, 0.0, 0.0, 0.0)",1
8767,24,5,8,"(0.09369258606422372, 0.0, 0.08950620996642342, 0.09247639241939104, 0.07465200933978253, 0.0, 0.06826344941350267, 0.0, 0.0, 0.0)",358
8768,24,5,8,"(0.09369258606422372, 0.0, 0.08950620996642342, 0.087948741239604, 0.07465200933978253, 0.0, 0.06826344941350267, 0.0, 0.0, 0.0)",1
8769,24,5,8,"(0.09369258606422372, 0.0, 0.08950620996642342, 0.09247639241939104, 0.06264346890857653, 0.0, 0.06826344941350267, 0.0, 0.0, 0.0)",1
8770,24,5,11,"(0.11642427162819424, 0.14970886995698662, 0.0, 0.0, 0.0, 0.06056085022269737, 0.0, 0.08279881135943302, 0.0, 0.01812760691895582)",1
8771,24,5,11,"(0.09033430006888621, 0.1460789593826368, 0.0, 0.0, 0.0, 0.04688669779969397, 0.0, 0.08279881135943302, 0.0, 0.01812760691895582)",3
8772,24,5,11,"(0.09033430006888621, 0.15582098209234257, 0.0, 0.0, 0.0, 0.04688669779969397, 0.0, 0.08279881135943302, 0.0, 0.01812760691895582)",1
8773,24,5,11,"(0.11642427162819424, 0.14970886995698662, 0.0, 0.0, 0.0, 0.051548873715099995, 0.0, 0.07449535309931198, 0.0, 0.01812760691895582)",21
8774,24,5,11,"(0.11642427162819424, 0.14970886995698662, 0.0, 0.0, 0.0, 0.051548873715099995, 0.0, 0.08279881135943302, 0.0, 0.01804482691936577)",1
8775,24,5,11,"(0.11642427162819424, 0.14970886995698662, 0.0, 0.0, 0.0, 0.051548873715099995, 0.0, 0.08279881135943302, 0.0, 0.01812760691895582)",132
8776,24,5,11,"(0.09033430006888621, 0.14970886995698662, 0.0, 0.0, 0.0, 0.04688669779969397, 0.0, 0.08279881135943302, 0.0, 0.01812760691895582)",218
8777,24,5,11,"(0.11642427162819424, 0.14970886995698662, 0.0, 0.0, 0.0, 0.08341066274606408, 0.0, 0.08279881135943302, 0.0, 0.01812760691895582)",1
8778,24,5,11,"(0.11642427162819424, 0.2766350010867535, 0.0, 0.0, 0.0, 0.11606103008541165, 0.0, 0.08279881135943302, 0.0, 0.01812760691895582)",1
8779,24,5,11,"(0.09033430006888621, 0.14970886995698662, 0.0, 0.0, 0.0, 0.04688669779969397, 0.0, 0.08279881135943302, 0.0, 0.01528850307463536)",8
8780,24,5,11,"(0.09033430006888621, 0.1392820234366987, 0.0, 0.0, 0.0, 0.04688669779969397, 0.0, 0.08279881135943302, 0.0, 0.01812760691895582)",6
8781,24,5,11,"(0.19042526452160768, 0.14970886995698662, 0.0, 0.0, 0.0, 0.04688669779969397, 0.0, 0.07740109975215015, 0.0, 0.01812760691895582)",1
8782,24,5,13,"(0.0, 0.0, 0.11679612853536596, 0.06920069129515957, 0.09172770611919409, 0.07489992963210028, 0.0, 0.0, 0.15098207826732551, 0.0)",1
8783,24,5,13,"(0.0, 0.0, 0.11679612853536596, 0.06920069129515957, 0.09172770611919409, 0.07489992963210028, 0.0, 0.0, 0.14899621190854193, 0.0)",170
8784,24,6,8,"(0.09369258606422372, 0.0, 0.16500819152697913, 0.09247639241939104, 0.07465200933978253, 0.0, 0.06826344941350267, 0.0, 0.0, 0.0)",7
8785,24,6,8,"(0.13864005997014836, 0.0, 0.08950620996642342, 0.09247639241939104, 0.07465200933978253, 0.0, 0.06826344941350267, 0.0, 0.0, 0.0)",1
8786,24,6,8,"(0.09369258606422372, 0.0, 0.05116032152478923, 0.09247639241939104, 0.0569587347114003, 0.0, 0.04004747838514339, 0.0, 0.0, 0.0)",1
8787,24,6,8,"(0.09369258606422372, 0.0, 0.08950620996642342, 0.09247639241939104, 0.07465200933978253, 0.0, 0.06826344941350267, 0.0, 0.0, 0.0)",408
8788,24,6,8,"(0.09369258606422372, 0.0, 0.03460008920830464, 0.09247639241939104, 0.07465200933978253, 0.0, 0.06431075699940979, 0.0, 0.0, 0.0)",3
8789,24,6,11,"(0.09033430006888621, 0.14970886995698662, 0.0, 0.0, 0.0, 0.051548873715099995, 0.0, 0.08279881135943302, 0.0, 0.01812760691895582)",63
8790,24,6,11,"(0.09033430006888621, 0.14970886995698662, 0.0, 0.0, 0.0, 0.051548873715099995, 0.0, 0.08716501525354518, 0.0, 0.01812760691895582)",1
8791,24,6,11,"(0.11642427162819424, 0.1220389145008153, 0.0, 0.0, 0.0, 0.04711189455653596, 0.0, 0.08279881135943302, 0.0, 0.01812760691895582)",47
8792,24,6,11,"(0.11642427162819424, 0.1220389145008153, 0.0, 0.0, 0.0, 0.051548873715099995, 0.0, 0.08279881135943302, 0.0, 0.01812760691895582)",18
8793,24,6,11,"(0.10636072033149788, 0.14970886995698662, 0.0, 0.0, 0.0, 0.03612569215711392, 0.0, 0.1063152412317021, 0.0, 0.01812760691895582)",4
8794,24,6,11,"(0.09033430006888621, 0.14970886995698662, 0.0, 0.0, 0.0, 0.04688669779969397, 0.0, 0.08279881135943302, 0.0, 0.01812760691895582)",180
8795,24,6,11,"(0.09033430006888621, 0.13284843331762253, 0.0, 0.0, 0.0, 0.03482391216120594, 0.0, 0.055167573976161684, 0.0, 0.01812760691895582)",1
8796,24,6,13,"(0.0, 0.0, 0.056977212796336565, 0.06920069129515957, 0.09172770611919409, 0.07489992963210028, 0.0, 0.0, 0.14899621190854193, 0.0)",3
8797,24,6,13,"(0.0, 0.0, 0.11679612853536596, 0.054580464047605366, 0.09172770611919409, 0.12970594107474115, 0.0, 0.0, 0.10748165248817727, 0.0)",5
8798,24,6,13,"(0.0, 0.0, 0.11679612853536596, 0.06920069129515957, 0.09172770611919409, 0.07489992963210028, 0.0, 0.0, 0.14899621190854193, 0.0)",183
8799,24,6,13,"(0.0, 0.0, 0.11679612853536596, 0.06920069129515957, 0.06912350447798404, 0.07489992963210028, 0.0, 0.0, 0.14899621190854193, 0.0)",1
8800,24,7,8,"(0.09369258606422372, 0.0, 0.08950620996642342, 0.09247639241939104, 0.1451590698483441, 0.0, 0.06826344941350267, 0.0, 0.0, 0.0)",2
8801,24,7,8,"(0.09369258606422372, 0.0, 0.1014386726458593, 0.09247639241939104, 0.07465200933978253, 0.0, 0.06826344941350267, 0.0, 0.0, 0.0)",1
8802,24,7,8,"(0.06169855754631527, 0.0, 0.08950620996642342, 0.09247639241939104, 0.07465200933978253, 0.0, 0.06826344941350267, 0.0, 0.0, 0.0)",2
8803,24,7,8,"(0.09369258606422372, 0.0, 0.10285988528917246, 0.0713094133474033, 0.03229023166106867, 0.0, 0.07336294711839271, 0.0, 0.0, 0.0)",5
8804,24,7,8,"(0.09369258606422372, 0.0, 0.08950620996642342, 0.07925808406379649, 0.07465200933978253, 0.0, 0.06826344941350267, 0.0, 0.0, 0.0)",22
8805,24,7,8,"(0.09369258606422372, 0.0, 0.08950620996642342, 0.09247639241939104, 0.07465200933978253, 0.0, 0.03600734697038381, 0.0, 0.0, 0.0)",1
8806,24,7,8,"(0.09369258606422372, 0.0, 0.08950620996642342, 0.09247639241939104, 0.07465200933978253, 0.0, 0.06826344941350267, 0.0, 0.0, 0.0)",333
8807,24,7,11,"(0.09033430006888621, 0.14970886995698662, 0.0, 0.0, 0.0, 0.04688669779969397, 0.0, 0.08279881135943302, 0.0, 0.01672513239833223)",1
8808,24,7,11,"(0.11642427162819424, 0.14970886995698662, 0.0, 0.0, 0.0, 0.051548873715099995, 0.0, 0.08279881135943302, 0.0, 0.01812760691895582)",8
8809,24,7,11,"(0.09033430006888621, 0.14970886995698662, 0.0, 0.0, 0.0, 0.04688669779969397, 0.0, 0.08279881135943302, 0.0, 0.01812760691895582)",377
8810,24,7,11,"(0.09033430006888621, 0.08141139979613854, 0.0, 0.0, 0.0, 0.04688669779969397, 0.0, 0.08279881135943302, 0.0, 0.017753907365727094)",1
8811,24,7,11,"(0.11756125185717696, 0.14970886995698662, 0.0, 0.0, 0.0, 0.04688669779969397, 0.0, 0.08279881135943302, 0.0, 0.01812760691895582)",1
8812,24,7,11,"(0.09033430006888621, 0.15466029757682392, 0.0, 0.0, 0.0, 0.04688669779969397, 0.0, 0.08279881135943302, 0.0, 0.01812760691895582)",5
8813,24,7,13,"(0.0, 0.0, 0.11679612853536596, 0.04549838159747627, 0.09172770611919409, 0.07489992963210028, 0.0, 0.0, 0.14899621190854193, 0.0)",1
8814,24,7,13,"(0.0, 0.0, 0.11679612853536596, 0.06920069129515957, 0.09172770611919409, 0.07489992963210028, 0.0, 0.0, 0.14899621190854193, 0.0)",164
8815,24,8,8,"(0.047642825291875454, 0.0, 0.08950620996642342, 0.09247639241939104, 0.07465200933978253, 0.0, 0.06826344941350267, 0.0, 0.0, 0.0)",1
8816,24,8,8,"(0.09369258606422372, 0.0, 0.08950620996642342, 0.09247639241939104, 0.07465200933978253, 0.0, 0.06826344941350267, 0.0, 0.0, 0.0)",393
8817,24,8,8,"(0.24142358329531602, 0.0, 0.05223891407293537, 0.09247639241939104, 0.07465200933978253, 0.0, 0.10672854751168907, 0.0, 0.0, 0.0)",1
8818,24,8,8,"(0.09369258606422372, 0.0, 0.08950620996642342, 0.07234121355035873, 0.07465200933978253, 0.0, 0.09969715244720834, 0.0, 0.0, 0.0)",1
8819,24,8,11,"(0.09033430006888621, 0.14970886995698662, 0.0, 0.0, 0.0, 0.04688669779969397, 0.0, 0.08279881135943302, 0.0, 0.01812760691895582)",352
8820,24,8,11,"(0.11642427162819424, 0.14970886995698662, 0.0, 0.0, 0.0, 0.051548873715099995, 0.0, 0.08279881135943302, 0.0, 0.01812760691895582)",3
8821,24,8,11,"(0.0657551080133821, 0.14970886995698662, 0.0, 0.0, 0.0, 0.04688669779969397, 0.0, 0.09038435032829809, 0.0, 0.01812760691895582)",1
8822,24,8,11,"(0.13704088271727446, 0.14970886995698662, 0.0, 0.0, 0.0, 0.04688669779969397, 0.0, 0.06763777281616024, 0.0, 0.01812760691895582)",1
8823,24,8,11,"(0.09033430006888621, 0.07402451804324964, 0.0, 0.0, 0.0, 0.04688669779969397, 0.0, 0.08337124188826667, 0.0, 0.01812760691895582)",2
8824,24,8,11,"(0.09033430006888621, 0.14970886995698662, 0.0, 0.0, 0.0, 0.05070026277623776, 0.0, 0.08279881135943302, 0.0, 0.04759135545864101)",1
8825,24,8,11,"(0.09033430006888621, 0.14970886995698662, 0.0, 0.0, 0.0, 0.04688669779969397, 0.0, 0.08279881135943302, 0.0, 0.01070957137435838)",2
8826,24,8,11,"(0.09033430006888621, 0.14970886995698662, 0.0, 0.0, 0.0, 0.032939437676449176, 0.0, 0.08279881135943302, 0.0, 0.01812760691895582)",2
8827,24,8,11,"(0.10757940104803726, 0.14970886995698662, 0.0, 0.0, 0.0, 0.046953628527071876, 0.0, 0.08279881135943302, 0.0, 0.01812760691895582)",1
8828,24,8,13,"(0.0, 0.0, 0.11679612853536596, 0.06920069129515957, 0.09172770611919409, 0.07489992963210028, 0.0, 0.0, 0.14899621190854193, 0.0)",152
8829,24,8,13,"(0.0, 0.0, 0.11679612853536596, 0.06920069129515957, 0.09172770611919409, 0.07489992963210028, 0.0, 0.0, 0.15302931840305348, 0.0)",3
8830,24,8,13,"(0.0, 0.0, 0.149320687543415, 0.06171580943192364, 0.15137813535424002, 0.07489992963210028, 0.0, 0.0, 0.14899621190854193, 0.0)",1
8831,24,8,13,"(0.0, 0.0, 0.11886304778870224, 0.06920069129515957, 0.09172770611919409, 0.07489992963210028, 0.0, 0.0, 0.14899621190854193, 0.0)",4
8832,24,9,8,"(0.09369258606422372, 0.0, 0.08950620996642342, 0.08241364178275358, 0.09173902283359818, 0.0, 0.06826344941350267, 0.0, 0.0, 0.0)",4
8833,24,9,8,"(0.09369258606422372, 0.0, 0.09894808627079137, 0.17841490236398702, 0.09173902283359818, 0.0, 0.06826344941350267, 0.0, 0.0, 0.0)",3
8834,24,9,8,"(0.09204513694678756, 0.0, 0.08950620996642342, 0.09247639241939104, 0.09173902283359818, 0.0, 0.06826344941350267, 0.0, 0.0, 0.0)",1
8835,24,9,8,"(0.09369258606422372, 0.0, 0.08950620996642342, 0.09247639241939104, 0.09173902283359818, 0.0, 0.06826344941350267, 0.0, 0.0, 0.0)",309
8836,24,9,11,"(0.09033430006888621, 0.14970886995698662, 0.0, 0.0, 0.0, 0.04959806927866167, 0.0, 0.08279881135943302, 0.0, 0.01812760691895582)",2
8837,24,9,11,"(0.09033430006888621, 0.14970886995698662, 0.0, 0.0, 0.0, 0.04959806927866167, 0.0, 0.08279881135943302, 0.0, 0.029565218072736547)",1
8838,24,9,11,"(0.09033430006888621, 0.14970886995698662, 0.0, 0.0, 0.0, 0.04688669779969397, 0.0, 0.08279881135943302, 0.0, 0.01812760691895582)",432
8839,24,9,11,"(0.09033430006888621, 0.14970886995698662, 0.0, 0.0, 0.0, 0.04688669779969397, 0.0, 0.12119943480119556, 0.0, 0.01812760691895582)",5
8840,24,9,11,"(0.09033430006888621, 0.1937902643268404, 0.0, 0.0, 0.0, 0.04688669779969397, 0.0, 0.08279881135943302, 0.0, 0.01812760691895582)",1
8841,24,9,11,"(0.049646425247333974, 0.16313020724485272, 0.0, 0.0, 0.0, 0.04688669779969397, 0.0, 0.20992116761740726, 0.0, 0.01812760691895582)",2
8842,24,9,11,"(0.09033430006888621, 0.14970886995698662, 0.0, 0.0, 0.0, 0.03533581709122595, 0.0, 0.08279881135943302, 0.0, 0.01812760691895582)",1
8843,24,9,11,"(0.09033430006888621, 0.14970886995698662, 0.0, 0.0, 0.0, 0.0508285109987239, 0.0, 0.08279881135943302, 0.0, 0.01812760691895582)",1
8844,24,9,13,"(0.0, 0.0, 0.13616328691601162, 0.06920069129515957, 0.09172770611919409, 0.07489992963210028, 0.0, 0.0, 0.37351634022618446, 0.0)",1
8845,24,9,13,"(0.0, 0.0, 0.11679612853536596, 0.06920069129515957, 0.09172770611919409, 0.07489992963210028, 0.0, 0.0, 0.14899621190854193, 0.0)",184
8846,24,9,13,"(0.0, 0.0, 0.042702636960089704, 0.06920069129515957, 0.09172770611919409, 0.07489992963210028, 0.0, 0.0, 0.14899621190854193, 0.0)",1
8847,24,10,8,"(0.09369258606422372, 0.0, 0.08950620996642342, 0.09247639241939104, 0.09173902283359818, 0.0, 0.06826344941350267, 0.0, 0.0, 0.0)",290
8848,24,10,8,"(0.05694411973241444, 0.0, 0.1490356523148864, 0.050356152736765816, 0.09173902283359818, 0.0, 0.05469624936458245, 0.0, 0.0, 0.0)",2
8849,24,10,8,"(0.10291889849512922, 0.0, 0.08950620996642342, 0.09247639241939104, 0.09173902283359818, 0.0, 0.06826344941350267, 0.0, 0.0, 0.0)",4
8850,24,10,11,"(0.09033430006888621, 0.14970886995698662, 0.0, 0.0, 0.0, 0.04688669779969397, 0.0, 0.08279881135943302, 0.0, 0.014245913390644583)",53
8851,24,10,11,"(0.09033430006888621, 0.103427622396114, 0.0, 0.0, 0.0, 0.04688669779969397, 0.0, 0.08279881135943302, 0.0, 0.008851272889490145)",1
8852,24,10,11,"(0.09033430006888621, 0.14970886995698662, 0.0, 0.0, 0.0, 0.04688669779969397, 0.0, 0.12326633924087535, 0.0, 0.019085898213722866)",2
8853,24,10,11,"(0.12665555502190998, 0.14970886995698662, 0.0, 0.0, 0.0, 0.04688669779969397, 0.0, 0.08279881135943302, 0.0, 0.01812760691895582)",4
8854,24,10,11,"(0.09033430006888621, 0.14970886995698662, 0.0, 0.0, 0.0, 0.04688669779969397, 0.0, 0.08279881135943302, 0.0, 0.01812760691895582)",405
8855,24,10,11,"(0.09033430006888621, 0.14970886995698662, 0.0, 0.0, 0.0, 0.04959806927866167, 0.0, 0.08279881135943302, 0.0, 0.01812760691895582)",30
8856,24,10,11,"(0.10187466675868044, 0.22089273958883227, 0.0, 0.0, 0.0, 0.04688669779969397, 0.0, 0.08279881135943302, 0.0, 0.01812760691895582)",2
8857,24,10,11,"(0.09033430006888621, 0.14970886995698662, 0.0, 0.0, 0.0, 0.02957688632000175, 0.0, 0.08279881135943302, 0.0, 0.01812760691895582)",17
8858,24,10,11,"(0.09033430006888621, 0.14970886995698662, 0.0, 0.0, 0.0, 0.04688669779969397, 0.0, 0.08279881135943302, 0.0, 0.020773258305207706)",1
8859,24,10,11,"(0.09033430006888621, 0.14970886995698662, 0.0, 0.0, 0.0, 0.04688669779969397, 0.0, 0.08279881135943302, 0.0, 0.025198569389532653)",1
8860,24,10,13,"(0.0, 0.0, 0.1710085159025611, 0.06920069129515957, 0.09172770611919409, 0.07489992963210028, 0.0, 0.0, 0.14899621190854193, 0.0)",1
8861,24,10,13,"(0.0, 0.0, 0.32575941593710667, 0.06920069129515957, 0.09172770611919409, 0.07489992963210028, 0.0, 0.0, 0.14899621190854193, 0.0)",1
8862,24,10,13,"(0.0, 0.0, 0.24766625444861484, 0.050929325322654255, 0.09172770611919409, 0.07489992963210028, 0.0, 0.0, 0.14899621190854193, 0.0)",1
8863,24,10,13,"(0.0, 0.0, 0.11679612853536596, 0.06920069129515957, 0.09172770611919409, 0.07489992963210028, 0.0, 0.0, 0.14899621190854193, 0.0)",186
8864,24,11,8,"(0.09369258606422372, 0.0, 0.08950620996642342, 0.09247639241939104, 0.09173902283359818, 0.0, 0.06826344941350267, 0.0, 0.0, 0.0)",279
8865,24,11,8,"(0.09369258606422372, 0.0, 0.08950620996642342, 0.260159666028996, 0.09173902283359818, 0.0, 0.06826344941350267, 0.0, 0.0, 0.0)",1
8866,24,11,8,"(0.09369258606422372, 0.0, 0.08950620996642342, 0.09247639241939104, 0.09173902283359818, 0.0, 0.16252223362738064, 0.0, 0.0, 0.0)",1
8867,24,11,8,"(0.08548886952355345, 0.0, 0.08950620996642342, 0.09247639241939104, 0.09173902283359818, 0.0, 0.06826344941350267, 0.0, 0.0, 0.0)",34
8868,24,11,11,"(0.13800258625232031, 0.342902412346539, 0.0, 0.0, 0.0, 0.04959806927866167, 0.0, 0.08279881135943302, 0.0, 0.01812760691895582)",2
8869,24,11,11,"(0.09033430006888621, 0.14970886995698662, 0.0, 0.0, 0.0, 0.04688669779969397, 0.0, 0.08279881135943302, 0.0, 0.01812760691895582)",455
8870,24,11,11,"(0.09033430006888621, 0.14970886995698662, 0.0, 0.0, 0.0, 0.04688669779969397, 0.0, 0.08279881135943302, 0.0, 0.019638021417136005)",1
8871,24,11,11,"(0.09033430006888621, 0.14970886995698662, 0.0, 0.0, 0.0, 0.07310757703936384, 0.0, 0.08279881135943302, 0.0, 0.015368113698270174)",1
8872,24,11,11,"(0.09033430006888621, 0.14970886995698662, 0.0, 0.0, 0.0, 0.04959806927866167, 0.0, 0.08279881135943302, 0.0, 0.01812760691895582)",28
8873,24,11,11,"(0.09033430006888621, 0.14970886995698662, 0.0, 0.0, 0.0, 0.04688669779969397, 0.0, 0.08279881135943302, 0.0, 0.019565135842098343)",1
8874,24,11,13,"(0.0, 0.0, 0.11679612853536596, 0.06920069129515957, 0.09172770611919409, 0.10217625967609846, 0.0, 0.0, 0.1303062738740032, 0.0)",8
8875,24,11,13,"(0.0, 0.0, 0.11679612853536596, 0.06920069129515957, 0.09085430123360007, 0.07489992963210028, 0.0, 0.0, 0.14899621190854193, 0.0)",2
8876,24,11,13,"(0.0, 0.0, 0.11679612853536596, 0.06920069129515957, 0.09172770611919409, 0.07489992963210028, 0.0, 0.0, 0.14899621190854193, 0.0)",183
8877,24,11,13,"(0.0, 0.0, 0.11679612853536596, 0.06920069129515957, 0.09172770611919409, 0.06661641639824559, 0.0, 0.0, 0.14899621190854193, 0.0)",1
8878,24,12,8,"(0.11764917617341548, 0.0, 0.08950620996642342, 0.09247639241939104, 0.07465200933978253, 0.0, 0.04625730833426043, 0.0, 0.0, 0.0)",6
8879,24,12,8,"(0.09369258606422372, 0.0, 0.08950620996642342, 0.09247639241939104, 0.07465200933978253, 0.0, 0.165668042627996, 0.0, 0.0, 0.0)",1
8880,24,12,8,"(0.09369258606422372, 0.0, 0.08950620996642342, 0.09247639241939104, 0.07465200933978253, 0.0, 0.06826344941350267, 0.0, 0.0, 0.0)",258
8881,24,12,8,"(0.09369258606422372, 0.0, 0.08950620996642342, 0.09247639241939104, 0.07465200933978253, 0.0, 0.06306027478878967, 0.0, 0.0, 0.0)",3
8882,24,12,11,"(0.09666599033746653, 0.14970886995698662, 0.0, 0.0, 0.0, 0.051548873715099995, 0.0, 0.08279881135943302, 0.0, 0.01812760691895582)",2
8883,24,12,11,"(0.11642427162819424, 0.14970886995698662, 0.0, 0.0, 0.0, 0.051548873715099995, 0.0, 0.08279881135943302, 0.0, 0.01812760691895582)",106
8884,24,12,11,"(0.09033430006888621, 0.07602067917889595, 0.0, 0.0, 0.0, 0.0499098641491762, 0.0, 0.08279881135943302, 0.0, 0.01812760691895582)",1
8885,24,12,11,"(0.09033430006888621, 0.14970886995698662, 0.0, 0.0, 0.0, 0.04688669779969397, 0.0, 0.08279881135943302, 0.0, 0.01812760691895582)",306
8886,24,12,11,"(0.09033430006888621, 0.14970886995698662, 0.0, 0.0, 0.0, 0.051548873715099995, 0.0, 0.08279881135943302, 0.0, 0.01812760691895582)",92
8887,24,12,11,"(0.1512829911160247, 0.20709277539358928, 0.0, 0.0, 0.0, 0.038399840873714564, 0.0, 0.08279881135943302, 0.0, 0.0126394678748268)",1
8888,24,12,11,"(0.09033430006888621, 0.14970886995698662, 0.0, 0.0, 0.0, 0.04688669779969397, 0.0, 0.07878840951467642, 0.0, 0.01812760691895582)",2
8889,24,12,11,"(0.09033430006888621, 0.06146483799060121, 0.0, 0.0, 0.0, 0.04688669779969397, 0.0, 0.10133491415460663, 0.0, 0.01812760691895582)",2
8890,24,12,13,"(0.0, 0.0, 0.09357501831128545, 0.06920069129515957, 0.09172770611919409, 0.07489992963210028, 0.0, 0.0, 0.1829394547881542, 0.0)",4
8891,24,12,13,"(0.0, 0.0, 0.11679612853536596, 0.06920069129515957, 0.09172770611919409, 0.07489992963210028, 0.0, 0.0, 0.14899621190854193, 0.0)",167
8892,24,12,13,"(0.0, 0.0, 0.12922490751254678, 0.06920069129515957, 0.09172770611919409, 0.07489992963210028, 0.0, 0.0, 0.14899621190854193, 0.0)",1
8893,24,13,8,"(0.09369258606422372, 0.0, 0.08950620996642342, 0.09247639241939104, 0.07465200933978253, 0.0, 0.06826344941350267, 0.0, 0.0, 0.0)",298
8894,24,13,8,"(0.09369258606422372, 0.0, 0.08950620996642342, 0.09247639241939104, 0.08701588441474374, 0.0, 0.06826344941350267, 0.0, 0.0, 0.0)",23
8895,24,13,8,"(0.09369258606422372, 0.0, 0.08950620996642342, 0.09247639241939104, 0.07465200933978253, 0.0, 0.09834029931443962, 0.0, 0.0, 0.0)",2
8896,24,13,8,"(0.10062941781073852, 0.0, 0.08950620996642342, 0.09247639241939104, 0.07465200933978253, 0.0, 0.06826344941350267, 0.0, 0.0, 0.0)",3
8897,24,13,11,"(0.07057297714725938, 0.14970886995698662, 0.0, 0.0, 0.0, 0.04688669779969397, 0.0, 0.08279881135943302, 0.0, 0.01812760691895582)",10
8898,24,13,11,"(0.09033430006888621, 0.14970886995698662, 0.0, 0.0, 0.0, 0.07355689500459786, 0.0, 0.08279881135943302, 0.0, 0.01812760691895582)",1
8899,24,13,11,"(0.09033430006888621, 0.14970886995698662, 0.0, 0.0, 0.0, 0.04688669779969397, 0.0, 0.08279881135943302, 0.0, 0.01812760691895582)",387
8900,24,13,11,"(0.09033430006888621, 0.14970886995698662, 0.0, 0.0, 0.0, 0.05210265934812479, 0.0, 0.08279881135943302, 0.0, 0.01812760691895582)",4
8901,24,13,11,"(0.20494024737478303, 0.14970886995698662, 0.0, 0.0, 0.0, 0.04688669779969397, 0.0, 0.08279881135943302, 0.0, 0.01812760691895582)",2
8902,24,13,11,"(0.09033430006888621, 0.11466493720918443, 0.0, 0.0, 0.0, 0.04688669779969397, 0.0, 0.08279881135943302, 0.0, 0.01812760691895582)",1
8903,24,13,11,"(0.09033430006888621, 0.17228258166526142, 0.0, 0.0, 0.0, 0.04688669779969397, 0.0, 0.08279881135943302, 0.0, 0.01812760691895582)",1
8904,24,13,11,"(0.08921254761975822, 0.14970886995698662, 0.0, 0.0, 0.0, 0.04688669779969397, 0.0, 0.08279881135943302, 0.0, 0.01812760691895582)",2
8905,24,13,11,"(0.09033430006888621, 0.14970886995698662, 0.0, 0.0, 0.0, 0.04688669779969397, 0.0, 0.08279881135943302, 0.0, 0.01957779242486824)",1
8906,24,13,11,"(0.09033430006888621, 0.37656629447234785, 0.0, 0.0, 0.0, 0.04688669779969397, 0.0, 0.08279881135943302, 0.0, 0.01812760691895582)",3
8907,24,13,11,"(0.11642427162819424, 0.14970886995698662, 0.0, 0.0, 0.0, 0.051548873715099995, 0.0, 0.08279881135943302, 0.0, 0.01812760691895582)",95
8908,24,13,11,"(0.11642427162819424, 0.14970886995698662, 0.0, 0.0, 0.0, 0.0646799851142097, 0.0, 0.14214906371021607, 0.0, 0.01812760691895582)",2
8909,24,13,11,"(0.11642427162819424, 0.14970886995698662, 0.0, 0.0, 0.0, 0.051548873715099995, 0.0, 0.08279881135943302, 0.0, 0.012523007701302564)",2
8910,24,13,11,"(0.09033430006888621, 0.14970886995698662, 0.0, 0.0, 0.0, 0.051548873715099995, 0.0, 0.08279881135943302, 0.0, 0.01812760691895582)",2
8911,24,13,11,"(0.09033430006888621, 0.14970886995698662, 0.0, 0.0, 0.0, 0.04688669779969397, 0.0, 0.049878842979519444, 0.0, 0.01812760691895582)",1
8912,24,13,13,"(0.0, 0.0, 0.11679612853536596, 0.06920069129515957, 0.09172770611919409, 0.07489992963210028, 0.0, 0.0, 0.14899621190854193, 0.0)",175
8913,24,13,13,"(0.0, 0.0, 0.11679612853536596, 0.06920069129515957, 0.09172770611919409, 0.0877737929126561, 0.0, 0.0, 0.21714492910497424, 0.0)",1
8914,24,14,8,"(0.09369258606422372, 0.0, 0.08950620996642342, 0.09247639241939104, 0.04581452695808995, 0.0, 0.06826344941350267, 0.0, 0.0, 0.0)",2
8915,24,14,8,"(0.09369258606422372, 0.0, 0.08950620996642342, 0.09247639241939104, 0.07465200933978253, 0.0, 0.06826344941350267, 0.0, 0.0, 0.0)",287
8916,24,14,8,"(0.09369258606422372, 0.0, 0.08950620996642342, 0.09247639241939104, 0.07465200933978253, 0.0, 0.10125903857955353, 0.0, 0.0, 0.0)",1
8917,24,14,11,"(0.08863076964935479, 0.27392051112755256, 0.0, 0.0, 0.0, 0.04688669779969397, 0.0, 0.08279881135943302, 0.0, 0.01812760691895582)",3
8918,24,14,11,"(0.09033430006888621, 0.15044264707928484, 0.0, 0.0, 0.0, 0.051548873715099995, 0.0, 0.08279881135943302, 0.0, 0.019277458080582732)",3
8919,24,14,11,"(0.09033430006888621, 0.14970886995698662, 0.0, 0.0, 0.0, 0.051548873715099995, 0.0, 0.0919488205541798, 0.0, 0.01812760691895582)",1
8920,24,14,11,"(0.09033430006888621, 0.14970886995698662, 0.0, 0.0, 0.0, 0.04816751280440964, 0.0, 0.08279881135943302, 0.0, 0.021928189822737962)",2
8921,24,14,11,"(0.09033430006888621, 0.14970886995698662, 0.0, 0.0, 0.0, 0.04688669779969397, 0.0, 0.08279881135943302, 0.0, 0.008017814433843723)",1
8922,24,14,11,"(0.09033430006888621, 0.14970886995698662, 0.0, 0.0, 0.0, 0.051548873715099995, 0.0, 0.08279881135943302, 0.0, 0.01812760691895582)",48
8923,24,14,11,"(0.09033430006888621, 0.14970886995698662, 0.0, 0.0, 0.0, 0.04688669779969397, 0.0, 0.08279881135943302, 0.0, 0.01812760691895582)",395
8924,24,14,11,"(0.11642427162819424, 0.14970886995698662, 0.0, 0.0, 0.0, 0.051548873715099995, 0.0, 0.08279881135943302, 0.0, 0.01812760691895582)",75
8925,24,14,11,"(0.09033430006888621, 0.14970886995698662, 0.0, 0.0, 0.0, 0.04688669779969397, 0.0, 0.14953818183476023, 0.0, 0.01812760691895582)",1
8926,24,14,13,"(0.0, 0.0, 0.12045661348023107, 0.06920069129515957, 0.09172770611919409, 0.07489992963210028, 0.0, 0.0, 0.14899621190854193, 0.0)",1
8927,24,14,13,"(0.0, 0.0, 0.11679612853536596, 0.06920069129515957, 0.09172770611919409, 0.07489992963210028, 0.0, 0.0, 0.14899621190854193, 0.0)",155
8928,24,14,13,"(0.0, 0.0, 0.11679612853536596, 0.059456699425646894, 0.09172770611919409, 0.07489992963210028, 0.0, 0.0, 0.14899621190854193, 0.0)",6
8929,24,14,13,"(0.0, 0.0, 0.11679612853536596, 0.06920069129515957, 0.05616298508090041, 0.07489992963210028, 0.0, 0.0, 0.14899621190854193, 0.0)",7
8930,24,14,13,"(0.0, 0.0, 0.11679612853536596, 0.0862650972848203, 0.09172770611919409, 0.08316788291192193, 0.0, 0.0, 0.14899621190854193, 0.0)",1
8931,24,15,8,"(0.09369258606422372, 0.0, 0.08950620996642342, 0.09247639241939104, 0.09173902283359818, 0.0, 0.06826344941350267, 0.0, 0.0, 0.0)",362
8932,24,15,8,"(0.09369258606422372, 0.0, 0.08950620996642342, 0.09247639241939104, 0.09173902283359818, 0.0, 0.08640693256881987, 0.0, 0.0, 0.0)",1
8933,24,15,11,"(0.09033430006888621, 0.14970886995698662, 0.0, 0.0, 0.0, 0.04688669779969397, 0.0, 0.05232906460772942, 0.0, 0.01812760691895582)",1
8934,24,15,11,"(0.09033430006888621, 0.14970886995698662, 0.0, 0.0, 0.0, 0.04688669779969397, 0.0, 0.08279881135943302, 0.0, 0.01812760691895582)",404
8935,24,15,11,"(0.09033430006888621, 0.1780678585964261, 0.0, 0.0, 0.0, 0.032683243736899195, 0.0, 0.08279881135943302, 0.0, 0.01812760691895582)",5
8936,24,15,11,"(0.09033430006888621, 0.14970886995698662, 0.0, 0.0, 0.0, 0.07739680587793817, 0.0, 0.08279881135943302, 0.0, 0.01812760691895582)",2
8937,24,15,11,"(0.09033430006888621, 0.14970886995698662, 0.0, 0.0, 0.0, 0.04535684649082731, 0.0, 0.08279881135943302, 0.0, 0.01812760691895582)",1
8938,24,15,11,"(0.09033430006888621, 0.14970886995698662, 0.0, 0.0, 0.0, 0.043578699822787226, 0.0, 0.08279881135943302, 0.0, 0.01812760691895582)",14
8939,24,15,11,"(0.09033430006888621, 0.14970886995698662, 0.0, 0.0, 0.0, 0.04688669779969397, 0.0, 0.09523546217639671, 0.0, 0.01812760691895582)",1
8940,24,15,11,"(0.09033430006888621, 0.14970886995698662, 0.0, 0.0, 0.0, 0.05901241844029716, 0.0, 0.08279881135943302, 0.0, 0.01812760691895582)",2
8941,24,15,11,"(0.09033430006888621, 0.14970886995698662, 0.0, 0.0, 0.0, 0.04688669779969397, 0.0, 0.08279881135943302, 0.0, 0.0146713856801846)",3
8942,24,15,13,"(0.0, 0.0, 0.20237550733271426, 0.06920069129515957, 0.09172770611919409, 0.07489992963210028, 0.0, 0.0, 0.14899621190854193, 0.0)",1
8943,24,15,13,"(0.0, 0.0, 0.1123424625119678, 0.06920069129515957, 0.09172770611919409, 0.07489992963210028, 0.0, 0.0, 0.14899621190854193, 0.0)",1
8944,24,15,13,"(0.0, 0.0, 0.11679612853536596, 0.06920069129515957, 0.09172770611919409, 0.07489992963210028, 0.0, 0.0, 0.14899621190854193, 0.0)",159
8945,24,15,13,"(0.0, 0.0, 0.11679612853536596, 0.06920069129515957, 0.0678894020031602, 0.07489992963210028, 0.0, 0.0, 0.14899621190854193, 0.0)",7
8946,24,15,13,"(0.0, 0.0, 0.11679612853536596, 0.06920069129515957, 0.09564544695360024, 0.07489992963210028, 0.0, 0.0, 0.14899621190854193, 0.0)",1
8947,24,16,8,"(0.09369258606422372, 0.0, 0.08950620996642342, 0.09247639241939104, 0.09173902283359818, 0.0, 0.07784261939364692, 0.0, 0.0, 0.0)",1
8948,24,16,8,"(0.09369258606422372, 0.0, 0.18331404067142246, 0.09247639241939104, 0.09173902283359818, 0.0, 0.06826344941350267, 0.0, 0.0, 0.0)",5
8949,24,16,8,"(0.09369258606422372, 0.0, 0.08950620996642342, 0.10674741887735009, 0.09173902283359818, 0.0, 0.06826344941350267, 0.0, 0.0, 0.0)",2
8950,24,16,8,"(0.09369258606422372, 0.0, 0.0905398584067695, 0.09247639241939104, 0.058856558177936544, 0.0, 0.06826344941350267, 0.0, 0.0, 0.0)",1
8951,24,16,8,"(0.10238555672916044, 0.0, 0.10904973276365515, 0.09247639241939104, 0.09173902283359818, 0.0, 0.06826344941350267, 0.0, 0.0, 0.0)",2
8952,24,16,8,"(0.09369258606422372, 0.0, 0.08950620996642342, 0.057337772400105916, 0.09173902283359818, 0.0, 0.06826344941350267, 0.0, 0.0, 0.0)",4
8953,24,16,8,"(0.09369258606422372, 0.0, 0.08950620996642342, 0.09247639241939104, 0.09173902283359818, 0.0, 0.06826344941350267, 0.0, 0.0, 0.0)",286
8954,24,16,8,"(0.10238555672916044, 0.0, 0.08950620996642342, 0.09247639241939104, 0.09173902283359818, 0.0, 0.06826344941350267, 0.0, 0.0, 0.0)",18
8955,24,16,11,"(0.09033430006888621, 0.14970886995698662, 0.0, 0.0, 0.0, 0.04688669779969397, 0.0, 0.07984494770327444, 0.0, 0.01812760691895582)",7
8956,24,16,11,"(0.09033430006888621, 0.14970886995698662, 0.0, 0.0, 0.0, 0.04688669779969397, 0.0, 0.09915920602780019, 0.0, 0.01812760691895582)",2
8957,24,16,11,"(0.09033430006888621, 0.14970886995698662, 0.0, 0.0, 0.0, 0.04688669779969397, 0.0, 0.08279881135943302, 0.0, 0.03153075047097436)",1
8958,24,16,11,"(0.09033430006888621, 0.14970886995698662, 0.0, 0.0, 0.0, 0.04688669779969397, 0.0, 0.08279881135943302, 0.0, 0.01812760691895582)",475
8959,24,16,13,"(0.0, 0.0, 0.11679612853536596, 0.06920069129515957, 0.09172770611919409, 0.07489992963210028, 0.0, 0.0, 0.1120340421908069, 0.0)",1
8960,24,16,13,"(0.0, 0.0, 0.11679612853536596, 0.06920069129515957, 0.09172770611919409, 0.07489992963210028, 0.0, 0.0, 0.1401046010389418, 0.0)",1
8961,24,16,13,"(0.0, 0.0, 0.11679612853536596, 0.06920069129515957, 0.09172770611919409, 0.07489992963210028, 0.0, 0.0, 0.14899621190854193, 0.0)",172
8962,24,16,13,"(0.0, 0.0, 0.11679612853536596, 0.05542089606579216, 0.1500969696529655, 0.12357186827053399, 0.0, 0.0, 0.14899621190854193, 0.0)",1
8963,24,17,8,"(0.09369258606422372, 0.0, 0.08746427603607126, 0.09247639241939104, 0.09173902283359818, 0.0, 0.06826344941350267, 0.0, 0.0, 0.0)",1
8964,24,17,8,"(0.09369258606422372, 0.0, 0.08950620996642342, 0.09247639241939104, 0.09173902283359818, 0.0, 0.06826344941350267, 0.0, 0.0, 0.0)",323
8965,24,17,8,"(0.09369258606422372, 0.0, 0.08950620996642342, 0.09247639241939104, 0.16400775345920643, 0.0, 0.06826344941350267, 0.0, 0.0, 0.0)",1
8966,24,17,8,"(0.09369258606422372, 0.0, 0.08950620996642342, 0.09247639241939104, 0.08790464471511024, 0.0, 0.06826344941350267, 0.0, 0.0, 0.0)",3
8967,24,17,11,"(0.09033430006888621, 0.14970886995698662, 0.0, 0.0, 0.0, 0.04688669779969397, 0.0, 0.08279881135943302, 0.0, 0.01812760691895582)",383
8968,24,17,11,"(0.10908606646368949, 0.14970886995698662, 0.0, 0.0, 0.0, 0.04688669779969397, 0.0, 0.08279881135943302, 0.0, 0.01812760691895582)",1
8969,24,17,11,"(0.09033430006888621, 0.1074645724770842, 0.0, 0.0, 0.0, 0.04688669779969397, 0.0, 0.07984494770327444, 0.0, 0.01812760691895582)",46
8970,24,17,11,"(0.04188222169708567, 0.14970886995698662, 0.0, 0.0, 0.0, 0.04688669779969397, 0.0, 0.08279881135943302, 0.0, 0.01812760691895582)",1
8971,24,17,13,"(0.0, 0.0, 0.11679612853536596, 0.06920069129515957, 0.09172770611919409, 0.07489992963210028, 0.0, 0.0, 0.1299639683304749, 0.0)",16
8972,24,17,13,"(0.0, 0.0, 0.10741200946422934, 0.06920069129515957, 0.09172770611919409, 0.07489992963210028, 0.0, 0.0, 0.14899621190854193, 0.0)",1
8973,24,17,13,"(0.0, 0.0, 0.11679612853536596, 0.06920069129515957, 0.09172770611919409, 0.07489992963210028, 0.0, 0.0, 0.14899621190854193, 0.0)",169
8974,24,18,8,"(0.09369258606422372, 0.0, 0.08950620996642342, 0.08933871484473395, 0.09173902283359818, 0.0, 0.06826344941350267, 0.0, 0.0, 0.0)",127
8975,24,18,8,"(0.09369258606422372, 0.0, 0.08950620996642342, 0.09247639241939104, 0.07465200933978253, 0.0, 0.06826344941350267, 0.0, 0.0, 0.0)",104
8976,24,18,8,"(0.09369258606422372, 0.0, 0.037783024993632335, 0.09247639241939104, 0.0644475946599278, 0.0, 0.06826344941350267, 0.0, 0.0, 0.0)",4
8977,24,18,8,"(0.09369258606422372, 0.0, 0.08950620996642342, 0.08933871484473395, 0.0979069925384909, 0.0, 0.06826344941350267, 0.0, 0.0, 0.0)",3
8978,24,18,8,"(0.09369258606422372, 0.0, 0.08950620996642342, 0.07014220721702095, 0.07465200933978253, 0.0, 0.08732770459181892, 0.0, 0.0, 0.0)",35
8979,24,18,8,"(0.09369258606422372, 0.0, 0.08950620996642342, 0.09247639241939104, 0.0644475946599278, 0.0, 0.06826344941350267, 0.0, 0.0, 0.0)",44
8980,24,18,8,"(0.09369258606422372, 0.0, 0.08950620996642342, 0.08933871484473395, 0.1801788516447987, 0.0, 0.06826344941350267, 0.0, 0.0, 0.0)",1
8981,24,18,11,"(0.04470210893330758, 0.14970886995698662, 0.0, 0.0, 0.0, 0.04688669779969397, 0.0, 0.08279881135943302, 0.0, 0.01812760691895582)",3
8982,24,18,11,"(0.055883419811209416, 0.14970886995698662, 0.0, 0.0, 0.0, 0.04688669779969397, 0.0, 0.08279881135943302, 0.0, 0.01812760691895582)",1
8983,24,18,11,"(0.09033430006888621, 0.14970886995698662, 0.0, 0.0, 0.0, 0.04688669779969397, 0.0, 0.045957036080018054, 0.0, 0.01812760691895582)",4
8984,24,18,11,"(0.06522846385838071, 0.07535605297631259, 0.0, 0.0, 0.0, 0.04688669779969397, 0.0, 0.08279881135943302, 0.0, 0.01812760691895582)",1
8985,24,18,11,"(0.06522846385838071, 0.14970886995698662, 0.0, 0.0, 0.0, 0.04688669779969397, 0.0, 0.08279881135943302, 0.0, 0.01812760691895582)",2
8986,24,18,11,"(0.09033430006888621, 0.14970886995698662, 0.0, 0.0, 0.0, 0.04688669779969397, 0.0, 0.08279881135943302, 0.0, 0.03239493070161313)",2
8987,24,18,11,"(0.09033430006888621, 0.17596550988956736, 0.0, 0.0, 0.0, 0.04688669779969397, 0.0, 0.1279913630473632, 0.0, 0.01812760691895582)",1
8988,24,18,11,"(0.0757996129973052, 0.14970886995698662, 0.0, 0.0, 0.0, 0.04688669779969397, 0.0, 0.08279881135943302, 0.0, 0.01812760691895582)",1
8989,24,18,11,"(0.09033430006888621, 0.1216863136481789, 0.0, 0.0, 0.0, 0.04688669779969397, 0.0, 0.08279881135943302, 0.0, 0.01812760691895582)",1
8990,24,18,11,"(0.09033430006888621, 0.14970886995698662, 0.0, 0.0, 0.0, 0.04688669779969397, 0.0, 0.06586791232691555, 0.0, 0.01812760691895582)",2
8991,24,18,11,"(0.09033430006888621, 0.14970886995698662, 0.0, 0.0, 0.0, 0.04688669779969397, 0.0, 0.08279881135943302, 0.0, 0.013911647676429006)",7
8992,24,18,11,"(0.09033430006888621, 0.14970886995698662, 0.0, 0.0, 0.0, 0.04688669779969397, 0.0, 0.08279881135943302, 0.0, 0.01812760691895582)",429
8993,24,18,11,"(0.09033430006888621, 0.08419827184886731, 0.0, 0.0, 0.0, 0.04688669779969397, 0.0, 0.08279881135943302, 0.0, 0.01812760691895582)",2
8994,24,18,13,"(0.0, 0.0, 0.11679612853536596, 0.06920069129515957, 0.09172770611919409, 0.07489992963210028, 0.0, 0.0, 0.14899621190854193, 0.0)",194
8995,24,19,8,"(0.09369258606422372, 0.0, 0.08950620996642342, 0.09247639241939104, 0.07465200933978253, 0.0, 0.06826344941350267, 0.0, 0.0, 0.0)",132
8996,24,19,8,"(0.09369258606422372, 0.0, 0.08950620996642342, 0.07014220721702095, 0.07465200933978253, 0.0, 0.08732770459181892, 0.0, 0.0, 0.0)",95
8997,24,19,8,"(0.09369258606422372, 0.0, 0.08950620996642342, 0.09247639241939104, 0.0644475946599278, 0.0, 0.06826344941350267, 0.0, 0.0, 0.0)",21
8998,24,19,8,"(0.09369258606422372, 0.0, 0.1838588976691222, 0.07014220721702095, 0.07465200933978253, 0.0, 0.08732770459181892, 0.0, 0.0, 0.0)",1
8999,24,19,8,"(0.09369258606422372, 0.0, 0.08950620996642342, 0.08933871484473395, 0.09173902283359818, 0.0, 0.06826344941350267, 0.0, 0.0, 0.0)",31
9000,24,19,8,"(0.09369258606422372, 0.0, 0.08950620996642342, 0.04180453054637032, 0.07465200933978253, 0.0, 0.08732770459181892, 0.0, 0.0, 0.0)",1
9001,24,19,11,"(0.09033430006888621, 0.14970886995698662, 0.0, 0.0, 0.0, 0.04688669779969397, 0.0, 0.08279881135943302, 0.0, 0.01812760691895582)",481
9002,24,19,11,"(0.117430975340184, 0.14970886995698662, 0.0, 0.0, 0.0, 0.04688669779969397, 0.0, 0.08279881135943302, 0.0, 0.013911647676429006)",1
9003,24,19,11,"(0.09352143033225667, 0.14970886995698662, 0.0, 0.0, 0.0, 0.04688669779969397, 0.0, 0.08279881135943302, 0.0, 0.01812760691895582)",1
9004,24,19,11,"(0.08497071193576458, 0.14970886995698662, 0.0, 0.0, 0.0, 0.04688669779969397, 0.0, 0.08279881135943302, 0.0, 0.020619756403211193)",1
9005,24,19,11,"(0.09033430006888621, 0.14970886995698662, 0.0, 0.0, 0.0, 0.04688669779969397, 0.0, 0.08279881135943302, 0.0, 0.013911647676429006)",44
9006,24,19,13,"(0.0, 0.0, 0.11679612853536596, 0.06920069129515957, 0.09172770611919409, 0.07489992963210028, 0.0, 0.0, 0.14899621190854193, 0.0)",196
9007,24,19,13,"(0.0, 0.0, 0.11679612853536596, 0.06920069129515957, 0.09172770611919409, 0.04912462079745207, 0.0, 0.0, 0.14899621190854193, 0.0)",1
9008,24,20,8,"(0.09369258606422372, 0.0, 0.08950620996642342, 0.07014220721702095, 0.07465200933978253, 0.0, 0.06750901477165822, 0.0, 0.0, 0.0)",1
9009,24,20,8,"(0.09369258606422372, 0.0, 0.10344273123737431, 0.07014220721702095, 0.07465200933978253, 0.0, 0.08732770459181892, 0.0, 0.0, 0.0)",3
9010,24,20,8,"(0.09369258606422372, 0.0, 0.08950620996642342, 0.08933871484473395, 0.09173902283359818, 0.0, 0.06826344941350267, 0.0, 0.0, 0.0)",52
9011,24,20,8,"(0.09369258606422372, 0.0, 0.08950620996642342, 0.09247639241939104, 0.07465200933978253, 0.0, 0.06826344941350267, 0.0, 0.0, 0.0)",128
9012,24,20,8,"(0.09529701824661803, 0.0, 0.08950620996642342, 0.08933871484473395, 0.09173902283359818, 0.0, 0.06826344941350267, 0.0, 0.0, 0.0)",16
9013,24,20,8,"(0.14312331744083642, 0.0, 0.13450753132487536, 0.061852050454551735, 0.07465200933978253, 0.0, 0.08732770459181892, 0.0, 0.0, 0.0)",1
9014,24,20,8,"(0.09369258606422372, 0.0, 0.08950620996642342, 0.09247639241939104, 0.07465200933978253, 0.0, 0.057570210598966005, 0.0, 0.0, 0.0)",1
9015,24,20,8,"(0.09369258606422372, 0.0, 0.08950620996642342, 0.07014220721702095, 0.07465200933978253, 0.0, 0.08732770459181892, 0.0, 0.0, 0.0)",137
9016,24,20,8,"(0.09369258606422372, 0.0, 0.08950620996642342, 0.08933871484473395, 0.09173902283359818, 0.0, 0.05243389705206409, 0.0, 0.0, 0.0)",1
9017,24,20,8,"(0.09369258606422372, 0.0, 0.07029167670000327, 0.09247639241939104, 0.07465200933978253, 0.0, 0.06826344941350267, 0.0, 0.0, 0.0)",1
9018,24,20,11,"(0.09033430006888621, 0.14970886995698662, 0.0, 0.0, 0.0, 0.04688669779969397, 0.0, 0.08279881135943302, 0.0, 0.01525062974296293)",2
9019,24,20,11,"(0.09033430006888621, 0.14970886995698662, 0.0, 0.0, 0.0, 0.04688669779969397, 0.0, 0.08279881135943302, 0.0, 0.01812760691895582)",412
9020,24,20,11,"(0.09033430006888621, 0.14970886995698662, 0.0, 0.0, 0.0, 0.04216470648063369, 0.0, 0.11752363746014428, 0.0, 0.01812760691895582)",1
9021,24,20,11,"(0.09033430006888621, 0.14970886995698662, 0.0, 0.0, 0.0, 0.04688669779969397, 0.0, 0.08279881135943302, 0.0, 0.018988702812349732)",1
9022,24,20,11,"(0.09033430006888621, 0.14970886995698662, 0.0, 0.0, 0.0, 0.04662154101156803, 0.0, 0.08279881135943302, 0.0, 0.01812760691895582)",3
9023,24,20,11,"(0.09033430006888621, 0.14970886995698662, 0.0, 0.0, 0.0, 0.04688669779969397, 0.0, 0.08279881135943302, 0.0, 0.01536413706318635)",4
9024,24,20,11,"(0.09033430006888621, 0.30461763941906234, 0.0, 0.0, 0.0, 0.04688669779969397, 0.0, 0.08279881135943302, 0.0, 0.013911647676429006)",2
9025,24,20,11,"(0.09033430006888621, 0.14970886995698662, 0.0, 0.0, 0.0, 0.04688669779969397, 0.0, 0.08279881135943302, 0.0, 0.013911647676429006)",72
9026,24,20,11,"(0.09033430006888621, 0.1227430085803899, 0.0, 0.0, 0.0, 0.04688669779969397, 0.0, 0.08279881135943302, 0.0, 0.01812760691895582)",1
9027,24,20,11,"(0.09033430006888621, 0.14970886995698662, 0.0, 0.0, 0.0, 0.0357692013883908, 0.0, 0.08279881135943302, 0.0, 0.01812760691895582)",1
9028,24,20,11,"(0.13164734482732018, 0.14970886995698662, 0.0, 0.0, 0.0, 0.04688669779969397, 0.0, 0.12317735116745035, 0.0, 0.01812760691895582)",2
9029,24,20,11,"(0.09033430006888621, 0.12214219958872455, 0.0, 0.0, 0.0, 0.04688669779969397, 0.0, 0.08279881135943302, 0.0, 0.01812760691895582)",1
9030,24,20,11,"(0.09033430006888621, 0.14970886995698662, 0.0, 0.0, 0.0, 0.03537910175501165, 0.0, 0.08279881135943302, 0.0, 0.013911647676429006)",1
9031,24,20,11,"(0.06893697860779738, 0.14970886995698662, 0.0, 0.0, 0.0, 0.04688669779969397, 0.0, 0.08279881135943302, 0.0, 0.01812760691895582)",1
9032,24,20,11,"(0.09033430006888621, 0.14970886995698662, 0.0, 0.0, 0.0, 0.046495538370978216, 0.0, 0.08279881135943302, 0.0, 0.01812760691895582)",2
9033,24,20,13,"(0.0, 0.0, 0.11679612853536596, 0.06920069129515957, 0.05349870152640988, 0.07489992963210028, 0.0, 0.0, 0.14899621190854193, 0.0)",1
9034,24,20,13,"(0.0, 0.0, 0.11679612853536596, 0.06920069129515957, 0.09172770611919409, 0.07489992963210028, 0.0, 0.0, 0.14899621190854193, 0.0)",176
9035,24,20,13,"(0.0, 0.0, 0.11436259749496022, 0.06920069129515957, 0.06619698784776817, 0.07489992963210028, 0.0, 0.0, 0.14899621190854193, 0.0)",5
9036,25,0,8,"(0.08647745093641869, 0.0, 0.08837379294509422, 0.058379683667949385, 0.09173902283359818, 0.0, 0.0793422055627487, 0.0, 0.0, 0.0)",1
9037,25,0,8,"(0.09369258606422372, 0.0, 0.08950620996642342, 0.09247639241939104, 0.09173902283359818, 0.0, 0.04529220924052614, 0.0, 0.0, 0.0)",2
9038,25,0,8,"(0.09369258606422372, 0.0, 0.06472037009186249, 0.09247639241939104, 0.09173902283359818, 0.0, 0.06826344941350267, 0.0, 0.0, 0.0)",3
9039,25,0,8,"(0.09369258606422372, 0.0, 0.08950620996642342, 0.09247639241939104, 0.09173902283359818, 0.0, 0.06826344941350267, 0.0, 0.0, 0.0)",290
9040,25,0,8,"(0.11399784024699808, 0.0, 0.08950620996642342, 0.09247639241939104, 0.09173902283359818, 0.0, 0.06826344941350267, 0.0, 0.0, 0.0)",4
9041,25,0,11,"(0.09033430006888621, 0.14970886995698662, 0.0, 0.0, 0.0, 0.04688669779969397, 0.0, 0.08279881135943302, 0.0, 0.017402456363760584)",1
9042,25,0,11,"(0.09033430006888621, 0.21844699970559994, 0.0, 0.0, 0.0, 0.04688669779969397, 0.0, 0.08279881135943302, 0.0, 0.01812760691895582)",1
9043,25,0,11,"(0.09033430006888621, 0.14970886995698662, 0.0, 0.0, 0.0, 0.07910115310642607, 0.0, 0.08279881135943302, 0.0, 0.01812760691895582)",1
9044,25,0,11,"(0.08549696470042854, 0.13175900023722753, 0.0, 0.0, 0.0, 0.04688669779969397, 0.0, 0.12098651939817547, 0.0, 0.021746629853576144)",1
9045,25,0,11,"(0.09033430006888621, 0.13351190808706911, 0.0, 0.0, 0.0, 0.04688669779969397, 0.0, 0.09523546217639671, 0.0, 0.01812760691895582)",1
9046,25,0,11,"(0.09033430006888621, 0.14970886995698662, 0.0, 0.0, 0.0, 0.043578699822787226, 0.0, 0.08279881135943302, 0.0, 0.01812760691895582)",31
9047,25,0,11,"(0.09033430006888621, 0.14970886995698662, 0.0, 0.0, 0.0, 0.04688669779969397, 0.0, 0.08279881135943302, 0.0, 0.0146713856801846)",25
9048,25,0,11,"(0.09033430006888621, 0.14970886995698662, 0.0, 0.0, 0.0, 0.04688669779969397, 0.0, 0.10711683361577971, 0.0, 0.01812760691895582)",7
9049,25,0,11,"(0.09033430006888621, 0.14970886995698662, 0.0, 0.0, 0.0, 0.04688669779969397, 0.0, 0.17234333657442014, 0.0, 0.01812760691895582)",1
9050,25,0,11,"(0.09033430006888621, 0.14970886995698662, 0.0, 0.0, 0.0, 0.04688669779969397, 0.0, 0.08279881135943302, 0.0, 0.01812760691895582)",369
9051,25,0,11,"(0.09033430006888621, 0.14970886995698662, 0.0, 0.0, 0.0, 0.04688669779969397, 0.0, 0.09523546217639671, 0.0, 0.01812760691895582)",24
9052,25,0,11,"(0.2004663558190548, 0.25817084831691334, 0.0, 0.0, 0.0, 0.04688669779969397, 0.0, 0.08279881135943302, 0.0, 0.01812760691895582)",1
9053,25,0,11,"(0.08549696470042854, 0.14970886995698662, 0.0, 0.0, 0.0, 0.04688669779969397, 0.0, 0.12098651939817547, 0.0, 0.021746629853576144)",1
9054,25,0,11,"(0.07032494933727221, 0.14970886995698662, 0.0, 0.0, 0.0, 0.04688669779969397, 0.0, 0.08279881135943302, 0.0, 0.01812760691895582)",3
9055,25,0,11,"(0.09033430006888621, 0.14970886995698662, 0.0, 0.0, 0.0, 0.04688669779969397, 0.0, 0.08279881135943302, 0.0, 0.013076001562697795)",1
9056,25,0,13,"(0.0, 0.0, 0.11679612853536596, 0.06920069129515957, 0.09172770611919409, 0.07489992963210028, 0.0, 0.0, 0.14899621190854193, 0.0)",168
9057,25,0,13,"(0.0, 0.0, 0.11679612853536596, 0.06920069129515957, 0.0678894020031602, 0.07489992963210028, 0.0, 0.0, 0.14899621190854193, 0.0)",2
9058,25,0,13,"(0.0, 0.0, 0.11679612853536596, 0.06920069129515957, 0.11106279739052054, 0.07489992963210028, 0.0, 0.0, 0.14899621190854193, 0.0)",1
9059,25,1,8,"(0.09369258606422372, 0.0, 0.08950620996642342, 0.09247639241939104, 0.09173902283359818, 0.0, 0.06826344941350267, 0.0, 0.0, 0.0)",295
9060,25,1,11,"(0.09033430006888621, 0.14970886995698662, 0.0, 0.0, 0.0, 0.04688669779969397, 0.0, 0.05232906460772942, 0.0, 0.01812760691895582)",12
9061,25,1,11,"(0.09033430006888621, 0.14970886995698662, 0.0, 0.0, 0.0, 0.022902415666908947, 0.0, 0.08279881135943302, 0.0, 0.01812760691895582)",1
9062,25,1,11,"(0.05831529385299297, 0.14970886995698662, 0.0, 0.0, 0.0, 0.04688669779969397, 0.0, 0.08279881135943302, 0.0, 0.04767611330209275)",4
9063,25,1,11,"(0.06928085632009345, 0.14970886995698662, 0.0, 0.0, 0.0, 0.035470516763185404, 0.0, 0.08279881135943302, 0.0, 0.01812760691895582)",1
9064,25,1,11,"(0.09033430006888621, 0.14970886995698662, 0.0, 0.0, 0.0, 0.043578699822787226, 0.0, 0.08279881135943302, 0.0, 0.01812760691895582)",26
9065,25,1,11,"(0.07467553633030405, 0.14970886995698662, 0.0, 0.0, 0.0, 0.04688669779969397, 0.0, 0.08279881135943302, 0.0, 0.01812760691895582)",1
9066,25,1,11,"(0.09033430006888621, 0.1610066760118031, 0.0, 0.0, 0.0, 0.04688669779969397, 0.0, 0.08279881135943302, 0.0, 0.01812760691895582)",1
9067,25,1,11,"(0.09033430006888621, 0.14970886995698662, 0.0, 0.0, 0.0, 0.04688669779969397, 0.0, 0.08279881135943302, 0.0, 0.01812760691895582)",421
9068,25,1,11,"(0.09033430006888621, 0.14970886995698662, 0.0, 0.0, 0.0, 0.0411460826216572, 0.0, 0.08279881135943302, 0.0, 0.01812760691895582)",4
9069,25,1,11,"(0.09033430006888621, 0.14970886995698662, 0.0, 0.0, 0.0, 0.04688669779969397, 0.0, 0.06250023885635488, 0.0, 0.01812760691895582)",2
9070,25,1,11,"(0.13059456893797566, 0.14970886995698662, 0.0, 0.0, 0.0, 0.04688669779969397, 0.0, 0.08279881135943302, 0.0, 0.01812760691895582)",1
9071,25,1,11,"(0.09033430006888621, 0.24357278719336306, 0.0, 0.0, 0.0, 0.04688669779969397, 0.0, 0.08279881135943302, 0.0, 0.01812760691895582)",3
9072,25,1,11,"(0.09033430006888621, 0.14970886995698662, 0.0, 0.0, 0.0, 0.04688669779969397, 0.0, 0.08279881135943302, 0.0, 0.016125802285388156)",2
9073,25,1,13,"(0.0, 0.0, 0.11679612853536596, 0.06920069129515957, 0.09172770611919409, 0.07489992963210028, 0.0, 0.0, 0.14899621190854193, 0.0)",137
9074,25,1,13,"(0.0, 0.0, 0.11679612853536596, 0.09828962352411091, 0.09172770611919409, 0.07489992963210028, 0.0, 0.0, 0.2308507955473497, 0.0)",2
9075,25,1,13,"(0.0, 0.0, 0.11679612853536596, 0.06920069129515957, 0.09172770611919409, 0.07489992963210028, 0.0, 0.0, 0.12620025846956195, 0.0)",1
9076,25,1,13,"(0.0, 0.0, 0.04620206340101089, 0.06920069129515957, 0.09172770611919409, 0.0855445598668562, 0.0, 0.0, 0.14899621190854193, 0.0)",1
9077,25,1,13,"(0.0, 0.0, 0.06597376367519112, 0.06920069129515957, 0.09172770611919409, 0.07489992963210028, 0.0, 0.0, 0.14899621190854193, 0.0)",14
9078,25,1,13,"(0.0, 0.0, 0.11679612853536596, 0.05829222046799879, 0.10207512388571797, 0.05147230951525033, 0.0, 0.0, 0.14899621190854193, 0.0)",17
9079,25,2,8,"(0.09369258606422372, 0.0, 0.08950620996642342, 0.09247639241939104, 0.09173902283359818, 0.0, 0.04027646195717349, 0.0, 0.0, 0.0)",1
9080,25,2,8,"(0.09369258606422372, 0.0, 0.07227702868624424, 0.032724834919248366, 0.09173902283359818, 0.0, 0.09223971104125836, 0.0, 0.0, 0.0)",1
9081,25,2,8,"(0.09369258606422372, 0.0, 0.05723340523215933, 0.09247639241939104, 0.09173902283359818, 0.0, 0.06826344941350267, 0.0, 0.0, 0.0)",1
9082,25,2,8,"(0.09369258606422372, 0.0, 0.08950620996642342, 0.09247639241939104, 0.09173902283359818, 0.0, 0.06826344941350267, 0.0, 0.0, 0.0)",295
9083,25,2,8,"(0.09369258606422372, 0.0, 0.041245090332785075, 0.09247639241939104, 0.09173902283359818, 0.0, 0.04317127776439706, 0.0, 0.0, 0.0)",1
9084,25,2,8,"(0.10662959269434802, 0.0, 0.08950620996642342, 0.09247639241939104, 0.09173902283359818, 0.0, 0.06826344941350267, 0.0, 0.0, 0.0)",2
9085,25,2,8,"(0.1294288660613836, 0.0, 0.08950620996642342, 0.09247639241939104, 0.11825204168165726, 0.0, 0.1329580778654451, 0.0, 0.0, 0.0)",1
9086,25,2,11,"(0.1275945778519697, 0.14970886995698662, 0.0, 0.0, 0.0, 0.04688669779969397, 0.0, 0.08279881135943302, 0.0, 0.01812760691895582)",3
9087,25,2,11,"(0.09033430006888621, 0.14970886995698662, 0.0, 0.0, 0.0, 0.04688669779969397, 0.0, 0.08279881135943302, 0.0, 0.02292719826536934)",1
9088,25,2,11,"(0.09033430006888621, 0.14970886995698662, 0.0, 0.0, 0.0, 0.043578699822787226, 0.0, 0.08279881135943302, 0.0, 0.01812760691895582)",84
9089,25,2,11,"(0.09033430006888621, 0.13367278813010253, 0.0, 0.0, 0.0, 0.04688669779969397, 0.0, 0.07377417164403695, 0.0, 0.01812760691895582)",1
9090,25,2,11,"(0.09033430006888621, 0.14970886995698662, 0.0, 0.0, 0.0, 0.04688669779969397, 0.0, 0.08279881135943302, 0.0, 0.012313182210702513)",2
9091,25,2,11,"(0.09033430006888621, 0.14970886995698662, 0.0, 0.0, 0.0, 0.04688669779969397, 0.0, 0.08279881135943302, 0.0, 0.01812760691895582)",455
9092,25,2,13,"(0.0, 0.0, 0.11679612853536596, 0.06920069129515957, 0.09172770611919409, 0.07489992963210028, 0.0, 0.0, 0.14899621190854193, 0.0)",186
9093,25,2,13,"(0.0, 0.0, 0.11679612853536596, 0.06920069129515957, 0.09172770611919409, 0.07489992963210028, 0.0, 0.0, 0.20527351817581807, 0.0)",1
9094,25,3,8,"(0.09369258606422372, 0.0, 0.08950620996642342, 0.09247639241939104, 0.07465200933978253, 0.0, 0.04505014929366445, 0.0, 0.0, 0.0)",1
9095,25,3,8,"(0.09369258606422372, 0.0, 0.08950620996642342, 0.09247639241939104, 0.07465200933978253, 0.0, 0.0774053446546584, 0.0, 0.0, 0.0)",1
9096,25,3,8,"(0.09369258606422372, 0.0, 0.08950620996642342, 0.09247639241939104, 0.07465200933978253, 0.0, 0.06826344941350267, 0.0, 0.0, 0.0)",321
9097,25,3,8,"(0.09369258606422372, 0.0, 0.08950620996642342, 0.09247639241939104, 0.08794555240846809, 0.0, 0.06826344941350267, 0.0, 0.0, 0.0)",1
9098,25,3,8,"(0.11764917617341548, 0.0, 0.08950620996642342, 0.09247639241939104, 0.07465200933978253, 0.0, 0.04625730833426043, 0.0, 0.0, 0.0)",13
9099,25,3,8,"(0.09369258606422372, 0.0, 0.08950620996642342, 0.09247639241939104, 0.07465200933978253, 0.0, 0.06306027478878967, 0.0, 0.0, 0.0)",16
9100,25,3,8,"(0.09369258606422372, 0.0, 0.08950620996642342, 0.09247639241939104, 0.03462445246316673, 0.0, 0.06826344941350267, 0.0, 0.0, 0.0)",6
9101,25,3,8,"(0.09369258606422372, 0.0, 0.08950620996642342, 0.09247639241939104, 0.07465200933978253, 0.0, 0.13036040712411429, 0.0, 0.0, 0.0)",4
9102,25,3,11,"(0.09647505924831894, 0.15525532579459375, 0.0, 0.0, 0.0, 0.04688669779969397, 0.0, 0.1254153573680513, 0.0, 0.01812760691895582)",16
9103,25,3,11,"(0.09033430006888621, 0.14970886995698662, 0.0, 0.0, 0.0, 0.04688669779969397, 0.0, 0.08279881135943302, 0.0, 0.008068277625983594)",1
9104,25,3,11,"(0.11642427162819424, 0.14970886995698662, 0.0, 0.0, 0.0, 0.051548873715099995, 0.0, 0.08279881135943302, 0.0, 0.01812760691895582)",131
9105,25,3,11,"(0.11642427162819424, 0.2820571575664969, 0.0, 0.0, 0.0, 0.051548873715099995, 0.0, 0.08279881135943302, 0.0, 0.01812760691895582)",1
9106,25,3,11,"(0.0530718787060387, 0.14970886995698662, 0.0, 0.0, 0.0, 0.051548873715099995, 0.0, 0.08279881135943302, 0.0, 0.028552438383803808)",4
9107,25,3,11,"(0.09033430006888621, 0.14970886995698662, 0.0, 0.0, 0.0, 0.07523029620258426, 0.0, 0.08279881135943302, 0.0, 0.01812760691895582)",8
9108,25,3,11,"(0.09033430006888621, 0.14970886995698662, 0.0, 0.0, 0.0, 0.04561786395503927, 0.0, 0.08279881135943302, 0.0, 0.01812760691895582)",4
9109,25,3,11,"(0.09033430006888621, 0.14970886995698662, 0.0, 0.0, 0.0, 0.04688669779969397, 0.0, 0.08279881135943302, 0.0, 0.01812760691895582)",137
9110,25,3,11,"(0.09033430006888621, 0.14970886995698662, 0.0, 0.0, 0.0, 0.051548873715099995, 0.0, 0.08279881135943302, 0.0, 0.01812760691895582)",62
9111,25,3,11,"(0.09033430006888621, 0.1484917621838555, 0.0, 0.0, 0.0, 0.0499098641491762, 0.0, 0.08279881135943302, 0.0, 0.01812760691895582)",1
9112,25,3,11,"(0.09033430006888621, 0.07602067917889595, 0.0, 0.0, 0.0, 0.0499098641491762, 0.0, 0.08279881135943302, 0.0, 0.01812760691895582)",75
9113,25,3,13,"(0.0, 0.0, 0.11679612853536596, 0.06920069129515957, 0.09172770611919409, 0.07489992963210028, 0.0, 0.0, 0.14899621190854193, 0.0)",199
9114,25,4,8,"(0.09369258606422372, 0.0, 0.05203796481048751, 0.09247639241939104, 0.061770624393400475, 0.0, 0.06826344941350267, 0.0, 0.0, 0.0)",1
9115,25,4,8,"(0.09369258606422372, 0.0, 0.1326730350683308, 0.15730005397016378, 0.07465200933978253, 0.0, 0.06826344941350267, 0.0, 0.0, 0.0)",1
9116,25,4,8,"(0.09369258606422372, 0.0, 0.08950620996642342, 0.09247639241939104, 0.07465200933978253, 0.0, 0.06826344941350267, 0.0, 0.0, 0.0)",281
9117,25,4,11,"(0.08261902572984389, 0.16977670016978874, 0.0, 0.0, 0.0, 0.04688669779969397, 0.0, 0.08279881135943302, 0.0, 0.016497407560179762)",1
9118,25,4,11,"(0.11642427162819424, 0.14970886995698662, 0.0, 0.0, 0.0, 0.051548873715099995, 0.0, 0.08279881135943302, 0.0, 0.01812760691895582)",75
9119,25,4,11,"(0.09033430006888621, 0.14970886995698662, 0.0, 0.0, 0.0, 0.051548873715099995, 0.0, 0.08279881135943302, 0.0, 0.04062171160967418)",1
9120,25,4,11,"(0.09033430006888621, 0.14970886995698662, 0.0, 0.0, 0.0, 0.051548873715099995, 0.0, 0.08279881135943302, 0.0, 0.01812760691895582)",150
9121,25,4,11,"(0.11642427162819424, 0.14970886995698662, 0.0, 0.0, 0.0, 0.051548873715099995, 0.0, 0.1451174879958846, 0.0, 0.01812760691895582)",1
9122,25,4,11,"(0.09033430006888621, 0.14970886995698662, 0.0, 0.0, 0.0, 0.04688669779969397, 0.0, 0.08279881135943302, 0.0, 0.01812760691895582)",343
9123,25,4,11,"(0.09033430006888621, 0.14970886995698662, 0.0, 0.0, 0.0, 0.04688669779969397, 0.0, 0.05116436142723937, 0.0, 0.01812760691895582)",2
9124,25,4,13,"(0.0, 0.0, 0.09357501831128545, 0.06920069129515957, 0.09172770611919409, 0.07489992963210028, 0.0, 0.0, 0.1829394547881542, 0.0)",34
9125,25,4,13,"(0.0, 0.0, 0.09357501831128545, 0.06920069129515957, 0.09172770611919409, 0.07489992963210028, 0.0, 0.0, 0.27819683883434076, 0.0)",1
9126,25,4,13,"(0.0, 0.0, 0.11679612853536596, 0.06920069129515957, 0.09172770611919409, 0.07489992963210028, 0.0, 0.0, 0.14899621190854193, 0.0)",171
9127,25,5,8,"(0.09369258606422372, 0.0, 0.08950620996642342, 0.06998919757560615, 0.07465200933978253, 0.0, 0.06826344941350267, 0.0, 0.0, 0.0)",1
9128,25,5,8,"(0.09369258606422372, 0.0, 0.04846612894427423, 0.09247639241939104, 0.07465200933978253, 0.0, 0.16021240548775617, 0.0, 0.0, 0.0)",9
9129,25,5,8,"(0.09369258606422372, 0.0, 0.08950620996642342, 0.09247639241939104, 0.07465200933978253, 0.0, 0.06826344941350267, 0.0, 0.0, 0.0)",329
9130,25,5,11,"(0.11642427162819424, 0.14970886995698662, 0.0, 0.0, 0.0, 0.051548873715099995, 0.0, 0.08279881135943302, 0.0, 0.01821887321767997)",2
9131,25,5,11,"(0.12492180574714384, 0.16614435955319964, 0.0, 0.0, 0.0, 0.04688669779969397, 0.0, 0.08279881135943302, 0.0, 0.010125301949080873)",1
9132,25,5,11,"(0.09033430006888621, 0.14970886995698662, 0.0, 0.0, 0.0, 0.051548873715099995, 0.0, 0.07285355393559322, 0.0, 0.01812760691895582)",1
9133,25,5,11,"(0.09033430006888621, 0.14970886995698662, 0.0, 0.0, 0.0, 0.04688669779969397, 0.0, 0.08279881135943302, 0.0, 0.01812760691895582)",347
9134,25,5,11,"(0.11642427162819424, 0.14970886995698662, 0.0, 0.0, 0.0, 0.051548873715099995, 0.0, 0.08279881135943302, 0.0, 0.01812760691895582)",26
9135,25,5,11,"(0.0949202562549835, 0.14970886995698662, 0.0, 0.0, 0.0, 0.04688669779969397, 0.0, 0.08279881135943302, 0.0, 0.01812760691895582)",1
9136,25,5,11,"(0.07998721553135239, 0.14970886995698662, 0.0, 0.0, 0.0, 0.04688669779969397, 0.0, 0.08279881135943302, 0.0, 0.01812760691895582)",5
9137,25,5,11,"(0.09033430006888621, 0.06588706869017388, 0.0, 0.0, 0.0, 0.051548873715099995, 0.0, 0.08279881135943302, 0.0, 0.01812760691895582)",1
9138,25,5,11,"(0.09033430006888621, 0.14970886995698662, 0.0, 0.0, 0.0, 0.05125273335322358, 0.0, 0.08279881135943302, 0.0, 0.01812760691895582)",1
9139,25,5,11,"(0.09556497416441959, 0.14970886995698662, 0.0, 0.0, 0.0, 0.051548873715099995, 0.0, 0.08279881135943302, 0.0, 0.020430243458850653)",2
9140,25,5,11,"(0.11642427162819424, 0.14970886995698662, 0.0, 0.0, 0.0, 0.051548873715099995, 0.0, 0.0578958448182805, 0.0, 0.01812760691895582)",1
9141,25,5,11,"(0.09033430006888621, 0.14970886995698662, 0.0, 0.0, 0.0, 0.051548873715099995, 0.0, 0.08279881135943302, 0.0, 0.01812760691895582)",53
9142,25,5,13,"(0.0, 0.0, 0.11679612853536596, 0.06920069129515957, 0.09172770611919409, 0.07489992963210028, 0.0, 0.0, 0.14899621190854193, 0.0)",174
9143,25,5,13,"(0.0, 0.0, 0.11679612853536596, 0.06920069129515957, 0.09172770611919409, 0.038849649233418916, 0.0, 0.0, 0.14899621190854193, 0.0)",5
9144,25,6,8,"(0.09369258606422372, 0.0, 0.08950620996642342, 0.09247639241939104, 0.06264346890857653, 0.0, 0.06826344941350267, 0.0, 0.0, 0.0)",15
9145,25,6,8,"(0.07250807818121442, 0.0, 0.08950620996642342, 0.09247639241939104, 0.07465200933978253, 0.0, 0.06826344941350267, 0.0, 0.0, 0.0)",3
9146,25,6,8,"(0.09369258606422372, 0.0, 0.08950620996642342, 0.09247639241939104, 0.07465200933978253, 0.0, 0.06826344941350267, 0.0, 0.0, 0.0)",363
9147,25,6,11,"(0.11642427162819424, 0.14970886995698662, 0.0, 0.0, 0.0, 0.051548873715099995, 0.0, 0.08279881135943302, 0.0, 0.01812760691895582)",132
9148,25,6,11,"(0.09033430006888621, 0.10882139876204437, 0.0, 0.0, 0.0, 0.04688669779969397, 0.0, 0.08279881135943302, 0.0, 0.01812760691895582)",1
9149,25,6,11,"(0.09033430006888621, 0.14970886995698662, 0.0, 0.0, 0.0, 0.04688669779969397, 0.0, 0.08279881135943302, 0.0, 0.01812760691895582)",158
9150,25,6,11,"(0.09033430006888621, 0.13539838050906072, 0.0, 0.0, 0.0, 0.04688669779969397, 0.0, 0.08279881135943302, 0.0, 0.015810976387114966)",1
9151,25,6,11,"(0.09033430006888621, 0.1392820234366987, 0.0, 0.0, 0.0, 0.04688669779969397, 0.0, 0.08279881135943302, 0.0, 0.01812760691895582)",12
9152,25,6,11,"(0.09033430006888621, 0.14970886995698662, 0.0, 0.0, 0.0, 0.04688669779969397, 0.0, 0.08279881135943302, 0.0, 0.019952627367172553)",4
9153,25,6,11,"(0.09033430006888621, 0.1460789593826368, 0.0, 0.0, 0.0, 0.04688669779969397, 0.0, 0.08279881135943302, 0.0, 0.01812760691895582)",6
9154,25,6,11,"(0.11642427162819424, 0.14970886995698662, 0.0, 0.0, 0.0, 0.051548873715099995, 0.0, 0.07449535309931198, 0.0, 0.01812760691895582)",31
9155,25,6,13,"(0.0, 0.0, 0.11679612853536596, 0.04223264366840542, 0.09172770611919409, 0.07489992963210028, 0.0, 0.0, 0.3033230841388512, 0.0)",2
9156,25,6,13,"(0.0, 0.0, 0.11679612853536596, 0.06920069129515957, 0.11769152512116386, 0.07489992963210028, 0.0, 0.0, 0.14899621190854193, 0.0)",1
9157,25,6,13,"(0.0, 0.0, 0.11679612853536596, 0.06920069129515957, 0.09172770611919409, 0.07489992963210028, 0.0, 0.0, 0.14899621190854193, 0.0)",183
9158,25,6,13,"(0.0, 0.0, 0.11679612853536596, 0.06920069129515957, 0.09172770611919409, 0.07781991118603099, 0.0, 0.0, 0.14899621190854193, 0.0)",10
9159,25,7,8,"(0.09369258606422372, 0.0, 0.08950620996642342, 0.09247639241939104, 0.07465200933978253, 0.0, 0.06826344941350267, 0.0, 0.0, 0.0)",355
9160,25,7,8,"(0.11984875009656219, 0.0, 0.1239083897824669, 0.09247639241939104, 0.07465200933978253, 0.0, 0.023916016333078004, 0.0, 0.0, 0.0)",9
9161,25,7,8,"(0.09369258606422372, 0.0, 0.04830665162893344, 0.11039682951202445, 0.07465200933978253, 0.0, 0.06826344941350267, 0.0, 0.0, 0.0)",1
9162,25,7,8,"(0.08401093446605176, 0.0, 0.08950620996642342, 0.09247639241939104, 0.06313365186657213, 0.0, 0.06826344941350267, 0.0, 0.0, 0.0)",1
9163,25,7,8,"(0.09176191902045401, 0.0, 0.08950620996642342, 0.1116813394066027, 0.07465200933978253, 0.0, 0.06826344941350267, 0.0, 0.0, 0.0)",2
9164,25,7,11,"(0.09033430006888621, 0.14970886995698662, 0.0, 0.0, 0.0, 0.04688669779969397, 0.0, 0.07851896184598078, 0.0, 0.01812760691895582)",1
9165,25,7,11,"(0.09033430006888621, 0.14970886995698662, 0.0, 0.0, 0.0, 0.04082200238876126, 0.0, 0.08279881135943302, 0.0, 0.01812760691895582)",5
9166,25,7,11,"(0.09033430006888621, 0.14970886995698662, 0.0, 0.0, 0.0, 0.04688669779969397, 0.0, 0.08279881135943302, 0.0, 0.01812760691895582)",296
9167,25,7,11,"(0.0330136530036189, 0.14970886995698662, 0.0, 0.0, 0.0, 0.05395518618227082, 0.0, 0.08279881135943302, 0.0, 0.01812760691895582)",4
9168,25,7,11,"(0.11642427162819424, 0.14970886995698662, 0.0, 0.0, 0.0, 0.051548873715099995, 0.0, 0.08279881135943302, 0.0, 0.01812760691895582)",155
9169,25,7,11,"(0.09033430006888621, 0.14970886995698662, 0.0, 0.0, 0.0, 0.04688669779969397, 0.0, 0.08279881135943302, 0.0, 0.01528850307463536)",2
9170,25,7,11,"(0.09033430006888621, 0.14970886995698662, 0.0, 0.0, 0.0, 0.0462857475051081, 0.0, 0.1938777096912806, 0.0, 0.013709319590771304)",1
9171,25,7,11,"(0.24886361500484358, 0.14970886995698662, 0.0, 0.0, 0.0, 0.051548873715099995, 0.0, 0.08279881135943302, 0.0, 0.02668476203029757)",1
9172,25,7,11,"(0.09033430006888621, 0.14217924815380484, 0.0, 0.0, 0.0, 0.04082200238876126, 0.0, 0.08279881135943302, 0.0, 0.01812760691895582)",6
9173,25,7,11,"(0.07400118366767233, 0.14970886995698662, 0.0, 0.0, 0.0, 0.04688669779969397, 0.0, 0.08279881135943302, 0.0, 0.01812760691895582)",1
9174,25,7,11,"(0.11642427162819424, 0.14970886995698662, 0.0, 0.0, 0.0, 0.200308331438924, 0.0, 0.08279881135943302, 0.0, 0.01812760691895582)",1
9175,25,7,11,"(0.11642427162819424, 0.14970886995698662, 0.0, 0.0, 0.0, 0.08341066274606408, 0.0, 0.08279881135943302, 0.0, 0.01812760691895582)",1
9176,25,7,13,"(0.0, 0.0, 0.11679612853536596, 0.06920069129515957, 0.09172770611919409, 0.07489992963210028, 0.0, 0.0, 0.05248865323679938, 0.0)",1
9177,25,7,13,"(0.0, 0.0, 0.11679612853536596, 0.04575722360517317, 0.11006684912409696, 0.07489992963210028, 0.0, 0.0, 0.08670542967584592, 0.0)",2
9178,25,7,13,"(0.0, 0.0, 0.11679612853536596, 0.06920069129515957, 0.09172770611919409, 0.055367584266054426, 0.0, 0.0, 0.14899621190854193, 0.0)",3
9179,25,7,13,"(0.0, 0.0, 0.11679612853536596, 0.06920069129515957, 0.09172770611919409, 0.07489992963210028, 0.0, 0.0, 0.14899621190854193, 0.0)",180
9180,25,8,8,"(0.09369258606422372, 0.0, 0.08950620996642342, 0.06662532238003972, 0.07465200933978253, 0.0, 0.06826344941350267, 0.0, 0.0, 0.0)",4
9181,25,8,8,"(0.09369258606422372, 0.0, 0.08950620996642342, 0.09247639241939104, 0.07465200933978253, 0.0, 0.06826344941350267, 0.0, 0.0, 0.0)",350
9182,25,8,11,"(0.13016482600808582, 0.14970886995698662, 0.0, 0.0, 0.0, 0.04688669779969397, 0.0, 0.08279881135943302, 0.0, 0.022073745417653064)",1
9183,25,8,11,"(0.09033430006888621, 0.1392820234366987, 0.0, 0.0, 0.0, 0.04688669779969397, 0.0, 0.08279881135943302, 0.0, 0.01812760691895582)",8
9184,25,8,11,"(0.09033430006888621, 0.14970886995698662, 0.0, 0.0, 0.0, 0.04688669779969397, 0.0, 0.08279881135943302, 0.0, 0.01528850307463536)",19
9185,25,8,11,"(0.09033430006888621, 0.14970886995698662, 0.0, 0.0, 0.0, 0.05488338724940847, 0.0, 0.08279881135943302, 0.0, 0.01812760691895582)",1
9186,25,8,11,"(0.11642427162819424, 0.14970886995698662, 0.0, 0.0, 0.0, 0.051548873715099995, 0.0, 0.08279881135943302, 0.0, 0.01812760691895582)",166
9187,25,8,11,"(0.09033430006888621, 0.1080534617273938, 0.0, 0.0, 0.0, 0.04688669779969397, 0.0, 0.08279881135943302, 0.0, 0.01812760691895582)",2
9188,25,8,11,"(0.09033430006888621, 0.14970886995698662, 0.0, 0.0, 0.0, 0.07409295066719217, 0.0, 0.08279881135943302, 0.0, 0.01812760691895582)",1
9189,25,8,11,"(0.1360444063329719, 0.14970886995698662, 0.0, 0.0, 0.0, 0.051548873715099995, 0.0, 0.08279881135943302, 0.0, 0.016048000505338035)",1
9190,25,8,11,"(0.11642427162819424, 0.13307443978676556, 0.0, 0.0, 0.0, 0.051548873715099995, 0.0, 0.08279881135943302, 0.0, 0.01812760691895582)",1
9191,25,8,11,"(0.09033430006888621, 0.14970886995698662, 0.0, 0.0, 0.0, 0.04688669779969397, 0.0, 0.08279881135943302, 0.0, 0.01812760691895582)",214
9192,25,8,11,"(0.07875203889131684, 0.14970886995698662, 0.0, 0.0, 0.0, 0.04688669779969397, 0.0, 0.08279881135943302, 0.0, 0.01528850307463536)",1
9193,25,8,11,"(0.09033430006888621, 0.14970886995698662, 0.0, 0.0, 0.0, 0.04688669779969397, 0.0, 0.08279881135943302, 0.0, 0.008138947580488439)",2
9194,25,8,13,"(0.0, 0.0, 0.11679612853536596, 0.06373465004734219, 0.09172770611919409, 0.07489992963210028, 0.0, 0.0, 0.14899621190854193, 0.0)",3
9195,25,8,13,"(0.0, 0.0, 0.11679612853536596, 0.06920069129515957, 0.09172770611919409, 0.07489992963210028, 0.0, 0.0, 0.14899621190854193, 0.0)",170
9196,25,9,8,"(0.09369258606422372, 0.0, 0.08950620996642342, 0.09247639241939104, 0.07465200933978253, 0.0, 0.06826344941350267, 0.0, 0.0, 0.0)",382
9197,25,9,8,"(0.09369258606422372, 0.0, 0.08950620996642342, 0.09247639241939104, 0.07465200933978253, 0.0, 0.06835091534794221, 0.0, 0.0, 0.0)",1
9198,25,9,8,"(0.09369258606422372, 0.0, 0.08950620996642342, 0.08761884189753263, 0.07465200933978253, 0.0, 0.06826344941350267, 0.0, 0.0, 0.0)",3
9199,25,9,8,"(0.09369258606422372, 0.0, 0.08950620996642342, 0.09247639241939104, 0.07465200933978253, 0.0, 0.09694114319012957, 0.0, 0.0, 0.0)",2
9200,25,9,8,"(0.0783818182863001, 0.0, 0.08950620996642342, 0.09247639241939104, 0.03880658793612748, 0.0, 0.06826344941350267, 0.0, 0.0, 0.0)",1
9201,25,9,8,"(0.09369258606422372, 0.0, 0.08950620996642342, 0.09247639241939104, 0.07465200933978253, 0.0, 0.06150838650190233, 0.0, 0.0, 0.0)",34
9202,25,9,11,"(0.09033430006888621, 0.14970886995698662, 0.0, 0.0, 0.0, 0.04741939155181268, 0.0, 0.08279881135943302, 0.0, 0.01812760691895582)",1
9203,25,9,11,"(0.09033430006888621, 0.18344388072917048, 0.0, 0.0, 0.0, 0.04688669779969397, 0.0, 0.08713182533108806, 0.0, 0.01812760691895582)",1
9204,25,9,11,"(0.11642427162819424, 0.14970886995698662, 0.0, 0.0, 0.0, 0.051548873715099995, 0.0, 0.08279881135943302, 0.0, 0.01812760691895582)",91
9205,25,9,11,"(0.09033430006888621, 0.21981069277956214, 0.0, 0.0, 0.0, 0.04688669779969397, 0.0, 0.06694532702330491, 0.0, 0.01812760691895582)",1
9206,25,9,11,"(0.09033430006888621, 0.14970886995698662, 0.0, 0.0, 0.0, 0.048992074495836015, 0.0, 0.08279881135943302, 0.0, 0.01812760691895582)",2
9207,25,9,11,"(0.09033430006888621, 0.14970886995698662, 0.0, 0.0, 0.0, 0.04688669779969397, 0.0, 0.08279881135943302, 0.0, 0.01812760691895582)",251
9208,25,9,13,"(0.0, 0.0, 0.11679612853536596, 0.06920069129515957, 0.09172770611919409, 0.07489992963210028, 0.0, 0.0, 0.14899621190854193, 0.0)",160
9209,25,9,13,"(0.0, 0.0, 0.11679612853536596, 0.06920069129515957, 0.09172770611919409, 0.07489992963210028, 0.0, 0.0, 0.1283444355914232, 0.0)",1
9210,25,10,8,"(0.09369258606422372, 0.0, 0.08950620996642342, 0.09247639241939104, 0.0806446405234576, 0.0, 0.06826344941350267, 0.0, 0.0, 0.0)",3
9211,25,10,8,"(0.09369258606422372, 0.0, 0.08950620996642342, 0.11550589586438266, 0.07465200933978253, 0.0, 0.06826344941350267, 0.0, 0.0, 0.0)",1
9212,25,10,8,"(0.10416724156604841, 0.0, 0.08950620996642342, 0.09247639241939104, 0.07465200933978253, 0.0, 0.06826344941350267, 0.0, 0.0, 0.0)",2
9213,25,10,8,"(0.09369258606422372, 0.0, 0.08950620996642342, 0.08510402707142922, 0.07465200933978253, 0.0, 0.06826344941350267, 0.0, 0.0, 0.0)",1
9214,25,10,8,"(0.09369258606422372, 0.0, 0.08950620996642342, 0.09247639241939104, 0.07465200933978253, 0.0, 0.06826344941350267, 0.0, 0.0, 0.0)",360
9215,25,10,8,"(0.09369258606422372, 0.0, 0.08950620996642342, 0.13329381705375629, 0.07465200933978253, 0.0, 0.06826344941350267, 0.0, 0.0, 0.0)",3
9216,25,10,8,"(0.09369258606422372, 0.0, 0.15018742158384693, 0.09247639241939104, 0.07465200933978253, 0.0, 0.06826344941350267, 0.0, 0.0, 0.0)",1
9217,25,10,8,"(0.09369258606422372, 0.0, 0.08950620996642342, 0.08699129601271141, 0.07465200933978253, 0.0, 0.06826344941350267, 0.0, 0.0, 0.0)",1
9218,25,10,11,"(0.09033430006888621, 0.14970886995698662, 0.0, 0.0, 0.0, 0.04688669779969397, 0.0, 0.08279881135943302, 0.0, 0.01812760691895582)",460
9219,25,10,11,"(0.09033430006888621, 0.2212527989877815, 0.0, 0.0, 0.0, 0.04688669779969397, 0.0, 0.08279881135943302, 0.0, 0.01812760691895582)",3
9220,25,10,11,"(0.09033430006888621, 0.14970886995698662, 0.0, 0.0, 0.0, 0.04688669779969397, 0.0, 0.08279881135943302, 0.0, 0.029488963626092483)",1
9221,25,10,11,"(0.09033430006888621, 0.14970886995698662, 0.0, 0.0, 0.0, 0.09478938067041948, 0.0, 0.08279881135943302, 0.0, 0.01812760691895582)",1
9222,25,10,11,"(0.09033430006888621, 0.14970886995698662, 0.0, 0.0, 0.0, 0.04688669779969397, 0.0, 0.06369707553152192, 0.0, 0.01812760691895582)",17
9223,25,10,11,"(0.09033430006888621, 0.14970886995698662, 0.0, 0.0, 0.0, 0.04688669779969397, 0.0, 0.11726730963128623, 0.0, 0.014085280557568393)",1
9224,25,10,11,"(0.09033430006888621, 0.14970886995698662, 0.0, 0.0, 0.0, 0.04688669779969397, 0.0, 0.13068228691069678, 0.0, 0.01812760691895582)",1
9225,25,10,11,"(0.09033430006888621, 0.14970886995698662, 0.0, 0.0, 0.0, 0.04940718795216801, 0.0, 0.08279881135943302, 0.0, 0.01812760691895582)",1
9226,25,10,13,"(0.0, 0.0, 0.11679612853536596, 0.06920069129515957, 0.09172770611919409, 0.07489992963210028, 0.0, 0.0, 0.14899621190854193, 0.0)",164
9227,25,10,13,"(0.0, 0.0, 0.11679612853536596, 0.06920069129515957, 0.05965681844173051, 0.07489992963210028, 0.0, 0.0, 0.09439701114858447, 0.0)",1
9228,25,11,8,"(0.09369258606422372, 0.0, 0.08950620996642342, 0.09230737717468573, 0.09988268869859175, 0.0, 0.06150838650190233, 0.0, 0.0, 0.0)",1
9229,25,11,8,"(0.09369258606422372, 0.0, 0.08950620996642342, 0.09247639241939104, 0.07465200933978253, 0.0, 0.06826344941350267, 0.0, 0.0, 0.0)",311
9230,25,11,8,"(0.09369258606422372, 0.0, 0.08950620996642342, 0.09247639241939104, 0.07465200933978253, 0.0, 0.06150838650190233, 0.0, 0.0, 0.0)",122
9231,25,11,8,"(0.09369258606422372, 0.0, 0.08950620996642342, 0.09247639241939104, 0.07465200933978253, 0.0, 0.0460583015214179, 0.0, 0.0, 0.0)",1
9232,25,11,11,"(0.09033430006888621, 0.14970886995698662, 0.0, 0.0, 0.0, 0.04688669779969397, 0.0, 0.08279881135943302, 0.0, 0.01812760691895582)",314
9233,25,11,11,"(0.11642427162819424, 0.14970886995698662, 0.0, 0.0, 0.0, 0.051548873715099995, 0.0, 0.08279881135943302, 0.0, 0.01812760691895582)",18
9234,25,11,11,"(0.09033430006888621, 0.14970886995698662, 0.0, 0.0, 0.0, 0.03343046931155727, 0.0, 0.08279881135943302, 0.0, 0.01812760691895582)",1
9235,25,11,11,"(0.10892000294750077, 0.14970886995698662, 0.0, 0.0, 0.0, 0.04688669779969397, 0.0, 0.08279881135943302, 0.0, 0.020866368396767917)",1
9236,25,11,11,"(0.09033430006888621, 0.14970886995698662, 0.0, 0.0, 0.0, 0.04688669779969397, 0.0, 0.0655575105361727, 0.0, 0.01812760691895582)",1
9237,25,11,13,"(0.0, 0.0, 0.11679612853536596, 0.06920069129515957, 0.09172770611919409, 0.07489992963210028, 0.0, 0.0, 0.14899621190854193, 0.0)",194
9238,25,11,13,"(0.0, 0.0, 0.07450488202617439, 0.06920069129515957, 0.07011003143524484, 0.07489992963210028, 0.0, 0.0, 0.14899621190854193, 0.0)",4
9239,25,11,13,"(0.0, 0.0, 0.07450488202617439, 0.06920069129515957, 0.07011003143524484, 0.07489992963210028, 0.0, 0.0, 0.1253877352114238, 0.0)",1
9240,25,12,8,"(0.09369258606422372, 0.0, 0.08950620996642342, 0.09247639241939104, 0.07465200933978253, 0.0, 0.06826344941350267, 0.0, 0.0, 0.0)",139
9241,25,12,8,"(0.09369258606422372, 0.0, 0.14576170231794464, 0.122197959831299, 0.09173902283359818, 0.0, 0.06826344941350267, 0.0, 0.0, 0.0)",1
9242,25,12,8,"(0.09369258606422372, 0.0, 0.1168734873703745, 0.09247639241939104, 0.07465200933978253, 0.0, 0.06826344941350267, 0.0, 0.0, 0.0)",1
9243,25,12,8,"(0.09369258606422372, 0.0, 0.08950620996642342, 0.0724344555805247, 0.07465200933978253, 0.0, 0.08732770459181892, 0.0, 0.0, 0.0)",1
9244,25,12,8,"(0.09369258606422372, 0.0, 0.08950620996642342, 0.07014220721702095, 0.07465200933978253, 0.0, 0.08732770459181892, 0.0, 0.0, 0.0)",86
9245,25,12,8,"(0.09369258606422372, 0.0, 0.08950620996642342, 0.08933871484473395, 0.09173902283359818, 0.0, 0.06826344941350267, 0.0, 0.0, 0.0)",49
9246,25,12,8,"(0.09369258606422372, 0.0, 0.08950620996642342, 0.08933871484473395, 0.09173902283359818, 0.0, 0.05243389705206409, 0.0, 0.0, 0.0)",10
9247,25,12,8,"(0.11377102285267751, 0.0, 0.08950620996642342, 0.08933871484473395, 0.09173902283359818, 0.0, 0.05089852480379258, 0.0, 0.0, 0.0)",8
9248,25,12,11,"(0.06388215036570309, 0.14970886995698662, 0.0, 0.0, 0.0, 0.04688669779969397, 0.0, 0.08279881135943302, 0.0, 0.022772724229747587)",1
9249,25,12,11,"(0.04800424003227115, 0.12113408580455916, 0.0, 0.0, 0.0, 0.04688669779969397, 0.0, 0.06618006249309291, 0.0, 0.01525062974296293)",1
9250,25,12,11,"(0.09033430006888621, 0.14970886995698662, 0.0, 0.0, 0.0, 0.04216470648063369, 0.0, 0.11752363746014428, 0.0, 0.01812760691895582)",22
9251,25,12,11,"(0.14817923841681294, 0.14970886995698662, 0.0, 0.0, 0.0, 0.04688669779969397, 0.0, 0.08279881135943302, 0.0, 0.01812760691895582)",2
9252,25,12,11,"(0.09033430006888621, 0.14970886995698662, 0.0, 0.0, 0.0, 0.04688669779969397, 0.0, 0.08279881135943302, 0.0, 0.01525062974296293)",4
9253,25,12,11,"(0.09033430006888621, 0.15842160511915682, 0.0, 0.0, 0.0, 0.04688669779969397, 0.0, 0.08279881135943302, 0.0, 0.013911647676429006)",1
9254,25,12,11,"(0.09033430006888621, 0.14970886995698662, 0.0, 0.0, 0.0, 0.04688669779969397, 0.0, 0.08279881135943302, 0.0, 0.01812760691895582)",335
9255,25,12,11,"(0.06263698370517395, 0.14970886995698662, 0.0, 0.0, 0.0, 0.04688669779969397, 0.0, 0.08279881135943302, 0.0, 0.01812760691895582)",1
9256,25,12,11,"(0.09033430006888621, 0.12590534988134666, 0.0, 0.0, 0.0, 0.04688669779969397, 0.0, 0.08279881135943302, 0.0, 0.013911647676429006)",1
9257,25,12,11,"(0.09033430006888621, 0.14970886995698662, 0.0, 0.0, 0.0, 0.04764643222893593, 0.0, 0.09359903320792387, 0.0, 0.01812760691895582)",1
9258,25,12,11,"(0.09033430006888621, 0.14970886995698662, 0.0, 0.0, 0.0, 0.04688669779969397, 0.0, 0.06803566069552539, 0.0, 0.013911647676429006)",5
9259,25,12,11,"(0.09033430006888621, 0.14970886995698662, 0.0, 0.0, 0.0, 0.04688669779969397, 0.0, 0.07751664137405326, 0.0, 0.01812760691895582)",1
9260,25,12,11,"(0.09033430006888621, 0.14970886995698662, 0.0, 0.0, 0.0, 0.04688669779969397, 0.0, 0.08279881135943302, 0.0, 0.013911647676429006)",127
9261,25,12,11,"(0.07732010600780112, 0.14970886995698662, 0.0, 0.0, 0.0, 0.04688669779969397, 0.0, 0.08279881135943302, 0.0, 0.01812760691895582)",1
9262,25,12,13,"(0.0, 0.0, 0.1095244073659018, 0.06920069129515957, 0.09710172649663909, 0.07160651749607795, 0.0, 0.0, 0.14899621190854193, 0.0)",2
9263,25,12,13,"(0.0, 0.0, 0.11679612853536596, 0.06920069129515957, 0.09172770611919409, 0.07489992963210028, 0.0, 0.0, 0.14899621190854193, 0.0)",176
9264,25,13,8,"(0.09369258606422372, 0.0, 0.08950620996642342, 0.09247639241939104, 0.07465200933978253, 0.0, 0.06826344941350267, 0.0, 0.0, 0.0)",165
9265,25,13,8,"(0.14312331744083642, 0.0, 0.13450753132487536, 0.061852050454551735, 0.07465200933978253, 0.0, 0.08732770459181892, 0.0, 0.0, 0.0)",9
9266,25,13,8,"(0.09369258606422372, 0.0, 0.08950620996642342, 0.08933871484473395, 0.09173902283359818, 0.0, 0.06826344941350267, 0.0, 0.0, 0.0)",37
9267,25,13,8,"(0.08699565864796459, 0.0, 0.08562197441222368, 0.09247639241939104, 0.07465200933978253, 0.0, 0.06826344941350267, 0.0, 0.0, 0.0)",6
9268,25,13,8,"(0.09369258606422372, 0.0, 0.07969179079893646, 0.09247639241939104, 0.07465200933978253, 0.0, 0.06826344941350267, 0.0, 0.0, 0.0)",2
9269,25,13,8,"(0.09369258606422372, 0.0, 0.08950620996642342, 0.07014220721702095, 0.07465200933978253, 0.0, 0.08732770459181892, 0.0, 0.0, 0.0)",117
9270,25,13,8,"(0.09529701824661803, 0.0, 0.08950620996642342, 0.08933871484473395, 0.09173902283359818, 0.0, 0.06826344941350267, 0.0, 0.0, 0.0)",4
9271,25,13,11,"(0.09033430006888621, 0.14970886995698662, 0.0, 0.0, 0.0, 0.04662154101156803, 0.0, 0.08279881135943302, 0.0, 0.01812760691895582)",18
9272,25,13,11,"(0.09033430006888621, 0.14970886995698662, 0.0, 0.0, 0.0, 0.04688669779969397, 0.0, 0.08279881135943302, 0.0, 0.013911647676429006)",48
9273,25,13,11,"(0.09033430006888621, 0.14970886995698662, 0.0, 0.0, 0.0, 0.04688669779969397, 0.0, 0.08279881135943302, 0.0, 0.01812760691895582)",340
9274,25,13,11,"(0.09033430006888621, 0.14970886995698662, 0.0, 0.0, 0.0, 0.04688669779969397, 0.0, 0.08279881135943302, 0.0, 0.01536413706318635)",17
9275,25,13,11,"(0.09033430006888621, 0.14970886995698662, 0.0, 0.0, 0.0, 0.04688669779969397, 0.0, 0.08279881135943302, 0.0, 0.010668088780904209)",1
9276,25,13,11,"(0.09033430006888621, 0.14970886995698662, 0.0, 0.0, 0.0, 0.03210940555408259, 0.0, 0.08279881135943302, 0.0, 0.01812760691895582)",2
9277,25,13,13,"(0.0, 0.0, 0.11679612853536596, 0.06920069129515957, 0.09172770611919409, 0.07489992963210028, 0.0, 0.0, 0.14899621190854193, 0.0)",205
9278,25,13,13,"(0.0, 0.0, 0.20415605364835054, 0.06920069129515957, 0.09172770611919409, 0.07489992963210028, 0.0, 0.0, 0.13885123078329767, 0.0)",1
9279,25,13,13,"(0.0, 0.0, 0.11679612853536596, 0.043356321530304796, 0.09172770611919409, 0.07489992963210028, 0.0, 0.0, 0.14899621190854193, 0.0)",7
9280,25,14,8,"(0.09369258606422372, 0.0, 0.08950620996642342, 0.11270200597871534, 0.07465200933978253, 0.0, 0.06826344941350267, 0.0, 0.0, 0.0)",3
9281,25,14,8,"(0.09529701824661803, 0.0, 0.08950620996642342, 0.08933871484473395, 0.09173902283359818, 0.0, 0.06826344941350267, 0.0, 0.0, 0.0)",24
9282,25,14,8,"(0.09369258606422372, 0.0, 0.08950620996642342, 0.09247639241939104, 0.07465200933978253, 0.0, 0.06826344941350267, 0.0, 0.0, 0.0)",135
9283,25,14,8,"(0.09369258606422372, 0.0, 0.08950620996642342, 0.08933871484473395, 0.09173902283359818, 0.0, 0.06826344941350267, 0.0, 0.0, 0.0)",89
9284,25,14,8,"(0.10173268951356637, 0.0, 0.08950620996642342, 0.09247639241939104, 0.07465200933978253, 0.0, 0.06826344941350267, 0.0, 0.0, 0.0)",2
9285,25,14,8,"(0.09369258606422372, 0.0, 0.08950620996642342, 0.07014220721702095, 0.07465200933978253, 0.0, 0.08732770459181892, 0.0, 0.0, 0.0)",55
9286,25,14,11,"(0.09033430006888621, 0.10394719498404655, 0.0, 0.0, 0.0, 0.034921595523621896, 0.0, 0.08279881135943302, 0.0, 0.008290768163472658)",1
9287,25,14,11,"(0.09033430006888621, 0.14970886995698662, 0.0, 0.0, 0.0, 0.04688669779969397, 0.0, 0.08279881135943302, 0.0, 0.01812760691895582)",409
9288,25,14,11,"(0.07725970975940308, 0.14970886995698662, 0.0, 0.0, 0.0, 0.04688669779969397, 0.0, 0.08279881135943302, 0.0, 0.01812760691895582)",1
9289,25,14,11,"(0.09033430006888621, 0.27555256139774115, 0.0, 0.0, 0.0, 0.04688669779969397, 0.0, 0.08279881135943302, 0.0, 0.020640565825256217)",1
9290,25,14,11,"(0.09033430006888621, 0.14970886995698662, 0.0, 0.0, 0.0, 0.06777564850507506, 0.0, 0.08279881135943302, 0.0, 0.01812760691895582)",6
9291,25,14,11,"(0.09033430006888621, 0.1072732606488177, 0.0, 0.0, 0.0, 0.04688669779969397, 0.0, 0.08279881135943302, 0.0, 0.01812760691895582)",2
9292,25,14,11,"(0.09033430006888621, 0.14970886995698662, 0.0, 0.0, 0.0, 0.04688669779969397, 0.0, 0.08279881135943302, 0.0, 0.013911647676429006)",91
9293,25,14,11,"(0.09033430006888621, 0.1427265292684518, 0.0, 0.0, 0.0, 0.04688669779969397, 0.0, 0.08279881135943302, 0.0, 0.00959376649811533)",4
9294,25,14,13,"(0.0, 0.0, 0.11436259749496022, 0.06920069129515957, 0.107966874947704, 0.07047978586702178, 0.0, 0.0, 0.14899621190854193, 0.0)",1
9295,25,14,13,"(0.0, 0.0, 0.11679612853536596, 0.06920069129515957, 0.09172770611919409, 0.07489992963210028, 0.0, 0.0, 0.14899621190854193, 0.0)",140
9296,25,14,13,"(0.0, 0.0, 0.11436259749496022, 0.06920069129515957, 0.06619698784776817, 0.07489992963210028, 0.0, 0.0, 0.14899621190854193, 0.0)",55
9297,25,15,8,"(0.09369258606422372, 0.0, 0.08950620996642342, 0.09247639241939104, 0.08494543966777772, 0.0, 0.06826344941350267, 0.0, 0.0, 0.0)",1
9298,25,15,8,"(0.09369258606422372, 0.0, 0.08950620996642342, 0.09247639241939104, 0.07465200933978253, 0.0, 0.06826344941350267, 0.0, 0.0, 0.0)",376
9299,25,15,8,"(0.052678900397642475, 0.0, 0.08529448614468822, 0.17214606760001913, 0.07273133765378262, 0.0, 0.06826344941350267, 0.0, 0.0, 0.0)",3
9300,25,15,11,"(0.09033430006888621, 0.14970886995698662, 0.0, 0.0, 0.0, 0.04688669779969397, 0.0, 0.08279881135943302, 0.0, 0.020710094841373365)",1
9301,25,15,11,"(0.09033430006888621, 0.07540884697677944, 0.0, 0.0, 0.0, 0.04688669779969397, 0.0, 0.09649825669006579, 0.0, 0.01812760691895582)",1
9302,25,15,11,"(0.09033430006888621, 0.1041021964250552, 0.0, 0.0, 0.0, 0.04688669779969397, 0.0, 0.08279881135943302, 0.0, 0.01812760691895582)",6
9303,25,15,11,"(0.09662546510285189, 0.14970886995698662, 0.0, 0.0, 0.0, 0.04688669779969397, 0.0, 0.12395701302869878, 0.0, 0.01812760691895582)",1
9304,25,15,11,"(0.09033430006888621, 0.14970886995698662, 0.0, 0.0, 0.0, 0.04688669779969397, 0.0, 0.08279881135943302, 0.0, 0.01812760691895582)",401
9305,25,15,13,"(0.0, 0.0, 0.13212805955848128, 0.06920069129515957, 0.09172770611919409, 0.06721085465634101, 0.0, 0.0, 0.14899621190854193, 0.0)",10
9306,25,15,13,"(0.0, 0.0, 0.13212805955848128, 0.05514934841202087, 0.09172770611919409, 0.06721085465634101, 0.0, 0.0, 0.13918442988352697, 0.0)",5
9307,25,15,13,"(0.0, 0.0, 0.11679612853536596, 0.04767214780097625, 0.09172770611919409, 0.07489992963210028, 0.0, 0.0, 0.14899621190854193, 0.0)",1
9308,25,15,13,"(0.0, 0.0, 0.11679612853536596, 0.06920069129515957, 0.09172770611919409, 0.047271843089936545, 0.0, 0.0, 0.14899621190854193, 0.0)",4
9309,25,15,13,"(0.0, 0.0, 0.11679612853536596, 0.06920069129515957, 0.07963495206517396, 0.07489992963210028, 0.0, 0.0, 0.14899621190854193, 0.0)",1
9310,25,15,13,"(0.0, 0.0, 0.09323464933365094, 0.0702394720684901, 0.09172770611919409, 0.09617791541189928, 0.0, 0.0, 0.14899621190854193, 0.0)",1
9311,25,15,13,"(0.0, 0.0, 0.11679612853536596, 0.06920069129515957, 0.09172770611919409, 0.07489992963210028, 0.0, 0.0, 0.14899621190854193, 0.0)",159
9312,25,16,8,"(0.09369258606422372, 0.0, 0.08950620996642342, 0.09247639241939104, 0.08988602780104762, 0.0, 0.06826344941350267, 0.0, 0.0, 0.0)",1
9313,25,16,8,"(0.09369258606422372, 0.0, 0.08950620996642342, 0.09247639241939104, 0.08814047453096066, 0.0, 0.06826344941350267, 0.0, 0.0, 0.0)",7
9314,25,16,8,"(0.09369258606422372, 0.0, 0.08950620996642342, 0.09247639241939104, 0.07465200933978253, 0.0, 0.06826344941350267, 0.0, 0.0, 0.0)",402
9315,25,16,8,"(0.09369258606422372, 0.0, 0.08950620996642342, 0.06825153057687454, 0.07465200933978253, 0.0, 0.06826344941350267, 0.0, 0.0, 0.0)",1
9316,25,16,8,"(0.09369258606422372, 0.0, 0.053277018037435175, 0.09247639241939104, 0.07465200933978253, 0.0, 0.06826344941350267, 0.0, 0.0, 0.0)",1
9317,25,16,11,"(0.09033430006888621, 0.14970886995698662, 0.0, 0.0, 0.0, 0.08223382089284821, 0.0, 0.08279881135943302, 0.0, 0.01812760691895582)",1
9318,25,16,11,"(0.09033430006888621, 0.14970886995698662, 0.0, 0.0, 0.0, 0.04688669779969397, 0.0, 0.08279881135943302, 0.0, 0.01812760691895582)",352
9319,25,16,11,"(0.09033430006888621, 0.07264170853910314, 0.0, 0.0, 0.0, 0.04688669779969397, 0.0, 0.08279881135943302, 0.0, 0.01812760691895582)",1
9320,25,16,11,"(0.049024798646058555, 0.277157420375461, 0.0, 0.0, 0.0, 0.04688669779969397, 0.0, 0.08279881135943302, 0.0, 0.011940427638819365)",2
9321,25,16,11,"(0.09033430006888621, 0.14970886995698662, 0.0, 0.0, 0.0, 0.04688669779969397, 0.0, 0.08279881135943302, 0.0, 0.024939234125808177)",7
9322,25,16,11,"(0.10555523820778802, 0.14970886995698662, 0.0, 0.0, 0.0, 0.04688669779969397, 0.0, 0.08279881135943302, 0.0, 0.011583881586531012)",1
9323,25,16,11,"(0.09033430006888621, 0.14970886995698662, 0.0, 0.0, 0.0, 0.032939437676449176, 0.0, 0.08279881135943302, 0.0, 0.01812760691895582)",29
9324,25,16,11,"(0.09033430006888621, 0.14970886995698662, 0.0, 0.0, 0.0, 0.04770471048400334, 0.0, 0.08279881135943302, 0.0, 0.01812760691895582)",2
9325,25,16,13,"(0.0, 0.0, 0.11679612853536596, 0.06920069129515957, 0.09172770611919409, 0.07489992963210028, 0.0, 0.0, 0.14899621190854193, 0.0)",164
9326,25,16,13,"(0.0, 0.0, 0.05717061716748518, 0.06920069129515957, 0.20485301951711146, 0.07489992963210028, 0.0, 0.0, 0.14899621190854193, 0.0)",1
9327,25,16,13,"(0.0, 0.0, 0.11886304778870224, 0.06920069129515957, 0.09172770611919409, 0.07489992963210028, 0.0, 0.0, 0.14899621190854193, 0.0)",17
9328,25,16,13,"(0.0, 0.0, 0.11679612853536596, 0.06920069129515957, 0.11378932323223505, 0.07489992963210028, 0.0, 0.0, 0.14899621190854193, 0.0)",1
9329,25,16,13,"(0.0, 0.0, 0.08228087095468803, 0.06608420299020878, 0.13602681929793278, 0.07489992963210028, 0.0, 0.0, 0.14899621190854193, 0.0)",3
9330,25,17,8,"(0.09369258606422372, 0.0, 0.08950620996642342, 0.09247639241939104, 0.07465200933978253, 0.0, 0.06826344941350267, 0.0, 0.0, 0.0)",361
9331,25,17,8,"(0.09369258606422372, 0.0, 0.08950620996642342, 0.15747440049666991, 0.07465200933978253, 0.0, 0.06826344941350267, 0.0, 0.0, 0.0)",2
9332,25,17,8,"(0.09357064380450143, 0.0, 0.08950620996642342, 0.09247639241939104, 0.07465200933978253, 0.0, 0.06826344941350267, 0.0, 0.0, 0.0)",1
9333,25,17,11,"(0.09033430006888621, 0.14970886995698662, 0.0, 0.0, 0.0, 0.03577511213933188, 0.0, 0.08279881135943302, 0.0, 0.01812760691895582)",4
9334,25,17,11,"(0.10572177168648153, 0.14970886995698662, 0.0, 0.0, 0.0, 0.03266142916281524, 0.0, 0.08279881135943302, 0.0, 0.01812760691895582)",1
9335,25,17,11,"(0.04494017402605995, 0.14281460070203308, 0.0, 0.0, 0.0, 0.04688669779969397, 0.0, 0.08279881135943302, 0.0, 0.009796870857882141)",7
9336,25,17,11,"(0.09033430006888621, 0.14970886995698662, 0.0, 0.0, 0.0, 0.04688669779969397, 0.0, 0.0651824741225305, 0.0, 0.01812760691895582)",1
9337,25,17,11,"(0.0657551080133821, 0.14970886995698662, 0.0, 0.0, 0.0, 0.04688669779969397, 0.0, 0.09038435032829809, 0.0, 0.01812760691895582)",23
9338,25,17,11,"(0.09033430006888621, 0.14970886995698662, 0.0, 0.0, 0.0, 0.04688669779969397, 0.0, 0.08279881135943302, 0.0, 0.01812760691895582)",394
9339,25,17,11,"(0.07794164736513465, 0.14970886995698662, 0.0, 0.0, 0.0, 0.04688669779969397, 0.0, 0.08279881135943302, 0.0, 0.01761601894857724)",1
9340,25,17,11,"(0.09033430006888621, 0.14970886995698662, 0.0, 0.0, 0.0, 0.04688669779969397, 0.0, 0.04610477990513329, 0.0, 0.01812760691895582)",1
9341,25,17,11,"(0.09033430006888621, 0.14970886995698662, 0.0, 0.0, 0.0, 0.04688669779969397, 0.0, 0.1446558871010825, 0.0, 0.01812760691895582)",1
9342,25,17,11,"(0.0657551080133821, 0.14970886995698662, 0.0, 0.0, 0.0, 0.06963514569900078, 0.0, 0.09038435032829809, 0.0, 0.01812760691895582)",3
9343,25,17,11,"(0.060361760868221634, 0.3493301683411806, 0.0, 0.0, 0.0, 0.04688669779969397, 0.0, 0.08279881135943302, 0.0, 0.027630661261229674)",1
9344,25,17,11,"(0.09033430006888621, 0.14970886995698662, 0.0, 0.0, 0.0, 0.04688669779969397, 0.0, 0.08279881135943302, 0.0, 0.018079443962911213)",1
9345,25,17,11,"(0.09033430006888621, 0.12988729283311648, 0.0, 0.0, 0.0, 0.04688669779969397, 0.0, 0.1069938287266202, 0.0, 0.01812760691895582)",1
9346,25,17,11,"(0.09033430006888621, 0.14970886995698662, 0.0, 0.0, 0.0, 0.04688669779969397, 0.0, 0.04643032665902932, 0.0, 0.01812760691895582)",1
9347,25,17,13,"(0.0, 0.0, 0.11679612853536596, 0.06920069129515957, 0.08536362320462812, 0.04927752739227572, 0.0, 0.0, 0.14899621190854193, 0.0)",3
9348,25,17,13,"(0.0, 0.0, 0.11679612853536596, 0.06920069129515957, 0.09172770611919409, 0.05723008203929858, 0.0, 0.0, 0.19055224127125553, 0.0)",2
9349,25,17,13,"(0.0, 0.0, 0.08768662930032546, 0.06920069129515957, 0.09172770611919409, 0.07489992963210028, 0.0, 0.0, 0.14899621190854193, 0.0)",1
9350,25,17,13,"(0.0, 0.0, 0.11679612853536596, 0.06920069129515957, 0.09172770611919409, 0.07489992963210028, 0.0, 0.0, 0.14899621190854193, 0.0)",181
9351,25,17,13,"(0.0, 0.0, 0.11679612853536596, 0.03952956136181171, 0.09172770611919409, 0.07489992963210028, 0.0, 0.0, 0.14899621190854193, 0.0)",3
9352,25,18,8,"(0.09369258606422372, 0.0, 0.08950620996642342, 0.09247639241939104, 0.07465200933978253, 0.0, 0.08618602211776481, 0.0, 0.0, 0.0)",4
9353,25,18,8,"(0.09369258606422372, 0.0, 0.08950620996642342, 0.09247639241939104, 0.07465200933978253, 0.0, 0.0674089872609758, 0.0, 0.0, 0.0)",1
9354,25,18,8,"(0.09369258606422372, 0.0, 0.08950620996642342, 0.09247639241939104, 0.0644475946599278, 0.0, 0.06826344941350267, 0.0, 0.0, 0.0)",23
9355,25,18,8,"(0.09369258606422372, 0.0, 0.08950620996642342, 0.07014220721702095, 0.07465200933978253, 0.0, 0.08732770459181892, 0.0, 0.0, 0.0)",46
9356,25,18,8,"(0.09369258606422372, 0.0, 0.037783024993632335, 0.09247639241939104, 0.0644475946599278, 0.0, 0.06826344941350267, 0.0, 0.0, 0.0)",66
9357,25,18,8,"(0.09369258606422372, 0.0, 0.06407028109658121, 0.08933871484473395, 0.09173902283359818, 0.0, 0.06826344941350267, 0.0, 0.0, 0.0)",1
9358,25,18,8,"(0.09369258606422372, 0.0, 0.1552930342467211, 0.09247639241939104, 0.07465200933978253, 0.0, 0.06826344941350267, 0.0, 0.0, 0.0)",2
9359,25,18,8,"(0.09369258606422372, 0.0, 0.08950620996642342, 0.12740050858459842, 0.0644475946599278, 0.0, 0.06826344941350267, 0.0, 0.0, 0.0)",1
9360,25,18,8,"(0.09369258606422372, 0.0, 0.08950620996642342, 0.09247639241939104, 0.07465200933978253, 0.0, 0.06826344941350267, 0.0, 0.0, 0.0)",164
9361,25,18,8,"(0.09369258606422372, 0.0, 0.08950620996642342, 0.08933871484473395, 0.09173902283359818, 0.0, 0.06826344941350267, 0.0, 0.0, 0.0)",51
9362,25,18,11,"(0.09033430006888621, 0.14970886995698662, 0.0, 0.0, 0.0, 0.04688669779969397, 0.0, 0.08279881135943302, 0.0, 0.01812760691895582)",413
9363,25,18,11,"(0.09033430006888621, 0.1312206825544082, 0.0, 0.0, 0.0, 0.04688669779969397, 0.0, 0.08279881135943302, 0.0, 0.010707250690613282)",1
9364,25,18,11,"(0.09033430006888621, 0.08419827184886731, 0.0, 0.0, 0.0, 0.04688669779969397, 0.0, 0.08279881135943302, 0.0, 0.01812760691895582)",22
9365,25,18,11,"(0.09033430006888621, 0.14970886995698662, 0.0, 0.0, 0.0, 0.04110480846253209, 0.0, 0.08279881135943302, 0.0, 0.013911647676429006)",12
9366,25,18,11,"(0.09033430006888621, 0.4245544802949462, 0.0, 0.0, 0.0, 0.04688669779969397, 0.0, 0.13472304568867702, 0.0, 0.01812760691895582)",1
9367,25,18,13,"(0.0, 0.0, 0.08501277665142151, 0.06920069129515957, 0.09172770611919409, 0.07489992963210028, 0.0, 0.0, 0.14899621190854193, 0.0)",1
9368,25,18,13,"(0.0, 0.0, 0.11679612853536596, 0.06920069129515957, 0.09172770611919409, 0.07489992963210028, 0.0, 0.0, 0.14899621190854193, 0.0)",172
9369,25,18,13,"(0.0, 0.0, 0.11679612853536596, 0.06920069129515957, 0.09172770611919409, 0.07489992963210028, 0.0, 0.0, 0.14710966823389607, 0.0)",6
9370,25,19,8,"(0.09369258606422372, 0.0, 0.08950620996642342, 0.08933871484473395, 0.09173902283359818, 0.0, 0.06826344941350267, 0.0, 0.0, 0.0)",241
9371,25,19,8,"(0.09369258606422372, 0.0, 0.08950620996642342, 0.07014220721702095, 0.07465200933978253, 0.0, 0.08732770459181892, 0.0, 0.0, 0.0)",71
9372,25,19,8,"(0.09369258606422372, 0.0, 0.08950620996642342, 0.09247639241939104, 0.07465200933978253, 0.0, 0.06826344941350267, 0.0, 0.0, 0.0)",9
9373,25,19,8,"(0.09369258606422372, 0.0, 0.08950620996642342, 0.09247639241939104, 0.0644475946599278, 0.0, 0.05082320044095507, 0.0, 0.0, 0.0)",1
9374,25,19,8,"(0.09369258606422372, 0.0, 0.08950620996642342, 0.09247639241939104, 0.0644475946599278, 0.0, 0.06826344941350267, 0.0, 0.0, 0.0)",46
9375,25,19,11,"(0.09033430006888621, 0.14970886995698662, 0.0, 0.0, 0.0, 0.07044328306938719, 0.0, 0.08279881135943302, 0.0, 0.009271355994191306)",1
9376,25,19,11,"(0.09033430006888621, 0.1646049130339333, 0.0, 0.0, 0.0, 0.04688669779969397, 0.0, 0.08279881135943302, 0.0, 0.01812760691895582)",1
9377,25,19,11,"(0.09033430006888621, 0.14970886995698662, 0.0, 0.0, 0.0, 0.04688669779969397, 0.0, 0.08279881135943302, 0.0, 0.01878800811147003)",4
9378,25,19,11,"(0.09680250990608964, 0.07293647555326997, 0.0, 0.0, 0.0, 0.04688669779969397, 0.0, 0.08279881135943302, 0.0, 0.01812760691895582)",1
9379,25,19,11,"(0.09033430006888621, 0.14970886995698662, 0.0, 0.0, 0.0, 0.04688669779969397, 0.0, 0.045957036080018054, 0.0, 0.01812760691895582)",42
9380,25,19,11,"(0.09033430006888621, 0.14970886995698662, 0.0, 0.0, 0.0, 0.04688669779969397, 0.0, 0.08279881135943302, 0.0, 0.01812760691895582)",330
9381,25,19,13,"(0.0, 0.0, 0.11679612853536596, 0.06920069129515957, 0.09172770611919409, 0.10004429520238052, 0.0, 0.0, 0.14899621190854193, 0.0)",1
9382,25,19,13,"(0.0, 0.0, 0.11679612853536596, 0.08995251595814585, 0.09172770611919409, 0.06869979404500445, 0.0, 0.0, 0.14899621190854193, 0.0)",1
9383,25,19,13,"(0.0, 0.0, 0.11679612853536596, 0.04771809614324964, 0.09172770611919409, 0.07489992963210028, 0.0, 0.0, 0.14899621190854193, 0.0)",1
9384,25,19,13,"(0.0, 0.0, 0.11679612853536596, 0.06920069129515957, 0.09686432628300284, 0.07489992963210028, 0.0, 0.0, 0.14899621190854193, 0.0)",6
9385,25,19,13,"(0.0, 0.0, 0.13561650771546574, 0.06920069129515957, 0.09172770611919409, 0.07489992963210028, 0.0, 0.0, 0.14899621190854193, 0.0)",1
9386,25,19,13,"(0.0, 0.0, 0.11679612853536596, 0.06920069129515957, 0.09172770611919409, 0.07489992963210028, 0.0, 0.0, 0.14899621190854193, 0.0)",186
9387,25,20,8,"(0.09369258606422372, 0.0, 0.08950620996642342, 0.09247639241939104, 0.07465200933978253, 0.0, 0.06826344941350267, 0.0, 0.0, 0.0)",9
9388,25,20,8,"(0.14187873692697744, 0.0, 0.08950620996642342, 0.08933871484473395, 0.09173902283359818, 0.0, 0.06826344941350267, 0.0, 0.0, 0.0)",2
9389,25,20,8,"(0.09369258606422372, 0.0, 0.08950620996642342, 0.07014220721702095, 0.07465200933978253, 0.0, 0.08732770459181892, 0.0, 0.0, 0.0)",36
9390,25,20,8,"(0.10367405631946458, 0.0, 0.08950620996642342, 0.08933871484473395, 0.09173902283359818, 0.0, 0.06826344941350267, 0.0, 0.0, 0.0)",1
9391,25,20,8,"(0.09369258606422372, 0.0, 0.08950620996642342, 0.09247639241939104, 0.0644475946599278, 0.0, 0.06826344941350267, 0.0, 0.0, 0.0)",3
9392,25,20,8,"(0.09369258606422372, 0.0, 0.06707668859279393, 0.08933871484473395, 0.09173902283359818, 0.0, 0.06826344941350267, 0.0, 0.0, 0.0)",1
9393,25,20,8,"(0.09369258606422372, 0.0, 0.08950620996642342, 0.06523246215755606, 0.09173902283359818, 0.0, 0.06866765109043965, 0.0, 0.0, 0.0)",1
9394,25,20,8,"(0.09369258606422372, 0.0, 0.08950620996642342, 0.08933871484473395, 0.09173902283359818, 0.0, 0.06826344941350267, 0.0, 0.0, 0.0)",257
9395,25,20,11,"(0.09033430006888621, 0.14970886995698662, 0.0, 0.0, 0.0, 0.04688669779969397, 0.0, 0.09231872797053774, 0.0, 0.0170141219331383)",2
9396,25,20,11,"(0.09033430006888621, 0.14970886995698662, 0.0, 0.0, 0.0, 0.04688669779969397, 0.0, 0.08279881135943302, 0.0, 0.026144114182522372)",1
9397,25,20,11,"(0.04470210893330758, 0.14970886995698662, 0.0, 0.0, 0.0, 0.04688669779969397, 0.0, 0.08279881135943302, 0.0, 0.01812760691895582)",11
9398,25,20,11,"(0.09033430006888621, 0.14970886995698662, 0.0, 0.0, 0.0, 0.04688669779969397, 0.0, 0.08279881135943302, 0.0, 0.01812760691895582)",501
9399,25,20,11,"(0.09033430006888621, 0.08611885186690141, 0.0, 0.0, 0.0, 0.04688669779969397, 0.0, 0.08041389138652683, 0.0, 0.027292137647692)",2
9400,25,20,11,"(0.09033430006888621, 0.14970886995698662, 0.0, 0.0, 0.0, 0.04688669779969397, 0.0, 0.08279881135943302, 0.0, 0.01766298895581095)",1
9401,25,20,11,"(0.09033430006888621, 0.14970886995698662, 0.0, 0.0, 0.0, 0.04688669779969397, 0.0, 0.08279881135943302, 0.0, 0.02074048555667113)",2
9402,25,20,11,"(0.04581030624433929, 0.14970886995698662, 0.0, 0.0, 0.0, 0.04688669779969397, 0.0, 0.08279881135943302, 0.0, 0.01812760691895582)",4
9403,25,20,11,"(0.09033430006888621, 0.14970886995698662, 0.0, 0.0, 0.0, 0.04688669779969397, 0.0, 0.08279881135943302, 0.0, 0.027597618495007546)",1
9404,25,20,11,"(0.09033430006888621, 0.14970886995698662, 0.0, 0.0, 0.0, 0.04688669779969397, 0.0, 0.09624779567193119, 0.0, 0.01812760691895582)",2
9405,25,20,11,"(0.09033430006888621, 0.17233828409690083, 0.0, 0.0, 0.0, 0.04688669779969397, 0.0, 0.08279881135943302, 0.0, 0.01812760691895582)",1
9406,25,20,11,"(0.06435151378046049, 0.1323371884409082, 0.0, 0.0, 0.0, 0.04688669779969397, 0.0, 0.08470317306450811, 0.0, 0.01812760691895582)",2
9407,25,20,13,"(0.0, 0.0, 0.11679612853536596, 0.06920069129515957, 0.09172770611919409, 0.07489992963210028, 0.0, 0.0, 0.14899621190854193, 0.0)",176
9408,26,0,8,"(0.09369258606422372, 0.0, 0.08950620996642342, 0.13869155869353578, 0.07465200933978253, 0.0, 0.06826344941350267, 0.0, 0.0, 0.0)",2
9409,26,0,8,"(0.09369258606422372, 0.0, 0.08950620996642342, 0.09247639241939104, 0.07465200933978253, 0.0, 0.04555258901642095, 0.0, 0.0, 0.0)",11
9410,26,0,8,"(0.11764917617341548, 0.0, 0.08950620996642342, 0.09247639241939104, 0.07465200933978253, 0.0, 0.04625730833426043, 0.0, 0.0, 0.0)",10
9411,26,0,8,"(0.09369258606422372, 0.0, 0.08950620996642342, 0.09247639241939104, 0.07465200933978253, 0.0, 0.06306027478878967, 0.0, 0.0, 0.0)",29
9412,26,0,8,"(0.09369258606422372, 0.0, 0.08950620996642342, 0.09247639241939104, 0.07465200933978253, 0.0, 0.06826344941350267, 0.0, 0.0, 0.0)",261
9413,26,0,8,"(0.09369258606422372, 0.0, 0.08950620996642342, 0.10121224855478035, 0.07465200933978253, 0.0, 0.06826344941350267, 0.0, 0.0, 0.0)",3
9414,26,0,8,"(0.09369258606422372, 0.0, 0.08950620996642342, 0.13762362827309083, 0.07465200933978253, 0.0, 0.06826344941350267, 0.0, 0.0, 0.0)",1
9415,26,0,8,"(0.11764917617341548, 0.0, 0.08950620996642342, 0.09247639241939104, 0.04367921966032504, 0.0, 0.04625730833426043, 0.0, 0.0, 0.0)",1
9416,26,0,8,"(0.09369258606422372, 0.0, 0.08950620996642342, 0.09247639241939104, 0.07465200933978253, 0.0, 0.13036040712411429, 0.0, 0.0, 0.0)",11
9417,26,0,8,"(0.09369258606422372, 0.0, 0.08950620996642342, 0.09247639241939104, 0.10120196467281738, 0.0, 0.06826344941350267, 0.0, 0.0, 0.0)",3
9418,26,0,11,"(0.11642427162819424, 0.17791208326072788, 0.0, 0.0, 0.0, 0.051548873715099995, 0.0, 0.08279881135943302, 0.0, 0.01812760691895582)",2
9419,26,0,11,"(0.09033430006888621, 0.07602067917889595, 0.0, 0.0, 0.0, 0.0499098641491762, 0.0, 0.08279881135943302, 0.0, 0.01812760691895582)",99
9420,26,0,11,"(0.09033430006888621, 0.14970886995698662, 0.0, 0.0, 0.0, 0.04819676378390405, 0.0, 0.08279881135943302, 0.0, 0.01812760691895582)",4
9421,26,0,11,"(0.09033430006888621, 0.14970886995698662, 0.0, 0.0, 0.0, 0.027453766759663444, 0.0, 0.08279881135943302, 0.0, 0.01812760691895582)",1
9422,26,0,11,"(0.09033430006888621, 0.14970886995698662, 0.0, 0.0, 0.0, 0.04688669779969397, 0.0, 0.06530180030899499, 0.0, 0.01812760691895582)",1
9423,26,0,11,"(0.09033430006888621, 0.14970886995698662, 0.0, 0.0, 0.0, 0.04688669779969397, 0.0, 0.11010063968160186, 0.0, 0.01812760691895582)",2
9424,26,0,11,"(0.09033430006888621, 0.14970886995698662, 0.0, 0.0, 0.0, 0.04688669779969397, 0.0, 0.08279881135943302, 0.0, 0.01812760691895582)",219
9425,26,0,11,"(0.09033430006888621, 0.14970886995698662, 0.0, 0.0, 0.0, 0.0326539562167937, 0.0, 0.08279881135943302, 0.0, 0.01816963388979379)",1
9426,26,0,11,"(0.11642427162819424, 0.14970886995698662, 0.0, 0.0, 0.0, 0.025012765943263453, 0.0, 0.08279881135943302, 0.0, 0.03160813882907089)",1
9427,26,0,11,"(0.11642427162819424, 0.14970886995698662, 0.0, 0.0, 0.0, 0.051548873715099995, 0.0, 0.08279881135943302, 0.0, 0.032341956968207665)",3
9428,26,0,11,"(0.11642427162819424, 0.14970886995698662, 0.0, 0.0, 0.0, 0.051548873715099995, 0.0, 0.08279881135943302, 0.0, 0.01812760691895582)",102
9429,26,0,11,"(0.13284095942220234, 0.14970886995698662, 0.0, 0.0, 0.0, 0.04688669779969397, 0.0, 0.08279881135943302, 0.0, 0.01812760691895582)",1
9430,26,0,13,"(0.0, 0.0, 0.11679612853536596, 0.06920069129515957, 0.09172770611919409, 0.07489992963210028, 0.0, 0.0, 0.14899621190854193, 0.0)",176
9431,26,0,13,"(0.0, 0.0, 0.11679612853536596, 0.07014865018491565, 0.09172770611919409, 0.07489992963210028, 0.0, 0.0, 0.14899621190854193, 0.0)",1
9432,26,1,8,"(0.11764917617341548, 0.0, 0.08950620996642342, 0.09247639241939104, 0.07465200933978253, 0.0, 0.04625730833426043, 0.0, 0.0, 0.0)",21
9433,26,1,8,"(0.09369258606422372, 0.0, 0.08950620996642342, 0.09247639241939104, 0.07465200933978253, 0.0, 0.06826344941350267, 0.0, 0.0, 0.0)",294
9434,26,1,8,"(0.13181389141080133, 0.0, 0.08950620996642342, 0.09247639241939104, 0.055385988263790466, 0.0, 0.06826344941350267, 0.0, 0.0, 0.0)",5
9435,26,1,8,"(0.09369258606422372, 0.0, 0.08950620996642342, 0.1092451194177345, 0.07465200933978253, 0.0, 0.06826344941350267, 0.0, 0.0, 0.0)",1
9436,26,1,8,"(0.11764917617341548, 0.0, 0.12782237044697828, 0.09247639241939104, 0.07465200933978253, 0.0, 0.04625730833426043, 0.0, 0.0, 0.0)",4
9437,26,1,8,"(0.09369258606422372, 0.0, 0.08950620996642342, 0.09247639241939104, 0.07465200933978253, 0.0, 0.06306027478878967, 0.0, 0.0, 0.0)",14
9438,26,1,11,"(0.0750272572143597, 0.14970886995698662, 0.0, 0.0, 0.0, 0.02892457770821838, 0.0, 0.08279881135943302, 0.0, 0.01812760691895582)",2
9439,26,1,11,"(0.09033430006888621, 0.14970886995698662, 0.0, 0.0, 0.0, 0.04688669779969397, 0.0, 0.08279881135943302, 0.0, 0.01812760691895582)",142
9440,26,1,11,"(0.05985568683390121, 0.14970886995698662, 0.0, 0.0, 0.0, 0.04688669779969397, 0.0, 0.08279881135943302, 0.0, 0.01812760691895582)",1
9441,26,1,11,"(0.09033430006888621, 0.0965536867365025, 0.0, 0.0, 0.0, 0.051548873715099995, 0.0, 0.08279881135943302, 0.0, 0.01812760691895582)",1
9442,26,1,11,"(0.09033430006888621, 0.14970886995698662, 0.0, 0.0, 0.0, 0.04688669779969397, 0.0, 0.10400336162808198, 0.0, 0.026051832702912045)",1
9443,26,1,11,"(0.06360126608923324, 0.14970886995698662, 0.0, 0.0, 0.0, 0.051548873715099995, 0.0, 0.08279881135943302, 0.0, 0.01812760691895582)",1
9444,26,1,11,"(0.09033430006888621, 0.14970886995698662, 0.0, 0.0, 0.0, 0.051548873715099995, 0.0, 0.08279881135943302, 0.0, 0.01812760691895582)",75
9445,26,1,11,"(0.09033430006888621, 0.14970886995698662, 0.0, 0.0, 0.0, 0.03238029947129641, 0.0, 0.08279881135943302, 0.0, 0.01812760691895582)",1
9446,26,1,11,"(0.09033430006888621, 0.14970886995698662, 0.0, 0.0, 0.0, 0.04688669779969397, 0.0, 0.041556144910110865, 0.0, 0.01812760691895582)",1
9447,26,1,11,"(0.09033430006888621, 0.07602067917889595, 0.0, 0.0, 0.0, 0.0499098641491762, 0.0, 0.08279881135943302, 0.0, 0.028142334637360395)",2
9448,26,1,11,"(0.05628450723738847, 0.14970886995698662, 0.0, 0.0, 0.0, 0.051548873715099995, 0.0, 0.08279881135943302, 0.0, 0.01812760691895582)",1
9449,26,1,11,"(0.09033430006888621, 0.07602067917889595, 0.0, 0.0, 0.0, 0.0499098641491762, 0.0, 0.08279881135943302, 0.0, 0.01812760691895582)",87
9450,26,1,11,"(0.11642427162819424, 0.14970886995698662, 0.0, 0.0, 0.0, 0.051548873715099995, 0.0, 0.08279881135943302, 0.0, 0.01812760691895582)",74
9451,26,1,13,"(0.0, 0.0, 0.11679612853536596, 0.06920069129515957, 0.09172770611919409, 0.07489992963210028, 0.0, 0.0, 0.14899621190854193, 0.0)",189
9452,26,2,8,"(0.09369258606422372, 0.0, 0.08950620996642342, 0.1501819831060287, 0.07465200933978253, 0.0, 0.06826344941350267, 0.0, 0.0, 0.0)",1
9453,26,2,8,"(0.09369258606422372, 0.0, 0.08950620996642342, 0.09247639241939104, 0.07465200933978253, 0.0, 0.06826344941350267, 0.0, 0.0, 0.0)",396
9454,26,2,8,"(0.09369258606422372, 0.0, 0.08950620996642342, 0.09247639241939104, 0.07465200933978253, 0.0, 0.06306027478878967, 0.0, 0.0, 0.0)",12
9455,26,2,8,"(0.09369258606422372, 0.0, 0.08950620996642342, 0.09247639241939104, 0.03462445246316673, 0.0, 0.06826344941350267, 0.0, 0.0, 0.0)",15
9456,26,2,8,"(0.11764917617341548, 0.0, 0.08950620996642342, 0.09247639241939104, 0.07465200933978253, 0.0, 0.04625730833426043, 0.0, 0.0, 0.0)",2
9457,26,2,8,"(0.09369258606422372, 0.0, 0.1300745876040222, 0.09247639241939104, 0.11240900065861653, 0.0, 0.06826344941350267, 0.0, 0.0, 0.0)",1
9458,26,2,11,"(0.11642427162819424, 0.05474161566157992, 0.0, 0.0, 0.0, 0.0752225452925501, 0.0, 0.08279881135943302, 0.0, 0.01812760691895582)",1
9459,26,2,11,"(0.10208282099938876, 0.14970886995698662, 0.0, 0.0, 0.0, 0.044160580422794665, 0.0, 0.08279881135943302, 0.0, 0.01812760691895582)",3
9460,26,2,11,"(0.11642427162819424, 0.14970886995698662, 0.0, 0.0, 0.0, 0.051548873715099995, 0.0, 0.08279881135943302, 0.0, 0.02894622650258912)",1
9461,26,2,11,"(0.09033430006888621, 0.07602067917889595, 0.0, 0.0, 0.0, 0.0499098641491762, 0.0, 0.08279881135943302, 0.0, 0.01812760691895582)",30
9462,26,2,11,"(0.09033430006888621, 0.14970886995698662, 0.0, 0.0, 0.0, 0.051548873715099995, 0.0, 0.08279881135943302, 0.0, 0.01812760691895582)",70
9463,26,2,11,"(0.2410987091291431, 0.14970886995698662, 0.0, 0.0, 0.0, 0.051548873715099995, 0.0, 0.08279881135943302, 0.0, 0.011189267709191908)",1
9464,26,2,11,"(0.09033430006888621, 0.14970886995698662, 0.0, 0.0, 0.0, 0.07523029620258426, 0.0, 0.08279881135943302, 0.0, 0.01812760691895582)",8
9465,26,2,11,"(0.09033430006888621, 0.13583500536434193, 0.0, 0.0, 0.0, 0.04688669779969397, 0.0, 0.08279881135943302, 0.0, 0.01812760691895582)",1
9466,26,2,11,"(0.09033430006888621, 0.14970886995698662, 0.0, 0.0, 0.0, 0.04688669779969397, 0.0, 0.06831598754718264, 0.0, 0.021932768836180387)",1
9467,26,2,11,"(0.11642427162819424, 0.14970886995698662, 0.0, 0.0, 0.0, 0.051548873715099995, 0.0, 0.08279881135943302, 0.0, 0.01812760691895582)",117
9468,26,2,11,"(0.09033430006888621, 0.14970886995698662, 0.0, 0.0, 0.0, 0.04688669779969397, 0.0, 0.08279881135943302, 0.0, 0.01812760691895582)",97
9469,26,2,13,"(0.0, 0.0, 0.11679612853536596, 0.06920069129515957, 0.09172770611919409, 0.07489992963210028, 0.0, 0.0, 0.14899621190854193, 0.0)",194
9470,26,2,13,"(0.0, 0.0, 0.09051950061837827, 0.07900678182894155, 0.09172770611919409, 0.07489992963210028, 0.0, 0.0, 0.14899621190854193, 0.0)",1
9471,26,3,8,"(0.08401093446605176, 0.0, 0.08950620996642342, 0.09247639241939104, 0.06313365186657213, 0.0, 0.06826344941350267, 0.0, 0.0, 0.0)",10
9472,26,3,8,"(0.09369258606422372, 0.0, 0.08950620996642342, 0.09247639241939104, 0.07465200933978253, 0.0, 0.06826344941350267, 0.0, 0.0, 0.0)",296
9473,26,3,11,"(0.11642427162819424, 0.15098410345062535, 0.0, 0.0, 0.0, 0.051548873715099995, 0.0, 0.08279881135943302, 0.0, 0.01812760691895582)",3
9474,26,3,11,"(0.09033430006888621, 0.14970886995698662, 0.0, 0.0, 0.0, 0.04688669779969397, 0.0, 0.08279881135943302, 0.0, 0.01812760691895582)",319
9475,26,3,11,"(0.11642427162819424, 0.14970886995698662, 0.0, 0.0, 0.0, 0.051548873715099995, 0.0, 0.08279881135943302, 0.0, 0.01812760691895582)",178
9476,26,3,11,"(0.11642427162819424, 0.14970886995698662, 0.0, 0.0, 0.0, 0.03997054764807242, 0.0, 0.08279881135943302, 0.0, 0.023673097809315605)",3
9477,26,3,11,"(0.09033430006888621, 0.14970886995698662, 0.0, 0.0, 0.0, 0.04688669779969397, 0.0, 0.08279881135943302, 0.0, 0.016267230139909394)",2
9478,26,3,11,"(0.09033430006888621, 0.16305884602676085, 0.0, 0.0, 0.0, 0.04688669779969397, 0.0, 0.04376258207921837, 0.0, 0.01812760691895582)",1
9479,26,3,11,"(0.11642427162819424, 0.17775275255506426, 0.0, 0.0, 0.0, 0.051548873715099995, 0.0, 0.08279881135943302, 0.0, 0.04092194062560521)",1
9480,26,3,11,"(0.11642427162819424, 0.09708059627087715, 0.0, 0.0, 0.0, 0.051548873715099995, 0.0, 0.08279881135943302, 0.0, 0.01812760691895582)",2
9481,26,3,11,"(0.09033430006888621, 0.14970886995698662, 0.0, 0.0, 0.0, 0.06745034780143395, 0.0, 0.07105661181855295, 0.0, 0.01812760691895582)",1
9482,26,3,13,"(0.0, 0.0, 0.11679612853536596, 0.06920069129515957, 0.09172770611919409, 0.07489992963210028, 0.0, 0.0, 0.14899621190854193, 0.0)",174
9483,26,3,13,"(0.0, 0.0, 0.11679612853536596, 0.06920069129515957, 0.09172770611919409, 0.08962347366533782, 0.0, 0.0, 0.14899621190854193, 0.0)",2
9484,26,4,8,"(0.09369258606422372, 0.0, 0.08950620996642342, 0.09247639241939104, 0.07465200933978253, 0.0, 0.06826344941350267, 0.0, 0.0, 0.0)",378
9485,26,4,8,"(0.09369258606422372, 0.0, 0.08283997751834236, 0.09247639241939104, 0.07465200933978253, 0.0, 0.04755332216283105, 0.0, 0.0, 0.0)",3
9486,26,4,11,"(0.11642427162819424, 0.14970886995698662, 0.0, 0.0, 0.0, 0.051548873715099995, 0.0, 0.08279881135943302, 0.0, 0.01812760691895582)",42
9487,26,4,11,"(0.09033430006888621, 0.14970886995698662, 0.0, 0.0, 0.0, 0.04688669779969397, 0.0, 0.08279881135943302, 0.0, 0.01812760691895582)",316
9488,26,4,11,"(0.09033430006888621, 0.14970886995698662, 0.0, 0.0, 0.0, 0.04688669779969397, 0.0, 0.11023252579238854, 0.0, 0.01812760691895582)",1
9489,26,4,11,"(0.09033430006888621, 0.14970886995698662, 0.0, 0.0, 0.0, 0.03747231586471204, 0.0, 0.08279881135943302, 0.0, 0.01812760691895582)",1
9490,26,4,13,"(0.0, 0.0, 0.11679612853536596, 0.06920069129515957, 0.09172770611919409, 0.07489992963210028, 0.0, 0.0, 0.14899621190854193, 0.0)",158
9491,26,4,13,"(0.0, 0.0, 0.11679612853536596, 0.06920069129515957, 0.09172770611919409, 0.055367584266054426, 0.0, 0.0, 0.14899621190854193, 0.0)",22
9492,26,5,8,"(0.09369258606422372, 0.0, 0.08950620996642342, 0.0790771634027725, 0.07465200933978253, 0.0, 0.06008784809559089, 0.0, 0.0, 0.0)",1
9493,26,5,8,"(0.2218273895370311, 0.0, 0.08950620996642342, 0.09247639241939104, 0.07465200933978253, 0.0, 0.06826344941350267, 0.0, 0.0, 0.0)",3
9494,26,5,8,"(0.09369258606422372, 0.0, 0.052647159695821025, 0.09247639241939104, 0.06205913945334214, 0.0, 0.06826344941350267, 0.0, 0.0, 0.0)",2
9495,26,5,8,"(0.08662450543315989, 0.0, 0.11591083963950316, 0.09247639241939104, 0.07465200933978253, 0.0, 0.07323856460382272, 0.0, 0.0, 0.0)",3
9496,26,5,8,"(0.09369258606422372, 0.0, 0.08950620996642342, 0.09247639241939104, 0.07465200933978253, 0.0, 0.03878463465503015, 0.0, 0.0, 0.0)",1
9497,26,5,8,"(0.09369258606422372, 0.0, 0.06528499380047471, 0.09247639241939104, 0.07465200933978253, 0.0, 0.06826344941350267, 0.0, 0.0, 0.0)",1
9498,26,5,8,"(0.09369258606422372, 0.0, 0.08950620996642342, 0.09247639241939104, 0.07465200933978253, 0.0, 0.06826344941350267, 0.0, 0.0, 0.0)",352
9499,26,5,11,"(0.11642427162819424, 0.14970886995698662, 0.0, 0.0, 0.0, 0.029142690637638306, 0.0, 0.08279881135943302, 0.0, 0.020084978426022006)",2
9500,26,5,11,"(0.09033430006888621, 0.14970886995698662, 0.0, 0.0, 0.0, 0.02947375003536458, 0.0, 0.08279881135943302, 0.0, 0.01812760691895582)",1
9501,26,5,11,"(0.11642427162819424, 0.2097897464274683, 0.0, 0.0, 0.0, 0.04933054887673857, 0.0, 0.08279881135943302, 0.0, 0.01812760691895582)",1
9502,26,5,11,"(0.11642427162819424, 0.14970886995698662, 0.0, 0.0, 0.0, 0.058511047250604124, 0.0, 0.08279881135943302, 0.0, 0.01812760691895582)",4
9503,26,5,11,"(0.11642427162819424, 0.14970886995698662, 0.0, 0.0, 0.0, 0.051548873715099995, 0.0, 0.08279881135943302, 0.0, 0.01812760691895582)",117
9504,26,5,11,"(0.028549402170274598, 0.14970886995698662, 0.0, 0.0, 0.0, 0.04688669779969397, 0.0, 0.08279881135943302, 0.0, 0.01812760691895582)",2
9505,26,5,11,"(0.14994881819417677, 0.2908466489186601, 0.0, 0.0, 0.0, 0.051548873715099995, 0.0, 0.08279881135943302, 0.0, 0.01812760691895582)",1
9506,26,5,11,"(0.09033430006888621, 0.14970886995698662, 0.0, 0.0, 0.0, 0.04688669779969397, 0.0, 0.08279881135943302, 0.0, 0.01812760691895582)",257
9507,26,5,11,"(0.09033430006888621, 0.14970886995698662, 0.0, 0.0, 0.0, 0.04688669779969397, 0.0, 0.10975126681976574, 0.0, 0.01812760691895582)",1
9508,26,5,11,"(0.09033430006888621, 0.14970886995698662, 0.0, 0.0, 0.0, 0.04688669779969397, 0.0, 0.09100034251250155, 0.0, 0.01975578479961628)",4
9509,26,5,11,"(0.09033430006888621, 0.14970886995698662, 0.0, 0.0, 0.0, 0.04082200238876126, 0.0, 0.08279881135943302, 0.0, 0.01812760691895582)",51
9510,26,5,11,"(0.07400118366767233, 0.14970886995698662, 0.0, 0.0, 0.0, 0.04688669779969397, 0.0, 0.08279881135943302, 0.0, 0.01812760691895582)",7
9511,26,5,13,"(0.0, 0.0, 0.11679612853536596, 0.04575722360517317, 0.11006684912409696, 0.07489992963210028, 0.0, 0.0, 0.08670542967584592, 0.0)",11
9512,26,5,13,"(0.0, 0.0, 0.11679612853536596, 0.15096803363636105, 0.09172770611919409, 0.07489992963210028, 0.0, 0.0, 0.26120757507123027, 0.0)",1
9513,26,5,13,"(0.0, 0.0, 0.11679612853536596, 0.04575722360517317, 0.16619361049447404, 0.07489992963210028, 0.0, 0.0, 0.08670542967584592, 0.0)",1
9514,26,5,13,"(0.0, 0.0, 0.11679612853536596, 0.06920069129515957, 0.09172770611919409, 0.07489992963210028, 0.0, 0.0, 0.14899621190854193, 0.0)",160
9515,26,5,13,"(0.0, 0.0, 0.18097725440801074, 0.06920069129515957, 0.09172770611919409, 0.07489992963210028, 0.0, 0.0, 0.14899621190854193, 0.0)",1
9516,26,5,13,"(0.0, 0.0, 0.13672685113263014, 0.06920069129515957, 0.09172770611919409, 0.07489992963210028, 0.0, 0.0, 0.14899621190854193, 0.0)",1
9517,26,6,8,"(0.09369258606422372, 0.0, 0.08950620996642342, 0.09247639241939104, 0.06264346890857653, 0.0, 0.06826344941350267, 0.0, 0.0, 0.0)",13
9518,26,6,8,"(0.09369258606422372, 0.0, 0.08950620996642342, 0.2024887216560673, 0.07465200933978253, 0.0, 0.06826344941350267, 0.0, 0.0, 0.0)",1
9519,26,6,8,"(0.10105849480874156, 0.0, 0.08950620996642342, 0.09247639241939104, 0.08330404443901164, 0.0, 0.06826344941350267, 0.0, 0.0, 0.0)",2
9520,26,6,8,"(0.09369258606422372, 0.0, 0.11288914559680198, 0.09247639241939104, 0.07465200933978253, 0.0, 0.06826344941350267, 0.0, 0.0, 0.0)",1
9521,26,6,8,"(0.13284699930505303, 0.0, 0.08121723880488317, 0.09247639241939104, 0.07465200933978253, 0.0, 0.06826344941350267, 0.0, 0.0, 0.0)",7
9522,26,6,8,"(0.09369258606422372, 0.0, 0.08950620996642342, 0.054678092535416216, 0.07465200933978253, 0.0, 0.06826344941350267, 0.0, 0.0, 0.0)",1
9523,26,6,8,"(0.09369258606422372, 0.0, 0.08950620996642342, 0.09247639241939104, 0.07465200933978253, 0.0, 0.06826344941350267, 0.0, 0.0, 0.0)",341
9524,26,6,11,"(0.09033430006888621, 0.06445359266041484, 0.0, 0.0, 0.0, 0.04688669779969397, 0.0, 0.08279881135943302, 0.0, 0.008177808014176391)",1
9525,26,6,11,"(0.11642427162819424, 0.14970886995698662, 0.0, 0.0, 0.0, 0.051548873715099995, 0.0, 0.07449535309931198, 0.0, 0.01812760691895582)",51
9526,26,6,11,"(0.11642427162819424, 0.14970886995698662, 0.0, 0.0, 0.0, 0.051548873715099995, 0.0, 0.06886711942044425, 0.0, 0.01812760691895582)",6
9527,26,6,11,"(0.09033430006888621, 0.14970886995698662, 0.0, 0.0, 0.0, 0.04688669779969397, 0.0, 0.08279881135943302, 0.0, 0.01812760691895582)",276
9528,26,6,11,"(0.09033430006888621, 0.14970886995698662, 0.0, 0.0, 0.0, 0.04688669779969397, 0.0, 0.08279881135943302, 0.0, 0.010615416219699603)",1
9529,26,6,11,"(0.11642427162819424, 0.14970886995698662, 0.0, 0.0, 0.0, 0.051548873715099995, 0.0, 0.08279881135943302, 0.0, 0.01812760691895582)",80
9530,26,6,11,"(0.09033430006888621, 0.15797885690370198, 0.0, 0.0, 0.0, 0.04688669779969397, 0.0, 0.08279881135943302, 0.0, 0.01812760691895582)",12
9531,26,6,11,"(0.1685585876308414, 0.14970886995698662, 0.0, 0.0, 0.0, 0.051548873715099995, 0.0, 0.08279881135943302, 0.0, 0.01812760691895582)",3
9532,26,6,11,"(0.11642427162819424, 0.13365438872904523, 0.0, 0.0, 0.0, 0.051548873715099995, 0.0, 0.08279881135943302, 0.0, 0.008532624347620539)",1
9533,26,6,11,"(0.09033430006888621, 0.14970886995698662, 0.0, 0.0, 0.0, 0.04688669779969397, 0.0, 0.08279881135943302, 0.0, 0.019952627367172553)",14
9534,26,6,11,"(0.09033430006888621, 0.1267990248551119, 0.0, 0.0, 0.0, 0.04688669779969397, 0.0, 0.08279881135943302, 0.0, 0.01812760691895582)",2
9535,26,6,13,"(0.0, 0.0, 0.11679612853536596, 0.06920069129515957, 0.09172770611919409, 0.07489992963210028, 0.0, 0.0, 0.14899621190854193, 0.0)",159
9536,26,6,13,"(0.0, 0.0, 0.11679612853536596, 0.06920069129515957, 0.09172770611919409, 0.07489992963210028, 0.0, 0.0, 0.28076775791377173, 0.0)",9
9537,26,6,13,"(0.0, 0.0, 0.1209769541705646, 0.06920069129515957, 0.048667755114124606, 0.07489992963210028, 0.0, 0.0, 0.14899621190854193, 0.0)",2
9538,26,6,13,"(0.0, 0.0, 0.11679612853536596, 0.131305945965149, 0.09172770611919409, 0.07489992963210028, 0.0, 0.0, 0.14899621190854193, 0.0)",3
9539,26,7,8,"(0.09369258606422372, 0.0, 0.09522321684940817, 0.09247639241939104, 0.07465200933978253, 0.0, 0.06826344941350267, 0.0, 0.0, 0.0)",2
9540,26,7,8,"(0.09369258606422372, 0.0, 0.08950620996642342, 0.09247639241939104, 0.07465200933978253, 0.0, 0.06826344941350267, 0.0, 0.0, 0.0)",325
9541,26,7,8,"(0.09369258606422372, 0.0, 0.08950620996642342, 0.057917999330502026, 0.08472235861541394, 0.0, 0.06826344941350267, 0.0, 0.0, 0.0)",2
9542,26,7,8,"(0.09369258606422372, 0.0, 0.08950620996642342, 0.09247639241939104, 0.06429489870628659, 0.0, 0.06826344941350267, 0.0, 0.0, 0.0)",3
9543,26,7,11,"(0.07701540136796217, 0.14970886995698662, 0.0, 0.0, 0.0, 0.04688669779969397, 0.0, 0.08279881135943302, 0.0, 0.01812760691895582)",6
9544,26,7,11,"(0.09033430006888621, 0.14970886995698662, 0.0, 0.0, 0.0, 0.04688669779969397, 0.0, 0.08279881135943302, 0.0, 0.016223710602649245)",1
9545,26,7,11,"(0.11642427162819424, 0.14970886995698662, 0.0, 0.0, 0.0, 0.051548873715099995, 0.0, 0.07449535309931198, 0.0, 0.01812760691895582)",16
9546,26,7,11,"(0.09033430006888621, 0.08580173707115465, 0.0, 0.0, 0.0, 0.04688669779969397, 0.0, 0.08279881135943302, 0.0, 0.01812760691895582)",1
9547,26,7,11,"(0.11642427162819424, 0.14970886995698662, 0.0, 0.0, 0.0, 0.051548873715099995, 0.0, 0.08279881135943302, 0.0, 0.01812760691895582)",129
9548,26,7,11,"(0.09033430006888621, 0.14970886995698662, 0.0, 0.0, 0.0, 0.04688669779969397, 0.0, 0.08279881135943302, 0.0, 0.024615034865214217)",3
9549,26,7,11,"(0.11642427162819424, 0.14970886995698662, 0.0, 0.0, 0.0, 0.051548873715099995, 0.0, 0.11708441063862546, 0.0, 0.01812760691895582)",1
9550,26,7,11,"(0.09033430006888621, 0.14970886995698662, 0.0, 0.0, 0.0, 0.04688669779969397, 0.0, 0.08279881135943302, 0.0, 0.01812760691895582)",314
9551,26,7,13,"(0.0, 0.0, 0.11679612853536596, 0.06920069129515957, 0.09172770611919409, 0.07489992963210028, 0.0, 0.0, 0.14899621190854193, 0.0)",189
9552,26,7,13,"(0.0, 0.0, 0.11679612853536596, 0.06920069129515957, 0.1259937355294258, 0.07489992963210028, 0.0, 0.0, 0.14899621190854193, 0.0)",1
9553,26,8,8,"(0.09369258606422372, 0.0, 0.03202721033727794, 0.08948928612243744, 0.05302222621988727, 0.0, 0.06826344941350267, 0.0, 0.0, 0.0)",17
9554,26,8,8,"(0.09369258606422372, 0.0, 0.03202721033727794, 0.08948928612243744, 0.03606825845998437, 0.0, 0.06826344941350267, 0.0, 0.0, 0.0)",2
9555,26,8,8,"(0.09369258606422372, 0.0, 0.08950620996642342, 0.09247639241939104, 0.07465200933978253, 0.0, 0.06826344941350267, 0.0, 0.0, 0.0)",330
9556,26,8,8,"(0.07250807818121442, 0.0, 0.08950620996642342, 0.09247639241939104, 0.07465200933978253, 0.0, 0.06826344941350267, 0.0, 0.0, 0.0)",8
9557,26,8,8,"(0.10418445058885693, 0.0, 0.08950620996642342, 0.09247639241939104, 0.07465200933978253, 0.0, 0.06826344941350267, 0.0, 0.0, 0.0)",1
9558,26,8,8,"(0.09369258606422372, 0.0, 0.08950620996642342, 0.09247639241939104, 0.07465200933978253, 0.0, 0.06269237353535233, 0.0, 0.0, 0.0)",1
9559,26,8,11,"(0.0523273322519505, 0.1870334494783595, 0.0, 0.0, 0.0, 0.06588932551393774, 0.0, 0.08279881135943302, 0.0, 0.0188002477657509)",1
9560,26,8,11,"(0.11642427162819424, 0.09152022351699451, 0.0, 0.0, 0.0, 0.051548873715099995, 0.0, 0.08279881135943302, 0.0, 0.01812760691895582)",1
9561,26,8,11,"(0.052000077310912385, 0.14970886995698662, 0.0, 0.0, 0.0, 0.03836893959391898, 0.0, 0.08279881135943302, 0.0, 0.019952627367172553)",10
9562,26,8,11,"(0.11642427162819424, 0.14970886995698662, 0.0, 0.0, 0.0, 0.051548873715099995, 0.0, 0.07449535309931198, 0.0, 0.01812760691895582)",6
9563,26,8,11,"(0.11642427162819424, 0.14970886995698662, 0.0, 0.0, 0.0, 0.051548873715099995, 0.0, 0.08279881135943302, 0.0, 0.01812760691895582)",152
9564,26,8,11,"(0.09033430006888621, 0.14970886995698662, 0.0, 0.0, 0.0, 0.04362952139578126, 0.0, 0.08279881135943302, 0.0, 0.01812760691895582)",1
9565,26,8,11,"(0.11642427162819424, 0.14970886995698662, 0.0, 0.0, 0.0, 0.051548873715099995, 0.0, 0.08313347297938085, 0.0, 0.01812760691895582)",1
9566,26,8,11,"(0.09033430006888621, 0.14970886995698662, 0.0, 0.0, 0.0, 0.04688669779969397, 0.0, 0.08279881135943302, 0.0, 0.01812760691895582)",223
9567,26,8,11,"(0.21491425895665806, 0.14970886995698662, 0.0, 0.0, 0.0, 0.08497594157127317, 0.0, 0.08279881135943302, 0.0, 0.014157657814078017)",1
9568,26,8,11,"(0.07859615347283143, 0.14970886995698662, 0.0, 0.0, 0.0, 0.07686645351690087, 0.0, 0.09768633746309723, 0.0, 0.01812760691895582)",1
9569,26,8,11,"(0.09033430006888621, 0.14970886995698662, 0.0, 0.0, 0.0, 0.04688669779969397, 0.0, 0.08279881135943302, 0.0, 0.019952627367172553)",9
9570,26,8,13,"(0.0, 0.0, 0.11679612853536596, 0.06920069129515957, 0.09172770611919409, 0.07489992963210028, 0.0, 0.0, 0.14899621190854193, 0.0)",169
9571,26,8,13,"(0.0, 0.0, 0.11679612853536596, 0.06920069129515957, 0.08286733167301293, 0.07489992963210028, 0.0, 0.0, 0.14899621190854193, 0.0)",1
9572,26,9,8,"(0.12355515114610893, 0.0, 0.08950620996642342, 0.09247639241939104, 0.07465200933978253, 0.0, 0.05147393075448868, 0.0, 0.0, 0.0)",1
9573,26,9,8,"(0.06880973133333969, 0.0, 0.08950620996642342, 0.057081148653772514, 0.05075326940892537, 0.0, 0.06826344941350267, 0.0, 0.0, 0.0)",1
9574,26,9,8,"(0.15383148157045562, 0.0, 0.08950620996642342, 0.09247639241939104, 0.07465200933978253, 0.0, 0.06826344941350267, 0.0, 0.0, 0.0)",1
9575,26,9,8,"(0.09369258606422372, 0.0, 0.1326730350683308, 0.15730005397016378, 0.07465200933978253, 0.0, 0.06826344941350267, 0.0, 0.0, 0.0)",9
9576,26,9,8,"(0.09369258606422372, 0.0, 0.08950620996642342, 0.09247639241939104, 0.07465200933978253, 0.0, 0.09304566811400905, 0.0, 0.0, 0.0)",1
9577,26,9,8,"(0.09369258606422372, 0.0, 0.08950620996642342, 0.09247639241939104, 0.07465200933978253, 0.0, 0.06826344941350267, 0.0, 0.0, 0.0)",290
9578,26,9,8,"(0.09369258606422372, 0.0, 0.1326730350683308, 0.15730005397016378, 0.07465200933978253, 0.0, 0.039947201105786284, 0.0, 0.0, 0.0)",1
9579,26,9,8,"(0.09369258606422372, 0.0, 0.08950620996642342, 0.03676737082877322, 0.07465200933978253, 0.0, 0.06826344941350267, 0.0, 0.0, 0.0)",2
9580,26,9,8,"(0.09369258606422372, 0.0, 0.08950620996642342, 0.09247639241939104, 0.16384245866620722, 0.0, 0.06826344941350267, 0.0, 0.0, 0.0)",1
9581,26,9,8,"(0.10788059589742477, 0.0, 0.08950620996642342, 0.09247639241939104, 0.07465200933978253, 0.0, 0.06826344941350267, 0.0, 0.0, 0.0)",4
9582,26,9,8,"(0.08177620762714893, 0.0, 0.08950620996642342, 0.09247639241939104, 0.07465200933978253, 0.0, 0.06826344941350267, 0.0, 0.0, 0.0)",2
9583,26,9,11,"(0.11642427162819424, 0.14970886995698662, 0.0, 0.0, 0.0, 0.051548873715099995, 0.0, 0.08279881135943302, 0.0, 0.02074220013923774)",2
9584,26,9,11,"(0.11642427162819424, 0.14970886995698662, 0.0, 0.0, 0.0, 0.051548873715099995, 0.0, 0.08279881135943302, 0.0, 0.01812760691895582)",18
9585,26,9,11,"(0.0826004945271495, 0.14970886995698662, 0.0, 0.0, 0.0, 0.045846210753131715, 0.0, 0.08279881135943302, 0.0, 0.01812760691895582)",1
9586,26,9,11,"(0.09033430006888621, 0.14970886995698662, 0.0, 0.0, 0.0, 0.04688669779969397, 0.0, 0.08279881135943302, 0.0, 0.01812760691895582)",331
9587,26,9,11,"(0.09033430006888621, 0.14970886995698662, 0.0, 0.0, 0.0, 0.051548873715099995, 0.0, 0.08279881135943302, 0.0, 0.01812760691895582)",129
9588,26,9,11,"(0.09033430006888621, 0.14970886995698662, 0.0, 0.0, 0.0, 0.04688669779969397, 0.0, 0.15975874650264832, 0.0, 0.01812760691895582)",1
9589,26,9,11,"(0.09033430006888621, 0.14970886995698662, 0.0, 0.0, 0.0, 0.051548873715099995, 0.0, 0.08189984089584502, 0.0, 0.01812760691895582)",2
9590,26,9,13,"(0.0, 0.0, 0.14050699442309797, 0.06920069129515957, 0.09172770611919409, 0.07489992963210028, 0.0, 0.0, 0.14899621190854193, 0.0)",3
9591,26,9,13,"(0.0, 0.0, 0.190804275865312, 0.06920069129515957, 0.09172770611919409, 0.07489992963210028, 0.0, 0.0, 0.14899621190854193, 0.0)",2
9592,26,9,13,"(0.0, 0.0, 0.11679612853536596, 0.162016511227326, 0.09172770611919409, 0.07489992963210028, 0.0, 0.0, 0.14899621190854193, 0.0)",2
9593,26,9,13,"(0.0, 0.0, 0.11679612853536596, 0.040953891327447374, 0.09172770611919409, 0.07489992963210028, 0.0, 0.0, 0.14899621190854193, 0.0)",12
9594,26,9,13,"(0.0, 0.0, 0.11679612853536596, 0.06920069129515957, 0.09172770611919409, 0.07489992963210028, 0.0, 0.0, 0.14899621190854193, 0.0)",180
9595,26,10,8,"(0.09369258606422372, 0.0, 0.08950620996642342, 0.09247639241939104, 0.07465200933978253, 0.0, 0.06826344941350267, 0.0, 0.0, 0.0)",289
9596,26,10,8,"(0.14256350299509418, 0.0, 0.08950620996642342, 0.09247639241939104, 0.05234803643072258, 0.0, 0.06826344941350267, 0.0, 0.0, 0.0)",2
9597,26,10,8,"(0.09369258606422372, 0.0, 0.11740110955045326, 0.09247639241939104, 0.07465200933978253, 0.0, 0.06826344941350267, 0.0, 0.0, 0.0)",2
9598,26,10,11,"(0.09033430006888621, 0.14970886995698662, 0.0, 0.0, 0.0, 0.04688669779969397, 0.0, 0.15793578824624746, 0.0, 0.01812760691895582)",1
9599,26,10,11,"(0.09033430006888621, 0.14970886995698662, 0.0, 0.0, 0.0, 0.051548873715099995, 0.0, 0.08279881135943302, 0.0, 0.01812760691895582)",98
9600,26,10,11,"(0.09033430006888621, 0.14970886995698662, 0.0, 0.0, 0.0, 0.04688669779969397, 0.0, 0.08279881135943302, 0.0, 0.01812760691895582)",379
9601,26,10,11,"(0.09033430006888621, 0.16152805210230095, 0.0, 0.0, 0.0, 0.04688669779969397, 0.0, 0.08279881135943302, 0.0, 0.01812760691895582)",1
9602,26,10,11,"(0.11868480574470276, 0.14970886995698662, 0.0, 0.0, 0.0, 0.051548873715099995, 0.0, 0.08279881135943302, 0.0, 0.01812760691895582)",8
9603,26,10,11,"(0.09033430006888621, 0.14970886995698662, 0.0, 0.0, 0.0, 0.04710333262547622, 0.0, 0.08279881135943302, 0.0, 0.01812760691895582)",2
9604,26,10,11,"(0.09033430006888621, 0.14970886995698662, 0.0, 0.0, 0.0, 0.051548873715099995, 0.0, 0.08187696528970952, 0.0, 0.01812760691895582)",1
9605,26,10,11,"(0.1794448953801593, 0.14970886995698662, 0.0, 0.0, 0.0, 0.04688669779969397, 0.0, 0.08279881135943302, 0.0, 0.01812760691895582)",1
9606,26,10,11,"(0.09033430006888621, 0.14970886995698662, 0.0, 0.0, 0.0, 0.04688669779969397, 0.0, 0.07511648481901899, 0.0, 0.02231929824845602)",1
9607,26,10,11,"(0.11642427162819424, 0.14970886995698662, 0.0, 0.0, 0.0, 0.051548873715099995, 0.0, 0.08279881135943302, 0.0, 0.01812760691895582)",31
9608,26,10,11,"(0.09033430006888621, 0.14970886995698662, 0.0, 0.0, 0.0, 0.06877355219134483, 0.0, 0.08279881135943302, 0.0, 0.01812760691895582)",2
9609,26,10,13,"(0.0, 0.0, 0.13492434137615006, 0.06920069129515957, 0.09172770611919409, 0.07489992963210028, 0.0, 0.0, 0.15084714743507366, 0.0)",3
9610,26,10,13,"(0.0, 0.0, 0.09357501831128545, 0.06920069129515957, 0.09172770611919409, 0.07489992963210028, 0.0, 0.0, 0.1829394547881542, 0.0)",14
9611,26,10,13,"(0.0, 0.0, 0.11679612853536596, 0.06920069129515957, 0.09172770611919409, 0.07489992963210028, 0.0, 0.0, 0.14899621190854193, 0.0)",153
9612,26,10,13,"(0.0, 0.0, 0.14710965042634983, 0.06920069129515957, 0.09172770611919409, 0.07489992963210028, 0.0, 0.0, 0.14899621190854193, 0.0)",5
9613,26,11,8,"(0.09369258606422372, 0.0, 0.22551742049070472, 0.09247639241939104, 0.07465200933978253, 0.0, 0.06826344941350267, 0.0, 0.0, 0.0)",2
9614,26,11,8,"(0.09369258606422372, 0.0, 0.08950620996642342, 0.04399701557802066, 0.07465200933978253, 0.0, 0.06826344941350267, 0.0, 0.0, 0.0)",1
9615,26,11,8,"(0.09369258606422372, 0.0, 0.08950620996642342, 0.07596431618510285, 0.07465200933978253, 0.0, 0.06826344941350267, 0.0, 0.0, 0.0)",5
9616,26,11,8,"(0.09369258606422372, 0.0, 0.05004372452647392, 0.09247639241939104, 0.07465200933978253, 0.0, 0.07818181158226019, 0.0, 0.0, 0.0)",15
9617,26,11,8,"(0.09369258606422372, 0.0, 0.13027881329986613, 0.09247639241939104, 0.07465200933978253, 0.0, 0.06826344941350267, 0.0, 0.0, 0.0)",8
9618,26,11,8,"(0.09369258606422372, 0.0, 0.08950620996642342, 0.10492410428016404, 0.07465200933978253, 0.0, 0.06826344941350267, 0.0, 0.0, 0.0)",2
9619,26,11,8,"(0.09369258606422372, 0.0, 0.08950620996642342, 0.10612506163004436, 0.07465200933978253, 0.0, 0.06826344941350267, 0.0, 0.0, 0.0)",1
9620,26,11,8,"(0.09369258606422372, 0.0, 0.08950620996642342, 0.09247639241939104, 0.07465200933978253, 0.0, 0.06826344941350267, 0.0, 0.0, 0.0)",278
9621,26,11,8,"(0.09369258606422372, 0.0, 0.11136140677205145, 0.09247639241939104, 0.07465200933978253, 0.0, 0.06826344941350267, 0.0, 0.0, 0.0)",1
9622,26,11,11,"(0.11642427162819424, 0.09534299409385714, 0.0, 0.0, 0.0, 0.051548873715099995, 0.0, 0.08279881135943302, 0.0, 0.01812760691895582)",2
9623,26,11,11,"(0.09033430006888621, 0.14970886995698662, 0.0, 0.0, 0.0, 0.051548873715099995, 0.0, 0.04857406344947493, 0.0, 0.01812760691895582)",1
9624,26,11,11,"(0.09033430006888621, 0.14970886995698662, 0.0, 0.0, 0.0, 0.04688669779969397, 0.0, 0.08279881135943302, 0.0, 0.01812760691895582)",247
9625,26,11,11,"(0.09033430006888621, 0.09131555171094488, 0.0, 0.0, 0.0, 0.051548873715099995, 0.0, 0.08279881135943302, 0.0, 0.037846263198706626)",1
9626,26,11,11,"(0.09033430006888621, 0.14970886995698662, 0.0, 0.0, 0.0, 0.051548873715099995, 0.0, 0.0790869431269037, 0.0, 0.01812760691895582)",2
9627,26,11,11,"(0.09033430006888621, 0.14970886995698662, 0.0, 0.0, 0.0, 0.054037568556696856, 0.0, 0.08279881135943302, 0.0, 0.01812760691895582)",1
9628,26,11,11,"(0.09033430006888621, 0.14970886995698662, 0.0, 0.0, 0.0, 0.04688669779969397, 0.0, 0.06305402017235635, 0.0, 0.01812760691895582)",1
9629,26,11,11,"(0.09033430006888621, 0.14970886995698662, 0.0, 0.0, 0.0, 0.051548873715099995, 0.0, 0.14837390148132348, 0.0, 0.01812760691895582)",2
9630,26,11,11,"(0.09033430006888621, 0.14970886995698662, 0.0, 0.0, 0.0, 0.051548873715099995, 0.0, 0.08279881135943302, 0.0, 0.01812760691895582)",186
9631,26,11,11,"(0.11642427162819424, 0.14970886995698662, 0.0, 0.0, 0.0, 0.051548873715099995, 0.0, 0.08279881135943302, 0.0, 0.01812760691895582)",23
9632,26,11,11,"(0.09033430006888621, 0.09640558762521483, 0.0, 0.0, 0.0, 0.051548873715099995, 0.0, 0.08279881135943302, 0.0, 0.01812760691895582)",1
9633,26,11,11,"(0.09033430006888621, 0.29993662119180764, 0.0, 0.0, 0.0, 0.04688669779969397, 0.0, 0.08279881135943302, 0.0, 0.01812760691895582)",1
9634,26,11,11,"(0.10146177241167438, 0.14970886995698662, 0.0, 0.0, 0.0, 0.051548873715099995, 0.0, 0.08279881135943302, 0.0, 0.041121716006904015)",2
9635,26,11,13,"(0.0, 0.0, 0.11679612853536596, 0.06920069129515957, 0.09172770611919409, 0.07489992963210028, 0.0, 0.0, 0.14899621190854193, 0.0)",149
9636,26,11,13,"(0.0, 0.0, 0.1295745962079835, 0.10109337356468148, 0.09172770611919409, 0.058611223314588366, 0.0, 0.0, 0.14899621190854193, 0.0)",1
9637,26,11,13,"(0.0, 0.0, 0.09357501831128545, 0.06920069129515957, 0.09172770611919409, 0.07489992963210028, 0.0, 0.0, 0.1829394547881542, 0.0)",45
9638,26,11,13,"(0.0, 0.0, 0.11679612853536596, 0.06920069129515957, 0.10736952079439976, 0.07489992963210028, 0.0, 0.0, 0.14899621190854193, 0.0)",1
9639,26,11,13,"(0.0, 0.0, 0.060952353026894224, 0.06920069129515957, 0.09172770611919409, 0.07489992963210028, 0.0, 0.0, 0.1829394547881542, 0.0)",3
9640,26,11,13,"(0.0, 0.0, 0.09357501831128545, 0.05458435705717953, 0.09172770611919409, 0.045810308976892096, 0.0, 0.0, 0.09967109772523572, 0.0)",2
9641,26,11,13,"(0.0, 0.0, 0.11679612853536596, 0.06920069129515957, 0.09172770611919409, 0.07489992963210028, 0.0, 0.0, 0.11314596067544368, 0.0)",1
9642,26,12,8,"(0.09369258606422372, 0.0, 0.08950620996642342, 0.09247639241939104, 0.09173902283359818, 0.0, 0.06826344941350267, 0.0, 0.0, 0.0)",351
9643,26,12,8,"(0.09369258606422372, 0.0, 0.08950620996642342, 0.09247639241939104, 0.09173902283359818, 0.0, 0.03338124750511329, 0.0, 0.0, 0.0)",1
9644,26,12,11,"(0.09033430006888621, 0.14970886995698662, 0.0, 0.0, 0.0, 0.022578157762427338, 0.0, 0.08279881135943302, 0.0, 0.01812760691895582)",4
9645,26,12,11,"(0.09033430006888621, 0.09572911269434282, 0.0, 0.0, 0.0, 0.04688669779969397, 0.0, 0.08279881135943302, 0.0, 0.01812760691895582)",4
9646,26,12,11,"(0.09033430006888621, 0.18392594491515218, 0.0, 0.0, 0.0, 0.055580918647329794, 0.0, 0.08279881135943302, 0.0, 0.01812760691895582)",1
9647,26,12,11,"(0.09033430006888621, 0.14970886995698662, 0.0, 0.0, 0.0, 0.033613610498577494, 0.0, 0.08279881135943302, 0.0, 0.01812760691895582)",1
9648,26,12,11,"(0.09033430006888621, 0.14970886995698662, 0.0, 0.0, 0.0, 0.04688669779969397, 0.0, 0.08279881135943302, 0.0, 0.01812760691895582)",397
9649,26,12,11,"(0.09033430006888621, 0.14970886995698662, 0.0, 0.0, 0.0, 0.04688669779969397, 0.0, 0.05232906460772942, 0.0, 0.01812760691895582)",17
9650,26,12,11,"(0.09033430006888621, 0.333224866034784, 0.0, 0.0, 0.0, 0.04688669779969397, 0.0, 0.08279881135943302, 0.0, 0.01812760691895582)",1
9651,26,12,11,"(0.09033430006888621, 0.14970886995698662, 0.0, 0.0, 0.0, 0.04961341591397493, 0.0, 0.13331007946507897, 0.0, 0.01812760691895582)",2
9652,26,12,11,"(0.09033430006888621, 0.13765790892869428, 0.0, 0.0, 0.0, 0.04688669779969397, 0.0, 0.08279881135943302, 0.0, 0.01812760691895582)",1
9653,26,12,13,"(0.0, 0.0, 0.06597376367519112, 0.06920069129515957, 0.09172770611919409, 0.07489992963210028, 0.0, 0.0, 0.14899621190854193, 0.0)",22
9654,26,12,13,"(0.0, 0.0, 0.11679612853536596, 0.06920069129515957, 0.06430455500828472, 0.07489992963210028, 0.0, 0.0, 0.14899621190854193, 0.0)",6
9655,26,12,13,"(0.0, 0.0, 0.11679612853536596, 0.06920069129515957, 0.09172770611919409, 0.07489992963210028, 0.0, 0.0, 0.14899621190854193, 0.0)",88
9656,26,12,13,"(0.0, 0.0, 0.11722132802046348, 0.06920069129515957, 0.09172770611919409, 0.07489992963210028, 0.0, 0.0, 0.14899621190854193, 0.0)",1
9657,26,12,13,"(0.0, 0.0, 0.11679612853536596, 0.06920069129515957, 0.09172770611919409, 0.07489992963210028, 0.0, 0.0, 0.20582770199947717, 0.0)",2
9658,26,12,13,"(0.0, 0.0, 0.11679612853536596, 0.05829222046799879, 0.10207512388571797, 0.05147230951525033, 0.0, 0.0, 0.14899621190854193, 0.0)",54
9659,26,12,13,"(0.0, 0.0, 0.11679612853536596, 0.0705155955273143, 0.09172770611919409, 0.07489992963210028, 0.0, 0.0, 0.14899621190854193, 0.0)",3
9660,26,12,13,"(0.0, 0.0, 0.11679612853536596, 0.06920069129515957, 0.09172770611919409, 0.07489992963210028, 0.0, 0.0, 0.25792090587245875, 0.0)",9
9661,26,13,8,"(0.09369258606422372, 0.0, 0.08950620996642342, 0.09247639241939104, 0.1364771073585335, 0.0, 0.06280860850552561, 0.0, 0.0, 0.0)",3
9662,26,13,8,"(0.09369258606422372, 0.0, 0.08950620996642342, 0.09247639241939104, 0.09173902283359818, 0.0, 0.06826344941350267, 0.0, 0.0, 0.0)",273
9663,26,13,8,"(0.09369258606422372, 0.0, 0.08950620996642342, 0.09247639241939104, 0.09173902283359818, 0.0, 0.06144678397725701, 0.0, 0.0, 0.0)",1
9664,26,13,8,"(0.09369258606422372, 0.0, 0.08950620996642342, 0.09247639241939104, 0.09173902283359818, 0.0, 0.05131886458181107, 0.0, 0.0, 0.0)",1
9665,26,13,11,"(0.09033430006888621, 0.14970886995698662, 0.0, 0.0, 0.0, 0.04713008554671454, 0.0, 0.08279881135943302, 0.0, 0.01812760691895582)",2
9666,26,13,11,"(0.08867637993698751, 0.14970886995698662, 0.0, 0.0, 0.0, 0.04688669779969397, 0.0, 0.08279881135943302, 0.0, 0.01812760691895582)",2
9667,26,13,11,"(0.09033430006888621, 0.14970886995698662, 0.0, 0.0, 0.0, 0.09034629537470189, 0.0, 0.08279881135943302, 0.0, 0.025543675753873347)",1
9668,26,13,11,"(0.09033430006888621, 0.14970886995698662, 0.0, 0.0, 0.0, 0.04688669779969397, 0.0, 0.06250023885635488, 0.0, 0.01812760691895582)",11
9669,26,13,11,"(0.09033430006888621, 0.1742326562684483, 0.0, 0.0, 0.0, 0.04688669779969397, 0.0, 0.08279881135943302, 0.0, 0.014137953619453556)",1
9670,26,13,11,"(0.09147891776310131, 0.14970886995698662, 0.0, 0.0, 0.0, 0.09800906265527308, 0.0, 0.08279881135943302, 0.0, 0.01812760691895582)",1
9671,26,13,11,"(0.09033430006888621, 0.1601082217653517, 0.0, 0.0, 0.0, 0.04688669779969397, 0.0, 0.08279881135943302, 0.0, 0.01812760691895582)",1
9672,26,13,11,"(0.09033430006888621, 0.14970886995698662, 0.0, 0.0, 0.0, 0.043578699822787226, 0.0, 0.08279881135943302, 0.0, 0.01812760691895582)",12
9673,26,13,11,"(0.09033430006888621, 0.14970886995698662, 0.0, 0.0, 0.0, 0.0411460826216572, 0.0, 0.08279881135943302, 0.0, 0.01812760691895582)",19
9674,26,13,11,"(0.09033430006888621, 0.14970886995698662, 0.0, 0.0, 0.0, 0.04688669779969397, 0.0, 0.0940286317137467, 0.0, 0.01812760691895582)",3
9675,26,13,11,"(0.09033430006888621, 0.14970886995698662, 0.0, 0.0, 0.0, 0.04688669779969397, 0.0, 0.05970081524904889, 0.0, 0.01812760691895582)",1
9676,26,13,11,"(0.09033430006888621, 0.14970886995698662, 0.0, 0.0, 0.0, 0.07333711689852015, 0.0, 0.08279881135943302, 0.0, 0.01812760691895582)",3
9677,26,13,11,"(0.052122324922537516, 0.14970886995698662, 0.0, 0.0, 0.0, 0.04688669779969397, 0.0, 0.08279881135943302, 0.0, 0.01812760691895582)",19
9678,26,13,11,"(0.09033430006888621, 0.14970886995698662, 0.0, 0.0, 0.0, 0.04688669779969397, 0.0, 0.08279881135943302, 0.0, 0.01812760691895582)",490
9679,26,13,11,"(0.2518656549242231, 0.14970886995698662, 0.0, 0.0, 0.0, 0.0411460826216572, 0.0, 0.06673998160497496, 0.0, 0.01843284231478796)",1
9680,26,13,13,"(0.0, 0.0, 0.11679612853536596, 0.06920069129515957, 0.09172770611919409, 0.07489992963210028, 0.0, 0.0, 0.14899621190854193, 0.0)",182
9681,26,13,13,"(0.0, 0.0, 0.11679612853536596, 0.06920069129515957, 0.09172770611919409, 0.08197869951247463, 0.0, 0.0, 0.14899621190854193, 0.0)",1
9682,26,13,13,"(0.0, 0.0, 0.11679612853536596, 0.04338674757969251, 0.09172770611919409, 0.07489992963210028, 0.0, 0.0, 0.14899621190854193, 0.0)",1
9683,26,13,13,"(0.0, 0.0, 0.11679612853536596, 0.06920069129515957, 0.09172770611919409, 0.07489992963210028, 0.0, 0.0, 0.2556628835702934, 0.0)",1
9684,26,13,13,"(0.0, 0.0, 0.11679612853536596, 0.06920069129515957, 0.09172770611919409, 0.07489992963210028, 0.0, 0.0, 0.23953544553329503, 0.0)",1
9685,26,14,8,"(0.09369258606422372, 0.0, 0.04187791854158452, 0.09247639241939104, 0.09173902283359818, 0.0, 0.06826344941350267, 0.0, 0.0, 0.0)",3
9686,26,14,8,"(0.09369258606422372, 0.0, 0.0773677651397805, 0.09247639241939104, 0.09173902283359818, 0.0, 0.06826344941350267, 0.0, 0.0, 0.0)",1
9687,26,14,8,"(0.09369258606422372, 0.0, 0.08950620996642342, 0.09247639241939104, 0.09173902283359818, 0.0, 0.06826344941350267, 0.0, 0.0, 0.0)",357
9688,26,14,11,"(0.09033430006888621, 0.14970886995698662, 0.0, 0.0, 0.0, 0.08258988196333669, 0.0, 0.08279881135943302, 0.0, 0.01812760691895582)",1
9689,26,14,11,"(0.05831529385299297, 0.14970886995698662, 0.0, 0.0, 0.0, 0.04688669779969397, 0.0, 0.08279881135943302, 0.0, 0.04767611330209275)",9
9690,26,14,11,"(0.09033430006888621, 0.14970886995698662, 0.0, 0.0, 0.0, 0.04688669779969397, 0.0, 0.08279881135943302, 0.0, 0.013878638174098472)",3
9691,26,14,11,"(0.09033430006888621, 0.07392313014895241, 0.0, 0.0, 0.0, 0.04688669779969397, 0.0, 0.08279881135943302, 0.0, 0.01812760691895582)",1
9692,26,14,11,"(0.09033430006888621, 0.14970886995698662, 0.0, 0.0, 0.0, 0.03480482819066807, 0.0, 0.08279881135943302, 0.0, 0.01812760691895582)",7
9693,26,14,11,"(0.09033430006888621, 0.14970886995698662, 0.0, 0.0, 0.0, 0.04688669779969397, 0.0, 0.05232906460772942, 0.0, 0.01812760691895582)",5
9694,26,14,11,"(0.09033430006888621, 0.14970886995698662, 0.0, 0.0, 0.0, 0.04688669779969397, 0.0, 0.08279881135943302, 0.0, 0.01812760691895582)",321
9695,26,14,11,"(0.09033430006888621, 0.23345452351635138, 0.0, 0.0, 0.0, 0.043578699822787226, 0.0, 0.08279881135943302, 0.0, 0.01812760691895582)",1
9696,26,14,11,"(0.09033430006888621, 0.14970886995698662, 0.0, 0.0, 0.0, 0.043578699822787226, 0.0, 0.08279881135943302, 0.0, 0.01812760691895582)",23
9697,26,14,13,"(0.0, 0.0, 0.11679612853536596, 0.06920069129515957, 0.09172770611919409, 0.07489992963210028, 0.0, 0.0, 0.23836721325365176, 0.0)",1
9698,26,14,13,"(0.0, 0.0, 0.11679612853536596, 0.06920069129515957, 0.09172770611919409, 0.07489992963210028, 0.0, 0.0, 0.14899621190854193, 0.0)",137
9699,26,14,13,"(0.0, 0.0, 0.06597376367519112, 0.06920069129515957, 0.09172770611919409, 0.07489992963210028, 0.0, 0.0, 0.14899621190854193, 0.0)",65
9700,26,14,13,"(0.0, 0.0, 0.11679612853536596, 0.047195937446894, 0.09172770611919409, 0.07489992963210028, 0.0, 0.0, 0.14899621190854193, 0.0)",2
9701,26,15,8,"(0.09369258606422372, 0.0, 0.08950620996642342, 0.09247639241939104, 0.09173902283359818, 0.0, 0.06826344941350267, 0.0, 0.0, 0.0)",324
9702,26,15,8,"(0.09369258606422372, 0.0, 0.08950620996642342, 0.09247639241939104, 0.09173902283359818, 0.0, 0.08573715917371096, 0.0, 0.0, 0.0)",1
9703,26,15,8,"(0.09369258606422372, 0.0, 0.08950620996642342, 0.0576837443637543, 0.09173902283359818, 0.0, 0.06826344941350267, 0.0, 0.0, 0.0)",1
9704,26,15,8,"(0.0955187763670538, 0.0, 0.08950620996642342, 0.09247639241939104, 0.09173902283359818, 0.0, 0.06826344941350267, 0.0, 0.0, 0.0)",1
9705,26,15,8,"(0.09369258606422372, 0.0, 0.08950620996642342, 0.09247639241939104, 0.11780015592057377, 0.0, 0.08936245389381961, 0.0, 0.0, 0.0)",1
9706,26,15,11,"(0.09033430006888621, 0.14970886995698662, 0.0, 0.0, 0.0, 0.04688669779969397, 0.0, 0.08279881135943302, 0.0, 0.0146713856801846)",4
9707,26,15,11,"(0.09033430006888621, 0.14970886995698662, 0.0, 0.0, 0.0, 0.04688669779969397, 0.0, 0.09523546217639671, 0.0, 0.01812760691895582)",56
9708,26,15,11,"(0.09033430006888621, 0.14970886995698662, 0.0, 0.0, 0.0, 0.043578699822787226, 0.0, 0.11068755286719632, 0.0, 0.01812760691895582)",4
9709,26,15,11,"(0.09033430006888621, 0.14970886995698662, 0.0, 0.0, 0.0, 0.04139152322815361, 0.0, 0.08279881135943302, 0.0, 0.01812760691895582)",1
9710,26,15,11,"(0.09033430006888621, 0.14970886995698662, 0.0, 0.0, 0.0, 0.029792514124883523, 0.0, 0.08279881135943302, 0.0, 0.01812760691895582)",5
9711,26,15,11,"(0.09033430006888621, 0.11085874844444915, 0.0, 0.0, 0.0, 0.04688669779969397, 0.0, 0.08279881135943302, 0.0, 0.01812760691895582)",26
9712,26,15,11,"(0.09033430006888621, 0.14970886995698662, 0.0, 0.0, 0.0, 0.04688669779969397, 0.0, 0.08279881135943302, 0.0, 0.01812760691895582)",236
9713,26,15,11,"(0.09033430006888621, 0.078991717253357, 0.0, 0.0, 0.0, 0.04688669779969397, 0.0, 0.08279881135943302, 0.0, 0.01812760691895582)",3
9714,26,15,11,"(0.09033430006888621, 0.14970886995698662, 0.0, 0.0, 0.0, 0.043578699822787226, 0.0, 0.08279881135943302, 0.0, 0.01812760691895582)",105
9715,26,15,11,"(0.09033430006888621, 0.10337797670791786, 0.0, 0.0, 0.0, 0.043354625718553114, 0.0, 0.08279881135943302, 0.0, 0.01812760691895582)",2
9716,26,15,13,"(0.0, 0.0, 0.11679612853536596, 0.06920069129515957, 0.09172770611919409, 0.07489992963210028, 0.0, 0.0, 0.14907851744469558, 0.0)",2
9717,26,15,13,"(0.0, 0.0, 0.11679612853536596, 0.06920069129515957, 0.1616147313843111, 0.07489992963210028, 0.0, 0.0, 0.14899621190854193, 0.0)",2
9718,26,15,13,"(0.0, 0.0, 0.11679612853536596, 0.06378884222983504, 0.09172770611919409, 0.07489992963210028, 0.0, 0.0, 0.14899621190854193, 0.0)",2
9719,26,15,13,"(0.0, 0.0, 0.11679612853536596, 0.06920069129515957, 0.09172770611919409, 0.07489992963210028, 0.0, 0.0, 0.14899621190854193, 0.0)",175
9720,26,16,8,"(0.09369258606422372, 0.0, 0.06472037009186249, 0.09247639241939104, 0.09173902283359818, 0.0, 0.06826344941350267, 0.0, 0.0, 0.0)",35
9721,26,16,8,"(0.06912556452776045, 0.0, 0.08950620996642342, 0.09247639241939104, 0.09173902283359818, 0.0, 0.06826344941350267, 0.0, 0.0, 0.0)",12
9722,26,16,8,"(0.08647745093641869, 0.0, 0.08837379294509422, 0.058379683667949385, 0.09173902283359818, 0.0, 0.0793422055627487, 0.0, 0.0, 0.0)",32
9723,26,16,8,"(0.05423810389719662, 0.0, 0.1472629468160067, 0.058379683667949385, 0.09173902283359818, 0.0, 0.0793422055627487, 0.0, 0.0, 0.0)",1
9724,26,16,8,"(0.09369258606422372, 0.0, 0.08950620996642342, 0.09247639241939104, 0.09173902283359818, 0.0, 0.06826344941350267, 0.0, 0.0, 0.0)",206
9725,26,16,11,"(0.09033430006888621, 0.13351190808706911, 0.0, 0.0, 0.0, 0.04688669779969397, 0.0, 0.09523546217639671, 0.0, 0.01812760691895582)",8
9726,26,16,11,"(0.09033430006888621, 0.13351190808706911, 0.0, 0.0, 0.0, 0.04688669779969397, 0.0, 0.045175658904322825, 0.0, 0.01812760691895582)",4
9727,26,16,11,"(0.09033430006888621, 0.14970886995698662, 0.0, 0.0, 0.0, 0.04688669779969397, 0.0, 0.222956264010903, 0.0, 0.0146713856801846)",1
9728,26,16,11,"(0.09033430006888621, 0.14970886995698662, 0.0, 0.0, 0.0, 0.04688669779969397, 0.0, 0.050398642021241974, 0.0, 0.01812760691895582)",1
9729,26,16,11,"(0.08256809918369944, 0.14970886995698662, 0.0, 0.0, 0.0, 0.04688669779969397, 0.0, 0.08279881135943302, 0.0, 0.01812760691895582)",1
9730,26,16,11,"(0.09033430006888621, 0.14970886995698662, 0.0, 0.0, 0.0, 0.04688669779969397, 0.0, 0.08279881135943302, 0.0, 0.01812760691895582)",414
9731,26,16,11,"(0.09033430006888621, 0.10053945631008084, 0.0, 0.0, 0.0, 0.04688669779969397, 0.0, 0.08279881135943302, 0.0, 0.02112653697524633)",1
9732,26,16,11,"(0.09033430006888621, 0.14970886995698662, 0.0, 0.0, 0.0, 0.04688669779969397, 0.0, 0.10711683361577971, 0.0, 0.01812760691895582)",2
9733,26,16,11,"(0.09033430006888621, 0.14970886995698662, 0.0, 0.0, 0.0, 0.043578699822787226, 0.0, 0.08279881135943302, 0.0, 0.01812760691895582)",14
9734,26,16,11,"(0.09033430006888621, 0.11441688509452774, 0.0, 0.0, 0.0, 0.043578699822787226, 0.0, 0.08279881135943302, 0.0, 0.01812760691895582)",2
9735,26,16,11,"(0.09033430006888621, 0.14970886995698662, 0.0, 0.0, 0.0, 0.04688669779969397, 0.0, 0.09287631354917229, 0.0, 0.01812760691895582)",3
9736,26,16,11,"(0.09033430006888621, 0.14970886995698662, 0.0, 0.0, 0.0, 0.07759305346376151, 0.0, 0.08279881135943302, 0.0, 0.01812760691895582)",5
9737,26,16,11,"(0.09033430006888621, 0.14970886995698662, 0.0, 0.0, 0.0, 0.04688669779969397, 0.0, 0.08279881135943302, 0.0, 0.0146713856801846)",27
9738,26,16,11,"(0.09033430006888621, 0.14970886995698662, 0.0, 0.0, 0.0, 0.04688669779969397, 0.0, 0.09523546217639671, 0.0, 0.01812760691895582)",10
9739,26,16,13,"(0.0, 0.0, 0.11679612853536596, 0.06920069129515957, 0.09172770611919409, 0.07489992963210028, 0.0, 0.0, 0.11572907351378546, 0.0)",2
9740,26,16,13,"(0.0, 0.0, 0.11679612853536596, 0.06920069129515957, 0.06162505213507772, 0.07489992963210028, 0.0, 0.0, 0.0645733644758953, 0.0)",2
9741,26,16,13,"(0.0, 0.0, 0.11679612853536596, 0.06920069129515957, 0.0678894020031602, 0.07489992963210028, 0.0, 0.0, 0.14899621190854193, 0.0)",3
9742,26,16,13,"(0.0, 0.0, 0.11679612853536596, 0.06920069129515957, 0.09172770611919409, 0.09577569414498154, 0.0, 0.0, 0.14899621190854193, 0.0)",2
9743,26,16,13,"(0.0, 0.0, 0.11679612853536596, 0.06920069129515957, 0.09172770611919409, 0.07489992963210028, 0.0, 0.0, 0.14899621190854193, 0.0)",178
9744,26,16,13,"(0.0, 0.0, 0.11679612853536596, 0.073369994477493, 0.0790164063249058, 0.07489992963210028, 0.0, 0.0, 0.12986637959789132, 0.0)",1
9745,26,17,8,"(0.09369258606422372, 0.0, 0.08950620996642342, 0.09247639241939104, 0.09173902283359818, 0.0, 0.06826344941350267, 0.0, 0.0, 0.0)",345
9746,26,17,8,"(0.13902960440906934, 0.0, 0.08950620996642342, 0.09247639241939104, 0.09173902283359818, 0.0, 0.06826344941350267, 0.0, 0.0, 0.0)",1
9747,26,17,8,"(0.09369258606422372, 0.0, 0.08950620996642342, 0.09247639241939104, 0.09173902283359818, 0.0, 0.04529220924052614, 0.0, 0.0, 0.0)",14
9748,26,17,8,"(0.06664232557321888, 0.0, 0.08950620996642342, 0.17452562643337952, 0.09173902283359818, 0.0, 0.06826344941350267, 0.0, 0.0, 0.0)",1
9749,26,17,8,"(0.25761995905298396, 0.0, 0.08950620996642342, 0.09247639241939104, 0.09173902283359818, 0.0, 0.06826344941350267, 0.0, 0.0, 0.0)",2
9750,26,17,8,"(0.09369258606422372, 0.0, 0.08950620996642342, 0.09247639241939104, 0.09173902283359818, 0.0, 0.1739011887795298, 0.0, 0.0, 0.0)",1
9751,26,17,8,"(0.09369258606422372, 0.0, 0.08950620996642342, 0.09247639241939104, 0.09173902283359818, 0.0, 0.05029371827714044, 0.0, 0.0, 0.0)",1
9752,26,17,11,"(0.09033430006888621, 0.14970886995698662, 0.0, 0.0, 0.0, 0.04688669779969397, 0.0, 0.05129552728530062, 0.0, 0.021299834862690967)",1
9753,26,17,11,"(0.09033430006888621, 0.14970886995698662, 0.0, 0.0, 0.0, 0.04688669779969397, 0.0, 0.09523546217639671, 0.0, 0.01812760691895582)",8
9754,26,17,11,"(0.09033430006888621, 0.14970886995698662, 0.0, 0.0, 0.0, 0.04688669779969397, 0.0, 0.1393909420899139, 0.0, 0.01812760691895582)",1
9755,26,17,11,"(0.09033430006888621, 0.14970886995698662, 0.0, 0.0, 0.0, 0.043578699822787226, 0.0, 0.08279881135943302, 0.0, 0.01812760691895582)",59
9756,26,17,11,"(0.09033430006888621, 0.14970886995698662, 0.0, 0.0, 0.0, 0.04688669779969397, 0.0, 0.10711683361577971, 0.0, 0.01812760691895582)",12
9757,26,17,11,"(0.09033430006888621, 0.14970886995698662, 0.0, 0.0, 0.0, 0.04688669779969397, 0.0, 0.12229536536306852, 0.0, 0.01812760691895582)",3
9758,26,17,11,"(0.09033430006888621, 0.14970886995698662, 0.0, 0.0, 0.0, 0.0779769317110625, 0.0, 0.08279881135943302, 0.0, 0.01812760691895582)",1
9759,26,17,11,"(0.09033430006888621, 0.14970886995698662, 0.0, 0.0, 0.0, 0.04688669779969397, 0.0, 0.09149877793793663, 0.0, 0.01812760691895582)",1
9760,26,17,11,"(0.09033430006888621, 0.14970886995698662, 0.0, 0.0, 0.0, 0.04688669779969397, 0.0, 0.08279881135943302, 0.0, 0.0146713856801846)",36
9761,26,17,11,"(0.09033430006888621, 0.14970886995698662, 0.0, 0.0, 0.0, 0.04688669779969397, 0.0, 0.08279881135943302, 0.0, 0.01812760691895582)",246
9762,26,17,13,"(0.0, 0.0, 0.11679612853536596, 0.06920069129515957, 0.09172770611919409, 0.07489992963210028, 0.0, 0.0, 0.14899621190854193, 0.0)",185
9763,26,17,13,"(0.0, 0.0, 0.11679612853536596, 0.07887173716984243, 0.09172770611919409, 0.07489992963210028, 0.0, 0.0, 0.14899621190854193, 0.0)",1
9764,26,18,8,"(0.14312331744083642, 0.0, 0.13450753132487536, 0.061852050454551735, 0.07465200933978253, 0.0, 0.08732770459181892, 0.0, 0.0, 0.0)",15
9765,26,18,8,"(0.08699565864796459, 0.0, 0.08562197441222368, 0.09247639241939104, 0.07465200933978253, 0.0, 0.06826344941350267, 0.0, 0.0, 0.0)",7
9766,26,18,8,"(0.09369258606422372, 0.0, 0.08950620996642342, 0.09247639241939104, 0.07465200933978253, 0.0, 0.06826344941350267, 0.0, 0.0, 0.0)",238
9767,26,18,8,"(0.09369258606422372, 0.0, 0.08950620996642342, 0.08933871484473395, 0.09173902283359818, 0.0, 0.06826344941350267, 0.0, 0.0, 0.0)",47
9768,26,18,11,"(0.09033430006888621, 0.19470011795467101, 0.0, 0.0, 0.0, 0.04688669779969397, 0.0, 0.08279881135943302, 0.0, 0.01812760691895582)",1
9769,26,18,11,"(0.09033430006888621, 0.14970886995698662, 0.0, 0.0, 0.0, 0.04734818589408305, 0.0, 0.06379975491505745, 0.0, 0.02792693767638439)",5
9770,26,18,11,"(0.09033430006888621, 0.14970886995698662, 0.0, 0.0, 0.0, 0.04688669779969397, 0.0, 0.08279881135943302, 0.0, 0.01812760691895582)",383
9771,26,18,11,"(0.09033430006888621, 0.09130211513148406, 0.0, 0.0, 0.0, 0.04688669779969397, 0.0, 0.08279881135943302, 0.0, 0.025471428363846582)",1
9772,26,18,11,"(0.09033430006888621, 0.14970886995698662, 0.0, 0.0, 0.0, 0.057031673717824416, 0.0, 0.08279881135943302, 0.0, 0.01812760691895582)",1
9773,26,18,11,"(0.09033430006888621, 0.14970886995698662, 0.0, 0.0, 0.0, 0.04688669779969397, 0.0, 0.08279881135943302, 0.0, 0.01536413706318635)",54
9774,26,18,11,"(0.09033430006888621, 0.05223607954763078, 0.0, 0.0, 0.0, 0.04688669779969397, 0.0, 0.08279881135943302, 0.0, 0.01812760691895582)",2
9775,26,18,11,"(0.09033430006888621, 0.14970886995698662, 0.0, 0.0, 0.0, 0.04688669779969397, 0.0, 0.08279881135943302, 0.0, 0.013911647676429006)",23
9776,26,18,11,"(0.11569536118185336, 0.14970886995698662, 0.0, 0.0, 0.0, 0.04688669779969397, 0.0, 0.08279881135943302, 0.0, 0.01812760691895582)",1
9777,26,18,11,"(0.09033430006888621, 0.14970886995698662, 0.0, 0.0, 0.0, 0.04688669779969397, 0.0, 0.08279881135943302, 0.0, 0.021756793974906954)",2
9778,26,18,11,"(0.09033430006888621, 0.26079406108358233, 0.0, 0.0, 0.0, 0.07634291451360663, 0.0, 0.08279881135943302, 0.0, 0.01812760691895582)",1
9779,26,18,13,"(0.0, 0.0, 0.07499613860014788, 0.06920069129515957, 0.09172770611919409, 0.07489992963210028, 0.0, 0.0, 0.14899621190854193, 0.0)",1
9780,26,18,13,"(0.0, 0.0, 0.11679612853536596, 0.06920069129515957, 0.09172770611919409, 0.07489992963210028, 0.0, 0.0, 0.14899621190854193, 0.0)",184
9781,26,19,8,"(0.09369258606422372, 0.0, 0.08950620996642342, 0.07014220721702095, 0.07465200933978253, 0.0, 0.08732770459181892, 0.0, 0.0, 0.0)",103
9782,26,19,8,"(0.09369258606422372, 0.0, 0.08950620996642342, 0.05650853951076946, 0.07465200933978253, 0.0, 0.06826344941350267, 0.0, 0.0, 0.0)",1
9783,26,19,8,"(0.11613643892488719, 0.0, 0.08950620996642342, 0.09247639241939104, 0.07465200933978253, 0.0, 0.06652343826034215, 0.0, 0.0, 0.0)",1
9784,26,19,8,"(0.09369258606422372, 0.0, 0.08950620996642342, 0.09247639241939104, 0.07465200933978253, 0.0, 0.06826344941350267, 0.0, 0.0, 0.0)",143
9785,26,19,8,"(0.09369258606422372, 0.0, 0.08950620996642342, 0.08933871484473395, 0.09173902283359818, 0.0, 0.06826344941350267, 0.0, 0.0, 0.0)",64
9786,26,19,8,"(0.05216826951849567, 0.0, 0.08950620996642342, 0.09247639241939104, 0.07465200933978253, 0.0, 0.06826344941350267, 0.0, 0.0, 0.0)",1
9787,26,19,8,"(0.09369258606422372, 0.0, 0.08950620996642342, 0.06592552451860044, 0.07465200933978253, 0.0, 0.06826344941350267, 0.0, 0.0, 0.0)",1
9788,26,19,8,"(0.09369258606422372, 0.0, 0.08950620996642342, 0.07014220721702095, 0.04327614867797555, 0.0, 0.08732770459181892, 0.0, 0.0, 0.0)",1
9789,26,19,11,"(0.09033430006888621, 0.14970886995698662, 0.0, 0.0, 0.0, 0.04688669779969397, 0.0, 0.08853444289967315, 0.0, 0.01812760691895582)",3
9790,26,19,11,"(0.09033430006888621, 0.14970886995698662, 0.0, 0.0, 0.0, 0.041100126317898035, 0.0, 0.08279881135943302, 0.0, 0.0389531185262502)",1
9791,26,19,11,"(0.09033430006888621, 0.14970886995698662, 0.0, 0.0, 0.0, 0.04688669779969397, 0.0, 0.08279881135943302, 0.0, 0.013911647676429006)",33
9792,26,19,11,"(0.08081266543117933, 0.14970886995698662, 0.0, 0.0, 0.0, 0.04688669779969397, 0.0, 0.08246335737852381, 0.0, 0.01812760691895582)",3
9793,26,19,11,"(0.09033430006888621, 0.116032857574018, 0.0, 0.0, 0.0, 0.04688669779969397, 0.0, 0.08279881135943302, 0.0, 0.01812760691895582)",8
9794,26,19,11,"(0.09033430006888621, 0.14970886995698662, 0.0, 0.0, 0.0, 0.03102403246706064, 0.0, 0.08279881135943302, 0.0, 0.01812760691895582)",2
9795,26,19,11,"(0.09033430006888621, 0.14970886995698662, 0.0, 0.0, 0.0, 0.04785644291622311, 0.0, 0.08279881135943302, 0.0, 0.01812760691895582)",1
9796,26,19,11,"(0.09033430006888621, 0.14970886995698662, 0.0, 0.0, 0.0, 0.041692282037888766, 0.0, 0.08279881135943302, 0.0, 0.01812760691895582)",1
9797,26,19,11,"(0.09033430006888621, 0.14970886995698662, 0.0, 0.0, 0.0, 0.04662154101156803, 0.0, 0.08279881135943302, 0.0, 0.01812760691895582)",30
9798,26,19,11,"(0.10429359889193839, 0.14970886995698662, 0.0, 0.0, 0.0, 0.04688669779969397, 0.0, 0.08279881135943302, 0.0, 0.01992585569403783)",1
9799,26,19,11,"(0.09033430006888621, 0.14970886995698662, 0.0, 0.0, 0.0, 0.04688669779969397, 0.0, 0.08279881135943302, 0.0, 0.01812760691895582)",405
9800,26,19,11,"(0.09033430006888621, 0.45638004066523036, 0.0, 0.0, 0.0, 0.04688669779969397, 0.0, 0.08279881135943302, 0.0, 0.01812760691895582)",3
9801,26,19,11,"(0.09033430006888621, 0.14970886995698662, 0.0, 0.0, 0.0, 0.04688669779969397, 0.0, 0.09863502654381191, 0.0, 0.01812760691895582)",1
9802,26,19,13,"(0.0, 0.0, 0.11679612853536596, 0.06920069129515957, 0.09172770611919409, 0.07489992963210028, 0.0, 0.0, 0.14899621190854193, 0.0)",169
9803,26,19,13,"(0.0, 0.0, 0.11679612853536596, 0.06920069129515957, 0.09172770611919409, 0.07489992963210028, 0.0, 0.0, 0.32108519687170356, 0.0)",1
9804,26,20,8,"(0.07310316693639139, 0.0, 0.06802258501359468, 0.07014220721702095, 0.0464396199800121, 0.0, 0.08732770459181892, 0.0, 0.0, 0.0)",1
9805,26,20,8,"(0.09369258606422372, 0.0, 0.08950620996642342, 0.07014220721702095, 0.07465200933978253, 0.0, 0.08732770459181892, 0.0, 0.0, 0.0)",153
9806,26,20,8,"(0.09529701824661803, 0.0, 0.08950620996642342, 0.08933871484473395, 0.09173902283359818, 0.0, 0.06826344941350267, 0.0, 0.0, 0.0)",5
9807,26,20,8,"(0.09369258606422372, 0.0, 0.08950620996642342, 0.1371575817785875, 0.07465200933978253, 0.0, 0.06826344941350267, 0.0, 0.0, 0.0)",3
9808,26,20,8,"(0.09369258606422372, 0.0, 0.08950620996642342, 0.08933871484473395, 0.09173902283359818, 0.0, 0.06826344941350267, 0.0, 0.0, 0.0)",8
9809,26,20,8,"(0.09369258606422372, 0.0, 0.08950620996642342, 0.09247639241939104, 0.07465200933978253, 0.0, 0.06826344941350267, 0.0, 0.0, 0.0)",144
9810,26,20,11,"(0.09033430006888621, 0.14970886995698662, 0.0, 0.0, 0.0, 0.04688669779969397, 0.0, 0.08279881135943302, 0.0, 0.013911647676429006)",161
9811,26,20,11,"(0.09033430006888621, 0.14970886995698662, 0.0, 0.0, 0.0, 0.04688669779969397, 0.0, 0.05998471228218674, 0.0, 0.011333439870781834)",1
9812,26,20,11,"(0.09033430006888621, 0.14970886995698662, 0.0, 0.0, 0.0, 0.04688669779969397, 0.0, 0.08279881135943302, 0.0, 0.01812760691895582)",338
9813,26,20,11,"(0.09033430006888621, 0.14970886995698662, 0.0, 0.0, 0.0, 0.04688669779969397, 0.0, 0.08279881135943302, 0.0, 0.018950837233706826)",12
9814,26,20,11,"(0.09033430006888621, 0.14970886995698662, 0.0, 0.0, 0.0, 0.1351337958413046, 0.0, 0.08279881135943302, 0.0, 0.01812760691895582)",2
9815,26,20,13,"(0.0, 0.0, 0.11679612853536596, 0.06920069129515957, 0.09090573327256184, 0.07965665239346735, 0.0, 0.0, 0.14899621190854193, 0.0)",2
9816,26,20,13,"(0.0, 0.0, 0.1523311011793495, 0.06920069129515957, 0.09172770611919409, 0.09293305675105358, 0.0, 0.0, 0.1756788954673109, 0.0)",1
9817,26,20,13,"(0.0, 0.0, 0.11679612853536596, 0.06920069129515957, 0.09172770611919409, 0.07489992963210028, 0.0, 0.0, 0.14899621190854193, 0.0)",175
9818,26,20,13,"(0.0, 0.0, 0.11679612853536596, 0.05838188988306347, 0.09172770611919409, 0.07489992963210028, 0.0, 0.0, 0.14899621190854193, 0.0)",1
9819,27,0,8,"(0.09369258606422372, 0.0, 0.08950620996642342, 0.09247639241939104, 0.07465200933978253, 0.0, 0.04413760967822308, 0.0, 0.0, 0.0)",2
9820,27,0,8,"(0.09369258606422372, 0.0, 0.08950620996642342, 0.09247639241939104, 0.06429489870628659, 0.0, 0.06826344941350267, 0.0, 0.0, 0.0)",1
9821,27,0,8,"(0.09369258606422372, 0.0, 0.08950620996642342, 0.09247639241939104, 0.028834371468724408, 0.0, 0.06826344941350267, 0.0, 0.0, 0.0)",5
9822,27,0,8,"(0.12627136370617886, 0.0, 0.08950620996642342, 0.09247639241939104, 0.07465200933978253, 0.0, 0.06826344941350267, 0.0, 0.0, 0.0)",1
9823,27,0,8,"(0.09369258606422372, 0.0, 0.08950620996642342, 0.09247639241939104, 0.07465200933978253, 0.0, 0.06826344941350267, 0.0, 0.0, 0.0)",344
9824,27,0,11,"(0.09033430006888621, 0.14970886995698662, 0.0, 0.0, 0.0, 0.04688669779969397, 0.0, 0.109597149703695, 0.0, 0.01812760691895582)",5
9825,27,0,11,"(0.09033430006888621, 0.14970886995698662, 0.0, 0.0, 0.0, 0.04688669779969397, 0.0, 0.08279881135943302, 0.0, 0.01812760691895582)",266
9826,27,0,11,"(0.09033430006888621, 0.14970886995698662, 0.0, 0.0, 0.0, 0.04688669779969397, 0.0, 0.08279881135943302, 0.0, 0.024615034865214217)",10
9827,27,0,11,"(0.09033430006888621, 0.14970886995698662, 0.0, 0.0, 0.0, 0.04688669779969397, 0.0, 0.08279881135943302, 0.0, 0.01980020943374944)",2
9828,27,0,11,"(0.09033430006888621, 0.14970886995698662, 0.0, 0.0, 0.0, 0.04688669779969397, 0.0, 0.08279881135943302, 0.0, 0.025692400680075056)",1
9829,27,0,11,"(0.08335403881911599, 0.14970886995698662, 0.0, 0.0, 0.0, 0.04688669779969397, 0.0, 0.08279881135943302, 0.0, 0.019739368368283657)",10
9830,27,0,11,"(0.11642427162819424, 0.14970886995698662, 0.0, 0.0, 0.0, 0.051548873715099995, 0.0, 0.08279881135943302, 0.0, 0.01812760691895582)",72
9831,27,0,11,"(0.11642427162819424, 0.14970886995698662, 0.0, 0.0, 0.0, 0.051548873715099995, 0.0, 0.07449535309931198, 0.0, 0.01812760691895582)",28
9832,27,0,11,"(0.10399704666296954, 0.2732212649389933, 0.0, 0.0, 0.0, 0.04688669779969397, 0.0, 0.04125293550860648, 0.0, 0.013596930027990253)",2
9833,27,0,13,"(0.0, 0.0, 0.11679612853536596, 0.06920069129515957, 0.09172770611919409, 0.07489992963210028, 0.0, 0.0, 0.14899621190854193, 0.0)",136
9834,27,0,13,"(0.0, 0.0, 0.11679612853536596, 0.03920368024658912, 0.09172770611919409, 0.07489992963210028, 0.0, 0.0, 0.14899621190854193, 0.0)",4
9835,27,0,13,"(0.0, 0.0, 0.11679612853536596, 0.06920069129515957, 0.09172770611919409, 0.07489992963210028, 0.0, 0.0, 0.13558052592259176, 0.0)",3
9836,27,0,13,"(0.0, 0.0, 0.11679612853536596, 0.06920069129515957, 0.09172770611919409, 0.07093617371173062, 0.0, 0.0, 0.14899621190854193, 0.0)",5
9837,27,0,13,"(0.0, 0.0, 0.11679612853536596, 0.07946121962854748, 0.09172770611919409, 0.05887848642268939, 0.0, 0.0, 0.14899621190854193, 0.0)",2
9838,27,0,13,"(0.0, 0.0, 0.11679612853536596, 0.06920069129515957, 0.09172770611919409, 0.10401319334695841, 0.0, 0.0, 0.14899621190854193, 0.0)",6
9839,27,0,13,"(0.0, 0.0, 0.06754493546821339, 0.06920069129515957, 0.09172770611919409, 0.07489992963210028, 0.0, 0.0, 0.14899621190854193, 0.0)",1
9840,27,0,13,"(0.0, 0.0, 0.11679612853536596, 0.06920069129515957, 0.08767581375195238, 0.07489992963210028, 0.0, 0.0, 0.14899621190854193, 0.0)",5
9841,27,1,8,"(0.09369258606422372, 0.0, 0.14509455129859453, 0.09247639241939104, 0.07465200933978253, 0.0, 0.06826344941350267, 0.0, 0.0, 0.0)",14
9842,27,1,8,"(0.09369258606422372, 0.0, 0.08950620996642342, 0.09247639241939104, 0.07465200933978253, 0.0, 0.06826344941350267, 0.0, 0.0, 0.0)",270
9843,27,1,8,"(0.10388285273124295, 0.0, 0.08950620996642342, 0.06932026253174535, 0.07465200933978253, 0.0, 0.04668565842502533, 0.0, 0.0, 0.0)",5
9844,27,1,8,"(0.06704994062561735, 0.0, 0.1004093189584585, 0.09247639241939104, 0.07465200933978253, 0.0, 0.06826344941350267, 0.0, 0.0, 0.0)",1
9845,27,1,8,"(0.09369258606422372, 0.0, 0.08923158854473123, 0.09247639241939104, 0.07465200933978253, 0.0, 0.06826344941350267, 0.0, 0.0, 0.0)",13
9846,27,1,8,"(0.09369258606422372, 0.0, 0.08950620996642342, 0.10954680571638478, 0.07465200933978253, 0.0, 0.06826344941350267, 0.0, 0.0, 0.0)",1
9847,27,1,8,"(0.09369258606422372, 0.0, 0.24711167600420664, 0.09247639241939104, 0.07465200933978253, 0.0, 0.06826344941350267, 0.0, 0.0, 0.0)",4
9848,27,1,8,"(0.09369258606422372, 0.0, 0.08950620996642342, 0.0761720292900203, 0.07465200933978253, 0.0, 0.06826344941350267, 0.0, 0.0, 0.0)",9
9849,27,1,11,"(0.056561894046441595, 0.14970886995698662, 0.0, 0.0, 0.0, 0.04688669779969397, 0.0, 0.08279881135943302, 0.0, 0.01812760691895582)",1
9850,27,1,11,"(0.11642427162819424, 0.14970886995698662, 0.0, 0.0, 0.0, 0.051548873715099995, 0.0, 0.08279881135943302, 0.0, 0.01812760691895582)",160
9851,27,1,11,"(0.09033430006888621, 0.14970886995698662, 0.0, 0.0, 0.0, 0.04094597185725216, 0.0, 0.05279577012767167, 0.0, 0.01812760691895582)",1
9852,27,1,11,"(0.09033430006888621, 0.14970886995698662, 0.0, 0.0, 0.0, 0.04589367179915115, 0.0, 0.16855390015623076, 0.0, 0.01812760691895582)",4
9853,27,1,11,"(0.07528193110608108, 0.14970886995698662, 0.0, 0.0, 0.0, 0.051548873715099995, 0.0, 0.08279881135943302, 0.0, 0.026022394392283408)",1
9854,27,1,11,"(0.11642427162819424, 0.14970886995698662, 0.0, 0.0, 0.0, 0.051548873715099995, 0.0, 0.07449535309931198, 0.0, 0.01812760691895582)",1
9855,27,1,11,"(0.09033430006888621, 0.14970886995698662, 0.0, 0.0, 0.0, 0.031002940987553292, 0.0, 0.1225894173936014, 0.0, 0.01812760691895582)",4
9856,27,1,11,"(0.11642427162819424, 0.2657873155465423, 0.0, 0.0, 0.0, 0.051548873715099995, 0.0, 0.08279881135943302, 0.0, 0.01812760691895582)",1
9857,27,1,11,"(0.11642427162819424, 0.14970886995698662, 0.0, 0.0, 0.0, 0.030848094153781477, 0.0, 0.08279881135943302, 0.0, 0.01812760691895582)",1
9858,27,1,11,"(0.09033430006888621, 0.14970886995698662, 0.0, 0.0, 0.0, 0.04688669779969397, 0.0, 0.08279881135943302, 0.0, 0.01812760691895582)",319
9859,27,1,11,"(0.07701540136796217, 0.14970886995698662, 0.0, 0.0, 0.0, 0.04688669779969397, 0.0, 0.08279881135943302, 0.0, 0.01812760691895582)",15
9860,27,1,11,"(0.11642427162819424, 0.14970886995698662, 0.0, 0.0, 0.0, 0.051548873715099995, 0.0, 0.08279881135943302, 0.0, 0.010254724217940448)",1
9861,27,1,13,"(0.0, 0.0, 0.11679612853536596, 0.06920069129515957, 0.09172770611919409, 0.07489992963210028, 0.0, 0.0, 0.14899621190854193, 0.0)",203
9862,27,1,13,"(0.0, 0.0, 0.11679612853536596, 0.06920069129515957, 0.08892084827553813, 0.07489992963210028, 0.0, 0.0, 0.14899621190854193, 0.0)",1
9863,27,2,8,"(0.09369258606422372, 0.0, 0.08950620996642342, 0.09247639241939104, 0.10063818515798476, 0.0, 0.06826344941350267, 0.0, 0.0, 0.0)",1
9864,27,2,8,"(0.09369258606422372, 0.0, 0.08950620996642342, 0.09247639241939104, 0.07465200933978253, 0.0, 0.06826344941350267, 0.0, 0.0, 0.0)",322
9865,27,2,8,"(0.09369258606422372, 0.0, 0.07841750917910124, 0.09247639241939104, 0.07465200933978253, 0.0, 0.06826344941350267, 0.0, 0.0, 0.0)",5
9866,27,2,11,"(0.11642427162819424, 0.14970886995698662, 0.0, 0.0, 0.0, 0.051548873715099995, 0.0, 0.07449535309931198, 0.0, 0.01812760691895582)",17
9867,27,2,11,"(0.09033430006888621, 0.14970886995698662, 0.0, 0.0, 0.0, 0.04688669779969397, 0.0, 0.04397183813744966, 0.0, 0.01812760691895582)",1
9868,27,2,11,"(0.09033430006888621, 0.13559708141730797, 0.0, 0.0, 0.0, 0.04688669779969397, 0.0, 0.08279881135943302, 0.0, 0.00904176843905493)",3
9869,27,2,11,"(0.09033430006888621, 0.07554222109549748, 0.0, 0.0, 0.0, 0.04688669779969397, 0.0, 0.08641418398082545, 0.0, 0.011258913849748836)",1
9870,27,2,11,"(0.11642427162819424, 0.14970886995698662, 0.0, 0.0, 0.0, 0.051548873715099995, 0.0, 0.08279881135943302, 0.0, 0.01812760691895582)",190
9871,27,2,11,"(0.09033430006888621, 0.14970886995698662, 0.0, 0.0, 0.0, 0.04688669779969397, 0.0, 0.08921281550471284, 0.0, 0.01812760691895582)",1
9872,27,2,11,"(0.07701540136796217, 0.14970886995698662, 0.0, 0.0, 0.0, 0.04688669779969397, 0.0, 0.08279881135943302, 0.0, 0.01812760691895582)",20
9873,27,2,11,"(0.09033430006888621, 0.14970886995698662, 0.0, 0.0, 0.0, 0.04688669779969397, 0.0, 0.08279881135943302, 0.0, 0.022324302433747778)",3
9874,27,2,11,"(0.11340339029834835, 0.14970886995698662, 0.0, 0.0, 0.0, 0.04688669779969397, 0.0, 0.08279881135943302, 0.0, 0.01812760691895582)",1
9875,27,2,11,"(0.05986288666834652, 0.14970886995698662, 0.0, 0.0, 0.0, 0.04688669779969397, 0.0, 0.08279881135943302, 0.0, 0.01812760691895582)",2
9876,27,2,11,"(0.09033430006888621, 0.14970886995698662, 0.0, 0.0, 0.0, 0.04688669779969397, 0.0, 0.08279881135943302, 0.0, 0.01812760691895582)",225
9877,27,2,11,"(0.1295058845881295, 0.14970886995698662, 0.0, 0.0, 0.0, 0.051548873715099995, 0.0, 0.08279881135943302, 0.0, 0.01812760691895582)",1
9878,27,2,11,"(0.09033430006888621, 0.14970886995698662, 0.0, 0.0, 0.0, 0.04688669779969397, 0.0, 0.08279881135943302, 0.0, 0.011258913849748836)",2
9879,27,2,13,"(0.0, 0.0, 0.07116526202637412, 0.06920069129515957, 0.09172770611919409, 0.04451114289648947, 0.0, 0.0, 0.14899621190854193, 0.0)",2
9880,27,2,13,"(0.0, 0.0, 0.11679612853536596, 0.06920069129515957, 0.09172770611919409, 0.07489992963210028, 0.0, 0.0, 0.14899621190854193, 0.0)",182
9881,27,2,13,"(0.0, 0.0, 0.11679612853536596, 0.03373680133825475, 0.09172770611919409, 0.07489992963210028, 0.0, 0.0, 0.14899621190854193, 0.0)",1
9882,27,3,8,"(0.1487198237388019, 0.0, 0.10315923154972499, 0.09247639241939104, 0.07465200933978253, 0.0, 0.06826344941350267, 0.0, 0.0, 0.0)",4
9883,27,3,8,"(0.09369258606422372, 0.0, 0.08950620996642342, 0.058189909507283546, 0.12019153579388847, 0.0, 0.06826344941350267, 0.0, 0.0, 0.0)",9
9884,27,3,8,"(0.09369258606422372, 0.0, 0.08950620996642342, 0.09247639241939104, 0.07465200933978253, 0.0, 0.06826344941350267, 0.0, 0.0, 0.0)",268
9885,27,3,8,"(0.09369258606422372, 0.0, 0.08950620996642342, 0.09247639241939104, 0.07465200933978253, 0.0, 0.047502863092507, 0.0, 0.0, 0.0)",13
9886,27,3,11,"(0.08372468685813395, 0.14970886995698662, 0.0, 0.0, 0.0, 0.04688669779969397, 0.0, 0.08279881135943302, 0.0, 0.01812760691895582)",1
9887,27,3,11,"(0.09033430006888621, 0.14970886995698662, 0.0, 0.0, 0.0, 0.1476578826933985, 0.0, 0.1710777200779866, 0.0, 0.01812760691895582)",1
9888,27,3,11,"(0.10010793752327922, 0.14970886995698662, 0.0, 0.0, 0.0, 0.04688669779969397, 0.0, 0.08279881135943302, 0.0, 0.01812760691895582)",1
9889,27,3,11,"(0.09033430006888621, 0.13787345677878893, 0.0, 0.0, 0.0, 0.07403317188131421, 0.0, 0.08279881135943302, 0.0, 0.01812760691895582)",4
9890,27,3,11,"(0.11642427162819424, 0.14970886995698662, 0.0, 0.0, 0.0, 0.051548873715099995, 0.0, 0.08279881135943302, 0.0, 0.01812760691895582)",7
9891,27,3,11,"(0.09033430006888621, 0.14970886995698662, 0.0, 0.0, 0.0, 0.04688669779969397, 0.0, 0.10246387919263646, 0.0, 0.01812760691895582)",1
9892,27,3,11,"(0.09033430006888621, 0.20414937841797903, 0.0, 0.0, 0.0, 0.04688669779969397, 0.0, 0.08279881135943302, 0.0, 0.01812760691895582)",1
9893,27,3,11,"(0.09033430006888621, 0.14970886995698662, 0.0, 0.0, 0.0, 0.051548873715099995, 0.0, 0.08279881135943302, 0.0, 0.01812760691895582)",34
9894,27,3,11,"(0.09033430006888621, 0.14970886995698662, 0.0, 0.0, 0.0, 0.052323911418002675, 0.0, 0.08279881135943302, 0.0, 0.01812760691895582)",1
9895,27,3,11,"(0.09033430006888621, 0.14970886995698662, 0.0, 0.0, 0.0, 0.04688669779969397, 0.0, 0.15975874650264832, 0.0, 0.01812760691895582)",11
9896,27,3,11,"(0.09033430006888621, 0.14970886995698662, 0.0, 0.0, 0.0, 0.04688669779969397, 0.0, 0.08279881135943302, 0.0, 0.03876368951125776)",1
9897,27,3,11,"(0.09033430006888621, 0.14970886995698662, 0.0, 0.0, 0.0, 0.04688669779969397, 0.0, 0.08279881135943302, 0.0, 0.01812760691895582)",427
9898,27,3,11,"(0.09033430006888621, 0.14970886995698662, 0.0, 0.0, 0.0, 0.04688669779969397, 0.0, 0.10548071691785686, 0.0, 0.01812760691895582)",1
9899,27,3,13,"(0.0, 0.0, 0.11679612853536596, 0.06920069129515957, 0.09172770611919409, 0.07489992963210028, 0.0, 0.0, 0.14899621190854193, 0.0)",178
9900,27,3,13,"(0.0, 0.0, 0.11679612853536596, 0.0660076953465879, 0.09172770611919409, 0.07489992963210028, 0.0, 0.0, 0.14899621190854193, 0.0)",8
9901,27,4,8,"(0.05412062818897945, 0.0, 0.13016979852040744, 0.09247639241939104, 0.07465200933978253, 0.0, 0.06826344941350267, 0.0, 0.0, 0.0)",1
9902,27,4,8,"(0.0870202416757528, 0.0, 0.08950620996642342, 0.09247639241939104, 0.07465200933978253, 0.0, 0.06826344941350267, 0.0, 0.0, 0.0)",2
9903,27,4,8,"(0.09369258606422372, 0.0, 0.08950620996642342, 0.09247639241939104, 0.07465200933978253, 0.0, 0.06826344941350267, 0.0, 0.0, 0.0)",360
9904,27,4,8,"(0.08177620762714893, 0.0, 0.08950620996642342, 0.09247639241939104, 0.07465200933978253, 0.0, 0.06826344941350267, 0.0, 0.0, 0.0)",10
9905,27,4,8,"(0.06295334084442904, 0.0, 0.08950620996642342, 0.09865025807626367, 0.07465200933978253, 0.0, 0.06826344941350267, 0.0, 0.0, 0.0)",2
9906,27,4,11,"(0.09033430006888621, 0.14970886995698662, 0.0, 0.0, 0.0, 0.051548873715099995, 0.0, 0.15378625664895149, 0.0, 0.01812760691895582)",1
9907,27,4,11,"(0.09033430006888621, 0.14970886995698662, 0.0, 0.0, 0.0, 0.051548873715099995, 0.0, 0.08279881135943302, 0.0, 0.017980186449538405)",2
9908,27,4,11,"(0.11642427162819424, 0.14970886995698662, 0.0, 0.0, 0.0, 0.051548873715099995, 0.0, 0.08279881135943302, 0.0, 0.027050077836732196)",3
9909,27,4,11,"(0.09033430006888621, 0.14970886995698662, 0.0, 0.0, 0.0, 0.051548873715099995, 0.0, 0.08279881135943302, 0.0, 0.01812760691895582)",111
9910,27,4,11,"(0.11642427162819424, 0.14970886995698662, 0.0, 0.0, 0.0, 0.051548873715099995, 0.0, 0.08279881135943302, 0.0, 0.01812760691895582)",23
9911,27,4,11,"(0.09033430006888621, 0.14970886995698662, 0.0, 0.0, 0.0, 0.04109967540925358, 0.0, 0.08764711339280006, 0.0, 0.01812760691895582)",1
9912,27,4,11,"(0.09033430006888621, 0.14970886995698662, 0.0, 0.0, 0.0, 0.04688669779969397, 0.0, 0.08279881135943302, 0.0, 0.008292296637854545)",1
9913,27,4,11,"(0.09033430006888621, 0.14970886995698662, 0.0, 0.0, 0.0, 0.0390882757526812, 0.0, 0.08279881135943302, 0.0, 0.01812760691895582)",1
9914,27,4,11,"(0.09033430006888621, 0.14970886995698662, 0.0, 0.0, 0.0, 0.04688669779969397, 0.0, 0.08279881135943302, 0.0, 0.01812760691895582)",288
9915,27,4,13,"(0.0, 0.0, 0.11679612853536596, 0.06920069129515957, 0.09172770611919409, 0.07489992963210028, 0.0, 0.0, 0.14899621190854193, 0.0)",179
9916,27,4,13,"(0.0, 0.0, 0.11679612853536596, 0.06920069129515957, 0.1134648728244162, 0.07489992963210028, 0.0, 0.0, 0.14899621190854193, 0.0)",3
9917,27,4,13,"(0.0, 0.0, 0.11679612853536596, 0.162016511227326, 0.09172770611919409, 0.07489992963210028, 0.0, 0.0, 0.14899621190854193, 0.0)",2
9918,27,5,8,"(0.09369258606422372, 0.0, 0.08950620996642342, 0.06533483923598074, 0.07465200933978253, 0.0, 0.06826344941350267, 0.0, 0.0, 0.0)",7
9919,27,5,8,"(0.12018928060127813, 0.0, 0.0956676612625241, 0.09247639241939104, 0.07465200933978253, 0.0, 0.06826344941350267, 0.0, 0.0, 0.0)",1
9920,27,5,8,"(0.10788059589742477, 0.0, 0.08950620996642342, 0.09247639241939104, 0.07465200933978253, 0.0, 0.06826344941350267, 0.0, 0.0, 0.0)",9
9921,27,5,8,"(0.09369258606422372, 0.0, 0.05519829957176487, 0.09247639241939104, 0.07465200933978253, 0.0, 0.10676980345673442, 0.0, 0.0, 0.0)",1
9922,27,5,8,"(0.09369258606422372, 0.0, 0.08950620996642342, 0.09247639241939104, 0.07465200933978253, 0.0, 0.06826344941350267, 0.0, 0.0, 0.0)",291
9923,27,5,8,"(0.09369258606422372, 0.0, 0.1326730350683308, 0.15730005397016378, 0.07465200933978253, 0.0, 0.06826344941350267, 0.0, 0.0, 0.0)",3
9924,27,5,11,"(0.09033430006888621, 0.14970886995698662, 0.0, 0.0, 0.0, 0.04688669779969397, 0.0, 0.08279881135943302, 0.0, 0.01812760691895582)",300
9925,27,5,11,"(0.09033430006888621, 0.14970886995698662, 0.0, 0.0, 0.0, 0.051548873715099995, 0.0, 0.08279881135943302, 0.0, 0.012839651793998612)",1
9926,27,5,11,"(0.09033430006888621, 0.14970886995698662, 0.0, 0.0, 0.0, 0.051548873715099995, 0.0, 0.08279881135943302, 0.0, 0.01039353088907247)",1
9927,27,5,11,"(0.09033430006888621, 0.1432547576834268, 0.0, 0.0, 0.0, 0.04688669779969397, 0.0, 0.08279881135943302, 0.0, 0.01812760691895582)",2
9928,27,5,11,"(0.09033430006888621, 0.14970886995698662, 0.0, 0.0, 0.0, 0.051548873715099995, 0.0, 0.03818390200694075, 0.0, 0.01812760691895582)",1
9929,27,5,11,"(0.09033430006888621, 0.14970886995698662, 0.0, 0.0, 0.0, 0.051548873715099995, 0.0, 0.08279881135943302, 0.0, 0.01812760691895582)",176
9930,27,5,11,"(0.09033430006888621, 0.156561715348373, 0.0, 0.0, 0.0, 0.06853710482832781, 0.0, 0.08279881135943302, 0.0, 0.01812760691895582)",2
9931,27,5,11,"(0.08432158037877283, 0.14970886995698662, 0.0, 0.0, 0.0, 0.04688669779969397, 0.0, 0.08279881135943302, 0.0, 0.01812760691895582)",1
9932,27,5,11,"(0.11642427162819424, 0.14970886995698662, 0.0, 0.0, 0.0, 0.051548873715099995, 0.0, 0.08279881135943302, 0.0, 0.01812760691895582)",4
9933,27,5,11,"(0.09033430006888621, 0.14970886995698662, 0.0, 0.0, 0.0, 0.051548873715099995, 0.0, 0.05157935419264989, 0.0, 0.01812760691895582)",1
9934,27,5,11,"(0.09033430006888621, 0.14970886995698662, 0.0, 0.0, 0.0, 0.051548873715099995, 0.0, 0.0572252197093165, 0.0, 0.01039353088907247)",1
9935,27,5,13,"(0.0, 0.0, 0.11679612853536596, 0.0838752645292614, 0.09172770611919409, 0.07489992963210028, 0.0, 0.0, 0.14899621190854193, 0.0)",1
9936,27,5,13,"(0.0, 0.0, 0.11679612853536596, 0.06920069129515957, 0.060187090836756656, 0.07489992963210028, 0.0, 0.0, 0.14899621190854193, 0.0)",4
9937,27,5,13,"(0.0, 0.0, 0.11679612853536596, 0.06920069129515957, 0.09172770611919409, 0.07489992963210028, 0.0, 0.0, 0.20449840285688883, 0.0)",1
9938,27,5,13,"(0.0, 0.0, 0.11679612853536596, 0.06920069129515957, 0.09172770611919409, 0.07489992963210028, 0.0, 0.0, 0.14899621190854193, 0.0)",152
9939,27,5,13,"(0.0, 0.0, 0.11679612853536596, 0.023322903384255148, 0.09172770611919409, 0.07489992963210028, 0.0, 0.0, 0.14899621190854193, 0.0)",5
9940,27,5,13,"(0.0, 0.0, 0.11679612853536596, 0.06096031955399785, 0.057151926943843676, 0.07489992963210028, 0.0, 0.0, 0.3819477450141882, 0.0)",1
9941,27,5,13,"(0.0, 0.0, 0.14050699442309797, 0.06920069129515957, 0.09172770611919409, 0.07489992963210028, 0.0, 0.0, 0.14899621190854193, 0.0)",7
9942,27,6,8,"(0.09369258606422372, 0.0, 0.08950620996642342, 0.08976902814336889, 0.09173902283359818, 0.0, 0.06826344941350267, 0.0, 0.0, 0.0)",3
9943,27,6,8,"(0.09369258606422372, 0.0, 0.08950620996642342, 0.09247639241939104, 0.09173902283359818, 0.0, 0.10778220003452468, 0.0, 0.0, 0.0)",6
9944,27,6,8,"(0.09369258606422372, 0.0, 0.08950620996642342, 0.09247639241939104, 0.09173902283359818, 0.0, 0.06826344941350267, 0.0, 0.0, 0.0)",300
9945,27,6,8,"(0.09369258606422372, 0.0, 0.08950620996642342, 0.05886381192636883, 0.09633519143158262, 0.0, 0.06826344941350267, 0.0, 0.0, 0.0)",2
9946,27,6,8,"(0.09369258606422372, 0.0, 0.1584146887950405, 0.09247639241939104, 0.09173902283359818, 0.0, 0.06826344941350267, 0.0, 0.0, 0.0)",2
9947,27,6,8,"(0.09388529630785362, 0.0, 0.08950620996642342, 0.09247639241939104, 0.09173902283359818, 0.0, 0.06826344941350267, 0.0, 0.0, 0.0)",1
9948,27,6,8,"(0.09369258606422372, 0.0, 0.08950620996642342, 0.09247639241939104, 0.12629586969945839, 0.0, 0.06826344941350267, 0.0, 0.0, 0.0)",2
9949,27,6,11,"(0.08929344302363147, 0.14970886995698662, 0.0, 0.0, 0.0, 0.04688669779969397, 0.0, 0.09523546217639671, 0.0, 0.011410705128242457)",1
9950,27,6,11,"(0.1038237826498984, 0.14970886995698662, 0.0, 0.0, 0.0, 0.04688669779969397, 0.0, 0.08279881135943302, 0.0, 0.01812760691895582)",1
9951,27,6,11,"(0.09033430006888621, 0.14970886995698662, 0.0, 0.0, 0.0, 0.043578699822787226, 0.0, 0.08279881135943302, 0.0, 0.01812760691895582)",116
9952,27,6,11,"(0.09033430006888621, 0.14970886995698662, 0.0, 0.0, 0.0, 0.04688669779969397, 0.0, 0.08279881135943302, 0.0, 0.01812760691895582)",240
9953,27,6,11,"(0.09033430006888621, 0.14970886995698662, 0.0, 0.0, 0.0, 0.043578699822787226, 0.0, 0.08279881135943302, 0.0, 0.029569060136314582)",1
9954,27,6,11,"(0.07469708531830307, 0.14970886995698662, 0.0, 0.0, 0.0, 0.035590098215485894, 0.0, 0.09523546217639671, 0.0, 0.01812760691895582)",3
9955,27,6,11,"(0.09033430006888621, 0.14970886995698662, 0.0, 0.0, 0.0, 0.029792514124883523, 0.0, 0.08279881135943302, 0.0, 0.01812760691895582)",6
9956,27,6,11,"(0.09033430006888621, 0.14970886995698662, 0.0, 0.0, 0.0, 0.04688669779969397, 0.0, 0.09523546217639671, 0.0, 0.01812760691895582)",70
9957,27,6,11,"(0.09033430006888621, 0.14970886995698662, 0.0, 0.0, 0.0, 0.03610400667105185, 0.0, 0.08279881135943302, 0.0, 0.01812760691895582)",2
9958,27,6,13,"(0.0, 0.0, 0.07386330173869386, 0.06920069129515957, 0.09172770611919409, 0.07489992963210028, 0.0, 0.0, 0.14899621190854193, 0.0)",1
9959,27,6,13,"(0.0, 0.0, 0.11679612853536596, 0.051284173894672776, 0.09172770611919409, 0.07489992963210028, 0.0, 0.0, 0.14899621190854193, 0.0)",2
9960,27,6,13,"(0.0, 0.0, 0.11679612853536596, 0.06920069129515957, 0.09172770611919409, 0.07489992963210028, 0.0, 0.0, 0.14899621190854193, 0.0)",187
9961,27,6,13,"(0.0, 0.0, 0.11679612853536596, 0.06920069129515957, 0.04292807187885976, 0.07489992963210028, 0.0, 0.0, 0.14899621190854193, 0.0)",1
9962,27,6,13,"(0.0, 0.0, 0.07304353871803167, 0.06920069129515957, 0.09172770611919409, 0.04754469187704966, 0.0, 0.0, 0.14899621190854193, 0.0)",3
9963,27,7,8,"(0.09369258606422372, 0.0, 0.08950620996642342, 0.09247639241939104, 0.09173902283359818, 0.0, 0.1252105325506515, 0.0, 0.0, 0.0)",1
9964,27,7,8,"(0.09369258606422372, 0.0, 0.08950620996642342, 0.09007859879721937, 0.09173902283359818, 0.0, 0.04517719646044723, 0.0, 0.0, 0.0)",2
9965,27,7,8,"(0.09369258606422372, 0.0, 0.10900160191406177, 0.09247639241939104, 0.09173902283359818, 0.0, 0.06826344941350267, 0.0, 0.0, 0.0)",1
9966,27,7,8,"(0.09369258606422372, 0.0, 0.08950620996642342, 0.09247639241939104, 0.09173902283359818, 0.0, 0.06826344941350267, 0.0, 0.0, 0.0)",300
9967,27,7,11,"(0.09033430006888621, 0.14970886995698662, 0.0, 0.0, 0.0, 0.06751723568762948, 0.0, 0.08279881135943302, 0.0, 0.016969726436777008)",8
9968,27,7,11,"(0.09033430006888621, 0.14970886995698662, 0.0, 0.0, 0.0, 0.04616986966108737, 0.0, 0.09523546217639671, 0.0, 0.01812760691895582)",1
9969,27,7,11,"(0.09033430006888621, 0.14970886995698662, 0.0, 0.0, 0.0, 0.043578699822787226, 0.0, 0.08279881135943302, 0.0, 0.01812760691895582)",161
9970,27,7,11,"(0.09033430006888621, 0.13236009283885905, 0.0, 0.0, 0.0, 0.043578699822787226, 0.0, 0.08279881135943302, 0.0, 0.023022853047162974)",2
9971,27,7,11,"(0.09033430006888621, 0.11448001065160605, 0.0, 0.0, 0.0, 0.04688669779969397, 0.0, 0.09523546217639671, 0.0, 0.013244013233167144)",1
9972,27,7,11,"(0.09033430006888621, 0.14970886995698662, 0.0, 0.0, 0.0, 0.04688669779969397, 0.0, 0.08279881135943302, 0.0, 0.01812760691895582)",281
9973,27,7,11,"(0.09033430006888621, 0.14970886995698662, 0.0, 0.0, 0.0, 0.043578699822787226, 0.0, 0.11068755286719632, 0.0, 0.01812760691895582)",17
9974,27,7,11,"(0.09212207954629319, 0.14970886995698662, 0.0, 0.0, 0.0, 0.04688669779969397, 0.0, 0.08279881135943302, 0.0, 0.01812760691895582)",2
9975,27,7,11,"(0.09033430006888621, 0.14970886995698662, 0.0, 0.0, 0.0, 0.04688669779969397, 0.0, 0.09523546217639671, 0.0, 0.01812760691895582)",40
9976,27,7,11,"(0.09033430006888621, 0.14970886995698662, 0.0, 0.0, 0.0, 0.043578699822787226, 0.0, 0.04932097602605957, 0.0, 0.01812760691895582)",1
9977,27,7,11,"(0.09033430006888621, 0.14580934579814472, 0.0, 0.0, 0.0, 0.04688669779969397, 0.0, 0.08279881135943302, 0.0, 0.01812760691895582)",2
9978,27,7,11,"(0.09033430006888621, 0.14970886995698662, 0.0, 0.0, 0.0, 0.04688669779969397, 0.0, 0.046493641646524975, 0.0, 0.01812760691895582)",1
9979,27,7,13,"(0.0, 0.0, 0.11679612853536596, 0.06920069129515957, 0.09172770611919409, 0.07489992963210028, 0.0, 0.0, 0.14899621190854193, 0.0)",166
9980,27,7,13,"(0.0, 0.0, 0.11679612853536596, 0.0910589877548199, 0.09172770611919409, 0.07489992963210028, 0.0, 0.0, 0.14899621190854193, 0.0)",2
9981,27,7,13,"(0.0, 0.0, 0.11679612853536596, 0.06920069129515957, 0.09172770611919409, 0.07489992963210028, 0.0, 0.0, 0.2989251632507734, 0.0)",1
9982,27,7,13,"(0.0, 0.0, 0.12491869652141438, 0.061509375246093546, 0.09172770611919409, 0.07489992963210028, 0.0, 0.0, 0.14899621190854193, 0.0)",3
9983,27,8,8,"(0.09369258606422372, 0.0, 0.08950620996642342, 0.09247639241939104, 0.09173902283359818, 0.0, 0.06826344941350267, 0.0, 0.0, 0.0)",327
9984,27,8,8,"(0.09369258606422372, 0.0, 0.08950620996642342, 0.09247639241939104, 0.0712138696497083, 0.0, 0.06826344941350267, 0.0, 0.0, 0.0)",4
9985,27,8,8,"(0.09369258606422372, 0.0, 0.08950620996642342, 0.06459701059576729, 0.09173902283359818, 0.0, 0.06826344941350267, 0.0, 0.0, 0.0)",1
9986,27,8,11,"(0.09033430006888621, 0.14970886995698662, 0.0, 0.0, 0.0, 0.04688669779969397, 0.0, 0.09523546217639671, 0.0, 0.011924688922854181)",1
9987,27,8,11,"(0.09033430006888621, 0.14970886995698662, 0.0, 0.0, 0.0, 0.04688669779969397, 0.0, 0.08279881135943302, 0.0, 0.01812760691895582)",162
9988,27,8,11,"(0.2156131932173431, 0.11085874844444915, 0.0, 0.0, 0.0, 0.030850243431763277, 0.0, 0.08279881135943302, 0.0, 0.01812760691895582)",1
9989,27,8,11,"(0.05551550261494113, 0.12827441732864356, 0.0, 0.0, 0.0, 0.04688669779969397, 0.0, 0.08279881135943302, 0.0, 0.01812760691895582)",3
9990,27,8,11,"(0.09033430006888621, 0.11085874844444915, 0.0, 0.0, 0.0, 0.04688669779969397, 0.0, 0.08279881135943302, 0.0, 0.01812760691895582)",172
9991,27,8,11,"(0.09033430006888621, 0.11085874844444915, 0.0, 0.0, 0.0, 0.04688669779969397, 0.0, 0.08279881135943302, 0.0, 0.0091330201452119)",7
9992,27,8,11,"(0.09033430006888621, 0.11085874844444915, 0.0, 0.0, 0.0, 0.04688669779969397, 0.0, 0.045884310324177884, 0.0, 0.01812760691895582)",1
9993,27,8,11,"(0.09033430006888621, 0.11085874844444915, 0.0, 0.0, 0.0, 0.04688669779969397, 0.0, 0.10890773022619529, 0.0, 0.01812760691895582)",1
9994,27,8,11,"(0.09033430006888621, 0.16388824632833884, 0.0, 0.0, 0.0, 0.04688669779969397, 0.0, 0.09488239063768943, 0.0, 0.01812760691895582)",1
9995,27,8,11,"(0.09033430006888621, 0.14970886995698662, 0.0, 0.0, 0.0, 0.04688669779969397, 0.0, 0.08279881135943302, 0.0, 0.0146713856801846)",3
9996,27,8,11,"(0.09033430006888621, 0.14970886995698662, 0.0, 0.0, 0.0, 0.04688669779969397, 0.0, 0.09523546217639671, 0.0, 0.01812760691895582)",25
9997,27,8,11,"(0.09033430006888621, 0.0785059844038405, 0.0, 0.0, 0.0, 0.04688669779969397, 0.0, 0.08279881135943302, 0.0, 0.01812760691895582)",2
9998,27,8,11,"(0.09033430006888621, 0.12827441732864356, 0.0, 0.0, 0.0, 0.04688669779969397, 0.0, 0.08279881135943302, 0.0, 0.01812760691895582)",2
9999,27,8,11,"(0.09033430006888621, 0.14970886995698662, 0.0, 0.0, 0.0, 0.043578699822787226, 0.0, 0.08279881135943302, 0.0, 0.01812760691895582)",15
10000,27,8,11,"(0.09033430006888621, 0.14970886995698662, 0.0, 0.0, 0.0, 0.03706360257184988, 0.0, 0.08279881135943302, 0.0, 0.01812760691895582)",2
10001,27,8,13,"(0.0, 0.0, 0.11679612853536596, 0.06920069129515957, 0.09172770611919409, 0.07489992963210028, 0.0, 0.0, 0.14899621190854193, 0.0)",203
10002,27,8,13,"(0.0, 0.0, 0.11679612853536596, 0.06920069129515957, 0.09172770611919409, 0.033791351365322166, 0.0, 0.0, 0.14899621190854193, 0.0)",1
10003,27,9,8,"(0.09369258606422372, 0.0, 0.08950620996642342, 0.09247639241939104, 0.09173902283359818, 0.0, 0.06826344941350267, 0.0, 0.0, 0.0)",373
10004,27,9,8,"(0.09369258606422372, 0.0, 0.08950620996642342, 0.09247639241939104, 0.09173902283359818, 0.0, 0.04529220924052614, 0.0, 0.0, 0.0)",28
10005,27,9,8,"(0.09369258606422372, 0.0, 0.08950620996642342, 0.09247639241939104, 0.04902413332198985, 0.0, 0.06826344941350267, 0.0, 0.0, 0.0)",1
10006,27,9,8,"(0.09369258606422372, 0.0, 0.08950620996642342, 0.09247639241939104, 0.09173902283359818, 0.0, 0.06431522565460641, 0.0, 0.0, 0.0)",7
10007,27,9,8,"(0.09369258606422372, 0.0, 0.08950620996642342, 0.11665666471399679, 0.09173902283359818, 0.0, 0.06826344941350267, 0.0, 0.0, 0.0)",3
10008,27,9,8,"(0.25761995905298396, 0.0, 0.08950620996642342, 0.09247639241939104, 0.09173902283359818, 0.0, 0.06826344941350267, 0.0, 0.0, 0.0)",2
10009,27,9,11,"(0.09033430006888621, 0.14970886995698662, 0.0, 0.0, 0.0, 0.04688669779969397, 0.0, 0.08279881135943302, 0.0, 0.0146713856801846)",43
10010,27,9,11,"(0.09033430006888621, 0.14970886995698662, 0.0, 0.0, 0.0, 0.04688669779969397, 0.0, 0.09523546217639671, 0.0, 0.01812760691895582)",7
10011,27,9,11,"(0.09033430006888621, 0.14970886995698662, 0.0, 0.0, 0.0, 0.04688669779969397, 0.0, 0.09523546217639671, 0.0, 0.013409807185670178)",1
10012,27,9,11,"(0.0902438966299375, 0.14970886995698662, 0.0, 0.0, 0.0, 0.04688669779969397, 0.0, 0.08279881135943302, 0.0, 0.01812760691895582)",3
10013,27,9,11,"(0.09033430006888621, 0.12229133793674357, 0.0, 0.0, 0.0, 0.04688669779969397, 0.0, 0.08279881135943302, 0.0, 0.0146713856801846)",1
10014,27,9,11,"(0.09033430006888621, 0.14970886995698662, 0.0, 0.0, 0.0, 0.043578699822787226, 0.0, 0.08279881135943302, 0.0, 0.01812760691895582)",101
10015,27,9,11,"(0.07249973517570867, 0.14970886995698662, 0.0, 0.0, 0.0, 0.04688669779969397, 0.0, 0.10711683361577971, 0.0, 0.01812760691895582)",1
10016,27,9,11,"(0.09033430006888621, 0.14970886995698662, 0.0, 0.0, 0.0, 0.04688669779969397, 0.0, 0.09265944057359053, 0.0, 0.0146713856801846)",4
10017,27,9,11,"(0.09033430006888621, 0.14970886995698662, 0.0, 0.0, 0.0, 0.04688669779969397, 0.0, 0.10711683361577971, 0.0, 0.01812760691895582)",44
10018,27,9,11,"(0.09033430006888621, 0.14970886995698662, 0.0, 0.0, 0.0, 0.04688669779969397, 0.0, 0.08279881135943302, 0.0, 0.01812760691895582)",103
10019,27,9,11,"(0.09033430006888621, 0.14970886995698662, 0.0, 0.0, 0.0, 0.03488850993655929, 0.0, 0.08279881135943302, 0.0, 0.01812760691895582)",1
10020,27,9,13,"(0.0, 0.0, 0.11679612853536596, 0.06920069129515957, 0.09172770611919409, 0.07489992963210028, 0.0, 0.0, 0.14899621190854193, 0.0)",180
10021,27,10,8,"(0.09369258606422372, 0.0, 0.08950620996642342, 0.09247639241939104, 0.07691812823976113, 0.0, 0.03643703563595981, 0.0, 0.0, 0.0)",1
10022,27,10,8,"(0.09369258606422372, 0.0, 0.08950620996642342, 0.03754647226381783, 0.09173902283359818, 0.0, 0.06826344941350267, 0.0, 0.0, 0.0)",37
10023,27,10,8,"(0.09369258606422372, 0.0, 0.08950620996642342, 0.09247639241939104, 0.09173902283359818, 0.0, 0.06826344941350267, 0.0, 0.0, 0.0)",277
10024,27,10,11,"(0.09033430006888621, 0.14970886995698662, 0.0, 0.0, 0.0, 0.04688669779969397, 0.0, 0.08279881135943302, 0.0, 0.0146713856801846)",54
10025,27,10,11,"(0.09033430006888621, 0.10966785781096887, 0.0, 0.0, 0.0, 0.04688669779969397, 0.0, 0.08279881135943302, 0.0, 0.01812760691895582)",2
10026,27,10,11,"(0.09033430006888621, 0.14970886995698662, 0.0, 0.0, 0.0, 0.043578699822787226, 0.0, 0.08279881135943302, 0.0, 0.01812760691895582)",95
10027,27,10,11,"(0.09033430006888621, 0.14970886995698662, 0.0, 0.0, 0.0, 0.04688669779969397, 0.0, 0.10711683361577971, 0.0, 0.01812760691895582)",7
10028,27,10,11,"(0.09115594021752968, 0.14970886995698662, 0.0, 0.0, 0.0, 0.09499607154545667, 0.0, 0.08279881135943302, 0.0, 0.01812760691895582)",4
10029,27,10,11,"(0.09033430006888621, 0.14970886995698662, 0.0, 0.0, 0.0, 0.04688669779969397, 0.0, 0.08279881135943302, 0.0, 0.01812760691895582)",290
10030,27,10,13,"(0.0, 0.0, 0.3129174905879587, 0.06920069129515957, 0.13899110837409567, 0.0623053396709359, 0.0, 0.0, 0.14899621190854193, 0.0)",1
10031,27,10,13,"(0.0, 0.0, 0.11679612853536596, 0.06920069129515957, 0.09172770611919409, 0.07489992963210028, 0.0, 0.0, 0.14899621190854193, 0.0)",170
10032,27,11,8,"(0.13337789934377461, 0.0, 0.08950620996642342, 0.09247639241939104, 0.09614045124875696, 0.0, 0.06826344941350267, 0.0, 0.0, 0.0)",1
10033,27,11,8,"(0.09369258606422372, 0.0, 0.08950620996642342, 0.09247639241939104, 0.09173902283359818, 0.0, 0.06826344941350267, 0.0, 0.0, 0.0)",287
10034,27,11,8,"(0.09369258606422372, 0.0, 0.08950620996642342, 0.09247639241939104, 0.09173902283359818, 0.0, 0.04529220924052614, 0.0, 0.0, 0.0)",1
10035,27,11,8,"(0.09369258606422372, 0.0, 0.08664412702810974, 0.09247639241939104, 0.09173902283359818, 0.0, 0.06826344941350267, 0.0, 0.0, 0.0)",2
10036,27,11,11,"(0.09033430006888621, 0.14970886995698662, 0.0, 0.0, 0.0, 0.04688669779969397, 0.0, 0.08279881135943302, 0.0, 0.0146713856801846)",90
10037,27,11,11,"(0.10674256326401624, 0.14970886995698662, 0.0, 0.0, 0.0, 0.04688669779969397, 0.0, 0.08279881135943302, 0.0, 0.02025155869796951)",1
10038,27,11,11,"(0.09033430006888621, 0.20288296439430722, 0.0, 0.0, 0.0, 0.04688669779969397, 0.0, 0.08279881135943302, 0.0, 0.01812760691895582)",1
10039,27,11,11,"(0.09033430006888621, 0.14970886995698662, 0.0, 0.0, 0.0, 0.04688669779969397, 0.0, 0.08279881135943302, 0.0, 0.01812760691895582)",363
10040,27,11,11,"(0.09033430006888621, 0.14970886995698662, 0.0, 0.0, 0.0, 0.043578699822787226, 0.0, 0.08279881135943302, 0.0, 0.01812760691895582)",14
10041,27,11,11,"(0.09033430006888621, 0.14970886995698662, 0.0, 0.0, 0.0, 0.019255818300586938, 0.0, 0.08279881135943302, 0.0, 0.012977604075764853)",1
10042,27,11,11,"(0.09033430006888621, 0.14970886995698662, 0.0, 0.0, 0.0, 0.04688669779969397, 0.0, 0.08279881135943302, 0.0, 0.029866916377004126)",2
10043,27,11,11,"(0.09033430006888621, 0.14970886995698662, 0.0, 0.0, 0.0, 0.027856712748289738, 0.0, 0.08279881135943302, 0.0, 0.0146713856801846)",1
10044,27,11,11,"(0.09033430006888621, 0.14970886995698662, 0.0, 0.0, 0.0, 0.04688669779969397, 0.0, 0.06084394080388004, 0.0, 0.0146713856801846)",1
10045,27,11,11,"(0.09033430006888621, 0.1166650183181532, 0.0, 0.0, 0.0, 0.05871679312828867, 0.0, 0.08279881135943302, 0.0, 0.01812760691895582)",2
10046,27,11,13,"(0.0, 0.0, 0.11679612853536596, 0.06920069129515957, 0.09172770611919409, 0.07489992963210028, 0.0, 0.0, 0.14899621190854193, 0.0)",171
10047,27,12,8,"(0.09369258606422372, 0.0, 0.09915776605918128, 0.09247639241939104, 0.07465200933978253, 0.0, 0.0548107958824082, 0.0, 0.0, 0.0)",3
10048,27,12,8,"(0.09369258606422372, 0.0, 0.08950620996642342, 0.16660665376805417, 0.07465200933978253, 0.0, 0.06826344941350267, 0.0, 0.0, 0.0)",2
10049,27,12,8,"(0.09369258606422372, 0.0, 0.03202721033727794, 0.08948928612243744, 0.05302222621988727, 0.0, 0.06826344941350267, 0.0, 0.0, 0.0)",42
10050,27,12,8,"(0.09369258606422372, 0.0, 0.08950620996642342, 0.09247639241939104, 0.07465200933978253, 0.0, 0.06826344941350267, 0.0, 0.0, 0.0)",318
10051,27,12,8,"(0.09020112903043358, 0.0, 0.03202721033727794, 0.08948928612243744, 0.07403121357492287, 0.0, 0.06826344941350267, 0.0, 0.0, 0.0)",1
10052,27,12,8,"(0.09369258606422372, 0.0, 0.08950620996642342, 0.09247639241939104, 0.036600306844518725, 0.0, 0.06826344941350267, 0.0, 0.0, 0.0)",1
10053,27,12,11,"(0.09033430006888621, 0.14970886995698662, 0.0, 0.0, 0.0, 0.04688669779969397, 0.0, 0.08279881135943302, 0.0, 0.01812760691895582)",182
10054,27,12,11,"(0.09033430006888621, 0.14970886995698662, 0.0, 0.0, 0.0, 0.04688669779969397, 0.0, 0.08797264399969867, 0.0, 0.01812760691895582)",1
10055,27,12,11,"(0.09033430006888621, 0.14970886995698662, 0.0, 0.0, 0.0, 0.04688669779969397, 0.0, 0.06989394465191419, 0.0, 0.01812760691895582)",4
10056,27,12,11,"(0.09033430006888621, 0.14970886995698662, 0.0, 0.0, 0.0, 0.04688669779969397, 0.0, 0.07013917302729758, 0.0, 0.018948382933013194)",1
10057,27,12,11,"(0.09033430006888621, 0.14970886995698662, 0.0, 0.0, 0.0, 0.04362952139578126, 0.0, 0.08279881135943302, 0.0, 0.01812760691895582)",3
10058,27,12,11,"(0.07859615347283143, 0.22587632004357328, 0.0, 0.0, 0.0, 0.07686645351690087, 0.0, 0.09768633746309723, 0.0, 0.01812760691895582)",1
10059,27,12,11,"(0.09033430006888621, 0.14970886995698662, 0.0, 0.0, 0.0, 0.04688669779969397, 0.0, 0.06625893689358694, 0.0, 0.01812760691895582)",1
10060,27,12,11,"(0.11642427162819424, 0.14970886995698662, 0.0, 0.0, 0.0, 0.051548873715099995, 0.0, 0.08279881135943302, 0.0, 0.01812760691895582)",88
10061,27,12,11,"(0.09033430006888621, 0.14970886995698662, 0.0, 0.0, 0.0, 0.04688669779969397, 0.0, 0.08279881135943302, 0.0, 0.019952627367172553)",8
10062,27,12,11,"(0.11642427162819424, 0.14970886995698662, 0.0, 0.0, 0.0, 0.04625195133576969, 0.0, 0.08279881135943302, 0.0, 0.01812760691895582)",14
10063,27,12,11,"(0.07859615347283143, 0.14970886995698662, 0.0, 0.0, 0.0, 0.07686645351690087, 0.0, 0.09768633746309723, 0.0, 0.01812760691895582)",29
10064,27,12,13,"(0.0, 0.0, 0.11679612853536596, 0.06920069129515957, 0.09172770611919409, 0.059110773268386714, 0.0, 0.0, 0.14899621190854193, 0.0)",9
10065,27,12,13,"(0.0, 0.0, 0.11679612853536596, 0.06920069129515957, 0.09172770611919409, 0.07489992963210028, 0.0, 0.0, 0.14899621190854193, 0.0)",159
10066,27,12,13,"(0.0, 0.0, 0.09152604605461233, 0.06920069129515957, 0.09669777646857637, 0.07489992963210028, 0.0, 0.0, 0.14899621190854193, 0.0)",3
10067,27,12,13,"(0.0, 0.0, 0.11679612853536596, 0.07170605626732085, 0.06399008443967771, 0.07489992963210028, 0.0, 0.0, 0.14899621190854193, 0.0)",1
10068,27,13,8,"(0.09369258606422372, 0.0, 0.112639346686565, 0.09247639241939104, 0.1069304174472718, 0.0, 0.18888553961071033, 0.0, 0.0, 0.0)",1
10069,27,13,8,"(0.09369258606422372, 0.0, 0.08950620996642342, 0.09247639241939104, 0.07465200933978253, 0.0, 0.06826344941350267, 0.0, 0.0, 0.0)",244
10070,27,13,8,"(0.07250807818121442, 0.0, 0.10104767401081804, 0.09247639241939104, 0.07465200933978253, 0.0, 0.06826344941350267, 0.0, 0.0, 0.0)",1
10071,27,13,8,"(0.07250807818121442, 0.0, 0.08950620996642342, 0.09247639241939104, 0.07465200933978253, 0.0, 0.06826344941350267, 0.0, 0.0, 0.0)",105
10072,27,13,8,"(0.07250807818121442, 0.0, 0.06510283019249798, 0.09247639241939104, 0.07465200933978253, 0.0, 0.06826344941350267, 0.0, 0.0, 0.0)",1
10073,27,13,11,"(0.07165256314735285, 0.14970886995698662, 0.0, 0.0, 0.0, 0.04688669779969397, 0.0, 0.08279881135943302, 0.0, 0.01812760691895582)",2
10074,27,13,11,"(0.09033430006888621, 0.21885306509082195, 0.0, 0.0, 0.0, 0.04688669779969397, 0.0, 0.08279881135943302, 0.0, 0.01812760691895582)",8
10075,27,13,11,"(0.09033430006888621, 0.14970886995698662, 0.0, 0.0, 0.0, 0.04688669779969397, 0.0, 0.05121964975234527, 0.0, 0.026418908407894855)",1
10076,27,13,11,"(0.11642427162819424, 0.14970886995698662, 0.0, 0.0, 0.0, 0.051548873715099995, 0.0, 0.08641429737494945, 0.0, 0.01812760691895582)",1
10077,27,13,11,"(0.11642427162819424, 0.14970886995698662, 0.0, 0.0, 0.0, 0.051548873715099995, 0.0, 0.08279881135943302, 0.0, 0.01812760691895582)",130
10078,27,13,11,"(0.09033430006888621, 0.14970886995698662, 0.0, 0.0, 0.0, 0.04688669779969397, 0.0, 0.08279881135943302, 0.0, 0.01812760691895582)",336
10079,27,13,11,"(0.09033430006888621, 0.14970886995698662, 0.0, 0.0, 0.0, 0.04688669779969397, 0.0, 0.05121964975234527, 0.0, 0.06081288106181926)",1
10080,27,13,11,"(0.09033430006888621, 0.14970886995698662, 0.0, 0.0, 0.0, 0.04688669779969397, 0.0, 0.08279881135943302, 0.0, 0.036402990414234296)",1
10081,27,13,13,"(0.0, 0.0, 0.11679612853536596, 0.06920069129515957, 0.09172770611919409, 0.08545412030167358, 0.0, 0.0, 0.14899621190854193, 0.0)",1
10082,27,13,13,"(0.0, 0.0, 0.11679612853536596, 0.06920069129515957, 0.09172770611919409, 0.07489992963210028, 0.0, 0.0, 0.14899621190854193, 0.0)",195
10083,27,13,13,"(0.0, 0.0, 0.11679612853536596, 0.06920069129515957, 0.14869156614405957, 0.07489992963210028, 0.0, 0.0, 0.14899621190854193, 0.0)",1
10084,27,14,8,"(0.09369258606422372, 0.0, 0.08950620996642342, 0.09247639241939104, 0.03989188142412322, 0.0, 0.06826344941350267, 0.0, 0.0, 0.0)",1
10085,27,14,8,"(0.07250807818121442, 0.0, 0.08950620996642342, 0.09247639241939104, 0.07465200933978253, 0.0, 0.06826344941350267, 0.0, 0.0, 0.0)",18
10086,27,14,8,"(0.09369258606422372, 0.0, 0.08950620996642342, 0.08229599356290981, 0.07465200933978253, 0.0, 0.06826344941350267, 0.0, 0.0, 0.0)",1
10087,27,14,8,"(0.09369258606422372, 0.0, 0.13621592000877808, 0.09247639241939104, 0.07465200933978253, 0.0, 0.06826344941350267, 0.0, 0.0, 0.0)",1
10088,27,14,8,"(0.09369258606422372, 0.0, 0.08950620996642342, 0.09247639241939104, 0.07465200933978253, 0.0, 0.06826344941350267, 0.0, 0.0, 0.0)",329
10089,27,14,8,"(0.09369258606422372, 0.0, 0.08950620996642342, 0.09247639241939104, 0.05661571064175651, 0.0, 0.08677666961006242, 0.0, 0.0, 0.0)",1
10090,27,14,8,"(0.05264536490830889, 0.0, 0.08950620996642342, 0.07366194724701741, 0.07465200933978253, 0.0, 0.06826344941350267, 0.0, 0.0, 0.0)",1
10091,27,14,11,"(0.07394842243748981, 0.19815742325895247, 0.0, 0.0, 0.0, 0.04688669779969397, 0.0, 0.08279881135943302, 0.0, 0.01812760691895582)",2
10092,27,14,11,"(0.09033430006888621, 0.14970886995698662, 0.0, 0.0, 0.0, 0.04688669779969397, 0.0, 0.08279881135943302, 0.0, 0.01812760691895582)",256
10093,27,14,11,"(0.11642427162819424, 0.14970886995698662, 0.0, 0.0, 0.0, 0.051548873715099995, 0.0, 0.08279881135943302, 0.0, 0.01812760691895582)",195
10094,27,14,11,"(0.09033430006888621, 0.07355263455916601, 0.0, 0.0, 0.0, 0.04809406199139551, 0.0, 0.08279881135943302, 0.0, 0.01812760691895582)",1
10095,27,14,11,"(0.09033430006888621, 0.14970886995698662, 0.0, 0.0, 0.0, 0.049755102989072014, 0.0, 0.08279881135943302, 0.0, 0.01812760691895582)",1
10096,27,14,11,"(0.09033430006888621, 0.20075594870618316, 0.0, 0.0, 0.0, 0.028908908886832042, 0.0, 0.08279881135943302, 0.0, 0.01812760691895582)",1
10097,27,14,11,"(0.09286483003450058, 0.14970886995698662, 0.0, 0.0, 0.0, 0.04688669779969397, 0.0, 0.08279881135943302, 0.0, 0.01812760691895582)",1
10098,27,14,11,"(0.11642427162819424, 0.14970886995698662, 0.0, 0.0, 0.0, 0.06537950015123017, 0.0, 0.08279881135943302, 0.0, 0.01812760691895582)",11
10099,27,14,11,"(0.09033430006888621, 0.14970886995698662, 0.0, 0.0, 0.0, 0.06372201205319637, 0.0, 0.13028203996485305, 0.0, 0.018854992289927677)",2
10100,27,14,11,"(0.09033430006888621, 0.14970886995698662, 0.0, 0.0, 0.0, 0.04809406199139551, 0.0, 0.08279881135943302, 0.0, 0.01812760691895582)",1
10101,27,14,13,"(0.0, 0.0, 0.11679612853536596, 0.06920069129515957, 0.09172770611919409, 0.07489992963210028, 0.0, 0.0, 0.12755151924071392, 0.0)",5
10102,27,14,13,"(0.0, 0.0, 0.11679612853536596, 0.06920069129515957, 0.09172770611919409, 0.049743358615512115, 0.0, 0.0, 0.14899621190854193, 0.0)",1
10103,27,14,13,"(0.0, 0.0, 0.16169514599075907, 0.06920069129515957, 0.09172770611919409, 0.07489992963210028, 0.0, 0.0, 0.14899621190854193, 0.0)",2
10104,27,14,13,"(0.0, 0.0, 0.06696588692241681, 0.04516258185462072, 0.09172770611919409, 0.07489992963210028, 0.0, 0.0, 0.14899621190854193, 0.0)",2
10105,27,14,13,"(0.0, 0.0, 0.11679612853536596, 0.06920069129515957, 0.09172770611919409, 0.07489992963210028, 0.0, 0.0, 0.14899621190854193, 0.0)",176
10106,27,14,13,"(0.0, 0.0, 0.08090086624054249, 0.06920069129515957, 0.09172770611919409, 0.07489992963210028, 0.0, 0.0, 0.17631330098842815, 0.0)",1
10107,27,15,8,"(0.09369258606422372, 0.0, 0.08950620996642342, 0.10541870967973566, 0.07465200933978253, 0.0, 0.06826344941350267, 0.0, 0.0, 0.0)",8
10108,27,15,8,"(0.09369258606422372, 0.0, 0.08950620996642342, 0.09247639241939104, 0.03462445246316673, 0.0, 0.06826344941350267, 0.0, 0.0, 0.0)",42
10109,27,15,8,"(0.09369258606422372, 0.0, 0.08950620996642342, 0.09247639241939104, 0.07465200933978253, 0.0, 0.06826344941350267, 0.0, 0.0, 0.0)",421
10110,27,15,8,"(0.09369258606422372, 0.0, 0.08950620996642342, 0.09247639241939104, 0.1219692601488095, 0.0, 0.06826344941350267, 0.0, 0.0, 0.0)",2
10111,27,15,11,"(0.19266321196538994, 0.14970886995698662, 0.0, 0.0, 0.0, 0.051548873715099995, 0.0, 0.08279881135943302, 0.0, 0.01812760691895582)",5
10112,27,15,11,"(0.09033430006888621, 0.14970886995698662, 0.0, 0.0, 0.0, 0.04688669779969397, 0.0, 0.08279881135943302, 0.0, 0.01812760691895582)",110
10113,27,15,11,"(0.11642427162819424, 0.14970886995698662, 0.0, 0.0, 0.0, 0.051548873715099995, 0.0, 0.08279881135943302, 0.0, 0.01812760691895582)",168
10114,27,15,11,"(0.09033430006888621, 0.14970886995698662, 0.0, 0.0, 0.0, 0.05230162913449074, 0.0, 0.08279881135943302, 0.0, 0.01812760691895582)",1
10115,27,15,11,"(0.09033430006888621, 0.14970886995698662, 0.0, 0.0, 0.0, 0.04688669779969397, 0.0, 0.08279881135943302, 0.0, 0.007737361563940806)",2
10116,27,15,11,"(0.09033430006888621, 0.14970886995698662, 0.0, 0.0, 0.0, 0.04688669779969397, 0.0, 0.08279881135943302, 0.0, 0.023497519622198895)",1
10117,27,15,11,"(0.11642427162819424, 0.15138736368501407, 0.0, 0.0, 0.0, 0.051548873715099995, 0.0, 0.08279881135943302, 0.0, 0.01812760691895582)",1
10118,27,15,11,"(0.09660524125490483, 0.14970886995698662, 0.0, 0.0, 0.0, 0.04688669779969397, 0.0, 0.08279881135943302, 0.0, 0.01812760691895582)",1
10119,27,15,11,"(0.09033430006888621, 0.14970886995698662, 0.0, 0.0, 0.0, 0.07523029620258426, 0.0, 0.08279881135943302, 0.0, 0.01812760691895582)",25
10120,27,15,11,"(0.09033430006888621, 0.14970886995698662, 0.0, 0.0, 0.0, 0.051548873715099995, 0.0, 0.08279881135943302, 0.0, 0.01812760691895582)",10
10121,27,15,13,"(0.0, 0.0, 0.11679612853536596, 0.06920069129515957, 0.09172770611919409, 0.07489992963210028, 0.0, 0.0, 0.09372506413193107, 0.0)",3
10122,27,15,13,"(0.0, 0.0, 0.1283414262817807, 0.06479266358001567, 0.09172770611919409, 0.07489992963210028, 0.0, 0.0, 0.14899621190854193, 0.0)",1
10123,27,15,13,"(0.0, 0.0, 0.11679612853536596, 0.06920069129515957, 0.09172770611919409, 0.07489992963210028, 0.0, 0.0, 0.14899621190854193, 0.0)",197
10124,27,16,8,"(0.09369258606422372, 0.0, 0.08950620996642342, 0.09247639241939104, 0.07465200933978253, 0.0, 0.06826344941350267, 0.0, 0.0, 0.0)",357
10125,27,16,8,"(0.11764917617341548, 0.0, 0.08950620996642342, 0.09247639241939104, 0.07465200933978253, 0.0, 0.04625730833426043, 0.0, 0.0, 0.0)",13
10126,27,16,8,"(0.09369258606422372, 0.0, 0.08950620996642342, 0.09247639241939104, 0.033036922159425226, 0.0, 0.06826344941350267, 0.0, 0.0, 0.0)",1
10127,27,16,11,"(0.09033430006888621, 0.14970886995698662, 0.0, 0.0, 0.0, 0.051127347968143305, 0.0, 0.08279881135943302, 0.0, 0.01812760691895582)",1
10128,27,16,11,"(0.09033430006888621, 0.07602067917889595, 0.0, 0.0, 0.0, 0.030327661978019817, 0.0, 0.0941408491428878, 0.0, 0.01812760691895582)",2
10129,27,16,11,"(0.11642427162819424, 0.14970886995698662, 0.0, 0.0, 0.0, 0.051548873715099995, 0.0, 0.046328294193365066, 0.0, 0.025489685474041093)",1
10130,27,16,11,"(0.06404519018020728, 0.14970886995698662, 0.0, 0.0, 0.0, 0.022256312693992145, 0.0, 0.08279881135943302, 0.0, 0.01812760691895582)",2
10131,27,16,11,"(0.09033430006888621, 0.14970886995698662, 0.0, 0.0, 0.0, 0.04688669779969397, 0.0, 0.08279881135943302, 0.0, 0.009750974362364636)",1
10132,27,16,11,"(0.06007171960444492, 0.07602067917889595, 0.0, 0.0, 0.0, 0.0499098641491762, 0.0, 0.08279881135943302, 0.0, 0.014292430675093289)",3
10133,27,16,11,"(0.09033430006888621, 0.14970886995698662, 0.0, 0.0, 0.0, 0.04688669779969397, 0.0, 0.07340560212127392, 0.0, 0.01812760691895582)",2
10134,27,16,11,"(0.09033430006888621, 0.14970886995698662, 0.0, 0.0, 0.0, 0.04688669779969397, 0.0, 0.08279881135943302, 0.0, 0.01812760691895582)",164
10135,27,16,11,"(0.09459147847518116, 0.14970886995698662, 0.0, 0.0, 0.0, 0.04688669779969397, 0.0, 0.08279881135943302, 0.0, 0.01812760691895582)",1
10136,27,16,11,"(0.09033430006888621, 0.07602067917889595, 0.0, 0.0, 0.0, 0.0499098641491762, 0.0, 0.08279881135943302, 0.0, 0.01812760691895582)",72
10137,27,16,11,"(0.11642427162819424, 0.14970886995698662, 0.0, 0.0, 0.0, 0.051548873715099995, 0.0, 0.08279881135943302, 0.0, 0.01812760691895582)",39
10138,27,16,11,"(0.09033430006888621, 0.14970886995698662, 0.0, 0.0, 0.0, 0.051548873715099995, 0.0, 0.08279881135943302, 0.0, 0.01812760691895582)",113
10139,27,16,13,"(0.0, 0.0, 0.11679612853536596, 0.06920069129515957, 0.09172770611919409, 0.07489992963210028, 0.0, 0.0, 0.14899621190854193, 0.0)",157
10140,27,17,8,"(0.1942522436095093, 0.0, 0.07937687314251125, 0.09247639241939104, 0.07465200933978253, 0.0, 0.06826344941350267, 0.0, 0.0, 0.0)",2
10141,27,17,8,"(0.11473447659020718, 0.0, 0.08950620996642342, 0.09247639241939104, 0.07076573519745773, 0.0, 0.06379988093545609, 0.0, 0.0, 0.0)",4
10142,27,17,8,"(0.09369258606422372, 0.0, 0.08950620996642342, 0.09247639241939104, 0.07465200933978253, 0.0, 0.06826344941350267, 0.0, 0.0, 0.0)",373
10143,27,17,8,"(0.09369258606422372, 0.0, 0.08950620996642342, 0.09247639241939104, 0.05523741339906359, 0.0, 0.06826344941350267, 0.0, 0.0, 0.0)",1
10144,27,17,11,"(0.11642427162819424, 0.14970886995698662, 0.0, 0.0, 0.0, 0.04122683820843641, 0.0, 0.08279881135943302, 0.0, 0.01812760691895582)",1
10145,27,17,11,"(0.11642427162819424, 0.14970886995698662, 0.0, 0.0, 0.0, 0.039776462437527145, 0.0, 0.08279881135943302, 0.0, 0.01812760691895582)",2
10146,27,17,11,"(0.09033430006888621, 0.14970886995698662, 0.0, 0.0, 0.0, 0.051548873715099995, 0.0, 0.08281574613421404, 0.0, 0.01812760691895582)",1
10147,27,17,11,"(0.11642427162819424, 0.14970886995698662, 0.0, 0.0, 0.0, 0.051548873715099995, 0.0, 0.08279881135943302, 0.0, 0.01812760691895582)",173
10148,27,17,11,"(0.09033430006888621, 0.07602067917889595, 0.0, 0.0, 0.0, 0.0499098641491762, 0.0, 0.08279881135943302, 0.0, 0.01812760691895582)",108
10149,27,17,11,"(0.16676078352948673, 0.07602067917889595, 0.0, 0.0, 0.0, 0.0499098641491762, 0.0, 0.08279881135943302, 0.0, 0.01812760691895582)",2
10150,27,17,11,"(0.15044857386225896, 0.17989827529219957, 0.0, 0.0, 0.0, 0.04688669779969397, 0.0, 0.08279881135943302, 0.0, 0.01812760691895582)",2
10151,27,17,11,"(0.09033430006888621, 0.14970886995698662, 0.0, 0.0, 0.0, 0.051548873715099995, 0.0, 0.08279881135943302, 0.0, 0.01812760691895582)",115
10152,27,17,11,"(0.09033430006888621, 0.14509945503553157, 0.0, 0.0, 0.0, 0.051548873715099995, 0.0, 0.08279881135943302, 0.0, 0.01812760691895582)",1
10153,27,17,11,"(0.11642427162819424, 0.14970886995698662, 0.0, 0.0, 0.0, 0.051548873715099995, 0.0, 0.1296027138507144, 0.0, 0.01812760691895582)",2
10154,27,17,11,"(0.0512687928220311, 0.14970886995698662, 0.0, 0.0, 0.0, 0.018253776458975645, 0.0, 0.08279881135943302, 0.0, 0.034983294950382784)",1
10155,27,17,11,"(0.16802166689947343, 0.14970886995698662, 0.0, 0.0, 0.0, 0.051548873715099995, 0.0, 0.08279881135943302, 0.0, 0.01914154541429426)",1
10156,27,17,11,"(0.09033430006888621, 0.14970886995698662, 0.0, 0.0, 0.0, 0.04688669779969397, 0.0, 0.08279881135943302, 0.0, 0.01812760691895582)",19
10157,27,17,13,"(0.0, 0.0, 0.11679612853536596, 0.06920069129515957, 0.09172770611919409, 0.07489992963210028, 0.0, 0.0, 0.14899621190854193, 0.0)",169
10158,27,17,13,"(0.0, 0.0, 0.09051950061837827, 0.07900678182894155, 0.09172770611919409, 0.07489992963210028, 0.0, 0.0, 0.14899621190854193, 0.0)",25
10159,27,18,8,"(0.09369258606422372, 0.0, 0.08950620996642342, 0.09247639241939104, 0.09173902283359818, 0.0, 0.06826344941350267, 0.0, 0.0, 0.0)",297
10160,27,18,8,"(0.09369258606422372, 0.0, 0.0668818291885143, 0.09247639241939104, 0.09173902283359818, 0.0, 0.06826344941350267, 0.0, 0.0, 0.0)",3
10161,27,18,8,"(0.09369258606422372, 0.0, 0.08215296509792776, 0.09247639241939104, 0.09173902283359818, 0.0, 0.06826344941350267, 0.0, 0.0, 0.0)",2
10162,27,18,11,"(0.09033430006888621, 0.11446296080476302, 0.0, 0.0, 0.0, 0.04688669779969397, 0.0, 0.08279881135943302, 0.0, 0.01812760691895582)",1
10163,27,18,11,"(0.09033430006888621, 0.14970886995698662, 0.0, 0.0, 0.0, 0.034035522642830295, 0.0, 0.08279881135943302, 0.0, 0.01812760691895582)",2
10164,27,18,11,"(0.09033430006888621, 0.14970886995698662, 0.0, 0.0, 0.0, 0.09263047749820019, 0.0, 0.08279881135943302, 0.0, 0.01812760691895582)",1
10165,27,18,11,"(0.32744636944513417, 0.14970886995698662, 0.0, 0.0, 0.0, 0.044735585104506446, 0.0, 0.06078108283281159, 0.0, 0.01812760691895582)",2
10166,27,18,11,"(0.09033430006888621, 0.14970886995698662, 0.0, 0.0, 0.0, 0.04688669779969397, 0.0, 0.09523546217639671, 0.0, 0.01812760691895582)",22
10167,27,18,11,"(0.09033430006888621, 0.14970886995698662, 0.0, 0.0, 0.0, 0.04688669779969397, 0.0, 0.08279881135943302, 0.0, 0.01812760691895582)",451
10168,27,18,11,"(0.09033430006888621, 0.14970886995698662, 0.0, 0.0, 0.0, 0.036731270600766905, 0.0, 0.09523546217639671, 0.0, 0.01812760691895582)",2
10169,27,18,11,"(0.09033430006888621, 0.14970886995698662, 0.0, 0.0, 0.0, 0.09263047749820019, 0.0, 0.08279881135943302, 0.0, 0.01063940003421462)",2
10170,27,18,11,"(0.09033430006888621, 0.10053945631008084, 0.0, 0.0, 0.0, 0.04688669779969397, 0.0, 0.08279881135943302, 0.0, 0.02112653697524633)",61
10171,27,18,11,"(0.09033430006888621, 0.14970886995698662, 0.0, 0.0, 0.0, 0.04688669779969397, 0.0, 0.08279881135943302, 0.0, 0.010434939888449509)",2
10172,27,18,11,"(0.07454965685944709, 0.14970886995698662, 0.0, 0.0, 0.0, 0.04688669779969397, 0.0, 0.09523546217639671, 0.0, 0.01812760691895582)",2
10173,27,18,11,"(0.09033430006888621, 0.14970886995698662, 0.0, 0.0, 0.0, 0.04688669779969397, 0.0, 0.08279881135943302, 0.0, 0.019740889559848596)",1
10174,27,18,13,"(0.0, 0.0, 0.11679612853536596, 0.062315013608224286, 0.09172770611919409, 0.07489992963210028, 0.0, 0.0, 0.14899621190854193, 0.0)",1
10175,27,18,13,"(0.0, 0.0, 0.11679612853536596, 0.08950956534605552, 0.09172770611919409, 0.07489992963210028, 0.0, 0.0, 0.14899621190854193, 0.0)",1
10176,27,18,13,"(0.0, 0.0, 0.11679612853536596, 0.06920069129515957, 0.09172770611919409, 0.07489992963210028, 0.0, 0.0, 0.14899621190854193, 0.0)",182
10177,27,18,13,"(0.0, 0.0, 0.11679612853536596, 0.06920069129515957, 0.11835891507387285, 0.05307053855582141, 0.0, 0.0, 0.17475954975882194, 0.0)",1
10178,27,18,13,"(0.0, 0.0, 0.11679612853536596, 0.06920069129515957, 0.09934626122266448, 0.07489992963210028, 0.0, 0.0, 0.14899621190854193, 0.0)",2
10179,27,19,8,"(0.10775963748350498, 0.0, 0.08950620996642342, 0.09247639241939104, 0.09173902283359818, 0.0, 0.06826344941350267, 0.0, 0.0, 0.0)",11
10180,27,19,8,"(0.12648701123217998, 0.0, 0.06472037009186249, 0.08237051868166882, 0.1491837643982968, 0.0, 0.06826344941350267, 0.0, 0.0, 0.0)",7
10181,27,19,8,"(0.06486003362966934, 0.0, 0.08950620996642342, 0.09247639241939104, 0.09173902283359818, 0.0, 0.06826344941350267, 0.0, 0.0, 0.0)",1
10182,27,19,8,"(0.09369258606422372, 0.0, 0.08950620996642342, 0.09247639241939104, 0.09173902283359818, 0.0, 0.06826344941350267, 0.0, 0.0, 0.0)",235
10183,27,19,8,"(0.09369258606422372, 0.0, 0.06472037009186249, 0.09247639241939104, 0.09173902283359818, 0.0, 0.06826344941350267, 0.0, 0.0, 0.0)",55
10184,27,19,8,"(0.1295140484056697, 0.0, 0.08950620996642342, 0.06771394136611751, 0.09173902283359818, 0.0, 0.05720202955699834, 0.0, 0.0, 0.0)",2
10185,27,19,8,"(0.09369258606422372, 0.0, 0.0557302466927271, 0.09247639241939104, 0.09173902283359818, 0.0, 0.11886838188401033, 0.0, 0.0, 0.0)",6
10186,27,19,11,"(0.1635254869567676, 0.14970886995698662, 0.0, 0.0, 0.0, 0.04688669779969397, 0.0, 0.08279881135943302, 0.0, 0.01812760691895582)",5
10187,27,19,11,"(0.09033430006888621, 0.14970886995698662, 0.0, 0.0, 0.0, 0.06027449138174319, 0.0, 0.08279881135943302, 0.0, 0.01812760691895582)",3
10188,27,19,11,"(0.09033430006888621, 0.18379215485375983, 0.0, 0.0, 0.0, 0.04688669779969397, 0.0, 0.08279881135943302, 0.0, 0.01812760691895582)",1
10189,27,19,11,"(0.09033430006888621, 0.14970886995698662, 0.0, 0.0, 0.0, 0.04688669779969397, 0.0, 0.09572310913604754, 0.0, 0.01812760691895582)",1
10190,27,19,11,"(0.09033430006888621, 0.14970886995698662, 0.0, 0.0, 0.0, 0.04688669779969397, 0.0, 0.08279881135943302, 0.0, 0.0146713856801846)",13
10191,27,19,11,"(0.09033430006888621, 0.14970886995698662, 0.0, 0.0, 0.0, 0.043578699822787226, 0.0, 0.08279881135943302, 0.0, 0.01812760691895582)",17
10192,27,19,11,"(0.09033430006888621, 0.14970886995698662, 0.0, 0.0, 0.0, 0.04688669779969397, 0.0, 0.09523546217639671, 0.0, 0.01812760691895582)",2
10193,27,19,11,"(0.09033430006888621, 0.14970886995698662, 0.0, 0.0, 0.0, 0.04688669779969397, 0.0, 0.09287631354917229, 0.0, 0.01812760691895582)",11
10194,27,19,11,"(0.09033430006888621, 0.14970886995698662, 0.0, 0.0, 0.0, 0.04688669779969397, 0.0, 0.08279881135943302, 0.0, 0.013820045080327267)",8
10195,27,19,11,"(0.09033430006888621, 0.14970886995698662, 0.0, 0.0, 0.0, 0.04688669779969397, 0.0, 0.08827288824817724, 0.0, 0.01812760691895582)",1
10196,27,19,11,"(0.09033430006888621, 0.14970886995698662, 0.0, 0.0, 0.0, 0.04688669779969397, 0.0, 0.08279881135943302, 0.0, 0.030339758169009162)",6
10197,27,19,11,"(0.09033430006888621, 0.14970886995698662, 0.0, 0.0, 0.0, 0.044121535004250735, 0.0, 0.08279881135943302, 0.0, 0.01812760691895582)",1
10198,27,19,11,"(0.09033430006888621, 0.14970886995698662, 0.0, 0.0, 0.0, 0.024145305814010264, 0.0, 0.13877215285481853, 0.0, 0.01812760691895582)",4
10199,27,19,11,"(0.09033430006888621, 0.14970886995698662, 0.0, 0.0, 0.0, 0.07759305346376151, 0.0, 0.08279881135943302, 0.0, 0.01812760691895582)",12
10200,27,19,11,"(0.09033430006888621, 0.11860388022048235, 0.0, 0.0, 0.0, 0.08907812415945383, 0.0, 0.08279881135943302, 0.0, 0.01812760691895582)",5
10201,27,19,11,"(0.09033430006888621, 0.14970886995698662, 0.0, 0.0, 0.0, 0.04688669779969397, 0.0, 0.08279881135943302, 0.0, 0.01812760691895582)",418
10202,27,19,13,"(0.0, 0.0, 0.11679612853536596, 0.06920069129515957, 0.11629053346490681, 0.07489992963210028, 0.0, 0.0, 0.11572907351378546, 0.0)",2
10203,27,19,13,"(0.0, 0.0, 0.11679612853536596, 0.06920069129515957, 0.09172770611919409, 0.07489992963210028, 0.0, 0.0, 0.11572907351378546, 0.0)",18
10204,27,19,13,"(0.0, 0.0, 0.11679612853536596, 0.06920069129515957, 0.09172770611919409, 0.07489992963210028, 0.0, 0.0, 0.14899621190854193, 0.0)",161
10205,27,19,13,"(0.0, 0.0, 0.11679612853536596, 0.03329988053560196, 0.09172770611919409, 0.07489992963210028, 0.0, 0.0, 0.14899621190854193, 0.0)",1
10206,27,20,8,"(0.08647745093641869, 0.0, 0.08837379294509422, 0.07847428190719512, 0.09173902283359818, 0.0, 0.0793422055627487, 0.0, 0.0, 0.0)",2
10207,27,20,8,"(0.08647745093641869, 0.0, 0.08837379294509422, 0.04136112089030767, 0.09470056701261449, 0.0, 0.0793422055627487, 0.0, 0.0, 0.0)",3
10208,27,20,8,"(0.09369258606422372, 0.0, 0.08950620996642342, 0.09247639241939104, 0.06921334898387711, 0.0, 0.06826344941350267, 0.0, 0.0, 0.0)",1
10209,27,20,8,"(0.09369258606422372, 0.0, 0.08950620996642342, 0.09247639241939104, 0.09173902283359818, 0.0, 0.06826344941350267, 0.0, 0.0, 0.0)",140
10210,27,20,8,"(0.09369258606422372, 0.0, 0.06472037009186249, 0.09247639241939104, 0.09173902283359818, 0.0, 0.06826344941350267, 0.0, 0.0, 0.0)",2
10211,27,20,8,"(0.08647745093641869, 0.0, 0.08837379294509422, 0.058379683667949385, 0.09173902283359818, 0.0, 0.0793422055627487, 0.0, 0.0, 0.0)",132
10212,27,20,8,"(0.06912556452776045, 0.0, 0.08950620996642342, 0.09247639241939104, 0.09173902283359818, 0.0, 0.06826344941350267, 0.0, 0.0, 0.0)",24
10213,27,20,11,"(0.09033430006888621, 0.14970886995698662, 0.0, 0.0, 0.0, 0.04688669779969397, 0.0, 0.08279881135943302, 0.0, 0.01812760691895582)",448
10214,27,20,11,"(0.09033430006888621, 0.14970886995698662, 0.0, 0.0, 0.0, 0.04688669779969397, 0.0, 0.053140340423905336, 0.0, 0.01812760691895582)",6
10215,27,20,11,"(0.09033430006888621, 0.14970886995698662, 0.0, 0.0, 0.0, 0.04688669779969397, 0.0, 0.08279881135943302, 0.0, 0.017571659011621873)",1
10216,27,20,11,"(0.09033430006888621, 0.17214966015001967, 0.0, 0.0, 0.0, 0.05658771103989842, 0.0, 0.08279881135943302, 0.0, 0.01812760691895582)",2
10217,27,20,11,"(0.06311273009268857, 0.14970886995698662, 0.0, 0.0, 0.0, 0.04688669779969397, 0.0, 0.08279881135943302, 0.0, 0.01812760691895582)",2
10218,27,20,11,"(0.09033430006888621, 0.14970886995698662, 0.0, 0.0, 0.0, 0.03558671136831942, 0.0, 0.08279881135943302, 0.0, 0.01812760691895582)",2
10219,27,20,11,"(0.09033430006888621, 0.14970886995698662, 0.0, 0.0, 0.0, 0.05968646449455629, 0.0, 0.08279881135943302, 0.0, 0.01812760691895582)",1
10220,27,20,11,"(0.07889542903845584, 0.14970886995698662, 0.0, 0.0, 0.0, 0.04688669779969397, 0.0, 0.08279881135943302, 0.0, 0.02220911484741408)",23
10221,27,20,11,"(0.09033430006888621, 0.14970886995698662, 0.0, 0.0, 0.0, 0.043578699822787226, 0.0, 0.08279881135943302, 0.0, 0.01812760691895582)",26
10222,27,20,13,"(0.0, 0.0, 0.11679612853536596, 0.03603362060356412, 0.07444649090229963, 0.07489992963210028, 0.0, 0.0, 0.14899621190854193, 0.0)",1
10223,27,20,13,"(0.0, 0.0, 0.11679612853536596, 0.06920069129515957, 0.1337109103185645, 0.07489992963210028, 0.0, 0.0, 0.14899621190854193, 0.0)",1
10224,27,20,13,"(0.0, 0.0, 0.11679612853536596, 0.06920069129515957, 0.09172770611919409, 0.10053899193193194, 0.0, 0.0, 0.14899621190854193, 0.0)",4
10225,27,20,13,"(0.0, 0.0, 0.11679612853536596, 0.06920069129515957, 0.09172770611919409, 0.07489992963210028, 0.0, 0.0, 0.14899621190854193, 0.0)",176
10226,28,0,8,"(0.09369258606422372, 0.0, 0.08950620996642342, 0.09247639241939104, 0.07465200933978253, 0.0, 0.06826344941350267, 0.0, 0.0, 0.0)",295
10227,28,0,8,"(0.1942522436095093, 0.0, 0.07937687314251125, 0.09247639241939104, 0.07465200933978253, 0.0, 0.06826344941350267, 0.0, 0.0, 0.0)",3
10228,28,0,11,"(0.11642427162819424, 0.14970886995698662, 0.0, 0.0, 0.0, 0.051548873715099995, 0.0, 0.08279881135943302, 0.0, 0.01812760691895582)",142
10229,28,0,11,"(0.09033430006888621, 0.14970886995698662, 0.0, 0.0, 0.0, 0.051548873715099995, 0.0, 0.08279881135943302, 0.0, 0.01812760691895582)",169
10230,28,0,11,"(0.09033430006888621, 0.07602067917889595, 0.0, 0.0, 0.0, 0.0499098641491762, 0.0, 0.08279881135943302, 0.0, 0.01812760691895582)",223
10231,28,0,11,"(0.09033430006888621, 0.14970886995698662, 0.0, 0.0, 0.0, 0.051548873715099995, 0.0, 0.06587501758950261, 0.0, 0.03545129541523492)",4
10232,28,0,11,"(0.09033430006888621, 0.14970886995698662, 0.0, 0.0, 0.0, 0.04688669779969397, 0.0, 0.08279881135943302, 0.0, 0.01812760691895582)",3
10233,28,0,11,"(0.10296727689896842, 0.14970886995698662, 0.0, 0.0, 0.0, 0.051548873715099995, 0.0, 0.08279881135943302, 0.0, 0.00983645247511195)",1
10234,28,0,13,"(0.0, 0.0, 0.09051950061837827, 0.07900678182894155, 0.09172770611919409, 0.07489992963210028, 0.0, 0.0, 0.14899621190854193, 0.0)",14
10235,28,0,13,"(0.0, 0.0, 0.11679612853536596, 0.06920069129515957, 0.09172770611919409, 0.07489992963210028, 0.0, 0.0, 0.14899621190854193, 0.0)",164
10236,28,1,8,"(0.06851096467111087, 0.0, 0.08950620996642342, 0.03882840230775849, 0.07465200933978253, 0.0, 0.06826344941350267, 0.0, 0.0, 0.0)",4
10237,28,1,8,"(0.09369258606422372, 0.0, 0.08950620996642342, 0.09247639241939104, 0.07465200933978253, 0.0, 0.06826344941350267, 0.0, 0.0, 0.0)",428
10238,28,1,8,"(0.07287340597664069, 0.0, 0.08950620996642342, 0.09247639241939104, 0.07465200933978253, 0.0, 0.06826344941350267, 0.0, 0.0, 0.0)",1
10239,28,1,8,"(0.05951793887354098, 0.0, 0.049718475639125966, 0.09247639241939104, 0.07465200933978253, 0.0, 0.06826344941350267, 0.0, 0.0, 0.0)",3
10240,28,1,8,"(0.19551355297390408, 0.0, 0.08950620996642342, 0.09247639241939104, 0.07465200933978253, 0.0, 0.06826344941350267, 0.0, 0.0, 0.0)",1
10241,28,1,11,"(0.12076885471365194, 0.04310363746310851, 0.0, 0.0, 0.0, 0.0499098641491762, 0.0, 0.08279881135943302, 0.0, 0.01812760691895582)",3
10242,28,1,11,"(0.09033430006888621, 0.14970886995698662, 0.0, 0.0, 0.0, 0.051548873715099995, 0.0, 0.08279881135943302, 0.0, 0.01812760691895582)",96
10243,28,1,11,"(0.11642427162819424, 0.14970886995698662, 0.0, 0.0, 0.0, 0.051548873715099995, 0.0, 0.08279881135943302, 0.0, 0.01812760691895582)",91
10244,28,1,11,"(0.09033430006888621, 0.07602067917889595, 0.0, 0.0, 0.0, 0.07898473922346878, 0.0, 0.08279881135943302, 0.0, 0.0146374445874379)",1
10245,28,1,11,"(0.09033430006888621, 0.07602067917889595, 0.0, 0.0, 0.0, 0.0499098641491762, 0.0, 0.02806899749085025, 0.0, 0.020922252075033076)",1
10246,28,1,11,"(0.09033430006888621, 0.07602067917889595, 0.0, 0.0, 0.0, 0.0499098641491762, 0.0, 0.08279881135943302, 0.0, 0.01812760691895582)",162
10247,28,1,11,"(0.11642427162819424, 0.14970886995698662, 0.0, 0.0, 0.0, 0.051548873715099995, 0.0, 0.08279881135943302, 0.0, 0.02928885936140042)",1
10248,28,1,11,"(0.09033430006888621, 0.14970886995698662, 0.0, 0.0, 0.0, 0.04688669779969397, 0.0, 0.08279881135943302, 0.0, 0.01812760691895582)",19
10249,28,1,11,"(0.09033430006888621, 0.06143403738646461, 0.0, 0.0, 0.0, 0.0499098641491762, 0.0, 0.08279881135943302, 0.0, 0.006240491988619284)",1
10250,28,1,11,"(0.09033430006888621, 0.07602067917889595, 0.0, 0.0, 0.0, 0.0499098641491762, 0.0, 0.02806899749085025, 0.0, 0.01812760691895582)",1
10251,28,1,13,"(0.0, 0.0, 0.11679612853536596, 0.06920069129515957, 0.09172770611919409, 0.07489992963210028, 0.0, 0.0, 0.1748469440204582, 0.0)",1
10252,28,1,13,"(0.0, 0.0, 0.11679612853536596, 0.06920069129515957, 0.09172770611919409, 0.07489992963210028, 0.0, 0.0, 0.14899621190854193, 0.0)",152
10253,28,1,13,"(0.0, 0.0, 0.09051950061837827, 0.07900678182894155, 0.09172770611919409, 0.07489992963210028, 0.0, 0.0, 0.14899621190854193, 0.0)",8
10254,28,1,13,"(0.0, 0.0, 0.10241406347276563, 0.06920069129515957, 0.09172770611919409, 0.03297927891912635, 0.0, 0.0, 0.14899621190854193, 0.0)",1
10255,28,1,13,"(0.0, 0.0, 0.11679612853536596, 0.06920069129515957, 0.15259387498170904, 0.07489992963210028, 0.0, 0.0, 0.14899621190854193, 0.0)",1
10256,28,2,8,"(0.09369258606422372, 0.0, 0.08950620996642342, 0.09247639241939104, 0.07465200933978253, 0.0, 0.06826344941350267, 0.0, 0.0, 0.0)",346
10257,28,2,8,"(0.09369258606422372, 0.0, 0.11944531447973325, 0.09247639241939104, 0.07465200933978253, 0.0, 0.06826344941350267, 0.0, 0.0, 0.0)",2
10258,28,2,8,"(0.11105209717502194, 0.0, 0.08950620996642342, 0.09247639241939104, 0.07465200933978253, 0.0, 0.06826344941350267, 0.0, 0.0, 0.0)",2
10259,28,2,8,"(0.11473447659020718, 0.0, 0.08950620996642342, 0.09247639241939104, 0.07076573519745773, 0.0, 0.06379988093545609, 0.0, 0.0, 0.0)",11
10260,28,2,11,"(0.09033430006888621, 0.14970886995698662, 0.0, 0.0, 0.0, 0.051548873715099995, 0.0, 0.08279881135943302, 0.0, 0.01812760691895582)",152
10261,28,2,11,"(0.09033430006888621, 0.07602067917889595, 0.0, 0.0, 0.0, 0.0499098641491762, 0.0, 0.08279881135943302, 0.0, 0.01812760691895582)",119
10262,28,2,11,"(0.08588948595683936, 0.14970886995698662, 0.0, 0.0, 0.0, 0.051548873715099995, 0.0, 0.08279881135943302, 0.0, 0.01812760691895582)",1
10263,28,2,11,"(0.11642427162819424, 0.14970886995698662, 0.0, 0.0, 0.0, 0.051548873715099995, 0.0, 0.08279881135943302, 0.0, 0.01812760691895582)",160
10264,28,2,11,"(0.08798703664458282, 0.07602067917889595, 0.0, 0.0, 0.0, 0.0499098641491762, 0.0, 0.08279881135943302, 0.0, 0.01812760691895582)",1
10265,28,2,13,"(0.0, 0.0, 0.09051950061837827, 0.07900678182894155, 0.09172770611919409, 0.07489992963210028, 0.0, 0.0, 0.166669330708952, 0.0)",14
10266,28,2,13,"(0.0, 0.0, 0.09051950061837827, 0.07900678182894155, 0.09172770611919409, 0.07489992963210028, 0.0, 0.0, 0.14899621190854193, 0.0)",83
10267,28,2,13,"(0.0, 0.0, 0.11679612853536596, 0.06920069129515957, 0.09172770611919409, 0.10301965578303425, 0.0, 0.0, 0.14899621190854193, 0.0)",1
10268,28,2,13,"(0.0, 0.0, 0.11679612853536596, 0.06920069129515957, 0.09172770611919409, 0.07489992963210028, 0.0, 0.0, 0.14899621190854193, 0.0)",120
10269,28,3,8,"(0.09369258606422372, 0.0, 0.08950620996642342, 0.09247639241939104, 0.11882006966693623, 0.0, 0.06826344941350267, 0.0, 0.0, 0.0)",2
10270,28,3,8,"(0.08873180492723655, 0.0, 0.08950620996642342, 0.09247639241939104, 0.09173902283359818, 0.0, 0.06826344941350267, 0.0, 0.0, 0.0)",2
10271,28,3,8,"(0.09369258606422372, 0.0, 0.08950620996642342, 0.09247639241939104, 0.09173902283359818, 0.0, 0.06826344941350267, 0.0, 0.0, 0.0)",278
10272,28,3,8,"(0.09369258606422372, 0.0, 0.09900455923317997, 0.09247639241939104, 0.08394291655554446, 0.0, 0.06506816354598279, 0.0, 0.0, 0.0)",5
10273,28,3,11,"(0.09033430006888621, 0.14970886995698662, 0.0, 0.0, 0.0, 0.04688669779969397, 0.0, 0.08279881135943302, 0.0, 0.01812760691895582)",119
10274,28,3,11,"(0.09033430006888621, 0.14970886995698662, 0.0, 0.0, 0.0, 0.04688669779969397, 0.0, 0.08279881135943302, 0.0, 0.018132164242422914)",2
10275,28,3,11,"(0.11661212115692443, 0.11085874844444915, 0.0, 0.0, 0.0, 0.04688669779969397, 0.0, 0.08279881135943302, 0.0, 0.01812760691895582)",25
10276,28,3,11,"(0.09033430006888621, 0.11085874844444915, 0.0, 0.0, 0.0, 0.04688669779969397, 0.0, 0.08279881135943302, 0.0, 0.013870696598509933)",1
10277,28,3,11,"(0.09033430006888621, 0.14970886995698662, 0.0, 0.0, 0.0, 0.04688669779969397, 0.0, 0.08279881135943302, 0.0, 0.0146713856801846)",17
10278,28,3,11,"(0.09033430006888621, 0.08193770596807949, 0.0, 0.0, 0.0, 0.04688669779969397, 0.0, 0.08279881135943302, 0.0, 0.01812760691895582)",1
10279,28,3,11,"(0.09033430006888621, 0.12798955894139918, 0.0, 0.0, 0.0, 0.04688669779969397, 0.0, 0.08279881135943302, 0.0, 0.011437154870027187)",11
10280,28,3,11,"(0.09033430006888621, 0.11085874844444915, 0.0, 0.0, 0.0, 0.04688669779969397, 0.0, 0.08279881135943302, 0.0, 0.01812760691895582)",337
10281,28,3,11,"(0.09033430006888621, 0.11085874844444915, 0.0, 0.0, 0.0, 0.04688669779969397, 0.0, 0.05999947079090462, 0.0, 0.01812760691895582)",2
10282,28,3,11,"(0.09033430006888621, 0.11085874844444915, 0.0, 0.0, 0.0, 0.0395367674624807, 0.0, 0.08279881135943302, 0.0, 0.01812760691895582)",1
10283,28,3,11,"(0.0749519021461942, 0.09776916967324277, 0.0, 0.0, 0.0, 0.04688669779969397, 0.0, 0.08279881135943302, 0.0, 0.01812760691895582)",1
10284,28,3,11,"(0.10955624712209151, 0.11085874844444915, 0.0, 0.0, 0.0, 0.055661881507602345, 0.0, 0.08279881135943302, 0.0, 0.01812760691895582)",1
10285,28,3,11,"(0.09033430006888621, 0.11085874844444915, 0.0, 0.0, 0.0, 0.04688669779969397, 0.0, 0.064118095749029, 0.0, 0.01812760691895582)",1
10286,28,3,13,"(0.0, 0.0, 0.11679612853536596, 0.06920069129515957, 0.09172770611919409, 0.07489992963210028, 0.0, 0.0, 0.14899621190854193, 0.0)",178
10287,28,3,13,"(0.0, 0.0, 0.11679612853536596, 0.06920069129515957, 0.09172770611919409, 0.04008776035971503, 0.0, 0.0, 0.14899621190854193, 0.0)",2
10288,28,4,8,"(0.12236702073600396, 0.0, 0.06325680112209155, 0.09247639241939104, 0.09173902283359818, 0.0, 0.06826344941350267, 0.0, 0.0, 0.0)",2
10289,28,4,8,"(0.09369258606422372, 0.0, 0.08950620996642342, 0.09247639241939104, 0.09173902283359818, 0.0, 0.1018328445617031, 0.0, 0.0, 0.0)",2
10290,28,4,8,"(0.08564627275006977, 0.0, 0.08950620996642342, 0.09247639241939104, 0.09173902283359818, 0.0, 0.06826344941350267, 0.0, 0.0, 0.0)",1
10291,28,4,8,"(0.09369258606422372, 0.0, 0.08950620996642342, 0.09247639241939104, 0.09173902283359818, 0.0, 0.06826344941350267, 0.0, 0.0, 0.0)",298
10292,28,4,8,"(0.09369258606422372, 0.0, 0.074434699760355, 0.09247639241939104, 0.09173902283359818, 0.0, 0.14288049424371801, 0.0, 0.0, 0.0)",1
10293,28,4,11,"(0.09033430006888621, 0.14970886995698662, 0.0, 0.0, 0.0, 0.04688669779969397, 0.0, 0.09523546217639671, 0.0, 0.01812760691895582)",13
10294,28,4,11,"(0.1421718429307519, 0.14970886995698662, 0.0, 0.0, 0.0, 0.04904983697745118, 0.0, 0.08279881135943302, 0.0, 0.020806939113663884)",1
10295,28,4,11,"(0.09033430006888621, 0.11085874844444915, 0.0, 0.0, 0.0, 0.04688669779969397, 0.0, 0.08279881135943302, 0.0, 0.01812760691895582)",238
10296,28,4,11,"(0.11530247068116926, 0.11085874844444915, 0.0, 0.0, 0.0, 0.04688669779969397, 0.0, 0.08279881135943302, 0.0, 0.01812760691895582)",1
10297,28,4,11,"(0.09033430006888621, 0.14970886995698662, 0.0, 0.0, 0.0, 0.04688669779969397, 0.0, 0.11686078466289392, 0.0, 0.01812760691895582)",1
10298,28,4,11,"(0.09033430006888621, 0.14970886995698662, 0.0, 0.0, 0.0, 0.05543484366071815, 0.0, 0.08279881135943302, 0.0, 0.01812760691895582)",1
10299,28,4,11,"(0.09033430006888621, 0.14970886995698662, 0.0, 0.0, 0.0, 0.04688669779969397, 0.0, 0.13917373116271808, 0.0, 0.01812760691895582)",1
10300,28,4,11,"(0.09033430006888621, 0.12827441732864356, 0.0, 0.0, 0.0, 0.04688669779969397, 0.0, 0.08279881135943302, 0.0, 0.01812760691895582)",15
10301,28,4,11,"(0.09033430006888621, 0.14970886995698662, 0.0, 0.0, 0.0, 0.043578699822787226, 0.0, 0.08279881135943302, 0.0, 0.01812760691895582)",21
10302,28,4,11,"(0.09033430006888621, 0.14970886995698662, 0.0, 0.0, 0.0, 0.04688669779969397, 0.0, 0.08279881135943302, 0.0, 0.01812760691895582)",213
10303,28,4,11,"(0.09033430006888621, 0.11085874844444915, 0.0, 0.0, 0.0, 0.04688669779969397, 0.0, 0.08279881135943302, 0.0, 0.024681372415726103)",5
10304,28,4,13,"(0.0, 0.0, 0.11679612853536596, 0.06920069129515957, 0.09172770611919409, 0.07267152470712568, 0.0, 0.0, 0.14899621190854193, 0.0)",1
10305,28,4,13,"(0.0, 0.0, 0.11679612853536596, 0.06920069129515957, 0.09172770611919409, 0.07489992963210028, 0.0, 0.0, 0.14899621190854193, 0.0)",160
10306,28,4,13,"(0.0, 0.0, 0.11679612853536596, 0.06920069129515957, 0.09172770611919409, 0.07589929425770689, 0.0, 0.0, 0.14899621190854193, 0.0)",1
10307,28,5,8,"(0.06342120227535764, 0.0, 0.08950620996642342, 0.09247639241939104, 0.09173902283359818, 0.0, 0.06826344941350267, 0.0, 0.0, 0.0)",1
10308,28,5,8,"(0.14103590546623002, 0.0, 0.08950620996642342, 0.06335791293106251, 0.09173902283359818, 0.0, 0.06826344941350267, 0.0, 0.0, 0.0)",1
10309,28,5,8,"(0.09369258606422372, 0.0, 0.08950620996642342, 0.09247639241939104, 0.13496857468963355, 0.0, 0.06826344941350267, 0.0, 0.0, 0.0)",1
10310,28,5,8,"(0.09369258606422372, 0.0, 0.08950620996642342, 0.09247639241939104, 0.09173902283359818, 0.0, 0.06826344941350267, 0.0, 0.0, 0.0)",279
10311,28,5,11,"(0.09033430006888621, 0.14970886995698662, 0.0, 0.0, 0.0, 0.08323797981364361, 0.0, 0.08279881135943302, 0.0, 0.059115404074359085)",1
10312,28,5,11,"(0.09033430006888621, 0.13243713144244867, 0.0, 0.0, 0.0, 0.04688669779969397, 0.0, 0.08279881135943302, 0.0, 0.01812760691895582)",1
10313,28,5,11,"(0.09033430006888621, 0.14970886995698662, 0.0, 0.0, 0.0, 0.04688669779969397, 0.0, 0.08279881135943302, 0.0, 0.061461291762586114)",5
10314,28,5,11,"(0.09033430006888621, 0.11085874844444915, 0.0, 0.0, 0.0, 0.04688669779969397, 0.0, 0.08279881135943302, 0.0, 0.030376468928693248)",1
10315,28,5,11,"(0.09033430006888621, 0.14970886995698662, 0.0, 0.0, 0.0, 0.04688669779969397, 0.0, 0.08279881135943302, 0.0, 0.01812760691895582)",153
10316,28,5,11,"(0.09033430006888621, 0.11085874844444915, 0.0, 0.0, 0.0, 0.04688669779969397, 0.0, 0.029930493408722413, 0.0, 0.01812760691895582)",1
10317,28,5,11,"(0.09033430006888621, 0.14970886995698662, 0.0, 0.0, 0.0, 0.043578699822787226, 0.0, 0.08279881135943302, 0.0, 0.01812760691895582)",31
10318,28,5,11,"(0.09033430006888621, 0.11085874844444915, 0.0, 0.0, 0.0, 0.04542830339834878, 0.0, 0.045884310324177884, 0.0, 0.01812760691895582)",1
10319,28,5,11,"(0.08982125491919692, 0.14970886995698662, 0.0, 0.0, 0.0, 0.04688669779969397, 0.0, 0.08279881135943302, 0.0, 0.01812760691895582)",1
10320,28,5,11,"(0.09033430006888621, 0.11085874844444915, 0.0, 0.0, 0.0, 0.04688669779969397, 0.0, 0.045884310324177884, 0.0, 0.01812760691895582)",8
10321,28,5,11,"(0.09033430006888621, 0.15782321653098866, 0.0, 0.0, 0.0, 0.04688669779969397, 0.0, 0.08279881135943302, 0.0, 0.01812760691895582)",1
10322,28,5,11,"(0.09033430006888621, 0.11085874844444915, 0.0, 0.0, 0.0, 0.04688669779969397, 0.0, 0.08279881135943302, 0.0, 0.01812760691895582)",291
10323,28,5,13,"(0.0, 0.0, 0.06782216860483582, 0.06920069129515957, 0.09172770611919409, 0.07489992963210028, 0.0, 0.0, 0.14899621190854193, 0.0)",1
10324,28,5,13,"(0.0, 0.0, 0.14461758807268973, 0.06920069129515957, 0.09172770611919409, 0.07489992963210028, 0.0, 0.0, 0.14899621190854193, 0.0)",2
10325,28,5,13,"(0.0, 0.0, 0.11679612853536596, 0.06920069129515957, 0.09172770611919409, 0.07489992963210028, 0.0, 0.0, 0.14899621190854193, 0.0)",180
10326,28,6,8,"(0.09369258606422372, 0.0, 0.08950620996642342, 0.09247639241939104, 0.07465200933978253, 0.0, 0.06826344941350267, 0.0, 0.0, 0.0)",299
10327,28,6,8,"(0.09369258606422372, 0.0, 0.14509455129859453, 0.09247639241939104, 0.07465200933978253, 0.0, 0.06826344941350267, 0.0, 0.0, 0.0)",30
10328,28,6,8,"(0.09369258606422372, 0.0, 0.08950620996642342, 0.09247639241939104, 0.07465200933978253, 0.0, 0.08556673228637744, 0.0, 0.0, 0.0)",3
10329,28,6,8,"(0.09369258606422372, 0.0, 0.08950620996642342, 0.09247639241939104, 0.07465200933978253, 0.0, 0.05919183590383591, 0.0, 0.0, 0.0)",2
10330,28,6,8,"(0.09369258606422372, 0.0, 0.08950620996642342, 0.09247639241939104, 0.07465200933978253, 0.0, 0.04471716698120513, 0.0, 0.0, 0.0)",3
10331,28,6,8,"(0.09369258606422372, 0.0, 0.08950620996642342, 0.054638361181148586, 0.07465200933978253, 0.0, 0.06826344941350267, 0.0, 0.0, 0.0)",1
10332,28,6,8,"(0.09369258606422372, 0.0, 0.11030617127600471, 0.09247639241939104, 0.07465200933978253, 0.0, 0.06826344941350267, 0.0, 0.0, 0.0)",2
10333,28,6,11,"(0.11642427162819424, 0.14970886995698662, 0.0, 0.0, 0.0, 0.051548873715099995, 0.0, 0.08279881135943302, 0.0, 0.01812760691895582)",157
10334,28,6,11,"(0.09033430006888621, 0.14970886995698662, 0.0, 0.0, 0.0, 0.04688669779969397, 0.0, 0.08279881135943302, 0.0, 0.020470569319201982)",1
10335,28,6,11,"(0.09033430006888621, 0.14970886995698662, 0.0, 0.0, 0.0, 0.04688669779969397, 0.0, 0.08279881135943302, 0.0, 0.01812760691895582)",294
10336,28,6,11,"(0.09033430006888621, 0.14970886995698662, 0.0, 0.0, 0.0, 0.04688669779969397, 0.0, 0.08279881135943302, 0.0, 0.01735834508923811)",2
10337,28,6,11,"(0.09033430006888621, 0.14970886995698662, 0.0, 0.0, 0.0, 0.06565300223518572, 0.0, 0.08279881135943302, 0.0, 0.01812760691895582)",2
10338,28,6,11,"(0.09033430006888621, 0.14970886995698662, 0.0, 0.0, 0.0, 0.035343997780042456, 0.0, 0.08279881135943302, 0.0, 0.01812760691895582)",1
10339,28,6,11,"(0.09033430006888621, 0.14210697748433312, 0.0, 0.0, 0.0, 0.04688669779969397, 0.0, 0.08279881135943302, 0.0, 0.01812760691895582)",1
10340,28,6,11,"(0.09033430006888621, 0.14970886995698662, 0.0, 0.0, 0.0, 0.04688669779969397, 0.0, 0.03734085689351985, 0.0, 0.01812760691895582)",1
10341,28,6,13,"(0.0, 0.0, 0.11679612853536596, 0.08783098328918734, 0.09172770611919409, 0.07489992963210028, 0.0, 0.0, 0.14899621190854193, 0.0)",3
10342,28,6,13,"(0.0, 0.0, 0.11679612853536596, 0.06920069129515957, 0.09172770611919409, 0.07489992963210028, 0.0, 0.0, 0.14899621190854193, 0.0)",168
10343,28,6,13,"(0.0, 0.0, 0.1729401512284891, 0.06920069129515957, 0.10838768152272596, 0.0838539007788247, 0.0, 0.0, 0.14899621190854193, 0.0)",1
10344,28,6,13,"(0.0, 0.0, 0.11679612853536596, 0.06920069129515957, 0.09172770611919409, 0.11995407490525858, 0.0, 0.0, 0.14899621190854193, 0.0)",5
10345,28,7,8,"(0.09369258606422372, 0.0, 0.08950620996642342, 0.09247639241939104, 0.07465200933978253, 0.0, 0.06826344941350267, 0.0, 0.0, 0.0)",247
10346,28,7,8,"(0.0656288251374782, 0.0, 0.09779713085076903, 0.13984665928772466, 0.07465200933978253, 0.0, 0.06826344941350267, 0.0, 0.0, 0.0)",4
10347,28,7,8,"(0.09369258606422372, 0.0, 0.08524009244319565, 0.09247639241939104, 0.07465200933978253, 0.0, 0.06826344941350267, 0.0, 0.0, 0.0)",3
10348,28,7,8,"(0.12734518430576422, 0.0, 0.08950620996642342, 0.09247639241939104, 0.054965457156026805, 0.0, 0.06826344941350267, 0.0, 0.0, 0.0)",1
10349,28,7,8,"(0.09369258606422372, 0.0, 0.14509455129859453, 0.09247639241939104, 0.07465200933978253, 0.0, 0.06826344941350267, 0.0, 0.0, 0.0)",60
10350,28,7,11,"(0.09033430006888621, 0.14970886995698662, 0.0, 0.0, 0.0, 0.04688669779969397, 0.0, 0.08279881135943302, 0.0, 0.01812760691895582)",281
10351,28,7,11,"(0.09033430006888621, 0.08210559568741778, 0.0, 0.0, 0.0, 0.04688669779969397, 0.0, 0.08279881135943302, 0.0, 0.01812760691895582)",5
10352,28,7,11,"(0.11642427162819424, 0.14970886995698662, 0.0, 0.0, 0.0, 0.051548873715099995, 0.0, 0.08279881135943302, 0.0, 0.020478020571446157)",1
10353,28,7,11,"(0.11642427162819424, 0.14970886995698662, 0.0, 0.0, 0.0, 0.051548873715099995, 0.0, 0.08279881135943302, 0.0, 0.01812760691895582)",193
10354,28,7,11,"(0.09063312399584399, 0.14970886995698662, 0.0, 0.0, 0.0, 0.051548873715099995, 0.0, 0.08279881135943302, 0.0, 0.01812760691895582)",4
10355,28,7,11,"(0.09033430006888621, 0.06544378918877893, 0.0, 0.0, 0.0, 0.05038349202433928, 0.0, 0.06622207516401055, 0.0, 0.01812760691895582)",1
10356,28,7,13,"(0.0, 0.0, 0.11679612853536596, 0.04930997941054816, 0.09172770611919409, 0.07489992963210028, 0.0, 0.0, 0.09405837345963487, 0.0)",2
10357,28,7,13,"(0.0, 0.0, 0.07853007459853326, 0.06920069129515957, 0.09172770611919409, 0.07489992963210028, 0.0, 0.0, 0.14899621190854193, 0.0)",2
10358,28,7,13,"(0.0, 0.0, 0.11679612853536596, 0.06920069129515957, 0.09172770611919409, 0.07489992963210028, 0.0, 0.0, 0.11883837981465471, 0.0)",1
10359,28,7,13,"(0.0, 0.0, 0.11679612853536596, 0.06920069129515957, 0.09172770611919409, 0.07489992963210028, 0.0, 0.0, 0.14899621190854193, 0.0)",170
10360,28,8,8,"(0.09369258606422372, 0.0, 0.08950620996642342, 0.09247639241939104, 0.07465200933978253, 0.0, 0.06826344941350267, 0.0, 0.0, 0.0)",259
10361,28,8,8,"(0.09369258606422372, 0.0, 0.10278985857923313, 0.09247639241939104, 0.07465200933978253, 0.0, 0.06826344941350267, 0.0, 0.0, 0.0)",1
10362,28,8,8,"(0.09369258606422372, 0.0, 0.08923158854473123, 0.09247639241939104, 0.07465200933978253, 0.0, 0.06826344941350267, 0.0, 0.0, 0.0)",30
10363,28,8,8,"(0.09369258606422372, 0.0, 0.08950620996642342, 0.09247639241939104, 0.09587914124635258, 0.0, 0.06826344941350267, 0.0, 0.0, 0.0)",2
10364,28,8,8,"(0.09369258606422372, 0.0, 0.08950620996642342, 0.09247639241939104, 0.07465200933978253, 0.0, 0.04196276147785014, 0.0, 0.0, 0.0)",5
10365,28,8,8,"(0.09369258606422372, 0.0, 0.13582074296281657, 0.0625197179592039, 0.07465200933978253, 0.0, 0.06826344941350267, 0.0, 0.0, 0.0)",1
10366,28,8,8,"(0.06321038981066267, 0.0, 0.08950620996642342, 0.09247639241939104, 0.07465200933978253, 0.0, 0.06826344941350267, 0.0, 0.0, 0.0)",2
10367,28,8,8,"(0.09369258606422372, 0.0, 0.14509455129859453, 0.09247639241939104, 0.07465200933978253, 0.0, 0.06826344941350267, 0.0, 0.0, 0.0)",37
10368,28,8,11,"(0.11642427162819424, 0.14970886995698662, 0.0, 0.0, 0.0, 0.051548873715099995, 0.0, 0.08279881135943302, 0.0, 0.01812760691895582)",102
10369,28,8,11,"(0.09033430006888621, 0.14970886995698662, 0.0, 0.0, 0.0, 0.04688669779969397, 0.0, 0.08279881135943302, 0.0, 0.01812760691895582)",280
10370,28,8,11,"(0.09033430006888621, 0.18318856575686937, 0.0, 0.0, 0.0, 0.04688669779969397, 0.0, 0.07597327319545288, 0.0, 0.01812760691895582)",3
10371,28,8,11,"(0.11642427162819424, 0.14970886995698662, 0.0, 0.0, 0.0, 0.051548873715099995, 0.0, 0.0371854124657587, 0.0, 0.01812760691895582)",1
10372,28,8,11,"(0.09033430006888621, 0.14970886995698662, 0.0, 0.0, 0.0, 0.05900196438896627, 0.0, 0.08279881135943302, 0.0, 0.018508052603184454)",1
10373,28,8,11,"(0.09033430006888621, 0.14970886995698662, 0.0, 0.0, 0.0, 0.06993910466567255, 0.0, 0.08279881135943302, 0.0, 0.01812760691895582)",5
10374,28,8,11,"(0.07701540136796217, 0.14970886995698662, 0.0, 0.0, 0.0, 0.04688669779969397, 0.0, 0.08994553958943811, 0.0, 0.01812760691895582)",1
10375,28,8,11,"(0.09033430006888621, 0.14970886995698662, 0.0, 0.0, 0.0, 0.031002940987553292, 0.0, 0.1225894173936014, 0.0, 0.01812760691895582)",10
10376,28,8,11,"(0.07701540136796217, 0.14970886995698662, 0.0, 0.0, 0.0, 0.04688669779969397, 0.0, 0.08279881135943302, 0.0, 0.01812760691895582)",17
10377,28,8,11,"(0.07701540136796217, 0.14970886995698662, 0.0, 0.0, 0.0, 0.05407860281840984, 0.0, 0.08279881135943302, 0.0, 0.01812760691895582)",1
10378,28,8,13,"(0.0, 0.0, 0.12626631974465313, 0.06920069129515957, 0.09172770611919409, 0.07489992963210028, 0.0, 0.0, 0.14899621190854193, 0.0)",1
10379,28,8,13,"(0.0, 0.0, 0.11679612853536596, 0.06920069129515957, 0.09172770611919409, 0.07489992963210028, 0.0, 0.0, 0.14899621190854193, 0.0)",164
10380,28,9,8,"(0.09369258606422372, 0.0, 0.08950620996642342, 0.09247639241939104, 0.09173902283359818, 0.0, 0.06826344941350267, 0.0, 0.0, 0.0)",305
10381,28,9,8,"(0.09369258606422372, 0.0, 0.08950620996642342, 0.09247639241939104, 0.09173902283359818, 0.0, 0.04604089204618543, 0.0, 0.0, 0.0)",2
10382,28,9,8,"(0.09369258606422372, 0.0, 0.08407494549930533, 0.09247639241939104, 0.07533518229008708, 0.0, 0.06826344941350267, 0.0, 0.0, 0.0)",1
10383,28,9,8,"(0.09369258606422372, 0.0, 0.08950620996642342, 0.09434223077512585, 0.062167673784502345, 0.0, 0.06826344941350267, 0.0, 0.0, 0.0)",1
10384,28,9,11,"(0.11087151401746691, 0.14970886995698662, 0.0, 0.0, 0.0, 0.04688669779969397, 0.0, 0.08279881135943302, 0.0, 0.01812760691895582)",2
10385,28,9,11,"(0.09033430006888621, 0.14970886995698662, 0.0, 0.0, 0.0, 0.04688669779969397, 0.0, 0.11670410273344241, 0.0, 0.01812760691895582)",2
10386,28,9,11,"(0.09033430006888621, 0.14970886995698662, 0.0, 0.0, 0.0, 0.04688669779969397, 0.0, 0.08279881135943302, 0.0, 0.0146713856801846)",146
10387,28,9,11,"(0.09033430006888621, 0.14970886995698662, 0.0, 0.0, 0.0, 0.03251719700721867, 0.0, 0.03281338438063316, 0.0, 0.01812760691895582)",1
10388,28,9,11,"(0.09033430006888621, 0.1166650183181532, 0.0, 0.0, 0.0, 0.05871679312828867, 0.0, 0.08279881135943302, 0.0, 0.01812760691895582)",23
10389,28,9,11,"(0.09033430006888621, 0.14970886995698662, 0.0, 0.0, 0.0, 0.04688669779969397, 0.0, 0.08279881135943302, 0.0, 0.013673430611481283)",6
10390,28,9,11,"(0.09033430006888621, 0.14970886995698662, 0.0, 0.0, 0.0, 0.04688669779969397, 0.0, 0.08279881135943302, 0.0, 0.01812760691895582)",293
10391,28,9,11,"(0.09033430006888621, 0.2081944850283336, 0.0, 0.0, 0.0, 0.04688669779969397, 0.0, 0.08279881135943302, 0.0, 0.0146713856801846)",2
10392,28,9,11,"(0.1273128758339797, 0.0869323900544981, 0.0, 0.0, 0.0, 0.04688669779969397, 0.0, 0.08279881135943302, 0.0, 0.01812760691895582)",1
10393,28,9,11,"(0.09033430006888621, 0.14970886995698662, 0.0, 0.0, 0.0, 0.04688669779969397, 0.0, 0.08279881135943302, 0.0, 0.01833395395178335)",5
10394,28,9,11,"(0.10719644722591219, 0.14970886995698662, 0.0, 0.0, 0.0, 0.04688669779969397, 0.0, 0.08034716598458062, 0.0, 0.0189339545976119)",2
10395,28,9,11,"(0.09480690335153535, 0.10975835013892592, 0.0, 0.0, 0.0, 0.04688669779969397, 0.0, 0.08279881135943302, 0.0, 0.01812760691895582)",1
10396,28,9,11,"(0.08482427956464339, 0.14970886995698662, 0.0, 0.0, 0.0, 0.04688669779969397, 0.0, 0.08279881135943302, 0.0, 0.01812760691895582)",1
10397,28,9,13,"(0.0, 0.0, 0.11679612853536596, 0.06920069129515957, 0.14555611691167247, 0.07489992963210028, 0.0, 0.0, 0.14899621190854193, 0.0)",3
10398,28,9,13,"(0.0, 0.0, 0.11679612853536596, 0.06920069129515957, 0.09172770611919409, 0.07489992963210028, 0.0, 0.0, 0.14899621190854193, 0.0)",172
10399,28,10,8,"(0.09369258606422372, 0.0, 0.08950620996642342, 0.09247639241939104, 0.055703181365546875, 0.0, 0.06826344941350267, 0.0, 0.0, 0.0)",9
10400,28,10,8,"(0.09369258606422372, 0.0, 0.08950620996642342, 0.09247639241939104, 0.09173902283359818, 0.0, 0.06826344941350267, 0.0, 0.0, 0.0)",288
10401,28,10,8,"(0.09369258606422372, 0.0, 0.08950620996642342, 0.09247639241939104, 0.09173902283359818, 0.0, 0.05426077611574753, 0.0, 0.0, 0.0)",1
10402,28,10,8,"(0.0635720369866623, 0.0, 0.08950620996642342, 0.09247639241939104, 0.09089041211729536, 0.0, 0.03558620857666686, 0.0, 0.0, 0.0)",1
10403,28,10,8,"(0.09369258606422372, 0.0, 0.05171245812735932, 0.09247639241939104, 0.09173902283359818, 0.0, 0.06826344941350267, 0.0, 0.0, 0.0)",1
10404,28,10,11,"(0.09033430006888621, 0.14970886995698662, 0.0, 0.0, 0.0, 0.04688669779969397, 0.0, 0.08279881135943302, 0.0, 0.0146713856801846)",81
10405,28,10,11,"(0.09033430006888621, 0.14970886995698662, 0.0, 0.0, 0.0, 0.04688669779969397, 0.0, 0.08279881135943302, 0.0, 0.01812760691895582)",353
10406,28,10,11,"(0.09033430006888621, 0.14970886995698662, 0.0, 0.0, 0.0, 0.04688669779969397, 0.0, 0.11556411297990908, 0.0, 0.03983772709907959)",1
10407,28,10,11,"(0.09033430006888621, 0.1251426077500921, 0.0, 0.0, 0.0, 0.04688669779969397, 0.0, 0.08279881135943302, 0.0, 0.0146713856801846)",6
10408,28,10,11,"(0.08476311702422616, 0.14970886995698662, 0.0, 0.0, 0.0, 0.04688669779969397, 0.0, 0.08279881135943302, 0.0, 0.01812760691895582)",5
10409,28,10,11,"(0.09033430006888621, 0.14970886995698662, 0.0, 0.0, 0.0, 0.043578699822787226, 0.0, 0.08279881135943302, 0.0, 0.01812760691895582)",13
10410,28,10,11,"(0.09033430006888621, 0.14970886995698662, 0.0, 0.0, 0.0, 0.04688669779969397, 0.0, 0.11556411297990908, 0.0, 0.01812760691895582)",3
10411,28,10,11,"(0.09033430006888621, 0.24279878858213425, 0.0, 0.0, 0.0, 0.04688669779969397, 0.0, 0.08279881135943302, 0.0, 0.01812760691895582)",2
10412,28,10,11,"(0.09033430006888621, 0.16726164489190012, 0.0, 0.0, 0.0, 0.04688669779969397, 0.0, 0.08279881135943302, 0.0, 0.017439143784166392)",2
10413,28,10,11,"(0.09033430006888621, 0.14970886995698662, 0.0, 0.0, 0.0, 0.04688669779969397, 0.0, 0.09488616282963543, 0.0, 0.01812760691895582)",1
10414,28,10,13,"(0.0, 0.0, 0.11679612853536596, 0.06920069129515957, 0.09172770611919409, 0.07489992963210028, 0.0, 0.0, 0.14899621190854193, 0.0)",171
10415,28,10,13,"(0.0, 0.0, 0.11679612853536596, 0.06920069129515957, 0.09172770611919409, 0.09691960781014163, 0.0, 0.0, 0.14899621190854193, 0.0)",2
10416,28,10,13,"(0.0, 0.0, 0.11679612853536596, 0.06920069129515957, 0.09172770611919409, 0.07489992963210028, 0.0, 0.0, 0.10107419694685019, 0.0)",1
10417,28,11,8,"(0.09369258606422372, 0.0, 0.08950620996642342, 0.12862575772612403, 0.09173902283359818, 0.0, 0.06826344941350267, 0.0, 0.0, 0.0)",2
10418,28,11,8,"(0.09369258606422372, 0.0, 0.08704460999277856, 0.09247639241939104, 0.09173902283359818, 0.0, 0.06826344941350267, 0.0, 0.0, 0.0)",1
10419,28,11,8,"(0.09369258606422372, 0.0, 0.08950620996642342, 0.09247639241939104, 0.09173902283359818, 0.0, 0.06826344941350267, 0.0, 0.0, 0.0)",255
10420,28,11,8,"(0.09369258606422372, 0.0, 0.09864404584945205, 0.09247639241939104, 0.09173902283359818, 0.0, 0.06826344941350267, 0.0, 0.0, 0.0)",2
10421,28,11,8,"(0.09323240391120416, 0.0, 0.04264205017965071, 0.09247639241939104, 0.09173902283359818, 0.0, 0.0534174359442379, 0.0, 0.0, 0.0)",5
10422,28,11,11,"(0.09033430006888621, 0.15847738783087228, 0.0, 0.0, 0.0, 0.04688669779969397, 0.0, 0.08279881135943302, 0.0, 0.01812760691895582)",1
10423,28,11,11,"(0.09033430006888621, 0.14970886995698662, 0.0, 0.0, 0.0, 0.043578699822787226, 0.0, 0.08279881135943302, 0.0, 0.01812760691895582)",110
10424,28,11,11,"(0.09033430006888621, 0.17846562265599794, 0.0, 0.0, 0.0, 0.04688669779969397, 0.0, 0.08279881135943302, 0.0, 0.01812760691895582)",1
10425,28,11,11,"(0.0654621630619897, 0.14970886995698662, 0.0, 0.0, 0.0, 0.043578699822787226, 0.0, 0.08279881135943302, 0.0, 0.01812760691895582)",1
10426,28,11,11,"(0.09033430006888621, 0.11392491598970611, 0.0, 0.0, 0.0, 0.04688669779969397, 0.0, 0.08279881135943302, 0.0, 0.01812760691895582)",1
10427,28,11,11,"(0.11249809856823177, 0.14970886995698662, 0.0, 0.0, 0.0, 0.04688669779969397, 0.0, 0.08279881135943302, 0.0, 0.01812760691895582)",1
10428,28,11,11,"(0.04056554570715407, 0.14970886995698662, 0.0, 0.0, 0.0, 0.04688669779969397, 0.0, 0.08279881135943302, 0.0, 0.01812760691895582)",2
10429,28,11,11,"(0.09033430006888621, 0.2597357544115987, 0.0, 0.0, 0.0, 0.04065090076689792, 0.0, 0.08279881135943302, 0.0, 0.016785426332413634)",1
10430,28,11,11,"(0.09033430006888621, 0.14970886995698662, 0.0, 0.0, 0.0, 0.043578699822787226, 0.0, 0.08279881135943302, 0.0, 0.021155233416128516)",1
10431,28,11,11,"(0.2035052788442746, 0.08696475591405999, 0.0, 0.0, 0.0, 0.04688669779969397, 0.0, 0.08279881135943302, 0.0, 0.01812760691895582)",2
10432,28,11,11,"(0.09033430006888621, 0.1322928634569702, 0.0, 0.0, 0.0, 0.04688669779969397, 0.0, 0.08279881135943302, 0.0, 0.01812760691895582)",6
10433,28,11,11,"(0.09033430006888621, 0.14970886995698662, 0.0, 0.0, 0.0, 0.04688669779969397, 0.0, 0.08279881135943302, 0.0, 0.01812760691895582)",434
10434,28,11,11,"(0.09033430006888621, 0.14970886995698662, 0.0, 0.0, 0.0, 0.029146712244082714, 0.0, 0.08279881135943302, 0.0, 0.01812760691895582)",1
10435,28,11,13,"(0.0, 0.0, 0.11679612853536596, 0.06920069129515957, 0.09172770611919409, 0.07489992963210028, 0.0, 0.0, 0.1681606629127098, 0.0)",1
10436,28,11,13,"(0.0, 0.0, 0.11679612853536596, 0.06920069129515957, 0.09172770611919409, 0.07489992963210028, 0.0, 0.0, 0.1801584811118367, 0.0)",2
10437,28,11,13,"(0.0, 0.0, 0.11679612853536596, 0.06920069129515957, 0.09172770611919409, 0.07489992963210028, 0.0, 0.0, 0.20104586618536838, 0.0)",1
10438,28,11,13,"(0.0, 0.0, 0.11679612853536596, 0.06920069129515957, 0.09172770611919409, 0.07489992963210028, 0.0, 0.0, 0.14899621190854193, 0.0)",175
10439,28,12,8,"(0.09369258606422372, 0.0, 0.08950620996642342, 0.09247639241939104, 0.11116530810416497, 0.0, 0.06826344941350267, 0.0, 0.0, 0.0)",2
10440,28,12,8,"(0.09369258606422372, 0.0, 0.08950620996642342, 0.09247639241939104, 0.07465200933978253, 0.0, 0.06826344941350267, 0.0, 0.0, 0.0)",320
10441,28,12,8,"(0.09369258606422372, 0.0, 0.08950620996642342, 0.09247639241939104, 0.05298964506908802, 0.0, 0.0845803047921158, 0.0, 0.0, 0.0)",1
10442,28,12,8,"(0.09369258606422372, 0.0, 0.1059837367879907, 0.09247639241939104, 0.07465200933978253, 0.0, 0.06826344941350267, 0.0, 0.0, 0.0)",1
10443,28,12,8,"(0.09369258606422372, 0.0, 0.08950620996642342, 0.09247639241939104, 0.044055025584727486, 0.0, 0.06826344941350267, 0.0, 0.0, 0.0)",4
10444,28,12,8,"(0.23323541211526672, 0.0, 0.08950620996642342, 0.09247639241939104, 0.07419079847084233, 0.0, 0.08759045966932347, 0.0, 0.0, 0.0)",1
10445,28,12,11,"(0.08646437398799871, 0.14970886995698662, 0.0, 0.0, 0.0, 0.051548873715099995, 0.0, 0.08279881135943302, 0.0, 0.01812760691895582)",1
10446,28,12,11,"(0.09033430006888621, 0.13354723088802803, 0.0, 0.0, 0.0, 0.051548873715099995, 0.0, 0.08279881135943302, 0.0, 0.016054692051882175)",1
10447,28,12,11,"(0.09033430006888621, 0.14970886995698662, 0.0, 0.0, 0.0, 0.051548873715099995, 0.0, 0.08279881135943302, 0.0, 0.01812760691895582)",157
10448,28,12,11,"(0.09033430006888621, 0.14970886995698662, 0.0, 0.0, 0.0, 0.04688669779969397, 0.0, 0.08279881135943302, 0.0, 0.01812760691895582)",302
10449,28,12,13,"(0.0, 0.0, 0.11679612853536596, 0.06920069129515957, 0.09172770611919409, 0.05534024898658454, 0.0, 0.0, 0.14899621190854193, 0.0)",1
10450,28,12,13,"(0.0, 0.0, 0.11679612853536596, 0.06920069129515957, 0.09172770611919409, 0.07489992963210028, 0.0, 0.0, 0.14899621190854193, 0.0)",169
10451,28,13,8,"(0.08177620762714893, 0.0, 0.08950620996642342, 0.09247639241939104, 0.07465200933978253, 0.0, 0.06826344941350267, 0.0, 0.0, 0.0)",63
10452,28,13,8,"(0.09369258606422372, 0.0, 0.08950620996642342, 0.09247639241939104, 0.07465200933978253, 0.0, 0.06826344941350267, 0.0, 0.0, 0.0)",270
10453,28,13,8,"(0.03338609420656449, 0.0, 0.08950620996642342, 0.09247639241939104, 0.07465200933978253, 0.0, 0.06826344941350267, 0.0, 0.0, 0.0)",17
10454,28,13,8,"(0.09369258606422372, 0.0, 0.08950620996642342, 0.09247639241939104, 0.07465200933978253, 0.0, 0.05933010652522487, 0.0, 0.0, 0.0)",7
10455,28,13,8,"(0.09369258606422372, 0.0, 0.08950620996642342, 0.11338667727061962, 0.07465200933978253, 0.0, 0.0872270563041613, 0.0, 0.0, 0.0)",1
10456,28,13,8,"(0.09369258606422372, 0.0, 0.08950620996642342, 0.09247639241939104, 0.04336526855786446, 0.0, 0.06826344941350267, 0.0, 0.0, 0.0)",1
10457,28,13,8,"(0.161168898621429, 0.0, 0.08950620996642342, 0.09247639241939104, 0.07465200933978253, 0.0, 0.06826344941350267, 0.0, 0.0, 0.0)",4
10458,28,13,11,"(0.09033430006888621, 0.23022610383291447, 0.0, 0.0, 0.0, 0.04688669779969397, 0.0, 0.08279881135943302, 0.0, 0.01812760691895582)",1
10459,28,13,11,"(0.09033430006888621, 0.14970886995698662, 0.0, 0.0, 0.0, 0.04688669779969397, 0.0, 0.08279881135943302, 0.0, 0.01812760691895582)",349
10460,28,13,11,"(0.09033430006888621, 0.14970886995698662, 0.0, 0.0, 0.0, 0.04688669779969397, 0.0, 0.08279881135943302, 0.0, 0.014834274679739544)",3
10461,28,13,11,"(0.11642427162819424, 0.14970886995698662, 0.0, 0.0, 0.0, 0.051548873715099995, 0.0, 0.08279881135943302, 0.0, 0.027050077836732196)",32
10462,28,13,11,"(0.09033430006888621, 0.07790425899832965, 0.0, 0.0, 0.0, 0.04688669779969397, 0.0, 0.10820258526166612, 0.0, 0.01812760691895582)",4
10463,28,13,13,"(0.0, 0.0, 0.11679612853536596, 0.02853738012433485, 0.09172770611919409, 0.07489992963210028, 0.0, 0.0, 0.14899621190854193, 0.0)",2
10464,28,13,13,"(0.0, 0.0, 0.11679612853536596, 0.06920069129515957, 0.09172770611919409, 0.07489992963210028, 0.0, 0.0, 0.14899621190854193, 0.0)",195
10465,28,14,8,"(0.09146317883187698, 0.0, 0.08950620996642342, 0.09247639241939104, 0.07465200933978253, 0.0, 0.06826344941350267, 0.0, 0.0, 0.0)",1
10466,28,14,8,"(0.09369258606422372, 0.0, 0.12645109196019816, 0.09247639241939104, 0.07465200933978253, 0.0, 0.06826344941350267, 0.0, 0.0, 0.0)",3
10467,28,14,8,"(0.09369258606422372, 0.0, 0.08950620996642342, 0.09247639241939104, 0.07465200933978253, 0.0, 0.06826344941350267, 0.0, 0.0, 0.0)",340
10468,28,14,11,"(0.09033430006888621, 0.14970886995698662, 0.0, 0.0, 0.0, 0.051548873715099995, 0.0, 0.057745911751647915, 0.0, 0.01812760691895582)",4
10469,28,14,11,"(0.09033430006888621, 0.1736924991449678, 0.0, 0.0, 0.0, 0.04185788004592127, 0.0, 0.08279881135943302, 0.0, 0.012780696267626878)",30
10470,28,14,11,"(0.09033430006888621, 0.23402544351562196, 0.0, 0.0, 0.0, 0.07833667729592725, 0.0, 0.09305650729335459, 0.0, 0.01812760691895582)",1
10471,28,14,11,"(0.09033430006888621, 0.14970886995698662, 0.0, 0.0, 0.0, 0.051548873715099995, 0.0, 0.08279881135943302, 0.0, 0.01812760691895582)",138
10472,28,14,11,"(0.06343241188699474, 0.14970886995698662, 0.0, 0.0, 0.0, 0.04688669779969397, 0.0, 0.08279881135943302, 0.0, 0.01812760691895582)",1
10473,28,14,11,"(0.08704879889564847, 0.14970886995698662, 0.0, 0.0, 0.0, 0.051548873715099995, 0.0, 0.1409622292247117, 0.0, 0.01812760691895582)",1
10474,28,14,11,"(0.09033430006888621, 0.14970886995698662, 0.0, 0.0, 0.0, 0.04688669779969397, 0.0, 0.08279881135943302, 0.0, 0.034955347829980686)",2
10475,28,14,11,"(0.09033430006888621, 0.24227483745442382, 0.0, 0.0, 0.0, 0.04688669779969397, 0.0, 0.08279881135943302, 0.0, 0.01812760691895582)",1
10476,28,14,11,"(0.10070348592229894, 0.14970886995698662, 0.0, 0.0, 0.0, 0.03971235316422082, 0.0, 0.08279881135943302, 0.0, 0.010658389661061732)",1
10477,28,14,11,"(0.09033430006888621, 0.14970886995698662, 0.0, 0.0, 0.0, 0.04688669779969397, 0.0, 0.08279881135943302, 0.0, 0.01812760691895582)",225
10478,28,14,13,"(0.0, 0.0, 0.11679612853536596, 0.06920069129515957, 0.09172770611919409, 0.07489992963210028, 0.0, 0.0, 0.13052819541275792, 0.0)",1
10479,28,14,13,"(0.0, 0.0, 0.11679612853536596, 0.07431532913293211, 0.09172770611919409, 0.07737620295204183, 0.0, 0.0, 0.14899621190854193, 0.0)",1
10480,28,14,13,"(0.0, 0.0, 0.11679612853536596, 0.06920069129515957, 0.09172770611919409, 0.07489992963210028, 0.0, 0.0, 0.14899621190854193, 0.0)",185
10481,28,15,8,"(0.09369258606422372, 0.0, 0.08950620996642342, 0.09247639241939104, 0.06907750388451407, 0.0, 0.06826344941350267, 0.0, 0.0, 0.0)",2
10482,28,15,8,"(0.09790969088567468, 0.0, 0.08950620996642342, 0.09247639241939104, 0.09173902283359818, 0.0, 0.06826344941350267, 0.0, 0.0, 0.0)",2
10483,28,15,8,"(0.09369258606422372, 0.0, 0.08950620996642342, 0.09247639241939104, 0.09173902283359818, 0.0, 0.06826344941350267, 0.0, 0.0, 0.0)",286
10484,28,15,8,"(0.05818471453897679, 0.0, 0.08950620996642342, 0.09247639241939104, 0.09173902283359818, 0.0, 0.06826344941350267, 0.0, 0.0, 0.0)",2
10485,28,15,8,"(0.13507689582500387, 0.0, 0.08950620996642342, 0.09247639241939104, 0.09173902283359818, 0.0, 0.06826344941350267, 0.0, 0.0, 0.0)",1
10486,28,15,8,"(0.09369258606422372, 0.0, 0.06431508393463403, 0.09247639241939104, 0.09173902283359818, 0.0, 0.06826344941350267, 0.0, 0.0, 0.0)",1
10487,28,15,11,"(0.06480162241597803, 0.14970886995698662, 0.0, 0.0, 0.0, 0.07076948883496594, 0.0, 0.08279881135943302, 0.0, 0.01812760691895582)",1
10488,28,15,11,"(0.09033430006888621, 0.14970886995698662, 0.0, 0.0, 0.0, 0.04688669779969397, 0.0, 0.09523546217639671, 0.0, 0.01812760691895582)",35
10489,28,15,11,"(0.06405082482069252, 0.14970886995698662, 0.0, 0.0, 0.0, 0.043578699822787226, 0.0, 0.08279881135943302, 0.0, 0.01812760691895582)",1
10490,28,15,11,"(0.09033430006888621, 0.14970886995698662, 0.0, 0.0, 0.0, 0.043578699822787226, 0.0, 0.11068755286719632, 0.0, 0.01812760691895582)",14
10491,28,15,11,"(0.09033430006888621, 0.14970886995698662, 0.0, 0.0, 0.0, 0.04688669779969397, 0.0, 0.08279881135943302, 0.0, 0.01812760691895582)",256
10492,28,15,11,"(0.09033430006888621, 0.14970886995698662, 0.0, 0.0, 0.0, 0.04688669779969397, 0.0, 0.08279881135943302, 0.0, 0.015365216492633152)",2
10493,28,15,11,"(0.06480162241597803, 0.14970886995698662, 0.0, 0.0, 0.0, 0.07076948883496594, 0.0, 0.06997638982060941, 0.0, 0.01812760691895582)",1
10494,28,15,11,"(0.09033430006888621, 0.14970886995698662, 0.0, 0.0, 0.0, 0.043578699822787226, 0.0, 0.08279881135943302, 0.0, 0.01812760691895582)",176
10495,28,15,13,"(0.0, 0.0, 0.08200884112033185, 0.06920069129515957, 0.09172770611919409, 0.07489992963210028, 0.0, 0.0, 0.12039309019552227, 0.0)",1
10496,28,15,13,"(0.0, 0.0, 0.11679612853536596, 0.06920069129515957, 0.09172770611919409, 0.06622212322171095, 0.0, 0.0, 0.14899621190854193, 0.0)",2
10497,28,15,13,"(0.0, 0.0, 0.11679612853536596, 0.06920069129515957, 0.09172770611919409, 0.07489992963210028, 0.0, 0.0, 0.14899621190854193, 0.0)",154
10498,28,15,13,"(0.0, 0.0, 0.11679612853536596, 0.06920069129515957, 0.09172770611919409, 0.07489992963210028, 0.0, 0.0, 0.12944417128514507, 0.0)",2
10499,28,16,8,"(0.09369258606422372, 0.0, 0.11627121491207673, 0.09247639241939104, 0.09173902283359818, 0.0, 0.06826344941350267, 0.0, 0.0, 0.0)",1
10500,28,16,8,"(0.09369258606422372, 0.0, 0.08950620996642342, 0.09247639241939104, 0.060558850075678565, 0.0, 0.06826344941350267, 0.0, 0.0, 0.0)",2
10501,28,16,8,"(0.09369258606422372, 0.0, 0.08950620996642342, 0.09007859879721937, 0.09173902283359818, 0.0, 0.04517719646044723, 0.0, 0.0, 0.0)",17
10502,28,16,8,"(0.09369258606422372, 0.0, 0.08950620996642342, 0.09247639241939104, 0.05096137038034305, 0.0, 0.06826344941350267, 0.0, 0.0, 0.0)",1
10503,28,16,8,"(0.09369258606422372, 0.0, 0.08950620996642342, 0.09247639241939104, 0.09173902283359818, 0.0, 0.06826344941350267, 0.0, 0.0, 0.0)",286
10504,28,16,11,"(0.09033430006888621, 0.09512958148680979, 0.0, 0.0, 0.0, 0.04688669779969397, 0.0, 0.08279881135943302, 0.0, 0.03707629097249464)",2
10505,28,16,11,"(0.09033430006888621, 0.14970886995698662, 0.0, 0.0, 0.0, 0.04688669779969397, 0.0, 0.08279881135943302, 0.0, 0.025081060298430314)",2
10506,28,16,11,"(0.09033430006888621, 0.11530941884141002, 0.0, 0.0, 0.0, 0.04688669779969397, 0.0, 0.08279881135943302, 0.0, 0.01812760691895582)",1
10507,28,16,11,"(0.09033430006888621, 0.14970886995698662, 0.0, 0.0, 0.0, 0.04616986966108737, 0.0, 0.09523546217639671, 0.0, 0.01812760691895582)",9
10508,28,16,11,"(0.09033430006888621, 0.14970886995698662, 0.0, 0.0, 0.0, 0.04688669779969397, 0.0, 0.08279881135943302, 0.0, 0.01812760691895582)",267
10509,28,16,11,"(0.09033430006888621, 0.14970886995698662, 0.0, 0.0, 0.0, 0.04688669779969397, 0.0, 0.09523546217639671, 0.0, 0.01812760691895582)",6
10510,28,16,11,"(0.09033430006888621, 0.14970886995698662, 0.0, 0.0, 0.0, 0.043578699822787226, 0.0, 0.08279881135943302, 0.0, 0.01812760691895582)",178
10511,28,16,11,"(0.10819646128873736, 0.14970886995698662, 0.0, 0.0, 0.0, 0.04688669779969397, 0.0, 0.08279881135943302, 0.0, 0.01812760691895582)",2
10512,28,16,11,"(0.09033430006888621, 0.16843097019470285, 0.0, 0.0, 0.0, 0.043578699822787226, 0.0, 0.08279881135943302, 0.0, 0.01667425188505267)",2
10513,28,16,11,"(0.1194893613712705, 0.14970886995698662, 0.0, 0.0, 0.0, 0.04688669779969397, 0.0, 0.08279881135943302, 0.0, 0.062258689298672024)",1
10514,28,16,13,"(0.0, 0.0, 0.11679612853536596, 0.0910589877548199, 0.09172770611919409, 0.07489992963210028, 0.0, 0.0, 0.14899621190854193, 0.0)",32
10515,28,16,13,"(0.0, 0.0, 0.11679612853536596, 0.06920069129515957, 0.09172770611919409, 0.07489992963210028, 0.0, 0.0, 0.14899621190854193, 0.0)",152
10516,28,16,13,"(0.0, 0.0, 0.11679612853536596, 0.06920069129515957, 0.09172770611919409, 0.07489992963210028, 0.0, 0.0, 0.20965447585979052, 0.0)",4
10517,28,17,8,"(0.10239676141745736, 0.0, 0.08950620996642342, 0.09247639241939104, 0.09173902283359818, 0.0, 0.06826344941350267, 0.0, 0.0, 0.0)",2
10518,28,17,8,"(0.09369258606422372, 0.0, 0.08950620996642342, 0.09247639241939104, 0.09173902283359818, 0.0, 0.06826344941350267, 0.0, 0.0, 0.0)",338
10519,28,17,8,"(0.09627273907529516, 0.0, 0.08950620996642342, 0.09247639241939104, 0.09173902283359818, 0.0, 0.06826344941350267, 0.0, 0.0, 0.0)",1
10520,28,17,8,"(0.09369258606422372, 0.0, 0.08950620996642342, 0.09247639241939104, 0.08855871639928521, 0.0, 0.07752779428352662, 0.0, 0.0, 0.0)",2
10521,28,17,8,"(0.09369258606422372, 0.0, 0.04959450652834849, 0.09247639241939104, 0.1300231917764973, 0.0, 0.06826344941350267, 0.0, 0.0, 0.0)",1
10522,28,17,11,"(0.09033430006888621, 0.14970886995698662, 0.0, 0.0, 0.0, 0.043578699822787226, 0.0, 0.11068755286719632, 0.0, 0.01812760691895582)",21
10523,28,17,11,"(0.09033430006888621, 0.14970886995698662, 0.0, 0.0, 0.0, 0.0700259966525151, 0.0, 0.08279881135943302, 0.0, 0.016969726436777008)",1
10524,28,17,11,"(0.09033430006888621, 0.14970886995698662, 0.0, 0.0, 0.0, 0.04688669779969397, 0.0, 0.09523546217639671, 0.0, 0.01812760691895582)",214
10525,28,17,11,"(0.09033430006888621, 0.14970886995698662, 0.0, 0.0, 0.0, 0.04688669779969397, 0.0, 0.09315050560187005, 0.0, 0.041415873589134025)",1
10526,28,17,11,"(0.09033430006888621, 0.14970886995698662, 0.0, 0.0, 0.0, 0.06751723568762948, 0.0, 0.08279881135943302, 0.0, 0.016969726436777008)",19
10527,28,17,11,"(0.09033430006888621, 0.14970886995698662, 0.0, 0.0, 0.0, 0.04688669779969397, 0.0, 0.08279881135943302, 0.0, 0.01812760691895582)",137
10528,28,17,11,"(0.09033430006888621, 0.09558059495773032, 0.0, 0.0, 0.0, 0.04688669779969397, 0.0, 0.09523546217639671, 0.0, 0.01812760691895582)",1
10529,28,17,11,"(0.09033430006888621, 0.14970886995698662, 0.0, 0.0, 0.0, 0.04688669779969397, 0.0, 0.09782849525547528, 0.0, 0.01812760691895582)",1
10530,28,17,11,"(0.09033430006888621, 0.14970886995698662, 0.0, 0.0, 0.0, 0.043578699822787226, 0.0, 0.08279881135943302, 0.0, 0.01812760691895582)",28
10531,28,17,13,"(0.0, 0.0, 0.11679612853536596, 0.06920069129515957, 0.09172770611919409, 0.07489992963210028, 0.0, 0.0, 0.14899621190854193, 0.0)",158
10532,28,17,13,"(0.0, 0.0, 0.11679612853536596, 0.06920069129515957, 0.053220453680942366, 0.040027011734920986, 0.0, 0.0, 0.14899621190854193, 0.0)",1
10533,28,17,13,"(0.0, 0.0, 0.05627063325092471, 0.06920069129515957, 0.09172770611919409, 0.07489992963210028, 0.0, 0.0, 0.14899621190854193, 0.0)",1
10534,28,18,8,"(0.09369258606422372, 0.0, 0.08950620996642342, 0.09247639241939104, 0.07085695944358346, 0.0, 0.06826344941350267, 0.0, 0.0, 0.0)",1
10535,28,18,8,"(0.09369258606422372, 0.0, 0.08950620996642342, 0.12452884660555404, 0.07465200933978253, 0.0, 0.06826344941350267, 0.0, 0.0, 0.0)",1
10536,28,18,8,"(0.09369258606422372, 0.0, 0.08950620996642342, 0.09247639241939104, 0.07465200933978253, 0.0, 0.06826344941350267, 0.0, 0.0, 0.0)",369
10537,28,18,8,"(0.09369258606422372, 0.0, 0.0863564053273365, 0.16895869487980078, 0.06808994893167584, 0.0, 0.06826344941350267, 0.0, 0.0, 0.0)",1
10538,28,18,11,"(0.09033430006888621, 0.14970886995698662, 0.0, 0.0, 0.0, 0.05157583992338077, 0.0, 0.08279881135943302, 0.0, 0.01812760691895582)",3
10539,28,18,11,"(0.06458278130897631, 0.14970886995698662, 0.0, 0.0, 0.0, 0.08851172348170162, 0.0, 0.08279881135943302, 0.0, 0.01812760691895582)",1
10540,28,18,11,"(0.09033430006888621, 0.14970886995698662, 0.0, 0.0, 0.0, 0.04688669779969397, 0.0, 0.08279881135943302, 0.0, 0.01812760691895582)",278
10541,28,18,11,"(0.09033430006888621, 0.14970886995698662, 0.0, 0.0, 0.0, 0.06941315245000573, 0.0, 0.08279881135943302, 0.0, 0.01812760691895582)",2
10542,28,18,11,"(0.11642427162819424, 0.14970886995698662, 0.0, 0.0, 0.0, 0.051548873715099995, 0.0, 0.08279881135943302, 0.0, 0.01812760691895582)",54
10543,28,18,11,"(0.09033430006888621, 0.14970886995698662, 0.0, 0.0, 0.0, 0.04249435682939547, 0.0, 0.08279881135943302, 0.0, 0.01812760691895582)",1
10544,28,18,11,"(0.09033430006888621, 0.07602067917889595, 0.0, 0.0, 0.0, 0.0499098641491762, 0.0, 0.08279881135943302, 0.0, 0.01812760691895582)",27
10545,28,18,11,"(0.09033430006888621, 0.14970886995698662, 0.0, 0.0, 0.0, 0.051548873715099995, 0.0, 0.08279881135943302, 0.0, 0.01812760691895582)",92
10546,28,18,13,"(0.0, 0.0, 0.11679612853536596, 0.06920069129515957, 0.09172770611919409, 0.07489992963210028, 0.0, 0.0, 0.14899621190854193, 0.0)",192
10547,28,18,13,"(0.0, 0.0, 0.11679612853536596, 0.06920069129515957, 0.07719709112443598, 0.07489992963210028, 0.0, 0.0, 0.14899621190854193, 0.0)",1
10548,28,19,8,"(0.0748964465696154, 0.0, 0.08950620996642342, 0.09247639241939104, 0.07465200933978253, 0.0, 0.06826344941350267, 0.0, 0.0, 0.0)",2
10549,28,19,8,"(0.09369258606422372, 0.0, 0.08950620996642342, 0.09247639241939104, 0.07465200933978253, 0.0, 0.06826344941350267, 0.0, 0.0, 0.0)",341
10550,28,19,8,"(0.09369258606422372, 0.0, 0.08950620996642342, 0.09247639241939104, 0.10775683699921276, 0.0, 0.06826344941350267, 0.0, 0.0, 0.0)",1
10551,28,19,8,"(0.09369258606422372, 0.0, 0.06005126881079239, 0.09247639241939104, 0.04733293339790917, 0.0, 0.08165165438851252, 0.0, 0.0, 0.0)",2
10552,28,19,8,"(0.09369258606422372, 0.0, 0.08950620996642342, 0.06675499616602551, 0.07465200933978253, 0.0, 0.06826344941350267, 0.0, 0.0, 0.0)",4
10553,28,19,11,"(0.09033430006888621, 0.07655685838821148, 0.0, 0.0, 0.0, 0.0499098641491762, 0.0, 0.08279881135943302, 0.0, 0.01812760691895582)",2
10554,28,19,11,"(0.09033430006888621, 0.07602067917889595, 0.0, 0.0, 0.0, 0.05964056302345999, 0.0, 0.08279881135943302, 0.0, 0.01812760691895582)",1
10555,28,19,11,"(0.09033430006888621, 0.14970886995698662, 0.0, 0.0, 0.0, 0.051548873715099995, 0.0, 0.08279881135943302, 0.0, 0.01812760691895582)",86
10556,28,19,11,"(0.11642427162819424, 0.14970886995698662, 0.0, 0.0, 0.0, 0.051548873715099995, 0.0, 0.08279881135943302, 0.0, 0.01812760691895582)",38
10557,28,19,11,"(0.09033430006888621, 0.14970886995698662, 0.0, 0.0, 0.0, 0.023511258696211887, 0.0, 0.08279881135943302, 0.0, 0.01812760691895582)",1
10558,28,19,11,"(0.1454723482749583, 0.14970886995698662, 0.0, 0.0, 0.0, 0.04688669779969397, 0.0, 0.08279881135943302, 0.0, 0.01812760691895582)",1
10559,28,19,11,"(0.09033430006888621, 0.07602067917889595, 0.0, 0.0, 0.0, 0.0499098641491762, 0.0, 0.08279881135943302, 0.0, 0.01812760691895582)",191
10560,28,19,11,"(0.09033430006888621, 0.17536201586427502, 0.0, 0.0, 0.0, 0.06806532892209419, 0.0, 0.08279881135943302, 0.0, 0.01812760691895582)",1
10561,28,19,11,"(0.09033430006888621, 0.14970886995698662, 0.0, 0.0, 0.0, 0.04688669779969397, 0.0, 0.08279881135943302, 0.0, 0.01812760691895582)",143
10562,28,19,11,"(0.09033430006888621, 0.07602067917889595, 0.0, 0.0, 0.0, 0.0492502616353405, 0.0, 0.08279881135943302, 0.0, 0.01812760691895582)",1
10563,28,19,13,"(0.0, 0.0, 0.11679612853536596, 0.06920069129515957, 0.09172770611919409, 0.07489992963210028, 0.0, 0.0, 0.14899621190854193, 0.0)",174
10564,28,19,13,"(0.0, 0.0, 0.11679612853536596, 0.06920069129515957, 0.12106208782755272, 0.07489992963210028, 0.0, 0.0, 0.14899621190854193, 0.0)",2
10565,28,19,13,"(0.0, 0.0, 0.11679612853536596, 0.06920069129515957, 0.10799587790218378, 0.07489992963210028, 0.0, 0.0, 0.14899621190854193, 0.0)",2
10566,28,20,8,"(0.11764917617341548, 0.0, 0.08950620996642342, 0.09247639241939104, 0.07465200933978253, 0.0, 0.04625730833426043, 0.0, 0.0, 0.0)",16
10567,28,20,8,"(0.09369258606422372, 0.0, 0.08176418361632115, 0.09247639241939104, 0.07465200933978253, 0.0, 0.06826344941350267, 0.0, 0.0, 0.0)",1
10568,28,20,8,"(0.07041503814094797, 0.0, 0.08950620996642342, 0.09247639241939104, 0.07189839531410848, 0.0, 0.07319282712828025, 0.0, 0.0, 0.0)",1
10569,28,20,8,"(0.09369258606422372, 0.0, 0.08950620996642342, 0.09247639241939104, 0.05904043710821863, 0.0, 0.06826344941350267, 0.0, 0.0, 0.0)",9
10570,28,20,8,"(0.09369258606422372, 0.0, 0.08950620996642342, 0.09247639241939104, 0.07465200933978253, 0.0, 0.06826344941350267, 0.0, 0.0, 0.0)",383
10571,28,20,11,"(0.11642427162819424, 0.14970886995698662, 0.0, 0.0, 0.0, 0.051548873715099995, 0.0, 0.08279881135943302, 0.0, 0.01812760691895582)",32
10572,28,20,11,"(0.12005564360564344, 0.14970886995698662, 0.0, 0.0, 0.0, 0.051548873715099995, 0.0, 0.08279881135943302, 0.0, 0.01812760691895582)",2
10573,28,20,11,"(0.09033430006888621, 0.14970886995698662, 0.0, 0.0, 0.0, 0.04688669779969397, 0.0, 0.07846633509999106, 0.0, 0.01812760691895582)",1
10574,28,20,11,"(0.09033430006888621, 0.14970886995698662, 0.0, 0.0, 0.0, 0.04688669779969397, 0.0, 0.08279881135943302, 0.0, 0.01812760691895582)",154
10575,28,20,11,"(0.09033430006888621, 0.14970886995698662, 0.0, 0.0, 0.0, 0.051548873715099995, 0.0, 0.08279881135943302, 0.0, 0.01812760691895582)",148
10576,28,20,11,"(0.09033430006888621, 0.07602067917889595, 0.0, 0.0, 0.0, 0.0499098641491762, 0.0, 0.08279881135943302, 0.0, 0.01812760691895582)",4
10577,28,20,11,"(0.09033430006888621, 0.14970886995698662, 0.0, 0.0, 0.0, 0.06518760502436974, 0.0, 0.08279881135943302, 0.0, 0.01812760691895582)",2
10578,28,20,11,"(0.09033430006888621, 0.14970886995698662, 0.0, 0.0, 0.0, 0.04688669779969397, 0.0, 0.13783711531890155, 0.0, 0.01812760691895582)",1
10579,28,20,13,"(0.0, 0.0, 0.11679612853536596, 0.06920069129515957, 0.09172770611919409, 0.07489992963210028, 0.0, 0.0, 0.14899621190854193, 0.0)",167
10580,28,20,13,"(0.0, 0.0, 0.11679612853536596, 0.06920069129515957, 0.15198839646849868, 0.07489992963210028, 0.0, 0.0, 0.2885140675859235, 0.0)",1
10581,28,20,13,"(0.0, 0.0, 0.11679612853536596, 0.06920069129515957, 0.09172770611919409, 0.08984335089216475, 0.0, 0.0, 0.14899621190854193, 0.0)",1
10582,28,20,13,"(0.0, 0.0, 0.11679612853536596, 0.06920069129515957, 0.09172770611919409, 0.07489992963210028, 0.0, 0.0, 0.257389549285832, 0.0)",1
10583,29,0,8,"(0.09369258606422372, 0.0, 0.08950620996642342, 0.11749553349886976, 0.09173902283359818, 0.0, 0.06826344941350267, 0.0, 0.0, 0.0)",3
10584,29,0,8,"(0.11210452377993332, 0.0, 0.07310730772029365, 0.09247639241939104, 0.09173902283359818, 0.0, 0.06826344941350267, 0.0, 0.0, 0.0)",8
10585,29,0,8,"(0.09369258606422372, 0.0, 0.08950620996642342, 0.09247639241939104, 0.09173902283359818, 0.0, 0.06826344941350267, 0.0, 0.0, 0.0)",230
10586,29,0,8,"(0.09369258606422372, 0.0, 0.08950620996642342, 0.09247639241939104, 0.09141092535393545, 0.0, 0.06826344941350267, 0.0, 0.0, 0.0)",1
10587,29,0,11,"(0.09033430006888621, 0.14970886995698662, 0.0, 0.0, 0.0, 0.04688669779969397, 0.0, 0.058748266362884896, 0.0, 0.01812760691895582)",5
10588,29,0,11,"(0.0979210100530597, 0.14970886995698662, 0.0, 0.0, 0.0, 0.04688669779969397, 0.0, 0.09523546217639671, 0.0, 0.01812760691895582)",2
10589,29,0,11,"(0.06049729926417675, 0.14970886995698662, 0.0, 0.0, 0.0, 0.0382241146445103, 0.0, 0.09523546217639671, 0.0, 0.01812760691895582)",1
10590,29,0,11,"(0.09033430006888621, 0.14970886995698662, 0.0, 0.0, 0.0, 0.04688669779969397, 0.0, 0.08279881135943302, 0.0, 0.01812760691895582)",223
10591,29,0,11,"(0.09033430006888621, 0.14970886995698662, 0.0, 0.0, 0.0, 0.04688669779969397, 0.0, 0.08279881135943302, 0.0, 0.016337874906485656)",4
10592,29,0,11,"(0.09033430006888621, 0.08937704445709037, 0.0, 0.0, 0.0, 0.04688669779969397, 0.0, 0.09523546217639671, 0.0, 0.01812760691895582)",1
10593,29,0,11,"(0.09033430006888621, 0.11150784568544764, 0.0, 0.0, 0.0, 0.04688669779969397, 0.0, 0.060367732273624845, 0.0, 0.041415873589134025)",2
10594,29,0,11,"(0.09033430006888621, 0.14970886995698662, 0.0, 0.0, 0.0, 0.04688669779969397, 0.0, 0.09523546217639671, 0.0, 0.01812760691895582)",294
10595,29,0,11,"(0.09033430006888621, 0.1648020797723573, 0.0, 0.0, 0.0, 0.04688669779969397, 0.0, 0.08279881135943302, 0.0, 0.01812760691895582)",1
10596,29,0,11,"(0.09033430006888621, 0.14970886995698662, 0.0, 0.0, 0.0, 0.04688669779969397, 0.0, 0.13001414949536486, 0.0, 0.01812760691895582)",2
10597,29,0,11,"(0.09033430006888621, 0.14970886995698662, 0.0, 0.0, 0.0, 0.02758106773325132, 0.0, 0.09523546217639671, 0.0, 0.01812760691895582)",1
10598,29,0,11,"(0.07277630986854484, 0.14970886995698662, 0.0, 0.0, 0.0, 0.04688669779969397, 0.0, 0.08279881135943302, 0.0, 0.01812760691895582)",9
10599,29,0,11,"(0.09033430006888621, 0.07569809002692639, 0.0, 0.0, 0.0, 0.024498718556171414, 0.0, 0.09523546217639671, 0.0, 0.01812760691895582)",3
10600,29,0,11,"(0.09033430006888621, 0.14970886995698662, 0.0, 0.0, 0.0, 0.04688669779969397, 0.0, 0.09315050560187005, 0.0, 0.041415873589134025)",7
10601,29,0,13,"(0.0, 0.0, 0.06766836780987079, 0.06920069129515957, 0.07108831991068457, 0.07489992963210028, 0.0, 0.0, 0.14899621190854193, 0.0)",1
10602,29,0,13,"(0.0, 0.0, 0.11679612853536596, 0.06920069129515957, 0.09172770611919409, 0.07489992963210028, 0.0, 0.0, 0.14899621190854193, 0.0)",175
10603,29,0,13,"(0.0, 0.0, 0.12606113605067681, 0.06920069129515957, 0.12054217446649575, 0.07489992963210028, 0.0, 0.0, 0.14419681674441906, 0.0)",2
10604,29,0,13,"(0.0, 0.0, 0.11679612853536596, 0.17109709299968368, 0.09172770611919409, 0.07489992963210028, 0.0, 0.0, 0.14899621190854193, 0.0)",3
10605,29,0,13,"(0.0, 0.0, 0.11679612853536596, 0.06920069129515957, 0.07108831991068457, 0.07489992963210028, 0.0, 0.0, 0.14899621190854193, 0.0)",2
10606,29,1,8,"(0.09369258606422372, 0.0, 0.08950620996642342, 0.09247639241939104, 0.09173902283359818, 0.0, 0.06826344941350267, 0.0, 0.0, 0.0)",279
10607,29,1,11,"(0.09379852575859546, 0.14970886995698662, 0.0, 0.0, 0.0, 0.04688669779969397, 0.0, 0.09523546217639671, 0.0, 0.01812760691895582)",1
10608,29,1,11,"(0.09033430006888621, 0.14970886995698662, 0.0, 0.0, 0.0, 0.04688669779969397, 0.0, 0.08279881135943302, 0.0, 0.01812760691895582)",158
10609,29,1,11,"(0.09033430006888621, 0.14970886995698662, 0.0, 0.0, 0.0, 0.04455641952404732, 0.0, 0.08279881135943302, 0.0, 0.01812760691895582)",1
10610,29,1,11,"(0.09033430006888621, 0.14970886995698662, 0.0, 0.0, 0.0, 0.04688669779969397, 0.0, 0.07898350342352485, 0.0, 0.01812760691895582)",28
10611,29,1,11,"(0.09033430006888621, 0.14970886995698662, 0.0, 0.0, 0.0, 0.04688669779969397, 0.0, 0.08279881135943302, 0.0, 0.034065761903126233)",2
10612,29,1,11,"(0.09033430006888621, 0.14970886995698662, 0.0, 0.0, 0.0, 0.04688669779969397, 0.0, 0.09523546217639671, 0.0, 0.01812760691895582)",240
10613,29,1,11,"(0.09033430006888621, 0.14970886995698662, 0.0, 0.0, 0.0, 0.04688669779969397, 0.0, 0.07665004845661977, 0.0, 0.01812760691895582)",1
10614,29,1,11,"(0.09033430006888621, 0.14970886995698662, 0.0, 0.0, 0.0, 0.04688669779969397, 0.0, 0.08279881135943302, 0.0, 0.01997234479402233)",1
10615,29,1,11,"(0.09033430006888621, 0.14970886995698662, 0.0, 0.0, 0.0, 0.04688669779969397, 0.0, 0.05259774528672127, 0.0, 0.01812760691895582)",3
10616,29,1,11,"(0.09033430006888621, 0.0814313585941428, 0.0, 0.0, 0.0, 0.04688669779969397, 0.0, 0.08279881135943302, 0.0, 0.01812760691895582)",3
10617,29,1,11,"(0.09033430006888621, 0.14970886995698662, 0.0, 0.0, 0.0, 0.06249096678509708, 0.0, 0.12060504621523348, 0.0, 0.01812760691895582)",6
10618,29,1,11,"(0.09033430006888621, 0.14970886995698662, 0.0, 0.0, 0.0, 0.050572060470248224, 0.0, 0.08279881135943302, 0.0, 0.01812760691895582)",5
10619,29,1,11,"(0.09033430006888621, 0.14970886995698662, 0.0, 0.0, 0.0, 0.03399408831591183, 0.0, 0.09523546217639671, 0.0, 0.01812760691895582)",1
10620,29,1,11,"(0.09033430006888621, 0.14970886995698662, 0.0, 0.0, 0.0, 0.043578699822787226, 0.0, 0.11068755286719632, 0.0, 0.01812760691895582)",62
10621,29,1,13,"(0.0, 0.0, 0.11679612853536596, 0.06920069129515957, 0.09172770611919409, 0.07489992963210028, 0.0, 0.0, 0.14899621190854193, 0.0)",174
10622,29,1,13,"(0.0, 0.0, 0.11679612853536596, 0.06920069129515957, 0.09172770611919409, 0.03853401950272739, 0.0, 0.0, 0.14899621190854193, 0.0)",3
10623,29,2,8,"(0.13362765310091304, 0.0, 0.08950620996642342, 0.09247639241939104, 0.09135070170133998, 0.0, 0.06826344941350267, 0.0, 0.0, 0.0)",2
10624,29,2,8,"(0.09369258606422372, 0.0, 0.08950620996642342, 0.09247639241939104, 0.09173902283359818, 0.0, 0.08930544481967535, 0.0, 0.0, 0.0)",1
10625,29,2,8,"(0.09369258606422372, 0.0, 0.10664025680836577, 0.09247639241939104, 0.09173902283359818, 0.0, 0.06826344941350267, 0.0, 0.0, 0.0)",2
10626,29,2,8,"(0.09627273907529516, 0.0, 0.08950620996642342, 0.09247639241939104, 0.09173902283359818, 0.0, 0.06826344941350267, 0.0, 0.0, 0.0)",16
10627,29,2,8,"(0.0808194787180785, 0.0, 0.08950620996642342, 0.09247639241939104, 0.09173902283359818, 0.0, 0.06826344941350267, 0.0, 0.0, 0.0)",2
10628,29,2,8,"(0.09369258606422372, 0.0, 0.08950620996642342, 0.09247639241939104, 0.09173902283359818, 0.0, 0.06826344941350267, 0.0, 0.0, 0.0)",325
10629,29,2,8,"(0.09369258606422372, 0.0, 0.08950620996642342, 0.09247639241939104, 0.09173902283359818, 0.0, 0.06210623782494204, 0.0, 0.0, 0.0)",1
10630,29,2,11,"(0.09033430006888621, 0.14970886995698662, 0.0, 0.0, 0.0, 0.04688669779969397, 0.0, 0.09523546217639671, 0.0, 0.01812760691895582)",351
10631,29,2,11,"(0.08657611041341351, 0.14970886995698662, 0.0, 0.0, 0.0, 0.04688669779969397, 0.0, 0.09523546217639671, 0.0, 0.01812760691895582)",4
10632,29,2,11,"(0.09033430006888621, 0.14970886995698662, 0.0, 0.0, 0.0, 0.04688669779969397, 0.0, 0.08279881135943302, 0.0, 0.01812760691895582)",54
10633,29,2,11,"(0.09033430006888621, 0.14970886995698662, 0.0, 0.0, 0.0, 0.04688669779969397, 0.0, 0.09523546217639671, 0.0, 0.020286645203606256)",2
10634,29,2,11,"(0.09033430006888621, 0.14970886995698662, 0.0, 0.0, 0.0, 0.043578699822787226, 0.0, 0.08279881135943302, 0.0, 0.01812760691895582)",31
10635,29,2,13,"(0.0, 0.0, 0.11679612853536596, 0.06920069129515957, 0.09172770611919409, 0.07489992963210028, 0.0, 0.0, 0.14899621190854193, 0.0)",178
10636,29,2,13,"(0.0, 0.0, 0.11679612853536596, 0.06920069129515957, 0.09745687223157778, 0.07489992963210028, 0.0, 0.0, 0.14899621190854193, 0.0)",3
10637,29,3,8,"(0.09369258606422372, 0.0, 0.11135904783555844, 0.09247639241939104, 0.07465200933978253, 0.0, 0.06826344941350267, 0.0, 0.0, 0.0)",1
10638,29,3,8,"(0.09369258606422372, 0.0, 0.08950620996642342, 0.09247639241939104, 0.07465200933978253, 0.0, 0.06826344941350267, 0.0, 0.0, 0.0)",317
10639,29,3,11,"(0.07327296155911463, 0.07602067917889595, 0.0, 0.0, 0.0, 0.0499098641491762, 0.0, 0.08279881135943302, 0.0, 0.01812760691895582)",1
10640,29,3,11,"(0.10157612694101514, 0.14970886995698662, 0.0, 0.0, 0.0, 0.051358872211795754, 0.0, 0.08279881135943302, 0.0, 0.01812760691895582)",1
10641,29,3,11,"(0.11642427162819424, 0.14970886995698662, 0.0, 0.0, 0.0, 0.051548873715099995, 0.0, 0.08279881135943302, 0.0, 0.01812760691895582)",51
10642,29,3,11,"(0.11406461836594184, 0.15360962651439974, 0.0, 0.0, 0.0, 0.042362014920911004, 0.0, 0.08279881135943302, 0.0, 0.01812760691895582)",2
10643,29,3,11,"(0.09033430006888621, 0.14970886995698662, 0.0, 0.0, 0.0, 0.051548873715099995, 0.0, 0.07974860551121535, 0.0, 0.01812760691895582)",1
10644,29,3,11,"(0.09033430006888621, 0.07602067917889595, 0.0, 0.0, 0.0, 0.03144424585469035, 0.0, 0.08279881135943302, 0.0, 0.01812760691895582)",1
10645,29,3,11,"(0.11556702079422074, 0.14970886995698662, 0.0, 0.0, 0.0, 0.051548873715099995, 0.0, 0.08279881135943302, 0.0, 0.01812760691895582)",2
10646,29,3,11,"(0.09033430006888621, 0.14970886995698662, 0.0, 0.0, 0.0, 0.051548873715099995, 0.0, 0.08279881135943302, 0.0, 0.01812760691895582)",167
10647,29,3,11,"(0.05906890783006664, 0.07602067917889595, 0.0, 0.0, 0.0, 0.0499098641491762, 0.0, 0.08279881135943302, 0.0, 0.01812760691895582)",3
10648,29,3,11,"(0.09033430006888621, 0.14970886995698662, 0.0, 0.0, 0.0, 0.051548873715099995, 0.0, 0.08279881135943302, 0.0, 0.009389853734026052)",1
10649,29,3,11,"(0.09033430006888621, 0.07602067917889595, 0.0, 0.0, 0.0, 0.0499098641491762, 0.0, 0.08279881135943302, 0.0, 0.01812760691895582)",368
10650,29,3,13,"(0.0, 0.0, 0.09051950061837827, 0.17361937202846, 0.05758008931278457, 0.07489992963210028, 0.0, 0.0, 0.14899621190854193, 0.0)",1
10651,29,3,13,"(0.0, 0.0, 0.09051950061837827, 0.1288435162766746, 0.09172770611919409, 0.07489992963210028, 0.0, 0.0, 0.14899621190854193, 0.0)",1
10652,29,3,13,"(0.0, 0.0, 0.09051950061837827, 0.07900678182894155, 0.09172770611919409, 0.07489992963210028, 0.0, 0.0, 0.14899621190854193, 0.0)",72
10653,29,3,13,"(0.0, 0.0, 0.11679612853536596, 0.06920069129515957, 0.09172770611919409, 0.07489992963210028, 0.0, 0.0, 0.14899621190854193, 0.0)",81
10654,29,3,13,"(0.0, 0.0, 0.09051950061837827, 0.07900678182894155, 0.09172770611919409, 0.07390907203567396, 0.0, 0.0, 0.14899621190854193, 0.0)",2
10655,29,3,13,"(0.0, 0.0, 0.09051950061837827, 0.07900678182894155, 0.09172770611919409, 0.07489992963210028, 0.0, 0.0, 0.166669330708952, 0.0)",12
10656,29,4,8,"(0.09369258606422372, 0.0, 0.08950620996642342, 0.09247639241939104, 0.05795097226678131, 0.0, 0.06826344941350267, 0.0, 0.0, 0.0)",3
10657,29,4,8,"(0.09369258606422372, 0.0, 0.08950620996642342, 0.09247639241939104, 0.07465200933978253, 0.0, 0.08611054779626388, 0.0, 0.0, 0.0)",2
10658,29,4,8,"(0.09369258606422372, 0.0, 0.08950620996642342, 0.09247639241939104, 0.055087029494957224, 0.0, 0.14970467414638655, 0.0, 0.0, 0.0)",7
10659,29,4,8,"(0.09369258606422372, 0.0, 0.08950620996642342, 0.09247639241939104, 0.07465200933978253, 0.0, 0.06826344941350267, 0.0, 0.0, 0.0)",316
10660,29,4,8,"(0.09369258606422372, 0.0, 0.08950620996642342, 0.09247639241939104, 0.07465200933978253, 0.0, 0.07025785654302054, 0.0, 0.0, 0.0)",3
10661,29,4,8,"(0.09369258606422372, 0.0, 0.08950620996642342, 0.08591614597858165, 0.07465200933978253, 0.0, 0.06826344941350267, 0.0, 0.0, 0.0)",2
10662,29,4,11,"(0.09033430006888621, 0.07602067917889595, 0.0, 0.0, 0.0, 0.0499098641491762, 0.0, 0.08279881135943302, 0.0, 0.02543361405024798)",1
10663,29,4,11,"(0.09033430006888621, 0.07602067917889595, 0.0, 0.0, 0.0, 0.0499098641491762, 0.0, 0.08279881135943302, 0.0, 0.01812760691895582)",299
10664,29,4,11,"(0.09033430006888621, 0.07788414772352405, 0.0, 0.0, 0.0, 0.0499098641491762, 0.0, 0.08279881135943302, 0.0, 0.01812760691895582)",2
10665,29,4,11,"(0.11642427162819424, 0.14970886995698662, 0.0, 0.0, 0.0, 0.051548873715099995, 0.0, 0.08279881135943302, 0.0, 0.01812760691895582)",78
10666,29,4,11,"(0.09033430006888621, 0.14970886995698662, 0.0, 0.0, 0.0, 0.051548873715099995, 0.0, 0.08279881135943302, 0.0, 0.01812760691895582)",145
10667,29,4,11,"(0.09033430006888621, 0.07602067917889595, 0.0, 0.0, 0.0, 0.06805596005308677, 0.0, 0.08279881135943302, 0.0, 0.01812760691895582)",1
10668,29,4,13,"(0.0, 0.0, 0.11679612853536596, 0.06920069129515957, 0.09172770611919409, 0.07489992963210028, 0.0, 0.0, 0.14899621190854193, 0.0)",117
10669,29,4,13,"(0.0, 0.0, 0.10442922142202646, 0.06920069129515957, 0.09172770611919409, 0.07489992963210028, 0.0, 0.0, 0.14899621190854193, 0.0)",4
10670,29,4,13,"(0.0, 0.0, 0.11679612853536596, 0.10294133348225586, 0.09172770611919409, 0.07489992963210028, 0.0, 0.0, 0.14899621190854193, 0.0)",1
10671,29,4,13,"(0.0, 0.0, 0.08631002790955242, 0.06920069129515957, 0.09172770611919409, 0.07489992963210028, 0.0, 0.0, 0.14899621190854193, 0.0)",1
10672,29,4,13,"(0.0, 0.0, 0.09051950061837827, 0.07900678182894155, 0.09172770611919409, 0.07489992963210028, 0.0, 0.0, 0.14899621190854193, 0.0)",77
10673,29,5,8,"(0.09369258606422372, 0.0, 0.08950620996642342, 0.09247639241939104, 0.06153014394343752, 0.0, 0.06826344941350267, 0.0, 0.0, 0.0)",2
10674,29,5,8,"(0.09369258606422372, 0.0, 0.08950620996642342, 0.16958330435182184, 0.07465200933978253, 0.0, 0.06826344941350267, 0.0, 0.0, 0.0)",1
10675,29,5,8,"(0.09369258606422372, 0.0, 0.08950620996642342, 0.09247639241939104, 0.07465200933978253, 0.0, 0.06826344941350267, 0.0, 0.0, 0.0)",354
10676,29,5,8,"(0.20011078954029474, 0.0, 0.08950620996642342, 0.09247639241939104, 0.07465200933978253, 0.0, 0.06826344941350267, 0.0, 0.0, 0.0)",1
10677,29,5,8,"(0.09369258606422372, 0.0, 0.08950620996642342, 0.11677783496579724, 0.07465200933978253, 0.0, 0.06826344941350267, 0.0, 0.0, 0.0)",1
10678,29,5,11,"(0.09033430006888621, 0.130279827706896, 0.0, 0.0, 0.0, 0.0499098641491762, 0.0, 0.08279881135943302, 0.0, 0.01812760691895582)",1
10679,29,5,11,"(0.09033430006888621, 0.07602067917889595, 0.0, 0.0, 0.0, 0.0499098641491762, 0.0, 0.08279881135943302, 0.0, 0.01812760691895582)",90
10680,29,5,11,"(0.09033430006888621, 0.14970886995698662, 0.0, 0.0, 0.0, 0.051548873715099995, 0.0, 0.056864752674793566, 0.0, 0.015736058048222097)",1
10681,29,5,11,"(0.09033430006888621, 0.14970886995698662, 0.0, 0.0, 0.0, 0.051548873715099995, 0.0, 0.1075777420079073, 0.0, 0.01812760691895582)",4
10682,29,5,11,"(0.09033430006888621, 0.06058012513661842, 0.0, 0.0, 0.0, 0.0499098641491762, 0.0, 0.08279881135943302, 0.0, 0.01812760691895582)",1
10683,29,5,11,"(0.11642427162819424, 0.14970886995698662, 0.0, 0.0, 0.0, 0.051548873715099995, 0.0, 0.08279881135943302, 0.0, 0.01812760691895582)",119
10684,29,5,11,"(0.09033430006888621, 0.14970886995698662, 0.0, 0.0, 0.0, 0.051548873715099995, 0.0, 0.08279881135943302, 0.0, 0.01812760691895582)",238
10685,29,5,13,"(0.0, 0.0, 0.11679612853536596, 0.06920069129515957, 0.09172770611919409, 0.07489992963210028, 0.0, 0.0, 0.14899621190854193, 0.0)",98
10686,29,5,13,"(0.0, 0.0, 0.09051950061837827, 0.07900678182894155, 0.09172770611919409, 0.07099152946278603, 0.0, 0.0, 0.14899621190854193, 0.0)",1
10687,29,5,13,"(0.0, 0.0, 0.09051950061837827, 0.07900678182894155, 0.09172770611919409, 0.07489992963210028, 0.0, 0.0, 0.14899621190854193, 0.0)",77
10688,29,5,13,"(0.0, 0.0, 0.09051950061837827, 0.07900678182894155, 0.14428288456885305, 0.07489992963210028, 0.0, 0.0, 0.14899621190854193, 0.0)",1
10689,29,6,8,"(0.09369258606422372, 0.0, 0.07062189229406608, 0.09247639241939104, 0.09173902283359818, 0.0, 0.05942498646020715, 0.0, 0.0, 0.0)",3
10690,29,6,8,"(0.09369258606422372, 0.0, 0.13578095953984481, 0.09247639241939104, 0.09089541857467398, 0.0, 0.06826344941350267, 0.0, 0.0, 0.0)",9
10691,29,6,8,"(0.09369258606422372, 0.0, 0.08950620996642342, 0.09247639241939104, 0.09173902283359818, 0.0, 0.06826344941350267, 0.0, 0.0, 0.0)",293
10692,29,6,11,"(0.09033430006888621, 0.09746087638018493, 0.0, 0.0, 0.0, 0.04688669779969397, 0.0, 0.08279881135943302, 0.0, 0.01812760691895582)",1
10693,29,6,11,"(0.09033430006888621, 0.14970886995698662, 0.0, 0.0, 0.0, 0.04688669779969397, 0.0, 0.09523546217639671, 0.0, 0.01812760691895582)",4
10694,29,6,11,"(0.09033430006888621, 0.14970886995698662, 0.0, 0.0, 0.0, 0.043578699822787226, 0.0, 0.08279881135943302, 0.0, 0.01812760691895582)",227
10695,29,6,11,"(0.09033430006888621, 0.14970886995698662, 0.0, 0.0, 0.0, 0.04688669779969397, 0.0, 0.08279881135943302, 0.0, 0.01812760691895582)",213
10696,29,6,11,"(0.09033430006888621, 0.14970886995698662, 0.0, 0.0, 0.0, 0.04688669779969397, 0.0, 0.05653292681877163, 0.0, 0.01812760691895582)",1
10697,29,6,11,"(0.06474749586934572, 0.14970886995698662, 0.0, 0.0, 0.0, 0.043578699822787226, 0.0, 0.08279881135943302, 0.0, 0.01812760691895582)",3
10698,29,6,11,"(0.09033430006888621, 0.2074613069544011, 0.0, 0.0, 0.0, 0.05397302954277044, 0.0, 0.08279881135943302, 0.0, 0.01812760691895582)",1
10699,29,6,13,"(0.0, 0.0, 0.11679612853536596, 0.09399004664394087, 0.09172770611919409, 0.07489992963210028, 0.0, 0.0, 0.07966044714165131, 0.0)",1
10700,29,6,13,"(0.0, 0.0, 0.2078897891989348, 0.06920069129515957, 0.09172770611919409, 0.07489992963210028, 0.0, 0.0, 0.14899621190854193, 0.0)",2
10701,29,6,13,"(0.0, 0.0, 0.11679612853536596, 0.06920069129515957, 0.09172770611919409, 0.07489992963210028, 0.0, 0.0, 0.0579699685476234, 0.0)",1
10702,29,6,13,"(0.0, 0.0, 0.11679612853536596, 0.09502898410589446, 0.09172770611919409, 0.07489992963210028, 0.0, 0.0, 0.14899621190854193, 0.0)",1
10703,29,6,13,"(0.0, 0.0, 0.11679612853536596, 0.08206084256702835, 0.09172770611919409, 0.07282162344959058, 0.0, 0.0, 0.19382055424664657, 0.0)",1
10704,29,6,13,"(0.0, 0.0, 0.11679612853536596, 0.050688432956571584, 0.09172770611919409, 0.07489992963210028, 0.0, 0.0, 0.14899621190854193, 0.0)",3
10705,29,6,13,"(0.0, 0.0, 0.11679612853536596, 0.06920069129515957, 0.09172770611919409, 0.07489992963210028, 0.0, 0.0, 0.14899621190854193, 0.0)",165
10706,29,6,13,"(0.0, 0.0, 0.11679612853536596, 0.09217238608259501, 0.09172770611919409, 0.07489992963210028, 0.0, 0.0, 0.14899621190854193, 0.0)",1
10707,29,7,8,"(0.09790969088567468, 0.0, 0.08950620996642342, 0.06333091345347285, 0.09173902283359818, 0.0, 0.06826344941350267, 0.0, 0.0, 0.0)",28
10708,29,7,8,"(0.09369258606422372, 0.0, 0.08950620996642342, 0.09247639241939104, 0.09173902283359818, 0.0, 0.06826344941350267, 0.0, 0.0, 0.0)",175
10709,29,7,8,"(0.09369258606422372, 0.0, 0.08950620996642342, 0.11858921329580734, 0.09173902283359818, 0.0, 0.04492933746763956, 0.0, 0.0, 0.0)",3
10710,29,7,8,"(0.09369258606422372, 0.0, 0.061257378127766576, 0.09247639241939104, 0.09173902283359818, 0.0, 0.06826344941350267, 0.0, 0.0, 0.0)",1
10711,29,7,8,"(0.09790969088567468, 0.0, 0.08950620996642342, 0.09247639241939104, 0.09173902283359818, 0.0, 0.06826344941350267, 0.0, 0.0, 0.0)",34
10712,29,7,11,"(0.09033430006888621, 0.14970886995698662, 0.0, 0.0, 0.0, 0.04688669779969397, 0.0, 0.09982731831573427, 0.0, 0.020638573547238803)",1
10713,29,7,11,"(0.09033430006888621, 0.14970886995698662, 0.0, 0.0, 0.0, 0.043578699822787226, 0.0, 0.11068755286719632, 0.0, 0.01812760691895582)",38
10714,29,7,11,"(0.09033430006888621, 0.14970886995698662, 0.0, 0.0, 0.0, 0.04688669779969397, 0.0, 0.08279881135943302, 0.0, 0.00870942117511967)",1
10715,29,7,11,"(0.09033430006888621, 0.14970886995698662, 0.0, 0.0, 0.0, 0.04688669779969397, 0.0, 0.23453872543123125, 0.0, 0.01812760691895582)",1
10716,29,7,11,"(0.09033430006888621, 0.14970886995698662, 0.0, 0.0, 0.0, 0.04688669779969397, 0.0, 0.08279881135943302, 0.0, 0.01812760691895582)",443
10717,29,7,11,"(0.09033430006888621, 0.14970886995698662, 0.0, 0.0, 0.0, 0.043578699822787226, 0.0, 0.08279881135943302, 0.0, 0.01812760691895582)",55
10718,29,7,11,"(0.09033430006888621, 0.14970886995698662, 0.0, 0.0, 0.0, 0.04688669779969397, 0.0, 0.09523546217639671, 0.0, 0.01812760691895582)",12
10719,29,7,11,"(0.11638162907295622, 0.14970886995698662, 0.0, 0.0, 0.0, 0.04688669779969397, 0.0, 0.09523546217639671, 0.0, 0.02374182260554451)",1
10720,29,7,11,"(0.09033430006888621, 0.14970886995698662, 0.0, 0.0, 0.0, 0.04688669779969397, 0.0, 0.08279881135943302, 0.0, 0.015035197339199658)",2
10721,29,7,11,"(0.057135663058106044, 0.14970886995698662, 0.0, 0.0, 0.0, 0.04688669779969397, 0.0, 0.08279881135943302, 0.0, 0.02376616323905333)",1
10722,29,7,11,"(0.09033430006888621, 0.4292212503482596, 0.0, 0.0, 0.0, 0.036561864238125616, 0.0, 0.08279881135943302, 0.0, 0.01812760691895582)",1
10723,29,7,11,"(0.09033430006888621, 0.14970886995698662, 0.0, 0.0, 0.0, 0.04582612961827752, 0.0, 0.08279881135943302, 0.0, 0.01812760691895582)",1
10724,29,7,13,"(0.0, 0.0, 0.11679612853536596, 0.17034679176769907, 0.09172770611919409, 0.07489992963210028, 0.0, 0.0, 0.14899621190854193, 0.0)",1
10725,29,7,13,"(0.0, 0.0, 0.11679612853536596, 0.06920069129515957, 0.09172770611919409, 0.07489992963210028, 0.0, 0.0, 0.14899621190854193, 0.0)",160
10726,29,8,8,"(0.09369258606422372, 0.0, 0.08950620996642342, 0.10133585553721745, 0.09173902283359818, 0.0, 0.06826344941350267, 0.0, 0.0, 0.0)",1
10727,29,8,8,"(0.09369258606422372, 0.0, 0.08950620996642342, 0.09247639241939104, 0.09173902283359818, 0.0, 0.06826344941350267, 0.0, 0.0, 0.0)",293
10728,29,8,8,"(0.11445496445684401, 0.0, 0.08950620996642342, 0.09247639241939104, 0.09173902283359818, 0.0, 0.06826344941350267, 0.0, 0.0, 0.0)",2
10729,29,8,8,"(0.09369258606422372, 0.0, 0.06431508393463403, 0.09247639241939104, 0.09173902283359818, 0.0, 0.06826344941350267, 0.0, 0.0, 0.0)",29
10730,29,8,11,"(0.086504042574936, 0.15202798755238522, 0.0, 0.0, 0.0, 0.043578699822787226, 0.0, 0.11068755286719632, 0.0, 0.01812760691895582)",1
10731,29,8,11,"(0.09033430006888621, 0.14970886995698662, 0.0, 0.0, 0.0, 0.04688669779969397, 0.0, 0.08279881135943302, 0.0, 0.01812760691895582)",165
10732,29,8,11,"(0.09033430006888621, 0.14970886995698662, 0.0, 0.0, 0.0, 0.06349425770947872, 0.0, 0.09523546217639671, 0.0, 0.01812760691895582)",1
10733,29,8,11,"(0.09033430006888621, 0.14970886995698662, 0.0, 0.0, 0.0, 0.04057121594309127, 0.0, 0.11068755286719632, 0.0, 0.01812760691895582)",2
10734,29,8,11,"(0.09033430006888621, 0.14970886995698662, 0.0, 0.0, 0.0, 0.043578699822787226, 0.0, 0.08279881135943302, 0.0, 0.01812760691895582)",199
10735,29,8,11,"(0.10580006982999828, 0.14970886995698662, 0.0, 0.0, 0.0, 0.043578699822787226, 0.0, 0.08279881135943302, 0.0, 0.01812760691895582)",1
10736,29,8,11,"(0.09033430006888621, 0.14970886995698662, 0.0, 0.0, 0.0, 0.04688669779969397, 0.0, 0.07085725863858693, 0.0, 0.01812760691895582)",2
10737,29,8,11,"(0.06480162241597803, 0.14970886995698662, 0.0, 0.0, 0.0, 0.07076948883496594, 0.0, 0.08279881135943302, 0.0, 0.01812760691895582)",21
10738,29,8,11,"(0.09033430006888621, 0.14970886995698662, 0.0, 0.0, 0.0, 0.043578699822787226, 0.0, 0.06568820285228527, 0.0, 0.01812760691895582)",1
10739,29,8,11,"(0.09033430006888621, 0.14970886995698662, 0.0, 0.0, 0.0, 0.043578699822787226, 0.0, 0.11068755286719632, 0.0, 0.01812760691895582)",42
10740,29,8,11,"(0.09033430006888621, 0.14970886995698662, 0.0, 0.0, 0.0, 0.02554153737685571, 0.0, 0.08279881135943302, 0.0, 0.01812760691895582)",1
10741,29,8,13,"(0.0, 0.0, 0.11679612853536596, 0.06920069129515957, 0.09172770611919409, 0.07489992963210028, 0.0, 0.0, 0.14899621190854193, 0.0)",173
10742,29,9,8,"(0.09369258606422372, 0.0, 0.08950620996642342, 0.06400746689188483, 0.07465200933978253, 0.0, 0.06826344941350267, 0.0, 0.0, 0.0)",1
10743,29,9,8,"(0.09369258606422372, 0.0, 0.08950620996642342, 0.09247639241939104, 0.07465200933978253, 0.0, 0.06826344941350267, 0.0, 0.0, 0.0)",263
10744,29,9,8,"(0.09369258606422372, 0.0, 0.10581629918474106, 0.09247639241939104, 0.07465200933978253, 0.0, 0.06826344941350267, 0.0, 0.0, 0.0)",9
10745,29,9,8,"(0.09369258606422372, 0.0, 0.07450113067370553, 0.12270796098930464, 0.07465200933978253, 0.0, 0.06826344941350267, 0.0, 0.0, 0.0)",4
10746,29,9,11,"(0.09033430006888621, 0.14970886995698662, 0.0, 0.0, 0.0, 0.04688669779969397, 0.0, 0.08279881135943302, 0.0, 0.01735834508923811)",82
10747,29,9,11,"(0.11642427162819424, 0.14970886995698662, 0.0, 0.0, 0.0, 0.051548873715099995, 0.0, 0.1304636219512423, 0.0, 0.01812760691895582)",1
10748,29,9,11,"(0.08126742705851199, 0.14970886995698662, 0.0, 0.0, 0.0, 0.028304920350772873, 0.0, 0.08279881135943302, 0.0, 0.014584986293607567)",1
10749,29,9,11,"(0.09033430006888621, 0.14970886995698662, 0.0, 0.0, 0.0, 0.046692203316689954, 0.0, 0.08279881135943302, 0.0, 0.01812760691895582)",3
10750,29,9,11,"(0.09033430006888621, 0.14970886995698662, 0.0, 0.0, 0.0, 0.06350422601050279, 0.0, 0.08279881135943302, 0.0, 0.01735834508923811)",1
10751,29,9,11,"(0.09033430006888621, 0.14970886995698662, 0.0, 0.0, 0.0, 0.04688669779969397, 0.0, 0.061597360648457916, 0.0, 0.01812760691895582)",1
10752,29,9,11,"(0.06977020212779797, 0.14970886995698662, 0.0, 0.0, 0.0, 0.051548873715099995, 0.0, 0.08279881135943302, 0.0, 0.01812760691895582)",4
10753,29,9,11,"(0.09033430006888621, 0.14970886995698662, 0.0, 0.0, 0.0, 0.035343997780042456, 0.0, 0.08279881135943302, 0.0, 0.01812760691895582)",27
10754,29,9,11,"(0.09033430006888621, 0.14970886995698662, 0.0, 0.0, 0.0, 0.04688669779969397, 0.0, 0.08279881135943302, 0.0, 0.01812760691895582)",288
10755,29,9,11,"(0.11642427162819424, 0.14970886995698662, 0.0, 0.0, 0.0, 0.051548873715099995, 0.0, 0.08279881135943302, 0.0, 0.01812760691895582)",143
10756,29,9,11,"(0.08287888707727407, 0.14970886995698662, 0.0, 0.0, 0.0, 0.04688669779969397, 0.0, 0.08279881135943302, 0.0, 0.01812760691895582)",1
10757,29,9,13,"(0.0, 0.0, 0.11679612853536596, 0.1527199882294511, 0.09172770611919409, 0.07489992963210028, 0.0, 0.0, 0.23142732250600526, 0.0)",1
10758,29,9,13,"(0.0, 0.0, 0.11679612853536596, 0.06920069129515957, 0.09172770611919409, 0.11995407490525858, 0.0, 0.0, 0.14899621190854193, 0.0)",5
10759,29,9,13,"(0.0, 0.0, 0.12304481476988044, 0.06920069129515957, 0.13306200464001006, 0.07489992963210028, 0.0, 0.0, 0.17628829020892522, 0.0)",2
10760,29,9,13,"(0.0, 0.0, 0.11679612853536596, 0.06920069129515957, 0.09172770611919409, 0.07489992963210028, 0.0, 0.0, 0.14899621190854193, 0.0)",179
10761,29,10,8,"(0.09369258606422372, 0.0, 0.07505040200448199, 0.09247639241939104, 0.07465200933978253, 0.0, 0.06826344941350267, 0.0, 0.0, 0.0)",1
10762,29,10,8,"(0.09369258606422372, 0.0, 0.061711024252724504, 0.09247639241939104, 0.07465200933978253, 0.0, 0.11274269957146918, 0.0, 0.0, 0.0)",1
10763,29,10,8,"(0.09369258606422372, 0.0, 0.08950620996642342, 0.09247639241939104, 0.07465200933978253, 0.0, 0.06826344941350267, 0.0, 0.0, 0.0)",340
10764,29,10,8,"(0.09369258606422372, 0.0, 0.08950620996642342, 0.09247639241939104, 0.07465200933978253, 0.0, 0.14385929990874086, 0.0, 0.0, 0.0)",2
10765,29,10,11,"(0.11642427162819424, 0.14970886995698662, 0.0, 0.0, 0.0, 0.07597945903397095, 0.0, 0.08279881135943302, 0.0, 0.01812760691895582)",1
10766,29,10,11,"(0.1036873877072119, 0.14970886995698662, 0.0, 0.0, 0.0, 0.04688669779969397, 0.0, 0.08279881135943302, 0.0, 0.01812760691895582)",2
10767,29,10,11,"(0.09033430006888621, 0.14970886995698662, 0.0, 0.0, 0.0, 0.04688669779969397, 0.0, 0.08279881135943302, 0.0, 0.01812760691895582)",353
10768,29,10,11,"(0.09033430006888621, 0.14970886995698662, 0.0, 0.0, 0.0, 0.04688669779969397, 0.0, 0.18347938952264625, 0.0, 0.01812760691895582)",2
10769,29,10,11,"(0.11642427162819424, 0.14970886995698662, 0.0, 0.0, 0.0, 0.051548873715099995, 0.0, 0.08279881135943302, 0.0, 0.01812760691895582)",109
10770,29,10,13,"(0.0, 0.0, 0.11679612853536596, 0.06920069129515957, 0.09172770611919409, 0.07489992963210028, 0.0, 0.0, 0.14899621190854193, 0.0)",170
10771,29,10,13,"(0.0, 0.0, 0.11679612853536596, 0.06920069129515957, 0.09172770611919409, 0.07443973748383455, 0.0, 0.0, 0.14899621190854193, 0.0)",1
10772,29,10,13,"(0.0, 0.0, 0.11679612853536596, 0.06920069129515957, 0.09172770611919409, 0.11995407490525858, 0.0, 0.0, 0.14899621190854193, 0.0)",10
10773,29,11,8,"(0.09369258606422372, 0.0, 0.14509455129859453, 0.09247639241939104, 0.07465200933978253, 0.0, 0.06826344941350267, 0.0, 0.0, 0.0)",5
10774,29,11,8,"(0.09369258606422372, 0.0, 0.08950620996642342, 0.08302450214124667, 0.07465200933978253, 0.0, 0.06826344941350267, 0.0, 0.0, 0.0)",2
10775,29,11,8,"(0.09369258606422372, 0.0, 0.08950620996642342, 0.09247639241939104, 0.11044878998943979, 0.0, 0.06826344941350267, 0.0, 0.0, 0.0)",1
10776,29,11,8,"(0.09369258606422372, 0.0, 0.11030617127600471, 0.09247639241939104, 0.07465200933978253, 0.0, 0.06826344941350267, 0.0, 0.0, 0.0)",10
10777,29,11,8,"(0.09369258606422372, 0.0, 0.08950620996642342, 0.09247639241939104, 0.07465200933978253, 0.0, 0.06826344941350267, 0.0, 0.0, 0.0)",340
10778,29,11,8,"(0.05872795215772431, 0.0, 0.08950620996642342, 0.17662837399252435, 0.07465200933978253, 0.0, 0.06826344941350267, 0.0, 0.0, 0.0)",6
10779,29,11,11,"(0.09033430006888621, 0.14970886995698662, 0.0, 0.0, 0.0, 0.022385294793969352, 0.0, 0.08279881135943302, 0.0, 0.01812760691895582)",1
10780,29,11,11,"(0.09033430006888621, 0.14970886995698662, 0.0, 0.0, 0.0, 0.04688669779969397, 0.0, 0.08279881135943302, 0.0, 0.01812760691895582)",205
10781,29,11,11,"(0.11642427162819424, 0.14970886995698662, 0.0, 0.0, 0.0, 0.061413711773460035, 0.0, 0.08279881135943302, 0.0, 0.01812760691895582)",11
10782,29,11,11,"(0.09033430006888621, 0.14970886995698662, 0.0, 0.0, 0.0, 0.04688669779969397, 0.0, 0.15218197499113117, 0.0, 0.01812760691895582)",1
10783,29,11,11,"(0.07203417840839432, 0.1608445978696047, 0.0, 0.0, 0.0, 0.04688669779969397, 0.0, 0.08279881135943302, 0.0, 0.01812760691895582)",2
10784,29,11,11,"(0.09033430006888621, 0.14970886995698662, 0.0, 0.0, 0.0, 0.04688669779969397, 0.0, 0.03734085689351985, 0.0, 0.01812760691895582)",41
10785,29,11,11,"(0.11642427162819424, 0.14970886995698662, 0.0, 0.0, 0.0, 0.051548873715099995, 0.0, 0.08279881135943302, 0.0, 0.01812760691895582)",84
10786,29,11,11,"(0.09033430006888621, 0.1167770893666596, 0.0, 0.0, 0.0, 0.04688669779969397, 0.0, 0.08279881135943302, 0.0, 0.029562252674523275)",1
10787,29,11,11,"(0.09033430006888621, 0.14970886995698662, 0.0, 0.0, 0.0, 0.03204967726151075, 0.0, 0.08279881135943302, 0.0, 0.01812760691895582)",3
10788,29,11,13,"(0.0, 0.0, 0.11679612853536596, 0.06920069129515957, 0.1076462268649806, 0.07489992963210028, 0.0, 0.0, 0.14899621190854193, 0.0)",3
10789,29,11,13,"(0.0, 0.0, 0.11679612853536596, 0.06920069129515957, 0.09172770611919409, 0.06263103508031652, 0.0, 0.0, 0.14899621190854193, 0.0)",1
10790,29,11,13,"(0.0, 0.0, 0.11679612853536596, 0.06869119162048466, 0.07850029703011945, 0.07244929601079028, 0.0, 0.0, 0.14899621190854193, 0.0)",2
10791,29,11,13,"(0.0, 0.0, 0.11679612853536596, 0.06920069129515957, 0.09172770611919409, 0.07489992963210028, 0.0, 0.0, 0.2517865811848931, 0.0)",1
10792,29,11,13,"(0.0, 0.0, 0.11679612853536596, 0.06920069129515957, 0.09172770611919409, 0.07489992963210028, 0.0, 0.0, 0.14899621190854193, 0.0)",177
10793,29,12,8,"(0.09369258606422372, 0.0, 0.08950620996642342, 0.09247639241939104, 0.09173902283359818, 0.0, 0.06826344941350267, 0.0, 0.0, 0.0)",342
10794,29,12,8,"(0.09369258606422372, 0.0, 0.08950620996642342, 0.10327107990578088, 0.09173902283359818, 0.0, 0.06826344941350267, 0.0, 0.0, 0.0)",2
10795,29,12,8,"(0.09699520044381613, 0.0, 0.08950620996642342, 0.09247639241939104, 0.09173902283359818, 0.0, 0.06826344941350267, 0.0, 0.0, 0.0)",1
10796,29,12,8,"(0.09369258606422372, 0.0, 0.08950620996642342, 0.09007859879721937, 0.09173902283359818, 0.0, 0.04517719646044723, 0.0, 0.0, 0.0)",2
10797,29,12,8,"(0.09369258606422372, 0.0, 0.11451443885654174, 0.09247639241939104, 0.09173902283359818, 0.0, 0.06826344941350267, 0.0, 0.0, 0.0)",1
10798,29,12,11,"(0.1006691136309469, 0.14970886995698662, 0.0, 0.0, 0.0, 0.04688669779969397, 0.0, 0.08279881135943302, 0.0, 0.01812760691895582)",1
10799,29,12,11,"(0.06983143185180912, 0.14970886995698662, 0.0, 0.0, 0.0, 0.043578699822787226, 0.0, 0.08279881135943302, 0.0, 0.01812760691895582)",1
10800,29,12,11,"(0.09033430006888621, 0.14970886995698662, 0.0, 0.0, 0.0, 0.04688669779969397, 0.0, 0.08279881135943302, 0.0, 0.01812760691895582)",254
10801,29,12,11,"(0.09033430006888621, 0.14970886995698662, 0.0, 0.0, 0.0, 0.043578699822787226, 0.0, 0.03931169028411982, 0.0, 0.01812760691895582)",2
10802,29,12,11,"(0.09033430006888621, 0.14970886995698662, 0.0, 0.0, 0.0, 0.043578699822787226, 0.0, 0.08279881135943302, 0.0, 0.01812760691895582)",146
10803,29,12,11,"(0.07235602840604127, 0.14970886995698662, 0.0, 0.0, 0.0, 0.04688669779969397, 0.0, 0.08279881135943302, 0.0, 0.01812760691895582)",1
10804,29,12,11,"(0.06735300868466201, 0.14970886995698662, 0.0, 0.0, 0.0, 0.04688669779969397, 0.0, 0.039309569241482045, 0.0, 0.01812760691895582)",15
10805,29,12,11,"(0.09033430006888621, 0.14970886995698662, 0.0, 0.0, 0.0, 0.06712747744752316, 0.0, 0.06714005709348973, 0.0, 0.01812760691895582)",3
10806,29,12,11,"(0.09033430006888621, 0.15187382037132194, 0.0, 0.0, 0.0, 0.04688669779969397, 0.0, 0.08279881135943302, 0.0, 0.01812760691895582)",1
10807,29,12,11,"(0.09033430006888621, 0.14970886995698662, 0.0, 0.0, 0.0, 0.03673705886606804, 0.0, 0.08279881135943302, 0.0, 0.01812760691895582)",1
10808,29,12,13,"(0.0, 0.0, 0.11679612853536596, 0.09469089478063386, 0.09172770611919409, 0.02226477653136448, 0.0, 0.0, 0.14899621190854193, 0.0)",1
10809,29,12,13,"(0.0, 0.0, 0.11679612853536596, 0.06920069129515957, 0.09172770611919409, 0.07489992963210028, 0.0, 0.0, 0.14899621190854193, 0.0)",160
10810,29,12,13,"(0.0, 0.0, 0.11679612853536596, 0.0910589877548199, 0.09172770611919409, 0.07489992963210028, 0.0, 0.0, 0.14899621190854193, 0.0)",16
10811,29,13,8,"(0.09369258606422372, 0.0, 0.08950620996642342, 0.18935801019171322, 0.09173902283359818, 0.0, 0.06826344941350267, 0.0, 0.0, 0.0)",1
10812,29,13,8,"(0.09369258606422372, 0.0, 0.08950620996642342, 0.09247639241939104, 0.09173902283359818, 0.0, 0.06826344941350267, 0.0, 0.0, 0.0)",350
10813,29,13,8,"(0.09369258606422372, 0.0, 0.05491420237882411, 0.09247639241939104, 0.09173902283359818, 0.0, 0.042063233480684255, 0.0, 0.0, 0.0)",1
10814,29,13,8,"(0.09470823835239084, 0.0, 0.08950620996642342, 0.09247639241939104, 0.09173902283359818, 0.0, 0.06724250809423783, 0.0, 0.0, 0.0)",3
10815,29,13,8,"(0.09369258606422372, 0.0, 0.08950620996642342, 0.09247639241939104, 0.25347764790139465, 0.0, 0.06592621168043204, 0.0, 0.0, 0.0)",1
10816,29,13,8,"(0.09369258606422372, 0.0, 0.08950620996642342, 0.09247639241939104, 0.08230010820300546, 0.0, 0.06826344941350267, 0.0, 0.0, 0.0)",1
10817,29,13,8,"(0.09369258606422372, 0.0, 0.05458979231824503, 0.09247639241939104, 0.08728552612152535, 0.0, 0.06826344941350267, 0.0, 0.0, 0.0)",1
10818,29,13,8,"(0.09369258606422372, 0.0, 0.08950620996642342, 0.1522923763608587, 0.09173902283359818, 0.0, 0.06826344941350267, 0.0, 0.0, 0.0)",9
10819,29,13,8,"(0.09369258606422372, 0.0, 0.08950620996642342, 0.09247639241939104, 0.09648726808059947, 0.0, 0.06826344941350267, 0.0, 0.0, 0.0)",1
10820,29,13,11,"(0.09033430006888621, 0.14970886995698662, 0.0, 0.0, 0.0, 0.07251552801033326, 0.0, 0.08279881135943302, 0.0, 0.01812760691895582)",1
10821,29,13,11,"(0.09033430006888621, 0.14970886995698662, 0.0, 0.0, 0.0, 0.04688669779969397, 0.0, 0.08279881135943302, 0.0, 0.01719968702574974)",8
10822,29,13,11,"(0.09033430006888621, 0.14970886995698662, 0.0, 0.0, 0.0, 0.04688669779969397, 0.0, 0.08279881135943302, 0.0, 0.01812760691895582)",189
10823,29,13,11,"(0.11395805137075017, 0.14970886995698662, 0.0, 0.0, 0.0, 0.043578699822787226, 0.0, 0.08279881135943302, 0.0, 0.02192508475312562)",2
10824,29,13,11,"(0.09033430006888621, 0.14970886995698662, 0.0, 0.0, 0.0, 0.043578699822787226, 0.0, 0.05818346522733776, 0.0, 0.01812760691895582)",1
10825,29,13,11,"(0.13434629149261978, 0.14970886995698662, 0.0, 0.0, 0.0, 0.04688669779969397, 0.0, 0.08279881135943302, 0.0, 0.02069224282057064)",1
10826,29,13,11,"(0.09033430006888621, 0.14970886995698662, 0.0, 0.0, 0.0, 0.043578699822787226, 0.0, 0.08279881135943302, 0.0, 0.01812760691895582)",186
10827,29,13,11,"(0.09033430006888621, 0.14970886995698662, 0.0, 0.0, 0.0, 0.018244162248757294, 0.0, 0.08279881135943302, 0.0, 0.01812760691895582)",3
10828,29,13,11,"(0.09033430006888621, 0.14970886995698662, 0.0, 0.0, 0.0, 0.043578699822787226, 0.0, 0.07830257012848922, 0.0, 0.018446276844526332)",1
10829,29,13,13,"(0.0, 0.0, 0.11679612853536596, 0.06920069129515957, 0.09172770611919409, 0.07489992963210028, 0.0, 0.0, 0.14899621190854193, 0.0)",174
10830,29,13,13,"(0.0, 0.0, 0.05806458668650958, 0.06920069129515957, 0.09172770611919409, 0.07489992963210028, 0.0, 0.0, 0.14899621190854193, 0.0)",3
10831,29,13,13,"(0.0, 0.0, 0.13890150092606765, 0.06920069129515957, 0.09172770611919409, 0.07489992963210028, 0.0, 0.0, 0.14899621190854193, 0.0)",6
10832,29,14,8,"(0.09369258606422372, 0.0, 0.08950620996642342, 0.09247639241939104, 0.09445962419217427, 0.0, 0.06826344941350267, 0.0, 0.0, 0.0)",2
10833,29,14,8,"(0.09369258606422372, 0.0, 0.08950620996642342, 0.09247639241939104, 0.06699826693376287, 0.0, 0.06826344941350267, 0.0, 0.0, 0.0)",1
10834,29,14,8,"(0.09369258606422372, 0.0, 0.08950620996642342, 0.09247639241939104, 0.060558850075678565, 0.0, 0.06826344941350267, 0.0, 0.0, 0.0)",3
10835,29,14,8,"(0.09369258606422372, 0.0, 0.08950620996642342, 0.09247639241939104, 0.09173902283359818, 0.0, 0.06826344941350267, 0.0, 0.0, 0.0)",316
10836,29,14,8,"(0.09369258606422372, 0.0, 0.08950620996642342, 0.09007859879721937, 0.09173902283359818, 0.0, 0.04517719646044723, 0.0, 0.0, 0.0)",26
10837,29,14,11,"(0.09033430006888621, 0.14970886995698662, 0.0, 0.0, 0.0, 0.043578699822787226, 0.0, 0.08528798200135145, 0.0, 0.01812760691895582)",2
10838,29,14,11,"(0.09033430006888621, 0.18846186447301755, 0.0, 0.0, 0.0, 0.04688669779969397, 0.0, 0.08279881135943302, 0.0, 0.01812760691895582)",5
10839,29,14,11,"(0.09033430006888621, 0.14970886995698662, 0.0, 0.0, 0.0, 0.04688669779969397, 0.0, 0.08279881135943302, 0.0, 0.01812760691895582)",242
10840,29,14,11,"(0.09033430006888621, 0.14970886995698662, 0.0, 0.0, 0.0, 0.04688669779969397, 0.0, 0.09523546217639671, 0.0, 0.01812760691895582)",15
10841,29,14,11,"(0.09033430006888621, 0.14970886995698662, 0.0, 0.0, 0.0, 0.06130794227947371, 0.0, 0.08279881135943302, 0.0, 0.025170375421898452)",1
10842,29,14,11,"(0.09033430006888621, 0.14970886995698662, 0.0, 0.0, 0.0, 0.04688669779969397, 0.0, 0.10190053789181618, 0.0, 0.019581841635752228)",2
10843,29,14,11,"(0.09033430006888621, 0.14970886995698662, 0.0, 0.0, 0.0, 0.04688669779969397, 0.0, 0.06015150169234906, 0.0, 0.01812760691895582)",1
10844,29,14,11,"(0.09033430006888621, 0.14970886995698662, 0.0, 0.0, 0.0, 0.03212609143329567, 0.0, 0.08279881135943302, 0.0, 0.01812760691895582)",1
10845,29,14,11,"(0.09033430006888621, 0.14970886995698662, 0.0, 0.0, 0.0, 0.03729932804042858, 0.0, 0.09178702536854484, 0.0, 0.01812760691895582)",1
10846,29,14,11,"(0.09033430006888621, 0.14970886995698662, 0.0, 0.0, 0.0, 0.043578699822787226, 0.0, 0.08279881135943302, 0.0, 0.01812760691895582)",119
10847,29,14,11,"(0.09033430006888621, 0.14970886995698662, 0.0, 0.0, 0.0, 0.04688669779969397, 0.0, 0.05420326382288992, 0.0, 0.01812760691895582)",1
10848,29,14,11,"(0.069501321791361, 0.14970886995698662, 0.0, 0.0, 0.0, 0.04688669779969397, 0.0, 0.08279881135943302, 0.0, 0.01812760691895582)",2
10849,29,14,11,"(0.09033430006888621, 0.14970886995698662, 0.0, 0.0, 0.0, 0.09796106166583363, 0.0, 0.08279881135943302, 0.0, 0.017570258058616534)",2
10850,29,14,13,"(0.0, 0.0, 0.11679612853536596, 0.10824002448775907, 0.09172770611919409, 0.07489992963210028, 0.0, 0.0, 0.14899621190854193, 0.0)",2
10851,29,14,13,"(0.0, 0.0, 0.11679612853536596, 0.06920069129515957, 0.09172770611919409, 0.07489992963210028, 0.0, 0.0, 0.14899621190854193, 0.0)",117
10852,29,14,13,"(0.0, 0.0, 0.11679612853536596, 0.0910589877548199, 0.09172770611919409, 0.07489992963210028, 0.0, 0.0, 0.14899621190854193, 0.0)",64
10853,29,14,13,"(0.0, 0.0, 0.11679612853536596, 0.06920069129515957, 0.06359169106172897, 0.07489992963210028, 0.0, 0.0, 0.14899621190854193, 0.0)",1
10854,29,14,13,"(0.0, 0.0, 0.11679612853536596, 0.06603604350702463, 0.09172770611919409, 0.07489992963210028, 0.0, 0.0, 0.17794148500963602, 0.0)",1
10855,29,15,8,"(0.09369258606422372, 0.0, 0.08950620996642342, 0.09247639241939104, 0.06795899761801062, 0.0, 0.06666040372900088, 0.0, 0.0, 0.0)",1
10856,29,15,8,"(0.09369258606422372, 0.0, 0.08950620996642342, 0.09247639241939104, 0.07465200933978253, 0.0, 0.06826344941350267, 0.0, 0.0, 0.0)",280
10857,29,15,8,"(0.1942522436095093, 0.0, 0.07937687314251125, 0.09247639241939104, 0.07465200933978253, 0.0, 0.06826344941350267, 0.0, 0.0, 0.0)",13
10858,29,15,8,"(0.09369258606422372, 0.0, 0.08950620996642342, 0.14805804135259698, 0.07465200933978253, 0.0, 0.06826344941350267, 0.0, 0.0, 0.0)",2
10859,29,15,11,"(0.07742062662758348, 0.07602067917889595, 0.0, 0.0, 0.0, 0.0499098641491762, 0.0, 0.08279881135943302, 0.0, 0.01812760691895582)",1
10860,29,15,11,"(0.09033430006888621, 0.14970886995698662, 0.0, 0.0, 0.0, 0.04577039178122443, 0.0, 0.06587501758950261, 0.0, 0.03545129541523492)",7
10861,29,15,11,"(0.08953156867763493, 0.07602067917889595, 0.0, 0.0, 0.0, 0.04569209399024181, 0.0, 0.08279881135943302, 0.0, 0.01093853030043047)",1
10862,29,15,11,"(0.09033430006888621, 0.14970886995698662, 0.0, 0.0, 0.0, 0.051548873715099995, 0.0, 0.08004664067951472, 0.0, 0.01812760691895582)",1
10863,29,15,11,"(0.09033430006888621, 0.07602067917889595, 0.0, 0.0, 0.0, 0.0499098641491762, 0.0, 0.061243164149904675, 0.0, 0.05401442158937232)",1
10864,29,15,11,"(0.09033430006888621, 0.07602067917889595, 0.0, 0.0, 0.0, 0.0499098641491762, 0.0, 0.0368296738102545, 0.0, 0.01812760691895582)",1
10865,29,15,11,"(0.09033430006888621, 0.14970886995698662, 0.0, 0.0, 0.0, 0.051548873715099995, 0.0, 0.08279881135943302, 0.0, 0.01812760691895582)",119
10866,29,15,11,"(0.11642427162819424, 0.14970886995698662, 0.0, 0.0, 0.0, 0.051548873715099995, 0.0, 0.08279881135943302, 0.0, 0.01812760691895582)",114
10867,29,15,11,"(0.07860429521408342, 0.14970886995698662, 0.0, 0.0, 0.0, 0.051548873715099995, 0.0, 0.08279881135943302, 0.0, 0.01812760691895582)",1
10868,29,15,11,"(0.09033430006888621, 0.07602067917889595, 0.0, 0.0, 0.0, 0.0499098641491762, 0.0, 0.08279881135943302, 0.0, 0.03055321640787436)",1
10869,29,15,11,"(0.09033430006888621, 0.07602067917889595, 0.0, 0.0, 0.0, 0.0499098641491762, 0.0, 0.06212010948828771, 0.0, 0.01812760691895582)",1
10870,29,15,11,"(0.09033430006888621, 0.14970886995698662, 0.0, 0.0, 0.0, 0.051548873715099995, 0.0, 0.06587501758950261, 0.0, 0.03545129541523492)",31
10871,29,15,11,"(0.09033430006888621, 0.07602067917889595, 0.0, 0.0, 0.0, 0.0499098641491762, 0.0, 0.08279881135943302, 0.0, 0.01812760691895582)",311
10872,29,15,13,"(0.0, 0.0, 0.11679612853536596, 0.06920069129515957, 0.07391647374709408, 0.07489992963210028, 0.0, 0.0, 0.14899621190854193, 0.0)",1
10873,29,15,13,"(0.0, 0.0, 0.11679612853536596, 0.06920069129515957, 0.09172770611919409, 0.07489992963210028, 0.0, 0.0, 0.14899621190854193, 0.0)",144
10874,29,15,13,"(0.0, 0.0, 0.09416166239023978, 0.06920069129515957, 0.09172770611919409, 0.07489992963210028, 0.0, 0.0, 0.14899621190854193, 0.0)",1
10875,29,15,13,"(0.0, 0.0, 0.09051950061837827, 0.07900678182894155, 0.09172770611919409, 0.07489992963210028, 0.0, 0.0, 0.14899621190854193, 0.0)",23
10876,29,15,13,"(0.0, 0.0, 0.11679612853536596, 0.06920069129515957, 0.17080461100205596, 0.07489992963210028, 0.0, 0.0, 0.14368027591693627, 0.0)",1
10877,29,15,13,"(0.0, 0.0, 0.11679612853536596, 0.06920069129515957, 0.09172770611919409, 0.07489992963210028, 0.0, 0.0, 0.14368027591693627, 0.0)",1
10878,29,15,13,"(0.0, 0.0, 0.16042749909757723, 0.15122884286781438, 0.09172770611919409, 0.07489992963210028, 0.0, 0.0, 0.14899621190854193, 0.0)",1
10879,29,16,8,"(0.09369258606422372, 0.0, 0.08950620996642342, 0.09247639241939104, 0.07465200933978253, 0.0, 0.06826344941350267, 0.0, 0.0, 0.0)",277
10880,29,16,8,"(0.09369258606422372, 0.0, 0.08950620996642342, 0.09247639241939104, 0.07465200933978253, 0.0, 0.07710714969962262, 0.0, 0.0, 0.0)",1
10881,29,16,8,"(0.09369258606422372, 0.0, 0.08950620996642342, 0.09247639241939104, 0.06045954759981317, 0.0, 0.11057543331896331, 0.0, 0.0, 0.0)",1
10882,29,16,11,"(0.09033430006888621, 0.14970886995698662, 0.0, 0.0, 0.0, 0.04688669779969397, 0.0, 0.08279881135943302, 0.0, 0.01812760691895582)",4
10883,29,16,11,"(0.09033430006888621, 0.14970886995698662, 0.0, 0.0, 0.0, 0.051548873715099995, 0.0, 0.08279881135943302, 0.0, 0.01812760691895582)",55
10884,29,16,11,"(0.11642427162819424, 0.14970886995698662, 0.0, 0.0, 0.0, 0.051548873715099995, 0.0, 0.08279881135943302, 0.0, 0.01812760691895582)",138
10885,29,16,11,"(0.12176512316121321, 0.07602067917889595, 0.0, 0.0, 0.0, 0.0499098641491762, 0.0, 0.08279881135943302, 0.0, 0.01812760691895582)",1
10886,29,16,11,"(0.09033430006888621, 0.07602067917889595, 0.0, 0.0, 0.0, 0.0499098641491762, 0.0, 0.08279881135943302, 0.0, 0.01812760691895582)",349
10887,29,16,11,"(0.11642427162819424, 0.14970886995698662, 0.0, 0.0, 0.0, 0.051548873715099995, 0.0, 0.08279881135943302, 0.0, 0.030011709274084905)",1
10888,29,16,11,"(0.07821693279305, 0.07602067917889595, 0.0, 0.0, 0.0, 0.0499098641491762, 0.0, 0.08279881135943302, 0.0, 0.01812760691895582)",2
10889,29,16,11,"(0.09033430006888621, 0.07602067917889595, 0.0, 0.0, 0.0, 0.04914227165948458, 0.0, 0.08279881135943302, 0.0, 0.01812760691895582)",1
10890,29,16,11,"(0.09033430006888621, 0.07602067917889595, 0.0, 0.0, 0.0, 0.0499098641491762, 0.0, 0.07663366768326119, 0.0, 0.01812760691895582)",1
10891,29,16,13,"(0.0, 0.0, 0.11679612853536596, 0.06920069129515957, 0.1049125749133463, 0.07489992963210028, 0.0, 0.0, 0.14899621190854193, 0.0)",2
10892,29,16,13,"(0.0, 0.0, 0.11679612853536596, 0.06920069129515957, 0.09172770611919409, 0.07489992963210028, 0.0, 0.0, 0.14899621190854193, 0.0)",203
10893,29,17,8,"(0.09369258606422372, 0.0, 0.03484631918242682, 0.09247639241939104, 0.07465200933978253, 0.0, 0.06826344941350267, 0.0, 0.0, 0.0)",1
10894,29,17,8,"(0.09369258606422372, 0.0, 0.08950620996642342, 0.09247639241939104, 0.07465200933978253, 0.0, 0.06826344941350267, 0.0, 0.0, 0.0)",259
10895,29,17,8,"(0.1942522436095093, 0.0, 0.07937687314251125, 0.09247639241939104, 0.07465200933978253, 0.0, 0.06826344941350267, 0.0, 0.0, 0.0)",56
10896,29,17,8,"(0.05639719023291265, 0.0, 0.08950620996642342, 0.09247639241939104, 0.0692704480137452, 0.0, 0.06826344941350267, 0.0, 0.0, 0.0)",1
10897,29,17,11,"(0.09033430006888621, 0.14970886995698662, 0.0, 0.0, 0.0, 0.060624406973306566, 0.0, 0.08279881135943302, 0.0, 0.01812760691895582)",1
10898,29,17,11,"(0.09033430006888621, 0.14970886995698662, 0.0, 0.0, 0.0, 0.051548873715099995, 0.0, 0.08279881135943302, 0.0, 0.01812760691895582)",83
10899,29,17,11,"(0.09033430006888621, 0.07602067917889595, 0.0, 0.0, 0.0, 0.0499098641491762, 0.0, 0.08279881135943302, 0.0, 0.02448294912676256)",2
10900,29,17,11,"(0.09033430006888621, 0.14970886995698662, 0.0, 0.0, 0.0, 0.04008675008168914, 0.0, 0.06587501758950261, 0.0, 0.03545129541523492)",2
10901,29,17,11,"(0.09033430006888621, 0.07602067917889595, 0.0, 0.0, 0.0, 0.0499098641491762, 0.0, 0.07847949555310607, 0.0, 0.01812760691895582)",3
10902,29,17,11,"(0.09033430006888621, 0.14970886995698662, 0.0, 0.0, 0.0, 0.09359667154740303, 0.0, 0.08279881135943302, 0.0, 0.01812760691895582)",1
10903,29,17,11,"(0.09033430006888621, 0.14970886995698662, 0.0, 0.0, 0.0, 0.07415253484217899, 0.0, 0.05029273161428614, 0.0, 0.05043418196241682)",1
10904,29,17,11,"(0.11642427162819424, 0.14970886995698662, 0.0, 0.0, 0.0, 0.051548873715099995, 0.0, 0.08279881135943302, 0.0, 0.013668512226326937)",3
10905,29,17,11,"(0.09033430006888621, 0.14970886995698662, 0.0, 0.0, 0.0, 0.051548873715099995, 0.0, 0.08279881135943302, 0.0, 0.012100064069703476)",1
10906,29,17,11,"(0.11642427162819424, 0.14970886995698662, 0.0, 0.0, 0.0, 0.051548873715099995, 0.0, 0.08279881135943302, 0.0, 0.01812760691895582)",117
10907,29,17,11,"(0.09033430006888621, 0.07602067917889595, 0.0, 0.0, 0.0, 0.0499098641491762, 0.0, 0.08279881135943302, 0.0, 0.01812760691895582)",292
10908,29,17,11,"(0.09033430006888621, 0.07602067917889595, 0.0, 0.0, 0.0, 0.0499098641491762, 0.0, 0.0639382924477421, 0.0, 0.01812760691895582)",1
10909,29,17,11,"(0.09033430006888621, 0.14970886995698662, 0.0, 0.0, 0.0, 0.051548873715099995, 0.0, 0.06587501758950261, 0.0, 0.03545129541523492)",26
10910,29,17,11,"(0.09033430006888621, 0.07602067917889595, 0.0, 0.0, 0.0, 0.0499098641491762, 0.0, 0.11249887935637445, 0.0, 0.01812760691895582)",1
10911,29,17,11,"(0.09105706988368438, 0.14970886995698662, 0.0, 0.0, 0.0, 0.051548873715099995, 0.0, 0.08279881135943302, 0.0, 0.01812760691895582)",6
10912,29,17,13,"(0.0, 0.0, 0.09051950061837827, 0.07900678182894155, 0.09172770611919409, 0.07489992963210028, 0.0, 0.0, 0.14899621190854193, 0.0)",41
10913,29,17,13,"(0.0, 0.0, 0.11679612853536596, 0.06920069129515957, 0.09172770611919409, 0.07489992963210028, 0.0, 0.0, 0.14899621190854193, 0.0)",98
10914,29,17,13,"(0.0, 0.0, 0.11679612853536596, 0.06920069129515957, 0.10429950825966873, 0.07489992963210028, 0.0, 0.0, 0.14899621190854193, 0.0)",2
10915,29,17,13,"(0.0, 0.0, 0.11679612853536596, 0.06920069129515957, 0.09172770611919409, 0.07489992963210028, 0.0, 0.0, 0.09245570969850306, 0.0)",2
10916,29,17,13,"(0.0, 0.0, 0.11679612853536596, 0.06920069129515957, 0.16999054388347512, 0.07489992963210028, 0.0, 0.0, 0.14899621190854193, 0.0)",34
10917,29,18,8,"(0.06841025872615102, 0.0, 0.08950620996642342, 0.09247639241939104, 0.09173902283359818, 0.0, 0.06826344941350267, 0.0, 0.0, 0.0)",13
10918,29,18,8,"(0.09369258606422372, 0.0, 0.08950620996642342, 0.1349731327294535, 0.09173902283359818, 0.0, 0.06826344941350267, 0.0, 0.0, 0.0)",1
10919,29,18,8,"(0.08546745713740878, 0.0, 0.08950620996642342, 0.09247639241939104, 0.09173902283359818, 0.0, 0.06826344941350267, 0.0, 0.0, 0.0)",2
10920,29,18,8,"(0.09369258606422372, 0.0, 0.08950620996642342, 0.09247639241939104, 0.09173902283359818, 0.0, 0.042700612717955194, 0.0, 0.0, 0.0)",2
10921,29,18,8,"(0.09369258606422372, 0.0, 0.08950620996642342, 0.09247639241939104, 0.13981094317932646, 0.0, 0.06826344941350267, 0.0, 0.0, 0.0)",3
10922,29,18,8,"(0.09369258606422372, 0.0, 0.08950620996642342, 0.09247639241939104, 0.09173902283359818, 0.0, 0.06826344941350267, 0.0, 0.0, 0.0)",256
10923,29,18,11,"(0.09033430006888621, 0.11322693785151745, 0.0, 0.0, 0.0, 0.08688904398222974, 0.0, 0.08279881135943302, 0.0, 0.02924926627515253)",3
10924,29,18,11,"(0.10719644722591219, 0.14970886995698662, 0.0, 0.0, 0.0, 0.04688669779969397, 0.0, 0.08034716598458062, 0.0, 0.02397872159479526)",1
10925,29,18,11,"(0.07823374825929613, 0.14970886995698662, 0.0, 0.0, 0.0, 0.04688669779969397, 0.0, 0.08279881135943302, 0.0, 0.0146713856801846)",3
10926,29,18,11,"(0.05938259487199599, 0.14970886995698662, 0.0, 0.0, 0.0, 0.04688669779969397, 0.0, 0.08279881135943302, 0.0, 0.01812760691895582)",1
10927,29,18,11,"(0.09033430006888621, 0.14970886995698662, 0.0, 0.0, 0.0, 0.04688669779969397, 0.0, 0.07571811005062844, 0.0, 0.009977889765748666)",2
10928,29,18,11,"(0.09033430006888621, 0.17215002214089117, 0.0, 0.0, 0.0, 0.04688669779969397, 0.0, 0.08279881135943302, 0.0, 0.01812760691895582)",1
10929,29,18,11,"(0.09033430006888621, 0.20019391241074092, 0.0, 0.0, 0.0, 0.04688669779969397, 0.0, 0.13009998557129956, 0.0, 0.01812760691895582)",1
10930,29,18,11,"(0.09033430006888621, 0.14970886995698662, 0.0, 0.0, 0.0, 0.04688669779969397, 0.0, 0.08279881135943302, 0.0, 0.0146713856801846)",174
10931,29,18,11,"(0.0714361915852528, 0.14970886995698662, 0.0, 0.0, 0.0, 0.04688669779969397, 0.0, 0.08279881135943302, 0.0, 0.0146713856801846)",1
10932,29,18,11,"(0.09033430006888621, 0.14970886995698662, 0.0, 0.0, 0.0, 0.03251719700721867, 0.0, 0.03281338438063316, 0.0, 0.01812760691895582)",13
10933,29,18,11,"(0.09033430006888621, 0.14970886995698662, 0.0, 0.0, 0.0, 0.04688669779969397, 0.0, 0.08279881135943302, 0.0, 0.012842034851167982)",1
10934,29,18,11,"(0.10719644722591219, 0.14970886995698662, 0.0, 0.0, 0.0, 0.04688669779969397, 0.0, 0.08034716598458062, 0.0, 0.0189339545976119)",10
10935,29,18,11,"(0.09033430006888621, 0.14970886995698662, 0.0, 0.0, 0.0, 0.04688669779969397, 0.0, 0.08279881135943302, 0.0, 0.01812760691895582)",305
10936,29,18,13,"(0.0, 0.0, 0.11679612853536596, 0.06920069129515957, 0.09172770611919409, 0.07489992963210028, 0.0, 0.0, 0.14899621190854193, 0.0)",184
10937,29,19,8,"(0.09369258606422372, 0.0, 0.08950620996642342, 0.09247639241939104, 0.09173902283359818, 0.0, 0.046248535347563464, 0.0, 0.0, 0.0)",13
10938,29,19,8,"(0.09369258606422372, 0.0, 0.13141916526312997, 0.09247639241939104, 0.08498097305004186, 0.0, 0.06826344941350267, 0.0, 0.0, 0.0)",1
10939,29,19,8,"(0.09369258606422372, 0.0, 0.08950620996642342, 0.09247639241939104, 0.09173902283359818, 0.0, 0.06826344941350267, 0.0, 0.0, 0.0)",288
10940,29,19,8,"(0.09369258606422372, 0.0, 0.08950620996642342, 0.09247639241939104, 0.09173902283359818, 0.0, 0.040812736551516814, 0.0, 0.0, 0.0)",3
10941,29,19,8,"(0.2229651351849428, 0.0, 0.10599823906427976, 0.09247639241939104, 0.09173902283359818, 0.0, 0.06826344941350267, 0.0, 0.0, 0.0)",1
10942,29,19,11,"(0.1273128758339797, 0.0869323900544981, 0.0, 0.0, 0.0, 0.04688669779969397, 0.0, 0.08279881135943302, 0.0, 0.01812760691895582)",11
10943,29,19,11,"(0.09033430006888621, 0.1492453298477481, 0.0, 0.0, 0.0, 0.04688669779969397, 0.0, 0.08279881135943302, 0.0, 0.0146713856801846)",1
10944,29,19,11,"(0.09592963467175195, 0.1365826119282505, 0.0, 0.0, 0.0, 0.08036223889646828, 0.0, 0.08279881135943302, 0.0, 0.01812760691895582)",2
10945,29,19,11,"(0.09033430006888621, 0.14970886995698662, 0.0, 0.0, 0.0, 0.04688669779969397, 0.0, 0.08279881135943302, 0.0, 0.01812760691895582)",255
10946,29,19,11,"(0.09033430006888621, 0.18800031000352363, 0.0, 0.0, 0.0, 0.04688669779969397, 0.0, 0.08279881135943302, 0.0, 0.0146713856801846)",1
10947,29,19,11,"(0.09033430006888621, 0.1166650183181532, 0.0, 0.0, 0.0, 0.03493005353638236, 0.0, 0.08279881135943302, 0.0, 0.01812760691895582)",1
10948,29,19,11,"(0.09033430006888621, 0.1166650183181532, 0.0, 0.0, 0.0, 0.05871679312828867, 0.0, 0.08279881135943302, 0.0, 0.01812760691895582)",57
10949,29,19,11,"(0.09033430006888621, 0.14970886995698662, 0.0, 0.0, 0.0, 0.04688669779969397, 0.0, 0.14314024834086234, 0.0, 0.01812760691895582)",1
10950,29,19,11,"(0.09033430006888621, 0.14970886995698662, 0.0, 0.0, 0.0, 0.06591537371729032, 0.0, 0.08279881135943302, 0.0, 0.0146713856801846)",1
10951,29,19,11,"(0.09033430006888621, 0.2257429164423553, 0.0, 0.0, 0.0, 0.05871679312828867, 0.0, 0.1262816868759685, 0.0, 0.015987057484229978)",1
10952,29,19,11,"(0.09033430006888621, 0.14970886995698662, 0.0, 0.0, 0.0, 0.04688669779969397, 0.0, 0.08279881135943302, 0.0, 0.0146713856801846)",178
10953,29,19,11,"(0.04074274888733478, 0.14970886995698662, 0.0, 0.0, 0.0, 0.04688669779969397, 0.0, 0.08279881135943302, 0.0, 0.0146713856801846)",2
10954,29,19,13,"(0.0, 0.0, 0.11679612853536596, 0.06920069129515957, 0.07968550201695326, 0.07489992963210028, 0.0, 0.0, 0.14899621190854193, 0.0)",6
10955,29,19,13,"(0.0, 0.0, 0.11679612853536596, 0.06920069129515957, 0.09172770611919409, 0.07489992963210028, 0.0, 0.0, 0.14899621190854193, 0.0)",172
10956,29,20,8,"(0.09369258606422372, 0.0, 0.08950620996642342, 0.09247639241939104, 0.09173902283359818, 0.0, 0.06826344941350267, 0.0, 0.0, 0.0)",338
10957,29,20,8,"(0.09369258606422372, 0.0, 0.08950620996642342, 0.09746774526260514, 0.06188012460932229, 0.0, 0.06826344941350267, 0.0, 0.0, 0.0)",1
10958,29,20,8,"(0.09369258606422372, 0.0, 0.08950620996642342, 0.13670384219933066, 0.09173902283359818, 0.0, 0.06826344941350267, 0.0, 0.0, 0.0)",1
10959,29,20,8,"(0.09369258606422372, 0.0, 0.08950620996642342, 0.09247639241939104, 0.08379862504562076, 0.0, 0.06826344941350267, 0.0, 0.0, 0.0)",3
10960,29,20,8,"(0.14979825592932314, 0.0, 0.08950620996642342, 0.09247639241939104, 0.09173902283359818, 0.0, 0.0255803475357282, 0.0, 0.0, 0.0)",12
10961,29,20,11,"(0.09033430006888621, 0.14970886995698662, 0.0, 0.0, 0.0, 0.04688669779969397, 0.0, 0.13899268683570767, 0.0, 0.0146713856801846)",1
10962,29,20,11,"(0.0644412258544489, 0.14970886995698662, 0.0, 0.0, 0.0, 0.04688669779969397, 0.0, 0.08279881135943302, 0.0, 0.01812760691895582)",1
10963,29,20,11,"(0.09033430006888621, 0.14970886995698662, 0.0, 0.0, 0.0, 0.04688669779969397, 0.0, 0.08279881135943302, 0.0, 0.013673430611481283)",9
10964,29,20,11,"(0.09033430006888621, 0.14970886995698662, 0.0, 0.0, 0.0, 0.04688669779969397, 0.0, 0.08279881135943302, 0.0, 0.0146713856801846)",94
10965,29,20,11,"(0.09033430006888621, 0.14970886995698662, 0.0, 0.0, 0.0, 0.04688669779969397, 0.0, 0.08279881135943302, 0.0, 0.01812760691895582)",282
10966,29,20,11,"(0.09033430006888621, 0.14970886995698662, 0.0, 0.0, 0.0, 0.05575940618864097, 0.0, 0.08279881135943302, 0.0, 0.031632959907041916)",1
10967,29,20,13,"(0.0, 0.0, 0.06493337370270043, 0.06920069129515957, 0.09172770611919409, 0.07489992963210028, 0.0, 0.0, 0.14899621190854193, 0.0)",1
10968,29,20,13,"(0.0, 0.0, 0.11679612853536596, 0.06438027284352577, 0.09230514379869242, 0.051094987063038486, 0.0, 0.0, 0.16534155781137796, 0.0)",1
10969,29,20,13,"(0.0, 0.0, 0.11679612853536596, 0.06920069129515957, 0.09172770611919409, 0.07489992963210028, 0.0, 0.0, 0.14899621190854193, 0.0)",168
10970,30,0,8,"(0.09369258606422372, 0.0, 0.08950620996642342, 0.09247639241939104, 0.09173902283359818, 0.0, 0.06826344941350267, 0.0, 0.0, 0.0)",333
10971,30,0,8,"(0.09369258606422372, 0.0, 0.08950620996642342, 0.09247639241939104, 0.09093071972464235, 0.0, 0.06826344941350267, 0.0, 0.0, 0.0)",2
10972,30,0,8,"(0.1480727858585932, 0.0, 0.08950620996642342, 0.09247639241939104, 0.09173902283359818, 0.0, 0.06826344941350267, 0.0, 0.0, 0.0)",4
10973,30,0,11,"(0.09033430006888621, 0.14970886995698662, 0.0, 0.0, 0.0, 0.04688669779969397, 0.0, 0.09523546217639671, 0.0, 0.01812760691895582)",197
10974,30,0,11,"(0.09033430006888621, 0.17639420648973575, 0.0, 0.0, 0.0, 0.04688669779969397, 0.0, 0.09523546217639671, 0.0, 0.01812760691895582)",1
10975,30,0,11,"(0.09033430006888621, 0.14970886995698662, 0.0, 0.0, 0.0, 0.04688669779969397, 0.0, 0.08279881135943302, 0.0, 0.01812760691895582)",78
10976,30,0,11,"(0.09033430006888621, 0.14970886995698662, 0.0, 0.0, 0.0, 0.050572060470248224, 0.0, 0.12102781419717128, 0.0, 0.013810663256506353)",1
10977,30,0,11,"(0.09033430006888621, 0.14970886995698662, 0.0, 0.0, 0.0, 0.050572060470248224, 0.0, 0.08279881135943302, 0.0, 0.01812760691895582)",121
10978,30,0,11,"(0.09033430006888621, 0.14970886995698662, 0.0, 0.0, 0.0, 0.043578699822787226, 0.0, 0.11068755286719632, 0.0, 0.01812760691895582)",3
10979,30,0,11,"(0.06751981069508978, 0.14970886995698662, 0.0, 0.0, 0.0, 0.04688669779969397, 0.0, 0.09523546217639671, 0.0, 0.01812760691895582)",2
10980,30,0,13,"(0.0, 0.0, 0.11679612853536596, 0.06920069129515957, 0.09172770611919409, 0.07489992963210028, 0.0, 0.0, 0.14899621190854193, 0.0)",165
10981,30,0,13,"(0.0, 0.0, 0.11679612853536596, 0.0799907568338271, 0.09172770611919409, 0.07489992963210028, 0.0, 0.0, 0.14899621190854193, 0.0)",1
10982,30,0,13,"(0.0, 0.0, 0.11679612853536596, 0.05581822311757127, 0.09172770611919409, 0.07489992963210028, 0.0, 0.0, 0.10629068491581777, 0.0)",3
10983,30,1,8,"(0.09369258606422372, 0.0, 0.06225366093217102, 0.09247639241939104, 0.09173902283359818, 0.0, 0.06826344941350267, 0.0, 0.0, 0.0)",13
10984,30,1,8,"(0.09369258606422372, 0.0, 0.049871919546701525, 0.09247639241939104, 0.09173902283359818, 0.0, 0.06826344941350267, 0.0, 0.0, 0.0)",2
10985,30,1,8,"(0.09369258606422372, 0.0, 0.08950620996642342, 0.09247639241939104, 0.07816433381164399, 0.0, 0.06826344941350267, 0.0, 0.0, 0.0)",1
10986,30,1,8,"(0.09369258606422372, 0.0, 0.08950620996642342, 0.09247639241939104, 0.09173902283359818, 0.0, 0.06826344941350267, 0.0, 0.0, 0.0)",278
10987,30,1,8,"(0.11886308920681316, 0.0, 0.08950620996642342, 0.09247639241939104, 0.09173902283359818, 0.0, 0.06826344941350267, 0.0, 0.0, 0.0)",1
10988,30,1,8,"(0.10223672173906038, 0.0, 0.08950620996642342, 0.1758291728163155, 0.09173902283359818, 0.0, 0.06826344941350267, 0.0, 0.0, 0.0)",1
10989,30,1,8,"(0.09369258606422372, 0.0, 0.0620370957695193, 0.09247639241939104, 0.09173902283359818, 0.0, 0.057584803076390315, 0.0, 0.0, 0.0)",1
10990,30,1,8,"(0.12910446532157907, 0.0, 0.08950620996642342, 0.09247639241939104, 0.09173902283359818, 0.0, 0.06826344941350267, 0.0, 0.0, 0.0)",1
10991,30,1,11,"(0.09033430006888621, 0.14970886995698662, 0.0, 0.0, 0.0, 0.04688669779969397, 0.0, 0.09523546217639671, 0.0, 0.01812760691895582)",444
10992,30,1,11,"(0.09033430006888621, 0.14970886995698662, 0.0, 0.0, 0.0, 0.04688669779969397, 0.0, 0.11973327540623577, 0.0, 0.01812760691895582)",1
10993,30,1,11,"(0.07149377618467333, 0.14970886995698662, 0.0, 0.0, 0.0, 0.04688669779969397, 0.0, 0.11110975619126996, 0.0, 0.02251460608626712)",2
10994,30,1,11,"(0.09033430006888621, 0.13784062869862534, 0.0, 0.0, 0.0, 0.04688669779969397, 0.0, 0.13986906993264858, 0.0, 0.01812760691895582)",4
10995,30,1,11,"(0.09033430006888621, 0.14970886995698662, 0.0, 0.0, 0.0, 0.04688669779969397, 0.0, 0.0915367033716324, 0.0, 0.01812760691895582)",6
10996,30,1,11,"(0.09033430006888621, 0.14970886995698662, 0.0, 0.0, 0.0, 0.04688669779969397, 0.0, 0.07898350342352485, 0.0, 0.01812760691895582)",9
10997,30,1,11,"(0.09033430006888621, 0.14970886995698662, 0.0, 0.0, 0.0, 0.04688669779969397, 0.0, 0.08279881135943302, 0.0, 0.01812760691895582)",26
10998,30,1,11,"(0.08488396191974833, 0.09828227464654753, 0.0, 0.0, 0.0, 0.04688669779969397, 0.0, 0.1289794904595173, 0.0, 0.01812760691895582)",1
10999,30,1,11,"(0.09033430006888621, 0.14970886995698662, 0.0, 0.0, 0.0, 0.050572060470248224, 0.0, 0.08279881135943302, 0.0, 0.01812760691895582)",61
11000,30,1,11,"(0.09033430006888621, 0.14970886995698662, 0.0, 0.0, 0.0, 0.04688669779969397, 0.0, 0.05934012154529818, 0.0, 0.01812760691895582)",1
11001,30,1,11,"(0.09033430006888621, 0.12552249688148318, 0.0, 0.0, 0.0, 0.04688669779969397, 0.0, 0.09523546217639671, 0.0, 0.01812760691895582)",1
11002,30,1,11,"(0.09033430006888621, 0.14970886995698662, 0.0, 0.0, 0.0, 0.04688669779969397, 0.0, 0.09523546217639671, 0.0, 0.010832861296715441)",3
11003,30,1,13,"(0.0, 0.0, 0.11600518209906648, 0.06920069129515957, 0.09172770611919409, 0.07610560387607963, 0.0, 0.0, 0.17821451229161844, 0.0)",1
11004,30,1,13,"(0.0, 0.0, 0.11679612853536596, 0.06920069129515957, 0.09172770611919409, 0.07489992963210028, 0.0, 0.0, 0.14899621190854193, 0.0)",161
11005,30,1,13,"(0.0, 0.0, 0.13568534515233657, 0.06920069129515957, 0.09172770611919409, 0.07489992963210028, 0.0, 0.0, 0.14899621190854193, 0.0)",1
11006,30,2,8,"(0.09369258606422372, 0.0, 0.07302306636698667, 0.09247639241939104, 0.09173902283359818, 0.0, 0.06826344941350267, 0.0, 0.0, 0.0)",1
11007,30,2,8,"(0.09369258606422372, 0.0, 0.08950620996642342, 0.09247639241939104, 0.09173902283359818, 0.0, 0.06826344941350267, 0.0, 0.0, 0.0)",316
11008,30,2,8,"(0.09369258606422372, 0.0, 0.08950620996642342, 0.09247639241939104, 0.05760847103287169, 0.0, 0.06826344941350267, 0.0, 0.0, 0.0)",2
11009,30,2,8,"(0.09369258606422372, 0.0, 0.1018770834021829, 0.09247639241939104, 0.09173902283359818, 0.0, 0.06826344941350267, 0.0, 0.0, 0.0)",2
11010,30,2,8,"(0.15538293139315357, 0.0, 0.08950620996642342, 0.09247639241939104, 0.09173902283359818, 0.0, 0.06826344941350267, 0.0, 0.0, 0.0)",1
11011,30,2,11,"(0.09033430006888621, 0.14970886995698662, 0.0, 0.0, 0.0, 0.04688669779969397, 0.0, 0.08279881135943302, 0.0, 0.01812760691895582)",107
11012,30,2,11,"(0.04870551112733794, 0.14970886995698662, 0.0, 0.0, 0.0, 0.04688669779969397, 0.0, 0.09523546217639671, 0.0, 0.01812760691895582)",1
11013,30,2,11,"(0.07821172205991923, 0.14970886995698662, 0.0, 0.0, 0.0, 0.04688669779969397, 0.0, 0.08279881135943302, 0.0, 0.01812760691895582)",1
11014,30,2,11,"(0.09033430006888621, 0.14970886995698662, 0.0, 0.0, 0.0, 0.04688669779969397, 0.0, 0.09523546217639671, 0.0, 0.01812760691895582)",253
11015,30,2,11,"(0.09033430006888621, 0.14970886995698662, 0.0, 0.0, 0.0, 0.05147614053666706, 0.0, 0.09523546217639671, 0.0, 0.01812760691895582)",5
11016,30,2,11,"(0.06192044149421303, 0.14970886995698662, 0.0, 0.0, 0.0, 0.04688669779969397, 0.0, 0.09523546217639671, 0.0, 0.015328454806381587)",1
11017,30,2,11,"(0.09679142258209689, 0.14970886995698662, 0.0, 0.0, 0.0, 0.04852289656162303, 0.0, 0.08673740364102347, 0.0, 0.01812760691895582)",1
11018,30,2,11,"(0.09033430006888621, 0.14970886995698662, 0.0, 0.0, 0.0, 0.04688669779969397, 0.0, 0.10564522950663484, 0.0, 0.01812760691895582)",5
11019,30,2,11,"(0.09033430006888621, 0.14970886995698662, 0.0, 0.0, 0.0, 0.06249096678509708, 0.0, 0.12060504621523348, 0.0, 0.01812760691895582)",41
11020,30,2,11,"(0.09033430006888621, 0.14970886995698662, 0.0, 0.0, 0.0, 0.043578699822787226, 0.0, 0.11068755286719632, 0.0, 0.01812760691895582)",104
11021,30,2,13,"(0.0, 0.0, 0.11679612853536596, 0.06920069129515957, 0.09172770611919409, 0.07489992963210028, 0.0, 0.0, 0.14899621190854193, 0.0)",190
11022,30,2,13,"(0.0, 0.0, 0.11679612853536596, 0.06920069129515957, 0.07834570843556034, 0.07489992963210028, 0.0, 0.0, 0.14899621190854193, 0.0)",1
11023,30,3,8,"(0.09369258606422372, 0.0, 0.08950620996642342, 0.09247639241939104, 0.07465200933978253, 0.0, 0.11492453902114892, 0.0, 0.0, 0.0)",1
11024,30,3,8,"(0.09369258606422372, 0.0, 0.08950620996642342, 0.0874980638229883, 0.07465200933978253, 0.0, 0.06826344941350267, 0.0, 0.0, 0.0)",1
11025,30,3,8,"(0.09369258606422372, 0.0, 0.09170766211854371, 0.09247639241939104, 0.07465200933978253, 0.0, 0.06826344941350267, 0.0, 0.0, 0.0)",1
11026,30,3,8,"(0.09369258606422372, 0.0, 0.08950620996642342, 0.09247639241939104, 0.04214040006979326, 0.0, 0.06826344941350267, 0.0, 0.0, 0.0)",3
11027,30,3,8,"(0.09369258606422372, 0.0, 0.12889838603400347, 0.09247639241939104, 0.07465200933978253, 0.0, 0.06826344941350267, 0.0, 0.0, 0.0)",3
11028,30,3,8,"(0.09369258606422372, 0.0, 0.08950620996642342, 0.09247639241939104, 0.07465200933978253, 0.0, 0.06826344941350267, 0.0, 0.0, 0.0)",366
11029,30,3,11,"(0.09033430006888621, 0.07602067917889595, 0.0, 0.0, 0.0, 0.0499098641491762, 0.0, 0.08279881135943302, 0.0, 0.01812760691895582)",33
11030,30,3,11,"(0.11642427162819424, 0.1158140118988459, 0.0, 0.0, 0.0, 0.051548873715099995, 0.0, 0.08279881135943302, 0.0, 0.01812760691895582)",1
11031,30,3,11,"(0.11642427162819424, 0.14970886995698662, 0.0, 0.0, 0.0, 0.051548873715099995, 0.0, 0.08279881135943302, 0.0, 0.01812760691895582)",177
11032,30,3,11,"(0.09033430006888621, 0.14970886995698662, 0.0, 0.0, 0.0, 0.03131380944626853, 0.0, 0.08279881135943302, 0.0, 0.030974864936529796)",1
11033,30,3,11,"(0.09033430006888621, 0.14970886995698662, 0.0, 0.0, 0.0, 0.051548873715099995, 0.0, 0.08279881135943302, 0.0, 0.01812760691895582)",247
11034,30,3,11,"(0.09033430006888621, 0.28641421572613507, 0.0, 0.0, 0.0, 0.051548873715099995, 0.0, 0.08279881135943302, 0.0, 0.01812760691895582)",1
11035,30,3,11,"(0.11642427162819424, 0.14970886995698662, 0.0, 0.0, 0.0, 0.051548873715099995, 0.0, 0.10617724529158483, 0.0, 0.02153710955341799)",2
11036,30,3,11,"(0.11345557128778805, 0.14970886995698662, 0.0, 0.0, 0.0, 0.051548873715099995, 0.0, 0.08279881135943302, 0.0, 0.01812760691895582)",2
11037,30,3,13,"(0.0, 0.0, 0.09051950061837827, 0.07900678182894155, 0.09172770611919409, 0.07489992963210028, 0.0, 0.0, 0.14899621190854193, 0.0)",71
11038,30,3,13,"(0.0, 0.0, 0.09051950061837827, 0.08939271365620748, 0.06635439765105408, 0.07489992963210028, 0.0, 0.0, 0.14899621190854193, 0.0)",2
11039,30,3,13,"(0.0, 0.0, 0.09051950061837827, 0.07900678182894155, 0.10320452138819614, 0.07489992963210028, 0.0, 0.0, 0.14899621190854193, 0.0)",1
11040,30,3,13,"(0.0, 0.0, 0.09051950061837827, 0.07900678182894155, 0.07210078310129628, 0.07489992963210028, 0.0, 0.0, 0.14899621190854193, 0.0)",1
11041,30,3,13,"(0.0, 0.0, 0.11679612853536596, 0.06920069129515957, 0.09172770611919409, 0.07489992963210028, 0.0, 0.0, 0.14899621190854193, 0.0)",107
11042,30,4,8,"(0.09369258606422372, 0.0, 0.08950620996642342, 0.13000952379226094, 0.07465200933978253, 0.0, 0.06826344941350267, 0.0, 0.0, 0.0)",2
11043,30,4,8,"(0.09369258606422372, 0.0, 0.08950620996642342, 0.11677783496579724, 0.06594343406282754, 0.0, 0.06826344941350267, 0.0, 0.0, 0.0)",1
11044,30,4,8,"(0.09369258606422372, 0.0, 0.08366149526270536, 0.09247639241939104, 0.049612537457357, 0.0, 0.06826344941350267, 0.0, 0.0, 0.0)",4
11045,30,4,8,"(0.05289617539010562, 0.0, 0.08950620996642342, 0.09247639241939104, 0.07465200933978253, 0.0, 0.06826344941350267, 0.0, 0.0, 0.0)",1
11046,30,4,8,"(0.09369258606422372, 0.0, 0.08950620996642342, 0.09247639241939104, 0.07465200933978253, 0.0, 0.0895060549110017, 0.0, 0.0, 0.0)",1
11047,30,4,8,"(0.08165051690442826, 0.0, 0.08950620996642342, 0.09247639241939104, 0.07465200933978253, 0.0, 0.06826344941350267, 0.0, 0.0, 0.0)",3
11048,30,4,8,"(0.09369258606422372, 0.0, 0.08950620996642342, 0.11677783496579724, 0.07465200933978253, 0.0, 0.06826344941350267, 0.0, 0.0, 0.0)",24
11049,30,4,8,"(0.05708339002994498, 0.0, 0.08950620996642342, 0.09247639241939104, 0.07465200933978253, 0.0, 0.06826344941350267, 0.0, 0.0, 0.0)",7
11050,30,4,8,"(0.09369258606422372, 0.0, 0.08950620996642342, 0.09247639241939104, 0.07465200933978253, 0.0, 0.06826344941350267, 0.0, 0.0, 0.0)",270
11051,30,4,11,"(0.1425381109296889, 0.14970886995698662, 0.0, 0.0, 0.0, 0.051548873715099995, 0.0, 0.08279881135943302, 0.0, 0.01812760691895582)",7
11052,30,4,11,"(0.09033430006888621, 0.14970886995698662, 0.0, 0.0, 0.0, 0.051548873715099995, 0.0, 0.08279881135943302, 0.0, 0.01812760691895582)",270
11053,30,4,11,"(0.09033430006888621, 0.23403650809252824, 0.0, 0.0, 0.0, 0.051548873715099995, 0.0, 0.08279881135943302, 0.0, 0.01812760691895582)",1
11054,30,4,11,"(0.09033430006888621, 0.14970886995698662, 0.0, 0.0, 0.0, 0.051548873715099995, 0.0, 0.06330505515696984, 0.0, 0.01812760691895582)",1
11055,30,4,11,"(0.07373494100840756, 0.07602067917889595, 0.0, 0.0, 0.0, 0.0499098641491762, 0.0, 0.05081769269057617, 0.0, 0.01812760691895582)",1
11056,30,4,11,"(0.09033430006888621, 0.07602067917889595, 0.0, 0.0, 0.0, 0.0499098641491762, 0.0, 0.08279881135943302, 0.0, 0.01812760691895582)",128
11057,30,4,11,"(0.11642427162819424, 0.14970886995698662, 0.0, 0.0, 0.0, 0.051548873715099995, 0.0, 0.08279881135943302, 0.0, 0.01812760691895582)",63
11058,30,4,11,"(0.09033430006888621, 0.14970886995698662, 0.0, 0.0, 0.0, 0.051548873715099995, 0.0, 0.1075777420079073, 0.0, 0.01812760691895582)",16
11059,30,4,11,"(0.09033430006888621, 0.14970886995698662, 0.0, 0.0, 0.0, 0.051548873715099995, 0.0, 0.08697394589973008, 0.0, 0.01812760691895582)",2
11060,30,4,11,"(0.09033430006888621, 0.07602067917889595, 0.0, 0.0, 0.0, 0.0499098641491762, 0.0, 0.08279881135943302, 0.0, 0.026087012628235234)",2
11061,30,4,13,"(0.0, 0.0, 0.09051950061837827, 0.07900678182894155, 0.09172770611919409, 0.07489992963210028, 0.0, 0.0, 0.14899621190854193, 0.0)",152
11062,30,4,13,"(0.0, 0.0, 0.09051950061837827, 0.07404139326540998, 0.09172770611919409, 0.07489992963210028, 0.0, 0.0, 0.14899621190854193, 0.0)",1
11063,30,4,13,"(0.0, 0.0, 0.19151083764576723, 0.06920069129515957, 0.09172770611919409, 0.07489992963210028, 0.0, 0.0, 0.14899621190854193, 0.0)",2
11064,30,4,13,"(0.0, 0.0, 0.11679612853536596, 0.06920069129515957, 0.09172770611919409, 0.07489992963210028, 0.0, 0.0, 0.14899621190854193, 0.0)",33
11065,30,5,8,"(0.09369258606422372, 0.0, 0.08950620996642342, 0.0624060334877214, 0.1455574895168782, 0.0, 0.06826344941350267, 0.0, 0.0, 0.0)",32
11066,30,5,8,"(0.09369258606422372, 0.0, 0.08950620996642342, 0.07244974010254111, 0.07465200933978253, 0.0, 0.06826344941350267, 0.0, 0.0, 0.0)",2
11067,30,5,8,"(0.0712797574932079, 0.0, 0.08950620996642342, 0.09247639241939104, 0.07465200933978253, 0.0, 0.06826344941350267, 0.0, 0.0, 0.0)",5
11068,30,5,8,"(0.09369258606422372, 0.0, 0.08950620996642342, 0.09247639241939104, 0.06153014394343752, 0.0, 0.06826344941350267, 0.0, 0.0, 0.0)",7
11069,30,5,8,"(0.09369258606422372, 0.0, 0.08950620996642342, 0.09247639241939104, 0.11128125110417567, 0.0, 0.06826344941350267, 0.0, 0.0, 0.0)",4
11070,30,5,8,"(0.09369258606422372, 0.0, 0.08950620996642342, 0.09129964820505918, 0.07465200933978253, 0.0, 0.06826344941350267, 0.0, 0.0, 0.0)",4
11071,30,5,8,"(0.09369258606422372, 0.0, 0.08950620996642342, 0.10878785723741079, 0.07465200933978253, 0.0, 0.06826344941350267, 0.0, 0.0, 0.0)",6
11072,30,5,8,"(0.09369258606422372, 0.0, 0.08950620996642342, 0.09247639241939104, 0.07465200933978253, 0.0, 0.06826344941350267, 0.0, 0.0, 0.0)",247
11073,30,5,8,"(0.0972125185595271, 0.0, 0.08950620996642342, 0.09247639241939104, 0.07465200933978253, 0.0, 0.06826344941350267, 0.0, 0.0, 0.0)",1
11074,30,5,11,"(0.11642427162819424, 0.14970886995698662, 0.0, 0.0, 0.0, 0.051548873715099995, 0.0, 0.08279881135943302, 0.0, 0.01812760691895582)",123
11075,30,5,11,"(0.09033430006888621, 0.14970886995698662, 0.0, 0.0, 0.0, 0.051548873715099995, 0.0, 0.08279881135943302, 0.0, 0.01812760691895582)",189
11076,30,5,11,"(0.09033430006888621, 0.07602067917889595, 0.0, 0.0, 0.0, 0.05091398859613331, 0.0, 0.08279881135943302, 0.0, 0.01812760691895582)",3
11077,30,5,11,"(0.11642427162819424, 0.14970886995698662, 0.0, 0.0, 0.0, 0.08621153308949518, 0.0, 0.08279881135943302, 0.0, 0.01812760691895582)",2
11078,30,5,11,"(0.09033430006888621, 0.07602067917889595, 0.0, 0.0, 0.0, 0.0499098641491762, 0.0, 0.08279881135943302, 0.0, 0.012390920067455029)",2
11079,30,5,11,"(0.11642427162819424, 0.17511037982154498, 0.0, 0.0, 0.0, 0.051548873715099995, 0.0, 0.08279881135943302, 0.0, 0.01812760691895582)",1
11080,30,5,11,"(0.07367098030693495, 0.14970886995698662, 0.0, 0.0, 0.0, 0.051548873715099995, 0.0, 0.08279881135943302, 0.0, 0.01812760691895582)",13
11081,30,5,11,"(0.09033430006888621, 0.1129223528059593, 0.0, 0.0, 0.0, 0.0339194267199258, 0.0, 0.08279881135943302, 0.0, 0.01812760691895582)",1
11082,30,5,11,"(0.09033430006888621, 0.07602067917889595, 0.0, 0.0, 0.0, 0.0499098641491762, 0.0, 0.09945427642451317, 0.0, 0.01812760691895582)",2
11083,30,5,11,"(0.09033430006888621, 0.07602067917889595, 0.0, 0.0, 0.0, 0.0499098641491762, 0.0, 0.08279881135943302, 0.0, 0.01812760691895582)",176
11084,30,5,11,"(0.07371989736722452, 0.14970886995698662, 0.0, 0.0, 0.0, 0.051548873715099995, 0.0, 0.06404837443689904, 0.0, 0.01812760691895582)",4
11085,30,5,11,"(0.11642427162819424, 0.14970886995698662, 0.0, 0.0, 0.0, 0.02860802954137397, 0.0, 0.08279881135943302, 0.0, 0.01812760691895582)",2
11086,30,5,11,"(0.049188382507083114, 0.14970886995698662, 0.0, 0.0, 0.0, 0.051548873715099995, 0.0, 0.04717599817263224, 0.0, 0.01812760691895582)",8
11087,30,5,11,"(0.07345994401806501, 0.14970886995698662, 0.0, 0.0, 0.0, 0.051548873715099995, 0.0, 0.08279881135943302, 0.0, 0.01812760691895582)",3
11088,30,5,11,"(0.09033430006888621, 0.14970886995698662, 0.0, 0.0, 0.0, 0.051548873715099995, 0.0, 0.08279881135943302, 0.0, 0.02042032589157475)",5
11089,30,5,13,"(0.0, 0.0, 0.11679612853536596, 0.06920069129515957, 0.09172770611919409, 0.07489992963210028, 0.0, 0.0, 0.14899621190854193, 0.0)",105
11090,30,5,13,"(0.0, 0.0, 0.11679612853536596, 0.06920069129515957, 0.09172770611919409, 0.07489992963210028, 0.0, 0.0, 0.22612318140933688, 0.0)",1
11091,30,5,13,"(0.0, 0.0, 0.2296280633205494, 0.06920069129515957, 0.09172770611919409, 0.07489992963210028, 0.0, 0.0, 0.14899621190854193, 0.0)",1
11092,30,5,13,"(0.0, 0.0, 0.09051950061837827, 0.07900678182894155, 0.09172770611919409, 0.07489992963210028, 0.0, 0.0, 0.14899621190854193, 0.0)",61
11093,30,5,13,"(0.0, 0.0, 0.11679612853536596, 0.06920069129515957, 0.09172770611919409, 0.08929611417298006, 0.0, 0.0, 0.14899621190854193, 0.0)",1
11094,30,6,8,"(0.09369258606422372, 0.0, 0.08950620996642342, 0.09247639241939104, 0.07465200933978253, 0.0, 0.06826344941350267, 0.0, 0.0, 0.0)",274
11095,30,6,8,"(0.09369258606422372, 0.0, 0.1699097299224221, 0.09247639241939104, 0.07465200933978253, 0.0, 0.06826344941350267, 0.0, 0.0, 0.0)",2
11096,30,6,8,"(0.09369258606422372, 0.0, 0.10581629918474106, 0.09247639241939104, 0.07465200933978253, 0.0, 0.06826344941350267, 0.0, 0.0, 0.0)",11
11097,30,6,8,"(0.09369258606422372, 0.0, 0.08950620996642342, 0.09247639241939104, 0.07465200933978253, 0.0, 0.07143788537676163, 0.0, 0.0, 0.0)",1
11098,30,6,8,"(0.09369258606422372, 0.0, 0.08950620996642342, 0.07898672668888247, 0.07465200933978253, 0.0, 0.06826344941350267, 0.0, 0.0, 0.0)",5
11099,30,6,11,"(0.11642427162819424, 0.06834314513468652, 0.0, 0.0, 0.0, 0.051548873715099995, 0.0, 0.08279881135943302, 0.0, 0.01812760691895582)",9
11100,30,6,11,"(0.09033430006888621, 0.14970886995698662, 0.0, 0.0, 0.0, 0.06640487008872606, 0.0, 0.08279881135943302, 0.0, 0.01812760691895582)",10
11101,30,6,11,"(0.11642427162819424, 0.14970886995698662, 0.0, 0.0, 0.0, 0.051548873715099995, 0.0, 0.08279881135943302, 0.0, 0.01812760691895582)",86
11102,30,6,11,"(0.08126742705851199, 0.14970886995698662, 0.0, 0.0, 0.0, 0.028304920350772873, 0.0, 0.08279881135943302, 0.0, 0.014584986293607567)",10
11103,30,6,11,"(0.08126742705851199, 0.14970886995698662, 0.0, 0.0, 0.0, 0.023566916124981036, 0.0, 0.08279881135943302, 0.0, 0.014584986293607567)",2
11104,30,6,11,"(0.09033430006888621, 0.14970886995698662, 0.0, 0.0, 0.0, 0.04688669779969397, 0.0, 0.08279881135943302, 0.0, 0.01812760691895582)",234
11105,30,6,11,"(0.09033430006888621, 0.14970886995698662, 0.0, 0.0, 0.0, 0.035343997780042456, 0.0, 0.08279881135943302, 0.0, 0.011911462179361905)",3
11106,30,6,11,"(0.07218504246292562, 0.14970886995698662, 0.0, 0.0, 0.0, 0.051548873715099995, 0.0, 0.08279881135943302, 0.0, 0.01812760691895582)",1
11107,30,6,11,"(0.09033430006888621, 0.14970886995698662, 0.0, 0.0, 0.0, 0.04688669779969397, 0.0, 0.08279881135943302, 0.0, 0.01735834508923811)",92
11108,30,6,11,"(0.1450486223018913, 0.14970886995698662, 0.0, 0.0, 0.0, 0.07248918759020183, 0.0, 0.08279881135943302, 0.0, 0.01812760691895582)",1
11109,30,6,11,"(0.09033430006888621, 0.14970886995698662, 0.0, 0.0, 0.0, 0.035343997780042456, 0.0, 0.08279881135943302, 0.0, 0.01812760691895582)",47
11110,30,6,11,"(0.09033430006888621, 0.2162583158050564, 0.0, 0.0, 0.0, 0.03187747653674617, 0.0, 0.08279881135943302, 0.0, 0.01812760691895582)",2
11111,30,6,13,"(0.0, 0.0, 0.11679612853536596, 0.09094100004851055, 0.09172770611919409, 0.07489992963210028, 0.0, 0.0, 0.14899621190854193, 0.0)",4
11112,30,6,13,"(0.0, 0.0, 0.11679612853536596, 0.06920069129515957, 0.09172770611919409, 0.04691486780139726, 0.0, 0.0, 0.14899621190854193, 0.0)",1
11113,30,6,13,"(0.0, 0.0, 0.11679612853536596, 0.06920069129515957, 0.09172770611919409, 0.07489992963210028, 0.0, 0.0, 0.14899621190854193, 0.0)",182
11114,30,7,8,"(0.09369258606422372, 0.0, 0.08950620996642342, 0.09247639241939104, 0.052551739247048763, 0.0, 0.06826344941350267, 0.0, 0.0, 0.0)",1
11115,30,7,8,"(0.09369258606422372, 0.0, 0.08950620996642342, 0.07340141907842873, 0.06454979193058348, 0.0, 0.06826344941350267, 0.0, 0.0, 0.0)",1
11116,30,7,8,"(0.09369258606422372, 0.0, 0.08950620996642342, 0.09247639241939104, 0.07465200933978253, 0.0, 0.06826344941350267, 0.0, 0.0, 0.0)",315
11117,30,7,8,"(0.09369258606422372, 0.0, 0.08950620996642342, 0.11783570198653415, 0.07465200933978253, 0.0, 0.06826344941350267, 0.0, 0.0, 0.0)",1
11118,30,7,8,"(0.09369258606422372, 0.0, 0.10581629918474106, 0.09247639241939104, 0.07465200933978253, 0.0, 0.06826344941350267, 0.0, 0.0, 0.0)",33
11119,30,7,8,"(0.09369258606422372, 0.0, 0.08950620996642342, 0.09247639241939104, 0.12151806829510554, 0.0, 0.06826344941350267, 0.0, 0.0, 0.0)",1
11120,30,7,8,"(0.09369258606422372, 0.0, 0.07577613560190626, 0.15117163610343476, 0.07465200933978253, 0.0, 0.06826344941350267, 0.0, 0.0, 0.0)",1
11121,30,7,11,"(0.09033430006888621, 0.14970886995698662, 0.0, 0.0, 0.0, 0.046692203316689954, 0.0, 0.1416001770726742, 0.0, 0.01812760691895582)",4
11122,30,7,11,"(0.14058830468109898, 0.07396223909168675, 0.0, 0.0, 0.0, 0.04688669779969397, 0.0, 0.08279881135943302, 0.0, 0.01812760691895582)",2
11123,30,7,11,"(0.09033430006888621, 0.14970886995698662, 0.0, 0.0, 0.0, 0.04688669779969397, 0.0, 0.08279881135943302, 0.0, 0.01735834508923811)",93
11124,30,7,11,"(0.09033430006888621, 0.14970886995698662, 0.0, 0.0, 0.0, 0.046692203316689954, 0.0, 0.08279881135943302, 0.0, 0.01812760691895582)",77
11125,30,7,11,"(0.09033430006888621, 0.17812791797497615, 0.0, 0.0, 0.0, 0.04688669779969397, 0.0, 0.08279881135943302, 0.0, 0.022707881390579228)",2
11126,30,7,11,"(0.11642427162819424, 0.14970886995698662, 0.0, 0.0, 0.0, 0.051548873715099995, 0.0, 0.08279881135943302, 0.0, 0.01812760691895582)",88
11127,30,7,11,"(0.11642427162819424, 0.14970886995698662, 0.0, 0.0, 0.0, 0.051548873715099995, 0.0, 0.08279881135943302, 0.0, 0.0219447108152342)",1
11128,30,7,11,"(0.09033430006888621, 0.14970886995698662, 0.0, 0.0, 0.0, 0.04688669779969397, 0.0, 0.08279881135943302, 0.0, 0.01812760691895582)",203
11129,30,7,11,"(0.09033430006888621, 0.14970886995698662, 0.0, 0.0, 0.0, 0.04688669779969397, 0.0, 0.08279881135943302, 0.0, 0.01039190868201187)",2
11130,30,7,11,"(0.09033430006888621, 0.14970886995698662, 0.0, 0.0, 0.0, 0.03740938447596355, 0.0, 0.08279881135943302, 0.0, 0.01812760691895582)",1
11131,30,7,11,"(0.11642427162819424, 0.14970886995698662, 0.0, 0.0, 0.0, 0.051548873715099995, 0.0, 0.08279881135943302, 0.0, 0.02293133789174326)",1
11132,30,7,13,"(0.0, 0.0, 0.11679612853536596, 0.06920069129515957, 0.07417868672354765, 0.07489992963210028, 0.0, 0.0, 0.1367655856198207, 0.0)",1
11133,30,7,13,"(0.0, 0.0, 0.11679612853536596, 0.05921997046000588, 0.09172770611919409, 0.07489992963210028, 0.0, 0.0, 0.14899621190854193, 0.0)",1
11134,30,7,13,"(0.0, 0.0, 0.11679612853536596, 0.06920069129515957, 0.09172770611919409, 0.07489992963210028, 0.0, 0.0, 0.14899621190854193, 0.0)",179
11135,30,8,8,"(0.09369258606422372, 0.0, 0.09515970175517038, 0.09247639241939104, 0.07465200933978253, 0.0, 0.06826344941350267, 0.0, 0.0, 0.0)",1
11136,30,8,8,"(0.09369258606422372, 0.0, 0.08950620996642342, 0.09247639241939104, 0.07465200933978253, 0.0, 0.06826344941350267, 0.0, 0.0, 0.0)",372
11137,30,8,11,"(0.09033430006888621, 0.14970886995698662, 0.0, 0.0, 0.0, 0.04203921423175659, 0.0, 0.08279881135943302, 0.0, 0.017589142492723905)",5
11138,30,8,11,"(0.09033430006888621, 0.14970886995698662, 0.0, 0.0, 0.0, 0.04688669779969397, 0.0, 0.08279881135943302, 0.0, 0.01812760691895582)",121
11139,30,8,11,"(0.09033430006888621, 0.14970886995698662, 0.0, 0.0, 0.0, 0.020011094357855117, 0.0, 0.08279881135943302, 0.0, 0.01735834508923811)",5
11140,30,8,11,"(0.11642427162819424, 0.14970886995698662, 0.0, 0.0, 0.0, 0.051548873715099995, 0.0, 0.08279881135943302, 0.0, 0.01812760691895582)",156
11141,30,8,11,"(0.09033430006888621, 0.14970886995698662, 0.0, 0.0, 0.0, 0.04688669779969397, 0.0, 0.08279881135943302, 0.0, 0.01735834508923811)",140
11142,30,8,11,"(0.09033430006888621, 0.14970886995698662, 0.0, 0.0, 0.0, 0.04688669779969397, 0.0, 0.08279881135943302, 0.0, 0.022768231854905827)",1
11143,30,8,11,"(0.13646046699393802, 0.14970886995698662, 0.0, 0.0, 0.0, 0.051548873715099995, 0.0, 0.08279881135943302, 0.0, 0.01812760691895582)",1
11144,30,8,11,"(0.11642427162819424, 0.14970886995698662, 0.0, 0.0, 0.0, 0.051548873715099995, 0.0, 0.14552800160411664, 0.0, 0.013261299607471425)",1
11145,30,8,11,"(0.09033430006888621, 0.14970886995698662, 0.0, 0.0, 0.0, 0.035343997780042456, 0.0, 0.08279881135943302, 0.0, 0.01812760691895582)",2
11146,30,8,13,"(0.0, 0.0, 0.11679612853536596, 0.06920069129515957, 0.09172770611919409, 0.07489992963210028, 0.0, 0.0, 0.14899621190854193, 0.0)",151
11147,30,8,13,"(0.0, 0.0, 0.14986943216524806, 0.06920069129515957, 0.09172770611919409, 0.07489992963210028, 0.0, 0.0, 0.14899621190854193, 0.0)",1
11148,30,8,13,"(0.0, 0.0, 0.08527819019496143, 0.03480782599509989, 0.09172770611919409, 0.07489992963210028, 0.0, 0.0, 0.14899621190854193, 0.0)",3
11149,30,8,13,"(0.0, 0.0, 0.11679612853536596, 0.06920069129515957, 0.09172770611919409, 0.05091264171941235, 0.0, 0.0, 0.14899621190854193, 0.0)",7
11150,30,9,8,"(0.09369258606422372, 0.0, 0.08950620996642342, 0.1458996996704578, 0.09173902283359818, 0.0, 0.06826344941350267, 0.0, 0.0, 0.0)",1
11151,30,9,8,"(0.06429738000845464, 0.0, 0.08950620996642342, 0.09247639241939104, 0.09173902283359818, 0.0, 0.06826344941350267, 0.0, 0.0, 0.0)",1
11152,30,9,8,"(0.09369258606422372, 0.0, 0.08950620996642342, 0.09247639241939104, 0.09173902283359818, 0.0, 0.06826344941350267, 0.0, 0.0, 0.0)",394
11153,30,9,11,"(0.09033430006888621, 0.14970886995698662, 0.0, 0.0, 0.0, 0.03351690559287727, 0.0, 0.08279881135943302, 0.0, 0.01812760691895582)",1
11154,30,9,11,"(0.09033430006888621, 0.14970886995698662, 0.0, 0.0, 0.0, 0.043578699822787226, 0.0, 0.08279881135943302, 0.0, 0.01049176743944885)",1
11155,30,9,11,"(0.09033430006888621, 0.14970886995698662, 0.0, 0.0, 0.0, 0.043578699822787226, 0.0, 0.08279881135943302, 0.0, 0.01812760691895582)",83
11156,30,9,11,"(0.09033430006888621, 0.14970886995698662, 0.0, 0.0, 0.0, 0.04688669779969397, 0.0, 0.08279881135943302, 0.0, 0.01812760691895582)",266
11157,30,9,11,"(0.1896350991512293, 0.10043641178979641, 0.0, 0.0, 0.0, 0.04688669779969397, 0.0, 0.08279881135943302, 0.0, 0.01812760691895582)",1
11158,30,9,13,"(0.0, 0.0, 0.08425124006562179, 0.06920069129515957, 0.09172770611919409, 0.07489992963210028, 0.0, 0.0, 0.09089653772540723, 0.0)",4
11159,30,9,13,"(0.0, 0.0, 0.11679612853536596, 0.06920069129515957, 0.09172770611919409, 0.07489992963210028, 0.0, 0.0, 0.14899621190854193, 0.0)",180
11160,30,9,13,"(0.0, 0.0, 0.11679612853536596, 0.06920069129515957, 0.09172770611919409, 0.07489992963210028, 0.0, 0.0, 0.2317722735217345, 0.0)",5
11161,30,10,8,"(0.09369258606422372, 0.0, 0.08950620996642342, 0.08286151335063796, 0.09173902283359818, 0.0, 0.06826344941350267, 0.0, 0.0, 0.0)",2
11162,30,10,8,"(0.09369258606422372, 0.0, 0.08950620996642342, 0.09247639241939104, 0.09173902283359818, 0.0, 0.06826344941350267, 0.0, 0.0, 0.0)",279
11163,30,10,8,"(0.09369258606422372, 0.0, 0.08950620996642342, 0.0947926833850767, 0.09173902283359818, 0.0, 0.06826344941350267, 0.0, 0.0, 0.0)",1
11164,30,10,8,"(0.09369258606422372, 0.0, 0.08950620996642342, 0.09247639241939104, 0.09173902283359818, 0.0, 0.056091259861560466, 0.0, 0.0, 0.0)",1
11165,30,10,11,"(0.09033430006888621, 0.14970886995698662, 0.0, 0.0, 0.0, 0.043578699822787226, 0.0, 0.08279881135943302, 0.0, 0.01812760691895582)",267
11166,30,10,11,"(0.09033430006888621, 0.14970886995698662, 0.0, 0.0, 0.0, 0.04688669779969397, 0.0, 0.08279881135943302, 0.0, 0.01812760691895582)",274
11167,30,10,11,"(0.09033430006888621, 0.14970886995698662, 0.0, 0.0, 0.0, 0.07251552801033326, 0.0, 0.08279881135943302, 0.0, 0.01812760691895582)",8
11168,30,10,11,"(0.09033430006888621, 0.14970886995698662, 0.0, 0.0, 0.0, 0.0502457055911557, 0.0, 0.08279881135943302, 0.0, 0.01812760691895582)",2
11169,30,10,11,"(0.08751145555957544, 0.14970886995698662, 0.0, 0.0, 0.0, 0.04688669779969397, 0.0, 0.05547898457128533, 0.0, 0.01812760691895582)",1
11170,30,10,11,"(0.0713641973960202, 0.09202023104695775, 0.0, 0.0, 0.0, 0.017900882872222877, 0.0, 0.08279881135943302, 0.0, 0.01728596293923304)",2
11171,30,10,11,"(0.06970365290475772, 0.14970886995698662, 0.0, 0.0, 0.0, 0.038122154843757944, 0.0, 0.08448694316844474, 0.0, 0.01812760691895582)",2
11172,30,10,11,"(0.09033430006888621, 0.18158800631056632, 0.0, 0.0, 0.0, 0.043578699822787226, 0.0, 0.08279881135943302, 0.0, 0.01686415329253641)",2
11173,30,10,13,"(0.0, 0.0, 0.11679612853536596, 0.06920069129515957, 0.09172770611919409, 0.0805427003381452, 0.0, 0.0, 0.14899621190854193, 0.0)",1
11174,30,10,13,"(0.0, 0.0, 0.11679612853536596, 0.06920069129515957, 0.09172770611919409, 0.05089824627595925, 0.0, 0.0, 0.14899621190854193, 0.0)",1
11175,30,10,13,"(0.0, 0.0, 0.11679612853536596, 0.06920069129515957, 0.09172770611919409, 0.07489992963210028, 0.0, 0.0, 0.14899621190854193, 0.0)",187
11176,30,10,13,"(0.0, 0.0, 0.11679612853536596, 0.06920069129515957, 0.09172770611919409, 0.07489992963210028, 0.0, 0.0, 0.0973028299668905, 0.0)",2
11177,30,11,8,"(0.09369258606422372, 0.0, 0.08950620996642342, 0.09247639241939104, 0.09173902283359818, 0.0, 0.07038138605533607, 0.0, 0.0, 0.0)",2
11178,30,11,8,"(0.09369258606422372, 0.0, 0.08950620996642342, 0.08523308716072583, 0.09173902283359818, 0.0, 0.15940604909153072, 0.0, 0.0, 0.0)",1
11179,30,11,8,"(0.09369258606422372, 0.0, 0.08950620996642342, 0.09247639241939104, 0.09173902283359818, 0.0, 0.0648133770375436, 0.0, 0.0, 0.0)",1
11180,30,11,8,"(0.09369258606422372, 0.0, 0.08950620996642342, 0.09247639241939104, 0.09173902283359818, 0.0, 0.06826344941350267, 0.0, 0.0, 0.0)",334
11181,30,11,8,"(0.09369258606422372, 0.0, 0.17802610292427293, 0.09247639241939104, 0.09173902283359818, 0.0, 0.06826344941350267, 0.0, 0.0, 0.0)",3
11182,30,11,8,"(0.09470823835239084, 0.0, 0.08950620996642342, 0.09247639241939104, 0.09173902283359818, 0.0, 0.06724250809423783, 0.0, 0.0, 0.0)",15
11183,30,11,11,"(0.1158047819284465, 0.14233701286488773, 0.0, 0.0, 0.0, 0.04688669779969397, 0.0, 0.05684293579081694, 0.0, 0.01812760691895582)",1
11184,30,11,11,"(0.09033430006888621, 0.14970886995698662, 0.0, 0.0, 0.0, 0.043578699822787226, 0.0, 0.08279881135943302, 0.0, 0.01812760691895582)",118
11185,30,11,11,"(0.09033430006888621, 0.15477561687476044, 0.0, 0.0, 0.0, 0.04688669779969397, 0.0, 0.08279881135943302, 0.0, 0.01812760691895582)",2
11186,30,11,11,"(0.09033430006888621, 0.14233701286488773, 0.0, 0.0, 0.0, 0.04688669779969397, 0.0, 0.05684293579081694, 0.0, 0.01812760691895582)",1
11187,30,11,11,"(0.09033430006888621, 0.14970886995698662, 0.0, 0.0, 0.0, 0.04688669779969397, 0.0, 0.06122111832674835, 0.0, 0.01812760691895582)",1
11188,30,11,11,"(0.09033430006888621, 0.14970886995698662, 0.0, 0.0, 0.0, 0.048795557435875, 0.0, 0.08279881135943302, 0.0, 0.01812760691895582)",1
11189,30,11,11,"(0.09033430006888621, 0.14970886995698662, 0.0, 0.0, 0.0, 0.04688669779969397, 0.0, 0.08279881135943302, 0.0, 0.01812760691895582)",248
11190,30,11,11,"(0.09033430006888621, 0.14970886995698662, 0.0, 0.0, 0.0, 0.04688669779969397, 0.0, 0.13437476498855652, 0.0, 0.01812760691895582)",3
11191,30,11,13,"(0.0, 0.0, 0.11679612853536596, 0.06920069129515957, 0.09172770611919409, 0.07489992963210028, 0.0, 0.0, 0.14899621190854193, 0.0)",201
11192,30,11,13,"(0.0, 0.0, 0.07628429945798232, 0.06920069129515957, 0.09172770611919409, 0.07489992963210028, 0.0, 0.0, 0.14899621190854193, 0.0)",1
11193,30,12,8,"(0.1942522436095093, 0.0, 0.06517907438682968, 0.09247639241939104, 0.07465200933978253, 0.0, 0.06826344941350267, 0.0, 0.0, 0.0)",1
11194,30,12,8,"(0.1942522436095093, 0.0, 0.07937687314251125, 0.09247639241939104, 0.07465200933978253, 0.0, 0.06826344941350267, 0.0, 0.0, 0.0)",116
11195,30,12,8,"(0.09369258606422372, 0.0, 0.08950620996642342, 0.09247639241939104, 0.07465200933978253, 0.0, 0.06826344941350267, 0.0, 0.0, 0.0)",178
11196,30,12,11,"(0.09033430006888621, 0.07602067917889595, 0.0, 0.0, 0.0, 0.0499098641491762, 0.0, 0.08279881135943302, 0.0, 0.01812760691895582)",498
11197,30,12,11,"(0.09033430006888621, 0.07602067917889595, 0.0, 0.0, 0.0, 0.0499098641491762, 0.0, 0.11249887935637445, 0.0, 0.01812760691895582)",5
11198,30,12,11,"(0.09033430006888621, 0.10439871785222977, 0.0, 0.0, 0.0, 0.0499098641491762, 0.0, 0.07489598414416529, 0.0, 0.01812760691895582)",1
11199,30,12,11,"(0.11642427162819424, 0.14970886995698662, 0.0, 0.0, 0.0, 0.051548873715099995, 0.0, 0.08279881135943302, 0.0, 0.01812760691895582)",42
11200,30,12,11,"(0.07155087218579786, 0.08224762632239763, 0.0, 0.0, 0.0, 0.051548873715099995, 0.0, 0.08279881135943302, 0.0, 0.01812760691895582)",2
11201,30,12,11,"(0.11198591013207992, 0.09260458904051502, 0.0, 0.0, 0.0, 0.0499098641491762, 0.0, 0.08279881135943302, 0.0, 0.01812760691895582)",1
11202,30,12,11,"(0.09033430006888621, 0.07965699202069622, 0.0, 0.0, 0.0, 0.0499098641491762, 0.0, 0.08279881135943302, 0.0, 0.01812760691895582)",3
11203,30,12,11,"(0.09033430006888621, 0.14970886995698662, 0.0, 0.0, 0.0, 0.051548873715099995, 0.0, 0.08279881135943302, 0.0, 0.01812760691895582)",37
11204,30,12,11,"(0.09033430006888621, 0.07602067917889595, 0.0, 0.0, 0.0, 0.0499098641491762, 0.0, 0.08279881135943302, 0.0, 0.02448294912676256)",7
11205,30,12,13,"(0.0, 0.0, 0.09051950061837827, 0.07900678182894155, 0.09172770611919409, 0.07489992963210028, 0.0, 0.0, 0.14899621190854193, 0.0)",164
11206,30,12,13,"(0.0, 0.0, 0.11679612853536596, 0.06920069129515957, 0.16999054388347512, 0.07489992963210028, 0.0, 0.0, 0.14899621190854193, 0.0)",5
11207,30,12,13,"(0.0, 0.0, 0.09051950061837827, 0.061704493677567564, 0.09172770611919409, 0.07489992963210028, 0.0, 0.0, 0.14899621190854193, 0.0)",1
11208,30,12,13,"(0.0, 0.0, 0.11679612853536596, 0.06920069129515957, 0.09172770611919409, 0.07489992963210028, 0.0, 0.0, 0.14899621190854193, 0.0)",17
11209,30,13,8,"(0.09369258606422372, 0.0, 0.09585755420285363, 0.09247639241939104, 0.07465200933978253, 0.0, 0.06826344941350267, 0.0, 0.0, 0.0)",1
11210,30,13,8,"(0.09369258606422372, 0.0, 0.0636176406231809, 0.09247639241939104, 0.07465200933978253, 0.0, 0.06826344941350267, 0.0, 0.0, 0.0)",6
11211,30,13,8,"(0.1942522436095093, 0.0, 0.07937687314251125, 0.09247639241939104, 0.07465200933978253, 0.0, 0.06826344941350267, 0.0, 0.0, 0.0)",26
11212,30,13,8,"(0.09369258606422372, 0.0, 0.08950620996642342, 0.09247639241939104, 0.07465200933978253, 0.0, 0.05406424582524789, 0.0, 0.0, 0.0)",1
11213,30,13,8,"(0.09369258606422372, 0.0, 0.08950620996642342, 0.09247639241939104, 0.07465200933978253, 0.0, 0.06826344941350267, 0.0, 0.0, 0.0)",266
11214,30,13,8,"(0.09369258606422372, 0.0, 0.08950620996642342, 0.09247639241939104, 0.14128983623503616, 0.0, 0.06826344941350267, 0.0, 0.0, 0.0)",3
11215,30,13,8,"(0.09369258606422372, 0.0, 0.07859322468064092, 0.09247639241939104, 0.07465200933978253, 0.0, 0.06826344941350267, 0.0, 0.0, 0.0)",5
11216,30,13,11,"(0.11642427162819424, 0.14970886995698662, 0.0, 0.0, 0.0, 0.051548873715099995, 0.0, 0.08279881135943302, 0.0, 0.01812760691895582)",72
11217,30,13,11,"(0.09033430006888621, 0.053293691703638395, 0.0, 0.0, 0.0, 0.0499098641491762, 0.0, 0.08279881135943302, 0.0, 0.01812760691895582)",1
11218,30,13,11,"(0.09033430006888621, 0.14970886995698662, 0.0, 0.0, 0.0, 0.09359667154740303, 0.0, 0.08279881135943302, 0.0, 0.01812760691895582)",3
11219,30,13,11,"(0.11642427162819424, 0.14970886995698662, 0.0, 0.0, 0.0, 0.051548873715099995, 0.0, 0.15951523451872573, 0.0, 0.01812760691895582)",2
11220,30,13,11,"(0.09033430006888621, 0.07602067917889595, 0.0, 0.0, 0.0, 0.026593583539502523, 0.0, 0.08279881135943302, 0.0, 0.01812760691895582)",1
11221,30,13,11,"(0.09033430006888621, 0.07602067917889595, 0.0, 0.0, 0.0, 0.0499098641491762, 0.0, 0.09354606078416974, 0.0, 0.01812760691895582)",7
11222,30,13,11,"(0.09033430006888621, 0.11525975753449061, 0.0, 0.0, 0.0, 0.051548873715099995, 0.0, 0.06587501758950261, 0.0, 0.03545129541523492)",1
11223,30,13,11,"(0.09033430006888621, 0.14970886995698662, 0.0, 0.0, 0.0, 0.051548873715099995, 0.0, 0.06587501758950261, 0.0, 0.03121796101725551)",1
11224,30,13,11,"(0.09033430006888621, 0.07602067917889595, 0.0, 0.0, 0.0, 0.0499098641491762, 0.0, 0.08279881135943302, 0.0, 0.01801328282380558)",1
11225,30,13,11,"(0.09033430006888621, 0.2549428043300429, 0.0, 0.0, 0.0, 0.051548873715099995, 0.0, 0.08279881135943302, 0.0, 0.01812760691895582)",1
11226,30,13,11,"(0.09033430006888621, 0.07602067917889595, 0.0, 0.0, 0.0, 0.0499098641491762, 0.0, 0.08279881135943302, 0.0, 0.01812760691895582)",273
11227,30,13,11,"(0.09033430006888621, 0.053518044103280184, 0.0, 0.0, 0.0, 0.0499098641491762, 0.0, 0.08279881135943302, 0.0, 0.01812760691895582)",1
11228,30,13,11,"(0.09033430006888621, 0.14970886995698662, 0.0, 0.0, 0.0, 0.051548873715099995, 0.0, 0.06587501758950261, 0.0, 0.03545129541523492)",42
11229,30,13,11,"(0.09033430006888621, 0.07602067917889595, 0.0, 0.0, 0.0, 0.0499098641491762, 0.0, 0.0941427336198308, 0.0, 0.01812760691895582)",1
11230,30,13,11,"(0.09033430006888621, 0.14970886995698662, 0.0, 0.0, 0.0, 0.051548873715099995, 0.0, 0.08279881135943302, 0.0, 0.01812760691895582)",122
11231,30,13,13,"(0.0, 0.0, 0.08662403680232206, 0.0715588834520128, 0.09172770611919409, 0.07489992963210028, 0.0, 0.0, 0.14899621190854193, 0.0)",3
11232,30,13,13,"(0.0, 0.0, 0.11679612853536596, 0.06920069129515957, 0.09172770611919409, 0.07489992963210028, 0.0, 0.0, 0.07680307433661976, 0.0)",1
11233,30,13,13,"(0.0, 0.0, 0.11679612853536596, 0.06920069129515957, 0.16999054388347512, 0.07489992963210028, 0.0, 0.0, 0.14899621190854193, 0.0)",16
11234,30,13,13,"(0.0, 0.0, 0.09971397694464698, 0.06920069129515957, 0.09172770611919409, 0.07489992963210028, 0.0, 0.0, 0.14899621190854193, 0.0)",3
11235,30,13,13,"(0.0, 0.0, 0.11679612853536596, 0.06920069129515957, 0.09172770611919409, 0.07489992963210028, 0.0, 0.0, 0.14899621190854193, 0.0)",147
11236,30,13,13,"(0.0, 0.0, 0.11679612853536596, 0.0896223106966729, 0.09172770611919409, 0.07489992963210028, 0.0, 0.0, 0.14899621190854193, 0.0)",1
11237,30,14,8,"(0.1942522436095093, 0.0, 0.07937687314251125, 0.09247639241939104, 0.07465200933978253, 0.0, 0.04000333676607386, 0.0, 0.0, 0.0)",1
11238,30,14,8,"(0.09369258606422372, 0.0, 0.08950620996642342, 0.09247639241939104, 0.07465200933978253, 0.0, 0.06826344941350267, 0.0, 0.0, 0.0)",248
11239,30,14,8,"(0.09369258606422372, 0.0, 0.08950620996642342, 0.09247639241939104, 0.07465200933978253, 0.0, 0.08677043480403496, 0.0, 0.0, 0.0)",1
11240,30,14,8,"(0.1942522436095093, 0.0, 0.07937687314251125, 0.09247639241939104, 0.07465200933978253, 0.0, 0.06826344941350267, 0.0, 0.0, 0.0)",12
11241,30,14,8,"(0.09369258606422372, 0.0, 0.08950620996642342, 0.09247639241939104, 0.15935499976194342, 0.0, 0.06826344941350267, 0.0, 0.0, 0.0)",2
11242,30,14,8,"(0.0749597494362332, 0.0, 0.0876669249288639, 0.09247639241939104, 0.07465200933978253, 0.0, 0.0688047524154652, 0.0, 0.0, 0.0)",5
11243,30,14,8,"(0.05219779936235308, 0.0, 0.0685512741463074, 0.09247639241939104, 0.07465200933978253, 0.0, 0.06826344941350267, 0.0, 0.0, 0.0)",1
11244,30,14,8,"(0.1121772935643066, 0.0, 0.08950620996642342, 0.09247639241939104, 0.07465200933978253, 0.0, 0.07929696077364098, 0.0, 0.0, 0.0)",1
11245,30,14,11,"(0.09033430006888621, 0.07602067917889595, 0.0, 0.0, 0.0, 0.0499098641491762, 0.0, 0.08279881135943302, 0.0, 0.01812760691895582)",364
11246,30,14,11,"(0.16942656148745336, 0.14970886995698662, 0.0, 0.0, 0.0, 0.051548873715099995, 0.0, 0.08279881135943302, 0.0, 0.01812760691895582)",1
11247,30,14,11,"(0.09033430006888621, 0.07602067917889595, 0.0, 0.0, 0.0, 0.0499098641491762, 0.0, 0.08279881135943302, 0.0, 0.014787051662362384)",1
11248,30,14,11,"(0.09033430006888621, 0.14970886995698662, 0.0, 0.0, 0.0, 0.051548873715099995, 0.0, 0.06587501758950261, 0.0, 0.03545129541523492)",40
11249,30,14,11,"(0.09033430006888621, 0.07602067917889595, 0.0, 0.0, 0.0, 0.04461534103816715, 0.0, 0.08279881135943302, 0.0, 0.01812760691895582)",1
11250,30,14,11,"(0.11642427162819424, 0.14970886995698662, 0.0, 0.0, 0.0, 0.08368550080545648, 0.0, 0.08279881135943302, 0.0, 0.01812760691895582)",1
11251,30,14,11,"(0.09033430006888621, 0.14970886995698662, 0.0, 0.0, 0.0, 0.051548873715099995, 0.0, 0.08279881135943302, 0.0, 0.01812760691895582)",71
11252,30,14,11,"(0.05483078970825749, 0.07602067917889595, 0.0, 0.0, 0.0, 0.0499098641491762, 0.0, 0.08279881135943302, 0.0, 0.01812760691895582)",1
11253,30,14,11,"(0.09033430006888621, 0.14970886995698662, 0.0, 0.0, 0.0, 0.051548873715099995, 0.0, 0.08263910572834757, 0.0, 0.01812760691895582)",1
11254,30,14,11,"(0.11642427162819424, 0.14970886995698662, 0.0, 0.0, 0.0, 0.051548873715099995, 0.0, 0.08279881135943302, 0.0, 0.01812760691895582)",82
11255,30,14,11,"(0.09033430006888621, 0.07602067917889595, 0.0, 0.0, 0.0, 0.0499098641491762, 0.0, 0.08279881135943302, 0.0, 0.01779168444937775)",2
11256,30,14,13,"(0.0, 0.0, 0.09051950061837827, 0.056523755220004135, 0.09172770611919409, 0.03355539404794887, 0.0, 0.0, 0.14899621190854193, 0.0)",6
11257,30,14,13,"(0.0, 0.0, 0.11679612853536596, 0.0482539188754615, 0.062057973183740206, 0.07489992963210028, 0.0, 0.0, 0.14899621190854193, 0.0)",1
11258,30,14,13,"(0.0, 0.0, 0.09051950061837827, 0.07900678182894155, 0.09172770611919409, 0.07489992963210028, 0.0, 0.0, 0.14899621190854193, 0.0)",65
11259,30,14,13,"(0.0, 0.0, 0.11679612853536596, 0.06920069129515957, 0.09172770611919409, 0.07489992963210028, 0.0, 0.0, 0.14899621190854193, 0.0)",121
11260,30,15,8,"(0.11055326089050385, 0.0, 0.08950620996642342, 0.09247639241939104, 0.09173902283359818, 0.0, 0.06826344941350267, 0.0, 0.0, 0.0)",2
11261,30,15,8,"(0.09369258606422372, 0.0, 0.08950620996642342, 0.09247639241939104, 0.09173902283359818, 0.0, 0.08930544481967535, 0.0, 0.0, 0.0)",10
11262,30,15,8,"(0.09369258606422372, 0.0, 0.08950620996642342, 0.09247639241939104, 0.09173902283359818, 0.0, 0.06826344941350267, 0.0, 0.0, 0.0)",352
11263,30,15,8,"(0.11578858916086242, 0.0, 0.0800355290170191, 0.1452978486164657, 0.09173902283359818, 0.0, 0.06826344941350267, 0.0, 0.0, 0.0)",1
11264,30,15,11,"(0.09033430006888621, 0.14970886995698662, 0.0, 0.0, 0.0, 0.04688669779969397, 0.0, 0.09523546217639671, 0.0, 0.019264165156972476)",3
11265,30,15,11,"(0.09033430006888621, 0.140414223595628, 0.0, 0.0, 0.0, 0.04688669779969397, 0.0, 0.09523546217639671, 0.0, 0.01812760691895582)",2
11266,30,15,11,"(0.09033430006888621, 0.14970886995698662, 0.0, 0.0, 0.0, 0.04688669779969397, 0.0, 0.08091195509030549, 0.0, 0.01812760691895582)",1
11267,30,15,11,"(0.09033430006888621, 0.14970886995698662, 0.0, 0.0, 0.0, 0.04688669779969397, 0.0, 0.08279881135943302, 0.0, 0.01812760691895582)",14
11268,30,15,11,"(0.09033430006888621, 0.14970886995698662, 0.0, 0.0, 0.0, 0.04688669779969397, 0.0, 0.09523546217639671, 0.0, 0.01812760691895582)",320
11269,30,15,11,"(0.09033430006888621, 0.14970886995698662, 0.0, 0.0, 0.0, 0.0392560685773428, 0.0, 0.09523546217639671, 0.0, 0.019264165156972476)",1
11270,30,15,11,"(0.09269394483195599, 0.13487072897427388, 0.0, 0.0, 0.0, 0.04688669779969397, 0.0, 0.09523546217639671, 0.0, 0.01812760691895582)",16
11271,30,15,11,"(0.09033430006888621, 0.14970886995698662, 0.0, 0.0, 0.0, 0.043578699822787226, 0.0, 0.08279881135943302, 0.0, 0.01812760691895582)",27
11272,30,15,11,"(0.09033430006888621, 0.14970886995698662, 0.0, 0.0, 0.0, 0.0835103891765166, 0.0, 0.09523546217639671, 0.0, 0.026984686648746294)",2
11273,30,15,11,"(0.09269394483195599, 0.08866930583741739, 0.0, 0.0, 0.0, 0.04688669779969397, 0.0, 0.09523546217639671, 0.0, 0.01812760691895582)",2
11274,30,15,11,"(0.09033430006888621, 0.14970886995698662, 0.0, 0.0, 0.0, 0.04688669779969397, 0.0, 0.11450111881238771, 0.0, 0.01812760691895582)",2
11275,30,15,11,"(0.08657611041341351, 0.14970886995698662, 0.0, 0.0, 0.0, 0.04688669779969397, 0.0, 0.09523546217639671, 0.0, 0.01812760691895582)",4
11276,30,15,13,"(0.0, 0.0, 0.11679612853536596, 0.06920069129515957, 0.09172770611919409, 0.07489992963210028, 0.0, 0.0, 0.17130980852484687, 0.0)",1
11277,30,15,13,"(0.0, 0.0, 0.11679612853536596, 0.06920069129515957, 0.09172770611919409, 0.07489992963210028, 0.0, 0.0, 0.14899621190854193, 0.0)",168
11278,30,15,13,"(0.0, 0.0, 0.11679612853536596, 0.06920069129515957, 0.07026549642864816, 0.07489992963210028, 0.0, 0.0, 0.14899621190854193, 0.0)",2
11279,30,16,8,"(0.09369258606422372, 0.0, 0.08950620996642342, 0.09247639241939104, 0.17803110930162835, 0.0, 0.06826344941350267, 0.0, 0.0, 0.0)",2
11280,30,16,8,"(0.09369258606422372, 0.0, 0.08600294816484724, 0.02519093336685988, 0.09173902283359818, 0.0, 0.10863136225520746, 0.0, 0.0, 0.0)",1
11281,30,16,8,"(0.09369258606422372, 0.0, 0.14008973601159386, 0.09247639241939104, 0.09173902283359818, 0.0, 0.06826344941350267, 0.0, 0.0, 0.0)",2
11282,30,16,8,"(0.13835481334245714, 0.0, 0.08950620996642342, 0.09247639241939104, 0.09173902283359818, 0.0, 0.06826344941350267, 0.0, 0.0, 0.0)",1
11283,30,16,8,"(0.09369258606422372, 0.0, 0.08950620996642342, 0.08711446925293831, 0.09173902283359818, 0.0, 0.06826344941350267, 0.0, 0.0, 0.0)",1
11284,30,16,8,"(0.09369258606422372, 0.0, 0.08950620996642342, 0.09247639241939104, 0.09173902283359818, 0.0, 0.06826344941350267, 0.0, 0.0, 0.0)",312
11285,30,16,8,"(0.09369258606422372, 0.0, 0.08950620996642342, 0.12481663039415776, 0.09173902283359818, 0.0, 0.06826344941350267, 0.0, 0.0, 0.0)",3
11286,30,16,11,"(0.09033430006888621, 0.14970886995698662, 0.0, 0.0, 0.0, 0.043578699822787226, 0.0, 0.08279881135943302, 0.0, 0.01812760691895582)",32
11287,30,16,11,"(0.09033430006888621, 0.14970886995698662, 0.0, 0.0, 0.0, 0.03057894342124853, 0.0, 0.09523546217639671, 0.0, 0.01812760691895582)",2
11288,30,16,11,"(0.138360739605965, 0.14970886995698662, 0.0, 0.0, 0.0, 0.04688669779969397, 0.0, 0.08279881135943302, 0.0, 0.01812760691895582)",1
11289,30,16,11,"(0.04132798894141767, 0.14970886995698662, 0.0, 0.0, 0.0, 0.04688669779969397, 0.0, 0.09523546217639671, 0.0, 0.01812760691895582)",1
11290,30,16,11,"(0.09033430006888621, 0.14970886995698662, 0.0, 0.0, 0.0, 0.04688669779969397, 0.0, 0.09523546217639671, 0.0, 0.01812760691895582)",279
11291,30,16,11,"(0.11396262088007568, 0.14970886995698662, 0.0, 0.0, 0.0, 0.04688669779969397, 0.0, 0.09523546217639671, 0.0, 0.01812760691895582)",1
11292,30,16,11,"(0.09033430006888621, 0.18490852534421606, 0.0, 0.0, 0.0, 0.04688669779969397, 0.0, 0.09523546217639671, 0.0, 0.018715066438732206)",3
11293,30,16,11,"(0.09033430006888621, 0.14970886995698662, 0.0, 0.0, 0.0, 0.04688669779969397, 0.0, 0.08279881135943302, 0.0, 0.01812760691895582)",106
11294,30,16,11,"(0.09033430006888621, 0.1650618513803075, 0.0, 0.0, 0.0, 0.04688669779969397, 0.0, 0.09523546217639671, 0.0, 0.01812760691895582)",3
11295,30,16,11,"(0.09033430006888621, 0.14970886995698662, 0.0, 0.0, 0.0, 0.04688669779969397, 0.0, 0.1055023473505686, 0.0, 0.01812760691895582)",2
11296,30,16,11,"(0.09033430006888621, 0.16371707485274958, 0.0, 0.0, 0.0, 0.04688669779969397, 0.0, 0.09523546217639671, 0.0, 0.01812760691895582)",1
11297,30,16,13,"(0.0, 0.0, 0.11679612853536596, 0.06920069129515957, 0.09172770611919409, 0.07489992963210028, 0.0, 0.0, 0.1446914917430217, 0.0)",2
11298,30,16,13,"(0.0, 0.0, 0.11679612853536596, 0.06920069129515957, 0.09172770611919409, 0.07489992963210028, 0.0, 0.0, 0.14899621190854193, 0.0)",179
11299,30,16,13,"(0.0, 0.0, 0.11679612853536596, 0.06920069129515957, 0.09385371130196611, 0.1029516239377153, 0.0, 0.0, 0.14899621190854193, 0.0)",10
11300,30,17,8,"(0.18402681994896447, 0.0, 0.08950620996642342, 0.06425580359805452, 0.09173902283359818, 0.0, 0.06826344941350267, 0.0, 0.0, 0.0)",1
11301,30,17,8,"(0.09369258606422372, 0.0, 0.08950620996642342, 0.09247639241939104, 0.19166812358315855, 0.0, 0.06826344941350267, 0.0, 0.0, 0.0)",2
11302,30,17,8,"(0.09369258606422372, 0.0, 0.08950620996642342, 0.12603205178789564, 0.09173902283359818, 0.0, 0.06826344941350267, 0.0, 0.0, 0.0)",1
11303,30,17,8,"(0.09369258606422372, 0.0, 0.07665809311801897, 0.09247639241939104, 0.09173902283359818, 0.0, 0.06826344941350267, 0.0, 0.0, 0.0)",4
11304,30,17,8,"(0.09369258606422372, 0.0, 0.08950620996642342, 0.09247639241939104, 0.09173902283359818, 0.0, 0.0414325994304173, 0.0, 0.0, 0.0)",15
11305,30,17,8,"(0.09369258606422372, 0.0, 0.08950620996642342, 0.09247639241939104, 0.09173902283359818, 0.0, 0.06826344941350267, 0.0, 0.0, 0.0)",365
11306,30,17,11,"(0.09033430006888621, 0.14970886995698662, 0.0, 0.0, 0.0, 0.04688669779969397, 0.0, 0.09523546217639671, 0.0, 0.01812760691895582)",310
11307,30,17,11,"(0.09033430006888621, 0.14970886995698662, 0.0, 0.0, 0.0, 0.02720214364022905, 0.0, 0.09523546217639671, 0.0, 0.01812760691895582)",3
11308,30,17,11,"(0.09033430006888621, 0.14970886995698662, 0.0, 0.0, 0.0, 0.04688669779969397, 0.0, 0.09523546217639671, 0.0, 0.01942956271865507)",10
11309,30,17,11,"(0.09033430006888621, 0.14970886995698662, 0.0, 0.0, 0.0, 0.04688669779969397, 0.0, 0.09523546217639671, 0.0, 0.020286645203606256)",16
11310,30,17,11,"(0.09033430006888621, 0.11481559970660336, 0.0, 0.0, 0.0, 0.052496557977753114, 0.0, 0.09523546217639671, 0.0, 0.01812760691895582)",1
11311,30,17,13,"(0.0, 0.0, 0.11679612853536596, 0.06920069129515957, 0.09172770611919409, 0.07489992963210028, 0.0, 0.0, 0.14899621190854193, 0.0)",171
11312,30,17,13,"(0.0, 0.0, 0.11679612853536596, 0.06920069129515957, 0.09172770611919409, 0.07489992963210028, 0.0, 0.0, 0.0992057879326226, 0.0)",2
11313,30,17,13,"(0.0, 0.0, 0.11679612853536596, 0.06920069129515957, 0.09745687223157778, 0.07489992963210028, 0.0, 0.0, 0.14899621190854193, 0.0)",1
11314,30,18,8,"(0.09369258606422372, 0.0, 0.08950620996642342, 0.09247639241939104, 0.09173902283359818, 0.0, 0.06826344941350267, 0.0, 0.0, 0.0)",303
11315,30,18,8,"(0.07635302589017054, 0.0, 0.08950620996642342, 0.21408894809237924, 0.164381141338831, 0.0, 0.06826344941350267, 0.0, 0.0, 0.0)",1
11316,30,18,8,"(0.09369258606422372, 0.0, 0.08950620996642342, 0.09007859879721937, 0.09173902283359818, 0.0, 0.04517719646044723, 0.0, 0.0, 0.0)",24
11317,30,18,8,"(0.08537489184409053, 0.0, 0.08950620996642342, 0.09247639241939104, 0.09173902283359818, 0.0, 0.10876610387451587, 0.0, 0.0, 0.0)",3
11318,30,18,11,"(0.09033430006888621, 0.14970886995698662, 0.0, 0.0, 0.0, 0.04688669779969397, 0.0, 0.08279881135943302, 0.0, 0.01812760691895582)",211
11319,30,18,11,"(0.09033430006888621, 0.14970886995698662, 0.0, 0.0, 0.0, 0.043578699822787226, 0.0, 0.08279881135943302, 0.0, 0.01812760691895582)",151
11320,30,18,11,"(0.09033430006888621, 0.14970886995698662, 0.0, 0.0, 0.0, 0.04688669779969397, 0.0, 0.05452926536458873, 0.0, 0.01812760691895582)",1
11321,30,18,13,"(0.0, 0.0, 0.11679612853536596, 0.05834417449754886, 0.09172770611919409, 0.07834417968058696, 0.0, 0.0, 0.14899621190854193, 0.0)",1
11322,30,18,13,"(0.0, 0.0, 0.11679612853536596, 0.0910589877548199, 0.09172770611919409, 0.057817724332114385, 0.0, 0.0, 0.14899621190854193, 0.0)",1
11323,30,18,13,"(0.0, 0.0, 0.11679612853536596, 0.06920069129515957, 0.09172770611919409, 0.07489992963210028, 0.0, 0.0, 0.14899621190854193, 0.0)",35
11324,30,18,13,"(0.0, 0.0, 0.10382364292673715, 0.0910589877548199, 0.09172770611919409, 0.07489992963210028, 0.0, 0.0, 0.14899621190854193, 0.0)",2
11325,30,18,13,"(0.0, 0.0, 0.11679612853536596, 0.05834417449754886, 0.09172770611919409, 0.07489992963210028, 0.0, 0.0, 0.14899621190854193, 0.0)",1
11326,30,18,13,"(0.0, 0.0, 0.11679612853536596, 0.0910589877548199, 0.09172770611919409, 0.07489992963210028, 0.0, 0.0, 0.14899621190854193, 0.0)",143
11327,30,18,13,"(0.0, 0.0, 0.08217605719716271, 0.0910589877548199, 0.09172770611919409, 0.07489992963210028, 0.0, 0.0, 0.14899621190854193, 0.0)",1
11328,30,19,8,"(0.09369258606422372, 0.0, 0.08950620996642342, 0.09247639241939104, 0.09173902283359818, 0.0, 0.06826344941350267, 0.0, 0.0, 0.0)",270
11329,30,19,8,"(0.09369258606422372, 0.0, 0.08950620996642342, 0.1421370966005282, 0.060558850075678565, 0.0, 0.06826344941350267, 0.0, 0.0, 0.0)",1
11330,30,19,8,"(0.09369258606422372, 0.0, 0.08950620996642342, 0.09247639241939104, 0.060558850075678565, 0.0, 0.06826344941350267, 0.0, 0.0, 0.0)",17
11331,30,19,8,"(0.12483441718518368, 0.0, 0.08950620996642342, 0.09247639241939104, 0.09173902283359818, 0.0, 0.06826344941350267, 0.0, 0.0, 0.0)",1
11332,30,19,8,"(0.09369258606422372, 0.0, 0.08950620996642342, 0.09007859879721937, 0.09173902283359818, 0.0, 0.04517719646044723, 0.0, 0.0, 0.0)",5
11333,30,19,8,"(0.09369258606422372, 0.0, 0.08950620996642342, 0.09247639241939104, 0.09173902283359818, 0.0, 0.06504165601393028, 0.0, 0.0, 0.0)",1
11334,30,19,8,"(0.09369258606422372, 0.0, 0.08950620996642342, 0.09247639241939104, 0.2198253654195827, 0.0, 0.06826344941350267, 0.0, 0.0, 0.0)",1
11335,30,19,8,"(0.09369258606422372, 0.0, 0.0883230876317554, 0.09247639241939104, 0.09173902283359818, 0.0, 0.06826344941350267, 0.0, 0.0, 0.0)",3
11336,30,19,11,"(0.09033430006888621, 0.14970886995698662, 0.0, 0.0, 0.0, 0.04018442293728474, 0.0, 0.08279881135943302, 0.0, 0.01812760691895582)",1
11337,30,19,11,"(0.09033430006888621, 0.14970886995698662, 0.0, 0.0, 0.0, 0.043578699822787226, 0.0, 0.08279881135943302, 0.0, 0.01812760691895582)",117
11338,30,19,11,"(0.09033430006888621, 0.14970886995698662, 0.0, 0.0, 0.0, 0.049775092516924344, 0.0, 0.08279881135943302, 0.0, 0.019501431514837037)",1
11339,30,19,11,"(0.09033430006888621, 0.14970886995698662, 0.0, 0.0, 0.0, 0.043578699822787226, 0.0, 0.10228277482587564, 0.0, 0.01812760691895582)",1
11340,30,19,11,"(0.09033430006888621, 0.14970886995698662, 0.0, 0.0, 0.0, 0.04688669779969397, 0.0, 0.08279881135943302, 0.0, 0.01812760691895582)",271
11341,30,19,11,"(0.09033430006888621, 0.1495241279211213, 0.0, 0.0, 0.0, 0.04688669779969397, 0.0, 0.08279881135943302, 0.0, 0.01812760691895582)",3
11342,30,19,11,"(0.09033430006888621, 0.14970886995698662, 0.0, 0.0, 0.0, 0.043578699822787226, 0.0, 0.08279881135943302, 0.0, 0.04021374311026144)",8
11343,30,19,11,"(0.09033430006888621, 0.14970886995698662, 0.0, 0.0, 0.0, 0.04688669779969397, 0.0, 0.09523546217639671, 0.0, 0.01812760691895582)",42
11344,30,19,11,"(0.09033430006888621, 0.14970886995698662, 0.0, 0.0, 0.0, 0.043578699822787226, 0.0, 0.13245626269562638, 0.0, 0.01812760691895582)",4
11345,30,19,13,"(0.0, 0.0, 0.11679612853536596, 0.06920069129515957, 0.09172770611919409, 0.08275870220609138, 0.0, 0.0, 0.14899621190854193, 0.0)",1
11346,30,19,13,"(0.0, 0.0, 0.11679612853536596, 0.31003351037954185, 0.09172770611919409, 0.07489992963210028, 0.0, 0.0, 0.14930582055515473, 0.0)",2
11347,30,19,13,"(0.0, 0.0, 0.11679612853536596, 0.0910589877548199, 0.09172770611919409, 0.07489992963210028, 0.0, 0.0, 0.14899621190854193, 0.0)",106
11348,30,19,13,"(0.0, 0.0, 0.11679612853536596, 0.06920069129515957, 0.09172770611919409, 0.07489992963210028, 0.0, 0.0, 0.14899621190854193, 0.0)",69
11349,30,20,8,"(0.09369258606422372, 0.0, 0.08950620996642342, 0.09247639241939104, 0.09445962419217427, 0.0, 0.06826344941350267, 0.0, 0.0, 0.0)",29
11350,30,20,8,"(0.07970582916842761, 0.0, 0.08950620996642342, 0.09247639241939104, 0.09173902283359818, 0.0, 0.06826344941350267, 0.0, 0.0, 0.0)",1
11351,30,20,8,"(0.09369258606422372, 0.0, 0.08950620996642342, 0.09247639241939104, 0.09173902283359818, 0.0, 0.09823707965188971, 0.0, 0.0, 0.0)",1
11352,30,20,8,"(0.10910744687679054, 0.0, 0.08950620996642342, 0.09247639241939104, 0.09173902283359818, 0.0, 0.06826344941350267, 0.0, 0.0, 0.0)",3
11353,30,20,8,"(0.09369258606422372, 0.0, 0.08950620996642342, 0.09007859879721937, 0.09173902283359818, 0.0, 0.04517719646044723, 0.0, 0.0, 0.0)",16
11354,30,20,8,"(0.04655775780492597, 0.0, 0.08608241262117443, 0.09247639241939104, 0.10018316219023765, 0.0, 0.03945779924119989, 0.0, 0.0, 0.0)",1
11355,30,20,8,"(0.09369258606422372, 0.0, 0.08950620996642342, 0.09247639241939104, 0.09173902283359818, 0.0, 0.06826344941350267, 0.0, 0.0, 0.0)",284
11356,30,20,8,"(0.12555437941131134, 0.0, 0.08950620996642342, 0.09247639241939104, 0.04807152070320912, 0.0, 0.06826344941350267, 0.0, 0.0, 0.0)",3
11357,30,20,11,"(0.09033430006888621, 0.14970886995698662, 0.0, 0.0, 0.0, 0.05781230540124658, 0.0, 0.08279881135943302, 0.0, 0.01812760691895582)",1
11358,30,20,11,"(0.069501321791361, 0.14970886995698662, 0.0, 0.0, 0.0, 0.04688669779969397, 0.0, 0.08279881135943302, 0.0, 0.01812760691895582)",14
11359,30,20,11,"(0.09033430006888621, 0.14970886995698662, 0.0, 0.0, 0.0, 0.04688669779969397, 0.0, 0.06531769100301356, 0.0, 0.01812760691895582)",2
11360,30,20,11,"(0.09033430006888621, 0.14970886995698662, 0.0, 0.0, 0.0, 0.047668043089591786, 0.0, 0.08279881135943302, 0.0, 0.01812760691895582)",1
11361,30,20,11,"(0.09033430006888621, 0.14970886995698662, 0.0, 0.0, 0.0, 0.043578699822787226, 0.0, 0.08279881135943302, 0.0, 0.01812760691895582)",91
11362,30,20,11,"(0.09033430006888621, 0.14970886995698662, 0.0, 0.0, 0.0, 0.11523610728788064, 0.0, 0.08279881135943302, 0.0, 0.01812760691895582)",2
11363,30,20,11,"(0.09033430006888621, 0.10753190408449682, 0.0, 0.0, 0.0, 0.04688669779969397, 0.0, 0.08279881135943302, 0.0, 0.01812760691895582)",1
11364,30,20,11,"(0.09033430006888621, 0.14970886995698662, 0.0, 0.0, 0.0, 0.04688669779969397, 0.0, 0.08279881135943302, 0.0, 0.01812760691895582)",312
11365,30,20,11,"(0.09033430006888621, 0.14970886995698662, 0.0, 0.0, 0.0, 0.06773245481259824, 0.0, 0.08279881135943302, 0.0, 0.013414014645949063)",1
11366,30,20,13,"(0.0, 0.0, 0.11679612853536596, 0.15425602932932328, 0.09172770611919409, 0.07489992963210028, 0.0, 0.0, 0.14899621190854193, 0.0)",1
11367,30,20,13,"(0.0, 0.0, 0.11679612853536596, 0.06920069129515957, 0.09172770611919409, 0.07489992963210028, 0.0, 0.0, 0.14899621190854193, 0.0)",57
11368,30,20,13,"(0.0, 0.0, 0.11315596264891994, 0.0939563099490821, 0.09172770611919409, 0.07489992963210028, 0.0, 0.0, 0.14899621190854193, 0.0)",17
11369,30,20,13,"(0.0, 0.0, 0.11679612853536596, 0.0910589877548199, 0.09172770611919409, 0.07489992963210028, 0.0, 0.0, 0.14899621190854193, 0.0)",80
11370,30,20,13,"(0.0, 0.0, 0.08979731530636591, 0.0910589877548199, 0.09172770611919409, 0.07489992963210028, 0.0, 0.0, 0.14899621190854193, 0.0)",1
11371,31,0,8,"(0.09369258606422372, 0.0, 0.08950620996642342, 0.09247639241939104, 0.09173902283359818, 0.0, 0.14549380167842754, 0.0, 0.0, 0.0)",3
11372,31,0,8,"(0.09369258606422372, 0.0, 0.08950620996642342, 0.09247639241939104, 0.09173902283359818, 0.0, 0.06826344941350267, 0.0, 0.0, 0.0)",269
11373,31,0,8,"(0.09369258606422372, 0.0, 0.08950620996642342, 0.09247639241939104, 0.09173902283359818, 0.0, 0.06913658772567881, 0.0, 0.0, 0.0)",1
11374,31,0,8,"(0.09369258606422372, 0.0, 0.0762851617493245, 0.09247639241939104, 0.09173902283359818, 0.0, 0.06826344941350267, 0.0, 0.0, 0.0)",4
11375,31,0,8,"(0.09369258606422372, 0.0, 0.06476828173477436, 0.09247639241939104, 0.09173902283359818, 0.0, 0.06826344941350267, 0.0, 0.0, 0.0)",1
11376,31,0,8,"(0.09369258606422372, 0.0, 0.100697604264439, 0.09247639241939104, 0.09173902283359818, 0.0, 0.06826344941350267, 0.0, 0.0, 0.0)",1
11377,31,0,8,"(0.09369258606422372, 0.0, 0.04340191881936118, 0.09247639241939104, 0.09173902283359818, 0.0, 0.06826344941350267, 0.0, 0.0, 0.0)",2
11378,31,0,8,"(0.09369258606422372, 0.0, 0.08950620996642342, 0.23733802802211756, 0.09173902283359818, 0.0, 0.06826344941350267, 0.0, 0.0, 0.0)",2
11379,31,0,11,"(0.05498720878148616, 0.14970886995698662, 0.0, 0.0, 0.0, 0.043578699822787226, 0.0, 0.10191692117503647, 0.0, 0.01812760691895582)",2
11380,31,0,11,"(0.09033430006888621, 0.14970886995698662, 0.0, 0.0, 0.0, 0.043578699822787226, 0.0, 0.11068755286719632, 0.0, 0.01812760691895582)",50
11381,31,0,11,"(0.09033430006888621, 0.14970886995698662, 0.0, 0.0, 0.0, 0.02690399367822739, 0.0, 0.09523546217639671, 0.0, 0.01812760691895582)",1
11382,31,0,11,"(0.09033430006888621, 0.14970886995698662, 0.0, 0.0, 0.0, 0.043578699822787226, 0.0, 0.15121345138572484, 0.0, 0.01812760691895582)",1
11383,31,0,11,"(0.09033430006888621, 0.14970886995698662, 0.0, 0.0, 0.0, 0.04688669779969397, 0.0, 0.09523546217639671, 0.0, 0.01812760691895582)",336
11384,31,0,11,"(0.09033430006888621, 0.07923215507982538, 0.0, 0.0, 0.0, 0.04688669779969397, 0.0, 0.09523546217639671, 0.0, 0.01812760691895582)",1
11385,31,0,11,"(0.09033430006888621, 0.14970886995698662, 0.0, 0.0, 0.0, 0.04688669779969397, 0.0, 0.08279881135943302, 0.0, 0.01812760691895582)",50
11386,31,0,11,"(0.09033430006888621, 0.14970886995698662, 0.0, 0.0, 0.0, 0.06249096678509708, 0.0, 0.12060504621523348, 0.0, 0.01812760691895582)",16
11387,31,0,13,"(0.0, 0.0, 0.11679612853536596, 0.06920069129515957, 0.09172770611919409, 0.07489992963210028, 0.0, 0.0, 0.14899621190854193, 0.0)",193
11388,31,0,13,"(0.0, 0.0, 0.11679612853536596, 0.06920069129515957, 0.09172770611919409, 0.07489992963210028, 0.0, 0.0, 0.3243022683765261, 0.0)",1
11389,31,1,8,"(0.09369258606422372, 0.0, 0.08950620996642342, 0.09247639241939104, 0.09173902283359818, 0.0, 0.09749160247728389, 0.0, 0.0, 0.0)",1
11390,31,1,8,"(0.09369258606422372, 0.0, 0.08950620996642342, 0.09247639241939104, 0.09173902283359818, 0.0, 0.06826344941350267, 0.0, 0.0, 0.0)",314
11391,31,1,11,"(0.09033430006888621, 0.14970886995698662, 0.0, 0.0, 0.0, 0.043578699822787226, 0.0, 0.11068755286719632, 0.0, 0.022013401509697775)",1
11392,31,1,11,"(0.09033430006888621, 0.14970886995698662, 0.0, 0.0, 0.0, 0.052600312668125156, 0.0, 0.11068755286719632, 0.0, 0.01812760691895582)",1
11393,31,1,11,"(0.09033430006888621, 0.14970886995698662, 0.0, 0.0, 0.0, 0.04688669779969397, 0.0, 0.08279881135943302, 0.0, 0.01812760691895582)",73
11394,31,1,11,"(0.2331634695200285, 0.14970886995698662, 0.0, 0.0, 0.0, 0.04688669779969397, 0.0, 0.09523546217639671, 0.0, 0.01812760691895582)",2
11395,31,1,11,"(0.09033430006888621, 0.14970886995698662, 0.0, 0.0, 0.0, 0.03685081844519576, 0.0, 0.11068755286719632, 0.0, 0.01812760691895582)",1
11396,31,1,11,"(0.09033430006888621, 0.14970886995698662, 0.0, 0.0, 0.0, 0.04354816574711901, 0.0, 0.09523546217639671, 0.0, 0.01812760691895582)",1
11397,31,1,11,"(0.09033430006888621, 0.12706018114913445, 0.0, 0.0, 0.0, 0.04688669779969397, 0.0, 0.09523546217639671, 0.0, 0.01812760691895582)",5
11398,31,1,11,"(0.09033430006888621, 0.14970886995698662, 0.0, 0.0, 0.0, 0.04688669779969397, 0.0, 0.09523546217639671, 0.0, 0.01812760691895582)",226
11399,31,1,11,"(0.09033430006888621, 0.14970886995698662, 0.0, 0.0, 0.0, 0.06249096678509708, 0.0, 0.12060504621523348, 0.0, 0.01812760691895582)",12
11400,31,1,11,"(0.08745654692466935, 0.14970886995698662, 0.0, 0.0, 0.0, 0.04688669779969397, 0.0, 0.09523546217639671, 0.0, 0.01812760691895582)",3
11401,31,1,11,"(0.09033430006888621, 0.14970886995698662, 0.0, 0.0, 0.0, 0.043578699822787226, 0.0, 0.11068755286719632, 0.0, 0.01812760691895582)",124
11402,31,1,13,"(0.0, 0.0, 0.06073669518992558, 0.06920069129515957, 0.09172770611919409, 0.07489992963210028, 0.0, 0.0, 0.14899621190854193, 0.0)",1
11403,31,1,13,"(0.0, 0.0, 0.0894897281297736, 0.06920069129515957, 0.09172770611919409, 0.07489992963210028, 0.0, 0.0, 0.14899621190854193, 0.0)",1
11404,31,1,13,"(0.0, 0.0, 0.11679612853536596, 0.06920069129515957, 0.09172770611919409, 0.07489992963210028, 0.0, 0.0, 0.14899621190854193, 0.0)",182
11405,31,2,8,"(0.09369258606422372, 0.0, 0.08950620996642342, 0.09247639241939104, 0.09173902283359818, 0.0, 0.06710438830040054, 0.0, 0.0, 0.0)",8
11406,31,2,8,"(0.09369258606422372, 0.0, 0.08950620996642342, 0.09247639241939104, 0.09173902283359818, 0.0, 0.1002451047539589, 0.0, 0.0, 0.0)",1
11407,31,2,8,"(0.0920280814276126, 0.0, 0.08950620996642342, 0.09247639241939104, 0.09173902283359818, 0.0, 0.06826344941350267, 0.0, 0.0, 0.0)",1
11408,31,2,8,"(0.055172803840808464, 0.0, 0.09057911581580724, 0.09247639241939104, 0.09173902283359818, 0.0, 0.04280384020279873, 0.0, 0.0, 0.0)",5
11409,31,2,8,"(0.09369258606422372, 0.0, 0.08950620996642342, 0.09247639241939104, 0.09173902283359818, 0.0, 0.06826344941350267, 0.0, 0.0, 0.0)",285
11410,31,2,8,"(0.09369258606422372, 0.0, 0.08950620996642342, 0.09247639241939104, 0.08484773294227028, 0.0, 0.06826344941350267, 0.0, 0.0, 0.0)",2
11411,31,2,8,"(0.09369258606422372, 0.0, 0.08950620996642342, 0.09247639241939104, 0.09173902283359818, 0.0, 0.06185289650932712, 0.0, 0.0, 0.0)",1
11412,31,2,11,"(0.09033430006888621, 0.14970886995698662, 0.0, 0.0, 0.0, 0.04605161763996431, 0.0, 0.11068755286719632, 0.0, 0.01812760691895582)",1
11413,31,2,11,"(0.09033430006888621, 0.14970886995698662, 0.0, 0.0, 0.0, 0.04688669779969397, 0.0, 0.06779762875553341, 0.0, 0.01812760691895582)",1
11414,31,2,11,"(0.09033430006888621, 0.14970886995698662, 0.0, 0.0, 0.0, 0.06249096678509708, 0.0, 0.12060504621523348, 0.0, 0.01812760691895582)",38
11415,31,2,11,"(0.04870551112733794, 0.14970886995698662, 0.0, 0.0, 0.0, 0.04688669779969397, 0.0, 0.09523546217639671, 0.0, 0.01812760691895582)",6
11416,31,2,11,"(0.09033430006888621, 0.14970886995698662, 0.0, 0.0, 0.0, 0.04688669779969397, 0.0, 0.08279881135943302, 0.0, 0.01812760691895582)",88
11417,31,2,11,"(0.09033430006888621, 0.14970886995698662, 0.0, 0.0, 0.0, 0.043578699822787226, 0.0, 0.11068755286719632, 0.0, 0.01812760691895582)",88
11418,31,2,11,"(0.09033430006888621, 0.14970886995698662, 0.0, 0.0, 0.0, 0.04688669779969397, 0.0, 0.09523546217639671, 0.0, 0.01812760691895582)",279
11419,31,2,13,"(0.0, 0.0, 0.11679612853536596, 0.06920069129515957, 0.0612785124872159, 0.07489992963210028, 0.0, 0.0, 0.14899621190854193, 0.0)",2
11420,31,2,13,"(0.0, 0.0, 0.11679612853536596, 0.06920069129515957, 0.10264520794633407, 0.11696577574973377, 0.0, 0.0, 0.14899621190854193, 0.0)",3
11421,31,2,13,"(0.0, 0.0, 0.11679612853536596, 0.06920069129515957, 0.09172770611919409, 0.07489992963210028, 0.0, 0.0, 0.14899621190854193, 0.0)",174
11422,31,3,8,"(0.09369258606422372, 0.0, 0.08950620996642342, 0.09247639241939104, 0.09173902283359818, 0.0, 0.06826344941350267, 0.0, 0.0, 0.0)",316
11423,31,3,8,"(0.09369258606422372, 0.0, 0.08950620996642342, 0.15864890124528097, 0.1311448467084086, 0.0, 0.033983480964664484, 0.0, 0.0, 0.0)",2
11424,31,3,8,"(0.09369258606422372, 0.0, 0.08950620996642342, 0.09247639241939104, 0.09173902283359818, 0.0, 0.07299905881821138, 0.0, 0.0, 0.0)",2
11425,31,3,8,"(0.09369258606422372, 0.0, 0.05153631700346402, 0.09247639241939104, 0.09173902283359818, 0.0, 0.06826344941350267, 0.0, 0.0, 0.0)",17
11426,31,3,11,"(0.09033430006888621, 0.14970886995698662, 0.0, 0.0, 0.0, 0.043578699822787226, 0.0, 0.08279881135943302, 0.0, 0.01812760691895582)",47
11427,31,3,11,"(0.0928205916364098, 0.11471822731234033, 0.0, 0.0, 0.0, 0.04688669779969397, 0.0, 0.08279881135943302, 0.0, 0.01812760691895582)",3
11428,31,3,11,"(0.09033430006888621, 0.14970886995698662, 0.0, 0.0, 0.0, 0.04688669779969397, 0.0, 0.08279881135943302, 0.0, 0.01812760691895582)",301
11429,31,3,11,"(0.09033430006888621, 0.14970886995698662, 0.0, 0.0, 0.0, 0.11523610728788064, 0.0, 0.08279881135943302, 0.0, 0.01812760691895582)",31
11430,31,3,11,"(0.07820686751800479, 0.14970886995698662, 0.0, 0.0, 0.0, 0.04688669779969397, 0.0, 0.08279881135943302, 0.0, 0.01812760691895582)",9
11431,31,3,11,"(0.09033430006888621, 0.14970886995698662, 0.0, 0.0, 0.0, 0.04688669779969397, 0.0, 0.08279881135943302, 0.0, 0.022319745862107998)",4
11432,31,3,13,"(0.0, 0.0, 0.11679612853536596, 0.06920069129515957, 0.09172770611919409, 0.07489992963210028, 0.0, 0.0, 0.14899621190854193, 0.0)",77
11433,31,3,13,"(0.0, 0.0, 0.11679612853536596, 0.0910589877548199, 0.09172770611919409, 0.07489992963210028, 0.0, 0.0, 0.14899621190854193, 0.0)",92
11434,31,4,8,"(0.09369258606422372, 0.0, 0.08950620996642342, 0.09247639241939104, 0.09173902283359818, 0.0, 0.06826344941350267, 0.0, 0.0, 0.0)",292
11435,31,4,8,"(0.09369258606422372, 0.0, 0.08950620996642342, 0.09247639241939104, 0.09173902283359818, 0.0, 0.06737891151311778, 0.0, 0.0, 0.0)",3
11436,31,4,8,"(0.09369258606422372, 0.0, 0.08950620996642342, 0.08869731200146332, 0.09173902283359818, 0.0, 0.06826344941350267, 0.0, 0.0, 0.0)",1
11437,31,4,8,"(0.05684383561645962, 0.0, 0.08950620996642342, 0.09247639241939104, 0.09173902283359818, 0.0, 0.06826344941350267, 0.0, 0.0, 0.0)",1
11438,31,4,8,"(0.0642230616339121, 0.0, 0.08950620996642342, 0.09247639241939104, 0.09173902283359818, 0.0, 0.058147284226903344, 0.0, 0.0, 0.0)",1
11439,31,4,8,"(0.09369258606422372, 0.0, 0.06379939331795034, 0.09247639241939104, 0.09173902283359818, 0.0, 0.06826344941350267, 0.0, 0.0, 0.0)",13
11440,31,4,11,"(0.09033430006888621, 0.14970886995698662, 0.0, 0.0, 0.0, 0.09402390960664862, 0.0, 0.08279881135943302, 0.0, 0.01812760691895582)",2
11441,31,4,11,"(0.09033430006888621, 0.14970886995698662, 0.0, 0.0, 0.0, 0.056693366567128624, 0.0, 0.08279881135943302, 0.0, 0.01812760691895582)",1
11442,31,4,11,"(0.09033430006888621, 0.14970886995698662, 0.0, 0.0, 0.0, 0.04688669779969397, 0.0, 0.08279881135943302, 0.0, 0.02624173920861969)",1
11443,31,4,11,"(0.09033430006888621, 0.14970886995698662, 0.0, 0.0, 0.0, 0.043578699822787226, 0.0, 0.08279881135943302, 0.0, 0.01812760691895582)",100
11444,31,4,11,"(0.09033430006888621, 0.14970886995698662, 0.0, 0.0, 0.0, 0.04688669779969397, 0.0, 0.08279881135943302, 0.0, 0.01812760691895582)",453
11445,31,4,11,"(0.09033430006888621, 0.09645539715040416, 0.0, 0.0, 0.0, 0.04688669779969397, 0.0, 0.08279881135943302, 0.0, 0.01812760691895582)",1
11446,31,4,11,"(0.09033430006888621, 0.28089562238406246, 0.0, 0.0, 0.0, 0.03494395021485192, 0.0, 0.08279881135943302, 0.0, 0.01812760691895582)",1
11447,31,4,11,"(0.09033430006888621, 0.11989298462627856, 0.0, 0.0, 0.0, 0.04688669779969397, 0.0, 0.055206562983624675, 0.0, 0.010347242846542938)",8
11448,31,4,11,"(0.09033430006888621, 0.14970886995698662, 0.0, 0.0, 0.0, 0.04688669779969397, 0.0, 0.04276213008595174, 0.0, 0.01812760691895582)",1
11449,31,4,11,"(0.09033430006888621, 0.14970886995698662, 0.0, 0.0, 0.0, 0.03494395021485192, 0.0, 0.08279881135943302, 0.0, 0.01812760691895582)",1
11450,31,4,13,"(0.0, 0.0, 0.11679612853536596, 0.0910589877548199, 0.09172770611919409, 0.07489992963210028, 0.0, 0.0, 0.14899621190854193, 0.0)",106
11451,31,4,13,"(0.0, 0.0, 0.11932119345107149, 0.0910589877548199, 0.032394974388171405, 0.07489992963210028, 0.0, 0.0, 0.14899621190854193, 0.0)",2
11452,31,4,13,"(0.0, 0.0, 0.11679612853536596, 0.08102607142379743, 0.09172770611919409, 0.07489992963210028, 0.0, 0.0, 0.14899621190854193, 0.0)",1
11453,31,4,13,"(0.0, 0.0, 0.11748159241686092, 0.0910589877548199, 0.09172770611919409, 0.07489992963210028, 0.0, 0.0, 0.14899621190854193, 0.0)",6
11454,31,4,13,"(0.0, 0.0, 0.11315596264891994, 0.0939563099490821, 0.09172770611919409, 0.07489992963210028, 0.0, 0.0, 0.14899621190854193, 0.0)",12
11455,31,4,13,"(0.0, 0.0, 0.12072602121817562, 0.0910589877548199, 0.09172770611919409, 0.07489992963210028, 0.0, 0.0, 0.14899621190854193, 0.0)",2
11456,31,4,13,"(0.0, 0.0, 0.11679612853536596, 0.06920069129515957, 0.09172770611919409, 0.07489992963210028, 0.0, 0.0, 0.14899621190854193, 0.0)",43
11457,31,5,8,"(0.09369258606422372, 0.0, 0.08950620996642342, 0.09247639241939104, 0.09173902283359818, 0.0, 0.06826344941350267, 0.0, 0.0, 0.0)",200
11458,31,5,8,"(0.09369258606422372, 0.0, 0.10553810202911279, 0.09247639241939104, 0.09173902283359818, 0.0, 0.05016614340639968, 0.0, 0.0, 0.0)",1
11459,31,5,8,"(0.09369258606422372, 0.0, 0.08950620996642342, 0.09247639241939104, 0.2523630226660009, 0.0, 0.06826344941350267, 0.0, 0.0, 0.0)",1
11460,31,5,8,"(0.09369258606422372, 0.0, 0.08950620996642342, 0.09247639241939104, 0.08666866402568478, 0.0, 0.0712991822609649, 0.0, 0.0, 0.0)",3
11461,31,5,8,"(0.09369258606422372, 0.0, 0.08950620996642342, 0.09247639241939104, 0.10441684489112005, 0.0, 0.06826344941350267, 0.0, 0.0, 0.0)",1
11462,31,5,8,"(0.09369258606422372, 0.0, 0.08950620996642342, 0.09247639241939104, 0.09445962419217427, 0.0, 0.06826344941350267, 0.0, 0.0, 0.0)",65
11463,31,5,8,"(0.09657392862438019, 0.0, 0.08950620996642342, 0.09247639241939104, 0.09173902283359818, 0.0, 0.06826344941350267, 0.0, 0.0, 0.0)",2
11464,31,5,8,"(0.09369258606422372, 0.0, 0.08950620996642342, 0.09247639241939104, 0.08666866402568478, 0.0, 0.06826344941350267, 0.0, 0.0, 0.0)",33
11465,31,5,11,"(0.12057120013919376, 0.14970886995698662, 0.0, 0.0, 0.0, 0.04688669779969397, 0.0, 0.08279881135943302, 0.0, 0.01812760691895582)",2
11466,31,5,11,"(0.069501321791361, 0.14970886995698662, 0.0, 0.0, 0.0, 0.04688669779969397, 0.0, 0.08279881135943302, 0.0, 0.01812760691895582)",30
11467,31,5,11,"(0.09033430006888621, 0.14970886995698662, 0.0, 0.0, 0.0, 0.043578699822787226, 0.0, 0.08279881135943302, 0.0, 0.01812760691895582)",165
11468,31,5,11,"(0.09033430006888621, 0.14970886995698662, 0.0, 0.0, 0.0, 0.03279210544038299, 0.0, 0.08279881135943302, 0.0, 0.02363931381780986)",1
11469,31,5,11,"(0.09033430006888621, 0.14970886995698662, 0.0, 0.0, 0.0, 0.04688669779969397, 0.0, 0.08279881135943302, 0.0, 0.01812760691895582)",273
11470,31,5,11,"(0.09033430006888621, 0.14970886995698662, 0.0, 0.0, 0.0, 0.04688669779969397, 0.0, 0.06531769100301356, 0.0, 0.01812760691895582)",49
11471,31,5,11,"(0.14483709968330555, 0.0985455649081474, 0.0, 0.0, 0.0, 0.043578699822787226, 0.0, 0.08279881135943302, 0.0, 0.01812760691895582)",1
11472,31,5,13,"(0.0, 0.0, 0.11679612853536596, 0.0910589877548199, 0.09172770611919409, 0.07489992963210028, 0.0, 0.0, 0.14899621190854193, 0.0)",27
11473,31,5,13,"(0.0, 0.0, 0.08979731530636591, 0.0910589877548199, 0.09172770611919409, 0.07489992963210028, 0.0, 0.0, 0.14899621190854193, 0.0)",25
11474,31,5,13,"(0.0, 0.0, 0.11679612853536596, 0.06920069129515957, 0.09172770611919409, 0.07489992963210028, 0.0, 0.0, 0.14899621190854193, 0.0)",127
11475,31,5,13,"(0.0, 0.0, 0.08979731530636591, 0.10325926159750105, 0.09172770611919409, 0.07489992963210028, 0.0, 0.0, 0.14899621190854193, 0.0)",1
11476,31,6,8,"(0.09369258606422372, 0.0, 0.08950620996642342, 0.09247639241939104, 0.09173902283359818, 0.0, 0.06826344941350267, 0.0, 0.0, 0.0)",338
11477,31,6,8,"(0.09369258606422372, 0.0, 0.08950620996642342, 0.09921941669415105, 0.09173902283359818, 0.0, 0.06826344941350267, 0.0, 0.0, 0.0)",2
11478,31,6,8,"(0.09369258606422372, 0.0, 0.08950620996642342, 0.06140189685912224, 0.09173902283359818, 0.0, 0.06826344941350267, 0.0, 0.0, 0.0)",1
11479,31,6,8,"(0.09369258606422372, 0.0, 0.07274604744028114, 0.09247639241939104, 0.09173902283359818, 0.0, 0.06826344941350267, 0.0, 0.0, 0.0)",1
11480,31,6,8,"(0.09369258606422372, 0.0, 0.08950620996642342, 0.09247639241939104, 0.09173902283359818, 0.0, 0.0414325994304173, 0.0, 0.0, 0.0)",20
11481,31,6,11,"(0.09033430006888621, 0.14970886995698662, 0.0, 0.0, 0.0, 0.04688669779969397, 0.0, 0.09523546217639671, 0.0, 0.01942956271865507)",19
11482,31,6,11,"(0.09033430006888621, 0.14970886995698662, 0.0, 0.0, 0.0, 0.03356046147614844, 0.0, 0.09523546217639671, 0.0, 0.01812760691895582)",9
11483,31,6,11,"(0.09033430006888621, 0.14970886995698662, 0.0, 0.0, 0.0, 0.02720214364022905, 0.0, 0.09523546217639671, 0.0, 0.01812760691895582)",4
11484,31,6,11,"(0.09033430006888621, 0.14970886995698662, 0.0, 0.0, 0.0, 0.048027974430191266, 0.0, 0.09523546217639671, 0.0, 0.013998965483654285)",1
11485,31,6,11,"(0.09033430006888621, 0.14970886995698662, 0.0, 0.0, 0.0, 0.035395316947816016, 0.0, 0.09523546217639671, 0.0, 0.01812760691895582)",2
11486,31,6,11,"(0.09033430006888621, 0.14970886995698662, 0.0, 0.0, 0.0, 0.04688669779969397, 0.0, 0.09523546217639671, 0.0, 0.01812760691895582)",316
11487,31,6,11,"(0.09033430006888621, 0.14970886995698662, 0.0, 0.0, 0.0, 0.04688669779969397, 0.0, 0.09523546217639671, 0.0, 0.020286645203606256)",8
11488,31,6,13,"(0.0, 0.0, 0.11679612853536596, 0.06920069129515957, 0.09172770611919409, 0.07489992963210028, 0.0, 0.0, 0.14899621190854193, 0.0)",157
11489,31,6,13,"(0.0, 0.0, 0.11679612853536596, 0.06920069129515957, 0.09172770611919409, 0.057664902212782726, 0.0, 0.0, 0.14899621190854193, 0.0)",1
11490,31,6,13,"(0.0, 0.0, 0.11679612853536596, 0.06920069129515957, 0.09172770611919409, 0.08414853988529228, 0.0, 0.0, 0.14899621190854193, 0.0)",15
11491,31,6,13,"(0.0, 0.0, 0.16646176979020544, 0.06920069129515957, 0.09172770611919409, 0.08414853988529228, 0.0, 0.0, 0.17701765327198585, 0.0)",5
11492,31,6,13,"(0.0, 0.0, 0.11679612853536596, 0.06920069129515957, 0.09981829808416205, 0.07489992963210028, 0.0, 0.0, 0.14899621190854193, 0.0)",1
11493,31,6,13,"(0.0, 0.0, 0.11679612853536596, 0.06920069129515957, 0.09169016299255955, 0.07489992963210028, 0.0, 0.0, 0.14899621190854193, 0.0)",2
11494,31,7,8,"(0.09369258606422372, 0.0, 0.08950620996642342, 0.09247639241939104, 0.09173902283359818, 0.0, 0.09268196188923634, 0.0, 0.0, 0.0)",1
11495,31,7,8,"(0.09369258606422372, 0.0, 0.08950620996642342, 0.09247639241939104, 0.05695207415964397, 0.0, 0.06826344941350267, 0.0, 0.0, 0.0)",1
11496,31,7,8,"(0.09369258606422372, 0.0, 0.08950620996642342, 0.09247639241939104, 0.09173902283359818, 0.0, 0.06826344941350267, 0.0, 0.0, 0.0)",353
11497,31,7,8,"(0.08829965453524319, 0.0, 0.08950620996642342, 0.09247639241939104, 0.09173902283359818, 0.0, 0.06826344941350267, 0.0, 0.0, 0.0)",2
11498,31,7,8,"(0.09369258606422372, 0.0, 0.08950620996642342, 0.10031928062750523, 0.09173902283359818, 0.0, 0.06826344941350267, 0.0, 0.0, 0.0)",2
11499,31,7,8,"(0.09369258606422372, 0.0, 0.06837083478368468, 0.09247639241939104, 0.09173902283359818, 0.0, 0.06826344941350267, 0.0, 0.0, 0.0)",7
11500,31,7,8,"(0.09369258606422372, 0.0, 0.08950620996642342, 0.1113511375088843, 0.09173902283359818, 0.0, 0.06826344941350267, 0.0, 0.0, 0.0)",4
11501,31,7,11,"(0.09033430006888621, 0.14970886995698662, 0.0, 0.0, 0.0, 0.04688669779969397, 0.0, 0.08032655706064967, 0.0, 0.01812760691895582)",1
11502,31,7,11,"(0.09033430006888621, 0.14970886995698662, 0.0, 0.0, 0.0, 0.07043138397871555, 0.0, 0.09523546217639671, 0.0, 0.01812760691895582)",1
11503,31,7,11,"(0.09033430006888621, 0.11193926502456684, 0.0, 0.0, 0.0, 0.04688669779969397, 0.0, 0.09523546217639671, 0.0, 0.01812760691895582)",2
11504,31,7,11,"(0.09033430006888621, 0.14970886995698662, 0.0, 0.0, 0.0, 0.04688669779969397, 0.0, 0.09523546217639671, 0.0, 0.01812760691895582)",370
11505,31,7,11,"(0.17571251772886645, 0.14970886995698662, 0.0, 0.0, 0.0, 0.04688669779969397, 0.0, 0.09523546217639671, 0.0, 0.01812760691895582)",1
11506,31,7,11,"(0.09033430006888621, 0.15355960089588305, 0.0, 0.0, 0.0, 0.05543819828598344, 0.0, 0.09523546217639671, 0.0, 0.01812760691895582)",3
11507,31,7,13,"(0.0, 0.0, 0.11475793022422164, 0.06920069129515957, 0.09172770611919409, 0.07489992963210028, 0.0, 0.0, 0.14899621190854193, 0.0)",1
11508,31,7,13,"(0.0, 0.0, 0.11679612853536596, 0.06920069129515957, 0.06857725886152773, 0.07489992963210028, 0.0, 0.0, 0.14899621190854193, 0.0)",1
11509,31,7,13,"(0.0, 0.0, 0.11679612853536596, 0.06920069129515957, 0.09172770611919409, 0.07489992963210028, 0.0, 0.0, 0.14899621190854193, 0.0)",187
11510,31,8,8,"(0.09369258606422372, 0.0, 0.08950620996642342, 0.09247639241939104, 0.09173902283359818, 0.0, 0.07786854575736125, 0.0, 0.0, 0.0)",4
11511,31,8,8,"(0.09369258606422372, 0.0, 0.08950620996642342, 0.09247639241939104, 0.09173902283359818, 0.0, 0.06826344941350267, 0.0, 0.0, 0.0)",332
11512,31,8,8,"(0.09369258606422372, 0.0, 0.0839329285561353, 0.09247639241939104, 0.1350065283098834, 0.0, 0.13871920523857717, 0.0, 0.0, 0.0)",1
11513,31,8,8,"(0.09369258606422372, 0.0, 0.08950620996642342, 0.1551329469354226, 0.12752822538339542, 0.0, 0.03628107945959398, 0.0, 0.0, 0.0)",1
11514,31,8,11,"(0.09033430006888621, 0.07649874766803273, 0.0, 0.0, 0.0, 0.04688669779969397, 0.0, 0.09523546217639671, 0.0, 0.01812760691895582)",1
11515,31,8,11,"(0.09033430006888621, 0.14970886995698662, 0.0, 0.0, 0.0, 0.028281199792932723, 0.0, 0.09523546217639671, 0.0, 0.01812760691895582)",2
11516,31,8,11,"(0.09033430006888621, 0.14970886995698662, 0.0, 0.0, 0.0, 0.04688669779969397, 0.0, 0.09523546217639671, 0.0, 0.01812760691895582)",415
11517,31,8,13,"(0.0, 0.0, 0.11679612853536596, 0.06920069129515957, 0.09172770611919409, 0.07489992963210028, 0.0, 0.0, 0.14899621190854193, 0.0)",176
11518,31,9,8,"(0.16595311576128538, 0.0, 0.04464334664518719, 0.09247639241939104, 0.07465200933978253, 0.0, 0.09179093310410981, 0.0, 0.0, 0.0)",15
11519,31,9,8,"(0.09369258606422372, 0.0, 0.08950620996642342, 0.09247639241939104, 0.07465200933978253, 0.0, 0.06826344941350267, 0.0, 0.0, 0.0)",328
11520,31,9,8,"(0.17344851871000577, 0.0, 0.04464334664518719, 0.09247639241939104, 0.07465200933978253, 0.0, 0.09179093310410981, 0.0, 0.0, 0.0)",1
11521,31,9,8,"(0.09369258606422372, 0.0, 0.08950620996642342, 0.09247639241939104, 0.07465200933978253, 0.0, 0.04253057456402992, 0.0, 0.0, 0.0)",1
11522,31,9,8,"(0.09369258606422372, 0.0, 0.08950620996642342, 0.10855828578924877, 0.07465200933978253, 0.0, 0.06826344941350267, 0.0, 0.0, 0.0)",1
11523,31,9,8,"(0.09369258606422372, 0.0, 0.1107766637510672, 0.09247639241939104, 0.07465200933978253, 0.0, 0.06826344941350267, 0.0, 0.0, 0.0)",8
11524,31,9,11,"(0.09033430006888621, 0.14970886995698662, 0.0, 0.0, 0.0, 0.04688669779969397, 0.0, 0.08279881135943302, 0.0, 0.01735834508923811)",40
11525,31,9,11,"(0.11642427162819424, 0.14970886995698662, 0.0, 0.0, 0.0, 0.051548873715099995, 0.0, 0.08279881135943302, 0.0, 0.01812760691895582)",149
11526,31,9,11,"(0.09033430006888621, 0.14970886995698662, 0.0, 0.0, 0.0, 0.04688669779969397, 0.0, 0.08279881135943302, 0.0, 0.020886851949569303)",1
11527,31,9,11,"(0.09033430006888621, 0.14970886995698662, 0.0, 0.0, 0.0, 0.04688669779969397, 0.0, 0.08279881135943302, 0.0, 0.01812760691895582)",140
11528,31,9,11,"(0.1359562097879365, 0.17104667279383753, 0.0, 0.0, 0.0, 0.051548873715099995, 0.0, 0.08279881135943302, 0.0, 0.01812760691895582)",2
11529,31,9,11,"(0.09033430006888621, 0.14970886995698662, 0.0, 0.0, 0.0, 0.04688669779969397, 0.0, 0.08279881135943302, 0.0, 0.022768231854905827)",43
11530,31,9,13,"(0.0, 0.0, 0.11679612853536596, 0.06920069129515957, 0.09172770611919409, 0.07489992963210028, 0.0, 0.0, 0.14899621190854193, 0.0)",182
11531,31,9,13,"(0.0, 0.0, 0.11679612853536596, 0.0784318273107582, 0.09172770611919409, 0.07489992963210028, 0.0, 0.0, 0.14899621190854193, 0.0)",1
11532,31,9,13,"(0.0, 0.0, 0.11679612853536596, 0.06920069129515957, 0.09172770611919409, 0.05966376958215818, 0.0, 0.0, 0.14899621190854193, 0.0)",1
11533,31,9,13,"(0.0, 0.0, 0.11679612853536596, 0.06920069129515957, 0.07721302066919626, 0.07489992963210028, 0.0, 0.0, 0.14899621190854193, 0.0)",2
11534,31,9,13,"(0.0, 0.0, 0.11679612853536596, 0.06920069129515957, 0.09172770611919409, 0.11551832232708298, 0.0, 0.0, 0.08171509605246963, 0.0)",4
11535,31,10,8,"(0.14509890359315475, 0.0, 0.08950620996642342, 0.09247639241939104, 0.07465200933978253, 0.0, 0.06826344941350267, 0.0, 0.0, 0.0)",2
11536,31,10,8,"(0.09369258606422372, 0.0, 0.08950620996642342, 0.09247639241939104, 0.07465200933978253, 0.0, 0.06826344941350267, 0.0, 0.0, 0.0)",351
11537,31,10,8,"(0.09369258606422372, 0.0, 0.08950620996642342, 0.09247639241939104, 0.06727254825839633, 0.0, 0.06826344941350267, 0.0, 0.0, 0.0)",1
11538,31,10,11,"(0.09033430006888621, 0.14970886995698662, 0.0, 0.0, 0.0, 0.04688669779969397, 0.0, 0.0766249993115619, 0.0, 0.028219461244728055)",2
11539,31,10,11,"(0.09033430006888621, 0.14970886995698662, 0.0, 0.0, 0.0, 0.04688669779969397, 0.0, 0.08279881135943302, 0.0, 0.01812760691895582)",205
11540,31,10,11,"(0.09033430006888621, 0.16219014147198085, 0.0, 0.0, 0.0, 0.04688669779969397, 0.0, 0.08279881135943302, 0.0, 0.023237463706888235)",1
11541,31,10,11,"(0.09033430006888621, 0.12352835868690386, 0.0, 0.0, 0.0, 0.04688669779969397, 0.0, 0.08279881135943302, 0.0, 0.01812760691895582)",1
11542,31,10,11,"(0.09033430006888621, 0.14970886995698662, 0.0, 0.0, 0.0, 0.04688669779969397, 0.0, 0.08279881135943302, 0.0, 0.01735834508923811)",88
11543,31,10,11,"(0.11642427162819424, 0.14970886995698662, 0.0, 0.0, 0.0, 0.051548873715099995, 0.0, 0.08279881135943302, 0.0, 0.01812760691895582)",50
11544,31,10,11,"(0.09033430006888621, 0.14970886995698662, 0.0, 0.0, 0.0, 0.04203921423175659, 0.0, 0.08279881135943302, 0.0, 0.017589142492723905)",8
11545,31,10,13,"(0.0, 0.0, 0.11679612853536596, 0.06920069129515957, 0.09172770611919409, 0.07489992963210028, 0.0, 0.0, 0.14899621190854193, 0.0)",191
11546,31,10,13,"(0.0, 0.0, 0.11679612853536596, 0.06920069129515957, 0.09172770611919409, 0.07489992963210028, 0.0, 0.0, 0.16500160495478722, 0.0)",1
11547,31,10,13,"(0.0, 0.0, 0.21538140682655318, 0.06920069129515957, 0.09172770611919409, 0.07489992963210028, 0.0, 0.0, 0.14899621190854193, 0.0)",1
11548,31,11,8,"(0.05868918489001276, 0.0, 0.08950620996642342, 0.09247639241939104, 0.05373623345542323, 0.0, 0.0922170464724703, 0.0, 0.0, 0.0)",5
11549,31,11,8,"(0.05868918489001276, 0.0, 0.08950620996642342, 0.1581416593734836, 0.05373623345542323, 0.0, 0.0922170464724703, 0.0, 0.0, 0.0)",1
11550,31,11,8,"(0.09369258606422372, 0.0, 0.08950620996642342, 0.09247639241939104, 0.053411192064597664, 0.0, 0.06826344941350267, 0.0, 0.0, 0.0)",3
11551,31,11,8,"(0.09369258606422372, 0.0, 0.08950620996642342, 0.09247639241939104, 0.07465200933978253, 0.0, 0.09617628565335769, 0.0, 0.0, 0.0)",1
11552,31,11,8,"(0.09369258606422372, 0.0, 0.08950620996642342, 0.09247639241939104, 0.04238681633674589, 0.0, 0.058644713366740917, 0.0, 0.0, 0.0)",1
11553,31,11,8,"(0.09369258606422372, 0.0, 0.08950620996642342, 0.09247639241939104, 0.07465200933978253, 0.0, 0.1065565079540388, 0.0, 0.0, 0.0)",3
11554,31,11,8,"(0.09369258606422372, 0.0, 0.08950620996642342, 0.09247639241939104, 0.07465200933978253, 0.0, 0.06826344941350267, 0.0, 0.0, 0.0)",350
11555,31,11,11,"(0.09033430006888621, 0.14970886995698662, 0.0, 0.0, 0.0, 0.04688669779969397, 0.0, 0.08279881135943302, 0.0, 0.01812760691895582)",62
11556,31,11,11,"(0.10307993926965607, 0.14970886995698662, 0.0, 0.0, 0.0, 0.051548873715099995, 0.0, 0.08279881135943302, 0.0, 0.01812760691895582)",1
11557,31,11,11,"(0.09033430006888621, 0.16574281188566473, 0.0, 0.0, 0.0, 0.04688669779969397, 0.0, 0.08279881135943302, 0.0, 0.01735834508923811)",2
11558,31,11,11,"(0.11642427162819424, 0.14970886995698662, 0.0, 0.0, 0.0, 0.051548873715099995, 0.0, 0.08279881135943302, 0.0, 0.01812760691895582)",175
11559,31,11,11,"(0.11642427162819424, 0.14970886995698662, 0.0, 0.0, 0.0, 0.051548873715099995, 0.0, 0.05640142871007725, 0.0, 0.01812760691895582)",1
11560,31,11,11,"(0.09033430006888621, 0.14970886995698662, 0.0, 0.0, 0.0, 0.04688669779969397, 0.0, 0.08279881135943302, 0.0, 0.01735834508923811)",69
11561,31,11,11,"(0.11642427162819424, 0.14970886995698662, 0.0, 0.0, 0.0, 0.025303358084457148, 0.0, 0.08279881135943302, 0.0, 0.01812760691895582)",1
11562,31,11,11,"(0.09033430006888621, 0.14970886995698662, 0.0, 0.0, 0.0, 0.035343997780042456, 0.0, 0.08279881135943302, 0.0, 0.01812760691895582)",28
11563,31,11,11,"(0.11642427162819424, 0.14970886995698662, 0.0, 0.0, 0.0, 0.051548873715099995, 0.0, 0.08279881135943302, 0.0, 0.008650081089523405)",1
11564,31,11,11,"(0.11642427162819424, 0.14970886995698662, 0.0, 0.0, 0.0, 0.051548873715099995, 0.0, 0.10154325327533346, 0.0, 0.01812760691895582)",13
11565,31,11,11,"(0.09033430006888621, 0.14222280302199883, 0.0, 0.0, 0.0, 0.04688669779969397, 0.0, 0.08279881135943302, 0.0, 0.010297981498790047)",1
11566,31,11,11,"(0.09033430006888621, 0.14970886995698662, 0.0, 0.0, 0.0, 0.04688669779969397, 0.0, 0.0797909356589384, 0.0, 0.01812760691895582)",2
11567,31,11,11,"(0.11642427162819424, 0.14970886995698662, 0.0, 0.0, 0.0, 0.03822494014834313, 0.0, 0.08279881135943302, 0.0, 0.01812760691895582)",1
11568,31,11,11,"(0.027004174115725928, 0.14970886995698662, 0.0, 0.0, 0.0, 0.04688669779969397, 0.0, 0.08279881135943302, 0.0, 0.01812760691895582)",5
11569,31,11,11,"(0.11642427162819424, 0.14970886995698662, 0.0, 0.0, 0.0, 0.051548873715099995, 0.0, 0.08090402216165082, 0.0, 0.01812760691895582)",1
11570,31,11,13,"(0.0, 0.0, 0.11679612853536596, 0.06920069129515957, 0.09172770611919409, 0.07489992963210028, 0.0, 0.0, 0.1164320413872536, 0.0)",4
11571,31,11,13,"(0.0, 0.0, 0.14986943216524806, 0.06920069129515957, 0.10962573152618489, 0.07489992963210028, 0.0, 0.0, 0.14899621190854193, 0.0)",1
11572,31,11,13,"(0.0, 0.0, 0.11679612853536596, 0.06920069129515957, 0.09172770611919409, 0.07489992963210028, 0.0, 0.0, 0.14899621190854193, 0.0)",139
11573,31,11,13,"(0.0, 0.0, 0.11679612853536596, 0.06920069129515957, 0.09172770611919409, 0.05091264171941235, 0.0, 0.0, 0.14899621190854193, 0.0)",6
11574,31,11,13,"(0.0, 0.0, 0.14986943216524806, 0.06920069129515957, 0.09172770611919409, 0.07489992963210028, 0.0, 0.0, 0.14899621190854193, 0.0)",34
11575,31,12,8,"(0.09369258606422372, 0.0, 0.08950620996642342, 0.09247639241939104, 0.07440731433227633, 0.0, 0.06826344941350267, 0.0, 0.0, 0.0)",1
11576,31,12,8,"(0.09369258606422372, 0.0, 0.12889838603400347, 0.09247639241939104, 0.07465200933978253, 0.0, 0.06826344941350267, 0.0, 0.0, 0.0)",5
11577,31,12,8,"(0.09369258606422372, 0.0, 0.08950620996642342, 0.09247639241939104, 0.07465200933978253, 0.0, 0.06826344941350267, 0.0, 0.0, 0.0)",411
11578,31,12,8,"(0.09369258606422372, 0.0, 0.04299550135464908, 0.05553983001037927, 0.07465200933978253, 0.0, 0.06826344941350267, 0.0, 0.0, 0.0)",2
11579,31,12,8,"(0.09369258606422372, 0.0, 0.08950620996642342, 0.04368746608491735, 0.07465200933978253, 0.0, 0.06826344941350267, 0.0, 0.0, 0.0)",1
11580,31,12,8,"(0.10499019687461603, 0.0, 0.08950620996642342, 0.09247639241939104, 0.07465200933978253, 0.0, 0.06826344941350267, 0.0, 0.0, 0.0)",1
11581,31,12,8,"(0.09369258606422372, 0.0, 0.08950620996642342, 0.09247639241939104, 0.08138617432680983, 0.0, 0.06826344941350267, 0.0, 0.0, 0.0)",5
11582,31,12,8,"(0.09369258606422372, 0.0, 0.08950620996642342, 0.09247639241939104, 0.07465200933978253, 0.0, 0.08807299335318318, 0.0, 0.0, 0.0)",5
11583,31,12,11,"(0.11642427162819424, 0.14970886995698662, 0.0, 0.0, 0.0, 0.051548873715099995, 0.0, 0.08279881135943302, 0.0, 0.01812760691895582)",54
11584,31,12,11,"(0.10683186989595425, 0.14970886995698662, 0.0, 0.0, 0.0, 0.051548873715099995, 0.0, 0.08360251577840383, 0.0, 0.01812760691895582)",1
11585,31,12,11,"(0.09033430006888621, 0.11906259429423897, 0.0, 0.0, 0.0, 0.051548873715099995, 0.0, 0.031601508614307314, 0.0, 0.01812760691895582)",1
11586,31,12,11,"(0.09033430006888621, 0.14970886995698662, 0.0, 0.0, 0.0, 0.051548873715099995, 0.0, 0.08279881135943302, 0.0, 0.01812760691895582)",230
11587,31,12,11,"(0.09033430006888621, 0.07602067917889595, 0.0, 0.0, 0.0, 0.0499098641491762, 0.0, 0.08279881135943302, 0.0, 0.01812760691895582)",34
11588,31,12,11,"(0.11642427162819424, 0.14970886995698662, 0.0, 0.0, 0.0, 0.051548873715099995, 0.0, 0.10617724529158483, 0.0, 0.02153710955341799)",9
11589,31,12,11,"(0.09033430006888621, 0.14970886995698662, 0.0, 0.0, 0.0, 0.051548873715099995, 0.0, 0.08193274337227927, 0.0, 0.01812760691895582)",1
11590,31,12,11,"(0.09033430006888621, 0.14970886995698662, 0.0, 0.0, 0.0, 0.051548873715099995, 0.0, 0.12433540558721708, 0.0, 0.009945005682532818)",1
11591,31,12,11,"(0.08806717575663349, 0.14970886995698662, 0.0, 0.0, 0.0, 0.051548873715099995, 0.0, 0.07279730572321226, 0.0, 0.01812760691895582)",1
11592,31,12,11,"(0.11795207309126048, 0.14970886995698662, 0.0, 0.0, 0.0, 0.051548873715099995, 0.0, 0.08279881135943302, 0.0, 0.01812760691895582)",1
11593,31,12,11,"(0.09033430006888621, 0.14970886995698662, 0.0, 0.0, 0.0, 0.051548873715099995, 0.0, 0.08279881135943302, 0.0, 0.00965108241173779)",1
11594,31,12,11,"(0.09033430006888621, 0.1844992726004596, 0.0, 0.0, 0.0, 0.051548873715099995, 0.0, 0.08279881135943302, 0.0, 0.01812760691895582)",2
11595,31,12,13,"(0.0, 0.0, 0.11679612853536596, 0.06920069129515957, 0.09172770611919409, 0.07489992963210028, 0.0, 0.0, 0.14899621190854193, 0.0)",81
11596,31,12,13,"(0.0, 0.0, 0.1331447325571365, 0.07900678182894155, 0.0635267156467636, 0.07489992963210028, 0.0, 0.0, 0.14899621190854193, 0.0)",8
11597,31,12,13,"(0.0, 0.0, 0.11679612853536596, 0.06920069129515957, 0.09172770611919409, 0.1286107035240548, 0.0, 0.0, 0.19738986742781472, 0.0)",2
11598,31,12,13,"(0.0, 0.0, 0.09051950061837827, 0.07900678182894155, 0.09172770611919409, 0.07489992963210028, 0.0, 0.0, 0.14899621190854193, 0.0)",104
11599,31,13,8,"(0.05245423021682273, 0.0, 0.08950620996642342, 0.09247639241939104, 0.07465200933978253, 0.0, 0.06826344941350267, 0.0, 0.0, 0.0)",3
11600,31,13,8,"(0.09369258606422372, 0.0, 0.08950620996642342, 0.09247639241939104, 0.07465200933978253, 0.0, 0.1110601333901259, 0.0, 0.0, 0.0)",3
11601,31,13,8,"(0.09369258606422372, 0.0, 0.08950620996642342, 0.09247639241939104, 0.07465200933978253, 0.0, 0.06826344941350267, 0.0, 0.0, 0.0)",331
11602,31,13,8,"(0.09107621116498398, 0.0, 0.08950620996642342, 0.09247639241939104, 0.07465200933978253, 0.0, 0.06826344941350267, 0.0, 0.0, 0.0)",2
11603,31,13,8,"(0.09369258606422372, 0.0, 0.08950620996642342, 0.03298635640731, 0.07465200933978253, 0.0, 0.06826344941350267, 0.0, 0.0, 0.0)",1
11604,31,13,8,"(0.07972368944073391, 0.0, 0.0635516710323021, 0.09247639241939104, 0.07465200933978253, 0.0, 0.06826344941350267, 0.0, 0.0, 0.0)",2
11605,31,13,8,"(0.09369258606422372, 0.0, 0.08845050570138398, 0.09247639241939104, 0.0641428917942333, 0.0, 0.06826344941350267, 0.0, 0.0, 0.0)",4
11606,31,13,8,"(0.09369258606422372, 0.0, 0.11168264281728425, 0.09247639241939104, 0.07465200933978253, 0.0, 0.06826344941350267, 0.0, 0.0, 0.0)",4
11607,31,13,8,"(0.09369258606422372, 0.0, 0.08950620996642342, 0.1360556096156881, 0.07465200933978253, 0.0, 0.06826344941350267, 0.0, 0.0, 0.0)",1
11608,31,13,11,"(0.08478102965504197, 0.14970886995698662, 0.0, 0.0, 0.0, 0.051548873715099995, 0.0, 0.08279881135943302, 0.0, 0.01812760691895582)",1
11609,31,13,11,"(0.11642427162819424, 0.14970886995698662, 0.0, 0.0, 0.0, 0.051548873715099995, 0.0, 0.07411081848004233, 0.0, 0.029384131924106768)",7
11610,31,13,11,"(0.09033430006888621, 0.14970886995698662, 0.0, 0.0, 0.0, 0.07500819574869587, 0.0, 0.08279881135943302, 0.0, 0.01812760691895582)",1
11611,31,13,11,"(0.09928607059694233, 0.15476388606115973, 0.0, 0.0, 0.0, 0.051548873715099995, 0.0, 0.08279881135943302, 0.0, 0.01812760691895582)",1
11612,31,13,11,"(0.11642427162819424, 0.14970886995698662, 0.0, 0.0, 0.0, 0.051548873715099995, 0.0, 0.08279881135943302, 0.0, 0.01812760691895582)",164
11613,31,13,11,"(0.09033430006888621, 0.14970886995698662, 0.0, 0.0, 0.0, 0.051548873715099995, 0.0, 0.07205361535559213, 0.0, 0.021783437029351826)",1
11614,31,13,11,"(0.0913090350812683, 0.14970886995698662, 0.0, 0.0, 0.0, 0.051548873715099995, 0.0, 0.08279881135943302, 0.0, 0.01812760691895582)",1
11615,31,13,11,"(0.09033430006888621, 0.14970886995698662, 0.0, 0.0, 0.0, 0.051548873715099995, 0.0, 0.08279881135943302, 0.0, 0.01812760691895582)",245
11616,31,13,11,"(0.09033430006888621, 0.14970886995698662, 0.0, 0.0, 0.0, 0.051548873715099995, 0.0, 0.07428344116166608, 0.0, 0.01812760691895582)",5
11617,31,13,11,"(0.09033430006888621, 0.22747702033232278, 0.0, 0.0, 0.0, 0.051548873715099995, 0.0, 0.10284203513847391, 0.0, 0.015220342397213378)",2
11618,31,13,11,"(0.11642427162819424, 0.14970886995698662, 0.0, 0.0, 0.0, 0.07675912556706278, 0.0, 0.07411081848004233, 0.0, 0.029384131924106768)",2
11619,31,13,11,"(0.11642427162819424, 0.14970886995698662, 0.0, 0.0, 0.0, 0.07853223028231565, 0.0, 0.08279881135943302, 0.0, 0.021515297155630008)",3
11620,31,13,11,"(0.06945091504921862, 0.14970886995698662, 0.0, 0.0, 0.0, 0.032857111671556964, 0.0, 0.08279881135943302, 0.0, 0.018483479140624863)",3
11621,31,13,11,"(0.09033430006888621, 0.16470282046460566, 0.0, 0.0, 0.0, 0.051548873715099995, 0.0, 0.08279881135943302, 0.0, 0.01812760691895582)",1
11622,31,13,13,"(0.0, 0.0, 0.09051950061837827, 0.07900678182894155, 0.09172770611919409, 0.07489992963210028, 0.0, 0.0, 0.0667992267357531, 0.0)",1
11623,31,13,13,"(0.0, 0.0, 0.11679612853536596, 0.06920069129515957, 0.09172770611919409, 0.07489992963210028, 0.0, 0.0, 0.14899621190854193, 0.0)",157
11624,31,13,13,"(0.0, 0.0, 0.11679612853536596, 0.054978561027614094, 0.09172770611919409, 0.07489992963210028, 0.0, 0.0, 0.14899621190854193, 0.0)",1
11625,31,13,13,"(0.0, 0.0, 0.09051950061837827, 0.07900678182894155, 0.09172770611919409, 0.07489992963210028, 0.0, 0.0, 0.14899621190854193, 0.0)",41
11626,31,14,8,"(0.07839934644654895, 0.0, 0.08950620996642342, 0.09247639241939104, 0.07465200933978253, 0.0, 0.06826344941350267, 0.0, 0.0, 0.0)",1
11627,31,14,8,"(0.09369258606422372, 0.0, 0.08950620996642342, 0.09247639241939104, 0.05710416844868424, 0.0, 0.04421768011424503, 0.0, 0.0, 0.0)",4
11628,31,14,8,"(0.09369258606422372, 0.0, 0.08950620996642342, 0.09247639241939104, 0.07465200933978253, 0.0, 0.06826344941350267, 0.0, 0.0, 0.0)",343
11629,31,14,11,"(0.09033430006888621, 0.1672232993856468, 0.0, 0.0, 0.0, 0.051548873715099995, 0.0, 0.08279881135943302, 0.0, 0.01812760691895582)",1
11630,31,14,11,"(0.11642427162819424, 0.14970886995698662, 0.0, 0.0, 0.0, 0.051548873715099995, 0.0, 0.08279881135943302, 0.0, 0.013265342489845948)",1
11631,31,14,11,"(0.11642427162819424, 0.14970886995698662, 0.0, 0.0, 0.0, 0.051548873715099995, 0.0, 0.08279881135943302, 0.0, 0.01812760691895582)",152
11632,31,14,11,"(0.09033430006888621, 0.14970886995698662, 0.0, 0.0, 0.0, 0.051548873715099995, 0.0, 0.08279881135943302, 0.0, 0.019539684350853938)",1
11633,31,14,11,"(0.11642427162819424, 0.14970886995698662, 0.0, 0.0, 0.0, 0.051548873715099995, 0.0, 0.08279881135943302, 0.0, 0.012163610280976364)",1
11634,31,14,11,"(0.11642427162819424, 0.14970886995698662, 0.0, 0.0, 0.0, 0.051548873715099995, 0.0, 0.08279881135943302, 0.0, 0.017681961073533786)",1
11635,31,14,11,"(0.09033430006888621, 0.07602067917889595, 0.0, 0.0, 0.0, 0.0499098641491762, 0.0, 0.08279881135943302, 0.0, 0.01812760691895582)",12
11636,31,14,11,"(0.09033430006888621, 0.14970886995698662, 0.0, 0.0, 0.0, 0.051548873715099995, 0.0, 0.08279881135943302, 0.0, 0.01812760691895582)",282
11637,31,14,11,"(0.11642427162819424, 0.1992855606043078, 0.0, 0.0, 0.0, 0.051548873715099995, 0.0, 0.08279881135943302, 0.0, 0.01812760691895582)",1
11638,31,14,11,"(0.11642427162819424, 0.05229079515523815, 0.0, 0.0, 0.0, 0.051548873715099995, 0.0, 0.08279881135943302, 0.0, 0.01812760691895582)",1
11639,31,14,11,"(0.09033430006888621, 0.14970886995698662, 0.0, 0.0, 0.0, 0.03131380944626853, 0.0, 0.08279881135943302, 0.0, 0.030974864936529796)",4
11640,31,14,11,"(0.09033430006888621, 0.14970886995698662, 0.0, 0.0, 0.0, 0.08969545854597513, 0.0, 0.08279881135943302, 0.0, 0.01812760691895582)",1
11641,31,14,13,"(0.0, 0.0, 0.11679612853536596, 0.06920069129515957, 0.10614449447701708, 0.07489992963210028, 0.0, 0.0, 0.14899621190854193, 0.0)",7
11642,31,14,13,"(0.0, 0.0, 0.09051950061837827, 0.07900678182894155, 0.09172770611919409, 0.07489992963210028, 0.0, 0.0, 0.14899621190854193, 0.0)",50
11643,31,14,13,"(0.0, 0.0, 0.11679612853536596, 0.06920069129515957, 0.09172770611919409, 0.07489992963210028, 0.0, 0.0, 0.14899621190854193, 0.0)",126
11644,31,14,13,"(0.0, 0.0, 0.11679612853536596, 0.2158645279595786, 0.09172770611919409, 0.07489992963210028, 0.0, 0.0, 0.14899621190854193, 0.0)",1
11645,31,14,13,"(0.0, 0.0, 0.11679612853536596, 0.06920069129515957, 0.11929409536766142, 0.07489992963210028, 0.0, 0.0, 0.14899621190854193, 0.0)",1
11646,31,14,13,"(0.0, 0.0, 0.11679612853536596, 0.06920069129515957, 0.09172770611919409, 0.07489992963210028, 0.0, 0.0, 0.29757706944696327, 0.0)",1
11647,31,15,8,"(0.09369258606422372, 0.0, 0.09404500748512917, 0.07572989443794659, 0.09173902283359818, 0.0, 0.06826344941350267, 0.0, 0.0, 0.0)",2
11648,31,15,8,"(0.09369258606422372, 0.0, 0.08950620996642342, 0.09007859879721937, 0.09173902283359818, 0.0, 0.04517719646044723, 0.0, 0.0, 0.0)",42
11649,31,15,8,"(0.09369258606422372, 0.0, 0.08950620996642342, 0.09247639241939104, 0.09173902283359818, 0.0, 0.06826344941350267, 0.0, 0.0, 0.0)",263
11650,31,15,8,"(0.09369258606422372, 0.0, 0.05466207644143576, 0.09007859879721937, 0.09173902283359818, 0.0, 0.04517719646044723, 0.0, 0.0, 0.0)",3
11651,31,15,11,"(0.09033430006888621, 0.14970886995698662, 0.0, 0.0, 0.0, 0.04960996825951265, 0.0, 0.12909644734520412, 0.0, 0.01812760691895582)",1
11652,31,15,11,"(0.09033430006888621, 0.2180340557208211, 0.0, 0.0, 0.0, 0.043578699822787226, 0.0, 0.08279881135943302, 0.0, 0.01812760691895582)",1
11653,31,15,11,"(0.09033430006888621, 0.14970886995698662, 0.0, 0.0, 0.0, 0.04688669779969397, 0.0, 0.08279881135943302, 0.0, 0.01812760691895582)",215
11654,31,15,11,"(0.09033430006888621, 0.09622675280616096, 0.0, 0.0, 0.0, 0.04688669779969397, 0.0, 0.08279881135943302, 0.0, 0.01812760691895582)",1
11655,31,15,11,"(0.09033430006888621, 0.14970886995698662, 0.0, 0.0, 0.0, 0.043578699822787226, 0.0, 0.08279881135943302, 0.0, 0.01812760691895582)",258
11656,31,15,11,"(0.09033430006888621, 0.08214100506161308, 0.0, 0.0, 0.0, 0.04688669779969397, 0.0, 0.08279881135943302, 0.0, 0.01812760691895582)",1
11657,31,15,13,"(0.0, 0.0, 0.11679612853536596, 0.05834417449754886, 0.09172770611919409, 0.07834417968058696, 0.0, 0.0, 0.14899621190854193, 0.0)",16
11658,31,15,13,"(0.0, 0.0, 0.11679612853536596, 0.0910589877548199, 0.09172770611919409, 0.07489992963210028, 0.0, 0.0, 0.14899621190854193, 0.0)",87
11659,31,15,13,"(0.0, 0.0, 0.11679612853536596, 0.06920069129515957, 0.09172770611919409, 0.07489992963210028, 0.0, 0.0, 0.14899621190854193, 0.0)",77
11660,31,16,8,"(0.09369258606422372, 0.0, 0.08950620996642342, 0.10912420672587417, 0.09173902283359818, 0.0, 0.06826344941350267, 0.0, 0.0, 0.0)",1
11661,31,16,8,"(0.09369258606422372, 0.0, 0.06066647979718929, 0.09247639241939104, 0.09173902283359818, 0.0, 0.06826344941350267, 0.0, 0.0, 0.0)",1
11662,31,16,8,"(0.09369258606422372, 0.0, 0.08950620996642342, 0.09247639241939104, 0.09173902283359818, 0.0, 0.06826344941350267, 0.0, 0.0, 0.0)",281
11663,31,16,8,"(0.1238353231049452, 0.0, 0.08950620996642342, 0.10869099287715679, 0.09173902283359818, 0.0, 0.09424883761369315, 0.0, 0.0, 0.0)",3
11664,31,16,8,"(0.09369258606422372, 0.0, 0.09828402383974867, 0.09247639241939104, 0.09173902283359818, 0.0, 0.06826344941350267, 0.0, 0.0, 0.0)",1
11665,31,16,8,"(0.09369258606422372, 0.0, 0.08950620996642342, 0.09247639241939104, 0.09148085676903135, 0.0, 0.06826344941350267, 0.0, 0.0, 0.0)",1
11666,31,16,8,"(0.11442749659024998, 0.0, 0.07036861645310187, 0.09247639241939104, 0.09173902283359818, 0.0, 0.06826344941350267, 0.0, 0.0, 0.0)",3
11667,31,16,11,"(0.05441345411696252, 0.14970886995698662, 0.0, 0.0, 0.0, 0.04688669779969397, 0.0, 0.08279881135943302, 0.0, 0.02035976577388844)",3
11668,31,16,11,"(0.09033430006888621, 0.16762256001371006, 0.0, 0.0, 0.0, 0.04688669779969397, 0.0, 0.08279881135943302, 0.0, 0.0248443192187575)",1
11669,31,16,11,"(0.09033430006888621, 0.14970886995698662, 0.0, 0.0, 0.0, 0.043578699822787226, 0.0, 0.04106625324293738, 0.0, 0.01812760691895582)",1
11670,31,16,11,"(0.09033430006888621, 0.14970886995698662, 0.0, 0.0, 0.0, 0.043578699822787226, 0.0, 0.08279881135943302, 0.0, 0.03092762679379888)",2
11671,31,16,11,"(0.09033430006888621, 0.14970886995698662, 0.0, 0.0, 0.0, 0.04688669779969397, 0.0, 0.10036398327879993, 0.0, 0.01812760691895582)",4
11672,31,16,11,"(0.09033430006888621, 0.14970886995698662, 0.0, 0.0, 0.0, 0.07371607406989089, 0.0, 0.08279881135943302, 0.0, 0.01812760691895582)",3
11673,31,16,11,"(0.09033430006888621, 0.14970886995698662, 0.0, 0.0, 0.0, 0.04688669779969397, 0.0, 0.05452926536458873, 0.0, 0.01812760691895582)",6
11674,31,16,11,"(0.09033430006888621, 0.14970886995698662, 0.0, 0.0, 0.0, 0.046519613283663934, 0.0, 0.08279881135943302, 0.0, 0.01812760691895582)",1
11675,31,16,11,"(0.09033430006888621, 0.10346581706814997, 0.0, 0.0, 0.0, 0.04688669779969397, 0.0, 0.08279881135943302, 0.0, 0.01812760691895582)",1
11676,31,16,11,"(0.09033430006888621, 0.14970886995698662, 0.0, 0.0, 0.0, 0.04688669779969397, 0.0, 0.08279881135943302, 0.0, 0.01812760691895582)",203
11677,31,16,11,"(0.09033430006888621, 0.14970886995698662, 0.0, 0.0, 0.0, 0.043578699822787226, 0.0, 0.08279881135943302, 0.0, 0.01812760691895582)",238
11678,31,16,11,"(0.09033430006888621, 0.16229020628908336, 0.0, 0.0, 0.0, 0.043578699822787226, 0.0, 0.08279881135943302, 0.0, 0.01812760691895582)",1
11679,31,16,11,"(0.10883018005775427, 0.14970886995698662, 0.0, 0.0, 0.0, 0.043578699822787226, 0.0, 0.08279881135943302, 0.0, 0.01812760691895582)",1
11680,31,16,11,"(0.09033430006888621, 0.14970886995698662, 0.0, 0.0, 0.0, 0.04688669779969397, 0.0, 0.09094709522879825, 0.0, 0.01812760691895582)",10
11681,31,16,13,"(0.0, 0.0, 0.11679612853536596, 0.06920069129515957, 0.09172770611919409, 0.07489992963210028, 0.0, 0.0, 0.14899621190854193, 0.0)",85
11682,31,16,13,"(0.0, 0.0, 0.11679612853536596, 0.06920069129515957, 0.09433781476523495, 0.07489992963210028, 0.0, 0.0, 0.14899621190854193, 0.0)",1
11683,31,16,13,"(0.0, 0.0, 0.11679612853536596, 0.0910589877548199, 0.09172770611919409, 0.07489992963210028, 0.0, 0.0, 0.14899621190854193, 0.0)",72
11684,31,16,13,"(0.0, 0.0, 0.1833327634275979, 0.06920069129515957, 0.09172770611919409, 0.07489992963210028, 0.0, 0.0, 0.14899621190854193, 0.0)",2
11685,31,17,8,"(0.09369258606422372, 0.0, 0.08950620996642342, 0.08761920386749399, 0.1145978322304408, 0.0, 0.06826344941350267, 0.0, 0.0, 0.0)",4
11686,31,17,8,"(0.09369258606422372, 0.0, 0.05803430174756263, 0.12358179741700312, 0.09173902283359818, 0.0, 0.06826344941350267, 0.0, 0.0, 0.0)",1
11687,31,17,8,"(0.09369258606422372, 0.0, 0.08950620996642342, 0.09247639241939104, 0.09173902283359818, 0.0, 0.06826344941350267, 0.0, 0.0, 0.0)",201
11688,31,17,8,"(0.09369258606422372, 0.0, 0.08950620996642342, 0.09007859879721937, 0.09173902283359818, 0.0, 0.03567688008020565, 0.0, 0.0, 0.0)",4
11689,31,17,8,"(0.09369258606422372, 0.0, 0.08950620996642342, 0.09007859879721937, 0.09173902283359818, 0.0, 0.04517719646044723, 0.0, 0.0, 0.0)",140
11690,31,17,11,"(0.09803197826846685, 0.14970886995698662, 0.0, 0.0, 0.0, 0.03072641231539958, 0.0, 0.048851357841962026, 0.0, 0.017561523146974598)",1
11691,31,17,11,"(0.09033430006888621, 0.13182980734660166, 0.0, 0.0, 0.0, 0.043578699822787226, 0.0, 0.1121852034107864, 0.0, 0.023835373418717637)",2
11692,31,17,11,"(0.04819301012933901, 0.14970886995698662, 0.0, 0.0, 0.0, 0.04688669779969397, 0.0, 0.08279881135943302, 0.0, 0.01812760691895582)",5
11693,31,17,11,"(0.09033430006888621, 0.12070249932975263, 0.0, 0.0, 0.0, 0.04688669779969397, 0.0, 0.08279881135943302, 0.0, 0.01812760691895582)",15
11694,31,17,11,"(0.09033430006888621, 0.07268572333541098, 0.0, 0.0, 0.0, 0.04688669779969397, 0.0, 0.08279881135943302, 0.0, 0.01812760691895582)",1
11695,31,17,11,"(0.09033430006888621, 0.14970886995698662, 0.0, 0.0, 0.0, 0.04688669779969397, 0.0, 0.08279881135943302, 0.0, 0.01812760691895582)",329
11696,31,17,11,"(0.09033430006888621, 0.15802022275440544, 0.0, 0.0, 0.0, 0.04688669779969397, 0.0, 0.06879569876148599, 0.0, 0.01812760691895582)",1
11697,31,17,11,"(0.09033430006888621, 0.14970886995698662, 0.0, 0.0, 0.0, 0.04688669779969397, 0.0, 0.08279881135943302, 0.0, 0.0217305267866889)",1
11698,31,17,11,"(0.09033430006888621, 0.14751208878771505, 0.0, 0.0, 0.0, 0.04688669779969397, 0.0, 0.08279881135943302, 0.0, 0.01812760691895582)",3
11699,31,17,11,"(0.09803197826846685, 0.14970886995698662, 0.0, 0.0, 0.0, 0.03072641231539958, 0.0, 0.048851357841962026, 0.0, 0.01812760691895582)",1
11700,31,17,11,"(0.09033430006888621, 0.14970886995698662, 0.0, 0.0, 0.0, 0.043578699822787226, 0.0, 0.08279881135943302, 0.0, 0.01812760691895582)",111
11701,31,17,13,"(0.0, 0.0, 0.11679612853536596, 0.06920069129515957, 0.09172770611919409, 0.07489992963210028, 0.0, 0.0, 0.14899621190854193, 0.0)",131
11702,31,17,13,"(0.0, 0.0, 0.11679612853536596, 0.06920069129515957, 0.09172770611919409, 0.07489992963210028, 0.0, 0.0, 0.13061046615227256, 0.0)",2
11703,31,17,13,"(0.0, 0.0, 0.11679612853536596, 0.06920069129515957, 0.056573837706422346, 0.07489992963210028, 0.0, 0.0, 0.14899621190854193, 0.0)",1
11704,31,17,13,"(0.0, 0.0, 0.11679612853536596, 0.0910589877548199, 0.09172770611919409, 0.07489992963210028, 0.0, 0.0, 0.14899621190854193, 0.0)",55
11705,31,17,13,"(0.0, 0.0, 0.11679612853536596, 0.06029328222054819, 0.09172770611919409, 0.07489992963210028, 0.0, 0.0, 0.14899621190854193, 0.0)",1
11706,31,18,8,"(0.09369258606422372, 0.0, 0.08950620996642342, 0.09247639241939104, 0.07465200933978253, 0.0, 0.06826344941350267, 0.0, 0.0, 0.0)",276
11707,31,18,8,"(0.09369258606422372, 0.0, 0.08950620996642342, 0.11677783496579724, 0.07465200933978253, 0.0, 0.06826344941350267, 0.0, 0.0, 0.0)",27
11708,31,18,11,"(0.1425381109296889, 0.14970886995698662, 0.0, 0.0, 0.0, 0.051548873715099995, 0.0, 0.08279881135943302, 0.0, 0.01812760691895582)",3
11709,31,18,11,"(0.09033430006888621, 0.0782287208916887, 0.0, 0.0, 0.0, 0.0499098641491762, 0.0, 0.08279881135943302, 0.0, 0.01812760691895582)",1
11710,31,18,11,"(0.11642427162819424, 0.14970886995698662, 0.0, 0.0, 0.0, 0.051548873715099995, 0.0, 0.08279881135943302, 0.0, 0.01812760691895582)",75
11711,31,18,11,"(0.07373494100840756, 0.07602067917889595, 0.0, 0.0, 0.0, 0.0499098641491762, 0.0, 0.05081769269057617, 0.0, 0.01812760691895582)",25
11712,31,18,11,"(0.09033430006888621, 0.14970886995698662, 0.0, 0.0, 0.0, 0.053898963098640854, 0.0, 0.08279881135943302, 0.0, 0.024689827072989314)",5
11713,31,18,11,"(0.09033430006888621, 0.14970886995698662, 0.0, 0.0, 0.0, 0.051548873715099995, 0.0, 0.1075777420079073, 0.0, 0.01812760691895582)",8
11714,31,18,11,"(0.09033430006888621, 0.14970886995698662, 0.0, 0.0, 0.0, 0.051548873715099995, 0.0, 0.04708701703268654, 0.0, 0.01812760691895582)",2
11715,31,18,11,"(0.09033430006888621, 0.18677817505045724, 0.0, 0.0, 0.0, 0.051548873715099995, 0.0, 0.08279881135943302, 0.0, 0.01812760691895582)",1
11716,31,18,11,"(0.09033430006888621, 0.14970886995698662, 0.0, 0.0, 0.0, 0.051548873715099995, 0.0, 0.08279881135943302, 0.0, 0.01812760691895582)",248
11717,31,18,11,"(0.09033430006888621, 0.07602067917889595, 0.0, 0.0, 0.0, 0.0499098641491762, 0.0, 0.08279881135943302, 0.0, 0.01812760691895582)",137
11718,31,18,11,"(0.09033430006888621, 0.14970886995698662, 0.0, 0.0, 0.0, 0.051548873715099995, 0.0, 0.04644615303929283, 0.0, 0.01812760691895582)",3
11719,31,18,13,"(0.0, 0.0, 0.09051950061837827, 0.07900678182894155, 0.09172770611919409, 0.07489992963210028, 0.0, 0.0, 0.14899621190854193, 0.0)",192
11720,31,18,13,"(0.0, 0.0, 0.09051950061837827, 0.04758406651570533, 0.09172770611919409, 0.07489992963210028, 0.0, 0.0, 0.14899621190854193, 0.0)",1
11721,31,18,13,"(0.0, 0.0, 0.09051950061837827, 0.07900678182894155, 0.09172770611919409, 0.06780111015373734, 0.0, 0.0, 0.14899621190854193, 0.0)",2
11722,31,18,13,"(0.0, 0.0, 0.09051950061837827, 0.07900678182894155, 0.09172770611919409, 0.06049436805397122, 0.0, 0.0, 0.15384499849677336, 0.0)",1
11723,31,19,8,"(0.09369258606422372, 0.0, 0.08950620996642342, 0.11677783496579724, 0.05599057066721839, 0.0, 0.06826344941350267, 0.0, 0.0, 0.0)",1
11724,31,19,8,"(0.16565500210920892, 0.0, 0.08950620996642342, 0.09247639241939104, 0.12786864202688586, 0.0, 0.06826344941350267, 0.0, 0.0, 0.0)",1
11725,31,19,8,"(0.09369258606422372, 0.0, 0.08950620996642342, 0.11677783496579724, 0.07465200933978253, 0.0, 0.09906359913504605, 0.0, 0.0, 0.0)",1
11726,31,19,8,"(0.09369258606422372, 0.0, 0.08950620996642342, 0.12593874753305934, 0.07465200933978253, 0.0, 0.06826344941350267, 0.0, 0.0, 0.0)",1
11727,31,19,8,"(0.09369258606422372, 0.0, 0.08950620996642342, 0.11677783496579724, 0.07465200933978253, 0.0, 0.06826344941350267, 0.0, 0.0, 0.0)",69
11728,31,19,8,"(0.10125942424527877, 0.0, 0.06447132697840646, 0.1444507285185556, 0.07465200933978253, 0.0, 0.06826344941350267, 0.0, 0.0, 0.0)",3
11729,31,19,8,"(0.05708339002994498, 0.0, 0.08950620996642342, 0.09247639241939104, 0.07465200933978253, 0.0, 0.06826344941350267, 0.0, 0.0, 0.0)",6
11730,31,19,8,"(0.09369258606422372, 0.0, 0.08950620996642342, 0.09247639241939104, 0.07465200933978253, 0.0, 0.06826344941350267, 0.0, 0.0, 0.0)",243
11731,31,19,8,"(0.07047959668578334, 0.0, 0.08950620996642342, 0.09247639241939104, 0.09317520534011102, 0.0, 0.06826344941350267, 0.0, 0.0, 0.0)",4
11732,31,19,8,"(0.09369258606422372, 0.0, 0.08366149526270536, 0.09247639241939104, 0.049612537457357, 0.0, 0.06826344941350267, 0.0, 0.0, 0.0)",45
11733,31,19,8,"(0.09369258606422372, 0.0, 0.08599347002415088, 0.14056543938198796, 0.08382348876724702, 0.0, 0.06826344941350267, 0.0, 0.0, 0.0)",1
11734,31,19,11,"(0.09033430006888621, 0.09063621548192569, 0.0, 0.0, 0.0, 0.0499098641491762, 0.0, 0.08279881135943302, 0.0, 0.038049844419028415)",1
11735,31,19,11,"(0.07250934538895967, 0.14970886995698662, 0.0, 0.0, 0.0, 0.051548873715099995, 0.0, 0.08279881135943302, 0.0, 0.01812760691895582)",1
11736,31,19,11,"(0.10046663061100657, 0.07602067917889595, 0.0, 0.0, 0.0, 0.04754109378818833, 0.0, 0.08279881135943302, 0.0, 0.01812760691895582)",2
11737,31,19,11,"(0.1425381109296889, 0.14970886995698662, 0.0, 0.0, 0.0, 0.051548873715099995, 0.0, 0.08279881135943302, 0.0, 0.01812760691895582)",29
11738,31,19,11,"(0.05259667362164069, 0.07602067917889595, 0.0, 0.0, 0.0, 0.0499098641491762, 0.0, 0.07814282283226574, 0.0, 0.01812760691895582)",7
11739,31,19,11,"(0.13687746935653708, 0.07602067917889595, 0.0, 0.0, 0.0, 0.0499098641491762, 0.0, 0.08279881135943302, 0.0, 0.01812760691895582)",1
11740,31,19,11,"(0.11273668990677405, 0.07602067917889595, 0.0, 0.0, 0.0, 0.0499098641491762, 0.0, 0.08279881135943302, 0.0, 0.01812760691895582)",2
11741,31,19,11,"(0.09033430006888621, 0.14970886995698662, 0.0, 0.0, 0.0, 0.051548873715099995, 0.0, 0.08279881135943302, 0.0, 0.01812760691895582)",120
11742,31,19,11,"(0.11642427162819424, 0.14970886995698662, 0.0, 0.0, 0.0, 0.051548873715099995, 0.0, 0.08279881135943302, 0.0, 0.043038967163846094)",2
11743,31,19,11,"(0.11642427162819424, 0.14970886995698662, 0.0, 0.0, 0.0, 0.051548873715099995, 0.0, 0.08279881135943302, 0.0, 0.01812760691895582)",46
11744,31,19,11,"(0.09033430006888621, 0.13329995885090298, 0.0, 0.0, 0.0, 0.051548873715099995, 0.0, 0.08279881135943302, 0.0, 0.01812760691895582)",2
11745,31,19,11,"(0.12023037808094275, 0.07602067917889595, 0.0, 0.0, 0.0, 0.0499098641491762, 0.0, 0.08279881135943302, 0.0, 0.01812760691895582)",1
11746,31,19,11,"(0.09033430006888621, 0.07602067917889595, 0.0, 0.0, 0.0, 0.0499098641491762, 0.0, 0.08279881135943302, 0.0, 0.01812760691895582)",235
11747,31,19,11,"(0.09033430006888621, 0.07602067917889595, 0.0, 0.0, 0.0, 0.0499098641491762, 0.0, 0.1592085818957201, 0.0, 0.01812760691895582)",1
11748,31,19,11,"(0.11642427162819424, 0.14970886995698662, 0.0, 0.0, 0.0, 0.037933651491630874, 0.0, 0.08279881135943302, 0.0, 0.01812760691895582)",1
11749,31,19,13,"(0.0, 0.0, 0.09051950061837827, 0.07900678182894155, 0.09172770611919409, 0.07489992963210028, 0.0, 0.0, 0.14899621190854193, 0.0)",127
11750,31,19,13,"(0.0, 0.0, 0.07748034256078097, 0.07900678182894155, 0.09172770611919409, 0.07489992963210028, 0.0, 0.0, 0.14899621190854193, 0.0)",3
11751,31,19,13,"(0.0, 0.0, 0.11679612853536596, 0.06920069129515957, 0.09172770611919409, 0.07489992963210028, 0.0, 0.0, 0.14899621190854193, 0.0)",65
11752,31,20,8,"(0.09369258606422372, 0.0, 0.08950620996642342, 0.09247639241939104, 0.07465200933978253, 0.0, 0.06826344941350267, 0.0, 0.0, 0.0)",127
11753,31,20,8,"(0.09369258606422372, 0.0, 0.08950620996642342, 0.11677783496579724, 0.07465200933978253, 0.0, 0.06826344941350267, 0.0, 0.0, 0.0)",19
11754,31,20,8,"(0.08165051690442826, 0.0, 0.08950620996642342, 0.09247639241939104, 0.07465200933978253, 0.0, 0.06826344941350267, 0.0, 0.0, 0.0)",58
11755,31,20,8,"(0.08165051690442826, 0.0, 0.08950620996642342, 0.09247639241939104, 0.10843467698544135, 0.0, 0.06826344941350267, 0.0, 0.0, 0.0)",3
11756,31,20,8,"(0.09369258606422372, 0.0, 0.08950620996642342, 0.09247639241939104, 0.07465200933978253, 0.0, 0.08787244364686483, 0.0, 0.0, 0.0)",1
11757,31,20,8,"(0.05708339002994498, 0.0, 0.08950620996642342, 0.09247639241939104, 0.1048268398500392, 0.0, 0.06826344941350267, 0.0, 0.0, 0.0)",1
11758,31,20,8,"(0.05708339002994498, 0.0, 0.08950620996642342, 0.09247639241939104, 0.07465200933978253, 0.0, 0.06826344941350267, 0.0, 0.0, 0.0)",101
11759,31,20,11,"(0.09033430006888621, 0.14970886995698662, 0.0, 0.0, 0.0, 0.051548873715099995, 0.0, 0.1075777420079073, 0.0, 0.01812760691895582)",1
11760,31,20,11,"(0.11642427162819424, 0.14970886995698662, 0.0, 0.0, 0.0, 0.051548873715099995, 0.0, 0.08279881135943302, 0.0, 0.01812760691895582)",21
11761,31,20,11,"(0.09033430006888621, 0.07933869834373855, 0.0, 0.0, 0.0, 0.051548873715099995, 0.0, 0.05409036608925263, 0.0, 0.01674701858589903)",2
11762,31,20,11,"(0.09033430006888621, 0.07602067917889595, 0.0, 0.0, 0.0, 0.0499098641491762, 0.0, 0.08279881135943302, 0.0, 0.01812760691895582)",208
11763,31,20,11,"(0.11730607569744424, 0.14970886995698662, 0.0, 0.0, 0.0, 0.051548873715099995, 0.0, 0.08279881135943302, 0.0, 0.01422519959533297)",1
11764,31,20,11,"(0.09033430006888621, 0.14970886995698662, 0.0, 0.0, 0.0, 0.051548873715099995, 0.0, 0.08268992110308021, 0.0, 0.027133963215832065)",1
11765,31,20,11,"(0.09033430006888621, 0.14970886995698662, 0.0, 0.0, 0.0, 0.051548873715099995, 0.0, 0.08279881135943302, 0.0, 0.01812760691895582)",328
11766,31,20,11,"(0.09033430006888621, 0.14970886995698662, 0.0, 0.0, 0.0, 0.051548873715099995, 0.0, 0.08697394589973008, 0.0, 0.01812760691895582)",5
11767,31,20,11,"(0.09033430006888621, 0.14970886995698662, 0.0, 0.0, 0.0, 0.07091462816916251, 0.0, 0.08279881135943302, 0.0, 0.01812760691895582)",1
11768,31,20,11,"(0.09033430006888621, 0.07602067917889595, 0.0, 0.0, 0.0, 0.0499098641491762, 0.0, 0.08279881135943302, 0.0, 0.01836196422062478)",1
11769,31,20,11,"(0.09033430006888621, 0.14970886995698662, 0.0, 0.0, 0.0, 0.03414153027284461, 0.0, 0.07044817961283084, 0.0, 0.01812760691895582)",1
11770,31,20,11,"(0.056664994600451, 0.14970886995698662, 0.0, 0.0, 0.0, 0.051548873715099995, 0.0, 0.08235680050371498, 0.0, 0.01812760691895582)",1
11771,31,20,13,"(0.0, 0.0, 0.11679612853536596, 0.06920069129515957, 0.09172770611919409, 0.07489992963210028, 0.0, 0.0, 0.14899621190854193, 0.0)",43
11772,31,20,13,"(0.0, 0.0, 0.09051950061837827, 0.19186858082859937, 0.09172770611919409, 0.07489992963210028, 0.0, 0.0, 0.14899621190854193, 0.0)",1
11773,31,20,13,"(0.0, 0.0, 0.09051950061837827, 0.07900678182894155, 0.09172770611919409, 0.07489992963210028, 0.0, 0.0, 0.14899621190854193, 0.0)",131
11774,31,20,13,"(0.0, 0.0, 0.06827159187174138, 0.04486752605598857, 0.15867332757157887, 0.08186279123581947, 0.0, 0.0, 0.0930306097284247, 0.0)",1
11775,32,0,8,"(0.09369258606422372, 0.0, 0.08950620996642342, 0.09247639241939104, 0.09173902283359818, 0.0, 0.06826344941350267, 0.0, 0.0, 0.0)",234
11776,32,0,8,"(0.09369258606422372, 0.0, 0.08950620996642342, 0.04317774293130388, 0.09173902283359818, 0.0, 0.036272197710328115, 0.0, 0.0, 0.0)",2
11777,32,0,8,"(0.055172803840808464, 0.0, 0.09057911581580724, 0.09247639241939104, 0.09173902283359818, 0.0, 0.04280384020279873, 0.0, 0.0, 0.0)",65
11778,32,0,8,"(0.09369258606422372, 0.0, 0.08950620996642342, 0.09247639241939104, 0.14679987966001848, 0.0, 0.06826344941350267, 0.0, 0.0, 0.0)",1
11779,32,0,8,"(0.14772878601748116, 0.0, 0.08950620996642342, 0.09247639241939104, 0.09173902283359818, 0.0, 0.037426358061708055, 0.0, 0.0, 0.0)",1
11780,32,0,11,"(0.09033430006888621, 0.14970886995698662, 0.0, 0.0, 0.0, 0.06249096678509708, 0.0, 0.12060504621523348, 0.0, 0.01812760691895582)",21
11781,32,0,11,"(0.09033430006888621, 0.14970886995698662, 0.0, 0.0, 0.0, 0.04688669779969397, 0.0, 0.09523546217639671, 0.0, 0.01812760691895582)",250
11782,32,0,11,"(0.09033430006888621, 0.14970886995698662, 0.0, 0.0, 0.0, 0.043578699822787226, 0.0, 0.11068755286719632, 0.0, 0.013946823003321566)",2
11783,32,0,11,"(0.09033430006888621, 0.14970886995698662, 0.0, 0.0, 0.0, 0.043578699822787226, 0.0, 0.11068755286719632, 0.0, 0.01812760691895582)",130
11784,32,0,11,"(0.09033430006888621, 0.14313763061657447, 0.0, 0.0, 0.0, 0.04688669779969397, 0.0, 0.09523546217639671, 0.0, 0.01812760691895582)",10
11785,32,0,11,"(0.19320064182912264, 0.14970886995698662, 0.0, 0.0, 0.0, 0.04639239710537316, 0.0, 0.17130001019371308, 0.0, 0.011085355275219694)",2
11786,32,0,11,"(0.09033430006888621, 0.14970886995698662, 0.0, 0.0, 0.0, 0.04688669779969397, 0.0, 0.08279881135943302, 0.0, 0.01812760691895582)",74
11787,32,0,11,"(0.08415836968527812, 0.14970886995698662, 0.0, 0.0, 0.0, 0.04688669779969397, 0.0, 0.09523546217639671, 0.0, 0.01812760691895582)",1
11788,32,0,13,"(0.0, 0.0, 0.11679612853536596, 0.06920069129515957, 0.09172770611919409, 0.07489992963210028, 0.0, 0.0, 0.14899621190854193, 0.0)",149
11789,32,0,13,"(0.0, 0.0, 0.11679612853536596, 0.06920069129515957, 0.09172770611919409, 0.1140275596879437, 0.0, 0.0, 0.14899621190854193, 0.0)",9
11790,32,0,13,"(0.0, 0.0, 0.11679612853536596, 0.06920069129515957, 0.09172770611919409, 0.07489992963210028, 0.0, 0.0, 0.3038316546977023, 0.0)",1
11791,32,0,13,"(0.0, 0.0, 0.11679612853536596, 0.1357583642965752, 0.09172770611919409, 0.07489992963210028, 0.0, 0.0, 0.14899621190854193, 0.0)",2
11792,32,1,8,"(0.09369258606422372, 0.0, 0.08950620996642342, 0.09247639241939104, 0.0659317912477128, 0.0, 0.06826344941350267, 0.0, 0.0, 0.0)",1
11793,32,1,8,"(0.09369258606422372, 0.0, 0.08950620996642342, 0.09247639241939104, 0.09173902283359818, 0.0, 0.06185289650932712, 0.0, 0.0, 0.0)",9
11794,32,1,8,"(0.09369258606422372, 0.0, 0.08950620996642342, 0.09247639241939104, 0.09173902283359818, 0.0, 0.06710438830040054, 0.0, 0.0, 0.0)",4
11795,32,1,8,"(0.07044505491741922, 0.0, 0.08950620996642342, 0.09247639241939104, 0.09173902283359818, 0.0, 0.06826344941350267, 0.0, 0.0, 0.0)",1
11796,32,1,8,"(0.09369258606422372, 0.0, 0.08950620996642342, 0.09247639241939104, 0.09173902283359818, 0.0, 0.06826344941350267, 0.0, 0.0, 0.0)",333
11797,32,1,8,"(0.09369258606422372, 0.0, 0.08950620996642342, 0.09247639241939104, 0.09173902283359818, 0.0, 0.07613656759283396, 0.0, 0.0, 0.0)",2
11798,32,1,8,"(0.10610983475181036, 0.0, 0.07557732850592562, 0.09231007062659534, 0.09173902283359818, 0.0, 0.11218125830212225, 0.0, 0.0, 0.0)",2
11799,32,1,11,"(0.09033430006888621, 0.14970886995698662, 0.0, 0.0, 0.0, 0.04688669779969397, 0.0, 0.09523546217639671, 0.0, 0.01812760691895582)",294
11800,32,1,11,"(0.11902677960372227, 0.14970886995698662, 0.0, 0.0, 0.0, 0.04688669779969397, 0.0, 0.09523546217639671, 0.0, 0.01812760691895582)",2
11801,32,1,11,"(0.09033430006888621, 0.14970886995698662, 0.0, 0.0, 0.0, 0.04688669779969397, 0.0, 0.08279881135943302, 0.0, 0.01812760691895582)",10
11802,32,1,11,"(0.09033430006888621, 0.14970886995698662, 0.0, 0.0, 0.0, 0.06249096678509708, 0.0, 0.12060504621523348, 0.0, 0.01812760691895582)",12
11803,32,1,11,"(0.09033430006888621, 0.08405762458622382, 0.0, 0.0, 0.0, 0.04688669779969397, 0.0, 0.09523546217639671, 0.0, 0.01812760691895582)",1
11804,32,1,11,"(0.09033430006888621, 0.22001803719124907, 0.0, 0.0, 0.0, 0.04688669779969397, 0.0, 0.09523546217639671, 0.0, 0.01812760691895582)",2
11805,32,1,11,"(0.09033430006888621, 0.14970886995698662, 0.0, 0.0, 0.0, 0.04688669779969397, 0.0, 0.06344915592739515, 0.0, 0.01812760691895582)",1
11806,32,1,11,"(0.09033430006888621, 0.14970886995698662, 0.0, 0.0, 0.0, 0.04688669779969397, 0.0, 0.12116152113178977, 0.0, 0.01812760691895582)",1
11807,32,1,11,"(0.09033430006888621, 0.14970886995698662, 0.0, 0.0, 0.0, 0.043578699822787226, 0.0, 0.11068755286719632, 0.0, 0.01812760691895582)",63
11808,32,1,11,"(0.09033430006888621, 0.14970886995698662, 0.0, 0.0, 0.0, 0.048518154085276446, 0.0, 0.09523546217639671, 0.0, 0.01812760691895582)",1
11809,32,1,13,"(0.0, 0.0, 0.11679612853536596, 0.06920069129515957, 0.09172770611919409, 0.06500150373435591, 0.0, 0.0, 0.14899621190854193, 0.0)",1
11810,32,1,13,"(0.0, 0.0, 0.11679612853536596, 0.06920069129515957, 0.09172770611919409, 0.07489992963210028, 0.0, 0.0, 0.14899621190854193, 0.0)",177
11811,32,2,8,"(0.09369258606422372, 0.0, 0.0428789380441612, 0.09247639241939104, 0.09173902283359818, 0.0, 0.06826344941350267, 0.0, 0.0, 0.0)",5
11812,32,2,8,"(0.09369258606422372, 0.0, 0.08950620996642342, 0.15323398766960064, 0.09173902283359818, 0.0, 0.06826344941350267, 0.0, 0.0, 0.0)",2
11813,32,2,8,"(0.09369258606422372, 0.0, 0.08950620996642342, 0.09247639241939104, 0.09173902283359818, 0.0, 0.04899577060800102, 0.0, 0.0, 0.0)",6
11814,32,2,8,"(0.10418195131576465, 0.0, 0.08950620996642342, 0.09247639241939104, 0.09173902283359818, 0.0, 0.06710438830040054, 0.0, 0.0, 0.0)",2
11815,32,2,8,"(0.09558920007703443, 0.0, 0.08950620996642342, 0.09247639241939104, 0.09173902283359818, 0.0, 0.06826344941350267, 0.0, 0.0, 0.0)",1
11816,32,2,8,"(0.09369258606422372, 0.0, 0.08950620996642342, 0.09247639241939104, 0.09173902283359818, 0.0, 0.06710438830040054, 0.0, 0.0, 0.0)",64
11817,32,2,8,"(0.09369258606422372, 0.0, 0.08950620996642342, 0.09247639241939104, 0.09173902283359818, 0.0, 0.06826344941350267, 0.0, 0.0, 0.0)",187
11818,32,2,11,"(0.09033430006888621, 0.14970886995698662, 0.0, 0.0, 0.0, 0.04688669779969397, 0.0, 0.08279881135943302, 0.0, 0.01812760691895582)",142
11819,32,2,11,"(0.09033430006888621, 0.14970886995698662, 0.0, 0.0, 0.0, 0.043578699822787226, 0.0, 0.11068755286719632, 0.0, 0.01812760691895582)",100
11820,32,2,11,"(0.09033430006888621, 0.14970886995698662, 0.0, 0.0, 0.0, 0.04688669779969397, 0.0, 0.09523546217639671, 0.0, 0.01812760691895582)",234
11821,32,2,11,"(0.08240427116694407, 0.14970886995698662, 0.0, 0.0, 0.0, 0.04688669779969397, 0.0, 0.09523546217639671, 0.0, 0.01812760691895582)",1
11822,32,2,11,"(0.09033430006888621, 0.2984983544720175, 0.0, 0.0, 0.0, 0.04688669779969397, 0.0, 0.09523546217639671, 0.0, 0.01812760691895582)",6
11823,32,2,11,"(0.14449346071537378, 0.14970886995698662, 0.0, 0.0, 0.0, 0.043578699822787226, 0.0, 0.11068755286719632, 0.0, 0.01812760691895582)",3
11824,32,2,11,"(0.09033430006888621, 0.14970886995698662, 0.0, 0.0, 0.0, 0.06249096678509708, 0.0, 0.12060504621523348, 0.0, 0.01812760691895582)",49
11825,32,2,11,"(0.14848179266928407, 0.14970886995698662, 0.0, 0.0, 0.0, 0.043410018501563334, 0.0, 0.13030434588329337, 0.0, 0.01812760691895582)",1
11826,32,2,11,"(0.08659014894794, 0.14970886995698662, 0.0, 0.0, 0.0, 0.04688669779969397, 0.0, 0.08279881135943302, 0.0, 0.01812760691895582)",1
11827,32,2,13,"(0.0, 0.0, 0.11679612853536596, 0.06920069129515957, 0.09172770611919409, 0.07489992963210028, 0.0, 0.0, 0.14899621190854193, 0.0)",180
11828,32,2,13,"(0.0, 0.0, 0.24418329829893276, 0.06920069129515957, 0.09172770611919409, 0.07275390229875074, 0.0, 0.0, 0.14899621190854193, 0.0)",1
11829,32,2,13,"(0.0, 0.0, 0.11679612853536596, 0.04660583000555693, 0.09172770611919409, 0.07489992963210028, 0.0, 0.0, 0.14899621190854193, 0.0)",2
11830,32,2,13,"(0.0, 0.0, 0.11679612853536596, 0.06920069129515957, 0.09172770611919409, 0.07489992963210028, 0.0, 0.0, 0.15966607962013163, 0.0)",1
11831,32,3,8,"(0.09369258606422372, 0.0, 0.09051139206661392, 0.09247639241939104, 0.09173902283359818, 0.0, 0.06826344941350267, 0.0, 0.0, 0.0)",3
11832,32,3,8,"(0.09369258606422372, 0.0, 0.08405653076630912, 0.09247639241939104, 0.09173902283359818, 0.0, 0.06826344941350267, 0.0, 0.0, 0.0)",2
11833,32,3,8,"(0.09369258606422372, 0.0, 0.08950620996642342, 0.09247639241939104, 0.09173902283359818, 0.0, 0.04682421625490826, 0.0, 0.0, 0.0)",1
11834,32,3,8,"(0.09369258606422372, 0.0, 0.08950620996642342, 0.06484808656941148, 0.09173902283359818, 0.0, 0.06826344941350267, 0.0, 0.0, 0.0)",4
11835,32,3,8,"(0.09369258606422372, 0.0, 0.08950620996642342, 0.09247639241939104, 0.09173902283359818, 0.0, 0.06826344941350267, 0.0, 0.0, 0.0)",286
11836,32,3,11,"(0.09033430006888621, 0.14970886995698662, 0.0, 0.0, 0.0, 0.043578699822787226, 0.0, 0.11068755286719632, 0.0, 0.01812760691895582)",107
11837,32,3,11,"(0.09033430006888621, 0.14970886995698662, 0.0, 0.0, 0.0, 0.06329499498349278, 0.0, 0.11068755286719632, 0.0, 0.01812760691895582)",1
11838,32,3,11,"(0.09033430006888621, 0.14970886995698662, 0.0, 0.0, 0.0, 0.04688669779969397, 0.0, 0.08279881135943302, 0.0, 0.01812760691895582)",52
11839,32,3,11,"(0.09033430006888621, 0.14970886995698662, 0.0, 0.0, 0.0, 0.11912917744086192, 0.0, 0.09523546217639671, 0.0, 0.01812760691895582)",1
11840,32,3,11,"(0.09033430006888621, 0.14970886995698662, 0.0, 0.0, 0.0, 0.04688669779969397, 0.0, 0.09523546217639671, 0.0, 0.01812760691895582)",359
11841,32,3,11,"(0.09033430006888621, 0.14970886995698662, 0.0, 0.0, 0.0, 0.043578699822787226, 0.0, 0.11068755286719632, 0.0, 0.028740292852579237)",1
11842,32,3,11,"(0.09033430006888621, 0.14970886995698662, 0.0, 0.0, 0.0, 0.04688669779969397, 0.0, 0.07059533697688876, 0.0, 0.01812760691895582)",1
11843,32,3,11,"(0.09033430006888621, 0.14970886995698662, 0.0, 0.0, 0.0, 0.03015385649988001, 0.0, 0.11068755286719632, 0.0, 0.01812760691895582)",1
11844,32,3,13,"(0.0, 0.0, 0.11679612853536596, 0.06920069129515957, 0.09172770611919409, 0.05863325663298292, 0.0, 0.0, 0.14899621190854193, 0.0)",1
11845,32,3,13,"(0.0, 0.0, 0.11679612853536596, 0.056204906979327895, 0.09172770611919409, 0.07489992963210028, 0.0, 0.0, 0.14899621190854193, 0.0)",3
11846,32,3,13,"(0.0, 0.0, 0.11679612853536596, 0.05256823125227291, 0.09172770611919409, 0.07489992963210028, 0.0, 0.0, 0.14899621190854193, 0.0)",4
11847,32,3,13,"(0.0, 0.0, 0.11679612853536596, 0.06920069129515957, 0.09172770611919409, 0.07489992963210028, 0.0, 0.0, 0.15117486835365027, 0.0)",1
11848,32,3,13,"(0.0, 0.0, 0.11679612853536596, 0.06920069129515957, 0.09172770611919409, 0.07489992963210028, 0.0, 0.0, 0.14899621190854193, 0.0)",187
11849,32,4,8,"(0.09369258606422372, 0.0, 0.08950620996642342, 0.09247639241939104, 0.06849043271045133, 0.0, 0.06826344941350267, 0.0, 0.0, 0.0)",2
11850,32,4,8,"(0.06845931547542083, 0.0, 0.08950620996642342, 0.09247639241939104, 0.09091698588443785, 0.0, 0.06826344941350267, 0.0, 0.0, 0.0)",1
11851,32,4,8,"(0.09369258606422372, 0.0, 0.08950620996642342, 0.09247639241939104, 0.09173902283359818, 0.0, 0.06826344941350267, 0.0, 0.0, 0.0)",328
11852,32,4,11,"(0.09033430006888621, 0.14970886995698662, 0.0, 0.0, 0.0, 0.04688669779969397, 0.0, 0.07983708412894212, 0.0, 0.01812760691895582)",6
11853,32,4,11,"(0.09033430006888621, 0.14970886995698662, 0.0, 0.0, 0.0, 0.04688669779969397, 0.0, 0.09178457627148198, 0.0, 0.009964721157136891)",1
11854,32,4,11,"(0.09033430006888621, 0.14970886995698662, 0.0, 0.0, 0.0, 0.043578699822787226, 0.0, 0.11068755286719632, 0.0, 0.01812760691895582)",184
11855,32,4,11,"(0.09033430006888621, 0.14970886995698662, 0.0, 0.0, 0.0, 0.03531661672972004, 0.0, 0.08279881135943302, 0.0, 0.03189703119029048)",1
11856,32,4,11,"(0.09033430006888621, 0.14970886995698662, 0.0, 0.0, 0.0, 0.043578699822787226, 0.0, 0.1760641534294559, 0.0, 0.01812760691895582)",1
11857,32,4,11,"(0.11434298535189324, 0.14970886995698662, 0.0, 0.0, 0.0, 0.043578699822787226, 0.0, 0.07483422773123212, 0.0, 0.01812760691895582)",1
11858,32,4,11,"(0.09033430006888621, 0.14970886995698662, 0.0, 0.0, 0.0, 0.04354816574711901, 0.0, 0.09523546217639671, 0.0, 0.01812760691895582)",10
11859,32,4,11,"(0.09033430006888621, 0.14970886995698662, 0.0, 0.0, 0.0, 0.04688669779969397, 0.0, 0.08279881135943302, 0.0, 0.01812760691895582)",174
11860,32,4,11,"(0.09033430006888621, 0.14970886995698662, 0.0, 0.0, 0.0, 0.06249096678509708, 0.0, 0.12060504621523348, 0.0, 0.01812760691895582)",2
11861,32,4,11,"(0.09033430006888621, 0.14970886995698662, 0.0, 0.0, 0.0, 0.04688669779969397, 0.0, 0.09523546217639671, 0.0, 0.01812760691895582)",100
11862,32,4,11,"(0.06851320637167192, 0.14970886995698662, 0.0, 0.0, 0.0, 0.04688669779969397, 0.0, 0.08279881135943302, 0.0, 0.01812760691895582)",26
11863,32,4,13,"(0.0, 0.0, 0.11430370947384266, 0.06920069129515957, 0.09172770611919409, 0.04951029457847494, 0.0, 0.0, 0.14899621190854193, 0.0)",1
11864,32,4,13,"(0.0, 0.0, 0.11679612853536596, 0.06920069129515957, 0.09172770611919409, 0.03624075765227785, 0.0, 0.0, 0.14899621190854193, 0.0)",2
11865,32,4,13,"(0.0, 0.0, 0.11679612853536596, 0.06920069129515957, 0.09172770611919409, 0.07489992963210028, 0.0, 0.0, 0.14899621190854193, 0.0)",175
11866,32,5,8,"(0.09369258606422372, 0.0, 0.08950620996642342, 0.09247639241939104, 0.09173902283359818, 0.0, 0.06258906805515814, 0.0, 0.0, 0.0)",1
11867,32,5,8,"(0.13003824397692837, 0.0, 0.08156318399905788, 0.13580972921562082, 0.09173902283359818, 0.0, 0.06826344941350267, 0.0, 0.0, 0.0)",2
11868,32,5,8,"(0.09369258606422372, 0.0, 0.08950620996642342, 0.09247639241939104, 0.09173902283359818, 0.0, 0.06826344941350267, 0.0, 0.0, 0.0)",336
11869,32,5,8,"(0.09369258606422372, 0.0, 0.05344134748036562, 0.09247639241939104, 0.1233405328687139, 0.0, 0.06826344941350267, 0.0, 0.0, 0.0)",2
11870,32,5,11,"(0.09033430006888621, 0.12706018114913445, 0.0, 0.0, 0.0, 0.04688669779969397, 0.0, 0.09523546217639671, 0.0, 0.01812760691895582)",29
11871,32,5,11,"(0.09033430006888621, 0.14970886995698662, 0.0, 0.0, 0.0, 0.04688669779969397, 0.0, 0.09523546217639671, 0.0, 0.01381907547291422)",1
11872,32,5,11,"(0.09823779634644153, 0.14970886995698662, 0.0, 0.0, 0.0, 0.04688669779969397, 0.0, 0.09523546217639671, 0.0, 0.01812760691895582)",1
11873,32,5,11,"(0.13718830453870962, 0.14970886995698662, 0.0, 0.0, 0.0, 0.04688669779969397, 0.0, 0.09523546217639671, 0.0, 0.01812760691895582)",1
11874,32,5,11,"(0.09033430006888621, 0.14970886995698662, 0.0, 0.0, 0.0, 0.10205834623858216, 0.0, 0.09523546217639671, 0.0, 0.01812760691895582)",2
11875,32,5,11,"(0.09033430006888621, 0.14970886995698662, 0.0, 0.0, 0.0, 0.04688669779969397, 0.0, 0.09523546217639671, 0.0, 0.01812760691895582)",321
11876,32,5,11,"(0.09033430006888621, 0.14970886995698662, 0.0, 0.0, 0.0, 0.04688669779969397, 0.0, 0.09523546217639671, 0.0, 0.008149281400356569)",1
11877,32,5,11,"(0.09033430006888621, 0.14970886995698662, 0.0, 0.0, 0.0, 0.05292109967032405, 0.0, 0.09523546217639671, 0.0, 0.01812760691895582)",3
11878,32,5,11,"(0.09033430006888621, 0.14970886995698662, 0.0, 0.0, 0.0, 0.04688669779969397, 0.0, 0.06117313600883952, 0.0, 0.01812760691895582)",1
11879,32,5,11,"(0.09033430006888621, 0.14970886995698662, 0.0, 0.0, 0.0, 0.04688669779969397, 0.0, 0.09523546217639671, 0.0, 0.017609546101340075)",1
11880,32,5,11,"(0.09033430006888621, 0.14970886995698662, 0.0, 0.0, 0.0, 0.04688669779969397, 0.0, 0.09523546217639671, 0.0, 0.02267905683474803)",1
11881,32,5,11,"(0.09033430006888621, 0.14970886995698662, 0.0, 0.0, 0.0, 0.04688669779969397, 0.0, 0.08279881135943302, 0.0, 0.01812760691895582)",56
11882,32,5,11,"(0.09033430006888621, 0.14970886995698662, 0.0, 0.0, 0.0, 0.043578699822787226, 0.0, 0.11068755286719632, 0.0, 0.01812760691895582)",24
11883,32,5,11,"(0.09033430006888621, 0.14970886995698662, 0.0, 0.0, 0.0, 0.04688669779969397, 0.0, 0.18473802235370593, 0.0, 0.01812760691895582)",3
11884,32,5,11,"(0.09033430006888621, 0.11177795976101369, 0.0, 0.0, 0.0, 0.04688669779969397, 0.0, 0.09523546217639671, 0.0, 0.01812760691895582)",2
11885,32,5,11,"(0.09033430006888621, 0.18938771301508334, 0.0, 0.0, 0.0, 0.04688669779969397, 0.0, 0.09523546217639671, 0.0, 0.01812760691895582)",2
11886,32,5,13,"(0.0, 0.0, 0.11679612853536596, 0.06920069129515957, 0.09172770611919409, 0.07489992963210028, 0.0, 0.0, 0.14899621190854193, 0.0)",200
11887,32,5,13,"(0.0, 0.0, 0.11679612853536596, 0.06920069129515957, 0.09172770611919409, 0.07489992963210028, 0.0, 0.0, 0.16450066292204205, 0.0)",2
11888,32,6,8,"(0.09369258606422372, 0.0, 0.08950620996642342, 0.09247639241939104, 0.14166115174356314, 0.0, 0.03482848693941355, 0.0, 0.0, 0.0)",1
11889,32,6,8,"(0.1409470268321671, 0.0, 0.08950620996642342, 0.09247639241939104, 0.07465200933978253, 0.0, 0.06826344941350267, 0.0, 0.0, 0.0)",1
11890,32,6,8,"(0.24791192319142707, 0.0, 0.08950620996642342, 0.09247639241939104, 0.07465200933978253, 0.0, 0.10868359488669826, 0.0, 0.0, 0.0)",1
11891,32,6,8,"(0.09369258606422372, 0.0, 0.08950620996642342, 0.09247639241939104, 0.07465200933978253, 0.0, 0.06826344941350267, 0.0, 0.0, 0.0)",337
11892,32,6,8,"(0.09369258606422372, 0.0, 0.08845050570138398, 0.09247639241939104, 0.0641428917942333, 0.0, 0.06826344941350267, 0.0, 0.0, 0.0)",14
11893,32,6,8,"(0.09369258606422372, 0.0, 0.08950620996642342, 0.10873764281771718, 0.07465200933978253, 0.0, 0.06826344941350267, 0.0, 0.0, 0.0)",1
11894,32,6,8,"(0.09369258606422372, 0.0, 0.08950620996642342, 0.1360556096156881, 0.07465200933978253, 0.0, 0.06826344941350267, 0.0, 0.0, 0.0)",11
11895,32,6,8,"(0.10741415485014473, 0.0, 0.04336213347516632, 0.09247639241939104, 0.07465200933978253, 0.0, 0.036364214369365606, 0.0, 0.0, 0.0)",3
11896,32,6,8,"(0.09369258606422372, 0.0, 0.1151393269503945, 0.1335890825334455, 0.07465200933978253, 0.0, 0.06826344941350267, 0.0, 0.0, 0.0)",1
11897,32,6,8,"(0.09369258606422372, 0.0, 0.08950620996642342, 0.032664239686778146, 0.07465200933978253, 0.0, 0.06826344941350267, 0.0, 0.0, 0.0)",1
11898,32,6,8,"(0.10180815342780716, 0.0, 0.08950620996642342, 0.09247639241939104, 0.07465200933978253, 0.0, 0.06826344941350267, 0.0, 0.0, 0.0)",2
11899,32,6,11,"(0.09033430006888621, 0.14970886995698662, 0.0, 0.0, 0.0, 0.04704074119295555, 0.0, 0.08279881135943302, 0.0, 0.01812760691895582)",1
11900,32,6,11,"(0.11642427162819424, 0.23176599030816938, 0.0, 0.0, 0.0, 0.08806823352043991, 0.0, 0.15254819217245694, 0.0, 0.01812760691895582)",1
11901,32,6,11,"(0.09033430006888621, 0.14970886995698662, 0.0, 0.0, 0.0, 0.016972654305179993, 0.0, 0.08279881135943302, 0.0, 0.01812760691895582)",1
11902,32,6,11,"(0.09033430006888621, 0.14970886995698662, 0.0, 0.0, 0.0, 0.051548873715099995, 0.0, 0.08279881135943302, 0.0, 0.01812760691895582)",155
11903,32,6,11,"(0.0913090350812683, 0.14970886995698662, 0.0, 0.0, 0.0, 0.051548873715099995, 0.0, 0.08279881135943302, 0.0, 0.01812760691895582)",15
11904,32,6,11,"(0.11642427162819424, 0.14970886995698662, 0.0, 0.0, 0.0, 0.051548873715099995, 0.0, 0.08279881135943302, 0.0, 0.01812760691895582)",201
11905,32,6,11,"(0.16256673276088993, 0.14970886995698662, 0.0, 0.0, 0.0, 0.051548873715099995, 0.0, 0.08279881135943302, 0.0, 0.01812760691895582)",1
11906,32,6,13,"(0.0, 0.0, 0.11679612853536596, 0.06920069129515957, 0.09172770611919409, 0.07489992963210028, 0.0, 0.0, 0.14899621190854193, 0.0)",171
11907,32,6,13,"(0.0, 0.0, 0.11679612853536596, 0.06920069129515957, 0.09172770611919409, 0.06308591514794577, 0.0, 0.0, 0.14899621190854193, 0.0)",1
11908,32,6,13,"(0.0, 0.0, 0.11679612853536596, 0.06920069129515957, 0.09172770611919409, 0.07489992963210028, 0.0, 0.0, 0.1234494679376745, 0.0)",2
11909,32,6,13,"(0.0, 0.0, 0.1274108102393201, 0.06920069129515957, 0.09172770611919409, 0.07489992963210028, 0.0, 0.0, 0.14899621190854193, 0.0)",4
11910,32,7,8,"(0.09369258606422372, 0.0, 0.08845050570138398, 0.09247639241939104, 0.0641428917942333, 0.0, 0.06826344941350267, 0.0, 0.0, 0.0)",8
11911,32,7,8,"(0.09369258606422372, 0.0, 0.08950620996642342, 0.09247639241939104, 0.07465200933978253, 0.0, 0.06826344941350267, 0.0, 0.0, 0.0)",332
11912,32,7,11,"(0.09033430006888621, 0.14970886995698662, 0.0, 0.0, 0.0, 0.051548873715099995, 0.0, 0.09616368233329699, 0.0, 0.01812760691895582)",1
11913,32,7,11,"(0.11642427162819424, 0.14970886995698662, 0.0, 0.0, 0.0, 0.051548873715099995, 0.0, 0.08279881135943302, 0.0, 0.01812760691895582)",127
11914,32,7,11,"(0.09033430006888621, 0.14970886995698662, 0.0, 0.0, 0.0, 0.06211950216222849, 0.0, 0.08487347837815082, 0.0, 0.01812760691895582)",1
11915,32,7,11,"(0.09033430006888621, 0.14970886995698662, 0.0, 0.0, 0.0, 0.0950086498599058, 0.0, 0.08279881135943302, 0.0, 0.01812760691895582)",1
11916,32,7,11,"(0.09033430006888621, 0.14970886995698662, 0.0, 0.0, 0.0, 0.04619439207364698, 0.0, 0.08279881135943302, 0.0, 0.01812760691895582)",3
11917,32,7,11,"(0.09033430006888621, 0.14970886995698662, 0.0, 0.0, 0.0, 0.051548873715099995, 0.0, 0.045533106265771464, 0.0, 0.01812760691895582)",9
11918,32,7,11,"(0.09033430006888621, 0.14970886995698662, 0.0, 0.0, 0.0, 0.051548873715099995, 0.0, 0.08279881135943302, 0.0, 0.01812760691895582)",251
11919,32,7,11,"(0.09033430006888621, 0.14970886995698662, 0.0, 0.0, 0.0, 0.051548873715099995, 0.0, 0.07700979392203715, 0.0, 0.01812760691895582)",1
11920,32,7,13,"(0.0, 0.0, 0.11679612853536596, 0.06920069129515957, 0.09172770611919409, 0.07489992963210028, 0.0, 0.0, 0.14899621190854193, 0.0)",183
11921,32,8,8,"(0.09369258606422372, 0.0, 0.08950620996642342, 0.09247639241939104, 0.06091951198042847, 0.0, 0.06826344941350267, 0.0, 0.0, 0.0)",1
11922,32,8,8,"(0.10193237802059459, 0.0, 0.08950620996642342, 0.09247639241939104, 0.07465200933978253, 0.0, 0.06826344941350267, 0.0, 0.0, 0.0)",1
11923,32,8,8,"(0.09369258606422372, 0.0, 0.08950620996642342, 0.09247639241939104, 0.03840948545479434, 0.0, 0.06826344941350267, 0.0, 0.0, 0.0)",5
11924,32,8,8,"(0.09369258606422372, 0.0, 0.08950620996642342, 0.09247639241939104, 0.07465200933978253, 0.0, 0.06826344941350267, 0.0, 0.0, 0.0)",329
11925,32,8,8,"(0.09369258606422372, 0.0, 0.08950620996642342, 0.045511327726270534, 0.07465200933978253, 0.0, 0.06826344941350267, 0.0, 0.0, 0.0)",1
11926,32,8,11,"(0.11642427162819424, 0.14970886995698662, 0.0, 0.0, 0.0, 0.09673919166985497, 0.0, 0.08279881135943302, 0.0, 0.01812760691895582)",1
11927,32,8,11,"(0.11642427162819424, 0.14970886995698662, 0.0, 0.0, 0.0, 0.051548873715099995, 0.0, 0.08279881135943302, 0.0, 0.01812760691895582)",173
11928,32,8,11,"(0.1266775541944366, 0.12065570414801448, 0.0, 0.0, 0.0, 0.051548873715099995, 0.0, 0.09590623624904435, 0.0, 0.01812760691895582)",1
11929,32,8,11,"(0.09033430006888621, 0.14970886995698662, 0.0, 0.0, 0.0, 0.051548873715099995, 0.0, 0.08279881135943302, 0.0, 0.01812760691895582)",324
11930,32,8,11,"(0.11642427162819424, 0.14970886995698662, 0.0, 0.0, 0.0, 0.053786590841893134, 0.0, 0.08279881135943302, 0.0, 0.01812760691895582)",6
11931,32,8,11,"(0.05774041025738161, 0.14970886995698662, 0.0, 0.0, 0.0, 0.051548873715099995, 0.0, 0.08279881135943302, 0.0, 0.01812760691895582)",1
11932,32,8,11,"(0.09033430006888621, 0.19084104666316934, 0.0, 0.0, 0.0, 0.051548873715099995, 0.0, 0.08279881135943302, 0.0, 0.01812760691895582)",1
11933,32,8,13,"(0.0, 0.0, 0.09051950061837827, 0.07900678182894155, 0.09172770611919409, 0.07489992963210028, 0.0, 0.0, 0.14899621190854193, 0.0)",46
11934,32,8,13,"(0.0, 0.0, 0.11679612853536596, 0.06920069129515957, 0.06311100707466451, 0.07489992963210028, 0.0, 0.0, 0.14899621190854193, 0.0)",2
11935,32,8,13,"(0.0, 0.0, 0.11679612853536596, 0.06920069129515957, 0.09172770611919409, 0.07489992963210028, 0.0, 0.0, 0.14899621190854193, 0.0)",116
11936,32,8,13,"(0.0, 0.0, 0.11679612853536596, 0.06920069129515957, 0.09172770611919409, 0.07489992963210028, 0.0, 0.0, 0.13363996214798718, 0.0)",3
11937,32,8,13,"(0.0, 0.0, 0.11679612853536596, 0.06920069129515957, 0.06407585177610163, 0.07489992963210028, 0.0, 0.0, 0.14899621190854193, 0.0)",11
11938,32,9,8,"(0.11072239406232935, 0.0, 0.08950620996642342, 0.09247639241939104, 0.09173902283359818, 0.0, 0.06826344941350267, 0.0, 0.0, 0.0)",3
11939,32,9,8,"(0.09369258606422372, 0.0, 0.08950620996642342, 0.09247639241939104, 0.09173902283359818, 0.0, 0.06826344941350267, 0.0, 0.0, 0.0)",286
11940,32,9,8,"(0.09369258606422372, 0.0, 0.08950620996642342, 0.09247639241939104, 0.18180120953249915, 0.0, 0.06826344941350267, 0.0, 0.0, 0.0)",1
11941,32,9,11,"(0.09033430006888621, 0.14970886995698662, 0.0, 0.0, 0.0, 0.04537957441876234, 0.0, 0.09523546217639671, 0.0, 0.01812760691895582)",1
11942,32,9,11,"(0.09033430006888621, 0.14970886995698662, 0.0, 0.0, 0.0, 0.09066557348370564, 0.0, 0.11068755286719632, 0.0, 0.018687106020271717)",1
11943,32,9,11,"(0.09033430006888621, 0.14970886995698662, 0.0, 0.0, 0.0, 0.06249096678509708, 0.0, 0.12060504621523348, 0.0, 0.01812760691895582)",11
11944,32,9,11,"(0.09033430006888621, 0.23772051151603943, 0.0, 0.0, 0.0, 0.04688669779969397, 0.0, 0.14145410852194226, 0.0, 0.01812760691895582)",1
11945,32,9,11,"(0.09033430006888621, 0.14970886995698662, 0.0, 0.0, 0.0, 0.04688669779969397, 0.0, 0.061352384444834596, 0.0, 0.01812760691895582)",1
11946,32,9,11,"(0.09033430006888621, 0.14970886995698662, 0.0, 0.0, 0.0, 0.04688669779969397, 0.0, 0.16160583425251782, 0.0, 0.01812760691895582)",1
11947,32,9,11,"(0.09033430006888621, 0.16847967047759238, 0.0, 0.0, 0.0, 0.04688669779969397, 0.0, 0.09523546217639671, 0.0, 0.01812760691895582)",2
11948,32,9,11,"(0.09033430006888621, 0.14970886995698662, 0.0, 0.0, 0.0, 0.04688669779969397, 0.0, 0.13068579000983357, 0.0, 0.01812760691895582)",2
11949,32,9,11,"(0.09033430006888621, 0.14970886995698662, 0.0, 0.0, 0.0, 0.043578699822787226, 0.0, 0.11068755286719632, 0.0, 0.01812760691895582)",32
11950,32,9,11,"(0.09033430006888621, 0.14970886995698662, 0.0, 0.0, 0.0, 0.04688669779969397, 0.0, 0.09523546217639671, 0.0, 0.01812760691895582)",398
11951,32,9,13,"(0.0, 0.0, 0.11679612853536596, 0.06920069129515957, 0.09172770611919409, 0.07489992963210028, 0.0, 0.0, 0.21076240684031874, 0.0)",1
11952,32,9,13,"(0.0, 0.0, 0.11679612853536596, 0.06920069129515957, 0.09172770611919409, 0.07489992963210028, 0.0, 0.0, 0.14899621190854193, 0.0)",166
11953,32,10,8,"(0.09369258606422372, 0.0, 0.08950620996642342, 0.09247639241939104, 0.09173902283359818, 0.0, 0.06826344941350267, 0.0, 0.0, 0.0)",351
11954,32,10,8,"(0.09369258606422372, 0.0, 0.0828072334946819, 0.043458735964385944, 0.09173902283359818, 0.0, 0.0501762288733265, 0.0, 0.0, 0.0)",2
11955,32,10,8,"(0.09369258606422372, 0.0, 0.08950620996642342, 0.07013874548304665, 0.09173902283359818, 0.0, 0.06826344941350267, 0.0, 0.0, 0.0)",1
11956,32,10,11,"(0.09033430006888621, 0.14970886995698662, 0.0, 0.0, 0.0, 0.043578699822787226, 0.0, 0.11068755286719632, 0.0, 0.030321583924278285)",1
11957,32,10,11,"(0.09033430006888621, 0.14970886995698662, 0.0, 0.0, 0.0, 0.04688669779969397, 0.0, 0.09523546217639671, 0.0, 0.0193345735759132)",9
11958,32,10,11,"(0.09033430006888621, 0.14970886995698662, 0.0, 0.0, 0.0, 0.043578699822787226, 0.0, 0.11068755286719632, 0.0, 0.01812760691895582)",33
11959,32,10,11,"(0.09033430006888621, 0.08283890324759066, 0.0, 0.0, 0.0, 0.04688669779969397, 0.0, 0.09523546217639671, 0.0, 0.01812760691895582)",3
11960,32,10,11,"(0.09033430006888621, 0.14970886995698662, 0.0, 0.0, 0.0, 0.04688669779969397, 0.0, 0.09523546217639671, 0.0, 0.01812760691895582)",364
11961,32,10,11,"(0.09033430006888621, 0.14970886995698662, 0.0, 0.0, 0.0, 0.04688669779969397, 0.0, 0.08279881135943302, 0.0, 0.01812760691895582)",46
11962,32,10,11,"(0.09033430006888621, 0.14970886995698662, 0.0, 0.0, 0.0, 0.03882838099816093, 0.0, 0.0728988861135346, 0.0, 0.01812760691895582)",2
11963,32,10,11,"(0.09033430006888621, 0.14970886995698662, 0.0, 0.0, 0.0, 0.04688669779969397, 0.0, 0.10089775749285101, 0.0, 0.01812760691895582)",1
11964,32,10,13,"(0.0, 0.0, 0.07665915264058382, 0.06920069129515957, 0.08103000324349292, 0.07489992963210028, 0.0, 0.0, 0.14899621190854193, 0.0)",3
11965,32,10,13,"(0.0, 0.0, 0.18263902234722026, 0.06920069129515957, 0.09172770611919409, 0.07489992963210028, 0.0, 0.0, 0.14899621190854193, 0.0)",1
11966,32,10,13,"(0.0, 0.0, 0.08372857393723139, 0.04895141501858526, 0.09172770611919409, 0.07489992963210028, 0.0, 0.0, 0.14899621190854193, 0.0)",1
11967,32,10,13,"(0.0, 0.0, 0.13905739683075832, 0.06920069129515957, 0.05645977964102336, 0.07489992963210028, 0.0, 0.0, 0.14899621190854193, 0.0)",3
11968,32,10,13,"(0.0, 0.0, 0.11679612853536596, 0.06920069129515957, 0.09172770611919409, 0.07489992963210028, 0.0, 0.0, 0.13374090164802355, 0.0)",1
11969,32,10,13,"(0.0, 0.0, 0.11679612853536596, 0.06920069129515957, 0.09172770611919409, 0.07489992963210028, 0.0, 0.0, 0.14899621190854193, 0.0)",167
11970,32,11,8,"(0.09369258606422372, 0.0, 0.08950620996642342, 0.09247639241939104, 0.09173902283359818, 0.0, 0.06826344941350267, 0.0, 0.0, 0.0)",266
11971,32,11,8,"(0.09369258606422372, 0.0, 0.1734908806602161, 0.09247639241939104, 0.09173902283359818, 0.0, 0.06826344941350267, 0.0, 0.0, 0.0)",1
11972,32,11,8,"(0.09369258606422372, 0.0, 0.06835126455206493, 0.09247639241939104, 0.09173902283359818, 0.0, 0.06826344941350267, 0.0, 0.0, 0.0)",3
11973,32,11,8,"(0.09369258606422372, 0.0, 0.08950620996642342, 0.23733802802211756, 0.09173902283359818, 0.0, 0.06826344941350267, 0.0, 0.0, 0.0)",4
11974,32,11,8,"(0.09369258606422372, 0.0, 0.08950620996642342, 0.09247639241939104, 0.09173902283359818, 0.0, 0.06984331228114066, 0.0, 0.0, 0.0)",1
11975,32,11,11,"(0.09033430006888621, 0.14970886995698662, 0.0, 0.0, 0.0, 0.043578699822787226, 0.0, 0.11068755286719632, 0.0, 0.01812760691895582)",61
11976,32,11,11,"(0.10055122403139348, 0.08908810918155294, 0.0, 0.0, 0.0, 0.04688669779969397, 0.0, 0.062169515555395446, 0.0, 0.012437440025121819)",1
11977,32,11,11,"(0.1097972467861582, 0.14970886995698662, 0.0, 0.0, 0.0, 0.043578699822787226, 0.0, 0.11068755286719632, 0.0, 0.01812760691895582)",1
11978,32,11,11,"(0.09033430006888621, 0.14970886995698662, 0.0, 0.0, 0.0, 0.04688669779969397, 0.0, 0.09523546217639671, 0.0, 0.017278270806475333)",1
11979,32,11,11,"(0.09033430006888621, 0.14970886995698662, 0.0, 0.0, 0.0, 0.04688669779969397, 0.0, 0.09523546217639671, 0.0, 0.01812760691895582)",465
11980,32,11,11,"(0.09033430006888621, 0.14970886995698662, 0.0, 0.0, 0.0, 0.06890658687233107, 0.0, 0.09523546217639671, 0.0, 0.01812760691895582)",3
11981,32,11,11,"(0.09033430006888621, 0.17351637400586967, 0.0, 0.0, 0.0, 0.04688669779969397, 0.0, 0.09523546217639671, 0.0, 0.01812760691895582)",1
11982,32,11,11,"(0.09033430006888621, 0.11134020937989919, 0.0, 0.0, 0.0, 0.04688669779969397, 0.0, 0.09523546217639671, 0.0, 0.014827425908661774)",1
11983,32,11,11,"(0.09033430006888621, 0.07923215507982538, 0.0, 0.0, 0.0, 0.04688669779969397, 0.0, 0.09523546217639671, 0.0, 0.01812760691895582)",38
11984,32,11,11,"(0.09033430006888621, 0.14970886995698662, 0.0, 0.0, 0.0, 0.043578699822787226, 0.0, 0.11068755286719632, 0.0, 0.006610345828558236)",1
11985,32,11,13,"(0.0, 0.0, 0.11679612853536596, 0.06920069129515957, 0.09172770611919409, 0.07489992963210028, 0.0, 0.0, 0.3243022683765261, 0.0)",2
11986,32,11,13,"(0.0, 0.0, 0.07519574614686309, 0.06920069129515957, 0.1547732000408123, 0.0852952365642529, 0.0, 0.0, 0.14899621190854193, 0.0)",2
11987,32,11,13,"(0.0, 0.0, 0.0996225935606427, 0.06920069129515957, 0.09172770611919409, 0.07489992963210028, 0.0, 0.0, 0.14899621190854193, 0.0)",1
11988,32,11,13,"(0.0, 0.0, 0.11679612853536596, 0.06920069129515957, 0.09172770611919409, 0.07489992963210028, 0.0, 0.0, 0.14899621190854193, 0.0)",169
11989,32,12,8,"(0.09369258606422372, 0.0, 0.08950620996642342, 0.09247639241939104, 0.09173902283359818, 0.0, 0.06826344941350267, 0.0, 0.0, 0.0)",304
11990,32,12,8,"(0.12357195866527902, 0.0, 0.08950620996642342, 0.09247639241939104, 0.1627087544250322, 0.0, 0.06826344941350267, 0.0, 0.0, 0.0)",1
11991,32,12,8,"(0.09369258606422372, 0.0, 0.05153631700346402, 0.09247639241939104, 0.09173902283359818, 0.0, 0.06826344941350267, 0.0, 0.0, 0.0)",51
11992,32,12,8,"(0.09369258606422372, 0.0, 0.16313990475367324, 0.17903422903352856, 0.09173902283359818, 0.0, 0.042130595119712795, 0.0, 0.0, 0.0)",3
11993,32,12,8,"(0.09369258606422372, 0.0, 0.05153631700346402, 0.09899769649024556, 0.05032718247647406, 0.0, 0.06826344941350267, 0.0, 0.0, 0.0)",1
11994,32,12,11,"(0.12022114257508405, 0.14970886995698662, 0.0, 0.0, 0.0, 0.04688669779969397, 0.0, 0.08279881135943302, 0.0, 0.01812760691895582)",7
11995,32,12,11,"(0.09033430006888621, 0.14970886995698662, 0.0, 0.0, 0.0, 0.04688669779969397, 0.0, 0.15670601303220746, 0.0, 0.01812760691895582)",1
11996,32,12,11,"(0.09033430006888621, 0.14970886995698662, 0.0, 0.0, 0.0, 0.04688669779969397, 0.0, 0.20371820745344427, 0.0, 0.01812760691895582)",3
11997,32,12,11,"(0.09033430006888621, 0.14970886995698662, 0.0, 0.0, 0.0, 0.04688669779969397, 0.0, 0.06659498041991195, 0.0, 0.01812760691895582)",1
11998,32,12,11,"(0.09033430006888621, 0.1546140889630221, 0.0, 0.0, 0.0, 0.04688669779969397, 0.0, 0.08279881135943302, 0.0, 0.01461863865576305)",1
11999,32,12,11,"(0.09033430006888621, 0.14970886995698662, 0.0, 0.0, 0.0, 0.04688669779969397, 0.0, 0.08279881135943302, 0.0, 0.02588259468679623)",1
12000,32,12,11,"(0.09033430006888621, 0.14970886995698662, 0.0, 0.0, 0.0, 0.11523610728788064, 0.0, 0.08279881135943302, 0.0, 0.01812760691895582)",2
12001,32,12,11,"(0.038913106827078076, 0.3355096851478224, 0.0, 0.0, 0.0, 0.04688669779969397, 0.0, 0.08279881135943302, 0.0, 0.01812760691895582)",1
12002,32,12,11,"(0.09033430006888621, 0.14970886995698662, 0.0, 0.0, 0.0, 0.06715205563088804, 0.0, 0.08279881135943302, 0.0, 0.025406443340594168)",4
12003,32,12,11,"(0.0825620599601758, 0.14970886995698662, 0.0, 0.0, 0.0, 0.04688669779969397, 0.0, 0.08279881135943302, 0.0, 0.01812760691895582)",1
12004,32,12,11,"(0.09033430006888621, 0.23840045161952905, 0.0, 0.0, 0.0, 0.04688669779969397, 0.0, 0.08279881135943302, 0.0, 0.01812760691895582)",1
12005,32,12,11,"(0.07820686751800479, 0.14970886995698662, 0.0, 0.0, 0.0, 0.04688669779969397, 0.0, 0.08279881135943302, 0.0, 0.01812760691895582)",39
12006,32,12,11,"(0.09033430006888621, 0.14970886995698662, 0.0, 0.0, 0.0, 0.043578699822787226, 0.0, 0.08279881135943302, 0.0, 0.01812760691895582)",12
12007,32,12,11,"(0.09033430006888621, 0.14970886995698662, 0.0, 0.0, 0.0, 0.04688669779969397, 0.0, 0.08279881135943302, 0.0, 0.01812760691895582)",323
12008,32,12,11,"(0.09033430006888621, 0.14970886995698662, 0.0, 0.0, 0.0, 0.04688669779969397, 0.0, 0.08279881135943302, 0.0, 0.022319745862107998)",23
12009,32,12,13,"(0.0, 0.0, 0.11679612853536596, 0.0910589877548199, 0.09172770611919409, 0.07489992963210028, 0.0, 0.0, 0.14899621190854193, 0.0)",84
12010,32,12,13,"(0.0, 0.0, 0.2524290142988217, 0.0910589877548199, 0.09172770611919409, 0.07489992963210028, 0.0, 0.0, 0.14899621190854193, 0.0)",3
12011,32,12,13,"(0.0, 0.0, 0.11679612853536596, 0.06920069129515957, 0.09172770611919409, 0.07489992963210028, 0.0, 0.0, 0.14899621190854193, 0.0)",59
12012,32,12,13,"(0.0, 0.0, 0.11679612853536596, 0.0910589877548199, 0.09172770611919409, 0.10382915313777939, 0.0, 0.0, 0.14899621190854193, 0.0)",12
12013,32,13,8,"(0.07736647238497568, 0.0, 0.1472112796848264, 0.09247639241939104, 0.09173902283359818, 0.0, 0.06826344941350267, 0.0, 0.0, 0.0)",2
12014,32,13,8,"(0.1312191907829396, 0.0, 0.08950620996642342, 0.09247639241939104, 0.09173902283359818, 0.0, 0.032148027080026724, 0.0, 0.0, 0.0)",1
12015,32,13,8,"(0.09369258606422372, 0.0, 0.05153631700346402, 0.09247639241939104, 0.08572211337164733, 0.0, 0.06826344941350267, 0.0, 0.0, 0.0)",1
12016,32,13,8,"(0.09369258606422372, 0.0, 0.08950620996642342, 0.09247639241939104, 0.09173902283359818, 0.0, 0.06826344941350267, 0.0, 0.0, 0.0)",300
12017,32,13,8,"(0.09369258606422372, 0.0, 0.05153631700346402, 0.09247639241939104, 0.09173902283359818, 0.0, 0.06826344941350267, 0.0, 0.0, 0.0)",45
12018,32,13,11,"(0.09033430006888621, 0.14970886995698662, 0.0, 0.0, 0.0, 0.04688669779969397, 0.0, 0.05165074387087403, 0.0, 0.01812760691895582)",1
12019,32,13,11,"(0.06215816225873437, 0.14970886995698662, 0.0, 0.0, 0.0, 0.04688669779969397, 0.0, 0.08279881135943302, 0.0, 0.01812760691895582)",1
12020,32,13,11,"(0.09033430006888621, 0.14970886995698662, 0.0, 0.0, 0.0, 0.04688669779969397, 0.0, 0.08279881135943302, 0.0, 0.008398794701218976)",1
12021,32,13,11,"(0.07820686751800479, 0.15164090009480452, 0.0, 0.0, 0.0, 0.04688669779969397, 0.0, 0.08279881135943302, 0.0, 0.01812760691895582)",1
12022,32,13,11,"(0.09033430006888621, 0.14970886995698662, 0.0, 0.0, 0.0, 0.043578699822787226, 0.0, 0.08279881135943302, 0.0, 0.01812760691895582)",6
12023,32,13,11,"(0.09033430006888621, 0.14970886995698662, 0.0, 0.0, 0.0, 0.04688669779969397, 0.0, 0.08279881135943302, 0.0, 0.01812760691895582)",371
12024,32,13,11,"(0.11603264860792585, 0.14970886995698662, 0.0, 0.0, 0.0, 0.04688669779969397, 0.0, 0.08279881135943302, 0.0, 0.01812760691895582)",1
12025,32,13,11,"(0.07820686751800479, 0.14970886995698662, 0.0, 0.0, 0.0, 0.04688669779969397, 0.0, 0.08279881135943302, 0.0, 0.01812760691895582)",11
12026,32,13,11,"(0.09033430006888621, 0.10749552567788477, 0.0, 0.0, 0.0, 0.04688669779969397, 0.0, 0.08279881135943302, 0.0, 0.011559950294426148)",7
12027,32,13,13,"(0.0, 0.0, 0.11679612853536596, 0.0910589877548199, 0.09172770611919409, 0.07489992963210028, 0.0, 0.0, 0.14899621190854193, 0.0)",60
12028,32,13,13,"(0.0, 0.0, 0.11679612853536596, 0.06920069129515957, 0.09172770611919409, 0.07489992963210028, 0.0, 0.0, 0.1893217317785877, 0.0)",2
12029,32,13,13,"(0.0, 0.0, 0.11679612853536596, 0.06920069129515957, 0.09172770611919409, 0.07489992963210028, 0.0, 0.0, 0.14899621190854193, 0.0)",106
12030,32,14,8,"(0.09369258606422372, 0.0, 0.08950620996642342, 0.09247639241939104, 0.07857187766903946, 0.0, 0.014822391334125452, 0.0, 0.0, 0.0)",12
12031,32,14,8,"(0.09594704132453755, 0.0, 0.08950620996642342, 0.10416517392861666, 0.09704190089604886, 0.0, 0.06826344941350267, 0.0, 0.0, 0.0)",3
12032,32,14,8,"(0.09369258606422372, 0.0, 0.08950620996642342, 0.09247639241939104, 0.09173902283359818, 0.0, 0.06826344941350267, 0.0, 0.0, 0.0)",242
12033,32,14,8,"(0.09369258606422372, 0.0, 0.08950620996642342, 0.09247639241939104, 0.09173902283359818, 0.0, 0.1384960746020283, 0.0, 0.0, 0.0)",5
12034,32,14,8,"(0.09369258606422372, 0.0, 0.05153631700346402, 0.09247639241939104, 0.09173902283359818, 0.0, 0.06826344941350267, 0.0, 0.0, 0.0)",52
12035,32,14,8,"(0.09369258606422372, 0.0, 0.08950620996642342, 0.07130644735062575, 0.09173902283359818, 0.0, 0.1371315417584895, 0.0, 0.0, 0.0)",2
12036,32,14,11,"(0.09033430006888621, 0.14970886995698662, 0.0, 0.0, 0.0, 0.04688669779969397, 0.0, 0.08279881135943302, 0.0, 0.019531882693282987)",3
12037,32,14,11,"(0.09033430006888621, 0.14970886995698662, 0.0, 0.0, 0.0, 0.026842285697919292, 0.0, 0.08279881135943302, 0.0, 0.01812760691895582)",4
12038,32,14,11,"(0.09033430006888621, 0.14970886995698662, 0.0, 0.0, 0.0, 0.06926671483407047, 0.0, 0.08279881135943302, 0.0, 0.01812760691895582)",2
12039,32,14,11,"(0.09033430006888621, 0.14970886995698662, 0.0, 0.0, 0.0, 0.043578699822787226, 0.0, 0.08279881135943302, 0.0, 0.01812760691895582)",8
12040,32,14,11,"(0.09033430006888621, 0.14970886995698662, 0.0, 0.0, 0.0, 0.11523610728788064, 0.0, 0.08279881135943302, 0.0, 0.01812760691895582)",2
12041,32,14,11,"(0.09033430006888621, 0.1557158538212761, 0.0, 0.0, 0.0, 0.04688669779969397, 0.0, 0.08918359423810376, 0.0, 0.01812760691895582)",5
12042,32,14,11,"(0.09033430006888621, 0.2187965039428955, 0.0, 0.0, 0.0, 0.04688669779969397, 0.0, 0.08279881135943302, 0.0, 0.01812760691895582)",1
12043,32,14,11,"(0.09033430006888621, 0.14970886995698662, 0.0, 0.0, 0.0, 0.04688669779969397, 0.0, 0.08279881135943302, 0.0, 0.01812760691895582)",436
12044,32,14,11,"(0.09033430006888621, 0.14970886995698662, 0.0, 0.0, 0.0, 0.04688669779969397, 0.0, 0.03497800761477024, 0.0, 0.01316925588926799)",1
12045,32,14,13,"(0.0, 0.0, 0.11679612853536596, 0.10328609031226478, 0.09172770611919409, 0.060925992439462444, 0.0, 0.0, 0.14899621190854193, 0.0)",4
12046,32,14,13,"(0.0, 0.0, 0.11679612853536596, 0.0910589877548199, 0.09172770611919409, 0.07489992963210028, 0.0, 0.0, 0.10413055429991284, 0.0)",1
12047,32,14,13,"(0.0, 0.0, 0.11679612853536596, 0.0910589877548199, 0.09172770611919409, 0.07489992963210028, 0.0, 0.0, 0.14899621190854193, 0.0)",63
12048,32,14,13,"(0.0, 0.0, 0.11679612853536596, 0.06920069129515957, 0.09172770611919409, 0.07489992963210028, 0.0, 0.0, 0.14899621190854193, 0.0)",117
12049,32,15,8,"(0.09369258606422372, 0.0, 0.08950620996642342, 0.09247639241939104, 0.09173902283359818, 0.0, 0.06826344941350267, 0.0, 0.0, 0.0)",339
12050,32,15,8,"(0.09369258606422372, 0.0, 0.09449311578209436, 0.09247639241939104, 0.09173902283359818, 0.0, 0.06826344941350267, 0.0, 0.0, 0.0)",1
12051,32,15,8,"(0.08255196869372763, 0.0, 0.08950620996642342, 0.09247639241939104, 0.09173902283359818, 0.0, 0.06826344941350267, 0.0, 0.0, 0.0)",1
12052,32,15,11,"(0.09033430006888621, 0.14970886995698662, 0.0, 0.0, 0.0, 0.10740369925253863, 0.0, 0.09523546217639671, 0.0, 0.01812760691895582)",1
12053,32,15,11,"(0.09033430006888621, 0.14970886995698662, 0.0, 0.0, 0.0, 0.04688669779969397, 0.0, 0.09523546217639671, 0.0, 0.019153898665628222)",3
12054,32,15,11,"(0.09033430006888621, 0.16844602376229384, 0.0, 0.0, 0.0, 0.04688669779969397, 0.0, 0.09523546217639671, 0.0, 0.01812760691895582)",1
12055,32,15,11,"(0.09033430006888621, 0.1842730525416502, 0.0, 0.0, 0.0, 0.04688669779969397, 0.0, 0.09523546217639671, 0.0, 0.01812760691895582)",5
12056,32,15,11,"(0.09033430006888621, 0.14970886995698662, 0.0, 0.0, 0.0, 0.04688669779969397, 0.0, 0.09523546217639671, 0.0, 0.01812760691895582)",497
12057,32,15,11,"(0.09033430006888621, 0.1150948394646725, 0.0, 0.0, 0.0, 0.04688669779969397, 0.0, 0.09523546217639671, 0.0, 0.01812760691895582)",1
12058,32,15,11,"(0.09033430006888621, 0.14970886995698662, 0.0, 0.0, 0.0, 0.04688669779969397, 0.0, 0.06402031234087935, 0.0, 0.01812760691895582)",1
12059,32,15,11,"(0.09033430006888621, 0.14970886995698662, 0.0, 0.0, 0.0, 0.07171254021491176, 0.0, 0.09523546217639671, 0.0, 0.01812760691895582)",1
12060,32,15,13,"(0.0, 0.0, 0.11679612853536596, 0.03552882515687985, 0.09172770611919409, 0.07489992963210028, 0.0, 0.0, 0.14899621190854193, 0.0)",2
12061,32,15,13,"(0.0, 0.0, 0.11679612853536596, 0.06920069129515957, 0.09172770611919409, 0.07489992963210028, 0.0, 0.0, 0.0912327741711496, 0.0)",3
12062,32,15,13,"(0.0, 0.0, 0.3051942227449158, 0.06920069129515957, 0.09172770611919409, 0.07489992963210028, 0.0, 0.0, 0.14899621190854193, 0.0)",1
12063,32,15,13,"(0.0, 0.0, 0.11679612853536596, 0.06920069129515957, 0.09172770611919409, 0.07489992963210028, 0.0, 0.0, 0.14899621190854193, 0.0)",149
12064,32,15,13,"(0.0, 0.0, 0.04936979511300916, 0.06920069129515957, 0.09172770611919409, 0.07489992963210028, 0.0, 0.0, 0.14899621190854193, 0.0)",1
12065,32,16,8,"(0.09369258606422372, 0.0, 0.08950620996642342, 0.09247639241939104, 0.09173902283359818, 0.0, 0.06826344941350267, 0.0, 0.0, 0.0)",300
12066,32,16,11,"(0.08493177409192197, 0.16655185764189306, 0.0, 0.0, 0.0, 0.023154898022273013, 0.0, 0.09523546217639671, 0.0, 0.01812760691895582)",3
12067,32,16,11,"(0.09033430006888621, 0.116435367551874, 0.0, 0.0, 0.0, 0.04688669779969397, 0.0, 0.09523546217639671, 0.0, 0.020076235521162097)",1
12068,32,16,11,"(0.09033430006888621, 0.20120099001951092, 0.0, 0.0, 0.0, 0.04688669779969397, 0.0, 0.09523546217639671, 0.0, 0.01812760691895582)",1
12069,32,16,11,"(0.09033430006888621, 0.27233111042509067, 0.0, 0.0, 0.0, 0.04688669779969397, 0.0, 0.09523546217639671, 0.0, 0.01812760691895582)",1
12070,32,16,11,"(0.09033430006888621, 0.14970886995698662, 0.0, 0.0, 0.0, 0.04688669779969397, 0.0, 0.09523546217639671, 0.0, 0.020076235521162097)",3
12071,32,16,11,"(0.09033430006888621, 0.1627738486636152, 0.0, 0.0, 0.0, 0.04688669779969397, 0.0, 0.09523546217639671, 0.0, 0.01632082572162345)",2
12072,32,16,11,"(0.09033430006888621, 0.0818798698157994, 0.0, 0.0, 0.0, 0.04688669779969397, 0.0, 0.09523546217639671, 0.0, 0.01812760691895582)",1
12073,32,16,11,"(0.09033430006888621, 0.14970886995698662, 0.0, 0.0, 0.0, 0.04688669779969397, 0.0, 0.09523546217639671, 0.0, 0.01812760691895582)",564
12074,32,16,13,"(0.0, 0.0, 0.11679612853536596, 0.06920069129515957, 0.09172770611919409, 0.07489992963210028, 0.0, 0.0, 0.14899621190854193, 0.0)",189
12075,32,16,13,"(0.0, 0.0, 0.11679612853536596, 0.03284383480628987, 0.09172770611919409, 0.07489992963210028, 0.0, 0.0, 0.14899621190854193, 0.0)",1
12076,32,16,13,"(0.0, 0.0, 0.11679612853536596, 0.06920069129515957, 0.09172770611919409, 0.07148266451287259, 0.0, 0.0, 0.14899621190854193, 0.0)",4
12077,32,17,8,"(0.09369258606422372, 0.0, 0.08950620996642342, 0.09247639241939104, 0.09173902283359818, 0.0, 0.06826344941350267, 0.0, 0.0, 0.0)",350
12078,32,17,8,"(0.08974685220656071, 0.0, 0.1832154555471172, 0.09247639241939104, 0.09173902283359818, 0.0, 0.06826344941350267, 0.0, 0.0, 0.0)",1
12079,32,17,8,"(0.08829965453524319, 0.0, 0.08950620996642342, 0.09247639241939104, 0.09173902283359818, 0.0, 0.06826344941350267, 0.0, 0.0, 0.0)",58
12080,32,17,8,"(0.09369258606422372, 0.0, 0.08950620996642342, 0.09247639241939104, 0.09173902283359818, 0.0, 0.05324061156756432, 0.0, 0.0, 0.0)",1
12081,32,17,8,"(0.09369258606422372, 0.0, 0.08950620996642342, 0.09247639241939104, 0.08319035250922865, 0.0, 0.06826344941350267, 0.0, 0.0, 0.0)",3
12082,32,17,11,"(0.09033430006888621, 0.06987456933163592, 0.0, 0.0, 0.0, 0.03203889023645213, 0.0, 0.09523546217639671, 0.0, 0.01812760691895582)",1
12083,32,17,11,"(0.09033430006888621, 0.1592347493063212, 0.0, 0.0, 0.0, 0.04688669779969397, 0.0, 0.09523546217639671, 0.0, 0.01812760691895582)",3
12084,32,17,11,"(0.09033430006888621, 0.14970886995698662, 0.0, 0.0, 0.0, 0.047027453343479915, 0.0, 0.09523546217639671, 0.0, 0.011236576414684845)",1
12085,32,17,11,"(0.09033430006888621, 0.4300859941665971, 0.0, 0.0, 0.0, 0.04688669779969397, 0.0, 0.09523546217639671, 0.0, 0.01802450577567096)",1
12086,32,17,11,"(0.09033430006888621, 0.2907676268706443, 0.0, 0.0, 0.0, 0.07021895619832985, 0.0, 0.09523546217639671, 0.0, 0.01812760691895582)",1
12087,32,17,11,"(0.07879420374639257, 0.10461220010156615, 0.0, 0.0, 0.0, 0.04901802070659048, 0.0, 0.15299024380168597, 0.0, 0.01812760691895582)",1
12088,32,17,11,"(0.09033430006888621, 0.21996144017739608, 0.0, 0.0, 0.0, 0.04688669779969397, 0.0, 0.09523546217639671, 0.0, 0.01812760691895582)",1
12089,32,17,11,"(0.09033430006888621, 0.14970886995698662, 0.0, 0.0, 0.0, 0.04688669779969397, 0.0, 0.09523546217639671, 0.0, 0.031051048610206557)",3
12090,32,17,11,"(0.10194498656255306, 0.14970886995698662, 0.0, 0.0, 0.0, 0.04688669779969397, 0.0, 0.09523546217639671, 0.0, 0.01812760691895582)",2
12091,32,17,11,"(0.09033430006888621, 0.14970886995698662, 0.0, 0.0, 0.0, 0.04688669779969397, 0.0, 0.09087866690799931, 0.0, 0.01812760691895582)",1
12092,32,17,11,"(0.09033430006888621, 0.14970886995698662, 0.0, 0.0, 0.0, 0.04799563420104097, 0.0, 0.09523546217639671, 0.0, 0.01812760691895582)",1
12093,32,17,11,"(0.09033430006888621, 0.14970886995698662, 0.0, 0.0, 0.0, 0.04688669779969397, 0.0, 0.09523546217639671, 0.0, 0.01812760691895582)",347
12094,32,17,11,"(0.09033430006888621, 0.14970886995698662, 0.0, 0.0, 0.0, 0.04688669779969397, 0.0, 0.15299024380168597, 0.0, 0.01812760691895582)",2
12095,32,17,13,"(0.0, 0.0, 0.11679612853536596, 0.07778144552043274, 0.09172770611919409, 0.07489992963210028, 0.0, 0.0, 0.14899621190854193, 0.0)",3
12096,32,17,13,"(0.0, 0.0, 0.09916575521566387, 0.06920069129515957, 0.09172770611919409, 0.07489992963210028, 0.0, 0.0, 0.14899621190854193, 0.0)",2
12097,32,17,13,"(0.0, 0.0, 0.11679612853536596, 0.06920069129515957, 0.09172770611919409, 0.07489992963210028, 0.0, 0.0, 0.14899621190854193, 0.0)",187
12098,32,17,13,"(0.0, 0.0, 0.1796607129037407, 0.08511262092408511, 0.09172770611919409, 0.12170697948251502, 0.0, 0.0, 0.14899621190854193, 0.0)",3
12099,32,18,8,"(0.09369258606422372, 0.0, 0.08950620996642342, 0.07628213527117919, 0.0841291741821007, 0.0, 0.06826344941350267, 0.0, 0.0, 0.0)",1
12100,32,18,8,"(0.09369258606422372, 0.0, 0.08950620996642342, 0.09247639241939104, 0.10441684489112005, 0.0, 0.06826344941350267, 0.0, 0.0, 0.0)",13
12101,32,18,8,"(0.09369258606422372, 0.0, 0.08950620996642342, 0.09247639241939104, 0.09173902283359818, 0.0, 0.06826344941350267, 0.0, 0.0, 0.0)",168
12102,32,18,8,"(0.09369258606422372, 0.0, 0.08950620996642342, 0.09247639241939104, 0.08666866402568478, 0.0, 0.06826344941350267, 0.0, 0.0, 0.0)",93
12103,32,18,8,"(0.09369258606422372, 0.0, 0.08950620996642342, 0.12867101394669964, 0.09173902283359818, 0.0, 0.06826344941350267, 0.0, 0.0, 0.0)",1
12104,32,18,8,"(0.09369258606422372, 0.0, 0.08950620996642342, 0.09247639241939104, 0.04671673448680567, 0.0, 0.06826344941350267, 0.0, 0.0, 0.0)",1
12105,32,18,8,"(0.09369258606422372, 0.0, 0.08950620996642342, 0.09247639241939104, 0.09445962419217427, 0.0, 0.06826344941350267, 0.0, 0.0, 0.0)",35
12106,32,18,11,"(0.069501321791361, 0.14970886995698662, 0.0, 0.0, 0.0, 0.04688669779969397, 0.0, 0.08279881135943302, 0.0, 0.01812760691895582)",70
12107,32,18,11,"(0.09033430006888621, 0.14970886995698662, 0.0, 0.0, 0.0, 0.04688669779969397, 0.0, 0.05309988044180276, 0.0, 0.01812760691895582)",1
12108,32,18,11,"(0.09033430006888621, 0.09204099512948002, 0.0, 0.0, 0.0, 0.04688669779969397, 0.0, 0.08279881135943302, 0.0, 0.01812760691895582)",2
12109,32,18,11,"(0.09033430006888621, 0.14970886995698662, 0.0, 0.0, 0.0, 0.043578699822787226, 0.0, 0.08279881135943302, 0.0, 0.01812760691895582)",124
12110,32,18,11,"(0.09033430006888621, 0.14970886995698662, 0.0, 0.0, 0.0, 0.04688669779969397, 0.0, 0.05034742132541306, 0.0, 0.01812760691895582)",1
12111,32,18,11,"(0.09033430006888621, 0.14970886995698662, 0.0, 0.0, 0.0, 0.04688669779969397, 0.0, 0.07685152118425585, 0.0, 0.01812760691895582)",1
12112,32,18,11,"(0.09033430006888621, 0.14970886995698662, 0.0, 0.0, 0.0, 0.04688669779969397, 0.0, 0.08279881135943302, 0.0, 0.01812760691895582)",228
12113,32,18,11,"(0.09033430006888621, 0.14970886995698662, 0.0, 0.0, 0.0, 0.027681623037072976, 0.0, 0.08279881135943302, 0.0, 0.01812760691895582)",2
12114,32,18,11,"(0.09033430006888621, 0.14970886995698662, 0.0, 0.0, 0.0, 0.04688669779969397, 0.0, 0.06531769100301356, 0.0, 0.01812760691895582)",24
12115,32,18,11,"(0.1151345198927751, 0.14970886995698662, 0.0, 0.0, 0.0, 0.04688669779969397, 0.0, 0.08279881135943302, 0.0, 0.01812760691895582)",1
12116,32,18,11,"(0.09033430006888621, 0.14970886995698662, 0.0, 0.0, 0.0, 0.04688669779969397, 0.0, 0.08279881135943302, 0.0, 0.015494450551519903)",1
12117,32,18,13,"(0.0, 0.0, 0.08616537426517064, 0.06920069129515957, 0.09172770611919409, 0.07489992963210028, 0.0, 0.0, 0.14899621190854193, 0.0)",8
12118,32,18,13,"(0.0, 0.0, 0.11679612853536596, 0.06920069129515957, 0.09172770611919409, 0.07489992963210028, 0.0, 0.0, 0.14899621190854193, 0.0)",130
12119,32,18,13,"(0.0, 0.0, 0.08979731530636591, 0.0910589877548199, 0.09172770611919409, 0.07489992963210028, 0.0, 0.0, 0.14899621190854193, 0.0)",17
12120,32,18,13,"(0.0, 0.0, 0.11679612853536596, 0.06920069129515957, 0.09172770611919409, 0.07489992963210028, 0.0, 0.0, 0.18326549051940233, 0.0)",1
12121,32,18,13,"(0.0, 0.0, 0.11679612853536596, 0.0910589877548199, 0.09172770611919409, 0.07489992963210028, 0.0, 0.0, 0.14899621190854193, 0.0)",6
12122,32,19,8,"(0.11843367389096236, 0.0, 0.08950620996642342, 0.09247639241939104, 0.09173902283359818, 0.0, 0.06826344941350267, 0.0, 0.0, 0.0)",2
12123,32,19,8,"(0.08503592726362438, 0.0, 0.08950620996642342, 0.09317424254400647, 0.09445962419217427, 0.0, 0.06826344941350267, 0.0, 0.0, 0.0)",5
12124,32,19,8,"(0.09369258606422372, 0.0, 0.08950620996642342, 0.09247639241939104, 0.09173902283359818, 0.0, 0.06826344941350267, 0.0, 0.0, 0.0)",186
12125,32,19,8,"(0.09369258606422372, 0.0, 0.08950620996642342, 0.14364264270321375, 0.08666866402568478, 0.0, 0.06826344941350267, 0.0, 0.0, 0.0)",1
12126,32,19,8,"(0.09369258606422372, 0.0, 0.12693783052290267, 0.09247639241939104, 0.09173902283359818, 0.0, 0.06826344941350267, 0.0, 0.0, 0.0)",2
12127,32,19,8,"(0.09657392862438019, 0.0, 0.08950620996642342, 0.09247639241939104, 0.09173902283359818, 0.0, 0.06826344941350267, 0.0, 0.0, 0.0)",11
12128,32,19,8,"(0.09369258606422372, 0.0, 0.08950620996642342, 0.09247639241939104, 0.09445962419217427, 0.0, 0.06826344941350267, 0.0, 0.0, 0.0)",17
12129,32,19,8,"(0.09369258606422372, 0.0, 0.08950620996642342, 0.09247639241939104, 0.08666866402568478, 0.0, 0.06826344941350267, 0.0, 0.0, 0.0)",46
12130,32,19,8,"(0.08862770143999965, 0.0, 0.08950620996642342, 0.09247639241939104, 0.09173902283359818, 0.0, 0.06826344941350267, 0.0, 0.0, 0.0)",2
12131,32,19,11,"(0.09033430006888621, 0.14970886995698662, 0.0, 0.0, 0.0, 0.04688669779969397, 0.0, 0.08279881135943302, 0.0, 0.01812760691895582)",186
12132,32,19,11,"(0.09033430006888621, 0.14970886995698662, 0.0, 0.0, 0.0, 0.04688669779969397, 0.0, 0.05689901317157119, 0.0, 0.01812760691895582)",1
12133,32,19,11,"(0.09033430006888621, 0.14970886995698662, 0.0, 0.0, 0.0, 0.050808165363949165, 0.0, 0.08279881135943302, 0.0, 0.01812760691895582)",1
12134,32,19,11,"(0.09033430006888621, 0.14970886995698662, 0.0, 0.0, 0.0, 0.03279210544038299, 0.0, 0.08279881135943302, 0.0, 0.02363931381780986)",4
12135,32,19,11,"(0.09033430006888621, 0.28987054280255653, 0.0, 0.0, 0.0, 0.044248331623511945, 0.0, 0.08279881135943302, 0.0, 0.01812760691895582)",1
12136,32,19,11,"(0.09033430006888621, 0.14970886995698662, 0.0, 0.0, 0.0, 0.04688669779969397, 0.0, 0.06531769100301356, 0.0, 0.01812760691895582)",17
12137,32,19,11,"(0.09033430006888621, 0.14970886995698662, 0.0, 0.0, 0.0, 0.043578699822787226, 0.0, 0.11428322009216207, 0.0, 0.01812760691895582)",1
12138,32,19,11,"(0.09033430006888621, 0.13798877723169298, 0.0, 0.0, 0.0, 0.04688669779969397, 0.0, 0.08279881135943302, 0.0, 0.04109017664802899)",2
12139,32,19,11,"(0.09033430006888621, 0.09478190177317782, 0.0, 0.0, 0.0, 0.04688669779969397, 0.0, 0.08279881135943302, 0.0, 0.01812760691895582)",2
12140,32,19,11,"(0.09033430006888621, 0.14970886995698662, 0.0, 0.0, 0.0, 0.04688669779969397, 0.0, 0.08279881135943302, 0.0, 0.04400684495200453)",1
12141,32,19,11,"(0.10641075204891767, 0.14970886995698662, 0.0, 0.0, 0.0, 0.04688669779969397, 0.0, 0.08279881135943302, 0.0, 0.01812760691895582)",1
12142,32,19,11,"(0.09033430006888621, 0.11370787909311232, 0.0, 0.0, 0.0, 0.04688669779969397, 0.0, 0.08279881135943302, 0.0, 0.02118669845307684)",6
12143,32,19,11,"(0.10850669145473066, 0.14970886995698662, 0.0, 0.0, 0.0, 0.04688669779969397, 0.0, 0.08279881135943302, 0.0, 0.01812760691895582)",1
12144,32,19,11,"(0.069501321791361, 0.14970886995698662, 0.0, 0.0, 0.0, 0.04688669779969397, 0.0, 0.08279881135943302, 0.0, 0.01812760691895582)",41
12145,32,19,11,"(0.09033430006888621, 0.14970886995698662, 0.0, 0.0, 0.0, 0.043578699822787226, 0.0, 0.08279881135943302, 0.0, 0.01812760691895582)",281
12146,32,19,13,"(0.0, 0.0, 0.11679612853536596, 0.0910589877548199, 0.09172770611919409, 0.08393191506100042, 0.0, 0.0, 0.14899621190854193, 0.0)",1
12147,32,19,13,"(0.0, 0.0, 0.11679612853536596, 0.0910589877548199, 0.14737472302250712, 0.07489992963210028, 0.0, 0.0, 0.14899621190854193, 0.0)",1
12148,32,19,13,"(0.0, 0.0, 0.12044100098748814, 0.06920069129515957, 0.09172770611919409, 0.07489992963210028, 0.0, 0.0, 0.14899621190854193, 0.0)",2
12149,32,19,13,"(0.0, 0.0, 0.11679612853536596, 0.0910589877548199, 0.09172770611919409, 0.07489992963210028, 0.0, 0.0, 0.14899621190854193, 0.0)",73
12150,32,19,13,"(0.0, 0.0, 0.08979731530636591, 0.0910589877548199, 0.09172770611919409, 0.07489992963210028, 0.0, 0.0, 0.14899621190854193, 0.0)",4
12151,32,19,13,"(0.0, 0.0, 0.11679612853536596, 0.06920069129515957, 0.09172770611919409, 0.07489992963210028, 0.0, 0.0, 0.14899621190854193, 0.0)",108
12152,32,20,8,"(0.15182579223773773, 0.0, 0.08950620996642342, 0.09247639241939104, 0.09173902283359818, 0.0, 0.06826344941350267, 0.0, 0.0, 0.0)",1
12153,32,20,8,"(0.09369258606422372, 0.0, 0.08950620996642342, 0.09247639241939104, 0.08666866402568478, 0.0, 0.06826344941350267, 0.0, 0.0, 0.0)",25
12154,32,20,8,"(0.09369258606422372, 0.0, 0.08950620996642342, 0.10047898032663026, 0.09173902283359818, 0.0, 0.06826344941350267, 0.0, 0.0, 0.0)",1
12155,32,20,8,"(0.09369258606422372, 0.0, 0.08950620996642342, 0.09247639241939104, 0.09173902283359818, 0.0, 0.06826344941350267, 0.0, 0.0, 0.0)",189
12156,32,20,8,"(0.05948118312328698, 0.0, 0.08950620996642342, 0.05327799227134783, 0.09173902283359818, 0.0, 0.06826344941350267, 0.0, 0.0, 0.0)",1
12157,32,20,8,"(0.049604704517369994, 0.0, 0.08950620996642342, 0.09247639241939104, 0.09173902283359818, 0.0, 0.056053699367491154, 0.0, 0.0, 0.0)",1
12158,32,20,8,"(0.0813945692342363, 0.0, 0.08950620996642342, 0.09247639241939104, 0.06739382846737664, 0.0, 0.06826344941350267, 0.0, 0.0, 0.0)",1
12159,32,20,8,"(0.09369258606422372, 0.0, 0.08950620996642342, 0.09247639241939104, 0.09445962419217427, 0.0, 0.06826344941350267, 0.0, 0.0, 0.0)",56
12160,32,20,11,"(0.09033430006888621, 0.14970886995698662, 0.0, 0.0, 0.0, 0.043578699822787226, 0.0, 0.08279881135943302, 0.0, 0.01812760691895582)",139
12161,32,20,11,"(0.11928014622324987, 0.14970886995698662, 0.0, 0.0, 0.0, 0.043578699822787226, 0.0, 0.08279881135943302, 0.0, 0.01812760691895582)",1
12162,32,20,11,"(0.09033430006888621, 0.14970886995698662, 0.0, 0.0, 0.0, 0.08758568946260832, 0.0, 0.08279881135943302, 0.0, 0.01812760691895582)",1
12163,32,20,11,"(0.09033430006888621, 0.14970886995698662, 0.0, 0.0, 0.0, 0.043578699822787226, 0.0, 0.07313360900717374, 0.0, 0.01812760691895582)",3
12164,32,20,11,"(0.09033430006888621, 0.14970886995698662, 0.0, 0.0, 0.0, 0.04688669779969397, 0.0, 0.08279881135943302, 0.0, 0.01812760691895582)",290
12165,32,20,11,"(0.069501321791361, 0.14970886995698662, 0.0, 0.0, 0.0, 0.04688669779969397, 0.0, 0.08279881135943302, 0.0, 0.01812760691895582)",69
12166,32,20,11,"(0.09033430006888621, 0.2476759358871633, 0.0, 0.0, 0.0, 0.04688669779969397, 0.0, 0.08279881135943302, 0.0, 0.01812760691895582)",1
12167,32,20,13,"(0.0, 0.0, 0.11679612853536596, 0.06920069129515957, 0.053053192998323874, 0.06776851035419819, 0.0, 0.0, 0.14899621190854193, 0.0)",2
12168,32,20,13,"(0.0, 0.0, 0.11679612853536596, 0.0910589877548199, 0.09172770611919409, 0.07489992963210028, 0.0, 0.0, 0.14899621190854193, 0.0)",16
12169,32,20,13,"(0.0, 0.0, 0.07719294879757904, 0.06920069129515957, 0.09172770611919409, 0.07489992963210028, 0.0, 0.0, 0.14899621190854193, 0.0)",12
12170,32,20,13,"(0.0, 0.0, 0.11679612853536596, 0.06920069129515957, 0.09172770611919409, 0.07489992963210028, 0.0, 0.0, 0.14899621190854193, 0.0)",154
12171,33,0,8,"(0.08829965453524319, 0.0, 0.08950620996642342, 0.09247639241939104, 0.09173902283359818, 0.0, 0.06826344941350267, 0.0, 0.0, 0.0)",55
12172,33,0,8,"(0.09369258606422372, 0.0, 0.08950620996642342, 0.09247639241939104, 0.032244635602721124, 0.0, 0.06826344941350267, 0.0, 0.0, 0.0)",4
12173,33,0,8,"(0.08829965453524319, 0.0, 0.08950620996642342, 0.09247639241939104, 0.09173902283359818, 0.0, 0.07039696840687555, 0.0, 0.0, 0.0)",1
12174,33,0,8,"(0.0707623894224922, 0.0, 0.08950620996642342, 0.09247639241939104, 0.09173902283359818, 0.0, 0.06826344941350267, 0.0, 0.0, 0.0)",2
12175,33,0,8,"(0.09369258606422372, 0.0, 0.08950620996642342, 0.11459515762304283, 0.09173902283359818, 0.0, 0.06826344941350267, 0.0, 0.0, 0.0)",5
12176,33,0,8,"(0.09369258606422372, 0.0, 0.08950620996642342, 0.09247639241939104, 0.09173902283359818, 0.0, 0.06826344941350267, 0.0, 0.0, 0.0)",277
12177,33,0,8,"(0.08829965453524319, 0.0, 0.0767637062932069, 0.09247639241939104, 0.09173902283359818, 0.0, 0.06826344941350267, 0.0, 0.0, 0.0)",1
12178,33,0,8,"(0.11590777623038442, 0.0, 0.08950620996642342, 0.09247639241939104, 0.09173902283359818, 0.0, 0.06826344941350267, 0.0, 0.0, 0.0)",5
12179,33,0,11,"(0.09033430006888621, 0.14970886995698662, 0.0, 0.0, 0.0, 0.047027453343479915, 0.0, 0.09523546217639671, 0.0, 0.011236576414684845)",17
12180,33,0,11,"(0.09033430006888621, 0.1592347493063212, 0.0, 0.0, 0.0, 0.06596155897328483, 0.0, 0.09523546217639671, 0.0, 0.01812760691895582)",5
12181,33,0,11,"(0.09033430006888621, 0.14970886995698662, 0.0, 0.0, 0.0, 0.04688669779969397, 0.0, 0.09523546217639671, 0.0, 0.01812760691895582)",345
12182,33,0,11,"(0.09033430006888621, 0.14970886995698662, 0.0, 0.0, 0.0, 0.04688669779969397, 0.0, 0.07241114948740175, 0.0, 0.01812760691895582)",1
12183,33,0,11,"(0.09033430006888621, 0.14970886995698662, 0.0, 0.0, 0.0, 0.04688669779969397, 0.0, 0.09523546217639671, 0.0, 0.014373998954653121)",1
12184,33,0,11,"(0.09033430006888621, 0.14970886995698662, 0.0, 0.0, 0.0, 0.04688669779969397, 0.0, 0.09087866690799931, 0.0, 0.01812760691895582)",7
12185,33,0,11,"(0.04268348973944286, 0.14970886995698662, 0.0, 0.0, 0.0, 0.04688669779969397, 0.0, 0.09523546217639671, 0.0, 0.01812760691895582)",3
12186,33,0,11,"(0.09033430006888621, 0.1592347493063212, 0.0, 0.0, 0.0, 0.04688669779969397, 0.0, 0.09523546217639671, 0.0, 0.01812760691895582)",31
12187,33,0,11,"(0.09033430006888621, 0.1969980194574669, 0.0, 0.0, 0.0, 0.04688669779969397, 0.0, 0.10275269327293678, 0.0, 0.01812760691895582)",2
12188,33,0,13,"(0.0, 0.0, 0.11679612853536596, 0.06920069129515957, 0.09172770611919409, 0.10891247047702969, 0.0, 0.0, 0.14899621190854193, 0.0)",1
12189,33,0,13,"(0.0, 0.0, 0.11679612853536596, 0.06920069129515957, 0.09172770611919409, 0.07489992963210028, 0.0, 0.0, 0.14899621190854193, 0.0)",191
12190,33,1,8,"(0.09369258606422372, 0.0, 0.08950620996642342, 0.09247639241939104, 0.11816899184516888, 0.0, 0.06826344941350267, 0.0, 0.0, 0.0)",1
12191,33,1,8,"(0.09369258606422372, 0.0, 0.08950620996642342, 0.09247639241939104, 0.09173902283359818, 0.0, 0.04319669725072567, 0.0, 0.0, 0.0)",1
12192,33,1,8,"(0.09369258606422372, 0.0, 0.08950620996642342, 0.09247639241939104, 0.050626882144319145, 0.0, 0.06826344941350267, 0.0, 0.0, 0.0)",1
12193,33,1,8,"(0.09373281324447401, 0.0, 0.08950620996642342, 0.09247639241939104, 0.06156868600183778, 0.0, 0.06826344941350267, 0.0, 0.0, 0.0)",2
12194,33,1,8,"(0.09369258606422372, 0.0, 0.08950620996642342, 0.09247639241939104, 0.09173902283359818, 0.0, 0.06826344941350267, 0.0, 0.0, 0.0)",309
12195,33,1,8,"(0.08829965453524319, 0.0, 0.08950620996642342, 0.09247639241939104, 0.09173902283359818, 0.0, 0.06826344941350267, 0.0, 0.0, 0.0)",42
12196,33,1,8,"(0.09369258606422372, 0.0, 0.08950620996642342, 0.072498135933611, 0.09173902283359818, 0.0, 0.05286754050035967, 0.0, 0.0, 0.0)",2
12197,33,1,11,"(0.09033430006888621, 0.14970886995698662, 0.0, 0.0, 0.0, 0.04688669779969397, 0.0, 0.09945284018995329, 0.0, 0.01812760691895582)",1
12198,33,1,11,"(0.09033430006888621, 0.14970886995698662, 0.0, 0.0, 0.0, 0.04688669779969397, 0.0, 0.0785588443041218, 0.0, 0.031051048610206557)",1
12199,33,1,11,"(0.09033430006888621, 0.14970886995698662, 0.0, 0.0, 0.0, 0.04688669779969397, 0.0, 0.09523546217639671, 0.0, 0.010664112095529083)",1
12200,33,1,11,"(0.09033430006888621, 0.14970886995698662, 0.0, 0.0, 0.0, 0.04688669779969397, 0.0, 0.09523546217639671, 0.0, 0.01812760691895582)",305
12201,33,1,11,"(0.09033430006888621, 0.14970886995698662, 0.0, 0.0, 0.0, 0.04688669779969397, 0.0, 0.09523546217639671, 0.0, 0.031051048610206557)",50
12202,33,1,11,"(0.09033430006888621, 0.14970886995698662, 0.0, 0.0, 0.0, 0.028027589509798976, 0.0, 0.06586479250085822, 0.0, 0.031051048610206557)",4
12203,33,1,11,"(0.09033430006888621, 0.14970886995698662, 0.0, 0.0, 0.0, 0.04688669779969397, 0.0, 0.09523546217639671, 0.0, 0.01726816724241358)",1
12204,33,1,11,"(0.09372071935414612, 0.14970886995698662, 0.0, 0.0, 0.0, 0.04695705005559677, 0.0, 0.09945284018995329, 0.0, 0.01812760691895582)",1
12205,33,1,11,"(0.09033430006888621, 0.14970886995698662, 0.0, 0.0, 0.0, 0.04688669779969397, 0.0, 0.09239858692110522, 0.0, 0.01812760691895582)",2
12206,33,1,13,"(0.0, 0.0, 0.11679612853536596, 0.1283542613263116, 0.09172770611919409, 0.07489992963210028, 0.0, 0.0, 0.14899621190854193, 0.0)",2
12207,33,1,13,"(0.0, 0.0, 0.11679612853536596, 0.06920069129515957, 0.09172770611919409, 0.07489992963210028, 0.0, 0.0, 0.14899621190854193, 0.0)",175
12208,33,2,8,"(0.06826594230712961, 0.0, 0.08950620996642342, 0.09247639241939104, 0.09173902283359818, 0.0, 0.06826344941350267, 0.0, 0.0, 0.0)",1
12209,33,2,8,"(0.09369258606422372, 0.0, 0.08950620996642342, 0.09247639241939104, 0.09173902283359818, 0.0, 0.11633655385012644, 0.0, 0.0, 0.0)",3
12210,33,2,8,"(0.09369258606422372, 0.0, 0.08838658114788156, 0.09247639241939104, 0.09173902283359818, 0.0, 0.09785607802557415, 0.0, 0.0, 0.0)",6
12211,33,2,8,"(0.26711730361110275, 0.0, 0.08950620996642342, 0.09247639241939104, 0.09173902283359818, 0.0, 0.06826344941350267, 0.0, 0.0, 0.0)",1
12212,33,2,8,"(0.09369258606422372, 0.0, 0.08950620996642342, 0.09247639241939104, 0.09173902283359818, 0.0, 0.06826344941350267, 0.0, 0.0, 0.0)",307
12213,33,2,11,"(0.09033430006888621, 0.10572877058168248, 0.0, 0.0, 0.0, 0.04688669779969397, 0.0, 0.09523546217639671, 0.0, 0.01812760691895582)",2
12214,33,2,11,"(0.1185234137166322, 0.14970886995698662, 0.0, 0.0, 0.0, 0.04688669779969397, 0.0, 0.09523546217639671, 0.0, 0.01812760691895582)",2
12215,33,2,11,"(0.09033430006888621, 0.14970886995698662, 0.0, 0.0, 0.0, 0.04688669779969397, 0.0, 0.09523546217639671, 0.0, 0.031333457218084726)",1
12216,33,2,11,"(0.09033430006888621, 0.14970886995698662, 0.0, 0.0, 0.0, 0.04688669779969397, 0.0, 0.09523546217639671, 0.0, 0.01812760691895582)",494
12217,33,2,11,"(0.12539688800034482, 0.14970886995698662, 0.0, 0.0, 0.0, 0.04688669779969397, 0.0, 0.09523546217639671, 0.0, 0.021465554299519116)",3
12218,33,2,13,"(0.0, 0.0, 0.11679612853536596, 0.06920069129515957, 0.09172770611919409, 0.07489992963210028, 0.0, 0.0, 0.14899621190854193, 0.0)",188
12219,33,2,13,"(0.0, 0.0, 0.10407167551817416, 0.06920069129515957, 0.09172770611919409, 0.07489992963210028, 0.0, 0.0, 0.09336612968099928, 0.0)",1
12220,33,2,13,"(0.0, 0.0, 0.0406578159898483, 0.06920069129515957, 0.09172770611919409, 0.09136399933149347, 0.0, 0.0, 0.14899621190854193, 0.0)",2
12221,33,3,8,"(0.09369258606422372, 0.0, 0.08405653076630912, 0.09247639241939104, 0.09173902283359818, 0.0, 0.06826344941350267, 0.0, 0.0, 0.0)",53
12222,33,3,8,"(0.09369258606422372, 0.0, 0.08950620996642342, 0.09247639241939104, 0.09173902283359818, 0.0, 0.06826344941350267, 0.0, 0.0, 0.0)",240
12223,33,3,8,"(0.05729366348142208, 0.0, 0.08950620996642342, 0.09247639241939104, 0.09173902283359818, 0.0, 0.06826344941350267, 0.0, 0.0, 0.0)",1
12224,33,3,8,"(0.11406724840215769, 0.0, 0.08950620996642342, 0.09247639241939104, 0.06229721668748945, 0.0, 0.07198218192118203, 0.0, 0.0, 0.0)",1
12225,33,3,8,"(0.09369258606422372, 0.0, 0.08950620996642342, 0.12320720985713807, 0.09173902283359818, 0.0, 0.06826344941350267, 0.0, 0.0, 0.0)",1
12226,33,3,11,"(0.09033430006888621, 0.14970886995698662, 0.0, 0.0, 0.0, 0.05310669860392047, 0.0, 0.11068755286719632, 0.0, 0.01812760691895582)",1
12227,33,3,11,"(0.09033430006888621, 0.14970886995698662, 0.0, 0.0, 0.0, 0.04688669779969397, 0.0, 0.12166966673752638, 0.0, 0.01812760691895582)",5
12228,33,3,11,"(0.09033430006888621, 0.14970886995698662, 0.0, 0.0, 0.0, 0.026892813083348812, 0.0, 0.09523546217639671, 0.0, 0.01812760691895582)",1
12229,33,3,11,"(0.09033430006888621, 0.14970886995698662, 0.0, 0.0, 0.0, 0.04688669779969397, 0.0, 0.08279881135943302, 0.0, 0.01812760691895582)",108
12230,33,3,11,"(0.09033430006888621, 0.14970886995698662, 0.0, 0.0, 0.0, 0.04688669779969397, 0.0, 0.09523546217639671, 0.0, 0.01771593126812582)",1
12231,33,3,11,"(0.09033430006888621, 0.14970886995698662, 0.0, 0.0, 0.0, 0.043578699822787226, 0.0, 0.11068755286719632, 0.0, 0.01812760691895582)",78
12232,33,3,11,"(0.09033430006888621, 0.14970886995698662, 0.0, 0.0, 0.0, 0.043578699822787226, 0.0, 0.13556884950196582, 0.0, 0.01812760691895582)",1
12233,33,3,11,"(0.09033430006888621, 0.14970886995698662, 0.0, 0.0, 0.0, 0.04688669779969397, 0.0, 0.09523546217639671, 0.0, 0.01812760691895582)",315
12234,33,3,11,"(0.09033430006888621, 0.14970886995698662, 0.0, 0.0, 0.0, 0.08230646026564226, 0.0, 0.08279881135943302, 0.0, 0.01812760691895582)",5
12235,33,3,13,"(0.0, 0.0, 0.11679612853536596, 0.06920069129515957, 0.09172770611919409, 0.07489992963210028, 0.0, 0.0, 0.08372845540409195, 0.0)",16
12236,33,3,13,"(0.0, 0.0, 0.09457579382954379, 0.06920069129515957, 0.09172770611919409, 0.07489992963210028, 0.0, 0.0, 0.20671744366139003, 0.0)",1
12237,33,3,13,"(0.0, 0.0, 0.11679612853536596, 0.06920069129515957, 0.09172770611919409, 0.07489992963210028, 0.0, 0.0, 0.14899621190854193, 0.0)",176
12238,33,3,13,"(0.0, 0.0, 0.11679612853536596, 0.06920069129515957, 0.18949905020757762, 0.07489992963210028, 0.0, 0.0, 0.14899621190854193, 0.0)",4
12239,33,3,13,"(0.0, 0.0, 0.17379470652946927, 0.06920069129515957, 0.09172770611919409, 0.07489992963210028, 0.0, 0.0, 0.14899621190854193, 0.0)",1
12240,33,4,8,"(0.09369258606422372, 0.0, 0.08950620996642342, 0.06272715472930276, 0.09349986440692062, 0.0, 0.06826344941350267, 0.0, 0.0, 0.0)",2
12241,33,4,8,"(0.09369258606422372, 0.0, 0.08950620996642342, 0.09247639241939104, 0.09173902283359818, 0.0, 0.1026042483494111, 0.0, 0.0, 0.0)",1
12242,33,4,8,"(0.09369258606422372, 0.0, 0.08950620996642342, 0.09247639241939104, 0.09173902283359818, 0.0, 0.05644913304051348, 0.0, 0.0, 0.0)",1
12243,33,4,8,"(0.09369258606422372, 0.0, 0.08950620996642342, 0.09247639241939104, 0.12353333315976409, 0.0, 0.06826344941350267, 0.0, 0.0, 0.0)",2
12244,33,4,8,"(0.09369258606422372, 0.0, 0.08950620996642342, 0.09247639241939104, 0.09173902283359818, 0.0, 0.06826344941350267, 0.0, 0.0, 0.0)",304
12245,33,4,8,"(0.09369258606422372, 0.0, 0.07816168237572144, 0.09247639241939104, 0.09173902283359818, 0.0, 0.06826344941350267, 0.0, 0.0, 0.0)",2
12246,33,4,8,"(0.10969998813631479, 0.0, 0.12812264629687126, 0.09247639241939104, 0.09173902283359818, 0.0, 0.06826344941350267, 0.0, 0.0, 0.0)",1
12247,33,4,11,"(0.09033430006888621, 0.14970886995698662, 0.0, 0.0, 0.0, 0.04688669779969397, 0.0, 0.09523546217639671, 0.0, 0.01812760691895582)",399
12248,33,4,11,"(0.09033430006888621, 0.14970886995698662, 0.0, 0.0, 0.0, 0.03966762307137503, 0.0, 0.09523546217639671, 0.0, 0.03051727814063481)",1
12249,33,4,11,"(0.09033430006888621, 0.22801687630826417, 0.0, 0.0, 0.0, 0.043578699822787226, 0.0, 0.11068755286719632, 0.0, 0.01812760691895582)",2
12250,33,4,11,"(0.09033430006888621, 0.14970886995698662, 0.0, 0.0, 0.0, 0.04688669779969397, 0.0, 0.07955038805676264, 0.0, 0.01812760691895582)",1
12251,33,4,11,"(0.08497070862089807, 0.14970886995698662, 0.0, 0.0, 0.0, 0.043578699822787226, 0.0, 0.11068755286719632, 0.0, 0.01812760691895582)",1
12252,33,4,11,"(0.09033430006888621, 0.14970886995698662, 0.0, 0.0, 0.0, 0.03015385649988001, 0.0, 0.11068755286719632, 0.0, 0.01812760691895582)",1
12253,33,4,11,"(0.09033430006888621, 0.14970886995698662, 0.0, 0.0, 0.0, 0.043578699822787226, 0.0, 0.11068755286719632, 0.0, 0.01812760691895582)",49
12254,33,4,11,"(0.06264055936145922, 0.14970886995698662, 0.0, 0.0, 0.0, 0.05916021828873369, 0.0, 0.09523546217639671, 0.0, 0.01812760691895582)",10
12255,33,4,13,"(0.0, 0.0, 0.11679612853536596, 0.06920069129515957, 0.3221073274298283, 0.07489992963210028, 0.0, 0.0, 0.14899621190854193, 0.0)",1
12256,33,4,13,"(0.0, 0.0, 0.11679612853536596, 0.056204906979327895, 0.09172770611919409, 0.07489992963210028, 0.0, 0.0, 0.14899621190854193, 0.0)",6
12257,33,4,13,"(0.0, 0.0, 0.11679612853536596, 0.09579005338596971, 0.09172770611919409, 0.07489992963210028, 0.0, 0.0, 0.14899621190854193, 0.0)",1
12258,33,4,13,"(0.0, 0.0, 0.11679612853536596, 0.06920069129515957, 0.09172770611919409, 0.07489992963210028, 0.0, 0.0, 0.14899621190854193, 0.0)",163
12259,33,4,13,"(0.0, 0.0, 0.14088362261123655, 0.06920069129515957, 0.09172770611919409, 0.07489992963210028, 0.0, 0.0, 0.14899621190854193, 0.0)",1
12260,33,4,13,"(0.0, 0.0, 0.07308053505236722, 0.06920069129515957, 0.09172770611919409, 0.07489992963210028, 0.0, 0.0, 0.14899621190854193, 0.0)",2
12261,33,5,8,"(0.09369258606422372, 0.0, 0.08950620996642342, 0.09247639241939104, 0.09173902283359818, 0.0, 0.06826344941350267, 0.0, 0.0, 0.0)",307
12262,33,5,8,"(0.09369258606422372, 0.0, 0.08950620996642342, 0.058100911725255396, 0.09173902283359818, 0.0, 0.06826344941350267, 0.0, 0.0, 0.0)",1
12263,33,5,8,"(0.09369258606422372, 0.0, 0.09051139206661392, 0.09247639241939104, 0.09173902283359818, 0.0, 0.06826344941350267, 0.0, 0.0, 0.0)",9
12264,33,5,8,"(0.09369258606422372, 0.0, 0.08950620996642342, 0.09247639241939104, 0.09873669274963098, 0.0, 0.06826344941350267, 0.0, 0.0, 0.0)",1
12265,33,5,8,"(0.09369258606422372, 0.0, 0.08950620996642342, 0.06484808656941148, 0.09173902283359818, 0.0, 0.06826344941350267, 0.0, 0.0, 0.0)",25
12266,33,5,11,"(0.09033430006888621, 0.14970886995698662, 0.0, 0.0, 0.0, 0.04688669779969397, 0.0, 0.09523546217639671, 0.0, 0.01812760691895582)",304
12267,33,5,11,"(0.09033430006888621, 0.14970886995698662, 0.0, 0.0, 0.0, 0.02260731214919247, 0.0, 0.11068755286719632, 0.0, 0.017502702801547823)",1
12268,33,5,11,"(0.09033430006888621, 0.14970886995698662, 0.0, 0.0, 0.0, 0.043578699822787226, 0.0, 0.11068755286719632, 0.0, 0.01812760691895582)",111
12269,33,5,11,"(0.09033430006888621, 0.17351809923996314, 0.0, 0.0, 0.0, 0.04688669779969397, 0.0, 0.09523546217639671, 0.0, 0.01812760691895582)",1
12270,33,5,11,"(0.09033430006888621, 0.1735320476217817, 0.0, 0.0, 0.0, 0.04688669779969397, 0.0, 0.09523546217639671, 0.0, 0.01812760691895582)",1
12271,33,5,11,"(0.09033430006888621, 0.14970886995698662, 0.0, 0.0, 0.0, 0.04688669779969397, 0.0, 0.15745535378115633, 0.0, 0.01812760691895582)",1
12272,33,5,11,"(0.09033430006888621, 0.14970886995698662, 0.0, 0.0, 0.0, 0.04688669779969397, 0.0, 0.09523546217639671, 0.0, 0.03263933137558133)",2
12273,33,5,11,"(0.09033430006888621, 0.14970886995698662, 0.0, 0.0, 0.0, 0.03862836507603643, 0.0, 0.11068755286719632, 0.0, 0.01812760691895582)",1
12274,33,5,13,"(0.0, 0.0, 0.11679612853536596, 0.06920069129515957, 0.09172770611919409, 0.07489992963210028, 0.0, 0.0, 0.14899621190854193, 0.0)",155
12275,33,5,13,"(0.0, 0.0, 0.11679612853536596, 0.07656311431134667, 0.09172770611919409, 0.07489992963210028, 0.0, 0.0, 0.14899621190854193, 0.0)",3
12276,33,5,13,"(0.0, 0.0, 0.11679612853536596, 0.057152089679621675, 0.09172770611919409, 0.07489992963210028, 0.0, 0.0, 0.14899621190854193, 0.0)",1
12277,33,5,13,"(0.0, 0.0, 0.11679612853536596, 0.0655602361386328, 0.09172770611919409, 0.07489992963210028, 0.0, 0.0, 0.14899621190854193, 0.0)",7
12278,33,6,8,"(0.18826614316742338, 0.0, 0.08950620996642342, 0.09247639241939104, 0.09173902283359818, 0.0, 0.06826344941350267, 0.0, 0.0, 0.0)",1
12279,33,6,8,"(0.055172803840808464, 0.0, 0.09057911581580724, 0.09247639241939104, 0.09173902283359818, 0.0, 0.04280384020279873, 0.0, 0.0, 0.0)",74
12280,33,6,8,"(0.09526740857210791, 0.0, 0.09057911581580724, 0.09247639241939104, 0.09173902283359818, 0.0, 0.04280384020279873, 0.0, 0.0, 0.0)",1
12281,33,6,8,"(0.03602137771667026, 0.0, 0.09057911581580724, 0.09247639241939104, 0.09173902283359818, 0.0, 0.04280384020279873, 0.0, 0.0, 0.0)",2
12282,33,6,8,"(0.09369258606422372, 0.0, 0.08950620996642342, 0.09247639241939104, 0.09173902283359818, 0.0, 0.06826344941350267, 0.0, 0.0, 0.0)",249
12283,33,6,11,"(0.09033430006888621, 0.14970886995698662, 0.0, 0.0, 0.0, 0.043578699822787226, 0.0, 0.11068755286719632, 0.0, 0.01812760691895582)",161
12284,33,6,11,"(0.09033430006888621, 0.18856565359027008, 0.0, 0.0, 0.0, 0.043578699822787226, 0.0, 0.11068755286719632, 0.0, 0.01812760691895582)",1
12285,33,6,11,"(0.09033430006888621, 0.14970886995698662, 0.0, 0.0, 0.0, 0.06249096678509708, 0.0, 0.12060504621523348, 0.0, 0.01812760691895582)",3
12286,33,6,11,"(0.09033430006888621, 0.14970886995698662, 0.0, 0.0, 0.0, 0.0705522980843678, 0.0, 0.08279881135943302, 0.0, 0.01812760691895582)",2
12287,33,6,11,"(0.19320064182912264, 0.14970886995698662, 0.0, 0.0, 0.0, 0.04639239710537316, 0.0, 0.17130001019371308, 0.0, 0.011085355275219694)",7
12288,33,6,11,"(0.09033430006888621, 0.14970886995698662, 0.0, 0.0, 0.0, 0.04688669779969397, 0.0, 0.08279881135943302, 0.0, 0.01812760691895582)",83
12289,33,6,11,"(0.09033430006888621, 0.14970886995698662, 0.0, 0.0, 0.0, 0.04688669779969397, 0.0, 0.09523546217639671, 0.0, 0.01812760691895582)",114
12290,33,6,11,"(0.09033430006888621, 0.14313763061657447, 0.0, 0.0, 0.0, 0.04688669779969397, 0.0, 0.09523546217639671, 0.0, 0.01812760691895582)",62
12291,33,6,11,"(0.09033430006888621, 0.14970886995698662, 0.0, 0.0, 0.0, 0.04277789714807058, 0.0, 0.09523546217639671, 0.0, 0.01812760691895582)",1
12292,33,6,13,"(0.0, 0.0, 0.11679612853536596, 0.06920069129515957, 0.09172770611919409, 0.06458591293065179, 0.0, 0.0, 0.14899621190854193, 0.0)",1
12293,33,6,13,"(0.0, 0.0, 0.11679612853536596, 0.06920069129515957, 0.09172770611919409, 0.07489992963210028, 0.0, 0.0, 0.14899621190854193, 0.0)",203
12294,33,6,13,"(0.0, 0.0, 0.14875623757367903, 0.06920069129515957, 0.09172770611919409, 0.07489992963210028, 0.0, 0.0, 0.14899621190854193, 0.0)",2
12295,33,7,8,"(0.09369258606422372, 0.0, 0.08950620996642342, 0.09247639241939104, 0.09173902283359818, 0.0, 0.06826344941350267, 0.0, 0.0, 0.0)",247
12296,33,7,8,"(0.09369258606422372, 0.0, 0.08950620996642342, 0.04317774293130388, 0.09173902283359818, 0.0, 0.036272197710328115, 0.0, 0.0, 0.0)",45
12297,33,7,8,"(0.10381346117539189, 0.0, 0.08950620996642342, 0.09247639241939104, 0.09173902283359818, 0.0, 0.06826344941350267, 0.0, 0.0, 0.0)",2
12298,33,7,8,"(0.055172803840808464, 0.0, 0.09057911581580724, 0.09247639241939104, 0.09173902283359818, 0.0, 0.04280384020279873, 0.0, 0.0, 0.0)",62
12299,33,7,8,"(0.09369258606422372, 0.0, 0.13805125434345925, 0.09595921996366089, 0.09173902283359818, 0.0, 0.10907019066805429, 0.0, 0.0, 0.0)",1
12300,33,7,8,"(0.06721504915236452, 0.0, 0.06199452794829702, 0.04778410827816224, 0.09173902283359818, 0.0, 0.05847136271705657, 0.0, 0.0, 0.0)",1
12301,33,7,8,"(0.055172803840808464, 0.0, 0.09057911581580724, 0.10096303489955322, 0.09173902283359818, 0.0, 0.04280384020279873, 0.0, 0.0, 0.0)",3
12302,33,7,11,"(0.09033430006888621, 0.14970886995698662, 0.0, 0.0, 0.0, 0.04688669779969397, 0.0, 0.08757903737340891, 0.0, 0.01812760691895582)",2
12303,33,7,11,"(0.09033430006888621, 0.20310004649177865, 0.0, 0.0, 0.0, 0.04688669779969397, 0.0, 0.08763320202707191, 0.0, 0.01812760691895582)",1
12304,33,7,11,"(0.09033430006888621, 0.14970886995698662, 0.0, 0.0, 0.0, 0.043578699822787226, 0.0, 0.11068755286719632, 0.0, 0.01812760691895582)",34
12305,33,7,11,"(0.09033430006888621, 0.14970886995698662, 0.0, 0.0, 0.0, 0.04688669779969397, 0.0, 0.08279881135943302, 0.0, 0.01812760691895582)",2
12306,33,7,11,"(0.09033430006888621, 0.14970886995698662, 0.0, 0.0, 0.0, 0.04688669779969397, 0.0, 0.09523546217639671, 0.0, 0.01812760691895582)",335
12307,33,7,11,"(0.09033430006888621, 0.14970886995698662, 0.0, 0.0, 0.0, 0.04688669779969397, 0.0, 0.08537067190228395, 0.0, 0.01812760691895582)",3
12308,33,7,11,"(0.09033430006888621, 0.14970886995698662, 0.0, 0.0, 0.0, 0.06249096678509708, 0.0, 0.12060504621523348, 0.0, 0.01812760691895582)",22
12309,33,7,13,"(0.0, 0.0, 0.11679612853536596, 0.06920069129515957, 0.09172770611919409, 0.07489992963210028, 0.0, 0.0, 0.14899621190854193, 0.0)",170
12310,33,7,13,"(0.0, 0.0, 0.1413842977994767, 0.06920069129515957, 0.09172770611919409, 0.07489992963210028, 0.0, 0.0, 0.1843304546621117, 0.0)",8
12311,33,8,8,"(0.055172803840808464, 0.0, 0.09057911581580724, 0.09247639241939104, 0.09173902283359818, 0.0, 0.04280384020279873, 0.0, 0.0, 0.0)",137
12312,33,8,8,"(0.09369258606422372, 0.0, 0.08950620996642342, 0.09247639241939104, 0.09173902283359818, 0.0, 0.08539249850464073, 0.0, 0.0, 0.0)",6
12313,33,8,8,"(0.09369258606422372, 0.0, 0.08950620996642342, 0.09247639241939104, 0.09173902283359818, 0.0, 0.06826344941350267, 0.0, 0.0, 0.0)",285
12314,33,8,8,"(0.07792106847267034, 0.0, 0.09057911581580724, 0.09247639241939104, 0.09173902283359818, 0.0, 0.04280384020279873, 0.0, 0.0, 0.0)",2
12315,33,8,8,"(0.055172803840808464, 0.0, 0.14036175580640886, 0.09247639241939104, 0.09173902283359818, 0.0, 0.04280384020279873, 0.0, 0.0, 0.0)",1
12316,33,8,11,"(0.09033430006888621, 0.14970886995698662, 0.0, 0.0, 0.0, 0.06249096678509708, 0.0, 0.12060504621523348, 0.0, 0.01812760691895582)",6
12317,33,8,11,"(0.09033430006888621, 0.14970886995698662, 0.0, 0.0, 0.0, 0.04688669779969397, 0.0, 0.08279881135943302, 0.0, 0.01812760691895582)",139
12318,33,8,11,"(0.09033430006888621, 0.14970886995698662, 0.0, 0.0, 0.0, 0.04688669779969397, 0.0, 0.09523546217639671, 0.0, 0.01812760691895582)",108
12319,33,8,11,"(0.08415836968527812, 0.14970886995698662, 0.0, 0.0, 0.0, 0.04688669779969397, 0.0, 0.09523546217639671, 0.0, 0.01812760691895582)",12
12320,33,8,11,"(0.09033430006888621, 0.14970886995698662, 0.0, 0.0, 0.0, 0.043578699822787226, 0.0, 0.11068755286719632, 0.0, 0.01812760691895582)",79
12321,33,8,13,"(0.0, 0.0, 0.11679612853536596, 0.0722273903114526, 0.09172770611919409, 0.07489992963210028, 0.0, 0.0, 0.14899621190854193, 0.0)",6
12322,33,8,13,"(0.0, 0.0, 0.11679612853536596, 0.06920069129515957, 0.08331186869220394, 0.07489992963210028, 0.0, 0.0, 0.14899621190854193, 0.0)",1
12323,33,8,13,"(0.0, 0.0, 0.11679612853536596, 0.06163469856851475, 0.09172770611919409, 0.07489992963210028, 0.0, 0.0, 0.14899621190854193, 0.0)",1
12324,33,8,13,"(0.0, 0.0, 0.10313098861680318, 0.06920069129515957, 0.0899187703731125, 0.07489992963210028, 0.0, 0.0, 0.14899621190854193, 0.0)",1
12325,33,8,13,"(0.0, 0.0, 0.11679612853536596, 0.06920069129515957, 0.09172770611919409, 0.07489992963210028, 0.0, 0.0, 0.14899621190854193, 0.0)",172
12326,33,9,8,"(0.1282262904973009, 0.0, 0.08950620996642342, 0.09247639241939104, 0.1069251491231616, 0.0, 0.06826344941350267, 0.0, 0.0, 0.0)",1
12327,33,9,8,"(0.09369258606422372, 0.0, 0.08950620996642342, 0.09247639241939104, 0.13252572240766916, 0.0, 0.06826344941350267, 0.0, 0.0, 0.0)",1
12328,33,9,8,"(0.22079771469717194, 0.0, 0.08950620996642342, 0.11961222361059287, 0.10069226782626337, 0.0, 0.07584384520560512, 0.0, 0.0, 0.0)",1
12329,33,9,8,"(0.10186782532085983, 0.0, 0.08950620996642342, 0.09247639241939104, 0.09173902283359818, 0.0, 0.04495596182432019, 0.0, 0.0, 0.0)",1
12330,33,9,8,"(0.09369258606422372, 0.0, 0.08950620996642342, 0.09247639241939104, 0.09173902283359818, 0.0, 0.06826344941350267, 0.0, 0.0, 0.0)",395
12331,33,9,11,"(0.09033430006888621, 0.14970886995698662, 0.0, 0.0, 0.0, 0.0352856501501461, 0.0, 0.09523546217639671, 0.0, 0.01812760691895582)",1
12332,33,9,11,"(0.17894806448577824, 0.14970886995698662, 0.0, 0.0, 0.0, 0.04688669779969397, 0.0, 0.09523546217639671, 0.0, 0.01812760691895582)",1
12333,33,9,11,"(0.09033430006888621, 0.14970886995698662, 0.0, 0.0, 0.0, 0.04688669779969397, 0.0, 0.08279881135943302, 0.0, 0.01812760691895582)",15
12334,33,9,11,"(0.09033430006888621, 0.1758235108166864, 0.0, 0.0, 0.0, 0.04688669779969397, 0.0, 0.06585317430697654, 0.0, 0.01812760691895582)",1
12335,33,9,11,"(0.09033430006888621, 0.14970886995698662, 0.0, 0.0, 0.0, 0.04688669779969397, 0.0, 0.09523546217639671, 0.0, 0.013272246267321134)",1
12336,33,9,11,"(0.09033430006888621, 0.14970886995698662, 0.0, 0.0, 0.0, 0.04688669779969397, 0.0, 0.09523546217639671, 0.0, 0.01381907547291422)",10
12337,33,9,11,"(0.09033430006888621, 0.12706018114913445, 0.0, 0.0, 0.0, 0.04688669779969397, 0.0, 0.09523546217639671, 0.0, 0.01180639791531138)",1
12338,33,9,11,"(0.09033430006888621, 0.12706018114913445, 0.0, 0.0, 0.0, 0.04688669779969397, 0.0, 0.09523546217639671, 0.0, 0.01812760691895582)",73
12339,33,9,11,"(0.09033430006888621, 0.14970886995698662, 0.0, 0.0, 0.0, 0.04688669779969397, 0.0, 0.09523546217639671, 0.0, 0.01812760691895582)",253
12340,33,9,11,"(0.09033430006888621, 0.14970886995698662, 0.0, 0.0, 0.0, 0.04994128110959355, 0.0, 0.09523546217639671, 0.0, 0.01812760691895582)",2
12341,33,9,13,"(0.0, 0.0, 0.11679612853536596, 0.06920069129515957, 0.09172770611919409, 0.10879764468283998, 0.0, 0.0, 0.14899621190854193, 0.0)",2
12342,33,9,13,"(0.0, 0.0, 0.11679612853536596, 0.08210806822510804, 0.09172770611919409, 0.07489992963210028, 0.0, 0.0, 0.14899621190854193, 0.0)",1
12343,33,9,13,"(0.0, 0.0, 0.11679612853536596, 0.04267639858542653, 0.04362193599358583, 0.07489992963210028, 0.0, 0.0, 0.14899621190854193, 0.0)",1
12344,33,9,13,"(0.0, 0.0, 0.11679612853536596, 0.06920069129515957, 0.09172770611919409, 0.07489992963210028, 0.0, 0.0, 0.14899621190854193, 0.0)",171
12345,33,10,8,"(0.09369258606422372, 0.0, 0.08950620996642342, 0.09247639241939104, 0.09173902283359818, 0.0, 0.06781220692291426, 0.0, 0.0, 0.0)",2
12346,33,10,8,"(0.09369258606422372, 0.0, 0.07846362039430682, 0.09247639241939104, 0.09173902283359818, 0.0, 0.06826344941350267, 0.0, 0.0, 0.0)",3
12347,33,10,8,"(0.12700461664795257, 0.0, 0.06569520920541128, 0.1136771423201972, 0.16793242575943051, 0.0, 0.04999701115963737, 0.0, 0.0, 0.0)",2
12348,33,10,8,"(0.09369258606422372, 0.0, 0.08950620996642342, 0.09247639241939104, 0.09173902283359818, 0.0, 0.06826344941350267, 0.0, 0.0, 0.0)",329
12349,33,10,8,"(0.09369258606422372, 0.0, 0.08950620996642342, 0.09247639241939104, 0.044031417686898854, 0.0, 0.06826344941350267, 0.0, 0.0, 0.0)",2
12350,33,10,8,"(0.09369258606422372, 0.0, 0.08950620996642342, 0.09247639241939104, 0.11486371761319147, 0.0, 0.06826344941350267, 0.0, 0.0, 0.0)",2
12351,33,10,8,"(0.11001039202278563, 0.0, 0.07902652898241942, 0.09247639241939104, 0.09173902283359818, 0.0, 0.06826344941350267, 0.0, 0.0, 0.0)",1
12352,33,10,8,"(0.09369258606422372, 0.0, 0.08950620996642342, 0.09028567881026989, 0.09173902283359818, 0.0, 0.06826344941350267, 0.0, 0.0, 0.0)",1
12353,33,10,11,"(0.28847559364390507, 0.19414391681288862, 0.0, 0.0, 0.0, 0.04688669779969397, 0.0, 0.09523546217639671, 0.0, 0.01812760691895582)",1
12354,33,10,11,"(0.09033430006888621, 0.12706018114913445, 0.0, 0.0, 0.0, 0.04688669779969397, 0.0, 0.07148776600271269, 0.0, 0.01812760691895582)",12
12355,33,10,11,"(0.09033430006888621, 0.10351367664432379, 0.0, 0.0, 0.0, 0.05894281822149066, 0.0, 0.09523546217639671, 0.0, 0.0181130609714921)",1
12356,33,10,11,"(0.06476802329805074, 0.14970886995698662, 0.0, 0.0, 0.0, 0.04688669779969397, 0.0, 0.09523546217639671, 0.0, 0.01812760691895582)",1
12357,33,10,11,"(0.09033430006888621, 0.12706018114913445, 0.0, 0.0, 0.0, 0.04688669779969397, 0.0, 0.09523546217639671, 0.0, 0.01812760691895582)",57
12358,33,10,11,"(0.09033430006888621, 0.14970886995698662, 0.0, 0.0, 0.0, 0.04688669779969397, 0.0, 0.09523546217639671, 0.0, 0.01812760691895582)",371
12359,33,10,13,"(0.0, 0.0, 0.1573266603186129, 0.06920069129515957, 0.09172770611919409, 0.07489992963210028, 0.0, 0.0, 0.14899621190854193, 0.0)",2
12360,33,10,13,"(0.0, 0.0, 0.13251986796613813, 0.06920069129515957, 0.09172770611919409, 0.07489992963210028, 0.0, 0.0, 0.14899621190854193, 0.0)",1
12361,33,10,13,"(0.0, 0.0, 0.11679612853536596, 0.06920069129515957, 0.09172770611919409, 0.07187140569891028, 0.0, 0.0, 0.14899621190854193, 0.0)",1
12362,33,10,13,"(0.0, 0.0, 0.11679612853536596, 0.06920069129515957, 0.09172770611919409, 0.07489992963210028, 0.0, 0.0, 0.14899621190854193, 0.0)",150
12363,33,11,8,"(0.09369258606422372, 0.0, 0.08950620996642342, 0.09247639241939104, 0.09173902283359818, 0.0, 0.07310867650261403, 0.0, 0.0, 0.0)",1
12364,33,11,8,"(0.09369258606422372, 0.0, 0.08950620996642342, 0.1406566960884106, 0.09173902283359818, 0.0, 0.06826344941350267, 0.0, 0.0, 0.0)",1
12365,33,11,8,"(0.09369258606422372, 0.0, 0.08950620996642342, 0.09247639241939104, 0.09173902283359818, 0.0, 0.052526647693920334, 0.0, 0.0, 0.0)",2
12366,33,11,8,"(0.12318369199506193, 0.0, 0.08950620996642342, 0.09247639241939104, 0.09173902283359818, 0.0, 0.06826344941350267, 0.0, 0.0, 0.0)",2
12367,33,11,8,"(0.09369258606422372, 0.0, 0.08950620996642342, 0.09247639241939104, 0.09173902283359818, 0.0, 0.06826344941350267, 0.0, 0.0, 0.0)",296
12368,33,11,8,"(0.09369258606422372, 0.0, 0.0703085632775905, 0.09247639241939104, 0.09173902283359818, 0.0, 0.06826344941350267, 0.0, 0.0, 0.0)",1
12369,33,11,8,"(0.09369258606422372, 0.0, 0.08602934231400781, 0.09247639241939104, 0.09173902283359818, 0.0, 0.06826344941350267, 0.0, 0.0, 0.0)",1
12370,33,11,8,"(0.09369258606422372, 0.0, 0.08950620996642342, 0.1546683231643653, 0.09173902283359818, 0.0, 0.06826344941350267, 0.0, 0.0, 0.0)",3
12371,33,11,8,"(0.09369258606422372, 0.0, 0.08950620996642342, 0.09247639241939104, 0.049853895131011246, 0.0, 0.06826344941350267, 0.0, 0.0, 0.0)",1
12372,33,11,11,"(0.09033430006888621, 0.14970886995698662, 0.0, 0.0, 0.0, 0.057271168529153295, 0.0, 0.09523546217639671, 0.0, 0.01597877482359043)",2
12373,33,11,11,"(0.045653373765056175, 0.14970886995698662, 0.0, 0.0, 0.0, 0.04688669779969397, 0.0, 0.09523546217639671, 0.0, 0.01812760691895582)",1
12374,33,11,11,"(0.09033430006888621, 0.14970886995698662, 0.0, 0.0, 0.0, 0.04688669779969397, 0.0, 0.08279881135943302, 0.0, 0.01812760691895582)",50
12375,33,11,11,"(0.17959155065486418, 0.14970886995698662, 0.0, 0.0, 0.0, 0.04688669779969397, 0.0, 0.08279881135943302, 0.0, 0.01812760691895582)",4
12376,33,11,11,"(0.09033430006888621, 0.14970886995698662, 0.0, 0.0, 0.0, 0.04688669779969397, 0.0, 0.09523546217639671, 0.0, 0.01812760691895582)",343
12377,33,11,11,"(0.09033430006888621, 0.14970886995698662, 0.0, 0.0, 0.0, 0.03337344504841431, 0.0, 0.09523546217639671, 0.0, 0.01812760691895582)",1
12378,33,11,11,"(0.09033430006888621, 0.12706018114913445, 0.0, 0.0, 0.0, 0.04688669779969397, 0.0, 0.09523546217639671, 0.0, 0.01812760691895582)",88
12379,33,11,11,"(0.09033430006888621, 0.14970886995698662, 0.0, 0.0, 0.0, 0.04688669779969397, 0.0, 0.11958161761488016, 0.0, 0.01812760691895582)",1
12380,33,11,13,"(0.0, 0.0, 0.11679612853536596, 0.06920069129515957, 0.09172770611919409, 0.07489992963210028, 0.0, 0.0, 0.14899621190854193, 0.0)",161
12381,33,11,13,"(0.0, 0.0, 0.11679612853536596, 0.06920069129515957, 0.09172770611919409, 0.07489992963210028, 0.0, 0.0, 0.18044022445921942, 0.0)",3
12382,33,12,8,"(0.0963338430309985, 0.0, 0.07248678477017081, 0.09247639241939104, 0.09173902283359818, 0.0, 0.07366509864442909, 0.0, 0.0, 0.0)",19
12383,33,12,8,"(0.09369258606422372, 0.0, 0.08950620996642342, 0.09247639241939104, 0.09173902283359818, 0.0, 0.06826344941350267, 0.0, 0.0, 0.0)",263
12384,33,12,11,"(0.09033430006888621, 0.14970886995698662, 0.0, 0.0, 0.0, 0.04688669779969397, 0.0, 0.035505020086467075, 0.0, 0.01812760691895582)",1
12385,33,12,11,"(0.09033430006888621, 0.14970886995698662, 0.0, 0.0, 0.0, 0.026298582141603664, 0.0, 0.09523546217639671, 0.0, 0.01812760691895582)",1
12386,33,12,11,"(0.09033430006888621, 0.14970886995698662, 0.0, 0.0, 0.0, 0.04688669779969397, 0.0, 0.09523546217639671, 0.0, 0.01812760691895582)",384
12387,33,12,11,"(0.09033430006888621, 0.14970886995698662, 0.0, 0.0, 0.0, 0.04537957441876234, 0.0, 0.09523546217639671, 0.0, 0.01812760691895582)",6
12388,33,12,11,"(0.09033430006888621, 0.14970886995698662, 0.0, 0.0, 0.0, 0.06249096678509708, 0.0, 0.12060504621523348, 0.0, 0.01812760691895582)",2
12389,33,12,11,"(0.09033430006888621, 0.14970886995698662, 0.0, 0.0, 0.0, 0.043578699822787226, 0.0, 0.11068755286719632, 0.0, 0.01812760691895582)",69
12390,33,12,11,"(0.09033430006888621, 0.14970886995698662, 0.0, 0.0, 0.0, 0.03730610827947981, 0.0, 0.09523546217639671, 0.0, 0.01812760691895582)",2
12391,33,12,11,"(0.3035685957633249, 0.14970886995698662, 0.0, 0.0, 0.0, 0.0514110933020582, 0.0, 0.08041681887402499, 0.0, 0.012336349231560958)",1
12392,33,12,11,"(0.09033430006888621, 0.14970886995698662, 0.0, 0.0, 0.0, 0.04688669779969397, 0.0, 0.09884415596239299, 0.0, 0.01812760691895582)",1
12393,33,12,13,"(0.0, 0.0, 0.11679612853536596, 0.06920069129515957, 0.09172770611919409, 0.07489992963210028, 0.0, 0.0, 0.14899621190854193, 0.0)",194
12394,33,12,13,"(0.0, 0.0, 0.11679612853536596, 0.06920069129515957, 0.09172770611919409, 0.045586132327360064, 0.0, 0.0, 0.14899621190854193, 0.0)",1
12395,33,12,13,"(0.0, 0.0, 0.11352644325314808, 0.06920069129515957, 0.09172770611919409, 0.07489992963210028, 0.0, 0.0, 0.14899621190854193, 0.0)",2
12396,33,13,8,"(0.09369258606422372, 0.0, 0.08950620996642342, 0.09247639241939104, 0.09173902283359818, 0.0, 0.08470875189645638, 0.0, 0.0, 0.0)",1
12397,33,13,8,"(0.09369258606422372, 0.0, 0.20984137677141565, 0.09247639241939104, 0.09173902283359818, 0.0, 0.06826344941350267, 0.0, 0.0, 0.0)",1
12398,33,13,8,"(0.09369258606422372, 0.0, 0.09923824257124884, 0.09247639241939104, 0.09173902283359818, 0.0, 0.06826344941350267, 0.0, 0.0, 0.0)",6
12399,33,13,8,"(0.09369258606422372, 0.0, 0.08950620996642342, 0.09247639241939104, 0.09173902283359818, 0.0, 0.06826344941350267, 0.0, 0.0, 0.0)",265
12400,33,13,11,"(0.09228544722153796, 0.14970886995698662, 0.0, 0.0, 0.0, 0.04688669779969397, 0.0, 0.09523546217639671, 0.0, 0.017362864255461012)",1
12401,33,13,11,"(0.06478104765879959, 0.14970886995698662, 0.0, 0.0, 0.0, 0.04688669779969397, 0.0, 0.09523546217639671, 0.0, 0.01812760691895582)",10
12402,33,13,11,"(0.09033430006888621, 0.14970886995698662, 0.0, 0.0, 0.0, 0.04688669779969397, 0.0, 0.09523546217639671, 0.0, 0.017266441013285366)",1
12403,33,13,11,"(0.09033430006888621, 0.09969396608436025, 0.0, 0.0, 0.0, 0.04688669779969397, 0.0, 0.09523546217639671, 0.0, 0.01812760691895582)",1
12404,33,13,11,"(0.09033430006888621, 0.14970886995698662, 0.0, 0.0, 0.0, 0.04688669779969397, 0.0, 0.09523546217639671, 0.0, 0.024474451247512855)",1
12405,33,13,11,"(0.09033430006888621, 0.14970886995698662, 0.0, 0.0, 0.0, 0.0698169456993311, 0.0, 0.09523546217639671, 0.0, 0.01812760691895582)",1
12406,33,13,11,"(0.09033430006888621, 0.15711626698907769, 0.0, 0.0, 0.0, 0.04688669779969397, 0.0, 0.09523546217639671, 0.0, 0.01812760691895582)",7
12407,33,13,11,"(0.04940550554083788, 0.1821234717547934, 0.0, 0.0, 0.0, 0.04688669779969397, 0.0, 0.09523546217639671, 0.0, 0.01812760691895582)",2
12408,33,13,11,"(0.09033430006888621, 0.14970886995698662, 0.0, 0.0, 0.0, 0.04688669779969397, 0.0, 0.09523546217639671, 0.0, 0.01812760691895582)",552
12409,33,13,11,"(0.09033430006888621, 0.15876356889801177, 0.0, 0.0, 0.0, 0.04688669779969397, 0.0, 0.09523546217639671, 0.0, 0.01812760691895582)",1
12410,33,13,11,"(0.09033430006888621, 0.14970886995698662, 0.0, 0.0, 0.0, 0.043578699822787226, 0.0, 0.11068755286719632, 0.0, 0.01812760691895582)",44
12411,33,13,13,"(0.0, 0.0, 0.11679612853536596, 0.06920069129515957, 0.09172770611919409, 0.07489992963210028, 0.0, 0.0, 0.14899621190854193, 0.0)",174
12412,33,13,13,"(0.0, 0.0, 0.11679612853536596, 0.06920069129515957, 0.09172770611919409, 0.07764706017470221, 0.0, 0.0, 0.14899621190854193, 0.0)",2
12413,33,13,13,"(0.0, 0.0, 0.11679612853536596, 0.06920069129515957, 0.09172770611919409, 0.07489992963210028, 0.0, 0.0, 0.10654812538854704, 0.0)",3
12414,33,14,8,"(0.09369258606422372, 0.0, 0.08950620996642342, 0.09247639241939104, 0.09173902283359818, 0.0, 0.06826344941350267, 0.0, 0.0, 0.0)",318
12415,33,14,11,"(0.09033430006888621, 0.14970886995698662, 0.0, 0.0, 0.0, 0.04688669779969397, 0.0, 0.09523546217639671, 0.0, 0.01812760691895582)",414
12416,33,14,11,"(0.09033430006888621, 0.14970886995698662, 0.0, 0.0, 0.0, 0.08190344937500463, 0.0, 0.09523546217639671, 0.0, 0.01812760691895582)",5
12417,33,14,11,"(0.09033430006888621, 0.14970886995698662, 0.0, 0.0, 0.0, 0.049316327775482276, 0.0, 0.09523546217639671, 0.0, 0.019847051394278472)",2
12418,33,14,11,"(0.09033430006888621, 0.14970886995698662, 0.0, 0.0, 0.0, 0.04923318014655428, 0.0, 0.09523546217639671, 0.0, 0.01812760691895582)",1
12419,33,14,11,"(0.09033430006888621, 0.14970886995698662, 0.0, 0.0, 0.0, 0.04688669779969397, 0.0, 0.05505986079186535, 0.0, 0.01812760691895582)",1
12420,33,14,13,"(0.0, 0.0, 0.13131837124796486, 0.06920069129515957, 0.12250152999306552, 0.07489992963210028, 0.0, 0.0, 0.14899621190854193, 0.0)",1
12421,33,14,13,"(0.0, 0.0, 0.11679612853536596, 0.06920069129515957, 0.09172770611919409, 0.07489992963210028, 0.0, 0.0, 0.14899621190854193, 0.0)",191
12422,33,15,8,"(0.09369258606422372, 0.0, 0.08950620996642342, 0.12031814251571578, 0.09173902283359818, 0.0, 0.030058982428201767, 0.0, 0.0, 0.0)",1
12423,33,15,8,"(0.09369258606422372, 0.0, 0.08950620996642342, 0.09247639241939104, 0.09173902283359818, 0.0, 0.10100675932208528, 0.0, 0.0, 0.0)",1
12424,33,15,8,"(0.10693576621188536, 0.0, 0.10766724637994758, 0.09247639241939104, 0.09173902283359818, 0.0, 0.06826344941350267, 0.0, 0.0, 0.0)",2
12425,33,15,8,"(0.09369258606422372, 0.0, 0.08950620996642342, 0.09247639241939104, 0.09173902283359818, 0.0, 0.06826344941350267, 0.0, 0.0, 0.0)",417
12426,33,15,8,"(0.09369258606422372, 0.0, 0.08950620996642342, 0.09247639241939104, 0.0649241867903151, 0.0, 0.05093393124917065, 0.0, 0.0, 0.0)",1
12427,33,15,11,"(0.10543353385931485, 0.14970886995698662, 0.0, 0.0, 0.0, 0.03323070527623597, 0.0, 0.2850408530427742, 0.0, 0.01812760691895582)",1
12428,33,15,11,"(0.09033430006888621, 0.14970886995698662, 0.0, 0.0, 0.0, 0.04688669779969397, 0.0, 0.10492160582495508, 0.0, 0.01812760691895582)",1
12429,33,15,11,"(0.09033430006888621, 0.14970886995698662, 0.0, 0.0, 0.0, 0.04688669779969397, 0.0, 0.09523546217639671, 0.0, 0.03030697215062392)",1
12430,33,15,11,"(0.09483200179222721, 0.14970886995698662, 0.0, 0.0, 0.0, 0.026781113220917502, 0.0, 0.09523546217639671, 0.0, 0.01812760691895582)",2
12431,33,15,11,"(0.06203104164950272, 0.24901907550653263, 0.0, 0.0, 0.0, 0.04688669779969397, 0.0, 0.09919113948845154, 0.0, 0.030837027380754063)",1
12432,33,15,11,"(0.09033430006888621, 0.10512749373963096, 0.0, 0.0, 0.0, 0.043578699822787226, 0.0, 0.11068755286719632, 0.0, 0.01812760691895582)",1
12433,33,15,11,"(0.09033430006888621, 0.14970886995698662, 0.0, 0.0, 0.0, 0.04688669779969397, 0.0, 0.09523546217639671, 0.0, 0.01812760691895582)",252
12434,33,15,11,"(0.09033430006888621, 0.14970886995698662, 0.0, 0.0, 0.0, 0.043578699822787226, 0.0, 0.11068755286719632, 0.0, 0.01812760691895582)",60
12435,33,15,13,"(0.0, 0.0, 0.11679612853536596, 0.11600467825988425, 0.09172770611919409, 0.07011637810266176, 0.0, 0.0, 0.14899621190854193, 0.0)",1
12436,33,15,13,"(0.0, 0.0, 0.11679612853536596, 0.06920069129515957, 0.09172770611919409, 0.06500150373435591, 0.0, 0.0, 0.14899621190854193, 0.0)",4
12437,33,15,13,"(0.0, 0.0, 0.11679612853536596, 0.06920069129515957, 0.09172770611919409, 0.07489992963210028, 0.0, 0.0, 0.14899621190854193, 0.0)",164
12438,33,15,13,"(0.0, 0.0, 0.11679612853536596, 0.06920069129515957, 0.09172770611919409, 0.05106455697845507, 0.0, 0.0, 0.14899621190854193, 0.0)",1
12439,33,16,8,"(0.09369258606422372, 0.0, 0.08950620996642342, 0.09247639241939104, 0.09173902283359818, 0.0, 0.06826344941350267, 0.0, 0.0, 0.0)",322
12440,33,16,8,"(0.09369258606422372, 0.0, 0.17753846470056392, 0.09247639241939104, 0.09386305480027264, 0.0, 0.1057824808273678, 0.0, 0.0, 0.0)",1
12441,33,16,8,"(0.09369258606422372, 0.0, 0.0904596856148293, 0.09247639241939104, 0.09173902283359818, 0.0, 0.06826344941350267, 0.0, 0.0, 0.0)",1
12442,33,16,11,"(0.09033430006888621, 0.14970886995698662, 0.0, 0.0, 0.0, 0.043578699822787226, 0.0, 0.11068755286719632, 0.0, 0.01812760691895582)",63
12443,33,16,11,"(0.08555771485763983, 0.14970886995698662, 0.0, 0.0, 0.0, 0.09887040460735731, 0.0, 0.12060504621523348, 0.0, 0.02198411015923478)",1
12444,33,16,11,"(0.09033430006888621, 0.22001803719124907, 0.0, 0.0, 0.0, 0.04688669779969397, 0.0, 0.09523546217639671, 0.0, 0.01812760691895582)",6
12445,33,16,11,"(0.09033430006888621, 0.14970886995698662, 0.0, 0.0, 0.0, 0.04688669779969397, 0.0, 0.09523546217639671, 0.0, 0.01812760691895582)",263
12446,33,16,11,"(0.09033430006888621, 0.14970886995698662, 0.0, 0.0, 0.0, 0.04688669779969397, 0.0, 0.08279881135943302, 0.0, 0.01812760691895582)",56
12447,33,16,11,"(0.09033430006888621, 0.07801464514007969, 0.0, 0.0, 0.0, 0.04688669779969397, 0.0, 0.06387724336967726, 0.0, 0.01812760691895582)",2
12448,33,16,11,"(0.09033430006888621, 0.14970886995698662, 0.0, 0.0, 0.0, 0.04688669779969397, 0.0, 0.15451152503412646, 0.0, 0.01812760691895582)",22
12449,33,16,11,"(0.09033430006888621, 0.14970886995698662, 0.0, 0.0, 0.0, 0.06249096678509708, 0.0, 0.12060504621523348, 0.0, 0.01812760691895582)",21
12450,33,16,11,"(0.0765325783877933, 0.14970886995698662, 0.0, 0.0, 0.0, 0.03779707287751817, 0.0, 0.09523546217639671, 0.0, 0.018530670337860468)",1
12451,33,16,11,"(0.08387091386936857, 0.14970886995698662, 0.0, 0.0, 0.0, 0.04688669779969397, 0.0, 0.13111564481184704, 0.0, 0.01812760691895582)",2
12452,33,16,11,"(0.09033430006888621, 0.08405762458622382, 0.0, 0.0, 0.0, 0.04688669779969397, 0.0, 0.09523546217639671, 0.0, 0.01812760691895582)",28
12453,33,16,11,"(0.09033430006888621, 0.14970886995698662, 0.0, 0.0, 0.0, 0.04207401218718747, 0.0, 0.09523546217639671, 0.0, 0.01812760691895582)",2
12454,33,16,11,"(0.09033430006888621, 0.14970886995698662, 0.0, 0.0, 0.0, 0.0493931904414315, 0.0, 0.04609637322970437, 0.0, 0.01812760691895582)",1
12455,33,16,11,"(0.09033430006888621, 0.32553888505899997, 0.0, 0.0, 0.0, 0.02930749789224843, 0.0, 0.0444395569217601, 0.0, 0.01812760691895582)",1
12456,33,16,13,"(0.0, 0.0, 0.382589699272828, 0.06920069129515957, 0.08460411525152209, 0.04007519653974311, 0.0, 0.0, 0.14899621190854193, 0.0)",5
12457,33,16,13,"(0.0, 0.0, 0.08974450971675099, 0.06920069129515957, 0.09172770611919409, 0.07489992963210028, 0.0, 0.0, 0.14899621190854193, 0.0)",2
12458,33,16,13,"(0.0, 0.0, 0.11679612853536596, 0.06920069129515957, 0.09172770611919409, 0.060572119696486716, 0.0, 0.0, 0.12265716585393009, 0.0)",2
12459,33,16,13,"(0.0, 0.0, 0.11679612853536596, 0.06920069129515957, 0.09172770611919409, 0.07489992963210028, 0.0, 0.0, 0.14899621190854193, 0.0)",166
12460,33,17,8,"(0.09369258606422372, 0.0, 0.08950620996642342, 0.09247639241939104, 0.09173902283359818, 0.0, 0.06185289650932712, 0.0, 0.0, 0.0)",25
12461,33,17,8,"(0.09369258606422372, 0.0, 0.08950620996642342, 0.07257594686912788, 0.09173902283359818, 0.0, 0.03812757497743177, 0.0, 0.0, 0.0)",10
12462,33,17,8,"(0.09369258606422372, 0.0, 0.08950620996642342, 0.09247639241939104, 0.058554117194405765, 0.0, 0.06826344941350267, 0.0, 0.0, 0.0)",11
12463,33,17,8,"(0.05311340624632682, 0.0, 0.08950620996642342, 0.09247639241939104, 0.09173902283359818, 0.0, 0.06826344941350267, 0.0, 0.0, 0.0)",1
12464,33,17,8,"(0.09369258606422372, 0.0, 0.08950620996642342, 0.09247639241939104, 0.052868526250694686, 0.0, 0.06826344941350267, 0.0, 0.0, 0.0)",3
12465,33,17,8,"(0.13899240929438614, 0.0, 0.08950620996642342, 0.09247639241939104, 0.09173902283359818, 0.0, 0.13461521402275972, 0.0, 0.0, 0.0)",3
12466,33,17,8,"(0.09369258606422372, 0.0, 0.08950620996642342, 0.09247639241939104, 0.09173902283359818, 0.0, 0.06826344941350267, 0.0, 0.0, 0.0)",303
12467,33,17,8,"(0.09369258606422372, 0.0, 0.08950620996642342, 0.09247639241939104, 0.05177383537841701, 0.0, 0.06826344941350267, 0.0, 0.0, 0.0)",10
12468,33,17,8,"(0.09369258606422372, 0.0, 0.05798180713336525, 0.06452134571112486, 0.09173902283359818, 0.0, 0.06826344941350267, 0.0, 0.0, 0.0)",1
12469,33,17,11,"(0.09033430006888621, 0.14970886995698662, 0.0, 0.0, 0.0, 0.04688669779969397, 0.0, 0.09523546217639671, 0.0, 0.01812760691895582)",268
12470,33,17,11,"(0.09033430006888621, 0.14970886995698662, 0.0, 0.0, 0.0, 0.04688669779969397, 0.0, 0.1024515003949862, 0.0, 0.01812760691895582)",4
12471,33,17,11,"(0.09033430006888621, 0.14970886995698662, 0.0, 0.0, 0.0, 0.04688669779969397, 0.0, 0.08279881135943302, 0.0, 0.01812760691895582)",18
12472,33,17,11,"(0.09033430006888621, 0.24622569484710144, 0.0, 0.0, 0.0, 0.04688669779969397, 0.0, 0.09523546217639671, 0.0, 0.011637053980591481)",2
12473,33,17,11,"(0.11752197241770561, 0.14970886995698662, 0.0, 0.0, 0.0, 0.04688669779969397, 0.0, 0.09523546217639671, 0.0, 0.01812760691895582)",1
12474,33,17,11,"(0.09033430006888621, 0.14970886995698662, 0.0, 0.0, 0.0, 0.043578699822787226, 0.0, 0.11068755286719632, 0.0, 0.03145189930836911)",1
12475,33,17,11,"(0.09033430006888621, 0.14970886995698662, 0.0, 0.0, 0.0, 0.043578699822787226, 0.0, 0.11068755286719632, 0.0, 0.01812760691895582)",55
12476,33,17,11,"(0.09033430006888621, 0.2057454504225529, 0.0, 0.0, 0.0, 0.04688669779969397, 0.0, 0.09523546217639671, 0.0, 0.01812760691895582)",1
12477,33,17,13,"(0.0, 0.0, 0.20103286835790554, 0.06920069129515957, 0.09172770611919409, 0.07489992963210028, 0.0, 0.0, 0.14899621190854193, 0.0)",1
12478,33,17,13,"(0.0, 0.0, 0.15136936778157878, 0.06920069129515957, 0.09172770611919409, 0.07489992963210028, 0.0, 0.0, 0.14899621190854193, 0.0)",2
12479,33,17,13,"(0.0, 0.0, 0.11679612853536596, 0.06920069129515957, 0.09172770611919409, 0.07489992963210028, 0.0, 0.0, 0.14899621190854193, 0.0)",176
12480,33,18,8,"(0.07330909628649405, 0.0, 0.08950620996642342, 0.09247639241939104, 0.09173902283359818, 0.0, 0.06826344941350267, 0.0, 0.0, 0.0)",1
12481,33,18,8,"(0.06287916181700341, 0.0, 0.08950620996642342, 0.09247639241939104, 0.09173902283359818, 0.0, 0.09368366602468915, 0.0, 0.0, 0.0)",1
12482,33,18,8,"(0.09369258606422372, 0.0, 0.08950620996642342, 0.09247639241939104, 0.09173902283359818, 0.0, 0.06826344941350267, 0.0, 0.0, 0.0)",266
12483,33,18,11,"(0.08497578547185748, 0.07923215507982538, 0.0, 0.0, 0.0, 0.04688669779969397, 0.0, 0.09523546217639671, 0.0, 0.01812760691895582)",3
12484,33,18,11,"(0.09033430006888621, 0.14970886995698662, 0.0, 0.0, 0.0, 0.04688669779969397, 0.0, 0.09582407385781798, 0.0, 0.01812760691895582)",2
12485,33,18,11,"(0.09033430006888621, 0.14970886995698662, 0.0, 0.0, 0.0, 0.10976136434135303, 0.0, 0.12681399686851552, 0.0, 0.027439728242279682)",1
12486,33,18,11,"(0.09033430006888621, 0.14970886995698662, 0.0, 0.0, 0.0, 0.08381163540653723, 0.0, 0.12681399686851552, 0.0, 0.027439728242279682)",3
12487,33,18,11,"(0.09033430006888621, 0.14970886995698662, 0.0, 0.0, 0.0, 0.06105543814040845, 0.0, 0.08161104632820387, 0.0, 0.01812760691895582)",3
12488,33,18,11,"(0.09033430006888621, 0.07923215507982538, 0.0, 0.0, 0.0, 0.04688669779969397, 0.0, 0.14650878405717696, 0.0, 0.01812760691895582)",6
12489,33,18,11,"(0.09033430006888621, 0.17351637400586967, 0.0, 0.0, 0.0, 0.04688669779969397, 0.0, 0.09523546217639671, 0.0, 0.01812760691895582)",2
12490,33,18,11,"(0.08969102693812586, 0.07923215507982538, 0.0, 0.0, 0.0, 0.04688669779969397, 0.0, 0.09523546217639671, 0.0, 0.01812760691895582)",2
12491,33,18,11,"(0.09033430006888621, 0.14970886995698662, 0.0, 0.0, 0.0, 0.04688669779969397, 0.0, 0.09523546217639671, 0.0, 0.01812760691895582)",375
12492,33,18,11,"(0.09033430006888621, 0.07923215507982538, 0.0, 0.0, 0.0, 0.04688669779969397, 0.0, 0.09523546217639671, 0.0, 0.01812760691895582)",205
12493,33,18,13,"(0.0, 0.0, 0.11679612853536596, 0.06920069129515957, 0.09172770611919409, 0.07489992963210028, 0.0, 0.0, 0.14899621190854193, 0.0)",180
12494,33,18,13,"(0.0, 0.0, 0.11679612853536596, 0.06920069129515957, 0.09172770611919409, 0.07942192935727928, 0.0, 0.0, 0.14899621190854193, 0.0)",2
12495,33,19,8,"(0.09369258606422372, 0.0, 0.08950620996642342, 0.09247639241939104, 0.09173902283359818, 0.0, 0.06826344941350267, 0.0, 0.0, 0.0)",273
12496,33,19,8,"(0.09369258606422372, 0.0, 0.08950620996642342, 0.09247639241939104, 0.06631594485444063, 0.0, 0.06826344941350267, 0.0, 0.0, 0.0)",2
12497,33,19,8,"(0.09369258606422372, 0.0, 0.08950620996642342, 0.09247639241939104, 0.09173902283359818, 0.0, 0.04147372083532921, 0.0, 0.0, 0.0)",1
12498,33,19,8,"(0.09369258606422372, 0.0, 0.14385448401691883, 0.09247639241939104, 0.09173902283359818, 0.0, 0.06826344941350267, 0.0, 0.0, 0.0)",1
12499,33,19,8,"(0.09369258606422372, 0.0, 0.08950620996642342, 0.09247639241939104, 0.07848383610019374, 0.0, 0.06826344941350267, 0.0, 0.0, 0.0)",2
12500,33,19,11,"(0.09033430006888621, 0.05880641312093957, 0.0, 0.0, 0.0, 0.04688669779969397, 0.0, 0.09523546217639671, 0.0, 0.01812760691895582)",1
12501,33,19,11,"(0.09033430006888621, 0.14970886995698662, 0.0, 0.0, 0.0, 0.043578699822787226, 0.0, 0.11068755286719632, 0.0, 0.035391766686469026)",5
12502,33,19,11,"(0.09033430006888621, 0.14970886995698662, 0.0, 0.0, 0.0, 0.043578699822787226, 0.0, 0.11068755286719632, 0.0, 0.01812760691895582)",111
12503,33,19,11,"(0.09033430006888621, 0.07923215507982538, 0.0, 0.0, 0.0, 0.04688669779969397, 0.0, 0.09523546217639671, 0.0, 0.01812760691895582)",54
12504,33,19,11,"(0.10262985802231218, 0.14970886995698662, 0.0, 0.0, 0.0, 0.020323309358654507, 0.0, 0.11068755286719632, 0.0, 0.01758133438792982)",1
12505,33,19,11,"(0.09033430006888621, 0.14970886995698662, 0.0, 0.0, 0.0, 0.04688669779969397, 0.0, 0.045359207624129774, 0.0, 0.022870824667288195)",2
12506,33,19,11,"(0.09033430006888621, 0.15341687166986936, 0.0, 0.0, 0.0, 0.04688669779969397, 0.0, 0.09523546217639671, 0.0, 0.01812760691895582)",1
12507,33,19,11,"(0.09033430006888621, 0.14970886995698662, 0.0, 0.0, 0.0, 0.04706587505290383, 0.0, 0.09523546217639671, 0.0, 0.01812760691895582)",1
12508,33,19,11,"(0.128351015705876, 0.14970886995698662, 0.0, 0.0, 0.0, 0.043578699822787226, 0.0, 0.11068755286719632, 0.0, 0.01812760691895582)",2
12509,33,19,11,"(0.09033430006888621, 0.14970886995698662, 0.0, 0.0, 0.0, 0.04688669779969397, 0.0, 0.09523546217639671, 0.0, 0.01812760691895582)",380
12510,33,19,13,"(0.0, 0.0, 0.11679612853536596, 0.06920069129515957, 0.09172770611919409, 0.07489992963210028, 0.0, 0.0, 0.14899621190854193, 0.0)",161
12511,33,19,13,"(0.0, 0.0, 0.11679612853536596, 0.09105478532193952, 0.09172770611919409, 0.07489992963210028, 0.0, 0.0, 0.14899621190854193, 0.0)",1
12512,33,19,13,"(0.0, 0.0, 0.11679612853536596, 0.06920069129515957, 0.2826046683110444, 0.07489992963210028, 0.0, 0.0, 0.14899621190854193, 0.0)",1
12513,33,20,8,"(0.06326389391339483, 0.0, 0.1005671082222121, 0.09247639241939104, 0.09173902283359818, 0.0, 0.06826344941350267, 0.0, 0.0, 0.0)",2
12514,33,20,8,"(0.09369258606422372, 0.0, 0.08950620996642342, 0.09247639241939104, 0.09173902283359818, 0.0, 0.06984331228114066, 0.0, 0.0, 0.0)",9
12515,33,20,8,"(0.09369258606422372, 0.0, 0.08950620996642342, 0.09247639241939104, 0.10102367389418479, 0.0, 0.06826344941350267, 0.0, 0.0, 0.0)",2
12516,33,20,8,"(0.09369258606422372, 0.0, 0.08950620996642342, 0.08772254938048892, 0.09173902283359818, 0.0, 0.06826344941350267, 0.0, 0.0, 0.0)",1
12517,33,20,8,"(0.09369258606422372, 0.0, 0.08950620996642342, 0.23733802802211756, 0.09173902283359818, 0.0, 0.06826344941350267, 0.0, 0.0, 0.0)",5
12518,33,20,8,"(0.09369258606422372, 0.0, 0.08950620996642342, 0.14120288101414563, 0.09173902283359818, 0.0, 0.06826344941350267, 0.0, 0.0, 0.0)",1
12519,33,20,8,"(0.09369258606422372, 0.0, 0.08950620996642342, 0.09247639241939104, 0.09173902283359818, 0.0, 0.06826344941350267, 0.0, 0.0, 0.0)",276
12520,33,20,8,"(0.09369258606422372, 0.0, 0.08950620996642342, 0.08229592818489027, 0.09006308538770401, 0.0, 0.06826344941350267, 0.0, 0.0, 0.0)",3
12521,33,20,11,"(0.14510973827505008, 0.07923215507982538, 0.0, 0.0, 0.0, 0.04688669779969397, 0.0, 0.09523546217639671, 0.0, 0.01812760691895582)",1
12522,33,20,11,"(0.09033430006888621, 0.07923215507982538, 0.0, 0.0, 0.0, 0.04688669779969397, 0.0, 0.09523546217639671, 0.0, 0.01812760691895582)",171
12523,33,20,11,"(0.09033430006888621, 0.14970886995698662, 0.0, 0.0, 0.0, 0.043578699822787226, 0.0, 0.11068755286719632, 0.0, 0.01812760691895582)",22
12524,33,20,11,"(0.16730693808575378, 0.14970886995698662, 0.0, 0.0, 0.0, 0.04688669779969397, 0.0, 0.09523546217639671, 0.0, 0.01812760691895582)",1
12525,33,20,11,"(0.09033430006888621, 0.07923215507982538, 0.0, 0.0, 0.0, 0.04688669779969397, 0.0, 0.09523546217639671, 0.0, 0.020833504495720356)",1
12526,33,20,11,"(0.09033430006888621, 0.14970886995698662, 0.0, 0.0, 0.0, 0.04688669779969397, 0.0, 0.09523546217639671, 0.0, 0.01812760691895582)",305
12527,33,20,11,"(0.09033430006888621, 0.14970886995698662, 0.0, 0.0, 0.0, 0.04688669779969397, 0.0, 0.09523546217639671, 0.0, 0.015600699409940834)",1
12528,33,20,11,"(0.09033430006888621, 0.39224827036687837, 0.0, 0.0, 0.0, 0.04688669779969397, 0.0, 0.07330279311366772, 0.0, 0.016362282801867283)",1
12529,33,20,13,"(0.0, 0.0, 0.11679612853536596, 0.03517644821883159, 0.0856562512848857, 0.07489992963210028, 0.0, 0.0, 0.1248314569311286, 0.0)",2
12530,33,20,13,"(0.0, 0.0, 0.08914388771000496, 0.06920069129515957, 0.09172770611919409, 0.07250375720678577, 0.0, 0.0, 0.14899621190854193, 0.0)",2
12531,33,20,13,"(0.0, 0.0, 0.11679612853536596, 0.06920069129515957, 0.09172770611919409, 0.05278595167013265, 0.0, 0.0, 0.14899621190854193, 0.0)",2
12532,33,20,13,"(0.0, 0.0, 0.11679612853536596, 0.06920069129515957, 0.09172770611919409, 0.07489992963210028, 0.0, 0.0, 0.14899621190854193, 0.0)",187
12533,33,20,13,"(0.0, 0.0, 0.075992037405334, 0.06920069129515957, 0.09172770611919409, 0.05735927761443855, 0.0, 0.0, 0.14899621190854193, 0.0)",1
12534,33,20,13,"(0.0, 0.0, 0.11679612853536596, 0.06920069129515957, 0.09172770611919409, 0.03552433498966239, 0.0, 0.0, 0.14899621190854193, 0.0)",1
12535,34,0,8,"(0.09369258606422372, 0.0, 0.08950620996642342, 0.09247639241939104, 0.09173902283359818, 0.0, 0.06826344941350267, 0.0, 0.0, 0.0)",284
12536,34,0,8,"(0.08829965453524319, 0.0, 0.08950620996642342, 0.09247639241939104, 0.09173902283359818, 0.0, 0.06826344941350267, 0.0, 0.0, 0.0)",111
12537,34,0,8,"(0.09369258606422372, 0.0, 0.08950620996642342, 0.09247639241939104, 0.09173902283359818, 0.0, 0.052177894949268395, 0.0, 0.0, 0.0)",1
12538,34,0,11,"(0.09989585136334425, 0.5433151433018636, 0.0, 0.0, 0.0, 0.05526625960861164, 0.0, 0.09523546217639671, 0.0, 0.01812760691895582)",1
12539,34,0,11,"(0.13673138595100803, 0.14970886995698662, 0.0, 0.0, 0.0, 0.04688669779969397, 0.0, 0.09523546217639671, 0.0, 0.01812760691895582)",3
12540,34,0,11,"(0.09033430006888621, 0.2698958705378051, 0.0, 0.0, 0.0, 0.04688669779969397, 0.0, 0.09523546217639671, 0.0, 0.01812760691895582)",1
12541,34,0,11,"(0.09033430006888621, 0.14970886995698662, 0.0, 0.0, 0.0, 0.04688669779969397, 0.0, 0.09523546217639671, 0.0, 0.01812760691895582)",327
12542,34,0,11,"(0.09033430006888621, 0.14970886995698662, 0.0, 0.0, 0.0, 0.06355215407906442, 0.0, 0.09523546217639671, 0.0, 0.01812760691895582)",4
12543,34,0,13,"(0.0, 0.0, 0.1358210725560378, 0.06920069129515957, 0.09172770611919409, 0.07489992963210028, 0.0, 0.0, 0.15505665387652573, 0.0)",9
12544,34,0,13,"(0.0, 0.0, 0.11679612853536596, 0.0976762034421202, 0.09172770611919409, 0.07489992963210028, 0.0, 0.0, 0.14899621190854193, 0.0)",1
12545,34,0,13,"(0.0, 0.0, 0.11679612853536596, 0.06920069129515957, 0.09172770611919409, 0.07489992963210028, 0.0, 0.0, 0.14899621190854193, 0.0)",168
12546,34,1,8,"(0.09369258606422372, 0.0, 0.08950620996642342, 0.1590381549633721, 0.09173902283359818, 0.0, 0.06826344941350267, 0.0, 0.0, 0.0)",2
12547,34,1,8,"(0.09369258606422372, 0.0, 0.08950620996642342, 0.0722391297167492, 0.09173902283359818, 0.0, 0.10365027011448291, 0.0, 0.0, 0.0)",1
12548,34,1,8,"(0.09369258606422372, 0.0, 0.08950620996642342, 0.09247639241939104, 0.09173902283359818, 0.0, 0.06826344941350267, 0.0, 0.0, 0.0)",246
12549,34,1,8,"(0.08829965453524319, 0.0, 0.08950620996642342, 0.09247639241939104, 0.09173902283359818, 0.0, 0.06826344941350267, 0.0, 0.0, 0.0)",14
12550,34,1,8,"(0.09369258606422372, 0.0, 0.08950620996642342, 0.072498135933611, 0.09173902283359818, 0.0, 0.05286754050035967, 0.0, 0.0, 0.0)",13
12551,34,1,8,"(0.09369258606422372, 0.0, 0.08950620996642342, 0.09247639241939104, 0.11816899184516888, 0.0, 0.06826344941350267, 0.0, 0.0, 0.0)",38
12552,34,1,11,"(0.08666568324695348, 0.14970886995698662, 0.0, 0.0, 0.0, 0.04688669779969397, 0.0, 0.09523546217639671, 0.0, 0.01812760691895582)",2
12553,34,1,11,"(0.09033430006888621, 0.14970886995698662, 0.0, 0.0, 0.0, 0.04688669779969397, 0.0, 0.09523546217639671, 0.0, 0.017141929744157323)",1
12554,34,1,11,"(0.09033430006888621, 0.14970886995698662, 0.0, 0.0, 0.0, 0.04688669779969397, 0.0, 0.11082984633429234, 0.0, 0.01812760691895582)",1
12555,34,1,11,"(0.09033430006888621, 0.16332714998713238, 0.0, 0.0, 0.0, 0.04688669779969397, 0.0, 0.09523546217639671, 0.0, 0.01812760691895582)",1
12556,34,1,11,"(0.09033430006888621, 0.14970886995698662, 0.0, 0.0, 0.0, 0.04688669779969397, 0.0, 0.10972922344906408, 0.0, 0.01812760691895582)",1
12557,34,1,11,"(0.09033430006888621, 0.21691494522389082, 0.0, 0.0, 0.0, 0.04688669779969397, 0.0, 0.09523546217639671, 0.0, 0.01812760691895582)",1
12558,34,1,11,"(0.09033430006888621, 0.14970886995698662, 0.0, 0.0, 0.0, 0.04688669779969397, 0.0, 0.09523546217639671, 0.0, 0.031051048610206557)",20
12559,34,1,11,"(0.09033430006888621, 0.14970886995698662, 0.0, 0.0, 0.0, 0.04688669779969397, 0.0, 0.09523546217639671, 0.0, 0.01812760691895582)",378
12560,34,1,13,"(0.0, 0.0, 0.11679612853536596, 0.06920069129515957, 0.09172770611919409, 0.07489992963210028, 0.0, 0.0, 0.14899621190854193, 0.0)",179
12561,34,1,13,"(0.0, 0.0, 0.11679612853536596, 0.06920069129515957, 0.0763542868513299, 0.06817554114582385, 0.0, 0.0, 0.14899621190854193, 0.0)",6
12562,34,1,13,"(0.0, 0.0, 0.19455164730388985, 0.06920069129515957, 0.09172770611919409, 0.07489992963210028, 0.0, 0.0, 0.14899621190854193, 0.0)",1
12563,34,1,13,"(0.0, 0.0, 0.11679612853536596, 0.06920069129515957, 0.09172770611919409, 0.047813799108860626, 0.0, 0.0, 0.14899621190854193, 0.0)",1
12564,34,1,13,"(0.0, 0.0, 0.06799523911500258, 0.06920069129515957, 0.09172770611919409, 0.07489992963210028, 0.0, 0.0, 0.14899621190854193, 0.0)",1
12565,34,2,8,"(0.08829965453524319, 0.0, 0.08950620996642342, 0.09247639241939104, 0.09173902283359818, 0.0, 0.06826344941350267, 0.0, 0.0, 0.0)",32
12566,34,2,8,"(0.09369258606422372, 0.0, 0.08950620996642342, 0.09247639241939104, 0.18182900081617268, 0.0, 0.06826344941350267, 0.0, 0.0, 0.0)",12
12567,34,2,8,"(0.09651791469743728, 0.0, 0.08950620996642342, 0.053260133207540895, 0.09173902283359818, 0.0, 0.06826344941350267, 0.0, 0.0, 0.0)",2
12568,34,2,8,"(0.18556956382381054, 0.0, 0.08950620996642342, 0.08777409527187208, 0.14328304464162375, 0.0, 0.06826344941350267, 0.0, 0.0, 0.0)",3
12569,34,2,8,"(0.09369258606422372, 0.0, 0.08950620996642342, 0.09247639241939104, 0.09173902283359818, 0.0, 0.06826344941350267, 0.0, 0.0, 0.0)",295
12570,34,2,11,"(0.09033430006888621, 0.14970886995698662, 0.0, 0.0, 0.0, 0.04688669779969397, 0.0, 0.09239858692110522, 0.0, 0.01812760691895582)",3
12571,34,2,11,"(0.09033430006888621, 0.2985129749839645, 0.0, 0.0, 0.0, 0.04688669779969397, 0.0, 0.09523546217639671, 0.0, 0.01812760691895582)",1
12572,34,2,11,"(0.09033430006888621, 0.12142457083358042, 0.0, 0.0, 0.0, 0.04688669779969397, 0.0, 0.09523546217639671, 0.0, 0.020958426529346944)",2
12573,34,2,11,"(0.09033430006888621, 0.14970886995698662, 0.0, 0.0, 0.0, 0.04688669779969397, 0.0, 0.09523546217639671, 0.0, 0.031051048610206557)",45
12574,34,2,11,"(0.09033430006888621, 0.14970886995698662, 0.0, 0.0, 0.0, 0.04688669779969397, 0.0, 0.07851631155931958, 0.0, 0.01812760691895582)",5
12575,34,2,11,"(0.09033430006888621, 0.14970886995698662, 0.0, 0.0, 0.0, 0.04688669779969397, 0.0, 0.09523546217639671, 0.0, 0.01812760691895582)",339
12576,34,2,11,"(0.09033430006888621, 0.21060731836501864, 0.0, 0.0, 0.0, 0.04688669779969397, 0.0, 0.09523546217639671, 0.0, 0.01812760691895582)",1
12577,34,2,13,"(0.0, 0.0, 0.11679612853536596, 0.06920069129515957, 0.09172770611919409, 0.08363625653749053, 0.0, 0.0, 0.14899621190854193, 0.0)",1
12578,34,2,13,"(0.0, 0.0, 0.11679612853536596, 0.06920069129515957, 0.09172770611919409, 0.07489992963210028, 0.0, 0.0, 0.14899621190854193, 0.0)",177
12579,34,2,13,"(0.0, 0.0, 0.11679612853536596, 0.06920069129515957, 0.10256006673191125, 0.07489992963210028, 0.0, 0.0, 0.14899621190854193, 0.0)",2
12580,34,3,8,"(0.09369258606422372, 0.0, 0.08950620996642342, 0.09247639241939104, 0.09173902283359818, 0.0, 0.06826344941350267, 0.0, 0.0, 0.0)",172
12581,34,3,8,"(0.05729366348142208, 0.0, 0.08950620996642342, 0.09247639241939104, 0.09173902283359818, 0.0, 0.06826344941350267, 0.0, 0.0, 0.0)",25
12582,34,3,8,"(0.09369258606422372, 0.0, 0.08950620996642342, 0.19250564197529324, 0.08657066613796227, 0.0, 0.07916852218240475, 0.0, 0.0, 0.0)",1
12583,34,3,8,"(0.09369258606422372, 0.0, 0.08405653076630912, 0.09247639241939104, 0.09173902283359818, 0.0, 0.06826344941350267, 0.0, 0.0, 0.0)",75
12584,34,3,8,"(0.08215567608494515, 0.0, 0.08950620996642342, 0.09247639241939104, 0.09173902283359818, 0.0, 0.06826344941350267, 0.0, 0.0, 0.0)",2
12585,34,3,8,"(0.09369258606422372, 0.0, 0.08950620996642342, 0.09247639241939104, 0.09173902283359818, 0.0, 0.06343383496420474, 0.0, 0.0, 0.0)",5
12586,34,3,11,"(0.09033430006888621, 0.09367942453431076, 0.0, 0.0, 0.0, 0.04688669779969397, 0.0, 0.08279881135943302, 0.0, 0.01812760691895582)",3
12587,34,3,11,"(0.08065867099941522, 0.14970886995698662, 0.0, 0.0, 0.0, 0.04688669779969397, 0.0, 0.09523546217639671, 0.0, 0.008450364807633415)",1
12588,34,3,11,"(0.09033430006888621, 0.14970886995698662, 0.0, 0.0, 0.0, 0.043578699822787226, 0.0, 0.11068755286719632, 0.0, 0.01812760691895582)",93
12589,34,3,11,"(0.09033430006888621, 0.14970886995698662, 0.0, 0.0, 0.0, 0.04688669779969397, 0.0, 0.08279881135943302, 0.0, 0.01812760691895582)",132
12590,34,3,11,"(0.09033430006888621, 0.12401278844979317, 0.0, 0.0, 0.0, 0.04688669779969397, 0.0, 0.09523546217639671, 0.0, 0.01812760691895582)",1
12591,34,3,11,"(0.09033430006888621, 0.07270104838490427, 0.0, 0.0, 0.0, 0.04688669779969397, 0.0, 0.08279881135943302, 0.0, 0.01812760691895582)",1
12592,34,3,11,"(0.15015946480689826, 0.16935589103368484, 0.0, 0.0, 0.0, 0.04688669779969397, 0.0, 0.08279881135943302, 0.0, 0.011422409639665947)",4
12593,34,3,11,"(0.09033430006888621, 0.14970886995698662, 0.0, 0.0, 0.0, 0.04688669779969397, 0.0, 0.09523546217639671, 0.0, 0.01812760691895582)",312
12594,34,3,11,"(0.09033430006888621, 0.40715125088798215, 0.0, 0.0, 0.0, 0.043578699822787226, 0.0, 0.11068755286719632, 0.0, 0.01812760691895582)",3
12595,34,3,11,"(0.0926000374512862, 0.14970886995698662, 0.0, 0.0, 0.0, 0.04688669779969397, 0.0, 0.08279881135943302, 0.0, 0.01812760691895582)",1
12596,34,3,13,"(0.0, 0.0, 0.17847034711497783, 0.06920069129515957, 0.09342020972978408, 0.07489992963210028, 0.0, 0.0, 0.14899621190854193, 0.0)",2
12597,34,3,13,"(0.0, 0.0, 0.11679612853536596, 0.06920069129515957, 0.09172770611919409, 0.07489992963210028, 0.0, 0.0, 0.14899621190854193, 0.0)",181
12598,34,3,13,"(0.0, 0.0, 0.11679612853536596, 0.06920069129515957, 0.09172770611919409, 0.08484659039056748, 0.0, 0.0, 0.14899621190854193, 0.0)",1
12599,34,4,8,"(0.20287150864730344, 0.0, 0.08405653076630912, 0.09247639241939104, 0.09173902283359818, 0.0, 0.06826344941350267, 0.0, 0.0, 0.0)",1
12600,34,4,8,"(0.09369258606422372, 0.0, 0.08950620996642342, 0.09247639241939104, 0.09173902283359818, 0.0, 0.06826344941350267, 0.0, 0.0, 0.0)",150
12601,34,4,8,"(0.09369258606422372, 0.0, 0.08405653076630912, 0.09247639241939104, 0.09173902283359818, 0.0, 0.06826344941350267, 0.0, 0.0, 0.0)",115
12602,34,4,11,"(0.09033430006888621, 0.1788258178391736, 0.0, 0.0, 0.0, 0.04688669779969397, 0.0, 0.09523546217639671, 0.0, 0.01812760691895582)",1
12603,34,4,11,"(0.09033430006888621, 0.14970886995698662, 0.0, 0.0, 0.0, 0.04688669779969397, 0.0, 0.08279881135943302, 0.0, 0.01812760691895582)",252
12604,34,4,11,"(0.09033430006888621, 0.14970886995698662, 0.0, 0.0, 0.0, 0.08792882402731289, 0.0, 0.08279881135943302, 0.0, 0.01812760691895582)",2
12605,34,4,11,"(0.09033430006888621, 0.14970886995698662, 0.0, 0.0, 0.0, 0.04688669779969397, 0.0, 0.08279881135943302, 0.0, 0.01644588422459621)",1
12606,34,4,11,"(0.09033430006888621, 0.23166750134476227, 0.0, 0.0, 0.0, 0.04688669779969397, 0.0, 0.12509023088984175, 0.0, 0.01812760691895582)",1
12607,34,4,11,"(0.15060841049257545, 0.14970886995698662, 0.0, 0.0, 0.0, 0.04688669779969397, 0.0, 0.1595384280033175, 0.0, 0.01812760691895582)",1
12608,34,4,11,"(0.09033430006888621, 0.14970886995698662, 0.0, 0.0, 0.0, 0.043578699822787226, 0.0, 0.11068755286719632, 0.0, 0.01812760691895582)",3
12609,34,4,11,"(0.09033430006888621, 0.14970886995698662, 0.0, 0.0, 0.0, 0.04688669779969397, 0.0, 0.09523546217639671, 0.0, 0.01812760691895582)",340
12610,34,4,11,"(0.10306006994797995, 0.14970886995698662, 0.0, 0.0, 0.0, 0.04688669779969397, 0.0, 0.08279881135943302, 0.0, 0.01812760691895582)",1
12611,34,4,11,"(0.09033430006888621, 0.14970886995698662, 0.0, 0.0, 0.0, 0.04688669779969397, 0.0, 0.08279881135943302, 0.0, 0.006699827979770314)",1
12612,34,4,11,"(0.09033430006888621, 0.14970886995698662, 0.0, 0.0, 0.0, 0.04688669779969397, 0.0, 0.09523546217639671, 0.0, 0.009127467777119752)",3
12613,34,4,11,"(0.09033430006888621, 0.14970886995698662, 0.0, 0.0, 0.0, 0.04688669779969397, 0.0, 0.13231027225977263, 0.0, 0.01812760691895582)",3
12614,34,4,11,"(0.09033430006888621, 0.14970886995698662, 0.0, 0.0, 0.0, 0.04688669779969397, 0.0, 0.05126042301320104, 0.0, 0.01812760691895582)",1
12615,34,4,11,"(0.09033430006888621, 0.14970886995698662, 0.0, 0.0, 0.0, 0.046053082180639755, 0.0, 0.056805080879774, 0.0, 0.01812760691895582)",2
12616,34,4,13,"(0.0, 0.0, 0.11679612853536596, 0.06920069129515957, 0.09172770611919409, 0.07489992963210028, 0.0, 0.0, 0.18788023632908007, 0.0)",2
12617,34,4,13,"(0.0, 0.0, 0.11679612853536596, 0.06920069129515957, 0.09172770611919409, 0.07489992963210028, 0.0, 0.0, 0.08372845540409195, 0.0)",50
12618,34,4,13,"(0.0, 0.0, 0.11679612853536596, 0.06920069129515957, 0.09172770611919409, 0.07489992963210028, 0.0, 0.0, 0.14899621190854193, 0.0)",140
12619,34,5,8,"(0.09369258606422372, 0.0, 0.08950620996642342, 0.09247639241939104, 0.09173902283359818, 0.0, 0.06826344941350267, 0.0, 0.0, 0.0)",212
12620,34,5,8,"(0.09369258606422372, 0.0, 0.08405653076630912, 0.09247639241939104, 0.09173902283359818, 0.0, 0.06826344941350267, 0.0, 0.0, 0.0)",82
12621,34,5,8,"(0.09157726749403262, 0.0, 0.09924891141063875, 0.09247639241939104, 0.09173902283359818, 0.0, 0.12403106541972422, 0.0, 0.0, 0.0)",13
12622,34,5,11,"(0.09033430006888621, 0.14970886995698662, 0.0, 0.0, 0.0, 0.043578699822787226, 0.0, 0.11068755286719632, 0.0, 0.01812760691895582)",63
12623,34,5,11,"(0.09033430006888621, 0.1235783467900421, 0.0, 0.0, 0.0, 0.04688669779969397, 0.0, 0.09523546217639671, 0.0, 0.01812760691895582)",2
12624,34,5,11,"(0.09033430006888621, 0.1824675453564916, 0.0, 0.0, 0.0, 0.04688669779969397, 0.0, 0.09523546217639671, 0.0, 0.01812760691895582)",2
12625,34,5,11,"(0.09033430006888621, 0.14970886995698662, 0.0, 0.0, 0.0, 0.04688669779969397, 0.0, 0.10827892310054088, 0.0, 0.01812760691895582)",11
12626,34,5,11,"(0.053548190738946067, 0.14970886995698662, 0.0, 0.0, 0.0, 0.04688669779969397, 0.0, 0.13059631461557078, 0.0, 0.01812760691895582)",1
12627,34,5,11,"(0.09033430006888621, 0.14970886995698662, 0.0, 0.0, 0.0, 0.04688669779969397, 0.0, 0.09523546217639671, 0.0, 0.01812760691895582)",429
12628,34,5,13,"(0.0, 0.0, 0.11679612853536596, 0.06920069129515957, 0.09172770611919409, 0.05474009034676508, 0.0, 0.0, 0.08372845540409195, 0.0)",1
12629,34,5,13,"(0.0, 0.0, 0.11679612853536596, 0.06920069129515957, 0.09172770611919409, 0.07489992963210028, 0.0, 0.0, 0.14899621190854193, 0.0)",164
12630,34,5,13,"(0.0, 0.0, 0.11679612853536596, 0.06920069129515957, 0.09172770611919409, 0.07489992963210028, 0.0, 0.0, 0.08372845540409195, 0.0)",12
12631,34,6,8,"(0.03316879092755439, 0.0, 0.08950620996642342, 0.08803052104676798, 0.09173902283359818, 0.0, 0.06826344941350267, 0.0, 0.0, 0.0)",17
12632,34,6,8,"(0.09369258606422372, 0.0, 0.08950620996642342, 0.09247639241939104, 0.09173902283359818, 0.0, 0.06826344941350267, 0.0, 0.0, 0.0)",300
12633,34,6,8,"(0.09369258606422372, 0.0, 0.08950620996642342, 0.06484808656941148, 0.09173902283359818, 0.0, 0.06826344941350267, 0.0, 0.0, 0.0)",19
12634,34,6,8,"(0.09369258606422372, 0.0, 0.11312217111826028, 0.09247639241939104, 0.09173902283359818, 0.0, 0.06826344941350267, 0.0, 0.0, 0.0)",2
12635,34,6,8,"(0.09369258606422372, 0.0, 0.08950620996642342, 0.09856718281703301, 0.09173902283359818, 0.0, 0.06826344941350267, 0.0, 0.0, 0.0)",6
12636,34,6,8,"(0.09369258606422372, 0.0, 0.08950620996642342, 0.09247639241939104, 0.09173902283359818, 0.0, 0.07290471279032415, 0.0, 0.0, 0.0)",2
12637,34,6,11,"(0.09033430006888621, 0.14970886995698662, 0.0, 0.0, 0.0, 0.04688669779969397, 0.0, 0.09523546217639671, 0.0, 0.01812760691895582)",324
12638,34,6,11,"(0.04869236239191149, 0.14970886995698662, 0.0, 0.0, 0.0, 0.04688669779969397, 0.0, 0.09523546217639671, 0.0, 0.01812760691895582)",1
12639,34,6,11,"(0.09033430006888621, 0.1511542498623189, 0.0, 0.0, 0.0, 0.04688669779969397, 0.0, 0.09523546217639671, 0.0, 0.03162442839779805)",2
12640,34,6,11,"(0.09033430006888621, 0.14970886995698662, 0.0, 0.0, 0.0, 0.043578699822787226, 0.0, 0.11068755286719632, 0.0, 0.01812760691895582)",86
12641,34,6,11,"(0.1367894255064663, 0.14970886995698662, 0.0, 0.0, 0.0, 0.04688669779969397, 0.0, 0.09523546217639671, 0.0, 0.01812760691895582)",1
12642,34,6,11,"(0.10989740191330363, 0.14970886995698662, 0.0, 0.0, 0.0, 0.08920215147015664, 0.0, 0.09523546217639671, 0.0, 0.01812760691895582)",2
12643,34,6,11,"(0.08155149151921655, 0.14970886995698662, 0.0, 0.0, 0.0, 0.04688669779969397, 0.0, 0.09523546217639671, 0.0, 0.01812760691895582)",2
12644,34,6,13,"(0.0, 0.0, 0.11679612853536596, 0.07656311431134667, 0.09172770611919409, 0.07489992963210028, 0.0, 0.0, 0.14899621190854193, 0.0)",11
12645,34,6,13,"(0.0, 0.0, 0.0452850443985279, 0.06920069129515957, 0.09172770611919409, 0.07489992963210028, 0.0, 0.0, 0.14899621190854193, 0.0)",2
12646,34,6,13,"(0.0, 0.0, 0.11679612853536596, 0.06920069129515957, 0.09172770611919409, 0.07489992963210028, 0.0, 0.0, 0.14899621190854193, 0.0)",145
12647,34,6,13,"(0.0, 0.0, 0.10324115726217174, 0.06920069129515957, 0.1277207918647481, 0.07380440270069913, 0.0, 0.0, 0.14899621190854193, 0.0)",2
12648,34,6,13,"(0.0, 0.0, 0.11679612853536596, 0.06747470397147956, 0.09172770611919409, 0.07525082866911169, 0.0, 0.0, 0.14899621190854193, 0.0)",1
12649,34,6,13,"(0.0, 0.0, 0.11679612853536596, 0.06920069129515957, 0.09172770611919409, 0.0835674206630726, 0.0, 0.0, 0.14899621190854193, 0.0)",1
12650,34,6,13,"(0.0, 0.0, 0.05150672619623865, 0.06920069129515957, 0.09172770611919409, 0.07489992963210028, 0.0, 0.0, 0.14899621190854193, 0.0)",4
12651,34,7,8,"(0.09369258606422372, 0.0, 0.08950620996642342, 0.07968460669223988, 0.09173902283359818, 0.0, 0.06826344941350267, 0.0, 0.0, 0.0)",1
12652,34,7,8,"(0.09369258606422372, 0.0, 0.08950620996642342, 0.21171271326196167, 0.09173902283359818, 0.0, 0.05693005239060196, 0.0, 0.0, 0.0)",2
12653,34,7,8,"(0.09369258606422372, 0.0, 0.09051139206661392, 0.09247639241939104, 0.09173902283359818, 0.0, 0.06826344941350267, 0.0, 0.0, 0.0)",37
12654,34,7,8,"(0.09369258606422372, 0.0, 0.08950620996642342, 0.06484808656941148, 0.09173902283359818, 0.0, 0.06826344941350267, 0.0, 0.0, 0.0)",46
12655,34,7,8,"(0.09369258606422372, 0.0, 0.08950620996642342, 0.09247639241939104, 0.09173902283359818, 0.0, 0.06826344941350267, 0.0, 0.0, 0.0)",206
12656,34,7,8,"(0.09369258606422372, 0.0, 0.08950620996642342, 0.09321933863844063, 0.09173902283359818, 0.0, 0.06826344941350267, 0.0, 0.0, 0.0)",1
12657,34,7,8,"(0.19989202241017134, 0.0, 0.08950620996642342, 0.09247639241939104, 0.04263898225302835, 0.0, 0.06826344941350267, 0.0, 0.0, 0.0)",3
12658,34,7,11,"(0.09033430006888621, 0.14970886995698662, 0.0, 0.0, 0.0, 0.04688669779969397, 0.0, 0.09523546217639671, 0.0, 0.02171234962994311)",1
12659,34,7,11,"(0.09033430006888621, 0.14970886995698662, 0.0, 0.0, 0.0, 0.04688669779969397, 0.0, 0.10240562638307911, 0.0, 0.01812760691895582)",3
12660,34,7,11,"(0.09033430006888621, 0.21867949881914028, 0.0, 0.0, 0.0, 0.06733408832478392, 0.0, 0.11068755286719632, 0.0, 0.01812760691895582)",1
12661,34,7,11,"(0.09033430006888621, 0.14970886995698662, 0.0, 0.0, 0.0, 0.043578699822787226, 0.0, 0.11068755286719632, 0.0, 0.01812760691895582)",97
12662,34,7,11,"(0.09033430006888621, 0.14970886995698662, 0.0, 0.0, 0.0, 0.04688669779969397, 0.0, 0.09523546217639671, 0.0, 0.01812760691895582)",380
12663,34,7,11,"(0.09033430006888621, 0.14970886995698662, 0.0, 0.0, 0.0, 0.04688669779969397, 0.0, 0.09523546217639671, 0.0, 0.05697892079190393)",1
12664,34,7,13,"(0.0, 0.0, 0.11679612853536596, 0.06920069129515957, 0.09172770611919409, 0.07489992963210028, 0.0, 0.0, 0.14899621190854193, 0.0)",167
12665,34,7,13,"(0.0, 0.0, 0.28243080100775003, 0.06920069129515957, 0.09172770611919409, 0.07489992963210028, 0.0, 0.0, 0.14899621190854193, 0.0)",2
12666,34,8,8,"(0.09369258606422372, 0.0, 0.08950620996642342, 0.06048226182064615, 0.09173902283359818, 0.0, 0.06826344941350267, 0.0, 0.0, 0.0)",5
12667,34,8,8,"(0.1148735053391462, 0.0, 0.06889893674142172, 0.09247639241939104, 0.09173902283359818, 0.0, 0.03621430142163985, 0.0, 0.0, 0.0)",1
12668,34,8,8,"(0.1148735053391462, 0.0, 0.08950620996642342, 0.09247639241939104, 0.09173902283359818, 0.0, 0.03621430142163985, 0.0, 0.0, 0.0)",1
12669,34,8,8,"(0.10592944223463541, 0.0, 0.08950620996642342, 0.09247639241939104, 0.09173902283359818, 0.0, 0.06826344941350267, 0.0, 0.0, 0.0)",2
12670,34,8,8,"(0.09369258606422372, 0.0, 0.08950620996642342, 0.08502315192299306, 0.09173902283359818, 0.0, 0.06826344941350267, 0.0, 0.0, 0.0)",1
12671,34,8,8,"(0.09369258606422372, 0.0, 0.08950620996642342, 0.09247639241939104, 0.10082044877642553, 0.0, 0.06826344941350267, 0.0, 0.0, 0.0)",1
12672,34,8,8,"(0.09369258606422372, 0.0, 0.08950620996642342, 0.09247639241939104, 0.11720279423178541, 0.0, 0.06826344941350267, 0.0, 0.0, 0.0)",1
12673,34,8,8,"(0.09369258606422372, 0.0, 0.06508093036814157, 0.09247639241939104, 0.09173902283359818, 0.0, 0.06826344941350267, 0.0, 0.0, 0.0)",1
12674,34,8,8,"(0.09369258606422372, 0.0, 0.08950620996642342, 0.1413970757686701, 0.09173902283359818, 0.0, 0.06826344941350267, 0.0, 0.0, 0.0)",1
12675,34,8,8,"(0.09369258606422372, 0.0, 0.08950620996642342, 0.09247639241939104, 0.09173902283359818, 0.0, 0.06826344941350267, 0.0, 0.0, 0.0)",322
12676,34,8,11,"(0.09033430006888621, 0.14970886995698662, 0.0, 0.0, 0.0, 0.043923472621922206, 0.0, 0.09523546217639671, 0.0, 0.01812760691895582)",2
12677,34,8,11,"(0.09617860501414915, 0.07268220718794662, 0.0, 0.0, 0.0, 0.04688669779969397, 0.0, 0.09523546217639671, 0.0, 0.01812760691895582)",2
12678,34,8,11,"(0.09033430006888621, 0.14970886995698662, 0.0, 0.0, 0.0, 0.043578699822787226, 0.0, 0.11068755286719632, 0.0, 0.01812760691895582)",16
12679,34,8,11,"(0.09033430006888621, 0.14970886995698662, 0.0, 0.0, 0.0, 0.04688669779969397, 0.0, 0.09523546217639671, 0.0, 0.01812760691895582)",424
12680,34,8,11,"(0.09033430006888621, 0.09649592658096358, 0.0, 0.0, 0.0, 0.04688669779969397, 0.0, 0.09523546217639671, 0.0, 0.01812760691895582)",1
12681,34,8,11,"(0.09033430006888621, 0.18930907486238419, 0.0, 0.0, 0.0, 0.04688669779969397, 0.0, 0.09523546217639671, 0.0, 0.01812760691895582)",1
12682,34,8,11,"(0.09033430006888621, 0.17351809923996314, 0.0, 0.0, 0.0, 0.04688669779969397, 0.0, 0.09523546217639671, 0.0, 0.01812760691895582)",26
12683,34,8,11,"(0.161546557827507, 0.14970886995698662, 0.0, 0.0, 0.0, 0.0507744521712361, 0.0, 0.09523546217639671, 0.0, 0.01812760691895582)",7
12684,34,8,11,"(0.09033430006888621, 0.11785899931951879, 0.0, 0.0, 0.0, 0.04688669779969397, 0.0, 0.09523546217639671, 0.0, 0.018884826993978164)",2
12685,34,8,13,"(0.0, 0.0, 0.11679612853536596, 0.19222027530616526, 0.09172770611919409, 0.07489992963210028, 0.0, 0.0, 0.14899621190854193, 0.0)",1
12686,34,8,13,"(0.0, 0.0, 0.11679612853536596, 0.06920069129515957, 0.09172770611919409, 0.07489992963210028, 0.0, 0.0, 0.14899621190854193, 0.0)",184
12687,34,9,8,"(0.09369258606422372, 0.0, 0.08950620996642342, 0.09247639241939104, 0.09173902283359818, 0.0, 0.06826344941350267, 0.0, 0.0, 0.0)",275
12688,34,9,8,"(0.16875591564853246, 0.0, 0.08950620996642342, 0.09247639241939104, 0.09173902283359818, 0.0, 0.06826344941350267, 0.0, 0.0, 0.0)",4
12689,34,9,8,"(0.09369258606422372, 0.0, 0.23893397384875734, 0.09247639241939104, 0.09173902283359818, 0.0, 0.06826344941350267, 0.0, 0.0, 0.0)",1
12690,34,9,8,"(0.09369258606422372, 0.0, 0.08950620996642342, 0.09247639241939104, 0.034617551254970104, 0.0, 0.06826344941350267, 0.0, 0.0, 0.0)",14
12691,34,9,8,"(0.09369258606422372, 0.0, 0.08950620996642342, 0.078610546841816, 0.09173902283359818, 0.0, 0.06826344941350267, 0.0, 0.0, 0.0)",1
12692,34,9,8,"(0.09369258606422372, 0.0, 0.19327225706530307, 0.09247639241939104, 0.09173902283359818, 0.0, 0.06643044733097232, 0.0, 0.0, 0.0)",10
12693,34,9,11,"(0.09033430006888621, 0.09661712044234023, 0.0, 0.0, 0.0, 0.04688669779969397, 0.0, 0.09523546217639671, 0.0, 0.01812760691895582)",2
12694,34,9,11,"(0.09033430006888621, 0.1436105052219156, 0.0, 0.0, 0.0, 0.04688669779969397, 0.0, 0.09523546217639671, 0.0, 0.01812760691895582)",1
12695,34,9,11,"(0.12485565248736524, 0.14970886995698662, 0.0, 0.0, 0.0, 0.04688669779969397, 0.0, 0.09523546217639671, 0.0, 0.01812760691895582)",1
12696,34,9,11,"(0.09033430006888621, 0.14970886995698662, 0.0, 0.0, 0.0, 0.04688669779969397, 0.0, 0.1122493131531667, 0.0, 0.01812760691895582)",1
12697,34,9,11,"(0.09033430006888621, 0.14970886995698662, 0.0, 0.0, 0.0, 0.04688669779969397, 0.0, 0.09523546217639671, 0.0, 0.01812760691895582)",483
12698,34,9,13,"(0.0, 0.0, 0.11679612853536596, 0.06920069129515957, 0.09172770611919409, 0.07489992963210028, 0.0, 0.0, 0.14899621190854193, 0.0)",174
12699,34,9,13,"(0.0, 0.0, 0.11679612853536596, 0.06920069129515957, 0.1369834150686086, 0.07489992963210028, 0.0, 0.0, 0.14899621190854193, 0.0)",1
12700,34,9,13,"(0.0, 0.0, 0.13711778380342657, 0.06333538686785894, 0.09172770611919409, 0.07489992963210028, 0.0, 0.0, 0.14899621190854193, 0.0)",2
12701,34,9,13,"(0.0, 0.0, 0.0953457512437804, 0.06920069129515957, 0.09172770611919409, 0.09868003178415818, 0.0, 0.0, 0.14022017084824556, 0.0)",1
12702,34,10,8,"(0.09369258606422372, 0.0, 0.08950620996642342, 0.04783866772639467, 0.09173902283359818, 0.0, 0.06826344941350267, 0.0, 0.0, 0.0)",1
12703,34,10,8,"(0.07549543049072027, 0.0, 0.08950620996642342, 0.09247639241939104, 0.09173902283359818, 0.0, 0.06826344941350267, 0.0, 0.0, 0.0)",1
12704,34,10,8,"(0.09369258606422372, 0.0, 0.039438273969867516, 0.09247639241939104, 0.09173902283359818, 0.0, 0.06826344941350267, 0.0, 0.0, 0.0)",1
12705,34,10,8,"(0.09369258606422372, 0.0, 0.08950620996642342, 0.04953493497957365, 0.09173902283359818, 0.0, 0.06826344941350267, 0.0, 0.0, 0.0)",5
12706,34,10,8,"(0.09369258606422372, 0.0, 0.08950620996642342, 0.09247639241939104, 0.09173902283359818, 0.0, 0.06826344941350267, 0.0, 0.0, 0.0)",319
12707,34,10,8,"(0.09369258606422372, 0.0, 0.08950620996642342, 0.0926345894098886, 0.09173902283359818, 0.0, 0.06826344941350267, 0.0, 0.0, 0.0)",1
12708,34,10,8,"(0.09369258606422372, 0.0, 0.28044637435128245, 0.09247639241939104, 0.09173902283359818, 0.0, 0.06826344941350267, 0.0, 0.0, 0.0)",3
12709,34,10,8,"(0.09369258606422372, 0.0, 0.08950620996642342, 0.05570019336189855, 0.09173902283359818, 0.0, 0.034000983960070556, 0.0, 0.0, 0.0)",4
12710,34,10,11,"(0.09033430006888621, 0.14970886995698662, 0.0, 0.0, 0.0, 0.04688669779969397, 0.0, 0.09523546217639671, 0.0, 0.021053875858248756)",1
12711,34,10,11,"(0.09033430006888621, 0.14970886995698662, 0.0, 0.0, 0.0, 0.04688669779969397, 0.0, 0.13196082905866927, 0.0, 0.01812760691895582)",2
12712,34,10,11,"(0.09033430006888621, 0.14970886995698662, 0.0, 0.0, 0.0, 0.04688669779969397, 0.0, 0.09523546217639671, 0.0, 0.01812760691895582)",430
12713,34,10,11,"(0.09033430006888621, 0.14970886995698662, 0.0, 0.0, 0.0, 0.04688669779969397, 0.0, 0.09523546217639671, 0.0, 0.02178277248249641)",4
12714,34,10,11,"(0.10401393406728424, 0.14970886995698662, 0.0, 0.0, 0.0, 0.04688669779969397, 0.0, 0.09523546217639671, 0.0, 0.03161804656527575)",1
12715,34,10,11,"(0.09033430006888621, 0.14970886995698662, 0.0, 0.0, 0.0, 0.04688669779969397, 0.0, 0.03950825001891568, 0.0, 0.01812760691895582)",32
12716,34,10,13,"(0.0, 0.0, 0.20161308382644264, 0.06920069129515957, 0.04134425426448805, 0.07489992963210028, 0.0, 0.0, 0.14899621190854193, 0.0)",1
12717,34,10,13,"(0.0, 0.0, 0.1084524125480973, 0.06920069129515957, 0.09172770611919409, 0.058456140359254546, 0.0, 0.0, 0.14899621190854193, 0.0)",1
12718,34,10,13,"(0.0, 0.0, 0.11679612853536596, 0.06920069129515957, 0.09172770611919409, 0.07489992963210028, 0.0, 0.0, 0.243109207776098, 0.0)",2
12719,34,10,13,"(0.0, 0.0, 0.11679612853536596, 0.06920069129515957, 0.09172770611919409, 0.07489992963210028, 0.0, 0.0, 0.14899621190854193, 0.0)",176
12720,34,11,8,"(0.09369258606422372, 0.0, 0.13285302719056624, 0.09247639241939104, 0.09173902283359818, 0.0, 0.06826344941350267, 0.0, 0.0, 0.0)",1
12721,34,11,8,"(0.09369258606422372, 0.0, 0.08950620996642342, 0.09247639241939104, 0.09173902283359818, 0.0, 0.06826344941350267, 0.0, 0.0, 0.0)",317
12722,34,11,8,"(0.09369258606422372, 0.0, 0.08950620996642342, 0.08636101965614548, 0.09173902283359818, 0.0, 0.06826344941350267, 0.0, 0.0, 0.0)",1
12723,34,11,11,"(0.09033430006888621, 0.11087103371299614, 0.0, 0.0, 0.0, 0.04688669779969397, 0.0, 0.09523546217639671, 0.0, 0.01812760691895582)",13
12724,34,11,11,"(0.036356842621947626, 0.14970886995698662, 0.0, 0.0, 0.0, 0.04688669779969397, 0.0, 0.04056937477749251, 0.0, 0.01812760691895582)",1
12725,34,11,11,"(0.036356842621947626, 0.14970886995698662, 0.0, 0.0, 0.0, 0.04688669779969397, 0.0, 0.09523546217639671, 0.0, 0.01812760691895582)",1
12726,34,11,11,"(0.09033430006888621, 0.14970886995698662, 0.0, 0.0, 0.0, 0.04688669779969397, 0.0, 0.09523546217639671, 0.0, 0.01812760691895582)",485
12727,34,11,13,"(0.0, 0.0, 0.11679612853536596, 0.06920069129515957, 0.09172770611919409, 0.08164694457410092, 0.0, 0.0, 0.14899621190854193, 0.0)",1
12728,34,11,13,"(0.0, 0.0, 0.11679612853536596, 0.06920069129515957, 0.09172770611919409, 0.07489992963210028, 0.0, 0.0, 0.14899621190854193, 0.0)",185
12729,34,11,13,"(0.0, 0.0, 0.11679612853536596, 0.06920069129515957, 0.09172770611919409, 0.05552604933590067, 0.0, 0.0, 0.14899621190854193, 0.0)",1
12730,34,11,13,"(0.0, 0.0, 0.11679612853536596, 0.06920069129515957, 0.09172770611919409, 0.09302583705819092, 0.0, 0.0, 0.14899621190854193, 0.0)",1
12731,34,12,8,"(0.09369258606422372, 0.0, 0.0645495752058007, 0.09247639241939104, 0.0483484337920388, 0.0, 0.06826344941350267, 0.0, 0.0, 0.0)",2
12732,34,12,8,"(0.055172803840808464, 0.0, 0.09057911581580724, 0.09247639241939104, 0.09173902283359818, 0.0, 0.04280384020279873, 0.0, 0.0, 0.0)",88
12733,34,12,8,"(0.13604516581720813, 0.0, 0.08950620996642342, 0.09247639241939104, 0.09173902283359818, 0.0, 0.06826344941350267, 0.0, 0.0, 0.0)",2
12734,34,12,8,"(0.09369258606422372, 0.0, 0.08950620996642342, 0.06423434506728906, 0.09173902283359818, 0.0, 0.06826344941350267, 0.0, 0.0, 0.0)",41
12735,34,12,8,"(0.09369258606422372, 0.0, 0.08950620996642342, 0.04253092829393742, 0.09173902283359818, 0.0, 0.06826344941350267, 0.0, 0.0, 0.0)",1
12736,34,12,8,"(0.09369258606422372, 0.0, 0.08950620996642342, 0.18568638884952812, 0.09173902283359818, 0.0, 0.06826344941350267, 0.0, 0.0, 0.0)",2
12737,34,12,8,"(0.09369258606422372, 0.0, 0.08950620996642342, 0.09247639241939104, 0.09173902283359818, 0.0, 0.06826344941350267, 0.0, 0.0, 0.0)",284
12738,34,12,8,"(0.09369258606422372, 0.0, 0.07412159044815206, 0.09247639241939104, 0.09173902283359818, 0.0, 0.06826344941350267, 0.0, 0.0, 0.0)",1
12739,34,12,11,"(0.08634146450340782, 0.14970886995698662, 0.0, 0.0, 0.0, 0.06381505208038586, 0.0, 0.11068755286719632, 0.0, 0.027470319829272425)",3
12740,34,12,11,"(0.09033430006888621, 0.1429955288455586, 0.0, 0.0, 0.0, 0.0613488557670255, 0.0, 0.11068755286719632, 0.0, 0.01812760691895582)",1
12741,34,12,11,"(0.09033430006888621, 0.14970886995698662, 0.0, 0.0, 0.0, 0.04688669779969397, 0.0, 0.09523546217639671, 0.0, 0.01812760691895582)",69
12742,34,12,11,"(0.09033430006888621, 0.14970886995698662, 0.0, 0.0, 0.0, 0.043578699822787226, 0.0, 0.11068755286719632, 0.0, 0.01812760691895582)",225
12743,34,12,11,"(0.09033430006888621, 0.14970886995698662, 0.0, 0.0, 0.0, 0.043578699822787226, 0.0, 0.2907968850072972, 0.0, 0.01812760691895582)",1
12744,34,12,11,"(0.09033430006888621, 0.14970886995698662, 0.0, 0.0, 0.0, 0.04688669779969397, 0.0, 0.08279881135943302, 0.0, 0.01812760691895582)",13
12745,34,12,13,"(0.0, 0.0, 0.11679612853536596, 0.11446888216063733, 0.09922196648492639, 0.07489992963210028, 0.0, 0.0, 0.14899621190854193, 0.0)",3
12746,34,12,13,"(0.0, 0.0, 0.14875623757367903, 0.06920069129515957, 0.09172770611919409, 0.07489992963210028, 0.0, 0.0, 0.14899621190854193, 0.0)",25
12747,34,12,13,"(0.0, 0.0, 0.11679612853536596, 0.06920069129515957, 0.09172770611919409, 0.06281679311580678, 0.0, 0.0, 0.14899621190854193, 0.0)",1
12748,34,12,13,"(0.0, 0.0, 0.11679612853536596, 0.06920069129515957, 0.09172770611919409, 0.07489992963210028, 0.0, 0.0, 0.14899621190854193, 0.0)",141
12749,34,12,13,"(0.0, 0.0, 0.21327505866125832, 0.06920069129515957, 0.09172770611919409, 0.07489992963210028, 0.0, 0.0, 0.14899621190854193, 0.0)",1
12750,34,13,8,"(0.055172803840808464, 0.0, 0.09057911581580724, 0.09247639241939104, 0.09173902283359818, 0.0, 0.04280384020279873, 0.0, 0.0, 0.0)",156
12751,34,13,8,"(0.055172803840808464, 0.0, 0.09716161494898742, 0.09247639241939104, 0.09173902283359818, 0.0, 0.04280384020279873, 0.0, 0.0, 0.0)",2
12752,34,13,8,"(0.09369258606422372, 0.0, 0.08684290095162023, 0.09247639241939104, 0.09173902283359818, 0.0, 0.06826344941350267, 0.0, 0.0, 0.0)",1
12753,34,13,8,"(0.10328574871734056, 0.0, 0.08950620996642342, 0.09247639241939104, 0.10774143864233324, 0.0, 0.06826344941350267, 0.0, 0.0, 0.0)",3
12754,34,13,8,"(0.09369258606422372, 0.0, 0.08950620996642342, 0.13222652516985808, 0.09173902283359818, 0.0, 0.05503127969805439, 0.0, 0.0, 0.0)",1
12755,34,13,8,"(0.09369258606422372, 0.0, 0.08950620996642342, 0.09247639241939104, 0.09173902283359818, 0.0, 0.06826344941350267, 0.0, 0.0, 0.0)",262
12756,34,13,11,"(0.09033430006888621, 0.14313763061657447, 0.0, 0.0, 0.0, 0.04688669779969397, 0.0, 0.09523546217639671, 0.0, 0.01812760691895582)",66
12757,34,13,11,"(0.09033430006888621, 0.14970886995698662, 0.0, 0.0, 0.0, 0.0705522980843678, 0.0, 0.08279881135943302, 0.0, 0.01812760691895582)",38
12758,34,13,11,"(0.11790584850891493, 0.14970886995698662, 0.0, 0.0, 0.0, 0.0705522980843678, 0.0, 0.08279881135943302, 0.0, 0.01812760691895582)",3
12759,34,13,11,"(0.09033430006888621, 0.06185809187905292, 0.0, 0.0, 0.0, 0.04688669779969397, 0.0, 0.09523546217639671, 0.0, 0.016850005095183352)",1
12760,34,13,11,"(0.09033430006888621, 0.14970886995698662, 0.0, 0.0, 0.0, 0.043578699822787226, 0.0, 0.1501127519199771, 0.0, 0.01812760691895582)",3
12761,34,13,11,"(0.09033430006888621, 0.14970886995698662, 0.0, 0.0, 0.0, 0.06249096678509708, 0.0, 0.12060504621523348, 0.0, 0.01812760691895582)",24
12762,34,13,11,"(0.09033430006888621, 0.14970886995698662, 0.0, 0.0, 0.0, 0.043578699822787226, 0.0, 0.11068755286719632, 0.0, 0.01812760691895582)",187
12763,34,13,11,"(0.09033430006888621, 0.14970886995698662, 0.0, 0.0, 0.0, 0.04688669779969397, 0.0, 0.08279881135943302, 0.0, 0.01812760691895582)",24
12764,34,13,11,"(0.09033430006888621, 0.14970886995698662, 0.0, 0.0, 0.0, 0.04688669779969397, 0.0, 0.09523546217639671, 0.0, 0.01812760691895582)",29
12765,34,13,11,"(0.0690023638931244, 0.14970886995698662, 0.0, 0.0, 0.0, 0.043578699822787226, 0.0, 0.11068755286719632, 0.0, 0.01812760691895582)",1
12766,34,13,13,"(0.0, 0.0, 0.11679612853536596, 0.06920069129515957, 0.09172770611919409, 0.07489992963210028, 0.0, 0.0, 0.14899621190854193, 0.0)",177
12767,34,14,8,"(0.09369258606422372, 0.0, 0.13872921175115305, 0.09247639241939104, 0.09173902283359818, 0.0, 0.06826344941350267, 0.0, 0.0, 0.0)",4
12768,34,14,8,"(0.09369258606422372, 0.0, 0.07938671153911424, 0.09247639241939104, 0.09173902283359818, 0.0, 0.06826344941350267, 0.0, 0.0, 0.0)",2
12769,34,14,8,"(0.09369258606422372, 0.0, 0.0685191750535447, 0.07436816596836598, 0.05745290248538387, 0.0, 0.06826344941350267, 0.0, 0.0, 0.0)",1
12770,34,14,8,"(0.09369258606422372, 0.0, 0.08950620996642342, 0.09247639241939104, 0.09173902283359818, 0.0, 0.04811099494590837, 0.0, 0.0, 0.0)",11
12771,34,14,8,"(0.09369258606422372, 0.0, 0.08950620996642342, 0.09247639241939104, 0.09173902283359818, 0.0, 0.06826344941350267, 0.0, 0.0, 0.0)",228
12772,34,14,8,"(0.09369258606422372, 0.0, 0.08950620996642342, 0.09247639241939104, 0.09173902283359818, 0.0, 0.05330896333944226, 0.0, 0.0, 0.0)",2
12773,34,14,8,"(0.055172803840808464, 0.0, 0.09057911581580724, 0.09247639241939104, 0.09173902283359818, 0.0, 0.04280384020279873, 0.0, 0.0, 0.0)",53
12774,34,14,11,"(0.09033430006888621, 0.14263569478269336, 0.0, 0.0, 0.0, 0.06424688121965663, 0.0, 0.09523546217639671, 0.0, 0.021861507684639892)",1
12775,34,14,11,"(0.09005183210555227, 0.14970886995698662, 0.0, 0.0, 0.0, 0.04688669779969397, 0.0, 0.09523546217639671, 0.0, 0.02347186804142874)",8
12776,34,14,11,"(0.09033430006888621, 0.14313763061657447, 0.0, 0.0, 0.0, 0.04688669779969397, 0.0, 0.09523546217639671, 0.0, 0.01812760691895582)",25
12777,34,14,11,"(0.09033430006888621, 0.14970886995698662, 0.0, 0.0, 0.0, 0.043578699822787226, 0.0, 0.11068755286719632, 0.0, 0.01812760691895582)",263
12778,34,14,11,"(0.09033430006888621, 0.099088754301157, 0.0, 0.0, 0.0, 0.043578699822787226, 0.0, 0.13827124129491847, 0.0, 0.01812760691895582)",1
12779,34,14,11,"(0.09005183210555227, 0.14970886995698662, 0.0, 0.0, 0.0, 0.04688669779969397, 0.0, 0.11880439879826137, 0.0, 0.02347186804142874)",1
12780,34,14,11,"(0.09033430006888621, 0.14970886995698662, 0.0, 0.0, 0.0, 0.04688669779969397, 0.0, 0.09523546217639671, 0.0, 0.01812760691895582)",166
12781,34,14,11,"(0.09033430006888621, 0.11864329055445189, 0.0, 0.0, 0.0, 0.043578699822787226, 0.0, 0.11068755286719632, 0.0, 0.01812760691895582)",8
12782,34,14,11,"(0.19320064182912264, 0.14970886995698662, 0.0, 0.0, 0.0, 0.04639239710537316, 0.0, 0.17130001019371308, 0.0, 0.011085355275219694)",4
12783,34,14,11,"(0.07253396778772488, 0.14970886995698662, 0.0, 0.0, 0.0, 0.01982565363875874, 0.0, 0.11068755286719632, 0.0, 0.01812760691895582)",2
12784,34,14,11,"(0.09033430006888621, 0.14970886995698662, 0.0, 0.0, 0.0, 0.043578699822787226, 0.0, 0.11068755286719632, 0.0, 0.035924158105358206)",1
12785,34,14,11,"(0.09033430006888621, 0.2335951458548753, 0.0, 0.0, 0.0, 0.043578699822787226, 0.0, 0.24716482663619782, 0.0, 0.01812760691895582)",1
12786,34,14,11,"(0.09033430006888621, 0.14970886995698662, 0.0, 0.0, 0.0, 0.04688669779969397, 0.0, 0.08279881135943302, 0.0, 0.01812760691895582)",15
12787,34,14,11,"(0.09033430006888621, 0.14970886995698662, 0.0, 0.0, 0.0, 0.025358015637471806, 0.0, 0.11068755286719632, 0.0, 0.01812760691895582)",1
12788,34,14,13,"(0.0, 0.0, 0.11679612853536596, 0.06920069129515957, 0.09172770611919409, 0.07489992963210028, 0.0, 0.0, 0.14899621190854193, 0.0)",163
12789,34,14,13,"(0.0, 0.0, 0.11679612853536596, 0.06920069129515957, 0.09172770611919409, 0.06458591293065179, 0.0, 0.0, 0.14899621190854193, 0.0)",25
12790,34,15,8,"(0.09369258606422372, 0.0, 0.08950620996642342, 0.09247639241939104, 0.09173902283359818, 0.0, 0.11179922187189986, 0.0, 0.0, 0.0)",6
12791,34,15,8,"(0.09369258606422372, 0.0, 0.08950620996642342, 0.09247639241939104, 0.09173902283359818, 0.0, 0.06826344941350267, 0.0, 0.0, 0.0)",328
12792,34,15,8,"(0.13939483455166593, 0.0, 0.08950620996642342, 0.09247639241939104, 0.07440807116295632, 0.0, 0.06826344941350267, 0.0, 0.0, 0.0)",1
12793,34,15,8,"(0.09369258606422372, 0.0, 0.08950620996642342, 0.09247639241939104, 0.11001147371777192, 0.0, 0.034065805994785925, 0.0, 0.0, 0.0)",1
12794,34,15,8,"(0.10946737466269435, 0.0, 0.12907257306682618, 0.13316038426884078, 0.09173902283359818, 0.0, 0.06826344941350267, 0.0, 0.0, 0.0)",1
12795,34,15,8,"(0.09369258606422372, 0.0, 0.08950620996642342, 0.09247639241939104, 0.12665442004781646, 0.0, 0.06826344941350267, 0.0, 0.0, 0.0)",1
12796,34,15,8,"(0.09369258606422372, 0.0, 0.08950620996642342, 0.06357419455179686, 0.09173902283359818, 0.0, 0.06826344941350267, 0.0, 0.0, 0.0)",2
12797,34,15,11,"(0.09033430006888621, 0.14970886995698662, 0.0, 0.0, 0.0, 0.04688669779969397, 0.0, 0.07263614389570396, 0.0, 0.01812760691895582)",1
12798,34,15,11,"(0.09033430006888621, 0.14970886995698662, 0.0, 0.0, 0.0, 0.04688669779969397, 0.0, 0.09884415596239299, 0.0, 0.01812760691895582)",2
12799,34,15,11,"(0.08132059291835231, 0.14970886995698662, 0.0, 0.0, 0.0, 0.04537957441876234, 0.0, 0.09523546217639671, 0.0, 0.01812760691895582)",1
12800,34,15,11,"(0.045546263778028714, 0.14970886995698662, 0.0, 0.0, 0.0, 0.04688669779969397, 0.0, 0.09523546217639671, 0.0, 0.01812760691895582)",1
12801,34,15,11,"(0.09033430006888621, 0.14970886995698662, 0.0, 0.0, 0.0, 0.03850195707545342, 0.0, 0.09523546217639671, 0.0, 0.01812760691895582)",1
12802,34,15,11,"(0.09033430006888621, 0.30566696872603333, 0.0, 0.0, 0.0, 0.04688669779969397, 0.0, 0.09523546217639671, 0.0, 0.01812760691895582)",1
12803,34,15,11,"(0.11497264572082352, 0.14970886995698662, 0.0, 0.0, 0.0, 0.04688669779969397, 0.0, 0.09523546217639671, 0.0, 0.01812760691895582)",1
12804,34,15,11,"(0.09033430006888621, 0.14970886995698662, 0.0, 0.0, 0.0, 0.043578699822787226, 0.0, 0.11068755286719632, 0.0, 0.01812760691895582)",65
12805,34,15,11,"(0.06467318200810451, 0.17006469160546395, 0.0, 0.0, 0.0, 0.04688669779969397, 0.0, 0.09523546217639671, 0.0, 0.01812760691895582)",1
12806,34,15,11,"(0.09033430006888621, 0.14970886995698662, 0.0, 0.0, 0.0, 0.04688669779969397, 0.0, 0.12058232077168585, 0.0, 0.01812760691895582)",1
12807,34,15,11,"(0.10900034948635207, 0.14970886995698662, 0.0, 0.0, 0.0, 0.04688669779969397, 0.0, 0.09523546217639671, 0.0, 0.01812760691895582)",5
12808,34,15,11,"(0.09033430006888621, 0.14970886995698662, 0.0, 0.0, 0.0, 0.04688669779969397, 0.0, 0.08305481497379032, 0.0, 0.01812760691895582)",2
12809,34,15,11,"(0.04427260521878248, 0.14970886995698662, 0.0, 0.0, 0.0, 0.04688669779969397, 0.0, 0.11392551101120252, 0.0, 0.008098934054312655)",2
12810,34,15,11,"(0.09033430006888621, 0.14970886995698662, 0.0, 0.0, 0.0, 0.04688669779969397, 0.0, 0.09523546217639671, 0.0, 0.01812760691895582)",351
12811,34,15,11,"(0.10950865226905528, 0.10976014905831753, 0.0, 0.0, 0.0, 0.04688669779969397, 0.0, 0.09523546217639671, 0.0, 0.012970014997185577)",2
12812,34,15,11,"(0.09033430006888621, 0.14970886995698662, 0.0, 0.0, 0.0, 0.04537957441876234, 0.0, 0.09523546217639671, 0.0, 0.01812760691895582)",7
12813,34,15,13,"(0.0, 0.0, 0.11679612853536596, 0.04569156583907185, 0.09172770611919409, 0.07489992963210028, 0.0, 0.0, 0.16971941076011382, 0.0)",2
12814,34,15,13,"(0.0, 0.0, 0.11679612853536596, 0.06920069129515957, 0.09172770611919409, 0.057507044296768554, 0.0, 0.0, 0.14899621190854193, 0.0)",1
12815,34,15,13,"(0.0, 0.0, 0.11679612853536596, 0.06920069129515957, 0.09172770611919409, 0.05875482230963784, 0.0, 0.0, 0.14899621190854193, 0.0)",1
12816,34,15,13,"(0.0, 0.0, 0.11679612853536596, 0.06920069129515957, 0.09172770611919409, 0.07489992963210028, 0.0, 0.0, 0.14899621190854193, 0.0)",175
12817,34,15,13,"(0.0, 0.0, 0.11679612853536596, 0.06920069129515957, 0.05111963437965174, 0.07489992963210028, 0.0, 0.0, 0.14899621190854193, 0.0)",2
12818,34,15,13,"(0.0, 0.0, 0.10524298200826886, 0.06920069129515957, 0.09172770611919409, 0.07489992963210028, 0.0, 0.0, 0.14899621190854193, 0.0)",1
12819,34,16,8,"(0.09369258606422372, 0.0, 0.08950620996642342, 0.11277778990489755, 0.09173902283359818, 0.0, 0.06826344941350267, 0.0, 0.0, 0.0)",2
12820,34,16,8,"(0.09369258606422372, 0.0, 0.07823206915679046, 0.09247639241939104, 0.09173902283359818, 0.0, 0.06826344941350267, 0.0, 0.0, 0.0)",4
12821,34,16,8,"(0.09369258606422372, 0.0, 0.08950620996642342, 0.09247639241939104, 0.09173902283359818, 0.0, 0.02953279765039795, 0.0, 0.0, 0.0)",1
12822,34,16,8,"(0.09369258606422372, 0.0, 0.08950620996642342, 0.0639592310905169, 0.08978390281439226, 0.0, 0.06826344941350267, 0.0, 0.0, 0.0)",1
12823,34,16,8,"(0.11868627109476146, 0.0, 0.08950620996642342, 0.09247639241939104, 0.09173902283359818, 0.0, 0.06826344941350267, 0.0, 0.0, 0.0)",1
12824,34,16,8,"(0.09364498266749853, 0.0, 0.08950620996642342, 0.09247639241939104, 0.09173902283359818, 0.0, 0.06826344941350267, 0.0, 0.0, 0.0)",10
12825,34,16,8,"(0.0963338430309985, 0.0, 0.07248678477017081, 0.09247639241939104, 0.09173902283359818, 0.0, 0.07366509864442909, 0.0, 0.0, 0.0)",5
12826,34,16,8,"(0.0579167193838804, 0.0, 0.08950620996642342, 0.09247639241939104, 0.09173902283359818, 0.0, 0.06826344941350267, 0.0, 0.0, 0.0)",1
12827,34,16,8,"(0.09369258606422372, 0.0, 0.08950620996642342, 0.09247639241939104, 0.09173902283359818, 0.0, 0.06826344941350267, 0.0, 0.0, 0.0)",297
12828,34,16,8,"(0.09369258606422372, 0.0, 0.08950620996642342, 0.09247639241939104, 0.09328458431116059, 0.0, 0.06826344941350267, 0.0, 0.0, 0.0)",1
12829,34,16,11,"(0.09033430006888621, 0.14970886995698662, 0.0, 0.0, 0.0, 0.04688669779969397, 0.0, 0.09523546217639671, 0.0, 0.01812760691895582)",353
12830,34,16,11,"(0.08146748570267265, 0.14970886995698662, 0.0, 0.0, 0.0, 0.029773620460159352, 0.0, 0.09523546217639671, 0.0, 0.01812760691895582)",1
12831,34,16,11,"(0.09033430006888621, 0.14970886995698662, 0.0, 0.0, 0.0, 0.043578699822787226, 0.0, 0.11068755286719632, 0.0, 0.01812760691895582)",71
12832,34,16,11,"(0.09033430006888621, 0.06073009428868091, 0.0, 0.0, 0.0, 0.04688669779969397, 0.0, 0.09523546217639671, 0.0, 0.01812760691895582)",1
12833,34,16,13,"(0.0, 0.0, 0.11679612853536596, 0.06920069129515957, 0.10375746380858525, 0.07489992963210028, 0.0, 0.0, 0.14899621190854193, 0.0)",1
12834,34,16,13,"(0.0, 0.0, 0.11679612853536596, 0.06920069129515957, 0.09172770611919409, 0.07489992963210028, 0.0, 0.0, 0.14899621190854193, 0.0)",189
12835,34,17,8,"(0.09369258606422372, 0.0, 0.08950620996642342, 0.09247639241939104, 0.05826005115953079, 0.0, 0.06826344941350267, 0.0, 0.0, 0.0)",2
12836,34,17,8,"(0.0963338430309985, 0.0, 0.07248678477017081, 0.09247639241939104, 0.08434068664751668, 0.0, 0.07366509864442909, 0.0, 0.0, 0.0)",1
12837,34,17,8,"(0.09369258606422372, 0.0, 0.08950620996642342, 0.09247639241939104, 0.09173902283359818, 0.0, 0.06826344941350267, 0.0, 0.0, 0.0)",234
12838,34,17,8,"(0.09369258606422372, 0.0, 0.08950620996642342, 0.09247639241939104, 0.0827257692471912, 0.0, 0.06826344941350267, 0.0, 0.0, 0.0)",1
12839,34,17,8,"(0.0963338430309985, 0.0, 0.07248678477017081, 0.16589008113494916, 0.09173902283359818, 0.0, 0.07366509864442909, 0.0, 0.0, 0.0)",1
12840,34,17,8,"(0.09369258606422372, 0.0, 0.08950620996642342, 0.09247639241939104, 0.09173902283359818, 0.0, 0.052318058179579734, 0.0, 0.0, 0.0)",4
12841,34,17,8,"(0.0963338430309985, 0.0, 0.07248678477017081, 0.09247639241939104, 0.09173902283359818, 0.0, 0.07366509864442909, 0.0, 0.0, 0.0)",75
12842,34,17,11,"(0.085333993637581, 0.14970886995698662, 0.0, 0.0, 0.0, 0.04688669779969397, 0.0, 0.09523546217639671, 0.0, 0.01812760691895582)",1
12843,34,17,11,"(0.09033430006888621, 0.14970886995698662, 0.0, 0.0, 0.0, 0.04688669779969397, 0.0, 0.09523546217639671, 0.0, 0.022230678098665635)",1
12844,34,17,11,"(0.07378138226917913, 0.14970886995698662, 0.0, 0.0, 0.0, 0.04688669779969397, 0.0, 0.09523546217639671, 0.0, 0.01812760691895582)",1
12845,34,17,11,"(0.09033430006888621, 0.14970886995698662, 0.0, 0.0, 0.0, 0.04688669779969397, 0.0, 0.11993913009381947, 0.0, 0.01812760691895582)",1
12846,34,17,11,"(0.09033430006888621, 0.14970886995698662, 0.0, 0.0, 0.0, 0.043578699822787226, 0.0, 0.11068755286719632, 0.0, 0.01812760691895582)",110
12847,34,17,11,"(0.09033430006888621, 0.14970886995698662, 0.0, 0.0, 0.0, 0.04688669779969397, 0.0, 0.035505020086467075, 0.0, 0.01812760691895582)",15
12848,34,17,11,"(0.09033430006888621, 0.14970886995698662, 0.0, 0.0, 0.0, 0.04537957441876234, 0.0, 0.09523546217639671, 0.0, 0.01812760691895582)",12
12849,34,17,11,"(0.09033430006888621, 0.13003645186789553, 0.0, 0.0, 0.0, 0.04688669779969397, 0.0, 0.09523546217639671, 0.0, 0.01812760691895582)",3
12850,34,17,11,"(0.09033430006888621, 0.14970886995698662, 0.0, 0.0, 0.0, 0.04688669779969397, 0.0, 0.09523546217639671, 0.0, 0.01812760691895582)",384
12851,34,17,13,"(0.0, 0.0, 0.11679612853536596, 0.06920069129515957, 0.17090435571246176, 0.07489992963210028, 0.0, 0.0, 0.14899621190854193, 0.0)",2
12852,34,17,13,"(0.0, 0.0, 0.11679612853536596, 0.06920069129515957, 0.09172770611919409, 0.07489992963210028, 0.0, 0.0, 0.14899621190854193, 0.0)",178
12853,34,18,8,"(0.09369258606422372, 0.0, 0.08950620996642342, 0.09247639241939104, 0.09173902283359818, 0.0, 0.06826344941350267, 0.0, 0.0, 0.0)",282
12854,34,18,8,"(0.09369258606422372, 0.0, 0.08950620996642342, 0.14683459388897727, 0.09173902283359818, 0.0, 0.06826344941350267, 0.0, 0.0, 0.0)",1
12855,34,18,8,"(0.09369258606422372, 0.0, 0.08950620996642342, 0.09247639241939104, 0.09173902283359818, 0.0, 0.08250808689282037, 0.0, 0.0, 0.0)",1
12856,34,18,11,"(0.09033430006888621, 0.07923215507982538, 0.0, 0.0, 0.0, 0.047386934025007155, 0.0, 0.09154501948734653, 0.0, 0.013659867031362237)",3
12857,34,18,11,"(0.09033430006888621, 0.07923215507982538, 0.0, 0.0, 0.0, 0.04688669779969397, 0.0, 0.09523546217639671, 0.0, 0.01812760691895582)",236
12858,34,18,11,"(0.09033430006888621, 0.07923215507982538, 0.0, 0.0, 0.0, 0.04345642558500822, 0.0, 0.09523546217639671, 0.0, 0.01812760691895582)",6
12859,34,18,11,"(0.09033430006888621, 0.14970886995698662, 0.0, 0.0, 0.0, 0.08312968184689266, 0.0, 0.09523546217639671, 0.0, 0.013259871215037872)",2
12860,34,18,11,"(0.09033430006888621, 0.14970886995698662, 0.0, 0.0, 0.0, 0.04688669779969397, 0.0, 0.09523546217639671, 0.0, 0.01812760691895582)",259
12861,34,18,11,"(0.09033430006888621, 0.14970886995698662, 0.0, 0.0, 0.0, 0.026908288030509927, 0.0, 0.09523546217639671, 0.0, 0.01812760691895582)",2
12862,34,18,11,"(0.09033430006888621, 0.05788260543020466, 0.0, 0.0, 0.0, 0.04688669779969397, 0.0, 0.09523546217639671, 0.0, 0.01812760691895582)",2
12863,34,18,11,"(0.09033430006888621, 0.14970886995698662, 0.0, 0.0, 0.0, 0.043578699822787226, 0.0, 0.11068755286719632, 0.0, 0.01812760691895582)",76
12864,34,18,11,"(0.09033430006888621, 0.14970886995698662, 0.0, 0.0, 0.0, 0.06973879002407835, 0.0, 0.11068755286719632, 0.0, 0.01812760691895582)",2
12865,34,18,11,"(0.09033430006888621, 0.07923215507982538, 0.0, 0.0, 0.0, 0.07558660754830983, 0.0, 0.09523546217639671, 0.0, 0.01812760691895582)",2
12866,34,18,11,"(0.0667290395656425, 0.14970886995698662, 0.0, 0.0, 0.0, 0.04688669779969397, 0.0, 0.12334661888690945, 0.0, 0.01812760691895582)",3
12867,34,18,11,"(0.09033430006888621, 0.14970886995698662, 0.0, 0.0, 0.0, 0.0262965343517355, 0.0, 0.16578884232913452, 0.0, 0.01812760691895582)",1
12868,34,18,11,"(0.09033430006888621, 0.14970886995698662, 0.0, 0.0, 0.0, 0.02122388469378734, 0.0, 0.09523546217639671, 0.0, 0.01812760691895582)",1
12869,34,18,13,"(0.0, 0.0, 0.11679612853536596, 0.06920069129515957, 0.10397480272836396, 0.07489992963210028, 0.0, 0.0, 0.14899621190854193, 0.0)",5
12870,34,18,13,"(0.0, 0.0, 0.11679612853536596, 0.06920069129515957, 0.09172770611919409, 0.07489992963210028, 0.0, 0.0, 0.14899621190854193, 0.0)",171
12871,34,19,8,"(0.09369258606422372, 0.0, 0.08950620996642342, 0.09247639241939104, 0.09173902283359818, 0.0, 0.06826344941350267, 0.0, 0.0, 0.0)",279
12872,34,19,8,"(0.09369258606422372, 0.0, 0.06842744862424988, 0.09247639241939104, 0.09173902283359818, 0.0, 0.05173107288604986, 0.0, 0.0, 0.0)",2
12873,34,19,8,"(0.11117077528254836, 0.0, 0.08950620996642342, 0.09247639241939104, 0.1246162733961394, 0.0, 0.06826344941350267, 0.0, 0.0, 0.0)",1
12874,34,19,11,"(0.09033430006888621, 0.14970886995698662, 0.0, 0.0, 0.0, 0.043578699822787226, 0.0, 0.31990013283750124, 0.0, 0.01812760691895582)",1
12875,34,19,11,"(0.08675360879168728, 0.14676662107195784, 0.0, 0.0, 0.0, 0.04688669779969397, 0.0, 0.09523546217639671, 0.0, 0.01812760691895582)",1
12876,34,19,11,"(0.09033430006888621, 0.14970886995698662, 0.0, 0.0, 0.0, 0.05336919127915028, 0.0, 0.09523546217639671, 0.0, 0.01812760691895582)",1
12877,34,19,11,"(0.09033430006888621, 0.14970886995698662, 0.0, 0.0, 0.0, 0.03313527112497726, 0.0, 0.11470218632810632, 0.0, 0.020494919426805085)",1
12878,34,19,11,"(0.11639818002335442, 0.14970886995698662, 0.0, 0.0, 0.0, 0.04688669779969397, 0.0, 0.17809681720475068, 0.0, 0.042246384682705036)",1
12879,34,19,11,"(0.09033430006888621, 0.14970886995698662, 0.0, 0.0, 0.0, 0.049766894180605946, 0.0, 0.09523546217639671, 0.0, 0.01812760691895582)",1
12880,34,19,11,"(0.09033430006888621, 0.06219871402316394, 0.0, 0.0, 0.0, 0.04688669779969397, 0.0, 0.15929075442315377, 0.0, 0.01812760691895582)",1
12881,34,19,11,"(0.09033430006888621, 0.14970886995698662, 0.0, 0.0, 0.0, 0.043578699822787226, 0.0, 0.11068755286719632, 0.0, 0.035391766686469026)",10
12882,34,19,11,"(0.09033430006888621, 0.07923215507982538, 0.0, 0.0, 0.0, 0.04688669779969397, 0.0, 0.09523546217639671, 0.0, 0.01812760691895582)",173
12883,34,19,11,"(0.09033430006888621, 0.14970886995698662, 0.0, 0.0, 0.0, 0.04688669779969397, 0.0, 0.09523546217639671, 0.0, 0.01812760691895582)",318
12884,34,19,11,"(0.09033430006888621, 0.14970886995698662, 0.0, 0.0, 0.0, 0.043578699822787226, 0.0, 0.11068755286719632, 0.0, 0.01812760691895582)",7
12885,34,19,13,"(0.0, 0.0, 0.11679612853536596, 0.06920069129515957, 0.09172770611919409, 0.07489992963210028, 0.0, 0.0, 0.06015149605507778, 0.0)",1
12886,34,19,13,"(0.0, 0.0, 0.11679612853536596, 0.06920069129515957, 0.05068310103951094, 0.07489992963210028, 0.0, 0.0, 0.14899621190854193, 0.0)",2
12887,34,19,13,"(0.0, 0.0, 0.11679612853536596, 0.06920069129515957, 0.09172770611919409, 0.07489992963210028, 0.0, 0.0, 0.14899621190854193, 0.0)",193
12888,34,19,13,"(0.0, 0.0, 0.11679612853536596, 0.06920069129515957, 0.09172770611919409, 0.040590954703022805, 0.0, 0.0, 0.14899621190854193, 0.0)",1
12889,34,20,8,"(0.09369258606422372, 0.0, 0.11747315795604513, 0.09247639241939104, 0.09173902283359818, 0.0, 0.07992088004244914, 0.0, 0.0, 0.0)",2
12890,34,20,8,"(0.09369258606422372, 0.0, 0.05033514840567106, 0.1224483330065067, 0.09173902283359818, 0.0, 0.06826344941350267, 0.0, 0.0, 0.0)",6
12891,34,20,8,"(0.07279049216435125, 0.0, 0.0760592354136554, 0.09247639241939104, 0.09173902283359818, 0.0, 0.06826344941350267, 0.0, 0.0, 0.0)",1
12892,34,20,8,"(0.09369258606422372, 0.0, 0.08950620996642342, 0.09247639241939104, 0.07848383610019374, 0.0, 0.06826344941350267, 0.0, 0.0, 0.0)",4
12893,34,20,8,"(0.09369258606422372, 0.0, 0.08950620996642342, 0.09247639241939104, 0.09173902283359818, 0.0, 0.06826344941350267, 0.0, 0.0, 0.0)",248
12894,34,20,11,"(0.09033430006888621, 0.07923215507982538, 0.0, 0.0, 0.0, 0.04688669779969397, 0.0, 0.09523546217639671, 0.0, 0.01812760691895582)",23
12895,34,20,11,"(0.09033430006888621, 0.14970886995698662, 0.0, 0.0, 0.0, 0.04688669779969397, 0.0, 0.12339039607398722, 0.0, 0.01812760691895582)",2
12896,34,20,11,"(0.09033430006888621, 0.12577577263062995, 0.0, 0.0, 0.0, 0.04688669779969397, 0.0, 0.09523546217639671, 0.0, 0.01812760691895582)",1
12897,34,20,11,"(0.09033430006888621, 0.14970886995698662, 0.0, 0.0, 0.0, 0.04688669779969397, 0.0, 0.09523546217639671, 0.0, 0.01812760691895582)",316
12898,34,20,11,"(0.09033430006888621, 0.14970886995698662, 0.0, 0.0, 0.0, 0.04688669779969397, 0.0, 0.09523546217639671, 0.0, 0.028575357398763757)",1
12899,34,20,11,"(0.09033430006888621, 0.14970886995698662, 0.0, 0.0, 0.0, 0.12071971130164909, 0.0, 0.09523546217639671, 0.0, 0.01812760691895582)",1
12900,34,20,11,"(0.09033430006888621, 0.14970886995698662, 0.0, 0.0, 0.0, 0.04688669779969397, 0.0, 0.09523546217639671, 0.0, 0.024289316412166986)",10
12901,34,20,11,"(0.09033430006888621, 0.14970886995698662, 0.0, 0.0, 0.0, 0.043578699822787226, 0.0, 0.11068755286719632, 0.0, 0.01812760691895582)",125
12902,34,20,13,"(0.0, 0.0, 0.11679612853536596, 0.06920069129515957, 0.09172770611919409, 0.07489992963210028, 0.0, 0.0, 0.12732631543806194, 0.0)",1
12903,34,20,13,"(0.0, 0.0, 0.11679612853536596, 0.06920069129515957, 0.09668978019294969, 0.07489992963210028, 0.0, 0.0, 0.14899621190854193, 0.0)",1
12904,34,20,13,"(0.0, 0.0, 0.11679612853536596, 0.06920069129515957, 0.09172770611919409, 0.07489992963210028, 0.0, 0.0, 0.14899621190854193, 0.0)",205
12905,34,20,13,"(0.0, 0.0, 0.11516977726696521, 0.06920069129515957, 0.09172770611919409, 0.07489992963210028, 0.0, 0.0, 0.14899621190854193, 0.0)",1
12906,34,20,13,"(0.0, 0.0, 0.11679612853536596, 0.06920069129515957, 0.09172770611919409, 0.07489992963210028, 0.0, 0.0, 0.16340886326036874, 0.0)",1
12907,35,0,8,"(0.24976148345293403, 0.0, 0.0903789051370389, 0.09247639241939104, 0.09173902283359818, 0.0, 0.06826344941350267, 0.0, 0.0, 0.0)",2
12908,35,0,8,"(0.09369258606422372, 0.0, 0.08950620996642342, 0.09247639241939104, 0.18182900081617268, 0.0, 0.06826344941350267, 0.0, 0.0, 0.0)",48
12909,35,0,8,"(0.09369258606422372, 0.0, 0.08950620996642342, 0.09247639241939104, 0.1429791175875131, 0.0, 0.06826344941350267, 0.0, 0.0, 0.0)",2
12910,35,0,8,"(0.09369258606422372, 0.0, 0.050542487912341755, 0.09247639241939104, 0.09173902283359818, 0.0, 0.06826344941350267, 0.0, 0.0, 0.0)",30
12911,35,0,8,"(0.09369258606422372, 0.0, 0.08950620996642342, 0.09247639241939104, 0.09265857722341282, 0.0, 0.06826344941350267, 0.0, 0.0, 0.0)",4
12912,35,0,8,"(0.09369258606422372, 0.0, 0.07273525429762104, 0.09247639241939104, 0.09173902283359818, 0.0, 0.06826344941350267, 0.0, 0.0, 0.0)",7
12913,35,0,8,"(0.09369258606422372, 0.0, 0.08950620996642342, 0.09247639241939104, 0.09173902283359818, 0.0, 0.06826344941350267, 0.0, 0.0, 0.0)",176
12914,35,0,11,"(0.09033430006888621, 0.14970886995698662, 0.0, 0.0, 0.0, 0.04688669779969397, 0.0, 0.09523546217639671, 0.0, 0.01812760691895582)",462
12915,35,0,11,"(0.09033430006888621, 0.24989189469675985, 0.0, 0.0, 0.0, 0.04688669779969397, 0.0, 0.09523546217639671, 0.0, 0.01812760691895582)",1
12916,35,0,11,"(0.09033430006888621, 0.14970886995698662, 0.0, 0.0, 0.0, 0.04688669779969397, 0.0, 0.09523546217639671, 0.0, 0.031051048610206557)",53
12917,35,0,11,"(0.09033430006888621, 0.14970886995698662, 0.0, 0.0, 0.0, 0.04688669779969397, 0.0, 0.09523546217639671, 0.0, 0.035268435695374065)",1
12918,35,0,13,"(0.0, 0.0, 0.11679612853536596, 0.09761700316391028, 0.09172770611919409, 0.07489992963210028, 0.0, 0.0, 0.14899621190854193, 0.0)",4
12919,35,0,13,"(0.0, 0.0, 0.11679612853536596, 0.0721339686838231, 0.09172770611919409, 0.07489992963210028, 0.0, 0.0, 0.14899621190854193, 0.0)",2
12920,35,0,13,"(0.0, 0.0, 0.11679612853536596, 0.06920069129515957, 0.09172770611919409, 0.07489992963210028, 0.0, 0.0, 0.14899621190854193, 0.0)",186
12921,35,0,13,"(0.0, 0.0, 0.11679612853536596, 0.10236761440901598, 0.09172770611919409, 0.07489992963210028, 0.0, 0.0, 0.14899621190854193, 0.0)",1
12922,35,1,8,"(0.09369258606422372, 0.0, 0.08950620996642342, 0.09247639241939104, 0.09173902283359818, 0.0, 0.06826344941350267, 0.0, 0.0, 0.0)",134
12923,35,1,8,"(0.10198616553964525, 0.0, 0.08950620996642342, 0.09247639241939104, 0.09173902283359818, 0.0, 0.06826344941350267, 0.0, 0.0, 0.0)",2
12924,35,1,8,"(0.08829965453524319, 0.0, 0.04621857573183239, 0.09247639241939104, 0.09173902283359818, 0.0, 0.04588427877682555, 0.0, 0.0, 0.0)",2
12925,35,1,8,"(0.09369258606422372, 0.0, 0.08950620996642342, 0.09247639241939104, 0.0911533206057771, 0.0, 0.06826344941350267, 0.0, 0.0, 0.0)",2
12926,35,1,8,"(0.09369258606422372, 0.0, 0.12822467959267322, 0.09247639241939104, 0.09173902283359818, 0.0, 0.06826344941350267, 0.0, 0.0, 0.0)",1
12927,35,1,8,"(0.08678612542906733, 0.0, 0.08950620996642342, 0.09247639241939104, 0.09173902283359818, 0.0, 0.06826344941350267, 0.0, 0.0, 0.0)",1
12928,35,1,8,"(0.08829965453524319, 0.0, 0.08950620996642342, 0.09247639241939104, 0.09173902283359818, 0.0, 0.06826344941350267, 0.0, 0.0, 0.0)",209
12929,35,1,11,"(0.09033430006888621, 0.14970886995698662, 0.0, 0.0, 0.0, 0.04688669779969397, 0.0, 0.07851631155931958, 0.0, 0.01812760691895582)",59
12930,35,1,11,"(0.09033430006888621, 0.14970886995698662, 0.0, 0.0, 0.0, 0.04688669779969397, 0.0, 0.11678857541892076, 0.0, 0.031051048610206557)",1
12931,35,1,11,"(0.09033430006888621, 0.14970886995698662, 0.0, 0.0, 0.0, 0.04688669779969397, 0.0, 0.09523546217639671, 0.0, 0.01812760691895582)",276
12932,35,1,11,"(0.05888197866202265, 0.14970886995698662, 0.0, 0.0, 0.0, 0.04688669779969397, 0.0, 0.09523546217639671, 0.0, 0.01812760691895582)",1
12933,35,1,11,"(0.09033430006888621, 0.14970886995698662, 0.0, 0.0, 0.0, 0.04833906063394511, 0.0, 0.12188541517995718, 0.0, 0.026437626280920883)",1
12934,35,1,11,"(0.09033430006888621, 0.14970886995698662, 0.0, 0.0, 0.0, 0.04688669779969397, 0.0, 0.09523546217639671, 0.0, 0.031051048610206557)",107
12935,35,1,11,"(0.09033430006888621, 0.14970886995698662, 0.0, 0.0, 0.0, 0.04688669779969397, 0.0, 0.09523546217639671, 0.0, 0.008110338188885301)",1
12936,35,1,11,"(0.09033430006888621, 0.09813238284816138, 0.0, 0.0, 0.0, 0.05656428943514236, 0.0, 0.09523546217639671, 0.0, 0.01812760691895582)",1
12937,35,1,13,"(0.0, 0.0, 0.11679612853536596, 0.097965944914387, 0.09172770611919409, 0.07489992963210028, 0.0, 0.0, 0.14899621190854193, 0.0)",1
12938,35,1,13,"(0.0, 0.0, 0.11679612853536596, 0.06920069129515957, 0.09172770611919409, 0.07489992963210028, 0.0, 0.0, 0.14899621190854193, 0.0)",181
12939,35,1,13,"(0.0, 0.0, 0.11679612853536596, 0.07071107412630842, 0.09172770611919409, 0.17396700048913497, 0.0, 0.0, 0.183090734485018, 0.0)",1
12940,35,1,13,"(0.0, 0.0, 0.11679612853536596, 0.12556926221365974, 0.09172770611919409, 0.07489992963210028, 0.0, 0.0, 0.14899621190854193, 0.0)",1
12941,35,1,13,"(0.0, 0.0, 0.11679612853536596, 0.06920069129515957, 0.09172770611919409, 0.07489992963210028, 0.0, 0.0, 0.3906634731916856, 0.0)",1
12942,35,1,13,"(0.0, 0.0, 0.11679612853536596, 0.06920069129515957, 0.09172770611919409, 0.07489992963210028, 0.0, 0.0, 0.17701872636954935, 0.0)",2
12943,35,2,8,"(0.09369258606422372, 0.0, 0.08950620996642342, 0.0954330976313348, 0.09173902283359818, 0.0, 0.06826344941350267, 0.0, 0.0, 0.0)",1
12944,35,2,8,"(0.09369258606422372, 0.0, 0.08950620996642342, 0.09247639241939104, 0.18182900081617268, 0.0, 0.06826344941350267, 0.0, 0.0, 0.0)",11
12945,35,2,8,"(0.09369258606422372, 0.0, 0.08950620996642342, 0.12488824003436397, 0.09173902283359818, 0.0, 0.06826344941350267, 0.0, 0.0, 0.0)",3
12946,35,2,8,"(0.08829965453524319, 0.0, 0.1093139431526926, 0.09247639241939104, 0.09173902283359818, 0.0, 0.06826344941350267, 0.0, 0.0, 0.0)",1
12947,35,2,8,"(0.09369258606422372, 0.0, 0.08950620996642342, 0.09247639241939104, 0.09173902283359818, 0.0, 0.06826344941350267, 0.0, 0.0, 0.0)",289
12948,35,2,8,"(0.08829965453524319, 0.0, 0.08950620996642342, 0.09247639241939104, 0.09173902283359818, 0.0, 0.03931707759027466, 0.0, 0.0, 0.0)",2
12949,35,2,8,"(0.08829965453524319, 0.0, 0.11624161151052648, 0.09247639241939104, 0.09173902283359818, 0.0, 0.06826344941350267, 0.0, 0.0, 0.0)",3
12950,35,2,8,"(0.09369258606422372, 0.0, 0.08950620996642342, 0.09247639241939104, 0.11761120341399939, 0.0, 0.06826344941350267, 0.0, 0.0, 0.0)",1
12951,35,2,8,"(0.08829965453524319, 0.0, 0.08950620996642342, 0.09247639241939104, 0.09173902283359818, 0.0, 0.06826344941350267, 0.0, 0.0, 0.0)",65
12952,35,2,8,"(0.09369258606422372, 0.0, 0.08950620996642342, 0.18580283106292791, 0.06977256926532237, 0.0, 0.10485561409379272, 0.0, 0.0, 0.0)",2
12953,35,2,11,"(0.09033430006888621, 0.14970886995698662, 0.0, 0.0, 0.0, 0.04688669779969397, 0.0, 0.09239858692110522, 0.0, 0.01812760691895582)",9
12954,35,2,11,"(0.09033430006888621, 0.14970886995698662, 0.0, 0.0, 0.0, 0.05142716060413047, 0.0, 0.10052301792766187, 0.0, 0.01812760691895582)",1
12955,35,2,11,"(0.07915921542967205, 0.14970886995698662, 0.0, 0.0, 0.0, 0.04688669779969397, 0.0, 0.10403014765642082, 0.0, 0.018078981413021115)",2
12956,35,2,11,"(0.09033430006888621, 0.14970886995698662, 0.0, 0.0, 0.0, 0.04688669779969397, 0.0, 0.09523546217639671, 0.0, 0.01812760691895582)",335
12957,35,2,11,"(0.09033430006888621, 0.11493409973182062, 0.0, 0.0, 0.0, 0.04688669779969397, 0.0, 0.09523546217639671, 0.0, 0.01812760691895582)",5
12958,35,2,11,"(0.09033430006888621, 0.14970886995698662, 0.0, 0.0, 0.0, 0.04688669779969397, 0.0, 0.09523546217639671, 0.0, 0.031051048610206557)",12
12959,35,2,11,"(0.09033430006888621, 0.14970886995698662, 0.0, 0.0, 0.0, 0.03313976898643157, 0.0, 0.09523546217639671, 0.0, 0.01812760691895582)",3
12960,35,2,13,"(0.0, 0.0, 0.11679612853536596, 0.06920069129515957, 0.09172770611919409, 0.07489992963210028, 0.0, 0.0, 0.14899621190854193, 0.0)",190
12961,35,2,13,"(0.0, 0.0, 0.11679612853536596, 0.06920069129515957, 0.09172770611919409, 0.07357106193332935, 0.0, 0.0, 0.14899621190854193, 0.0)",1
12962,35,3,8,"(0.09369258606422372, 0.0, 0.08950620996642342, 0.08852562832150393, 0.09173902283359818, 0.0, 0.06826344941350267, 0.0, 0.0, 0.0)",3
12963,35,3,8,"(0.09369258606422372, 0.0, 0.08950620996642342, 0.09247639241939104, 0.09173902283359818, 0.0, 0.06826344941350267, 0.0, 0.0, 0.0)",304
12964,35,3,8,"(0.09369258606422372, 0.0, 0.08950620996642342, 0.07016781444343798, 0.09173902283359818, 0.0, 0.06826344941350267, 0.0, 0.0, 0.0)",3
12965,35,3,8,"(0.0963338430309985, 0.0, 0.07248678477017081, 0.09247639241939104, 0.09173902283359818, 0.0, 0.07366509864442909, 0.0, 0.0, 0.0)",10
12966,35,3,8,"(0.09369258606422372, 0.0, 0.08950620996642342, 0.09247639241939104, 0.09173902283359818, 0.0, 0.052318058179579734, 0.0, 0.0, 0.0)",4
12967,35,3,8,"(0.0963338430309985, 0.0, 0.07248678477017081, 0.09247639241939104, 0.08434068664751668, 0.0, 0.07366509864442909, 0.0, 0.0, 0.0)",17
12968,35,3,8,"(0.09369258606422372, 0.0, 0.08950620996642342, 0.09247639241939104, 0.09173902283359818, 0.0, 0.05207606183238435, 0.0, 0.0, 0.0)",1
12969,35,3,11,"(0.09033430006888621, 0.14970886995698662, 0.0, 0.0, 0.0, 0.04688669779969397, 0.0, 0.062458233294153336, 0.0, 0.01812760691895582)",7
12970,35,3,11,"(0.09033430006888621, 0.14970886995698662, 0.0, 0.0, 0.0, 0.04537957441876234, 0.0, 0.09523546217639671, 0.0, 0.01812760691895582)",30
12971,35,3,11,"(0.09447330120971345, 0.14970886995698662, 0.0, 0.0, 0.0, 0.04688669779969397, 0.0, 0.09523546217639671, 0.0, 0.01812760691895582)",1
12972,35,3,11,"(0.06836019254097275, 0.14970886995698662, 0.0, 0.0, 0.0, 0.04537957441876234, 0.0, 0.09523546217639671, 0.0, 0.01812760691895582)",1
12973,35,3,11,"(0.11012447462491397, 0.14970886995698662, 0.0, 0.0, 0.0, 0.04688669779969397, 0.0, 0.09523546217639671, 0.0, 0.01812760691895582)",1
12974,35,3,11,"(0.09033430006888621, 0.14970886995698662, 0.0, 0.0, 0.0, 0.043578699822787226, 0.0, 0.11068755286719632, 0.0, 0.01812760691895582)",42
12975,35,3,11,"(0.09033430006888621, 0.14970886995698662, 0.0, 0.0, 0.0, 0.04688669779969397, 0.0, 0.09523546217639671, 0.0, 0.01812760691895582)",320
12976,35,3,11,"(0.09033430006888621, 0.14970886995698662, 0.0, 0.0, 0.0, 0.05638608806534045, 0.0, 0.09523546217639671, 0.0, 0.01812760691895582)",2
12977,35,3,13,"(0.0, 0.0, 0.23195621025334692, 0.06920069129515957, 0.09172770611919409, 0.07489992963210028, 0.0, 0.0, 0.14899621190854193, 0.0)",3
12978,35,3,13,"(0.0, 0.0, 0.11679612853536596, 0.06920069129515957, 0.09172770611919409, 0.07489992963210028, 0.0, 0.0, 0.14899621190854193, 0.0)",171
12979,35,3,13,"(0.0, 0.0, 0.11679612853536596, 0.06920069129515957, 0.08932868372167763, 0.07489992963210028, 0.0, 0.0, 0.14899621190854193, 0.0)",1
12980,35,3,13,"(0.0, 0.0, 0.11679612853536596, 0.10066627064630362, 0.09172770611919409, 0.07489992963210028, 0.0, 0.0, 0.14899621190854193, 0.0)",2
12981,35,4,8,"(0.09369258606422372, 0.0, 0.08950620996642342, 0.0869202917395586, 0.09173902283359818, 0.0, 0.06826344941350267, 0.0, 0.0, 0.0)",4
12982,35,4,8,"(0.09369258606422372, 0.0, 0.08950620996642342, 0.09247639241939104, 0.09173902283359818, 0.0, 0.06826344941350267, 0.0, 0.0, 0.0)",245
12983,35,4,8,"(0.0963338430309985, 0.0, 0.07248678477017081, 0.09247639241939104, 0.09173902283359818, 0.0, 0.07366509864442909, 0.0, 0.0, 0.0)",61
12984,35,4,8,"(0.09369258606422372, 0.0, 0.08950620996642342, 0.09247639241939104, 0.09173902283359818, 0.0, 0.09310103910990945, 0.0, 0.0, 0.0)",3
12985,35,4,8,"(0.0963338430309985, 0.0, 0.07248678477017081, 0.09247639241939104, 0.06007723599602043, 0.0, 0.05610460461695214, 0.0, 0.0, 0.0)",1
12986,35,4,8,"(0.08143673624485029, 0.0, 0.07248678477017081, 0.09247639241939104, 0.06911441284482862, 0.0, 0.07366509864442909, 0.0, 0.0, 0.0)",4
12987,35,4,11,"(0.09033430006888621, 0.14970886995698662, 0.0, 0.0, 0.0, 0.04688669779969397, 0.0, 0.09523546217639671, 0.0, 0.01812760691895582)",262
12988,35,4,11,"(0.09033430006888621, 0.10185364600880244, 0.0, 0.0, 0.0, 0.04688669779969397, 0.0, 0.035505020086467075, 0.0, 0.017235468042176055)",2
12989,35,4,11,"(0.09033430006888621, 0.18367666106169453, 0.0, 0.0, 0.0, 0.04688669779969397, 0.0, 0.09523546217639671, 0.0, 0.01812760691895582)",1
12990,35,4,11,"(0.09033430006888621, 0.14970886995698662, 0.0, 0.0, 0.0, 0.04688669779969397, 0.0, 0.035505020086467075, 0.0, 0.01812760691895582)",60
12991,35,4,11,"(0.09033430006888621, 0.22616661575854652, 0.0, 0.0, 0.0, 0.04688669779969397, 0.0, 0.09523546217639671, 0.0, 0.01812760691895582)",3
12992,35,4,11,"(0.08635593460494663, 0.18842270683430307, 0.0, 0.0, 0.0, 0.06856167311884867, 0.0, 0.09523546217639671, 0.0, 0.01812760691895582)",1
12993,35,4,11,"(0.10967273142260328, 0.14970886995698662, 0.0, 0.0, 0.0, 0.051420441426426086, 0.0, 0.11068755286719632, 0.0, 0.025638603081490498)",1
12994,35,4,11,"(0.09033430006888621, 0.11841179137663294, 0.0, 0.0, 0.0, 0.04688669779969397, 0.0, 0.09523546217639671, 0.0, 0.01812760691895582)",2
12995,35,4,11,"(0.0731805298837045, 0.14970886995698662, 0.0, 0.0, 0.0, 0.04688669779969397, 0.0, 0.09523546217639671, 0.0, 0.01812760691895582)",1
12996,35,4,11,"(0.09033430006888621, 0.14970886995698662, 0.0, 0.0, 0.0, 0.043578699822787226, 0.0, 0.11068755286719632, 0.0, 0.01812760691895582)",129
12997,35,4,11,"(0.09033430006888621, 0.14389458969597707, 0.0, 0.0, 0.0, 0.043578699822787226, 0.0, 0.11068755286719632, 0.0, 0.01812760691895582)",1
12998,35,4,13,"(0.0, 0.0, 0.11679612853536596, 0.06920069129515957, 0.09172770611919409, 0.07489992963210028, 0.0, 0.0, 0.16754965331849125, 0.0)",1
12999,35,4,13,"(0.0, 0.0, 0.11679612853536596, 0.06920069129515957, 0.09172770611919409, 0.07489992963210028, 0.0, 0.0, 0.14899621190854193, 0.0)",177
13000,35,4,13,"(0.0, 0.0, 0.06755957429332823, 0.06920069129515957, 0.09172770611919409, 0.07489992963210028, 0.0, 0.0, 0.14899621190854193, 0.0)",6
13001,35,4,13,"(0.0, 0.0, 0.11679612853536596, 0.06920069129515957, 0.0838796577111695, 0.07489992963210028, 0.0, 0.0, 0.14899621190854193, 0.0)",7
13002,35,5,8,"(0.09369258606422372, 0.0, 0.08950620996642342, 0.09247639241939104, 0.09173902283359818, 0.0, 0.06826344941350267, 0.0, 0.0, 0.0)",237
13003,35,5,8,"(0.0963338430309985, 0.0, 0.07248678477017081, 0.09247639241939104, 0.09173902283359818, 0.0, 0.07366509864442909, 0.0, 0.0, 0.0)",16
13004,35,5,8,"(0.09369258606422372, 0.0, 0.08950620996642342, 0.09226649160756278, 0.09173902283359818, 0.0, 0.06826344941350267, 0.0, 0.0, 0.0)",1
13005,35,5,8,"(0.09369258606422372, 0.0, 0.08950620996642342, 0.09247639241939104, 0.09173902283359818, 0.0, 0.05030825691333475, 0.0, 0.0, 0.0)",1
13006,35,5,11,"(0.09033430006888621, 0.14970886995698662, 0.0, 0.0, 0.0, 0.04688669779969397, 0.0, 0.09523546217639671, 0.0, 0.01812760691895582)",410
13007,35,5,11,"(0.09033430006888621, 0.14970886995698662, 0.0, 0.0, 0.0, 0.04688669779969397, 0.0, 0.035505020086467075, 0.0, 0.01812760691895582)",5
13008,35,5,11,"(0.09033430006888621, 0.14970886995698662, 0.0, 0.0, 0.0, 0.04715406761610038, 0.0, 0.09523546217639671, 0.0, 0.01812760691895582)",3
13009,35,5,11,"(0.0973596921471438, 0.13529576236645938, 0.0, 0.0, 0.0, 0.04688669779969397, 0.0, 0.09523546217639671, 0.0, 0.01812760691895582)",1
13010,35,5,11,"(0.09033430006888621, 0.14970886995698662, 0.0, 0.0, 0.0, 0.043578699822787226, 0.0, 0.11068755286719632, 0.0, 0.01812760691895582)",129
13011,35,5,13,"(0.0, 0.0, 0.11679612853536596, 0.06920069129515957, 0.05697265419873292, 0.07489992963210028, 0.0, 0.0, 0.14899621190854193, 0.0)",1
13012,35,5,13,"(0.0, 0.0, 0.14788154657154506, 0.06920069129515957, 0.09172770611919409, 0.07489992963210028, 0.0, 0.0, 0.14899621190854193, 0.0)",1
13013,35,5,13,"(0.0, 0.0, 0.11679612853536596, 0.06920069129515957, 0.09172770611919409, 0.07489992963210028, 0.0, 0.0, 0.14899621190854193, 0.0)",174
13014,35,5,13,"(0.0, 0.0, 0.13604257473111972, 0.06920069129515957, 0.09172770611919409, 0.07489992963210028, 0.0, 0.0, 0.14899621190854193, 0.0)",5
13015,35,5,13,"(0.0, 0.0, 0.11679612853536596, 0.06920069129515957, 0.09172770611919409, 0.07489992963210028, 0.0, 0.0, 0.19982242528490549, 0.0)",1
13016,35,6,8,"(0.09369258606422372, 0.0, 0.08950620996642342, 0.09247639241939104, 0.13183292582676842, 0.0, 0.06826344941350267, 0.0, 0.0, 0.0)",1
13017,35,6,8,"(0.09369258606422372, 0.0, 0.08950620996642342, 0.09247639241939104, 0.11720279423178541, 0.0, 0.06826344941350267, 0.0, 0.0, 0.0)",8
13018,35,6,8,"(0.09369258606422372, 0.0, 0.08950620996642342, 0.06048226182064615, 0.09173902283359818, 0.0, 0.06826344941350267, 0.0, 0.0, 0.0)",41
13019,35,6,8,"(0.09369258606422372, 0.0, 0.09473852078334265, 0.09247639241939104, 0.09173902283359818, 0.0, 0.06826344941350267, 0.0, 0.0, 0.0)",1
13020,35,6,8,"(0.09369258606422372, 0.0, 0.08950620996642342, 0.09247639241939104, 0.09173902283359818, 0.0, 0.06826344941350267, 0.0, 0.0, 0.0)",285
13021,35,6,8,"(0.09369258606422372, 0.0, 0.08950620996642342, 0.09247639241939104, 0.09173902283359818, 0.0, 0.11498507832635382, 0.0, 0.0, 0.0)",11
13022,35,6,8,"(0.09369258606422372, 0.0, 0.08950620996642342, 0.13348213107743673, 0.09173902283359818, 0.0, 0.06826344941350267, 0.0, 0.0, 0.0)",4
13023,35,6,8,"(0.06800649247760134, 0.0, 0.10608114755929678, 0.06048226182064615, 0.082219339235252, 0.0, 0.06826344941350267, 0.0, 0.0, 0.0)",5
13024,35,6,11,"(0.09033430006888621, 0.22251462597888147, 0.0, 0.0, 0.0, 0.04688669779969397, 0.0, 0.09523546217639671, 0.0, 0.01812760691895582)",2
13025,35,6,11,"(0.09033430006888621, 0.14970886995698662, 0.0, 0.0, 0.0, 0.04688669779969397, 0.0, 0.11027813785922373, 0.0, 0.013018793085800024)",1
13026,35,6,11,"(0.09033430006888621, 0.14970886995698662, 0.0, 0.0, 0.0, 0.04688669779969397, 0.0, 0.09523546217639671, 0.0, 0.022556370785380912)",2
13027,35,6,11,"(0.09033430006888621, 0.14970886995698662, 0.0, 0.0, 0.0, 0.06104513207735648, 0.0, 0.09523546217639671, 0.0, 0.01812760691895582)",2
13028,35,6,11,"(0.09033430006888621, 0.14970886995698662, 0.0, 0.0, 0.0, 0.04688669779969397, 0.0, 0.09523546217639671, 0.0, 0.01812760691895582)",380
13029,35,6,11,"(0.09033430006888621, 0.14970886995698662, 0.0, 0.0, 0.0, 0.043578699822787226, 0.0, 0.11068755286719632, 0.0, 0.01812760691895582)",11
13030,35,6,11,"(0.09033430006888621, 0.46577374245246594, 0.0, 0.0, 0.0, 0.04688669779969397, 0.0, 0.09523546217639671, 0.0, 0.01812760691895582)",2
13031,35,6,13,"(0.0, 0.0, 0.11679612853536596, 0.06920069129515957, 0.09172770611919409, 0.07489992963210028, 0.0, 0.0, 0.14899621190854193, 0.0)",195
13032,35,7,8,"(0.07398031583118791, 0.0, 0.08950620996642342, 0.07180288348189688, 0.09173902283359818, 0.0, 0.06826344941350267, 0.0, 0.0, 0.0)",3
13033,35,7,8,"(0.05425912006249914, 0.0, 0.08950620996642342, 0.09247639241939104, 0.09173902283359818, 0.0, 0.06826344941350267, 0.0, 0.0, 0.0)",5
13034,35,7,8,"(0.09369258606422372, 0.0, 0.08950620996642342, 0.09247639241939104, 0.09173902283359818, 0.0, 0.06826344941350267, 0.0, 0.0, 0.0)",291
13035,35,7,8,"(0.09369258606422372, 0.0, 0.08950620996642342, 0.09247639241939104, 0.0665432095876319, 0.0, 0.06826344941350267, 0.0, 0.0, 0.0)",1
13036,35,7,8,"(0.09369258606422372, 0.0, 0.09580726489886003, 0.09247639241939104, 0.09173902283359818, 0.0, 0.06826344941350267, 0.0, 0.0, 0.0)",1
13037,35,7,11,"(0.06925757796540914, 0.14970886995698662, 0.0, 0.0, 0.0, 0.08302887141547091, 0.0, 0.09523546217639671, 0.0, 0.008879263946041906)",1
13038,35,7,11,"(0.0814905718730873, 0.14970886995698662, 0.0, 0.0, 0.0, 0.04688669779969397, 0.0, 0.09523546217639671, 0.0, 0.01812760691895582)",1
13039,35,7,11,"(0.09033430006888621, 0.14970886995698662, 0.0, 0.0, 0.0, 0.04688669779969397, 0.0, 0.09523546217639671, 0.0, 0.01812760691895582)",414
13040,35,7,11,"(0.09033430006888621, 0.14970886995698662, 0.0, 0.0, 0.0, 0.04688669779969397, 0.0, 0.09523546217639671, 0.0, 0.009144408896387932)",4
13041,35,7,11,"(0.09982456517715038, 0.14970886995698662, 0.0, 0.0, 0.0, 0.04688669779969397, 0.0, 0.06934279269159073, 0.0, 0.019480610383688802)",1
13042,35,7,11,"(0.161546557827507, 0.14970886995698662, 0.0, 0.0, 0.0, 0.0507744521712361, 0.0, 0.09523546217639671, 0.0, 0.01812760691895582)",27
13043,35,7,11,"(0.09033430006888621, 0.14970886995698662, 0.0, 0.0, 0.0, 0.04688669779969397, 0.0, 0.13071207408828742, 0.0, 0.01812760691895582)",1
13044,35,7,11,"(0.09033430006888621, 0.14970886995698662, 0.0, 0.0, 0.0, 0.04688669779969397, 0.0, 0.11593687454702173, 0.0, 0.01812760691895582)",1
13045,35,7,11,"(0.09033430006888621, 0.17351809923996314, 0.0, 0.0, 0.0, 0.04688669779969397, 0.0, 0.09523546217639671, 0.0, 0.01812760691895582)",9
13046,35,7,11,"(0.09033430006888621, 0.14970886995698662, 0.0, 0.0, 0.0, 0.043578699822787226, 0.0, 0.11068755286719632, 0.0, 0.01812760691895582)",7
13047,35,7,11,"(0.09033430006888621, 0.14970886995698662, 0.0, 0.0, 0.0, 0.023437061211655123, 0.0, 0.09523546217639671, 0.0, 0.01812760691895582)",1
13048,35,7,11,"(0.09284257682927784, 0.14970886995698662, 0.0, 0.0, 0.0, 0.04688669779969397, 0.0, 0.09523546217639671, 0.0, 0.01812760691895582)",4
13049,35,7,11,"(0.06060708340541656, 0.14970886995698662, 0.0, 0.0, 0.0, 0.04688669779969397, 0.0, 0.09523546217639671, 0.0, 0.01812760691895582)",1
13050,35,7,13,"(0.0, 0.0, 0.11679612853536596, 0.06920069129515957, 0.09172770611919409, 0.07489992963210028, 0.0, 0.0, 0.14899621190854193, 0.0)",188
13051,35,7,13,"(0.0, 0.0, 0.1168108721237119, 0.06920069129515957, 0.09172770611919409, 0.0641111442939519, 0.0, 0.0, 0.1124121543327964, 0.0)",1
13052,35,8,8,"(0.09369258606422372, 0.0, 0.06246257982063539, 0.09247639241939104, 0.09173902283359818, 0.0, 0.06826344941350267, 0.0, 0.0, 0.0)",1
13053,35,8,8,"(0.09369258606422372, 0.0, 0.08950620996642342, 0.09247639241939104, 0.09173902283359818, 0.0, 0.06826344941350267, 0.0, 0.0, 0.0)",327
13054,35,8,8,"(0.10495163411595418, 0.0, 0.07210180366928537, 0.09247639241939104, 0.09173902283359818, 0.0, 0.07315429214295432, 0.0, 0.0, 0.0)",1
13055,35,8,8,"(0.09369258606422372, 0.0, 0.08950620996642342, 0.1063142739226248, 0.09173902283359818, 0.0, 0.06826344941350267, 0.0, 0.0, 0.0)",2
13056,35,8,11,"(0.09033430006888621, 0.14970886995698662, 0.0, 0.0, 0.0, 0.04688669779969397, 0.0, 0.09523546217639671, 0.0, 0.02865867388635274)",2
13057,35,8,11,"(0.09033430006888621, 0.1559260062938835, 0.0, 0.0, 0.0, 0.04688669779969397, 0.0, 0.09523546217639671, 0.0, 0.01812760691895582)",1
13058,35,8,11,"(0.06236891226251829, 0.14970886995698662, 0.0, 0.0, 0.0, 0.04688669779969397, 0.0, 0.09523546217639671, 0.0, 0.01812760691895582)",1
13059,35,8,11,"(0.09617860501414915, 0.07268220718794662, 0.0, 0.0, 0.0, 0.04688669779969397, 0.0, 0.09523546217639671, 0.0, 0.01812760691895582)",16
13060,35,8,11,"(0.09033430006888621, 0.15575760389578708, 0.0, 0.0, 0.0, 0.04688669779969397, 0.0, 0.09523546217639671, 0.0, 0.01812760691895582)",2
13061,35,8,11,"(0.09033430006888621, 0.14970886995698662, 0.0, 0.0, 0.0, 0.043578699822787226, 0.0, 0.11068755286719632, 0.0, 0.01812760691895582)",13
13062,35,8,11,"(0.09033430006888621, 0.14970886995698662, 0.0, 0.0, 0.0, 0.04688669779969397, 0.0, 0.11695492592161053, 0.0, 0.01812760691895582)",25
13063,35,8,11,"(0.10835055226644187, 0.14970886995698662, 0.0, 0.0, 0.0, 0.04688669779969397, 0.0, 0.07241354197581877, 0.0, 0.022174160641259176)",1
13064,35,8,11,"(0.09033430006888621, 0.14970886995698662, 0.0, 0.0, 0.0, 0.04688669779969397, 0.0, 0.046738609314596315, 0.0, 0.01812760691895582)",2
13065,35,8,11,"(0.09033430006888621, 0.06434316048873266, 0.0, 0.0, 0.0, 0.06962557382884567, 0.0, 0.09523546217639671, 0.0, 0.01812760691895582)",1
13066,35,8,11,"(0.09033430006888621, 0.14970886995698662, 0.0, 0.0, 0.0, 0.04688669779969397, 0.0, 0.09523546217639671, 0.0, 0.01812760691895582)",368
13067,35,8,13,"(0.0, 0.0, 0.11679612853536596, 0.09754602956557347, 0.09172770611919409, 0.09737430795670983, 0.0, 0.0, 0.14899621190854193, 0.0)",2
13068,35,8,13,"(0.0, 0.0, 0.11679612853536596, 0.09486381578227722, 0.09172770611919409, 0.07489992963210028, 0.0, 0.0, 0.23167958577734737, 0.0)",1
13069,35,8,13,"(0.0, 0.0, 0.11679612853536596, 0.06920069129515957, 0.09172770611919409, 0.07489992963210028, 0.0, 0.0, 0.14899621190854193, 0.0)",175
13070,35,8,13,"(0.0, 0.0, 0.11017490683684472, 0.06920069129515957, 0.09172770611919409, 0.07489992963210028, 0.0, 0.0, 0.14899621190854193, 0.0)",1
13071,35,8,13,"(0.0, 0.0, 0.09602890221932034, 0.06920069129515957, 0.09172770611919409, 0.15463451785145252, 0.0, 0.0, 0.14899621190854193, 0.0)",1
13072,35,9,8,"(0.09369258606422372, 0.0, 0.12106693273916003, 0.09247639241939104, 0.09173902283359818, 0.0, 0.06826344941350267, 0.0, 0.0, 0.0)",6
13073,35,9,8,"(0.09369258606422372, 0.0, 0.08950620996642342, 0.09247639241939104, 0.09173902283359818, 0.0, 0.10836266553762872, 0.0, 0.0, 0.0)",1
13074,35,9,8,"(0.09369258606422372, 0.0, 0.09627321838125809, 0.08643115852084893, 0.09173902283359818, 0.0, 0.07049444185520189, 0.0, 0.0, 0.0)",1
13075,35,9,8,"(0.09369258606422372, 0.0, 0.08950620996642342, 0.09247639241939104, 0.09173902283359818, 0.0, 0.08505756954791502, 0.0, 0.0, 0.0)",1
13076,35,9,8,"(0.09364498266749853, 0.0, 0.08950620996642342, 0.09247639241939104, 0.09173902283359818, 0.0, 0.06826344941350267, 0.0, 0.0, 0.0)",6
13077,35,9,8,"(0.09369258606422372, 0.0, 0.053799055185717794, 0.09247639241939104, 0.09173902283359818, 0.0, 0.07496150818225689, 0.0, 0.0, 0.0)",2
13078,35,9,8,"(0.09369258606422372, 0.0, 0.08950620996642342, 0.09247639241939104, 0.07111672574612259, 0.0, 0.06826344941350267, 0.0, 0.0, 0.0)",1
13079,35,9,8,"(0.0963338430309985, 0.0, 0.07248678477017081, 0.09247639241939104, 0.09173902283359818, 0.0, 0.07366509864442909, 0.0, 0.0, 0.0)",6
13080,35,9,8,"(0.09369258606422372, 0.0, 0.08950620996642342, 0.09247639241939104, 0.09173902283359818, 0.0, 0.06826344941350267, 0.0, 0.0, 0.0)",273
13081,35,9,11,"(0.09033430006888621, 0.12375017516755991, 0.0, 0.0, 0.0, 0.04688669779969397, 0.0, 0.09523546217639671, 0.0, 0.01812760691895582)",1
13082,35,9,11,"(0.09033430006888621, 0.14970886995698662, 0.0, 0.0, 0.0, 0.04688669779969397, 0.0, 0.09523546217639671, 0.0, 0.020612982647125577)",2
13083,35,9,11,"(0.09033430006888621, 0.14970886995698662, 0.0, 0.0, 0.0, 0.04688669779969397, 0.0, 0.09523546217639671, 0.0, 0.01812760691895582)",374
13084,35,9,11,"(0.09033430006888621, 0.14970886995698662, 0.0, 0.0, 0.0, 0.043578699822787226, 0.0, 0.11068755286719632, 0.0, 0.01812760691895582)",132
13085,35,9,13,"(0.0, 0.0, 0.11679612853536596, 0.05900900373712834, 0.09172770611919409, 0.07489992963210028, 0.0, 0.0, 0.14899621190854193, 0.0)",1
13086,35,9,13,"(0.0, 0.0, 0.11679612853536596, 0.06920069129515957, 0.09172770611919409, 0.07489992963210028, 0.0, 0.0, 0.14899621190854193, 0.0)",186
13087,35,10,8,"(0.0963338430309985, 0.0, 0.07248678477017081, 0.09247639241939104, 0.09173902283359818, 0.0, 0.07366509864442909, 0.0, 0.0, 0.0)",5
13088,35,10,8,"(0.09369258606422372, 0.0, 0.08723145659537539, 0.09247639241939104, 0.09173902283359818, 0.0, 0.06826344941350267, 0.0, 0.0, 0.0)",5
13089,35,10,8,"(0.09369258606422372, 0.0, 0.08950620996642342, 0.09247639241939104, 0.09173902283359818, 0.0, 0.05061869763551334, 0.0, 0.0, 0.0)",18
13090,35,10,8,"(0.09369258606422372, 0.0, 0.08950620996642342, 0.09247639241939104, 0.09173902283359818, 0.0, 0.06826344941350267, 0.0, 0.0, 0.0)",247
13091,35,10,8,"(0.10235192385459847, 0.0, 0.08950620996642342, 0.09247639241939104, 0.09173902283359818, 0.0, 0.06826344941350267, 0.0, 0.0, 0.0)",1
13092,35,10,8,"(0.09369258606422372, 0.0, 0.0731357509112323, 0.09247639241939104, 0.133511165859348, 0.0, 0.06826344941350267, 0.0, 0.0, 0.0)",2
13093,35,10,8,"(0.09364498266749853, 0.0, 0.08950620996642342, 0.09247639241939104, 0.09173902283359818, 0.0, 0.06826344941350267, 0.0, 0.0, 0.0)",38
13094,35,10,8,"(0.09369258606422372, 0.0, 0.1334647018337987, 0.07176860457372587, 0.06921116943548157, 0.0, 0.05061869763551334, 0.0, 0.0, 0.0)",2
13095,35,10,8,"(0.09369258606422372, 0.0, 0.09190363422545857, 0.09247639241939104, 0.09173902283359818, 0.0, 0.06826344941350267, 0.0, 0.0, 0.0)",1
13096,35,10,11,"(0.09033430006888621, 0.14970886995698662, 0.0, 0.0, 0.0, 0.04688669779969397, 0.0, 0.09523546217639671, 0.0, 0.009751525999345135)",3
13097,35,10,11,"(0.09101863128135369, 0.14970886995698662, 0.0, 0.0, 0.0, 0.04688669779969397, 0.0, 0.09523546217639671, 0.0, 0.01812760691895582)",2
13098,35,10,11,"(0.09478660132319915, 0.14970886995698662, 0.0, 0.0, 0.0, 0.04544687911422176, 0.0, 0.09523546217639671, 0.0, 0.01812760691895582)",1
13099,35,10,11,"(0.09033430006888621, 0.14970886995698662, 0.0, 0.0, 0.0, 0.04688669779969397, 0.0, 0.09523546217639671, 0.0, 0.01812760691895582)",342
13100,35,10,11,"(0.10253987737302486, 0.14970886995698662, 0.0, 0.0, 0.0, 0.048829250149187924, 0.0, 0.09523546217639671, 0.0, 0.023591831643610735)",1
13101,35,10,11,"(0.09033430006888621, 0.14970886995698662, 0.0, 0.0, 0.0, 0.04950770283432093, 0.0, 0.09523546217639671, 0.0, 0.01812760691895582)",2
13102,35,10,11,"(0.09033430006888621, 0.14970886995698662, 0.0, 0.0, 0.0, 0.043578699822787226, 0.0, 0.11068755286719632, 0.0, 0.01812760691895582)",76
13103,35,10,13,"(0.0, 0.0, 0.11679612853536596, 0.06920069129515957, 0.09172770611919409, 0.07489992963210028, 0.0, 0.0, 0.14899621190854193, 0.0)",191
13104,35,10,13,"(0.0, 0.0, 0.11679612853536596, 0.06920069129515957, 0.09358296976558314, 0.07489992963210028, 0.0, 0.0, 0.14899621190854193, 0.0)",1
13105,35,11,8,"(0.09369258606422372, 0.0, 0.1119514781072098, 0.09247639241939104, 0.09173902283359818, 0.0, 0.06826344941350267, 0.0, 0.0, 0.0)",1
13106,35,11,8,"(0.051052083767949126, 0.0, 0.08950620996642342, 0.09247639241939104, 0.09173902283359818, 0.0, 0.06826344941350267, 0.0, 0.0, 0.0)",1
13107,35,11,8,"(0.09369258606422372, 0.0, 0.08950620996642342, 0.11277778990489755, 0.09173902283359818, 0.0, 0.07403065841263086, 0.0, 0.0, 0.0)",3
13108,35,11,8,"(0.14059919522989914, 0.0, 0.08950620996642342, 0.09247639241939104, 0.06778714442793458, 0.0, 0.06826344941350267, 0.0, 0.0, 0.0)",1
13109,35,11,8,"(0.09369258606422372, 0.0, 0.08950620996642342, 0.11277778990489755, 0.09173902283359818, 0.0, 0.06826344941350267, 0.0, 0.0, 0.0)",16
13110,35,11,8,"(0.0852692182597639, 0.0, 0.08950620996642342, 0.09247639241939104, 0.09173902283359818, 0.0, 0.06826344941350267, 0.0, 0.0, 0.0)",1
13111,35,11,8,"(0.09369258606422372, 0.0, 0.08950620996642342, 0.09247639241939104, 0.09173902283359818, 0.0, 0.04736948769462479, 0.0, 0.0, 0.0)",1
13112,35,11,8,"(0.09369258606422372, 0.0, 0.08950620996642342, 0.09247639241939104, 0.09173902283359818, 0.0, 0.06826344941350267, 0.0, 0.0, 0.0)",352
13113,35,11,8,"(0.09369258606422372, 0.0, 0.11492469301686122, 0.09247639241939104, 0.09173902283359818, 0.0, 0.11426831997719537, 0.0, 0.0, 0.0)",1
13114,35,11,8,"(0.10862264842087523, 0.0, 0.08950620996642342, 0.09247639241939104, 0.13560216653578602, 0.0, 0.05777492110640245, 0.0, 0.0, 0.0)",1
13115,35,11,11,"(0.09033430006888621, 0.14970886995698662, 0.0, 0.0, 0.0, 0.04688669779969397, 0.0, 0.09523546217639671, 0.0, 0.01812760691895582)",293
13116,35,11,11,"(0.09239655558589276, 0.14970886995698662, 0.0, 0.0, 0.0, 0.04688669779969397, 0.0, 0.09523546217639671, 0.0, 0.01812760691895582)",2
13117,35,11,11,"(0.09033430006888621, 0.14970886995698662, 0.0, 0.0, 0.0, 0.043578699822787226, 0.0, 0.11068755286719632, 0.0, 0.01812760691895582)",64
13118,35,11,13,"(0.0, 0.0, 0.11679612853536596, 0.06920069129515957, 0.09172770611919409, 0.07489992963210028, 0.0, 0.0, 0.14899621190854193, 0.0)",168
13119,35,12,8,"(0.09369258606422372, 0.0, 0.08950620996642342, 0.09247639241939104, 0.11816899184516888, 0.0, 0.06826344941350267, 0.0, 0.0, 0.0)",24
13120,35,12,8,"(0.09369258606422372, 0.0, 0.08950620996642342, 0.09247639241939104, 0.09173902283359818, 0.0, 0.06826344941350267, 0.0, 0.0, 0.0)",188
13121,35,12,8,"(0.09369258606422372, 0.0, 0.08950620996642342, 0.072498135933611, 0.09173902283359818, 0.0, 0.05286754050035967, 0.0, 0.0, 0.0)",78
13122,35,12,11,"(0.09033430006888621, 0.14970886995698662, 0.0, 0.0, 0.0, 0.04688669779969397, 0.0, 0.09523546217639671, 0.0, 0.031051048610206557)",61
13123,35,12,11,"(0.09033430006888621, 0.0789064888768145, 0.0, 0.0, 0.0, 0.04688669779969397, 0.0, 0.09523546217639671, 0.0, 0.01812760691895582)",1
13124,35,12,11,"(0.09033430006888621, 0.14970886995698662, 0.0, 0.0, 0.0, 0.05953170136399521, 0.0, 0.09523546217639671, 0.0, 0.014471488258343811)",1
13125,35,12,11,"(0.09033430006888621, 0.1572783323016042, 0.0, 0.0, 0.0, 0.04688669779969397, 0.0, 0.09523546217639671, 0.0, 0.01812760691895582)",18
13126,35,12,11,"(0.09033430006888621, 0.14970886995698662, 0.0, 0.0, 0.0, 0.04688669779969397, 0.0, 0.09523546217639671, 0.0, 0.01812760691895582)",467
13127,35,12,11,"(0.06767583354416885, 0.14970886995698662, 0.0, 0.0, 0.0, 0.04688669779969397, 0.0, 0.09528260425301364, 0.0, 0.017512294978832763)",1
13128,35,12,13,"(0.0, 0.0, 0.11844788996604141, 0.06920069129515957, 0.09172770611919409, 0.07489992963210028, 0.0, 0.0, 0.14899621190854193, 0.0)",1
13129,35,12,13,"(0.0, 0.0, 0.11679612853536596, 0.06920069129515957, 0.09172770611919409, 0.07489992963210028, 0.0, 0.0, 0.14899621190854193, 0.0)",197
13130,35,13,8,"(0.09369258606422372, 0.0, 0.08950620996642342, 0.09247639241939104, 0.11816899184516888, 0.0, 0.06826344941350267, 0.0, 0.0, 0.0)",61
13131,35,13,8,"(0.09369258606422372, 0.0, 0.08950620996642342, 0.09247639241939104, 0.09173902283359818, 0.0, 0.05847185018620752, 0.0, 0.0, 0.0)",2
13132,35,13,8,"(0.09369258606422372, 0.0, 0.08950620996642342, 0.09247639241939104, 0.09173902283359818, 0.0, 0.06826344941350267, 0.0, 0.0, 0.0)",220
13133,35,13,8,"(0.09369258606422372, 0.0, 0.08950620996642342, 0.09247639241939104, 0.05854907957957473, 0.0, 0.06826344941350267, 0.0, 0.0, 0.0)",3
13134,35,13,8,"(0.09369258606422372, 0.0, 0.08950620996642342, 0.09247639241939104, 0.09870185796544867, 0.0, 0.08791026909391066, 0.0, 0.0, 0.0)",1
13135,35,13,8,"(0.08829965453524319, 0.0, 0.08950620996642342, 0.09247639241939104, 0.09173902283359818, 0.0, 0.06826344941350267, 0.0, 0.0, 0.0)",5
13136,35,13,8,"(0.11067766213403739, 0.0, 0.08950620996642342, 0.09247639241939104, 0.11816899184516888, 0.0, 0.06826344941350267, 0.0, 0.0, 0.0)",3
13137,35,13,11,"(0.09033430006888621, 0.14970886995698662, 0.0, 0.0, 0.0, 0.04688669779969397, 0.0, 0.17714668290905516, 0.0, 0.01812760691895582)",1
13138,35,13,11,"(0.09033430006888621, 0.14970886995698662, 0.0, 0.0, 0.0, 0.04069289391063488, 0.0, 0.09523546217639671, 0.0, 0.01812760691895582)",2
13139,35,13,11,"(0.09033430006888621, 0.14970886995698662, 0.0, 0.0, 0.0, 0.04688669779969397, 0.0, 0.09523546217639671, 0.0, 0.007461987970195789)",1
13140,35,13,11,"(0.09033430006888621, 0.14970886995698662, 0.0, 0.0, 0.0, 0.04688669779969397, 0.0, 0.09523546217639671, 0.0, 0.031051048610206557)",85
13141,35,13,11,"(0.09033430006888621, 0.14970886995698662, 0.0, 0.0, 0.0, 0.04688669779969397, 0.0, 0.059798784640871475, 0.0, 0.031051048610206557)",1
13142,35,13,11,"(0.09033430006888621, 0.14970886995698662, 0.0, 0.0, 0.0, 0.04688669779969397, 0.0, 0.09523546217639671, 0.0, 0.01812760691895582)",413
13143,35,13,11,"(0.09033430006888621, 0.14970886995698662, 0.0, 0.0, 0.0, 0.061577832467668535, 0.0, 0.09523546217639671, 0.0, 0.031051048610206557)",1
13144,35,13,11,"(0.09033430006888621, 0.14970886995698662, 0.0, 0.0, 0.0, 0.03991403668801227, 0.0, 0.09523546217639671, 0.0, 0.01812760691895582)",1
13145,35,13,13,"(0.0, 0.0, 0.19455164730388985, 0.06920069129515957, 0.09172770611919409, 0.10433466648068342, 0.0, 0.0, 0.12118834392284195, 0.0)",1
13146,35,13,13,"(0.0, 0.0, 0.11679612853536596, 0.06920069129515957, 0.09172770611919409, 0.1426784693808765, 0.0, 0.0, 0.14899621190854193, 0.0)",1
13147,35,13,13,"(0.0, 0.0, 0.11679612853536596, 0.07708613161346363, 0.09172770611919409, 0.07489992963210028, 0.0, 0.0, 0.14899621190854193, 0.0)",4
13148,35,13,13,"(0.0, 0.0, 0.11679612853536596, 0.06920069129515957, 0.09172770611919409, 0.07489992963210028, 0.0, 0.0, 0.14899621190854193, 0.0)",152
13149,35,13,13,"(0.0, 0.0, 0.19455164730388985, 0.06920069129515957, 0.09172770611919409, 0.07489992963210028, 0.0, 0.0, 0.14899621190854193, 0.0)",11
13150,35,14,8,"(0.10707607152278836, 0.0, 0.08950620996642342, 0.05994910185220641, 0.09173902283359818, 0.0, 0.05286754050035967, 0.0, 0.0, 0.0)",1
13151,35,14,8,"(0.04231329985235072, 0.0, 0.08950620996642342, 0.072498135933611, 0.09173902283359818, 0.0, 0.05286754050035967, 0.0, 0.0, 0.0)",1
13152,35,14,8,"(0.09369258606422372, 0.0, 0.08950620996642342, 0.09247639241939104, 0.09173902283359818, 0.0, 0.06826344941350267, 0.0, 0.0, 0.0)",181
13153,35,14,8,"(0.09369258606422372, 0.0, 0.08950620996642342, 0.09247639241939104, 0.11816899184516888, 0.0, 0.06826344941350267, 0.0, 0.0, 0.0)",86
13154,35,14,8,"(0.09369258606422372, 0.0, 0.08950620996642342, 0.072498135933611, 0.09173902283359818, 0.0, 0.05286754050035967, 0.0, 0.0, 0.0)",44
13155,35,14,11,"(0.09033430006888621, 0.14970886995698662, 0.0, 0.0, 0.0, 0.04688669779969397, 0.0, 0.09523546217639671, 0.0, 0.018449329869156594)",3
13156,35,14,11,"(0.09033430006888621, 0.14970886995698662, 0.0, 0.0, 0.0, 0.04886246538591056, 0.0, 0.09523546217639671, 0.0, 0.01812760691895582)",2
13157,35,14,11,"(0.13066396127432353, 0.14970886995698662, 0.0, 0.0, 0.0, 0.04688669779969397, 0.0, 0.09523546217639671, 0.0, 0.01812760691895582)",2
13158,35,14,11,"(0.09033430006888621, 0.14970886995698662, 0.0, 0.0, 0.0, 0.05841823094501931, 0.0, 0.09523546217639671, 0.0, 0.01812760691895582)",1
13159,35,14,11,"(0.09033430006888621, 0.14970886995698662, 0.0, 0.0, 0.0, 0.04688669779969397, 0.0, 0.09523546217639671, 0.0, 0.01812760691895582)",479
13160,35,14,11,"(0.09033430006888621, 0.16332714998713238, 0.0, 0.0, 0.0, 0.04688669779969397, 0.0, 0.09523546217639671, 0.0, 0.01812760691895582)",3
13161,35,14,11,"(0.10166193929032839, 0.14970886995698662, 0.0, 0.0, 0.0, 0.04688669779969397, 0.0, 0.09523546217639671, 0.0, 0.01812760691895582)",1
13162,35,14,11,"(0.17300696988412165, 0.14970886995698662, 0.0, 0.0, 0.0, 0.04688669779969397, 0.0, 0.09523546217639671, 0.0, 0.01812760691895582)",1
13163,35,14,11,"(0.09400025754683161, 0.14970886995698662, 0.0, 0.0, 0.0, 0.04688669779969397, 0.0, 0.09523546217639671, 0.0, 0.01812760691895582)",1
13164,35,14,11,"(0.09033430006888621, 0.1794962454683616, 0.0, 0.0, 0.0, 0.04688669779969397, 0.0, 0.09523546217639671, 0.0, 0.01812760691895582)",2
13165,35,14,13,"(0.0, 0.0, 0.11679612853536596, 0.06920069129515957, 0.09172770611919409, 0.22314404664329945, 0.0, 0.0, 0.14899621190854193, 0.0)",4
13166,35,14,13,"(0.0, 0.0, 0.0575207978900717, 0.15751898977318593, 0.09172770611919409, 0.07489992963210028, 0.0, 0.0, 0.14899621190854193, 0.0)",1
13167,35,14,13,"(0.0, 0.0, 0.11679612853536596, 0.06920069129515957, 0.061030770637404363, 0.0753015273048298, 0.0, 0.0, 0.14899621190854193, 0.0)",1
13168,35,14,13,"(0.0, 0.0, 0.11679612853536596, 0.06920069129515957, 0.09172770611919409, 0.07489992963210028, 0.0, 0.0, 0.14899621190854193, 0.0)",170
13169,35,15,8,"(0.09369258606422372, 0.0, 0.08950620996642342, 0.09247639241939104, 0.09173902283359818, 0.0, 0.06826344941350267, 0.0, 0.0, 0.0)",198
13170,35,15,8,"(0.09369258606422372, 0.0, 0.08405653076630912, 0.09247639241939104, 0.09173902283359818, 0.0, 0.06826344941350267, 0.0, 0.0, 0.0)",128
13171,35,15,8,"(0.06683857129715577, 0.0, 0.08950620996642342, 0.09247639241939104, 0.09173902283359818, 0.0, 0.06826344941350267, 0.0, 0.0, 0.0)",2
13172,35,15,8,"(0.09369258606422372, 0.0, 0.08950620996642342, 0.09247639241939104, 0.2580075714231022, 0.0, 0.06826344941350267, 0.0, 0.0, 0.0)",2
13173,35,15,8,"(0.08541358413643793, 0.0, 0.08405653076630912, 0.09247639241939104, 0.09173902283359818, 0.0, 0.06826344941350267, 0.0, 0.0, 0.0)",1
13174,35,15,11,"(0.09033430006888621, 0.29732595698995157, 0.0, 0.0, 0.0, 0.04688669779969397, 0.0, 0.09523546217639671, 0.0, 0.01812760691895582)",1
13175,35,15,11,"(0.09033430006888621, 0.30986519096783127, 0.0, 0.0, 0.0, 0.04688669779969397, 0.0, 0.09523546217639671, 0.0, 0.01812760691895582)",3
13176,35,15,11,"(0.09033430006888621, 0.14970886995698662, 0.0, 0.0, 0.0, 0.04688669779969397, 0.0, 0.09523546217639671, 0.0, 0.020129264246265974)",1
13177,35,15,11,"(0.09033430006888621, 0.14970886995698662, 0.0, 0.0, 0.0, 0.04688669779969397, 0.0, 0.06707712596138904, 0.0, 0.01812760691895582)",2
13178,35,15,11,"(0.09033430006888621, 0.14970886995698662, 0.0, 0.0, 0.0, 0.043578699822787226, 0.0, 0.11068755286719632, 0.0, 0.01812760691895582)",45
13179,35,15,11,"(0.09033430006888621, 0.14970886995698662, 0.0, 0.0, 0.0, 0.04688669779969397, 0.0, 0.09523546217639671, 0.0, 0.01812760691895582)",424
13180,35,15,11,"(0.0754869774661192, 0.14970886995698662, 0.0, 0.0, 0.0, 0.04688669779969397, 0.0, 0.1304441901180219, 0.0, 0.01812760691895582)",1
13181,35,15,11,"(0.09033430006888621, 0.14970886995698662, 0.0, 0.0, 0.0, 0.04688669779969397, 0.0, 0.09523546217639671, 0.0, 0.01523813992251509)",10
13182,35,15,11,"(0.11712686088917144, 0.34950757876602057, 0.0, 0.0, 0.0, 0.043578699822787226, 0.0, 0.11068755286719632, 0.0, 0.028242708184124495)",1
13183,35,15,13,"(0.0, 0.0, 0.11679612853536596, 0.08018676499026851, 0.09172770611919409, 0.07489992963210028, 0.0, 0.0, 0.07609461933066355, 0.0)",1
13184,35,15,13,"(0.0, 0.0, 0.10790252046109496, 0.06920069129515957, 0.09172770611919409, 0.07489992963210028, 0.0, 0.0, 0.14899621190854193, 0.0)",1
13185,35,15,13,"(0.0, 0.0, 0.11679612853536596, 0.06920069129515957, 0.09172770611919409, 0.07489992963210028, 0.0, 0.0, 0.14899621190854193, 0.0)",181
13186,35,15,13,"(0.0, 0.0, 0.13964613911963641, 0.06920069129515957, 0.09172770611919409, 0.07489992963210028, 0.0, 0.0, 0.14899621190854193, 0.0)",1
13187,35,15,13,"(0.0, 0.0, 0.11679612853536596, 0.06920069129515957, 0.06785693818826245, 0.07489992963210028, 0.0, 0.0, 0.09872655984476023, 0.0)",4
13188,35,16,8,"(0.09369258606422372, 0.0, 0.08950620996642342, 0.09247639241939104, 0.09173902283359818, 0.0, 0.06826344941350267, 0.0, 0.0, 0.0)",159
13189,35,16,8,"(0.09369258606422372, 0.0, 0.08405653076630912, 0.09247639241939104, 0.09173902283359818, 0.0, 0.06826344941350267, 0.0, 0.0, 0.0)",143
13190,35,16,8,"(0.09369258606422372, 0.0, 0.08405653076630912, 0.09247639241939104, 0.1832458672436857, 0.0, 0.06826344941350267, 0.0, 0.0, 0.0)",1
13191,35,16,8,"(0.09369258606422372, 0.0, 0.08950620996642342, 0.09247639241939104, 0.09173902283359818, 0.0, 0.09227324841023656, 0.0, 0.0, 0.0)",4
13192,35,16,11,"(0.09033430006888621, 0.14970886995698662, 0.0, 0.0, 0.0, 0.04688669779969397, 0.0, 0.07042837430377608, 0.0, 0.01812760691895582)",2
13193,35,16,11,"(0.09033430006888621, 0.14970886995698662, 0.0, 0.0, 0.0, 0.04688669779969397, 0.0, 0.09523546217639671, 0.0, 0.01812760691895582)",442
13194,35,16,11,"(0.09033430006888621, 0.14970886995698662, 0.0, 0.0, 0.0, 0.043578699822787226, 0.0, 0.11068755286719632, 0.0, 0.01812760691895582)",34
13195,35,16,13,"(0.0, 0.0, 0.11679612853536596, 0.06920069129515957, 0.09172770611919409, 0.07489992963210028, 0.0, 0.0, 0.08372845540409195, 0.0)",3
13196,35,16,13,"(0.0, 0.0, 0.11679612853536596, 0.06920069129515957, 0.09172770611919409, 0.07489992963210028, 0.0, 0.0, 0.23128079296803086, 0.0)",1
13197,35,16,13,"(0.0, 0.0, 0.11679612853536596, 0.06920069129515957, 0.09172770611919409, 0.051968427058054906, 0.0, 0.0, 0.14899621190854193, 0.0)",2
13198,35,16,13,"(0.0, 0.0, 0.11679612853536596, 0.06920069129515957, 0.09172770611919409, 0.09928454444654765, 0.0, 0.0, 0.16080559369005348, 0.0)",1
13199,35,16,13,"(0.0, 0.0, 0.11679612853536596, 0.06920069129515957, 0.09172770611919409, 0.07489992963210028, 0.0, 0.0, 0.14899621190854193, 0.0)",182
13200,35,17,8,"(0.09369258606422372, 0.0, 0.09060033377355069, 0.09247639241939104, 0.09173902283359818, 0.0, 0.06826344941350267, 0.0, 0.0, 0.0)",4
13201,35,17,8,"(0.09369258606422372, 0.0, 0.08950620996642342, 0.09247639241939104, 0.09173902283359818, 0.0, 0.06826344941350267, 0.0, 0.0, 0.0)",245
13202,35,17,8,"(0.09157726749403262, 0.0, 0.09924891141063875, 0.09247639241939104, 0.09173902283359818, 0.0, 0.12403106541972422, 0.0, 0.0, 0.0)",35
13203,35,17,11,"(0.1338762219852575, 0.14970886995698662, 0.0, 0.0, 0.0, 0.04688669779969397, 0.0, 0.09523546217639671, 0.0, 0.01812760691895582)",1
13204,35,17,11,"(0.09033430006888621, 0.14970886995698662, 0.0, 0.0, 0.0, 0.043578699822787226, 0.0, 0.11068755286719632, 0.0, 0.011255441193802687)",1
13205,35,17,11,"(0.09033430006888621, 0.14970886995698662, 0.0, 0.0, 0.0, 0.043578699822787226, 0.0, 0.11068755286719632, 0.0, 0.01812760691895582)",27
13206,35,17,11,"(0.09033430006888621, 0.14970886995698662, 0.0, 0.0, 0.0, 0.04688669779969397, 0.0, 0.10052815798654809, 0.0, 0.01812760691895582)",1
13207,35,17,11,"(0.09033430006888621, 0.14970886995698662, 0.0, 0.0, 0.0, 0.04688669779969397, 0.0, 0.09523546217639671, 0.0, 0.014199835696126834)",10
13208,35,17,11,"(0.09033430006888621, 0.2756433744503838, 0.0, 0.0, 0.0, 0.043578699822787226, 0.0, 0.11068755286719632, 0.0, 0.01812760691895582)",1
13209,35,17,11,"(0.09033430006888621, 0.14970886995698662, 0.0, 0.0, 0.0, 0.04688669779969397, 0.0, 0.09523546217639671, 0.0, 0.01812760691895582)",462
13210,35,17,13,"(0.0, 0.0, 0.11679612853536596, 0.06920069129515957, 0.09172770611919409, 0.07489992963210028, 0.0, 0.0, 0.14899621190854193, 0.0)",153
13211,35,17,13,"(0.0, 0.0, 0.11679612853536596, 0.06920069129515957, 0.0746602664841813, 0.07489992963210028, 0.0, 0.0, 0.1269430275811155, 0.0)",1
13212,35,18,8,"(0.09369258606422372, 0.0, 0.08950620996642342, 0.09247639241939104, 0.07848383610019374, 0.0, 0.06826344941350267, 0.0, 0.0, 0.0)",57
13213,35,18,8,"(0.09369258606422372, 0.0, 0.08950620996642342, 0.07842184084690296, 0.09173902283359818, 0.0, 0.06826344941350267, 0.0, 0.0, 0.0)",1
13214,35,18,8,"(0.09369258606422372, 0.0, 0.08950620996642342, 0.09247639241939104, 0.09173902283359818, 0.0, 0.10664440439870936, 0.0, 0.0, 0.0)",1
13215,35,18,8,"(0.09369258606422372, 0.0, 0.08950620996642342, 0.09247639241939104, 0.09173902283359818, 0.0, 0.06826344941350267, 0.0, 0.0, 0.0)",215
13216,35,18,11,"(0.09033430006888621, 0.14970886995698662, 0.0, 0.0, 0.0, 0.043578699822787226, 0.0, 0.11068755286719632, 0.0, 0.01812760691895582)",37
13217,35,18,11,"(0.09033430006888621, 0.14970886995698662, 0.0, 0.0, 0.0, 0.04688669779969397, 0.0, 0.08979075813594095, 0.0, 0.01812760691895582)",1
13218,35,18,11,"(0.09033430006888621, 0.07923215507982538, 0.0, 0.0, 0.0, 0.04688669779969397, 0.0, 0.08279308826028929, 0.0, 0.01812760691895582)",1
13219,35,18,11,"(0.09033430006888621, 0.14970886995698662, 0.0, 0.0, 0.0, 0.04688669779969397, 0.0, 0.0934666666428019, 0.0, 0.01812760691895582)",1
13220,35,18,11,"(0.09033430006888621, 0.14970886995698662, 0.0, 0.0, 0.0, 0.04688669779969397, 0.0, 0.09523546217639671, 0.0, 0.01812760691895582)",383
13221,35,18,11,"(0.09033430006888621, 0.07923215507982538, 0.0, 0.0, 0.0, 0.04688669779969397, 0.0, 0.09523546217639671, 0.0, 0.01812760691895582)",18
13222,35,18,11,"(0.09033430006888621, 0.14970886995698662, 0.0, 0.0, 0.0, 0.04688669779969397, 0.0, 0.09523546217639671, 0.0, 0.024289316412166986)",11
13223,35,18,11,"(0.11991112351216987, 0.14970886995698662, 0.0, 0.0, 0.0, 0.04688669779969397, 0.0, 0.09523546217639671, 0.0, 0.01812760691895582)",2
13224,35,18,11,"(0.12775134155874557, 0.14970886995698662, 0.0, 0.0, 0.0, 0.04688669779969397, 0.0, 0.10899547933234816, 0.0, 0.01812760691895582)",1
13225,35,18,11,"(0.04697692587309928, 0.28029972795345437, 0.0, 0.0, 0.0, 0.031262741568280954, 0.0, 0.1363522483969403, 0.0, 0.01812760691895582)",3
13226,35,18,11,"(0.09033430006888621, 0.14970886995698662, 0.0, 0.0, 0.0, 0.04688669779969397, 0.0, 0.09949689609091858, 0.0, 0.01812760691895582)",1
13227,35,18,13,"(0.0, 0.0, 0.11679612853536596, 0.06920069129515957, 0.09172770611919409, 0.07489992963210028, 0.0, 0.0, 0.14899621190854193, 0.0)",166
13228,35,19,8,"(0.09369258606422372, 0.0, 0.10225449047720192, 0.09247639241939104, 0.09173902283359818, 0.0, 0.06826344941350267, 0.0, 0.0, 0.0)",2
13229,35,19,8,"(0.09369258606422372, 0.0, 0.08950620996642342, 0.09247639241939104, 0.09173902283359818, 0.0, 0.06826344941350267, 0.0, 0.0, 0.0)",281
13230,35,19,8,"(0.06954264389397426, 0.0, 0.08950620996642342, 0.09247639241939104, 0.09173902283359818, 0.0, 0.06826344941350267, 0.0, 0.0, 0.0)",1
13231,35,19,8,"(0.09369258606422372, 0.0, 0.05033514840567106, 0.1224483330065067, 0.09173902283359818, 0.0, 0.06826344941350267, 0.0, 0.0, 0.0)",23
13232,35,19,8,"(0.09369258606422372, 0.0, 0.08950620996642342, 0.09247639241939104, 0.13306279854999495, 0.0, 0.06826344941350267, 0.0, 0.0, 0.0)",3
13233,35,19,11,"(0.09033430006888621, 0.07923215507982538, 0.0, 0.0, 0.0, 0.04688669779969397, 0.0, 0.06935502331375007, 0.0, 0.01812760691895582)",1
13234,35,19,11,"(0.09033430006888621, 0.14970886995698662, 0.0, 0.0, 0.0, 0.043578699822787226, 0.0, 0.11068755286719632, 0.0, 0.01812760691895582)",99
13235,35,19,11,"(0.09033430006888621, 0.14970886995698662, 0.0, 0.0, 0.0, 0.04688669779969397, 0.0, 0.09523546217639671, 0.0, 0.016332287940657705)",1
13236,35,19,11,"(0.09224849473499712, 0.14970886995698662, 0.0, 0.0, 0.0, 0.043578699822787226, 0.0, 0.11068755286719632, 0.0, 0.01812760691895582)",1
13237,35,19,11,"(0.09033430006888621, 0.14970886995698662, 0.0, 0.0, 0.0, 0.04688669779969397, 0.0, 0.09523546217639671, 0.0, 0.01812760691895582)",288
13238,35,19,11,"(0.09033430006888621, 0.10033561789600874, 0.0, 0.0, 0.0, 0.04688669779969397, 0.0, 0.05923430320183534, 0.0, 0.01812760691895582)",1
13239,35,19,11,"(0.09033430006888621, 0.14970886995698662, 0.0, 0.0, 0.0, 0.04688669779969397, 0.0, 0.09523546217639671, 0.0, 0.024289316412166986)",30
13240,35,19,11,"(0.09033430006888621, 0.14970886995698662, 0.0, 0.0, 0.0, 0.04688669779969397, 0.0, 0.09523546217639671, 0.0, 0.027822844031744662)",1
13241,35,19,11,"(0.08268893229343359, 0.14970886995698662, 0.0, 0.0, 0.0, 0.04688669779969397, 0.0, 0.09523546217639671, 0.0, 0.024073684789431924)",1
13242,35,19,11,"(0.13542555983623128, 0.14970886995698662, 0.0, 0.0, 0.0, 0.04688669779969397, 0.0, 0.09523546217639671, 0.0, 0.024289316412166986)",3
13243,35,19,11,"(0.09033430006888621, 0.14970886995698662, 0.0, 0.0, 0.0, 0.04688669779969397, 0.0, 0.12339039607398722, 0.0, 0.01812760691895582)",3
13244,35,19,11,"(0.09033430006888621, 0.07923215507982538, 0.0, 0.0, 0.0, 0.04688669779969397, 0.0, 0.09523546217639671, 0.0, 0.01812760691895582)",24
13245,35,19,13,"(0.0, 0.0, 0.24349676690965558, 0.06399350573585051, 0.09172770611919409, 0.07489992963210028, 0.0, 0.0, 0.14899621190854193, 0.0)",1
13246,35,19,13,"(0.0, 0.0, 0.11679612853536596, 0.06920069129515957, 0.09172770611919409, 0.07489992963210028, 0.0, 0.0, 0.14899621190854193, 0.0)",182
13247,35,19,13,"(0.0, 0.0, 0.11679612853536596, 0.06920069129515957, 0.09172770611919409, 0.07489992963210028, 0.0, 0.0, 0.1642063761330777, 0.0)",1
13248,35,19,13,"(0.0, 0.0, 0.11679612853536596, 0.06920069129515957, 0.09172770611919409, 0.06042978447318494, 0.0, 0.0, 0.14899621190854193, 0.0)",4
13249,35,20,8,"(0.09369258606422372, 0.0, 0.08950620996642342, 0.09247639241939104, 0.09173902283359818, 0.0, 0.06826344941350267, 0.0, 0.0, 0.0)",265
13250,35,20,8,"(0.09369258606422372, 0.0, 0.07032312204352346, 0.09247639241939104, 0.09173902283359818, 0.0, 0.06826344941350267, 0.0, 0.0, 0.0)",3
13251,35,20,8,"(0.09369258606422372, 0.0, 0.08950620996642342, 0.09247639241939104, 0.09173902283359818, 0.0, 0.025500023021446005, 0.0, 0.0, 0.0)",10
13252,35,20,8,"(0.10581914116089562, 0.0, 0.08950620996642342, 0.09247639241939104, 0.09173902283359818, 0.0, 0.06826344941350267, 0.0, 0.0, 0.0)",5
13253,35,20,11,"(0.09033430006888621, 0.14970886995698662, 0.0, 0.0, 0.0, 0.04688669779969397, 0.0, 0.09523546217639671, 0.0, 0.024289316412166986)",84
13254,35,20,11,"(0.09033430006888621, 0.14970886995698662, 0.0, 0.0, 0.0, 0.043578699822787226, 0.0, 0.11068755286719632, 0.0, 0.01812760691895582)",109
13255,35,20,11,"(0.09033430006888621, 0.14970886995698662, 0.0, 0.0, 0.0, 0.04688669779969397, 0.0, 0.09523546217639671, 0.0, 0.034218052736607524)",1
13256,35,20,11,"(0.09033430006888621, 0.14970886995698662, 0.0, 0.0, 0.0, 0.04688669779969397, 0.0, 0.09523546217639671, 0.0, 0.01812760691895582)",348
13257,35,20,11,"(0.09033430006888621, 0.0935864005526227, 0.0, 0.0, 0.0, 0.043578699822787226, 0.0, 0.11068755286719632, 0.0, 0.01812760691895582)",2
13258,35,20,11,"(0.09033430006888621, 0.20659586060448107, 0.0, 0.0, 0.0, 0.043578699822787226, 0.0, 0.14300161249249552, 0.0, 0.01812760691895582)",6
13259,35,20,11,"(0.09033430006888621, 0.14970886995698662, 0.0, 0.0, 0.0, 0.03999288223478377, 0.0, 0.09523546217639671, 0.0, 0.01812760691895582)",1
13260,35,20,13,"(0.0, 0.0, 0.11679612853536596, 0.06920069129515957, 0.09172770611919409, 0.06387804421226166, 0.0, 0.0, 0.14899621190854193, 0.0)",1
13261,35,20,13,"(0.0, 0.0, 0.07751592370756429, 0.06920069129515957, 0.09172770611919409, 0.07489992963210028, 0.0, 0.0, 0.08892897867160908, 0.0)",2
13262,35,20,13,"(0.0, 0.0, 0.11679612853536596, 0.06920069129515957, 0.09172770611919409, 0.07489992963210028, 0.0, 0.0, 0.14899621190854193, 0.0)",158
13263,35,20,13,"(0.0, 0.0, 0.11679612853536596, 0.05718380627592206, 0.09172770611919409, 0.07489992963210028, 0.0, 0.0, 0.14899621190854193, 0.0)",2
13264,36,0,8,"(0.08829965453524319, 0.0, 0.08950620996642342, 0.09247639241939104, 0.09173902283359818, 0.0, 0.06826344941350267, 0.0, 0.0, 0.0)",247
13265,36,0,8,"(0.08829965453524319, 0.0, 0.08950620996642342, 0.055213404465301416, 0.09173902283359818, 0.0, 0.06826344941350267, 0.0, 0.0, 0.0)",1
13266,36,0,8,"(0.09369258606422372, 0.0, 0.08950620996642342, 0.09247639241939104, 0.09173902283359818, 0.0, 0.06826344941350267, 0.0, 0.0, 0.0)",54
13267,36,0,11,"(0.09033430006888621, 0.6089995929090354, 0.0, 0.0, 0.0, 0.04688669779969397, 0.0, 0.09523546217639671, 0.0, 0.01812760691895582)",1
13268,36,0,11,"(0.09033430006888621, 0.14970886995698662, 0.0, 0.0, 0.0, 0.04688669779969397, 0.0, 0.07851631155931958, 0.0, 0.01812760691895582)",52
13269,36,0,11,"(0.09033430006888621, 0.14970886995698662, 0.0, 0.0, 0.0, 0.04688669779969397, 0.0, 0.09523546217639671, 0.0, 0.01812760691895582)",282
13270,36,0,11,"(0.09033430006888621, 0.14970886995698662, 0.0, 0.0, 0.0, 0.04688669779969397, 0.0, 0.09523546217639671, 0.0, 0.031051048610206557)",199
13271,36,0,11,"(0.09033430006888621, 0.14970886995698662, 0.0, 0.0, 0.0, 0.04688669779969397, 0.0, 0.12635191267662815, 0.0, 0.012094717013826346)",12
13272,36,0,11,"(0.09033430006888621, 0.14970886995698662, 0.0, 0.0, 0.0, 0.09817787031727261, 0.0, 0.09523546217639671, 0.0, 0.01020275986567772)",6
13273,36,0,11,"(0.09033430006888621, 0.14970886995698662, 0.0, 0.0, 0.0, 0.04281407067328117, 0.0, 0.09523546217639671, 0.0, 0.01812760691895582)",2
13274,36,0,11,"(0.09033430006888621, 0.14970886995698662, 0.0, 0.0, 0.0, 0.04688669779969397, 0.0, 0.07609989074539647, 0.0, 0.031051048610206557)",1
13275,36,0,11,"(0.05595493401288263, 0.14970886995698662, 0.0, 0.0, 0.0, 0.04688669779969397, 0.0, 0.09523546217639671, 0.0, 0.031051048610206557)",2
13276,36,0,13,"(0.0, 0.0, 0.11679612853536596, 0.06920069129515957, 0.09172770611919409, 0.07489992963210028, 0.0, 0.0, 0.17701872636954935, 0.0)",9
13277,36,0,13,"(0.0, 0.0, 0.11679612853536596, 0.06920069129515957, 0.09172770611919409, 0.07489992963210028, 0.0, 0.0, 0.14899621190854193, 0.0)",175
13278,36,1,8,"(0.11778697161792247, 0.0, 0.08950620996642342, 0.09247639241939104, 0.09173902283359818, 0.0, 0.06826344941350267, 0.0, 0.0, 0.0)",1
13279,36,1,8,"(0.08829965453524319, 0.0, 0.08950620996642342, 0.09247639241939104, 0.09173902283359818, 0.0, 0.08666321945454356, 0.0, 0.0, 0.0)",1
13280,36,1,8,"(0.09369258606422372, 0.0, 0.08950620996642342, 0.09247639241939104, 0.09173902283359818, 0.0, 0.06826344941350267, 0.0, 0.0, 0.0)",167
13281,36,1,8,"(0.07550468789885216, 0.0, 0.08950620996642342, 0.09247639241939104, 0.09173902283359818, 0.0, 0.06826344941350267, 0.0, 0.0, 0.0)",8
13282,36,1,8,"(0.08829965453524319, 0.0, 0.08950620996642342, 0.09247639241939104, 0.09173902283359818, 0.0, 0.06826344941350267, 0.0, 0.0, 0.0)",136
13283,36,1,11,"(0.09033430006888621, 0.14970886995698662, 0.0, 0.0, 0.0, 0.043267212028031174, 0.0, 0.09523546217639671, 0.0, 0.01756481860154168)",1
13284,36,1,11,"(0.09033430006888621, 0.14970886995698662, 0.0, 0.0, 0.0, 0.04688669779969397, 0.0, 0.09523546217639671, 0.0, 0.01812760691895582)",341
13285,36,1,11,"(0.09033430006888621, 0.14970886995698662, 0.0, 0.0, 0.0, 0.04688669779969397, 0.0, 0.09523546217639671, 0.0, 0.01877283505709166)",2
13286,36,1,11,"(0.09033430006888621, 0.13301688148591898, 0.0, 0.0, 0.0, 0.021939847885793284, 0.0, 0.07851631155931958, 0.0, 0.034286300543172415)",1
13287,36,1,11,"(0.09033430006888621, 0.14970886995698662, 0.0, 0.0, 0.0, 0.04688669779969397, 0.0, 0.09523546217639671, 0.0, 0.04349473185737594)",3
13288,36,1,11,"(0.09033430006888621, 0.14970886995698662, 0.0, 0.0, 0.0, 0.04688669779969397, 0.0, 0.07549648917786098, 0.0, 0.01812760691895582)",1
13289,36,1,11,"(0.09033430006888621, 0.14970886995698662, 0.0, 0.0, 0.0, 0.04688669779969397, 0.0, 0.09199313686751115, 0.0, 0.01812760691895582)",2
13290,36,1,11,"(0.09033430006888621, 0.14970886995698662, 0.0, 0.0, 0.0, 0.04688669779969397, 0.0, 0.09523546217639671, 0.0, 0.031051048610206557)",124
13291,36,1,11,"(0.09033430006888621, 0.14970886995698662, 0.0, 0.0, 0.0, 0.04688669779969397, 0.0, 0.07851631155931958, 0.0, 0.01812760691895582)",75
13292,36,1,11,"(0.09033430006888621, 0.14970886995698662, 0.0, 0.0, 0.0, 0.04688669779969397, 0.0, 0.09030720688081306, 0.0, 0.031051048610206557)",5
13293,36,1,13,"(0.0, 0.0, 0.11679612853536596, 0.06920069129515957, 0.09172770611919409, 0.07489992963210028, 0.0, 0.0, 0.252291027936762, 0.0)",2
13294,36,1,13,"(0.0, 0.0, 0.11679612853536596, 0.08790626668783519, 0.047612328511878986, 0.0774554560513728, 0.0, 0.0, 0.1972759875625906, 0.0)",16
13295,36,1,13,"(0.0, 0.0, 0.11679612853536596, 0.06920069129515957, 0.09172770611919409, 0.07489992963210028, 0.0, 0.0, 0.14899621190854193, 0.0)",147
13296,36,1,13,"(0.0, 0.0, 0.07670603510511013, 0.08790626668783519, 0.047612328511878986, 0.0774554560513728, 0.0, 0.0, 0.1972759875625906, 0.0)",1
13297,36,1,13,"(0.0, 0.0, 0.11679612853536596, 0.06920069129515957, 0.08277977436199936, 0.07489992963210028, 0.0, 0.0, 0.17701872636954935, 0.0)",1
13298,36,1,13,"(0.0, 0.0, 0.11679612853536596, 0.06920069129515957, 0.09172770611919409, 0.07489992963210028, 0.0, 0.0, 0.17701872636954935, 0.0)",24
13299,36,2,8,"(0.08829965453524319, 0.0, 0.05629667250400583, 0.09247639241939104, 0.09173902283359818, 0.0, 0.06826344941350267, 0.0, 0.0, 0.0)",1
13300,36,2,8,"(0.09369258606422372, 0.0, 0.08950620996642342, 0.09247639241939104, 0.09173902283359818, 0.0, 0.100888385772041, 0.0, 0.0, 0.0)",2
13301,36,2,8,"(0.08829965453524319, 0.0, 0.08950620996642342, 0.09247639241939104, 0.09173902283359818, 0.0, 0.06826344941350267, 0.0, 0.0, 0.0)",220
13302,36,2,8,"(0.08829965453524319, 0.0, 0.08950620996642342, 0.09247639241939104, 0.10792508526628435, 0.0, 0.06826344941350267, 0.0, 0.0, 0.0)",1
13303,36,2,8,"(0.09369258606422372, 0.0, 0.08950620996642342, 0.09247639241939104, 0.032502671749858415, 0.0, 0.06826344941350267, 0.0, 0.0, 0.0)",3
13304,36,2,8,"(0.09369258606422372, 0.0, 0.08950620996642342, 0.09247639241939104, 0.09173902283359818, 0.0, 0.06826344941350267, 0.0, 0.0, 0.0)",137
13305,36,2,8,"(0.08829965453524319, 0.0, 0.08950620996642342, 0.17328313334639317, 0.09173902283359818, 0.0, 0.06826344941350267, 0.0, 0.0, 0.0)",1
13306,36,2,11,"(0.09033430006888621, 0.23369743172983112, 0.0, 0.0, 0.0, 0.04688669779969397, 0.0, 0.09523546217639671, 0.0, 0.01812760691895582)",1
13307,36,2,11,"(0.09033430006888621, 0.14970886995698662, 0.0, 0.0, 0.0, 0.0416732042186207, 0.0, 0.09523546217639671, 0.0, 0.01812760691895582)",1
13308,36,2,11,"(0.09033430006888621, 0.14970886995698662, 0.0, 0.0, 0.0, 0.04688669779969397, 0.0, 0.09981676578131864, 0.0, 0.01812760691895582)",1
13309,36,2,11,"(0.05078108706805214, 0.14970886995698662, 0.0, 0.0, 0.0, 0.04688669779969397, 0.0, 0.08306549426687608, 0.0, 0.01812760691895582)",2
13310,36,2,11,"(0.09033430006888621, 0.14970886995698662, 0.0, 0.0, 0.0, 0.04688669779969397, 0.0, 0.07851631155931958, 0.0, 0.01812760691895582)",22
13311,36,2,11,"(0.09033430006888621, 0.14970886995698662, 0.0, 0.0, 0.0, 0.04688669779969397, 0.0, 0.09523546217639671, 0.0, 0.031051048610206557)",96
13312,36,2,11,"(0.09033430006888621, 0.31391154988958564, 0.0, 0.0, 0.0, 0.04688669779969397, 0.0, 0.09523546217639671, 0.0, 0.01812760691895582)",1
13313,36,2,11,"(0.09033430006888621, 0.14970886995698662, 0.0, 0.0, 0.0, 0.04688669779969397, 0.0, 0.14358529821847132, 0.0, 0.01812760691895582)",2
13314,36,2,11,"(0.1008054984720906, 0.14970886995698662, 0.0, 0.0, 0.0, 0.04688669779969397, 0.0, 0.09523546217639671, 0.0, 0.01812760691895582)",3
13315,36,2,11,"(0.09033430006888621, 0.14970886995698662, 0.0, 0.0, 0.0, 0.04688669779969397, 0.0, 0.09523546217639671, 0.0, 0.01812760691895582)",253
13316,36,2,11,"(0.09033430006888621, 0.14970886995698662, 0.0, 0.0, 0.0, 0.04688669779969397, 0.0, 0.11616470991625397, 0.0, 0.031051048610206557)",2
13317,36,2,13,"(0.0, 0.0, 0.10552205654634225, 0.10947825201759409, 0.09172770611919409, 0.07489992963210028, 0.0, 0.0, 0.14899621190854193, 0.0)",1
13318,36,2,13,"(0.0, 0.0, 0.11679612853536596, 0.05592225264648444, 0.09912396757305388, 0.07489992963210028, 0.0, 0.0, 0.14899621190854193, 0.0)",3
13319,36,2,13,"(0.0, 0.0, 0.11679612853536596, 0.07071107412630842, 0.09172770611919409, 0.17396700048913497, 0.0, 0.0, 0.183090734485018, 0.0)",2
13320,36,2,13,"(0.0, 0.0, 0.11679612853536596, 0.06920069129515957, 0.09172770611919409, 0.07489992963210028, 0.0, 0.0, 0.14899621190854193, 0.0)",164
13321,36,2,13,"(0.0, 0.0, 0.1118016567578764, 0.06920069129515957, 0.09172770611919409, 0.07489992963210028, 0.0, 0.0, 0.14899621190854193, 0.0)",3
13322,36,2,13,"(0.0, 0.0, 0.11679612853536596, 0.06920069129515957, 0.09172770611919409, 0.07489992963210028, 0.0, 0.0, 0.14346896662459366, 0.0)",1
13323,36,3,8,"(0.09369258606422372, 0.0, 0.08950620996642342, 0.09247639241939104, 0.19578996572770369, 0.0, 0.06826344941350267, 0.0, 0.0, 0.0)",1
13324,36,3,8,"(0.09369258606422372, 0.0, 0.12001441625617618, 0.09247639241939104, 0.09173902283359818, 0.0, 0.06826344941350267, 0.0, 0.0, 0.0)",1
13325,36,3,8,"(0.12891596022576501, 0.0, 0.08950620996642342, 0.09247639241939104, 0.09173902283359818, 0.0, 0.06826344941350267, 0.0, 0.0, 0.0)",1
13326,36,3,8,"(0.09369258606422372, 0.0, 0.08405653076630912, 0.09247639241939104, 0.09173902283359818, 0.0, 0.06826344941350267, 0.0, 0.0, 0.0)",92
13327,36,3,8,"(0.06130756746689358, 0.0, 0.15978737247610858, 0.09247639241939104, 0.09173902283359818, 0.0, 0.06826344941350267, 0.0, 0.0, 0.0)",1
13328,36,3,8,"(0.09369258606422372, 0.0, 0.08950620996642342, 0.09247639241939104, 0.09173902283359818, 0.0, 0.06826344941350267, 0.0, 0.0, 0.0)",202
13329,36,3,8,"(0.09369258606422372, 0.0, 0.08405653076630912, 0.09247639241939104, 0.09173902283359818, 0.0, 0.05473262363304295, 0.0, 0.0, 0.0)",1
13330,36,3,11,"(0.09033430006888621, 0.14970886995698662, 0.0, 0.0, 0.0, 0.04688669779969397, 0.0, 0.06707712596138904, 0.0, 0.01812760691895582)",9
13331,36,3,11,"(0.09033430006888621, 0.14970886995698662, 0.0, 0.0, 0.0, 0.04688669779969397, 0.0, 0.09523546217639671, 0.0, 0.01812760691895582)",441
13332,36,3,11,"(0.09033430006888621, 0.14970886995698662, 0.0, 0.0, 0.0, 0.04688669779969397, 0.0, 0.06086248374115494, 0.0, 0.020483574970789127)",1
13333,36,3,11,"(0.09033430006888621, 0.20728920042334084, 0.0, 0.0, 0.0, 0.04688669779969397, 0.0, 0.09523546217639671, 0.0, 0.01812760691895582)",1
13334,36,3,11,"(0.09033430006888621, 0.1313077629342975, 0.0, 0.0, 0.0, 0.04688669779969397, 0.0, 0.09523546217639671, 0.0, 0.01812760691895582)",1
13335,36,3,13,"(0.0, 0.0, 0.11679612853536596, 0.06920069129515957, 0.09172770611919409, 0.07489992963210028, 0.0, 0.0, 0.14899621190854193, 0.0)",175
13336,36,3,13,"(0.0, 0.0, 0.11679612853536596, 0.06920069129515957, 0.09172770611919409, 0.07489992963210028, 0.0, 0.0, 0.13463127672852152, 0.0)",2
13337,36,3,13,"(0.0, 0.0, 0.11679612853536596, 0.06920069129515957, 0.09172770611919409, 0.12338397887715347, 0.0, 0.0, 0.14899621190854193, 0.0)",2
13338,36,4,8,"(0.09369258606422372, 0.0, 0.08405653076630912, 0.09518246799996939, 0.09173902283359818, 0.0, 0.06826344941350267, 0.0, 0.0, 0.0)",1
13339,36,4,8,"(0.09369258606422372, 0.0, 0.06315130175176702, 0.09247639241939104, 0.09173902283359818, 0.0, 0.15787090796500755, 0.0, 0.0, 0.0)",1
13340,36,4,8,"(0.09369258606422372, 0.0, 0.08405653076630912, 0.09247639241939104, 0.09173902283359818, 0.0, 0.06826344941350267, 0.0, 0.0, 0.0)",113
13341,36,4,8,"(0.09369258606422372, 0.0, 0.08405653076630912, 0.09247639241939104, 0.1042565854195316, 0.0, 0.06826344941350267, 0.0, 0.0, 0.0)",1
13342,36,4,8,"(0.07099512202066138, 0.0, 0.08405653076630912, 0.09247639241939104, 0.09173902283359818, 0.0, 0.06826344941350267, 0.0, 0.0, 0.0)",1
13343,36,4,8,"(0.09369258606422372, 0.0, 0.08405653076630912, 0.09247639241939104, 0.08297323301123076, 0.0, 0.06826344941350267, 0.0, 0.0, 0.0)",5
13344,36,4,8,"(0.10736250737888536, 0.0, 0.08950620996642342, 0.1066114056265951, 0.09173902283359818, 0.0, 0.06826344941350267, 0.0, 0.0, 0.0)",1
13345,36,4,8,"(0.09369258606422372, 0.0, 0.08950620996642342, 0.09247639241939104, 0.08345664026195657, 0.0, 0.06826344941350267, 0.0, 0.0, 0.0)",1
13346,36,4,8,"(0.06683857129715577, 0.0, 0.08950620996642342, 0.09247639241939104, 0.09173902283359818, 0.0, 0.06826344941350267, 0.0, 0.0, 0.0)",29
13347,36,4,8,"(0.04906805710486642, 0.0, 0.08405653076630912, 0.09247639241939104, 0.09173902283359818, 0.0, 0.06826344941350267, 0.0, 0.0, 0.0)",3
13348,36,4,8,"(0.09369258606422372, 0.0, 0.08950620996642342, 0.09247639241939104, 0.09173902283359818, 0.0, 0.06826344941350267, 0.0, 0.0, 0.0)",147
13349,36,4,11,"(0.09033430006888621, 0.14970886995698662, 0.0, 0.0, 0.0, 0.043524319930856314, 0.0, 0.09523546217639671, 0.0, 0.01523813992251509)",2
13350,36,4,11,"(0.09033430006888621, 0.08553333598175807, 0.0, 0.0, 0.0, 0.04688669779969397, 0.0, 0.07988566151353493, 0.0, 0.007548076774757385)",1
13351,36,4,11,"(0.11505660559776758, 0.14970886995698662, 0.0, 0.0, 0.0, 0.04688669779969397, 0.0, 0.09523546217639671, 0.0, 0.01812760691895582)",1
13352,36,4,11,"(0.09033430006888621, 0.14970886995698662, 0.0, 0.0, 0.0, 0.04688669779969397, 0.0, 0.09523546217639671, 0.0, 0.01523813992251509)",91
13353,36,4,11,"(0.09033430006888621, 0.14970886995698662, 0.0, 0.0, 0.0, 0.043578699822787226, 0.0, 0.11068755286719632, 0.0, 0.01812760691895582)",44
13354,36,4,11,"(0.09033430006888621, 0.14970886995698662, 0.0, 0.0, 0.0, 0.06254439687585332, 0.0, 0.09523546217639671, 0.0, 0.01812760691895582)",1
13355,36,4,11,"(0.09033430006888621, 0.14970886995698662, 0.0, 0.0, 0.0, 0.04688669779969397, 0.0, 0.10577235868183558, 0.0, 0.01812760691895582)",2
13356,36,4,11,"(0.09033430006888621, 0.14970886995698662, 0.0, 0.0, 0.0, 0.04688669779969397, 0.0, 0.09523546217639671, 0.0, 0.01812760691895582)",320
13357,36,4,11,"(0.07095460219303061, 0.14970886995698662, 0.0, 0.0, 0.0, 0.04688669779969397, 0.0, 0.09523546217639671, 0.0, 0.01812760691895582)",1
13358,36,4,13,"(0.0, 0.0, 0.1413076074267694, 0.06920069129515957, 0.09172770611919409, 0.07489992963210028, 0.0, 0.0, 0.14899621190854193, 0.0)",2
13359,36,4,13,"(0.0, 0.0, 0.11679612853536596, 0.10761889983145922, 0.09172770611919409, 0.07489992963210028, 0.0, 0.0, 0.10442872720747537, 0.0)",2
13360,36,4,13,"(0.0, 0.0, 0.11679612853536596, 0.06920069129515957, 0.09172770611919409, 0.07489992963210028, 0.0, 0.0, 0.14899621190854193, 0.0)",186
13361,36,5,8,"(0.07156408897684459, 0.0, 0.08950620996642342, 0.09247639241939104, 0.09173902283359818, 0.0, 0.06826344941350267, 0.0, 0.0, 0.0)",1
13362,36,5,8,"(0.04841057868528288, 0.0, 0.08950620996642342, 0.10805545178815844, 0.09173902283359818, 0.0, 0.15838068251574228, 0.0, 0.0, 0.0)",1
13363,36,5,8,"(0.09369258606422372, 0.0, 0.08950620996642342, 0.09247639241939104, 0.10500413864573747, 0.0, 0.06826344941350267, 0.0, 0.0, 0.0)",2
13364,36,5,8,"(0.09369258606422372, 0.0, 0.08950620996642342, 0.09247639241939104, 0.09173902283359818, 0.0, 0.06826344941350267, 0.0, 0.0, 0.0)",238
13365,36,5,8,"(0.09369258606422372, 0.0, 0.02967479863425459, 0.09247639241939104, 0.09173902283359818, 0.0, 0.06826344941350267, 0.0, 0.0, 0.0)",2
13366,36,5,8,"(0.09369258606422372, 0.0, 0.08405653076630912, 0.09247639241939104, 0.09173902283359818, 0.0, 0.06826344941350267, 0.0, 0.0, 0.0)",33
13367,36,5,11,"(0.11132205124323663, 0.14970886995698662, 0.0, 0.0, 0.0, 0.043578699822787226, 0.0, 0.19258944021248942, 0.0, 0.01812760691895582)",1
13368,36,5,11,"(0.09033430006888621, 0.14970886995698662, 0.0, 0.0, 0.0, 0.052332377268549536, 0.0, 0.09523546217639671, 0.0, 0.0169612387650751)",1
13369,36,5,11,"(0.09033430006888621, 0.14970886995698662, 0.0, 0.0, 0.0, 0.04688669779969397, 0.0, 0.09523546217639671, 0.0, 0.01812760691895582)",413
13370,36,5,11,"(0.09033430006888621, 0.14970886995698662, 0.0, 0.0, 0.0, 0.043578699822787226, 0.0, 0.11068755286719632, 0.0, 0.01812760691895582)",52
13371,36,5,13,"(0.0, 0.0, 0.11679612853536596, 0.06920069129515957, 0.09172770611919409, 0.07489992963210028, 0.0, 0.0, 0.14899621190854193, 0.0)",159
13372,36,5,13,"(0.0, 0.0, 0.10790252046109496, 0.06920069129515957, 0.09172770611919409, 0.07489992963210028, 0.0, 0.0, 0.14899621190854193, 0.0)",14
13373,36,6,8,"(0.09369258606422372, 0.0, 0.08950620996642342, 0.09247639241939104, 0.09173902283359818, 0.0, 0.06826344941350267, 0.0, 0.0, 0.0)",298
13374,36,6,8,"(0.09369258606422372, 0.0, 0.08950620996642342, 0.09247639241939104, 0.09173902283359818, 0.0, 0.052318058179579734, 0.0, 0.0, 0.0)",23
13375,36,6,11,"(0.09033430006888621, 0.14970886995698662, 0.0, 0.0, 0.0, 0.04688669779969397, 0.0, 0.1877163200521401, 0.0, 0.01812760691895582)",1
13376,36,6,11,"(0.09033430006888621, 0.14970886995698662, 0.0, 0.0, 0.0, 0.04537957441876234, 0.0, 0.09523546217639671, 0.0, 0.01812760691895582)",29
13377,36,6,11,"(0.09033430006888621, 0.14970886995698662, 0.0, 0.0, 0.0, 0.04688669779969397, 0.0, 0.09523546217639671, 0.0, 0.01812760691895582)",391
13378,36,6,11,"(0.07976055753354624, 0.14970886995698662, 0.0, 0.0, 0.0, 0.04537957441876234, 0.0, 0.09523546217639671, 0.0, 0.01812760691895582)",3
13379,36,6,11,"(0.08225375983988688, 0.14970886995698662, 0.0, 0.0, 0.0, 0.04688669779969397, 0.0, 0.09523546217639671, 0.0, 0.01812760691895582)",1
13380,36,6,11,"(0.09033430006888621, 0.14970886995698662, 0.0, 0.0, 0.0, 0.04361568078178501, 0.0, 0.09523546217639671, 0.0, 0.01812760691895582)",2
13381,36,6,11,"(0.09033430006888621, 0.14970886995698662, 0.0, 0.0, 0.0, 0.043578699822787226, 0.0, 0.11068755286719632, 0.0, 0.01812760691895582)",8
13382,36,6,11,"(0.1867728845222505, 0.0693551802039392, 0.0, 0.0, 0.0, 0.02803215527292739, 0.0, 0.09523546217639671, 0.0, 0.01812760691895582)",2
13383,36,6,13,"(0.0, 0.0, 0.1359152625781698, 0.06920069129515957, 0.09172770611919409, 0.07731617906416345, 0.0, 0.0, 0.1903009345209145, 0.0)",1
13384,36,6,13,"(0.0, 0.0, 0.11679612853536596, 0.06920069129515957, 0.09172770611919409, 0.07489992963210028, 0.0, 0.0, 0.13988727623297587, 0.0)",2
13385,36,6,13,"(0.0, 0.0, 0.11679612853536596, 0.06920069129515957, 0.09172770611919409, 0.07489992963210028, 0.0, 0.0, 0.14899621190854193, 0.0)",152
13386,36,6,13,"(0.0, 0.0, 0.11679612853536596, 0.06920069129515957, 0.09172770611919409, 0.030057029684472835, 0.0, 0.0, 0.14899621190854193, 0.0)",1
13387,36,7,8,"(0.09369258606422372, 0.0, 0.08308769846892344, 0.09247639241939104, 0.09173902283359818, 0.0, 0.06826344941350267, 0.0, 0.0, 0.0)",1
13388,36,7,8,"(0.0963338430309985, 0.0, 0.07248678477017081, 0.09247639241939104, 0.08434068664751668, 0.0, 0.07366509864442909, 0.0, 0.0, 0.0)",11
13389,36,7,8,"(0.09369258606422372, 0.0, 0.08950620996642342, 0.16489933107124455, 0.09173902283359818, 0.0, 0.04582343051922133, 0.0, 0.0, 0.0)",1
13390,36,7,8,"(0.09369258606422372, 0.0, 0.08950620996642342, 0.09247639241939104, 0.09173902283359818, 0.0, 0.06826344941350267, 0.0, 0.0, 0.0)",283
13391,36,7,8,"(0.0963338430309985, 0.0, 0.07248678477017081, 0.09247639241939104, 0.09173902283359818, 0.0, 0.07366509864442909, 0.0, 0.0, 0.0)",11
13392,36,7,11,"(0.09033430006888621, 0.14970886995698662, 0.0, 0.0, 0.0, 0.04688669779969397, 0.0, 0.07710652320751643, 0.0, 0.01812760691895582)",2
13393,36,7,11,"(0.09033430006888621, 0.14970886995698662, 0.0, 0.0, 0.0, 0.043578699822787226, 0.0, 0.11068755286719632, 0.0, 0.01812760691895582)",15
13394,36,7,11,"(0.09033430006888621, 0.14970886995698662, 0.0, 0.0, 0.0, 0.04537957441876234, 0.0, 0.09523546217639671, 0.0, 0.01812760691895582)",42
13395,36,7,11,"(0.09033430006888621, 0.14970886995698662, 0.0, 0.0, 0.0, 0.04537957441876234, 0.0, 0.0895636581038705, 0.0, 0.021986199332692115)",1
13396,36,7,11,"(0.09033430006888621, 0.14970886995698662, 0.0, 0.0, 0.0, 0.04688669779969397, 0.0, 0.09523546217639671, 0.0, 0.01812760691895582)",420
13397,36,7,11,"(0.09033430006888621, 0.14970886995698662, 0.0, 0.0, 0.0, 0.022884420781880827, 0.0, 0.09523546217639671, 0.0, 0.01812760691895582)",1
13398,36,7,13,"(0.0, 0.0, 0.11679612853536596, 0.06920069129515957, 0.09172770611919409, 0.0375516667442278, 0.0, 0.0, 0.14899621190854193, 0.0)",1
13399,36,7,13,"(0.0, 0.0, 0.11679612853536596, 0.06920069129515957, 0.09172770611919409, 0.07489992963210028, 0.0, 0.0, 0.14899621190854193, 0.0)",150
13400,36,7,13,"(0.0, 0.0, 0.07513786632190937, 0.06920069129515957, 0.07920734186763051, 0.07489992963210028, 0.0, 0.0, 0.14899621190854193, 0.0)",3
13401,36,7,13,"(0.0, 0.0, 0.11679612853536596, 0.17646758826541145, 0.09172770611919409, 0.07489992963210028, 0.0, 0.0, 0.10657258136417293, 0.0)",1
13402,36,8,8,"(0.09369258606422372, 0.0, 0.08950620996642342, 0.09247639241939104, 0.09173902283359818, 0.0, 0.052318058179579734, 0.0, 0.0, 0.0)",2
13403,36,8,8,"(0.0963338430309985, 0.0, 0.07248678477017081, 0.09247639241939104, 0.08434068664751668, 0.0, 0.07366509864442909, 0.0, 0.0, 0.0)",31
13404,36,8,8,"(0.09369258606422372, 0.0, 0.08950620996642342, 0.09247639241939104, 0.09173902283359818, 0.0, 0.06826344941350267, 0.0, 0.0, 0.0)",327
13405,36,8,8,"(0.09369258606422372, 0.0, 0.08950620996642342, 0.09247639241939104, 0.09173902283359818, 0.0, 0.1014742741955721, 0.0, 0.0, 0.0)",1
13406,36,8,8,"(0.13467331045290418, 0.0, 0.19263375299593266, 0.09247639241939104, 0.09173902283359818, 0.0, 0.06826344941350267, 0.0, 0.0, 0.0)",1
13407,36,8,8,"(0.09369258606422372, 0.0, 0.08950620996642342, 0.09247639241939104, 0.09714279186052537, 0.0, 0.07942594289980631, 0.0, 0.0, 0.0)",4
13408,36,8,8,"(0.09369258606422372, 0.0, 0.03536753407480662, 0.0815968714059972, 0.05689404711908534, 0.0, 0.06826344941350267, 0.0, 0.0, 0.0)",1
13409,36,8,11,"(0.09033430006888621, 0.14970886995698662, 0.0, 0.0, 0.0, 0.04688669779969397, 0.0, 0.09523546217639671, 0.0, 0.01812760691895582)",193
13410,36,8,11,"(0.09033430006888621, 0.14970886995698662, 0.0, 0.0, 0.0, 0.04537957441876234, 0.0, 0.09523546217639671, 0.0, 0.01812760691895582)",21
13411,36,8,11,"(0.09033430006888621, 0.14970886995698662, 0.0, 0.0, 0.0, 0.043578699822787226, 0.0, 0.11068755286719632, 0.0, 0.01812760691895582)",115
13412,36,8,11,"(0.09033430006888621, 0.20900093350176294, 0.0, 0.0, 0.0, 0.04688669779969397, 0.0, 0.09523546217639671, 0.0, 0.01812760691895582)",3
13413,36,8,11,"(0.09033430006888621, 0.14970886995698662, 0.0, 0.0, 0.0, 0.04490913739126972, 0.0, 0.09523546217639671, 0.0, 0.035376669974379306)",1
13414,36,8,13,"(0.0, 0.0, 0.11679612853536596, 0.05290572176662426, 0.09172770611919409, 0.07489992963210028, 0.0, 0.0, 0.14899621190854193, 0.0)",1
13415,36,8,13,"(0.0, 0.0, 0.11679612853536596, 0.06920069129515957, 0.09172770611919409, 0.07489992963210028, 0.0, 0.0, 0.14899621190854193, 0.0)",184
13416,36,9,8,"(0.09369258606422372, 0.0, 0.20044021752194746, 0.09247639241939104, 0.09173902283359818, 0.0, 0.06826344941350267, 0.0, 0.0, 0.0)",2
13417,36,9,8,"(0.09369258606422372, 0.0, 0.08950620996642342, 0.09247639241939104, 0.09173902283359818, 0.0, 0.06826344941350267, 0.0, 0.0, 0.0)",215
13418,36,9,8,"(0.09369258606422372, 0.0, 0.08950620996642342, 0.09247639241939104, 0.09173902283359818, 0.0, 0.08153537571568806, 0.0, 0.0, 0.0)",1
13419,36,9,8,"(0.09369258606422372, 0.0, 0.07032312204352346, 0.09247639241939104, 0.09173902283359818, 0.0, 0.06826344941350267, 0.0, 0.0, 0.0)",36
13420,36,9,8,"(0.09369258606422372, 0.0, 0.14265555221205212, 0.09247639241939104, 0.09173902283359818, 0.0, 0.06826344941350267, 0.0, 0.0, 0.0)",1
13421,36,9,11,"(0.09033430006888621, 0.14970886995698662, 0.0, 0.0, 0.0, 0.04688669779969397, 0.0, 0.09523546217639671, 0.0, 0.01812760691895582)",405
13422,36,9,11,"(0.09033430006888621, 0.17256969225053817, 0.0, 0.0, 0.0, 0.04688669779969397, 0.0, 0.09523546217639671, 0.0, 0.01812760691895582)",1
13423,36,9,11,"(0.14330039207490453, 0.1088453812302026, 0.0, 0.0, 0.0, 0.043578699822787226, 0.0, 0.11068755286719632, 0.0, 0.01812760691895582)",2
13424,36,9,11,"(0.09033430006888621, 0.14970886995698662, 0.0, 0.0, 0.0, 0.04688669779969397, 0.0, 0.09523546217639671, 0.0, 0.024289316412166986)",70
13425,36,9,11,"(0.09033430006888621, 0.14970886995698662, 0.0, 0.0, 0.0, 0.043578699822787226, 0.0, 0.11068755286719632, 0.0, 0.01812760691895582)",107
13426,36,9,11,"(0.09033430006888621, 0.14970886995698662, 0.0, 0.0, 0.0, 0.07965381608029196, 0.0, 0.09523546217639671, 0.0, 0.01812760691895582)",1
13427,36,9,11,"(0.09033430006888621, 0.14970886995698662, 0.0, 0.0, 0.0, 0.043578699822787226, 0.0, 0.08721746737128394, 0.0, 0.01812760691895582)",7
13428,36,9,11,"(0.09033430006888621, 0.14970886995698662, 0.0, 0.0, 0.0, 0.07781336312353089, 0.0, 0.09523546217639671, 0.0, 0.01812760691895582)",2
13429,36,9,11,"(0.14511632320046639, 0.14970886995698662, 0.0, 0.0, 0.0, 0.05676215105288708, 0.0, 0.09523546217639671, 0.0, 0.010165597871394755)",4
13430,36,9,11,"(0.09033430006888621, 0.2276806715563595, 0.0, 0.0, 0.0, 0.04688669779969397, 0.0, 0.09523546217639671, 0.0, 0.01812760691895582)",1
13431,36,9,13,"(0.0, 0.0, 0.11679612853536596, 0.06920069129515957, 0.09172770611919409, 0.07489992963210028, 0.0, 0.0, 0.10205133295685297, 0.0)",1
13432,36,9,13,"(0.0, 0.0, 0.07197808500827964, 0.06920069129515957, 0.09172770611919409, 0.07489992963210028, 0.0, 0.0, 0.14899621190854193, 0.0)",5
13433,36,9,13,"(0.0, 0.0, 0.11679612853536596, 0.06920069129515957, 0.09172770611919409, 0.07489992963210028, 0.0, 0.0, 0.14899621190854193, 0.0)",174
13434,36,10,8,"(0.10581914116089562, 0.0, 0.08950620996642342, 0.09247639241939104, 0.09173902283359818, 0.0, 0.06826344941350267, 0.0, 0.0, 0.0)",13
13435,36,10,8,"(0.09369258606422372, 0.0, 0.08950620996642342, 0.09051565865132222, 0.09173902283359818, 0.0, 0.06826344941350267, 0.0, 0.0, 0.0)",2
13436,36,10,8,"(0.09369258606422372, 0.0, 0.08950620996642342, 0.09247639241939104, 0.09173902283359818, 0.0, 0.06826344941350267, 0.0, 0.0, 0.0)",249
13437,36,10,8,"(0.09369258606422372, 0.0, 0.08950620996642342, 0.09247639241939104, 0.09173902283359818, 0.0, 0.025500023021446005, 0.0, 0.0, 0.0)",16
13438,36,10,8,"(0.08331159049757338, 0.0, 0.08950620996642342, 0.09247639241939104, 0.09173902283359818, 0.0, 0.06826344941350267, 0.0, 0.0, 0.0)",4
13439,36,10,11,"(0.09033430006888621, 0.10553459335638259, 0.0, 0.0, 0.0, 0.04688669779969397, 0.0, 0.09523546217639671, 0.0, 0.01812760691895582)",2
13440,36,10,11,"(0.09033430006888621, 0.14970886995698662, 0.0, 0.0, 0.0, 0.04688669779969397, 0.0, 0.14608604621644658, 0.0, 0.01812760691895582)",1
13441,36,10,11,"(0.09033430006888621, 0.2506959248810778, 0.0, 0.0, 0.0, 0.04688669779969397, 0.0, 0.09523546217639671, 0.0, 0.01812760691895582)",4
13442,36,10,11,"(0.09033430006888621, 0.14970886995698662, 0.0, 0.0, 0.0, 0.04688669779969397, 0.0, 0.05790800287130845, 0.0, 0.01812760691895582)",1
13443,36,10,11,"(0.09033430006888621, 0.14970886995698662, 0.0, 0.0, 0.0, 0.03914885259810637, 0.0, 0.09523546217639671, 0.0, 0.014864553506637884)",1
13444,36,10,11,"(0.09033430006888621, 0.14970886995698662, 0.0, 0.0, 0.0, 0.04688669779969397, 0.0, 0.09523546217639671, 0.0, 0.021776044489827093)",2
13445,36,10,11,"(0.09033430006888621, 0.3014884227807795, 0.0, 0.0, 0.0, 0.04688669779969397, 0.0, 0.09523546217639671, 0.0, 0.01812760691895582)",2
13446,36,10,11,"(0.09033430006888621, 0.14970886995698662, 0.0, 0.0, 0.0, 0.04688669779969397, 0.0, 0.09523546217639671, 0.0, 0.01812760691895582)",407
13447,36,10,11,"(0.09033430006888621, 0.14970886995698662, 0.0, 0.0, 0.0, 0.027582673373411103, 0.0, 0.09523546217639671, 0.0, 0.01812760691895582)",1
13448,36,10,11,"(0.09033430006888621, 0.14970886995698662, 0.0, 0.0, 0.0, 0.04688669779969397, 0.0, 0.09523546217639671, 0.0, 0.018967783253450287)",1
13449,36,10,11,"(0.09033430006888621, 0.14970886995698662, 0.0, 0.0, 0.0, 0.04688669779969397, 0.0, 0.04384876502433295, 0.0, 0.01812760691895582)",1
13450,36,10,11,"(0.09033430006888621, 0.20659586060448107, 0.0, 0.0, 0.0, 0.043578699822787226, 0.0, 0.14300161249249552, 0.0, 0.01812760691895582)",4
13451,36,10,11,"(0.09033430006888621, 0.14970886995698662, 0.0, 0.0, 0.0, 0.04688669779969397, 0.0, 0.09523546217639671, 0.0, 0.024289316412166986)",31
13452,36,10,11,"(0.09033430006888621, 0.14970886995698662, 0.0, 0.0, 0.0, 0.04688669779969397, 0.0, 0.09523546217639671, 0.0, 0.02162360184803239)",9
13453,36,10,11,"(0.09033430006888621, 0.14970886995698662, 0.0, 0.0, 0.0, 0.043578699822787226, 0.0, 0.11068755286719632, 0.0, 0.01812760691895582)",55
13454,36,10,13,"(0.0, 0.0, 0.11679612853536596, 0.06920069129515957, 0.09172770611919409, 0.07638721777401616, 0.0, 0.0, 0.14899621190854193, 0.0)",3
13455,36,10,13,"(0.0, 0.0, 0.11679612853536596, 0.06920069129515957, 0.09172770611919409, 0.07489992963210028, 0.0, 0.0, 0.14899621190854193, 0.0)",180
13456,36,11,8,"(0.12312507743807916, 0.0, 0.08918168142190772, 0.10752839268029335, 0.08176963447916424, 0.0, 0.06826344941350267, 0.0, 0.0, 0.0)",1
13457,36,11,8,"(0.15294997566222393, 0.0, 0.08950620996642342, 0.09247639241939104, 0.09173902283359818, 0.0, 0.06826344941350267, 0.0, 0.0, 0.0)",1
13458,36,11,8,"(0.09369258606422372, 0.0, 0.08950620996642342, 0.09247639241939104, 0.08176963447916424, 0.0, 0.06826344941350267, 0.0, 0.0, 0.0)",1
13459,36,11,8,"(0.09369258606422372, 0.0, 0.08950620996642342, 0.09247639241939104, 0.09173902283359818, 0.0, 0.06826344941350267, 0.0, 0.0, 0.0)",277
13460,36,11,8,"(0.09369258606422372, 0.0, 0.08950620996642342, 0.06806178121272216, 0.09173902283359818, 0.0, 0.06826344941350267, 0.0, 0.0, 0.0)",1
13461,36,11,8,"(0.09369258606422372, 0.0, 0.06937665304184586, 0.09247639241939104, 0.09173902283359818, 0.0, 0.06826344941350267, 0.0, 0.0, 0.0)",8
13462,36,11,11,"(0.09033430006888621, 0.14970886995698662, 0.0, 0.0, 0.0, 0.03999288223478377, 0.0, 0.09523546217639671, 0.0, 0.01812760691895582)",24
13463,36,11,11,"(0.09033430006888621, 0.14970886995698662, 0.0, 0.0, 0.0, 0.043578699822787226, 0.0, 0.11068755286719632, 0.0, 0.01812760691895582)",1
13464,36,11,11,"(0.09943147853653811, 0.14970886995698662, 0.0, 0.0, 0.0, 0.043578699822787226, 0.0, 0.11068755286719632, 0.0, 0.01812760691895582)",7
13465,36,11,11,"(0.09033430006888621, 0.11581743650389068, 0.0, 0.0, 0.0, 0.023620272236426345, 0.0, 0.09523546217639671, 0.0, 0.01812760691895582)",1
13466,36,11,11,"(0.09033430006888621, 0.20659586060448107, 0.0, 0.0, 0.0, 0.043578699822787226, 0.0, 0.14300161249249552, 0.0, 0.01812760691895582)",8
13467,36,11,11,"(0.09033430006888621, 0.14970886995698662, 0.0, 0.0, 0.0, 0.04688669779969397, 0.0, 0.09523546217639671, 0.0, 0.024289316412166986)",13
13468,36,11,11,"(0.09033430006888621, 0.1371991296028212, 0.0, 0.0, 0.0, 0.04688669779969397, 0.0, 0.09523546217639671, 0.0, 0.01812760691895582)",5
13469,36,11,11,"(0.09033430006888621, 0.14970886995698662, 0.0, 0.0, 0.0, 0.024755364502592775, 0.0, 0.09523546217639671, 0.0, 0.011670968589888414)",1
13470,36,11,11,"(0.09033430006888621, 0.14970886995698662, 0.0, 0.0, 0.0, 0.04688669779969397, 0.0, 0.09523546217639671, 0.0, 0.01812760691895582)",490
13471,36,11,13,"(0.0, 0.0, 0.11679612853536596, 0.06920069129515957, 0.09172770611919409, 0.07489992963210028, 0.0, 0.0, 0.14899621190854193, 0.0)",172
13472,36,12,8,"(0.09369258606422372, 0.0, 0.05033514840567106, 0.1224483330065067, 0.09173902283359818, 0.0, 0.06826344941350267, 0.0, 0.0, 0.0)",40
13473,36,12,8,"(0.09369258606422372, 0.0, 0.08950620996642342, 0.09247639241939104, 0.09173902283359818, 0.0, 0.06826344941350267, 0.0, 0.0, 0.0)",254
13474,36,12,8,"(0.09369258606422372, 0.0, 0.05033514840567106, 0.1224483330065067, 0.20894734024990103, 0.0, 0.06826344941350267, 0.0, 0.0, 0.0)",1
13475,36,12,8,"(0.09369258606422372, 0.0, 0.08950620996642342, 0.09247639241939104, 0.13306279854999495, 0.0, 0.06826344941350267, 0.0, 0.0, 0.0)",8
13476,36,12,11,"(0.09033430006888621, 0.14970886995698662, 0.0, 0.0, 0.0, 0.04688669779969397, 0.0, 0.09523546217639671, 0.0, 0.01812760691895582)",230
13477,36,12,11,"(0.09033430006888621, 0.14970886995698662, 0.0, 0.0, 0.0, 0.04688669779969397, 0.0, 0.09523546217639671, 0.0, 0.024289316412166986)",41
13478,36,12,11,"(0.09033430006888621, 0.14970886995698662, 0.0, 0.0, 0.0, 0.04688669779969397, 0.0, 0.12339039607398722, 0.0, 0.01812760691895582)",3
13479,36,12,11,"(0.09033430006888621, 0.10033561789600874, 0.0, 0.0, 0.0, 0.04688669779969397, 0.0, 0.05923430320183534, 0.0, 0.01812760691895582)",43
13480,36,12,11,"(0.09033430006888621, 0.07923215507982538, 0.0, 0.0, 0.0, 0.04688669779969397, 0.0, 0.09523546217639671, 0.0, 0.01812760691895582)",68
13481,36,12,11,"(0.09033430006888621, 0.1330485477067216, 0.0, 0.0, 0.0, 0.043578699822787226, 0.0, 0.03868744244907303, 0.0, 0.01812760691895582)",1
13482,36,12,11,"(0.09033430006888621, 0.1057635253041933, 0.0, 0.0, 0.0, 0.03992780018995745, 0.0, 0.09523546217639671, 0.0, 0.012958792893823791)",4
13483,36,12,11,"(0.09033430006888621, 0.14970886995698662, 0.0, 0.0, 0.0, 0.043578699822787226, 0.0, 0.11068755286719632, 0.0, 0.01812760691895582)",32
13484,36,12,11,"(0.09033430006888621, 0.07923215507982538, 0.0, 0.0, 0.0, 0.04688669779969397, 0.0, 0.06004782058744367, 0.0, 0.01812760691895582)",1
13485,36,12,11,"(0.09033430006888621, 0.14970886995698662, 0.0, 0.0, 0.0, 0.04688669779969397, 0.0, 0.09523546217639671, 0.0, 0.018477909800593606)",9
13486,36,12,11,"(0.09033430006888621, 0.14970886995698662, 0.0, 0.0, 0.0, 0.03921880860190143, 0.0, 0.09523546217639671, 0.0, 0.01812760691895582)",1
13487,36,12,13,"(0.0, 0.0, 0.11679612853536596, 0.06920069129515957, 0.09172770611919409, 0.07525713733249335, 0.0, 0.0, 0.14899621190854193, 0.0)",1
13488,36,12,13,"(0.0, 0.0, 0.11679612853536596, 0.06920069129515957, 0.09172770611919409, 0.07882785182282577, 0.0, 0.0, 0.14899621190854193, 0.0)",2
13489,36,12,13,"(0.0, 0.0, 0.11679612853536596, 0.06920069129515957, 0.09172770611919409, 0.07489992963210028, 0.0, 0.0, 0.14899621190854193, 0.0)",184
13490,36,13,8,"(0.09369258606422372, 0.0, 0.05033514840567106, 0.1224483330065067, 0.09173902283359818, 0.0, 0.06826344941350267, 0.0, 0.0, 0.0)",73
13491,36,13,8,"(0.09369258606422372, 0.0, 0.08950620996642342, 0.09247639241939104, 0.09173902283359818, 0.0, 0.06826344941350267, 0.0, 0.0, 0.0)",236
13492,36,13,8,"(0.09369258606422372, 0.0, 0.08950620996642342, 0.09247639241939104, 0.13306279854999495, 0.0, 0.06826344941350267, 0.0, 0.0, 0.0)",10
13493,36,13,8,"(0.07926546606055182, 0.0, 0.058111870875476423, 0.09247639241939104, 0.06155112275580025, 0.0, 0.06826344941350267, 0.0, 0.0, 0.0)",1
13494,36,13,11,"(0.09033430006888621, 0.08183977349251621, 0.0, 0.0, 0.0, 0.04688669779969397, 0.0, 0.09523546217639671, 0.0, 0.01812760691895582)",2
13495,36,13,11,"(0.09033430006888621, 0.14970886995698662, 0.0, 0.0, 0.0, 0.050297712356662326, 0.0, 0.09523546217639671, 0.0, 0.01812760691895582)",1
13496,36,13,11,"(0.09033430006888621, 0.07923215507982538, 0.0, 0.0, 0.0, 0.04688669779969397, 0.0, 0.06935502331375007, 0.0, 0.01812760691895582)",31
13497,36,13,11,"(0.09033430006888621, 0.07923215507982538, 0.0, 0.0, 0.0, 0.04688669779969397, 0.0, 0.09523546217639671, 0.0, 0.01812760691895582)",29
13498,36,13,11,"(0.13130623431386673, 0.14970886995698662, 0.0, 0.0, 0.0, 0.04688669779969397, 0.0, 0.10311943080315995, 0.0, 0.01812760691895582)",1
13499,36,13,11,"(0.09033430006888621, 0.14970886995698662, 0.0, 0.0, 0.0, 0.04688669779969397, 0.0, 0.09523546217639671, 0.0, 0.01812760691895582)",317
13500,36,13,11,"(0.09033430006888621, 0.14970886995698662, 0.0, 0.0, 0.0, 0.04688669779969397, 0.0, 0.12339039607398722, 0.0, 0.01812760691895582)",8
13501,36,13,11,"(0.09033430006888621, 0.14970886995698662, 0.0, 0.0, 0.0, 0.043578699822787226, 0.0, 0.11068755286719632, 0.0, 0.01812760691895582)",21
13502,36,13,11,"(0.04571005349076093, 0.14970886995698662, 0.0, 0.0, 0.0, 0.04688669779969397, 0.0, 0.09523546217639671, 0.0, 0.01812760691895582)",1
13503,36,13,11,"(0.07263750655755005, 0.14970886995698662, 0.0, 0.0, 0.0, 0.04688669779969397, 0.0, 0.09523546217639671, 0.0, 0.01812760691895582)",2
13504,36,13,11,"(0.09033430006888621, 0.14970886995698662, 0.0, 0.0, 0.0, 0.043578699822787226, 0.0, 0.11068755286719632, 0.0, 0.01827127030725536)",1
13505,36,13,13,"(0.0, 0.0, 0.11679612853536596, 0.06920069129515957, 0.09172770611919409, 0.07489992963210028, 0.0, 0.0, 0.2576170965379175, 0.0)",1
13506,36,13,13,"(0.0, 0.0, 0.11679612853536596, 0.06920069129515957, 0.09172770611919409, 0.07489992963210028, 0.0, 0.0, 0.14899621190854193, 0.0)",175
13507,36,13,13,"(0.0, 0.0, 0.11679612853536596, 0.06096806549026547, 0.09172770611919409, 0.07489992963210028, 0.0, 0.0, 0.14899621190854193, 0.0)",2
13508,36,14,8,"(0.09369258606422372, 0.0, 0.08950620996642342, 0.09247639241939104, 0.03422945886737576, 0.0, 0.06826344941350267, 0.0, 0.0, 0.0)",1
13509,36,14,8,"(0.09369258606422372, 0.0, 0.08950620996642342, 0.09247639241939104, 0.09173902283359818, 0.0, 0.06826344941350267, 0.0, 0.0, 0.0)",271
13510,36,14,8,"(0.09369258606422372, 0.0, 0.08950620996642342, 0.09247639241939104, 0.12149439961500426, 0.0, 0.06826344941350267, 0.0, 0.0, 0.0)",2
13511,36,14,8,"(0.09369258606422372, 0.0, 0.05033514840567106, 0.1224483330065067, 0.09173902283359818, 0.0, 0.06826344941350267, 0.0, 0.0, 0.0)",37
13512,36,14,11,"(0.09033430006888621, 0.14970886995698662, 0.0, 0.0, 0.0, 0.04688669779969397, 0.0, 0.09523546217639671, 0.0, 0.01812760691895582)",307
13513,36,14,11,"(0.08706126964074332, 0.14970886995698662, 0.0, 0.0, 0.0, 0.03904725762972662, 0.0, 0.05753688827205048, 0.0, 0.01812760691895582)",1
13514,36,14,11,"(0.09033430006888621, 0.14970886995698662, 0.0, 0.0, 0.0, 0.04688669779969397, 0.0, 0.13012396758049988, 0.0, 0.01812760691895582)",2
13515,36,14,11,"(0.09033430006888621, 0.14970886995698662, 0.0, 0.0, 0.0, 0.043578699822787226, 0.0, 0.11068755286719632, 0.0, 0.01812760691895582)",124
13516,36,14,11,"(0.09033430006888621, 0.14970886995698662, 0.0, 0.0, 0.0, 0.04688669779969397, 0.0, 0.09523546217639671, 0.0, 0.024289316412166986)",23
13517,36,14,11,"(0.09033430006888621, 0.32315186958063, 0.0, 0.0, 0.0, 0.04688669779969397, 0.0, 0.09523546217639671, 0.0, 0.01812760691895582)",1
13518,36,14,11,"(0.09033430006888621, 0.07923215507982538, 0.0, 0.0, 0.0, 0.04688669779969397, 0.0, 0.09523546217639671, 0.0, 0.01812760691895582)",55
13519,36,14,11,"(0.1040243738941539, 0.14970886995698662, 0.0, 0.0, 0.0, 0.04688669779969397, 0.0, 0.09523546217639671, 0.0, 0.01812760691895582)",2
13520,36,14,11,"(0.09033430006888621, 0.14970886995698662, 0.0, 0.0, 0.0, 0.043578699822787226, 0.0, 0.148594145320466, 0.0, 0.01812760691895582)",1
13521,36,14,13,"(0.0, 0.0, 0.11679612853536596, 0.06920069129515957, 0.09172770611919409, 0.07489992963210028, 0.0, 0.0, 0.14899621190854193, 0.0)",169
13522,36,14,13,"(0.0, 0.0, 0.1211443793984094, 0.06920069129515957, 0.09172770611919409, 0.07489992963210028, 0.0, 0.0, 0.14899621190854193, 0.0)",1
13523,36,14,13,"(0.0, 0.0, 0.11679612853536596, 0.06920069129515957, 0.09172770611919409, 0.07489992963210028, 0.0, 0.0, 0.15155177243484522, 0.0)",2
13524,36,14,13,"(0.0, 0.0, 0.13665479918238413, 0.06920069129515957, 0.09172770611919409, 0.07489992963210028, 0.0, 0.0, 0.14899621190854193, 0.0)",4
13525,36,15,8,"(0.09369258606422372, 0.0, 0.08950620996642342, 0.09247639241939104, 0.11816899184516888, 0.0, 0.06826344941350267, 0.0, 0.0, 0.0)",81
13526,36,15,8,"(0.09369258606422372, 0.0, 0.1325572672457625, 0.09247639241939104, 0.09173902283359818, 0.0, 0.06826344941350267, 0.0, 0.0, 0.0)",4
13527,36,15,8,"(0.09369258606422372, 0.0, 0.06503779545053875, 0.09247639241939104, 0.09173902283359818, 0.0, 0.06826344941350267, 0.0, 0.0, 0.0)",2
13528,36,15,8,"(0.09369258606422372, 0.0, 0.08950620996642342, 0.09247639241939104, 0.06943363177297004, 0.0, 0.06826344941350267, 0.0, 0.0, 0.0)",3
13529,36,15,8,"(0.1482764148640115, 0.0, 0.08950620996642342, 0.09247639241939104, 0.09173902283359818, 0.0, 0.06826344941350267, 0.0, 0.0, 0.0)",1
13530,36,15,8,"(0.08829965453524319, 0.0, 0.08950620996642342, 0.09247639241939104, 0.09173902283359818, 0.0, 0.06826344941350267, 0.0, 0.0, 0.0)",35
13531,36,15,8,"(0.09369258606422372, 0.0, 0.08950620996642342, 0.09247639241939104, 0.09173902283359818, 0.0, 0.06826344941350267, 0.0, 0.0, 0.0)",172
13532,36,15,11,"(0.09033430006888621, 0.14970886995698662, 0.0, 0.0, 0.0, 0.04688669779969397, 0.0, 0.09523546217639671, 0.0, 0.024086236017390298)",1
13533,36,15,11,"(0.09033430006888621, 0.14970886995698662, 0.0, 0.0, 0.0, 0.04688669779969397, 0.0, 0.18531258859711544, 0.0, 0.01812760691895582)",1
13534,36,15,11,"(0.12893887031203793, 0.14970886995698662, 0.0, 0.0, 0.0, 0.04688669779969397, 0.0, 0.09523546217639671, 0.0, 0.01812760691895582)",1
13535,36,15,11,"(0.09033430006888621, 0.14970886995698662, 0.0, 0.0, 0.0, 0.04069289391063488, 0.0, 0.09523546217639671, 0.0, 0.01812760691895582)",66
13536,36,15,11,"(0.09033430006888621, 0.17758812866704804, 0.0, 0.0, 0.0, 0.04688669779969397, 0.0, 0.09523546217639671, 0.0, 0.01812760691895582)",1
13537,36,15,11,"(0.15012134312581998, 0.14970886995698662, 0.0, 0.0, 0.0, 0.04688669779969397, 0.0, 0.09523546217639671, 0.0, 0.01812760691895582)",1
13538,36,15,11,"(0.09033430006888621, 0.14970886995698662, 0.0, 0.0, 0.0, 0.04688669779969397, 0.0, 0.09523546217639671, 0.0, 0.01812760691895582)",451
13539,36,15,11,"(0.09033430006888621, 0.14970886995698662, 0.0, 0.0, 0.0, 0.04688669779969397, 0.0, 0.059798784640871475, 0.0, 0.031051048610206557)",31
13540,36,15,11,"(0.12064643004325706, 0.14970886995698662, 0.0, 0.0, 0.0, 0.04688669779969397, 0.0, 0.09523546217639671, 0.0, 0.01812760691895582)",1
13541,36,15,11,"(0.09033430006888621, 0.14970886995698662, 0.0, 0.0, 0.0, 0.04688669779969397, 0.0, 0.09523546217639671, 0.0, 0.031051048610206557)",27
13542,36,15,11,"(0.09033430006888621, 0.13454266642520782, 0.0, 0.0, 0.0, 0.04688669779969397, 0.0, 0.09523546217639671, 0.0, 0.01812760691895582)",1
13543,36,15,11,"(0.09033430006888621, 0.2297882603152916, 0.0, 0.0, 0.0, 0.04688669779969397, 0.0, 0.09523546217639671, 0.0, 0.01812760691895582)",1
13544,36,15,13,"(0.0, 0.0, 0.11679612853536596, 0.06920069129515957, 0.08542425928710792, 0.07489992963210028, 0.0, 0.0, 0.14899621190854193, 0.0)",2
13545,36,15,13,"(0.0, 0.0, 0.11679612853536596, 0.06920069129515957, 0.09172770611919409, 0.07489992963210028, 0.0, 0.0, 0.14899621190854193, 0.0)",155
13546,36,15,13,"(0.0, 0.0, 0.05260496217953231, 0.06920069129515957, 0.09172770611919409, 0.07489992963210028, 0.0, 0.0, 0.14899621190854193, 0.0)",1
13547,36,15,13,"(0.0, 0.0, 0.11679612853536596, 0.06920069129515957, 0.09172770611919409, 0.09670807724572145, 0.0, 0.0, 0.14899621190854193, 0.0)",3
13548,36,16,8,"(0.09369258606422372, 0.0, 0.08950620996642342, 0.09247639241939104, 0.09173902283359818, 0.0, 0.06826344941350267, 0.0, 0.0, 0.0)",305
13549,36,16,8,"(0.09369258606422372, 0.0, 0.08950620996642342, 0.09247639241939104, 0.08914683571274042, 0.0, 0.06826344941350267, 0.0, 0.0, 0.0)",3
13550,36,16,8,"(0.09369258606422372, 0.0, 0.08950620996642342, 0.09247639241939104, 0.09173902283359818, 0.0, 0.028452592943214994, 0.0, 0.0, 0.0)",3
13551,36,16,11,"(0.09033430006888621, 0.14970886995698662, 0.0, 0.0, 0.0, 0.04688669779969397, 0.0, 0.10947864707656356, 0.0, 0.01812760691895582)",1
13552,36,16,11,"(0.09033430006888621, 0.14970886995698662, 0.0, 0.0, 0.0, 0.04688669779969397, 0.0, 0.09523546217639671, 0.0, 0.01812760691895582)",436
13553,36,16,11,"(0.11236094827987152, 0.14970886995698662, 0.0, 0.0, 0.0, 0.04688669779969397, 0.0, 0.09523546217639671, 0.0, 0.028549476167808653)",1
13554,36,16,11,"(0.09033430006888621, 0.14970886995698662, 0.0, 0.0, 0.0, 0.07569479396023049, 0.0, 0.09523546217639671, 0.0, 0.01812760691895582)",1
13555,36,16,11,"(0.09033430006888621, 0.14970886995698662, 0.0, 0.0, 0.0, 0.03551520753659669, 0.0, 0.09523546217639671, 0.0, 0.01812760691895582)",1
13556,36,16,11,"(0.09033430006888621, 0.14970886995698662, 0.0, 0.0, 0.0, 0.04688669779969397, 0.0, 0.09523546217639671, 0.0, 0.010513209545799568)",1
13557,36,16,11,"(0.09033430006888621, 0.14970886995698662, 0.0, 0.0, 0.0, 0.04688669779969397, 0.0, 0.14492617485378875, 0.0, 0.01812760691895582)",2
13558,36,16,11,"(0.09033430006888621, 0.14970886995698662, 0.0, 0.0, 0.0, 0.04688669779969397, 0.0, 0.09523546217639671, 0.0, 0.02539017374943245)",1
13559,36,16,11,"(0.05098681108429409, 0.1265554344498864, 0.0, 0.0, 0.0, 0.02010512109302053, 0.0, 0.09523546217639671, 0.0, 0.01812760691895582)",2
13560,36,16,11,"(0.09033430006888621, 0.14970886995698662, 0.0, 0.0, 0.0, 0.04688669779969397, 0.0, 0.09523546217639671, 0.0, 0.031051048610206557)",42
13561,36,16,11,"(0.09033430006888621, 0.14970886995698662, 0.0, 0.0, 0.0, 0.06969521680604103, 0.0, 0.09523546217639671, 0.0, 0.01812760691895582)",1
13562,36,16,13,"(0.0, 0.0, 0.11679612853536596, 0.06563097052556302, 0.09172770611919409, 0.07489992963210028, 0.0, 0.0, 0.14899621190854193, 0.0)",1
13563,36,16,13,"(0.0, 0.0, 0.11679612853536596, 0.07708613161346363, 0.09172770611919409, 0.07489992963210028, 0.0, 0.0, 0.14899621190854193, 0.0)",1
13564,36,16,13,"(0.0, 0.0, 0.11679612853536596, 0.06920069129515957, 0.09172770611919409, 0.07489992963210028, 0.0, 0.0, 0.14899621190854193, 0.0)",175
13565,36,16,13,"(0.0, 0.0, 0.11679612853536596, 0.06920069129515957, 0.0758928232843122, 0.07489992963210028, 0.0, 0.0, 0.14899621190854193, 0.0)",1
13566,36,17,8,"(0.09369258606422372, 0.0, 0.08950620996642342, 0.09247639241939104, 0.09275569646919918, 0.0, 0.06826344941350267, 0.0, 0.0, 0.0)",10
13567,36,17,8,"(0.09369258606422372, 0.0, 0.05259051703956306, 0.09247639241939104, 0.04905167704516379, 0.0, 0.04724226086991037, 0.0, 0.0, 0.0)",6
13568,36,17,8,"(0.09369258606422372, 0.0, 0.04995110164544228, 0.09247639241939104, 0.09173902283359818, 0.0, 0.06826344941350267, 0.0, 0.0, 0.0)",2
13569,36,17,8,"(0.09369258606422372, 0.0, 0.08950620996642342, 0.09247639241939104, 0.09173902283359818, 0.0, 0.06826344941350267, 0.0, 0.0, 0.0)",272
13570,36,17,8,"(0.09369258606422372, 0.0, 0.08950620996642342, 0.13237987736991857, 0.11627990979367, 0.0, 0.06826344941350267, 0.0, 0.0, 0.0)",2
13571,36,17,8,"(0.09369258606422372, 0.0, 0.07570034798829217, 0.09247639241939104, 0.09173902283359818, 0.0, 0.06826344941350267, 0.0, 0.0, 0.0)",2
13572,36,17,8,"(0.050397009787935904, 0.0, 0.148050853023326, 0.05694663943455882, 0.09173902283359818, 0.0, 0.06826344941350267, 0.0, 0.0, 0.0)",7
13573,36,17,8,"(0.09369258606422372, 0.0, 0.08950620996642342, 0.09247639241939104, 0.11816899184516888, 0.0, 0.06826344941350267, 0.0, 0.0, 0.0)",29
13574,36,17,8,"(0.09369258606422372, 0.0, 0.08950620996642342, 0.125845569681048, 0.12312185283522875, 0.0, 0.06826344941350267, 0.0, 0.0, 0.0)",1
13575,36,17,11,"(0.28611767137940697, 0.061754073815887586, 0.0, 0.0, 0.0, 0.04688669779969397, 0.0, 0.09523546217639671, 0.0, 0.020724681326785517)",1
13576,36,17,11,"(0.09033430006888621, 0.14970886995698662, 0.0, 0.0, 0.0, 0.04688669779969397, 0.0, 0.17610925118350823, 0.0, 0.01812760691895582)",4
13577,36,17,11,"(0.09033430006888621, 0.14970886995698662, 0.0, 0.0, 0.0, 0.04688669779969397, 0.0, 0.09523546217639671, 0.0, 0.031051048610206557)",124
13578,36,17,11,"(0.09033430006888621, 0.14970886995698662, 0.0, 0.0, 0.0, 0.04688669779969397, 0.0, 0.08855174472206458, 0.0, 0.031051048610206557)",1
13579,36,17,11,"(0.09033430006888621, 0.1527144911725312, 0.0, 0.0, 0.0, 0.04688669779969397, 0.0, 0.09523546217639671, 0.0, 0.020410449613568738)",2
13580,36,17,11,"(0.09033430006888621, 0.14970886995698662, 0.0, 0.0, 0.0, 0.04688669779969397, 0.0, 0.09523546217639671, 0.0, 0.01812760691895582)",353
13581,36,17,11,"(0.09033430006888621, 0.14970886995698662, 0.0, 0.0, 0.0, 0.04688669779969397, 0.0, 0.09523546217639671, 0.0, 0.03889608818852634)",1
13582,36,17,11,"(0.09033430006888621, 0.14970886995698662, 0.0, 0.0, 0.0, 0.04688669779969397, 0.0, 0.086511393883298, 0.0, 0.01812760691895582)",1
13583,36,17,11,"(0.09033430006888621, 0.14970886995698662, 0.0, 0.0, 0.0, 0.04688669779969397, 0.0, 0.09523546217639671, 0.0, 0.025834281947859)",1
13584,36,17,11,"(0.11921977310226964, 0.1575205821451793, 0.0, 0.0, 0.0, 0.04688669779969397, 0.0, 0.09523546217639671, 0.0, 0.07004454684826136)",1
13585,36,17,13,"(0.0, 0.0, 0.19455164730388985, 0.06920069129515957, 0.09172770611919409, 0.10433466648068342, 0.0, 0.0, 0.12118834392284195, 0.0)",2
13586,36,17,13,"(0.0, 0.0, 0.11679612853536596, 0.06920069129515957, 0.11220178101765987, 0.07489992963210028, 0.0, 0.0, 0.14899621190854193, 0.0)",1
13587,36,17,13,"(0.0, 0.0, 0.10215728367142493, 0.06920069129515957, 0.09172770611919409, 0.07489992963210028, 0.0, 0.0, 0.14899621190854193, 0.0)",5
13588,36,17,13,"(0.0, 0.0, 0.11679612853536596, 0.06920069129515957, 0.09172770611919409, 0.07489992963210028, 0.0, 0.0, 0.14899621190854193, 0.0)",171
13589,36,18,8,"(0.09369258606422372, 0.0, 0.08950620996642342, 0.09247639241939104, 0.18182900081617268, 0.0, 0.06826344941350267, 0.0, 0.0, 0.0)",4
13590,36,18,8,"(0.09369258606422372, 0.0, 0.08950620996642342, 0.09247639241939104, 0.09173902283359818, 0.0, 0.06826344941350267, 0.0, 0.0, 0.0)",269
13591,36,18,8,"(0.09369258606422372, 0.0, 0.08950620996642342, 0.09247639241939104, 0.0653844377285439, 0.0, 0.06826344941350267, 0.0, 0.0, 0.0)",2
13592,36,18,8,"(0.10061912444852798, 0.0, 0.08950620996642342, 0.09247639241939104, 0.09173902283359818, 0.0, 0.06826344941350267, 0.0, 0.0, 0.0)",1
13593,36,18,8,"(0.09369258606422372, 0.0, 0.08950620996642342, 0.09247639241939104, 0.09173902283359818, 0.0, 0.04132685672033443, 0.0, 0.0, 0.0)",2
13594,36,18,8,"(0.09369258606422372, 0.0, 0.050542487912341755, 0.14092008588671656, 0.09173902283359818, 0.0, 0.06826344941350267, 0.0, 0.0, 0.0)",1
13595,36,18,8,"(0.09369258606422372, 0.0, 0.050542487912341755, 0.09247639241939104, 0.09173902283359818, 0.0, 0.06826344941350267, 0.0, 0.0, 0.0)",9
13596,36,18,11,"(0.09033430006888621, 0.12427963680630855, 0.0, 0.0, 0.0, 0.04688669779969397, 0.0, 0.09523546217639671, 0.0, 0.01812760691895582)",8
13597,36,18,11,"(0.09033430006888621, 0.14970886995698662, 0.0, 0.0, 0.0, 0.04688669779969397, 0.0, 0.09523546217639671, 0.0, 0.01572859529911364)",2
13598,36,18,11,"(0.09033430006888621, 0.11170918384353032, 0.0, 0.0, 0.0, 0.04688669779969397, 0.0, 0.09523546217639671, 0.0, 0.01812760691895582)",1
13599,36,18,11,"(0.09033430006888621, 0.14970886995698662, 0.0, 0.0, 0.0, 0.07581109816854725, 0.0, 0.09523546217639671, 0.0, 0.01812760691895582)",1
13600,36,18,11,"(0.09033430006888621, 0.14970886995698662, 0.0, 0.0, 0.0, 0.04688669779969397, 0.0, 0.09523546217639671, 0.0, 0.01812760691895582)",515
13601,36,18,11,"(0.09033430006888621, 0.14970886995698662, 0.0, 0.0, 0.0, 0.04688669779969397, 0.0, 0.062245000121892324, 0.0, 0.01812760691895582)",1
13602,36,18,11,"(0.09033430006888621, 0.14970886995698662, 0.0, 0.0, 0.0, 0.04688669779969397, 0.0, 0.11149519011973448, 0.0, 0.01812760691895582)",1
13603,36,18,11,"(0.09033430006888621, 0.14970886995698662, 0.0, 0.0, 0.0, 0.04688669779969397, 0.0, 0.09523546217639671, 0.0, 0.031051048610206557)",3
13604,36,18,11,"(0.09033430006888621, 0.14970886995698662, 0.0, 0.0, 0.0, 0.04688669779969397, 0.0, 0.14431912956723286, 0.0, 0.01812760691895582)",1
13605,36,18,13,"(0.0, 0.0, 0.11679612853536596, 0.06920069129515957, 0.09172770611919409, 0.07489992963210028, 0.0, 0.0, 0.14899621190854193, 0.0)",139
13606,36,18,13,"(0.0, 0.0, 0.11679612853536596, 0.06920069129515957, 0.09172770611919409, 0.08639818543092387, 0.0, 0.0, 0.14899621190854193, 0.0)",1
13607,36,18,13,"(0.0, 0.0, 0.11679612853536596, 0.05855511721754124, 0.09172770611919409, 0.07489992963210028, 0.0, 0.0, 0.14899621190854193, 0.0)",6
13608,36,18,13,"(0.0, 0.0, 0.08187340398630384, 0.06920069129515957, 0.09172770611919409, 0.07489992963210028, 0.0, 0.0, 0.14899621190854193, 0.0)",1
13609,36,18,13,"(0.0, 0.0, 0.11679612853536596, 0.09761700316391028, 0.09172770611919409, 0.07489992963210028, 0.0, 0.0, 0.14899621190854193, 0.0)",5
13610,36,19,8,"(0.06760966944827483, 0.0, 0.08950620996642342, 0.09247639241939104, 0.09173902283359818, 0.0, 0.06826344941350267, 0.0, 0.0, 0.0)",1
13611,36,19,8,"(0.09369258606422372, 0.0, 0.08950620996642342, 0.08161743012194167, 0.09173902283359818, 0.0, 0.06826344941350267, 0.0, 0.0, 0.0)",4
13612,36,19,8,"(0.09369258606422372, 0.0, 0.08950620996642342, 0.09247639241939104, 0.18182900081617268, 0.0, 0.06826344941350267, 0.0, 0.0, 0.0)",88
13613,36,19,8,"(0.09369258606422372, 0.0, 0.08950620996642342, 0.09247639241939104, 0.3332549262847167, 0.0, 0.06826344941350267, 0.0, 0.0, 0.0)",1
13614,36,19,8,"(0.09369258606422372, 0.0, 0.08950620996642342, 0.09247639241939104, 0.09173902283359818, 0.0, 0.06826344941350267, 0.0, 0.0, 0.0)",232
13615,36,19,11,"(0.09033430006888621, 0.1361933949875835, 0.0, 0.0, 0.0, 0.04688669779969397, 0.0, 0.09523546217639671, 0.0, 0.01812760691895582)",1
13616,36,19,11,"(0.09033430006888621, 0.14970886995698662, 0.0, 0.0, 0.0, 0.04688669779969397, 0.0, 0.09523546217639671, 0.0, 0.01812760691895582)",390
13617,36,19,11,"(0.09033430006888621, 0.14970886995698662, 0.0, 0.0, 0.0, 0.028375812727423507, 0.0, 0.09523546217639671, 0.0, 0.01812760691895582)",1
13618,36,19,11,"(0.09033430006888621, 0.14970886995698662, 0.0, 0.0, 0.0, 0.04688669779969397, 0.0, 0.09523546217639671, 0.0, 0.031051048610206557)",48
13619,36,19,11,"(0.08567605948252673, 0.14970886995698662, 0.0, 0.0, 0.0, 0.04688669779969397, 0.0, 0.04766870027689241, 0.0, 0.02187620983428158)",2
13620,36,19,11,"(0.09033430006888621, 0.14970886995698662, 0.0, 0.0, 0.0, 0.04688669779969397, 0.0, 0.09523546217639671, 0.0, 0.018459682373240402)",2
13621,36,19,11,"(0.09033430006888621, 0.14970886995698662, 0.0, 0.0, 0.0, 0.04688669779969397, 0.0, 0.09523546217639671, 0.0, 0.01700168869271275)",1
13622,36,19,13,"(0.0, 0.0, 0.11679612853536596, 0.06920069129515957, 0.09172770611919409, 0.07489992963210028, 0.0, 0.0, 0.14899621190854193, 0.0)",170
13623,36,19,13,"(0.0, 0.0, 0.11865580405098879, 0.08655916365711505, 0.09172770611919409, 0.07489992963210028, 0.0, 0.0, 0.14899621190854193, 0.0)",1
13624,36,20,8,"(0.07372073315136349, 0.0, 0.08950620996642342, 0.09247639241939104, 0.07424621760179219, 0.0, 0.06826344941350267, 0.0, 0.0, 0.0)",1
13625,36,20,8,"(0.09369258606422372, 0.0, 0.08950620996642342, 0.09247639241939104, 0.09173902283359818, 0.0, 0.06826344941350267, 0.0, 0.0, 0.0)",269
13626,36,20,8,"(0.09369258606422372, 0.0, 0.09141489339335561, 0.09247639241939104, 0.09173902283359818, 0.0, 0.06826344941350267, 0.0, 0.0, 0.0)",1
13627,36,20,8,"(0.09369258606422372, 0.0, 0.050542487912341755, 0.09247639241939104, 0.09173902283359818, 0.0, 0.06826344941350267, 0.0, 0.0, 0.0)",42
13628,36,20,8,"(0.09369258606422372, 0.0, 0.050542487912341755, 0.09247639241939104, 0.09173902283359818, 0.0, 0.04233565415639307, 0.0, 0.0, 0.0)",3
13629,36,20,8,"(0.09369258606422372, 0.0, 0.08950620996642342, 0.09247639241939104, 0.059386744680510535, 0.0, 0.06826344941350267, 0.0, 0.0, 0.0)",3
13630,36,20,11,"(0.09033430006888621, 0.14970886995698662, 0.0, 0.0, 0.0, 0.04688669779969397, 0.0, 0.1157135407189584, 0.0, 0.01812760691895582)",1
13631,36,20,11,"(0.09033430006888621, 0.14970886995698662, 0.0, 0.0, 0.0, 0.05273182945479818, 0.0, 0.09523546217639671, 0.0, 0.01812760691895582)",2
13632,36,20,11,"(0.08508252270565168, 0.14970886995698662, 0.0, 0.0, 0.0, 0.04688669779969397, 0.0, 0.09523546217639671, 0.0, 0.018184371113145786)",2
13633,36,20,11,"(0.09033430006888621, 0.14970886995698662, 0.0, 0.0, 0.0, 0.04688669779969397, 0.0, 0.044246592799920395, 0.0, 0.01812760691895582)",1
13634,36,20,11,"(0.15025045274159451, 0.14970886995698662, 0.0, 0.0, 0.0, 0.04568739734101223, 0.0, 0.09523546217639671, 0.0, 0.01812760691895582)",1
13635,36,20,11,"(0.09033430006888621, 0.14970886995698662, 0.0, 0.0, 0.0, 0.04688669779969397, 0.0, 0.09523546217639671, 0.0, 0.012150062514885481)",4
13636,36,20,11,"(0.09033430006888621, 0.14970886995698662, 0.0, 0.0, 0.0, 0.037833900713756856, 0.0, 0.09523546217639671, 0.0, 0.01812760691895582)",3
13637,36,20,11,"(0.09033430006888621, 0.14970886995698662, 0.0, 0.0, 0.0, 0.04688669779969397, 0.0, 0.0880663408109839, 0.0, 0.01812760691895582)",3
13638,36,20,11,"(0.09033430006888621, 0.14970886995698662, 0.0, 0.0, 0.0, 0.04688669779969397, 0.0, 0.09523546217639671, 0.0, 0.031051048610206557)",48
13639,36,20,11,"(0.09033430006888621, 0.14970886995698662, 0.0, 0.0, 0.0, 0.04688669779969397, 0.0, 0.09523546217639671, 0.0, 0.01812760691895582)",379
13640,36,20,13,"(0.0, 0.0, 0.11679612853536596, 0.06920069129515957, 0.09172770611919409, 0.07888840147546106, 0.0, 0.0, 0.06627731317410766, 0.0)",6
13641,36,20,13,"(0.0, 0.0, 0.11679612853536596, 0.06920069129515957, 0.09172770611919409, 0.07489992963210028, 0.0, 0.0, 0.14899621190854193, 0.0)",191
13642,36,20,13,"(0.0, 0.0, 0.07932097369460536, 0.13085381063398824, 0.09172770611919409, 0.09476408072467418, 0.0, 0.0, 0.14899621190854193, 0.0)",2
13643,36,20,13,"(0.0, 0.0, 0.11679612853536596, 0.06920069129515957, 0.11821758034846196, 0.07489992963210028, 0.0, 0.0, 0.14899621190854193, 0.0)",1
13644,37,0,8,"(0.09369258606422372, 0.0, 0.08950620996642342, 0.09247639241939104, 0.09173902283359818, 0.0, 0.06826344941350267, 0.0, 0.0, 0.0)",27
13645,37,0,8,"(0.08829965453524319, 0.0, 0.08950620996642342, 0.09247639241939104, 0.09173902283359818, 0.0, 0.033088306546623106, 0.0, 0.0, 0.0)",7
13646,37,0,8,"(0.08829965453524319, 0.0, 0.08950620996642342, 0.09247639241939104, 0.09173902283359818, 0.0, 0.06826344941350267, 0.0, 0.0, 0.0)",311
13647,37,0,8,"(0.08829965453524319, 0.0, 0.11348400890772924, 0.09247639241939104, 0.09173902283359818, 0.0, 0.06826344941350267, 0.0, 0.0, 0.0)",1
13648,37,0,8,"(0.08829965453524319, 0.0, 0.0993882796106323, 0.14131076443980406, 0.09173902283359818, 0.0, 0.06826344941350267, 0.0, 0.0, 0.0)",1
13649,37,0,8,"(0.04293502550989359, 0.0, 0.08950620996642342, 0.06562314537734648, 0.09173902283359818, 0.0, 0.06826344941350267, 0.0, 0.0, 0.0)",3
13650,37,0,8,"(0.08829965453524319, 0.0, 0.08950620996642342, 0.09247639241939104, 0.15250514808080318, 0.0, 0.06826344941350267, 0.0, 0.0, 0.0)",2
13651,37,0,11,"(0.09033430006888621, 0.14970886995698662, 0.0, 0.0, 0.0, 0.04688669779969397, 0.0, 0.09523546217639671, 0.0, 0.031051048610206557)",112
13652,37,0,11,"(0.06082036897635737, 0.14970886995698662, 0.0, 0.0, 0.0, 0.04688669779969397, 0.0, 0.09523546217639671, 0.0, 0.01812760691895582)",1
13653,37,0,11,"(0.09033430006888621, 0.11774974115996308, 0.0, 0.0, 0.0, 0.04688669779969397, 0.0, 0.09523546217639671, 0.0, 0.01812760691895582)",2
13654,37,0,11,"(0.09033430006888621, 0.14970886995698662, 0.0, 0.0, 0.0, 0.05227572090702451, 0.0, 0.09523546217639671, 0.0, 0.01812760691895582)",1
13655,37,0,11,"(0.09033430006888621, 0.14970886995698662, 0.0, 0.0, 0.0, 0.04688669779969397, 0.0, 0.12635191267662815, 0.0, 0.012094717013826346)",11
13656,37,0,11,"(0.09033430006888621, 0.14970886995698662, 0.0, 0.0, 0.0, 0.04688669779969397, 0.0, 0.09523546217639671, 0.0, 0.01812760691895582)",256
13657,37,0,11,"(0.09033430006888621, 0.14970886995698662, 0.0, 0.0, 0.0, 0.04688669779969397, 0.0, 0.07851631155931958, 0.0, 0.01812760691895582)",51
13658,37,0,13,"(0.0, 0.0, 0.11679612853536596, 0.06920069129515957, 0.09172770611919409, 0.07489992963210028, 0.0, 0.0, 0.14899621190854193, 0.0)",156
13659,37,0,13,"(0.0, 0.0, 0.11679612853536596, 0.06920069129515957, 0.09172770611919409, 0.07489992963210028, 0.0, 0.0, 0.17701872636954935, 0.0)",28
13660,37,0,13,"(0.0, 0.0, 0.13471035401539513, 0.06920069129515957, 0.09172770611919409, 0.07489992963210028, 0.0, 0.0, 0.14899621190854193, 0.0)",3
13661,37,0,13,"(0.0, 0.0, 0.11679612853536596, 0.08283693184535793, 0.09172770611919409, 0.061789896525922205, 0.0, 0.0, 0.17701872636954935, 0.0)",2
13662,37,1,8,"(0.09369258606422372, 0.0, 0.08950620996642342, 0.08532056162745146, 0.06311517792642399, 0.0, 0.06826344941350267, 0.0, 0.0, 0.0)",1
13663,37,1,8,"(0.08829965453524319, 0.0, 0.08950620996642342, 0.09247639241939104, 0.09173902283359818, 0.0, 0.06826344941350267, 0.0, 0.0, 0.0)",111
13664,37,1,8,"(0.09369258606422372, 0.0, 0.08950620996642342, 0.09247639241939104, 0.09173902283359818, 0.0, 0.06826344941350267, 0.0, 0.0, 0.0)",219
13665,37,1,8,"(0.08829965453524319, 0.0, 0.08950620996642342, 0.06286124141970802, 0.09173902283359818, 0.0, 0.06826344941350267, 0.0, 0.0, 0.0)",1
13666,37,1,11,"(0.09033430006888621, 0.14970886995698662, 0.0, 0.0, 0.0, 0.04688669779969397, 0.0, 0.09523546217639671, 0.0, 0.031051048610206557)",164
13667,37,1,11,"(0.09033430006888621, 0.14970886995698662, 0.0, 0.0, 0.0, 0.04688669779969397, 0.0, 0.07851631155931958, 0.0, 0.01812760691895582)",129
13668,37,1,11,"(0.09033430006888621, 0.14970886995698662, 0.0, 0.0, 0.0, 0.04688669779969397, 0.0, 0.09523546217639671, 0.0, 0.01812760691895582)",210
13669,37,1,11,"(0.09033430006888621, 0.14970886995698662, 0.0, 0.0, 0.0, 0.04688669779969397, 0.0, 0.10459687559400649, 0.0, 0.01812760691895582)",4
13670,37,1,11,"(0.09033430006888621, 0.14970886995698662, 0.0, 0.0, 0.0, 0.04688669779969397, 0.0, 0.09523546217639671, 0.0, 0.03498998136117883)",1
13671,37,1,11,"(0.09033430006888621, 0.14970886995698662, 0.0, 0.0, 0.0, 0.09817787031727261, 0.0, 0.09523546217639671, 0.0, 0.024258765248294293)",1
13672,37,1,11,"(0.09033430006888621, 0.1134463168518883, 0.0, 0.0, 0.0, 0.06468293904272204, 0.0, 0.09523546217639671, 0.0, 0.01812760691895582)",1
13673,37,1,11,"(0.09033430006888621, 0.14970886995698662, 0.0, 0.0, 0.0, 0.09817787031727261, 0.0, 0.09523546217639671, 0.0, 0.01020275986567772)",6
13674,37,1,13,"(0.0, 0.0, 0.11679612853536596, 0.06920069129515957, 0.09172770611919409, 0.07489992963210028, 0.0, 0.0, 0.16842726360890856, 0.0)",2
13675,37,1,13,"(0.0, 0.0, 0.11679612853536596, 0.06920069129515957, 0.09172770611919409, 0.07489992963210028, 0.0, 0.0, 0.14899621190854193, 0.0)",163
13676,37,1,13,"(0.0, 0.0, 0.11679612853536596, 0.06920069129515957, 0.09172770611919409, 0.07489992963210028, 0.0, 0.0, 0.17701872636954935, 0.0)",14
13677,37,1,13,"(0.0, 0.0, 0.11679612853536596, 0.06920069129515957, 0.0815749124759806, 0.07489992963210028, 0.0, 0.0, 0.14899621190854193, 0.0)",14
13678,37,2,8,"(0.09369258606422372, 0.0, 0.08950620996642342, 0.09247639241939104, 0.09173902283359818, 0.0, 0.06826344941350267, 0.0, 0.0, 0.0)",8
13679,37,2,8,"(0.09743596253173338, 0.0, 0.08950620996642342, 0.09247639241939104, 0.09173902283359818, 0.0, 0.06826344941350267, 0.0, 0.0, 0.0)",2
13680,37,2,8,"(0.08829965453524319, 0.0, 0.08950620996642342, 0.055213404465301416, 0.09173902283359818, 0.0, 0.06826344941350267, 0.0, 0.0, 0.0)",10
13681,37,2,8,"(0.08829965453524319, 0.0, 0.08950620996642342, 0.07721376776404439, 0.09173902283359818, 0.0, 0.03746489836234758, 0.0, 0.0, 0.0)",2
13682,37,2,8,"(0.08829965453524319, 0.0, 0.08950620996642342, 0.09247639241939104, 0.09173902283359818, 0.0, 0.04711572957708235, 0.0, 0.0, 0.0)",2
13683,37,2,8,"(0.08829965453524319, 0.0, 0.08950620996642342, 0.09247639241939104, 0.09173902283359818, 0.0, 0.06826344941350267, 0.0, 0.0, 0.0)",326
13684,37,2,8,"(0.10234672033607238, 0.0, 0.04804361033437622, 0.09247639241939104, 0.09173902283359818, 0.0, 0.06826344941350267, 0.0, 0.0, 0.0)",1
13685,37,2,11,"(0.09033430006888621, 0.14970886995698662, 0.0, 0.0, 0.0, 0.04281407067328117, 0.0, 0.09523546217639671, 0.0, 0.01812760691895582)",19
13686,37,2,11,"(0.048194760918465286, 0.1327280450340645, 0.0, 0.0, 0.0, 0.04688669779969397, 0.0, 0.07851631155931958, 0.0, 0.01812760691895582)",2
13687,37,2,11,"(0.09033430006888621, 0.14970886995698662, 0.0, 0.0, 0.0, 0.04688669779969397, 0.0, 0.14956821759941455, 0.0, 0.031051048610206557)",1
13688,37,2,11,"(0.09033430006888621, 0.14970886995698662, 0.0, 0.0, 0.0, 0.04688669779969397, 0.0, 0.09523546217639671, 0.0, 0.031051048610206557)",213
13689,37,2,11,"(0.09033430006888621, 0.14970886995698662, 0.0, 0.0, 0.0, 0.04688669779969397, 0.0, 0.09523546217639671, 0.0, 0.01812760691895582)",55
13690,37,2,11,"(0.09033430006888621, 0.14970886995698662, 0.0, 0.0, 0.0, 0.04688669779969397, 0.0, 0.07851631155931958, 0.0, 0.01812760691895582)",82
13691,37,2,11,"(0.05595493401288263, 0.14970886995698662, 0.0, 0.0, 0.0, 0.04688669779969397, 0.0, 0.09523546217639671, 0.0, 0.031051048610206557)",7
13692,37,2,13,"(0.0, 0.0, 0.11679612853536596, 0.06920069129515957, 0.09172770611919409, 0.07489992963210028, 0.0, 0.0, 0.14899621190854193, 0.0)",196
13693,37,3,8,"(0.09369258606422372, 0.0, 0.06829004444751857, 0.09247639241939104, 0.09173902283359818, 0.0, 0.047823257560503936, 0.0, 0.0, 0.0)",5
13694,37,3,8,"(0.09369258606422372, 0.0, 0.05033514840567106, 0.1224483330065067, 0.09173902283359818, 0.0, 0.06826344941350267, 0.0, 0.0, 0.0)",28
13695,37,3,8,"(0.09369258606422372, 0.0, 0.09103365677068397, 0.09247639241939104, 0.14514847263130018, 0.0, 0.06826344941350267, 0.0, 0.0, 0.0)",2
13696,37,3,8,"(0.09369258606422372, 0.0, 0.08950620996642342, 0.09247639241939104, 0.06021607535404871, 0.0, 0.06826344941350267, 0.0, 0.0, 0.0)",8
13697,37,3,8,"(0.09369258606422372, 0.0, 0.08950620996642342, 0.09247639241939104, 0.08700169305603266, 0.0, 0.06826344941350267, 0.0, 0.0, 0.0)",6
13698,37,3,8,"(0.08150870985621766, 0.0, 0.08950620996642342, 0.09247639241939104, 0.09173902283359818, 0.0, 0.06826344941350267, 0.0, 0.0, 0.0)",1
13699,37,3,8,"(0.09369258606422372, 0.0, 0.08950620996642342, 0.09247639241939104, 0.11494996791941074, 0.0, 0.11912675990736064, 0.0, 0.0, 0.0)",4
13700,37,3,8,"(0.09369258606422372, 0.0, 0.08950620996642342, 0.09247639241939104, 0.09173902283359818, 0.0, 0.06826344941350267, 0.0, 0.0, 0.0)",308
13701,37,3,11,"(0.05627224781760041, 0.19917097798262914, 0.0, 0.0, 0.0, 0.04688669779969397, 0.0, 0.09523546217639671, 0.0, 0.024289316412166986)",1
13702,37,3,11,"(0.09033430006888621, 0.10033561789600874, 0.0, 0.0, 0.0, 0.04688669779969397, 0.0, 0.05923430320183534, 0.0, 0.01812760691895582)",6
13703,37,3,11,"(0.09033430006888621, 0.07923215507982538, 0.0, 0.0, 0.0, 0.04688669779969397, 0.0, 0.09523546217639671, 0.0, 0.01812760691895582)",119
13704,37,3,11,"(0.04834278441841478, 0.07923215507982538, 0.0, 0.0, 0.0, 0.04688669779969397, 0.0, 0.06331132908446933, 0.0, 0.01812760691895582)",1
13705,37,3,11,"(0.09033430006888621, 0.14970886995698662, 0.0, 0.0, 0.0, 0.04688669779969397, 0.0, 0.0998268839008733, 0.0, 0.01812760691895582)",2
13706,37,3,11,"(0.09033430006888621, 0.14970886995698662, 0.0, 0.0, 0.0, 0.04688669779969397, 0.0, 0.047185482792781036, 0.0, 0.01812760691895582)",3
13707,37,3,11,"(0.09033430006888621, 0.14970886995698662, 0.0, 0.0, 0.0, 0.04688669779969397, 0.0, 0.09523546217639671, 0.0, 0.024289316412166986)",86
13708,37,3,11,"(0.09033430006888621, 0.14970886995698662, 0.0, 0.0, 0.0, 0.043578699822787226, 0.0, 0.11068755286719632, 0.0, 0.01812760691895582)",23
13709,37,3,11,"(0.09033430006888621, 0.14970886995698662, 0.0, 0.0, 0.0, 0.019290562930864782, 0.0, 0.09523546217639671, 0.0, 0.01812760691895582)",3
13710,37,3,11,"(0.09033430006888621, 0.14970886995698662, 0.0, 0.0, 0.0, 0.04688669779969397, 0.0, 0.09523546217639671, 0.0, 0.01812760691895582)",211
13711,37,3,11,"(0.14974835837433936, 0.07923215507982538, 0.0, 0.0, 0.0, 0.04688669779969397, 0.0, 0.09523546217639671, 0.0, 0.02780891278848405)",1
13712,37,3,11,"(0.09033430006888621, 0.23428181205486884, 0.0, 0.0, 0.0, 0.04688669779969397, 0.0, 0.09523546217639671, 0.0, 0.01812760691895582)",2
13713,37,3,11,"(0.09033430006888621, 0.07923215507982538, 0.0, 0.0, 0.0, 0.1869776996619567, 0.0, 0.10939175631927535, 0.0, 0.02481730765853294)",2
13714,37,3,13,"(0.0, 0.0, 0.11679612853536596, 0.06920069129515957, 0.09172770611919409, 0.07489992963210028, 0.0, 0.0, 0.14899621190854193, 0.0)",151
13715,37,3,13,"(0.0, 0.0, 0.11679612853536596, 0.06920069129515957, 0.09172770611919409, 0.07489992963210028, 0.0, 0.0, 0.15367953101537812, 0.0)",2
13716,37,3,13,"(0.0, 0.0, 0.11679612853536596, 0.06920069129515957, 0.1009813083904231, 0.07489992963210028, 0.0, 0.0, 0.12254110233923718, 0.0)",2
13717,37,4,8,"(0.09369258606422372, 0.0, 0.05033514840567106, 0.1224483330065067, 0.09173902283359818, 0.0, 0.06826344941350267, 0.0, 0.0, 0.0)",34
13718,37,4,8,"(0.09369258606422372, 0.0, 0.10013484249931293, 0.09247639241939104, 0.07068875744005748, 0.0, 0.06826344941350267, 0.0, 0.0, 0.0)",5
13719,37,4,8,"(0.07898452990003238, 0.0, 0.1417319964273146, 0.09247639241939104, 0.09173902283359818, 0.0, 0.07320437858003678, 0.0, 0.0, 0.0)",1
13720,37,4,8,"(0.09369258606422372, 0.0, 0.08950620996642342, 0.09247639241939104, 0.09173902283359818, 0.0, 0.10819469497417418, 0.0, 0.0, 0.0)",3
13721,37,4,8,"(0.09369258606422372, 0.0, 0.0802212637233748, 0.09247639241939104, 0.09173902283359818, 0.0, 0.06826344941350267, 0.0, 0.0, 0.0)",1
13722,37,4,8,"(0.09369258606422372, 0.0, 0.0794436786395388, 0.09247639241939104, 0.09173902283359818, 0.0, 0.06826344941350267, 0.0, 0.0, 0.0)",1
13723,37,4,8,"(0.09369258606422372, 0.0, 0.08950620996642342, 0.09247639241939104, 0.0660116344636013, 0.0, 0.06826344941350267, 0.0, 0.0, 0.0)",2
13724,37,4,8,"(0.09369258606422372, 0.0, 0.08950620996642342, 0.09247639241939104, 0.09173902283359818, 0.0, 0.06826344941350267, 0.0, 0.0, 0.0)",290
13725,37,4,11,"(0.09416627900677199, 0.14970886995698662, 0.0, 0.0, 0.0, 0.04688669779969397, 0.0, 0.09523546217639671, 0.0, 0.01812760691895582)",2
13726,37,4,11,"(0.09033430006888621, 0.10033561789600874, 0.0, 0.0, 0.0, 0.04688669779969397, 0.0, 0.05923430320183534, 0.0, 0.01812760691895582)",88
13727,37,4,11,"(0.09033430006888621, 0.2929820477045938, 0.0, 0.0, 0.0, 0.04688669779969397, 0.0, 0.09523546217639671, 0.0, 0.01812760691895582)",1
13728,37,4,11,"(0.09033430006888621, 0.07923215507982538, 0.0, 0.0, 0.0, 0.04688669779969397, 0.0, 0.09523546217639671, 0.0, 0.01812760691895582)",134
13729,37,4,11,"(0.09033430006888621, 0.10299195516331351, 0.0, 0.0, 0.0, 0.04688669779969397, 0.0, 0.09523546217639671, 0.0, 0.020553385879904705)",1
13730,37,4,11,"(0.08191087040162362, 0.14970886995698662, 0.0, 0.0, 0.0, 0.04688669779969397, 0.0, 0.09523546217639671, 0.0, 0.01812760691895582)",2
13731,37,4,11,"(0.09033430006888621, 0.14970886995698662, 0.0, 0.0, 0.0, 0.04688669779969397, 0.0, 0.09523546217639671, 0.0, 0.01812760691895582)",109
13732,37,4,11,"(0.09033430006888621, 0.14970886995698662, 0.0, 0.0, 0.0, 0.04688669779969397, 0.0, 0.09523546217639671, 0.0, 0.024289316412166986)",5
13733,37,4,11,"(0.12399685199730165, 0.14970886995698662, 0.0, 0.0, 0.0, 0.07604986647011763, 0.0, 0.09523546217639671, 0.0, 0.01812760691895582)",3
13734,37,4,11,"(0.09033430006888621, 0.14970886995698662, 0.0, 0.0, 0.0, 0.04688669779969397, 0.0, 0.09523546217639671, 0.0, 0.018477909800593606)",7
13735,37,4,11,"(0.09033430006888621, 0.14970886995698662, 0.0, 0.0, 0.0, 0.0314381020909656, 0.0, 0.09523546217639671, 0.0, 0.01812760691895582)",1
13736,37,4,11,"(0.09033430006888621, 0.14970886995698662, 0.0, 0.0, 0.0, 0.043578699822787226, 0.0, 0.11068755286719632, 0.0, 0.01812760691895582)",54
13737,37,4,11,"(0.09033430006888621, 0.14970886995698662, 0.0, 0.0, 0.0, 0.04688669779969397, 0.0, 0.12339039607398722, 0.0, 0.01812760691895582)",5
13738,37,4,13,"(0.0, 0.0, 0.11679612853536596, 0.06920069129515957, 0.09172770611919409, 0.05458480939692922, 0.0, 0.0, 0.08672726227089911, 0.0)",1
13739,37,4,13,"(0.0, 0.0, 0.11679612853536596, 0.06920069129515957, 0.09172770611919409, 0.07489992963210028, 0.0, 0.0, 0.14899621190854193, 0.0)",183
13740,37,4,13,"(0.0, 0.0, 0.1629805478297661, 0.06920069129515957, 0.09172770611919409, 0.07489992963210028, 0.0, 0.0, 0.08306860716825672, 0.0)",2
13741,37,4,13,"(0.0, 0.0, 0.09890142248654263, 0.06920069129515957, 0.09172770611919409, 0.07489992963210028, 0.0, 0.0, 0.14899621190854193, 0.0)",8
13742,37,5,8,"(0.09369258606422372, 0.0, 0.08950620996642342, 0.0711632126846667, 0.09173902283359818, 0.0, 0.09074202796620377, 0.0, 0.0, 0.0)",18
13743,37,5,8,"(0.16442112421937588, 0.0, 0.08950620996642342, 0.09247639241939104, 0.09173902283359818, 0.0, 0.06826344941350267, 0.0, 0.0, 0.0)",1
13744,37,5,8,"(0.10927058941682123, 0.0, 0.08950620996642342, 0.09247639241939104, 0.09173902283359818, 0.0, 0.07962190371793743, 0.0, 0.0, 0.0)",1
13745,37,5,8,"(0.09369258606422372, 0.0, 0.05033514840567106, 0.1224483330065067, 0.09173902283359818, 0.0, 0.06826344941350267, 0.0, 0.0, 0.0)",4
13746,37,5,8,"(0.09369258606422372, 0.0, 0.08950620996642342, 0.09247639241939104, 0.09173902283359818, 0.0, 0.06826344941350267, 0.0, 0.0, 0.0)",304
13747,37,5,8,"(0.09369258606422372, 0.0, 0.08950620996642342, 0.09247639241939104, 0.13306279854999495, 0.0, 0.06826344941350267, 0.0, 0.0, 0.0)",17
13748,37,5,8,"(0.09369258606422372, 0.0, 0.05889611726769503, 0.09247639241939104, 0.17721359578154455, 0.0, 0.05760507777055662, 0.0, 0.0, 0.0)",1
13749,37,5,8,"(0.09369258606422372, 0.0, 0.08950620996642342, 0.09247639241939104, 0.10862773811653745, 0.0, 0.06826344941350267, 0.0, 0.0, 0.0)",3
13750,37,5,11,"(0.09033430006888621, 0.14970886995698662, 0.0, 0.0, 0.0, 0.04688669779969397, 0.0, 0.09523546217639671, 0.0, 0.024637279355964818)",1
13751,37,5,11,"(0.09033430006888621, 0.14970886995698662, 0.0, 0.0, 0.0, 0.04688669779969397, 0.0, 0.09523546217639671, 0.0, 0.018477909800593606)",27
13752,37,5,11,"(0.09033430006888621, 0.14970886995698662, 0.0, 0.0, 0.0, 0.043578699822787226, 0.0, 0.11068755286719632, 0.0, 0.01812760691895582)",36
13753,37,5,11,"(0.09033430006888621, 0.07923215507982538, 0.0, 0.0, 0.0, 0.04688669779969397, 0.0, 0.09523546217639671, 0.0, 0.01812760691895582)",60
13754,37,5,11,"(0.09033430006888621, 0.14970886995698662, 0.0, 0.0, 0.0, 0.04688669779969397, 0.0, 0.09523546217639671, 0.0, 0.01812760691895582)",149
13755,37,5,11,"(0.09033430006888621, 0.14970886995698662, 0.0, 0.0, 0.0, 0.04032967438737892, 0.0, 0.06843704594674967, 0.0, 0.01812760691895582)",5
13756,37,5,11,"(0.1014195976248727, 0.14970886995698662, 0.0, 0.0, 0.0, 0.04688669779969397, 0.0, 0.08436514967798087, 0.0, 0.01812760691895582)",1
13757,37,5,11,"(0.14909550941167307, 0.14970886995698662, 0.0, 0.0, 0.0, 0.04688669779969397, 0.0, 0.09523546217639671, 0.0, 0.01812760691895582)",1
13758,37,5,11,"(0.09033430006888621, 0.14970886995698662, 0.0, 0.0, 0.0, 0.047148874311628, 0.0, 0.11068755286719632, 0.0, 0.01812760691895582)",2
13759,37,5,11,"(0.09033430006888621, 0.14970886995698662, 0.0, 0.0, 0.0, 0.04688669779969397, 0.0, 0.13976035305104761, 0.0, 0.024289316412166986)",5
13760,37,5,11,"(0.09033430006888621, 0.07923215507982538, 0.0, 0.0, 0.0, 0.07485007908711676, 0.0, 0.09523546217639671, 0.0, 0.01812760691895582)",1
13761,37,5,11,"(0.09033430006888621, 0.1057635253041933, 0.0, 0.0, 0.0, 0.03992780018995745, 0.0, 0.09523546217639671, 0.0, 0.012958792893823791)",3
13762,37,5,11,"(0.09033430006888621, 0.14970886995698662, 0.0, 0.0, 0.0, 0.04688669779969397, 0.0, 0.09523546217639671, 0.0, 0.024289316412166986)",103
13763,37,5,13,"(0.0, 0.0, 0.13827136857543065, 0.06920069129515957, 0.037645990316173356, 0.07489992963210028, 0.0, 0.0, 0.14899621190854193, 0.0)",4
13764,37,5,13,"(0.0, 0.0, 0.11679612853536596, 0.06920069129515957, 0.09172770611919409, 0.07489992963210028, 0.0, 0.0, 0.14899621190854193, 0.0)",165
13765,37,5,13,"(0.0, 0.0, 0.11679612853536596, 0.06920069129515957, 0.09172770611919409, 0.07489992963210028, 0.0, 0.0, 0.15070686276793688, 0.0)",1
13766,37,6,8,"(0.09369258606422372, 0.0, 0.08950620996642342, 0.09247639241939104, 0.09173902283359818, 0.0, 0.06826344941350267, 0.0, 0.0, 0.0)",226
13767,37,6,8,"(0.10568021297664217, 0.0, 0.08950620996642342, 0.09247639241939104, 0.09173902283359818, 0.0, 0.06826344941350267, 0.0, 0.0, 0.0)",1
13768,37,6,8,"(0.1395995670325153, 0.0, 0.08950620996642342, 0.09247639241939104, 0.09173902283359818, 0.0, 0.06826344941350267, 0.0, 0.0, 0.0)",6
13769,37,6,8,"(0.09369258606422372, 0.0, 0.08950620996642342, 0.10128475323672043, 0.09173902283359818, 0.0, 0.06826344941350267, 0.0, 0.0, 0.0)",4
13770,37,6,8,"(0.08829965453524319, 0.0, 0.08950620996642342, 0.09247639241939104, 0.09173902283359818, 0.0, 0.06826344941350267, 0.0, 0.0, 0.0)",133
13771,37,6,8,"(0.08286605455356424, 0.0, 0.08950620996642342, 0.09247639241939104, 0.09173902283359818, 0.0, 0.06826344941350267, 0.0, 0.0, 0.0)",2
13772,37,6,11,"(0.09033430006888621, 0.14970886995698662, 0.0, 0.0, 0.0, 0.04688669779969397, 0.0, 0.10772413432405313, 0.0, 0.031051048610206557)",1
13773,37,6,11,"(0.09033430006888621, 0.14970886995698662, 0.0, 0.0, 0.0, 0.04688669779969397, 0.0, 0.09523546217639671, 0.0, 0.01812760691895582)",268
13774,37,6,11,"(0.09033430006888621, 0.14970886995698662, 0.0, 0.0, 0.0, 0.04688669779969397, 0.0, 0.0653262486974494, 0.0, 0.01812760691895582)",2
13775,37,6,11,"(0.11339604561390622, 0.1390830088589002, 0.0, 0.0, 0.0, 0.04688669779969397, 0.0, 0.09523546217639671, 0.0, 0.031051048610206557)",1
13776,37,6,11,"(0.09033430006888621, 0.14970886995698662, 0.0, 0.0, 0.0, 0.04688669779969397, 0.0, 0.09964044563226866, 0.0, 0.01812760691895582)",1
13777,37,6,11,"(0.15860147756698653, 0.14970886995698662, 0.0, 0.0, 0.0, 0.04688669779969397, 0.0, 0.09523546217639671, 0.0, 0.01812760691895582)",2
13778,37,6,11,"(0.09033430006888621, 0.14970886995698662, 0.0, 0.0, 0.0, 0.04688669779969397, 0.0, 0.07601752835181905, 0.0, 0.031051048610206557)",2
13779,37,6,11,"(0.20205890991268793, 0.14970886995698662, 0.0, 0.0, 0.0, 0.04688669779969397, 0.0, 0.09523546217639671, 0.0, 0.023586100909938137)",1
13780,37,6,11,"(0.09033430006888621, 0.14970886995698662, 0.0, 0.0, 0.0, 0.04688669779969397, 0.0, 0.09523546217639671, 0.0, 0.031051048610206557)",119
13781,37,6,11,"(0.052827103914813864, 0.14970886995698662, 0.0, 0.0, 0.0, 0.04688669779969397, 0.0, 0.09523546217639671, 0.0, 0.01812760691895582)",1
13782,37,6,13,"(0.0, 0.0, 0.08672609382749537, 0.06920069129515957, 0.09172770611919409, 0.07489992963210028, 0.0, 0.0, 0.14899621190854193, 0.0)",1
13783,37,6,13,"(0.0, 0.0, 0.11679612853536596, 0.06920069129515957, 0.05887625781817141, 0.12770352404789267, 0.0, 0.0, 0.14899621190854193, 0.0)",4
13784,37,6,13,"(0.0, 0.0, 0.11679612853536596, 0.06920069129515957, 0.09172770611919409, 0.07489992963210028, 0.0, 0.0, 0.14899621190854193, 0.0)",170
13785,37,7,8,"(0.07765496072932489, 0.0, 0.08950620996642342, 0.09247639241939104, 0.09173902283359818, 0.0, 0.09936127509058425, 0.0, 0.0, 0.0)",1
13786,37,7,8,"(0.08829965453524319, 0.0, 0.06452258418302258, 0.09247639241939104, 0.09173902283359818, 0.0, 0.06826344941350267, 0.0, 0.0, 0.0)",2
13787,37,7,8,"(0.08829965453524319, 0.0, 0.1334130572270427, 0.09247639241939104, 0.09173902283359818, 0.0, 0.06826344941350267, 0.0, 0.0, 0.0)",1
13788,37,7,8,"(0.08829965453524319, 0.0, 0.08950620996642342, 0.07463361423777508, 0.09173902283359818, 0.0, 0.06826344941350267, 0.0, 0.0, 0.0)",1
13789,37,7,8,"(0.08829965453524319, 0.0, 0.08950620996642342, 0.04689360896174777, 0.09173902283359818, 0.0, 0.06826344941350267, 0.0, 0.0, 0.0)",4
13790,37,7,8,"(0.08829965453524319, 0.0, 0.08950620996642342, 0.09247639241939104, 0.06988384588682327, 0.0, 0.06826344941350267, 0.0, 0.0, 0.0)",3
13791,37,7,8,"(0.08829965453524319, 0.0, 0.08950620996642342, 0.09247639241939104, 0.09173902283359818, 0.0, 0.06826344941350267, 0.0, 0.0, 0.0)",245
13792,37,7,8,"(0.08829965453524319, 0.0, 0.08950620996642342, 0.1663251289958729, 0.09173902283359818, 0.0, 0.06826344941350267, 0.0, 0.0, 0.0)",2
13793,37,7,8,"(0.08457833852406953, 0.0, 0.08950620996642342, 0.09247639241939104, 0.09173902283359818, 0.0, 0.06826344941350267, 0.0, 0.0, 0.0)",12
13794,37,7,8,"(0.09369258606422372, 0.0, 0.08950620996642342, 0.09247639241939104, 0.09173902283359818, 0.0, 0.06826344941350267, 0.0, 0.0, 0.0)",38
13795,37,7,11,"(0.09033430006888621, 0.14970886995698662, 0.0, 0.0, 0.0, 0.04688669779969397, 0.0, 0.09523546217639671, 0.0, 0.029409630062033808)",4
13796,37,7,11,"(0.09033430006888621, 0.14970886995698662, 0.0, 0.0, 0.0, 0.04688669779969397, 0.0, 0.09523546217639671, 0.0, 0.034869316517939)",5
13797,37,7,11,"(0.09033430006888621, 0.14970886995698662, 0.0, 0.0, 0.0, 0.04688669779969397, 0.0, 0.09523546217639671, 0.0, 0.01812760691895582)",306
13798,37,7,11,"(0.09033430006888621, 0.14970886995698662, 0.0, 0.0, 0.0, 0.0702885254924885, 0.0, 0.09523546217639671, 0.0, 0.01812760691895582)",2
13799,37,7,11,"(0.047970201822431384, 0.14970886995698662, 0.0, 0.0, 0.0, 0.04688669779969397, 0.0, 0.09523546217639671, 0.0, 0.01812760691895582)",1
13800,37,7,11,"(0.19430067398916573, 0.14970886995698662, 0.0, 0.0, 0.0, 0.04688669779969397, 0.0, 0.09523546217639671, 0.0, 0.01812760691895582)",1
13801,37,7,11,"(0.11186282237789275, 0.14970886995698662, 0.0, 0.0, 0.0, 0.04688669779969397, 0.0, 0.09523546217639671, 0.0, 0.01812760691895582)",1
13802,37,7,11,"(0.0735415392246762, 0.14970886995698662, 0.0, 0.0, 0.0, 0.04688669779969397, 0.0, 0.09523546217639671, 0.0, 0.01812760691895582)",1
13803,37,7,11,"(0.09033430006888621, 0.12080187796643364, 0.0, 0.0, 0.0, 0.04688669779969397, 0.0, 0.09523546217639671, 0.0, 0.01812760691895582)",1
13804,37,7,11,"(0.09033430006888621, 0.14970886995698662, 0.0, 0.0, 0.0, 0.04688669779969397, 0.0, 0.09523546217639671, 0.0, 0.031051048610206557)",94
13805,37,7,11,"(0.09033430006888621, 0.14970886995698662, 0.0, 0.0, 0.0, 0.0416732042186207, 0.0, 0.09523546217639671, 0.0, 0.01812760691895582)",39
13806,37,7,13,"(0.0, 0.0, 0.11679612853536596, 0.06920069129515957, 0.09172770611919409, 0.06491422631027827, 0.0, 0.0, 0.14899621190854193, 0.0)",1
13807,37,7,13,"(0.0, 0.0, 0.11679612853536596, 0.07782512182922477, 0.09172770611919409, 0.07489992963210028, 0.0, 0.0, 0.14899621190854193, 0.0)",1
13808,37,7,13,"(0.0, 0.0, 0.11679612853536596, 0.06920069129515957, 0.09172770611919409, 0.07489992963210028, 0.0, 0.0, 0.14899621190854193, 0.0)",187
13809,37,7,13,"(0.0, 0.0, 0.11679612853536596, 0.08739325257353474, 0.09172770611919409, 0.07489992963210028, 0.0, 0.0, 0.14899621190854193, 0.0)",1
13810,37,8,8,"(0.05360079108121607, 0.0, 0.08950620996642342, 0.09247639241939104, 0.09173902283359818, 0.0, 0.06431027398634956, 0.0, 0.0, 0.0)",1
13811,37,8,8,"(0.08829965453524319, 0.0, 0.08950620996642342, 0.09247639241939104, 0.09173902283359818, 0.0, 0.06826344941350267, 0.0, 0.0, 0.0)",251
13812,37,8,8,"(0.09369258606422372, 0.0, 0.08950620996642342, 0.09247639241939104, 0.09173902283359818, 0.0, 0.06826344941350267, 0.0, 0.0, 0.0)",126
13813,37,8,8,"(0.0866360217862159, 0.0, 0.08950620996642342, 0.09247639241939104, 0.09173902283359818, 0.0, 0.06826344941350267, 0.0, 0.0, 0.0)",1
13814,37,8,8,"(0.10758729664708838, 0.0, 0.08950620996642342, 0.09247639241939104, 0.09173902283359818, 0.0, 0.06826344941350267, 0.0, 0.0, 0.0)",12
13815,37,8,11,"(0.09033430006888621, 0.14970886995698662, 0.0, 0.0, 0.0, 0.04688669779969397, 0.0, 0.09523546217639671, 0.0, 0.026744079779134056)",1
13816,37,8,11,"(0.09033430006888621, 0.14970886995698662, 0.0, 0.0, 0.0, 0.04688669779969397, 0.0, 0.07851631155931958, 0.0, 0.01812760691895582)",1
13817,37,8,11,"(0.09033430006888621, 0.16555934055530733, 0.0, 0.0, 0.0, 0.04688669779969397, 0.0, 0.10840575797380528, 0.0, 0.02559716628222556)",2
13818,37,8,11,"(0.09033430006888621, 0.14970886995698662, 0.0, 0.0, 0.0, 0.04688669779969397, 0.0, 0.09523546217639671, 0.0, 0.01812760691895582)",278
13819,37,8,11,"(0.1008054984720906, 0.14970886995698662, 0.0, 0.0, 0.0, 0.04688669779969397, 0.0, 0.09523546217639671, 0.0, 0.01812760691895582)",35
13820,37,8,11,"(0.09033430006888621, 0.14970886995698662, 0.0, 0.0, 0.0, 0.04688669779969397, 0.0, 0.09523546217639671, 0.0, 0.031051048610206557)",23
13821,37,8,13,"(0.0, 0.0, 0.11679612853536596, 0.06920069129515957, 0.09172770611919409, 0.07489992963210028, 0.0, 0.0, 0.14899621190854193, 0.0)",177
13822,37,8,13,"(0.0, 0.0, 0.11679612853536596, 0.06920069129515957, 0.09172770611919409, 0.07894857515951433, 0.0, 0.0, 0.14899621190854193, 0.0)",1
13823,37,8,13,"(0.0, 0.0, 0.11679612853536596, 0.06920069129515957, 0.07225342511013687, 0.07489992963210028, 0.0, 0.0, 0.14899621190854193, 0.0)",1
13824,37,9,8,"(0.09369258606422372, 0.0, 0.08405653076630912, 0.09247639241939104, 0.09173902283359818, 0.0, 0.06826344941350267, 0.0, 0.0, 0.0)",186
13825,37,9,8,"(0.08417502347885654, 0.0, 0.09525875459333372, 0.09247639241939104, 0.09173902283359818, 0.0, 0.06826344941350267, 0.0, 0.0, 0.0)",1
13826,37,9,8,"(0.09369258606422372, 0.0, 0.08950620996642342, 0.09247639241939104, 0.09173902283359818, 0.0, 0.06826344941350267, 0.0, 0.0, 0.0)",94
13827,37,9,8,"(0.09369258606422372, 0.0, 0.08405653076630912, 0.09518246799996939, 0.09173902283359818, 0.0, 0.06826344941350267, 0.0, 0.0, 0.0)",9
13828,37,9,8,"(0.04906805710486642, 0.0, 0.08405653076630912, 0.09247639241939104, 0.09173902283359818, 0.0, 0.06826344941350267, 0.0, 0.0, 0.0)",10
13829,37,9,8,"(0.11796957822718025, 0.0, 0.08950620996642342, 0.09247639241939104, 0.09173902283359818, 0.0, 0.06826344941350267, 0.0, 0.0, 0.0)",9
13830,37,9,11,"(0.09033430006888621, 0.14970886995698662, 0.0, 0.0, 0.0, 0.04688669779969397, 0.0, 0.09523546217639671, 0.0, 0.01812760691895582)",322
13831,37,9,11,"(0.09033430006888621, 0.14970886995698662, 0.0, 0.0, 0.0, 0.04688669779969397, 0.0, 0.09128544210966769, 0.0, 0.01523813992251509)",1
13832,37,9,11,"(0.09033430006888621, 0.14970886995698662, 0.0, 0.0, 0.0, 0.04688669779969397, 0.0, 0.09523546217639671, 0.0, 0.01523813992251509)",169
13833,37,9,13,"(0.0, 0.0, 0.09543197635296662, 0.06920069129515957, 0.09172770611919409, 0.07489992963210028, 0.0, 0.0, 0.14899621190854193, 0.0)",2
13834,37,9,13,"(0.0, 0.0, 0.06444598308954198, 0.06920069129515957, 0.09172770611919409, 0.07489992963210028, 0.0, 0.0, 0.14899621190854193, 0.0)",1
13835,37,9,13,"(0.0, 0.0, 0.11679612853536596, 0.06920069129515957, 0.09172770611919409, 0.07489992963210028, 0.0, 0.0, 0.14899621190854193, 0.0)",192
13836,37,10,8,"(0.06683857129715577, 0.0, 0.08950620996642342, 0.09247639241939104, 0.09173902283359818, 0.0, 0.06826344941350267, 0.0, 0.0, 0.0)",85
13837,37,10,8,"(0.09369258606422372, 0.0, 0.08950620996642342, 0.09247639241939104, 0.03025021545324809, 0.0, 0.06826344941350267, 0.0, 0.0, 0.0)",1
13838,37,10,8,"(0.09369258606422372, 0.0, 0.08405653076630912, 0.09247639241939104, 0.09173902283359818, 0.0, 0.06826344941350267, 0.0, 0.0, 0.0)",106
13839,37,10,8,"(0.09369258606422372, 0.0, 0.11301811027383465, 0.10582351816510914, 0.09173902283359818, 0.0, 0.06826344941350267, 0.0, 0.0, 0.0)",4
13840,37,10,8,"(0.09369258606422372, 0.0, 0.08950620996642342, 0.09247639241939104, 0.09173902283359818, 0.0, 0.06826344941350267, 0.0, 0.0, 0.0)",140
13841,37,10,8,"(0.09369258606422372, 0.0, 0.08950620996642342, 0.04892967992379729, 0.09173902283359818, 0.0, 0.06826344941350267, 0.0, 0.0, 0.0)",1
13842,37,10,8,"(0.04906805710486642, 0.0, 0.08405653076630912, 0.09247639241939104, 0.09173902283359818, 0.0, 0.06826344941350267, 0.0, 0.0, 0.0)",3
13843,37,10,11,"(0.09033430006888621, 0.14970886995698662, 0.0, 0.0, 0.0, 0.043578699822787226, 0.0, 0.11068755286719632, 0.0, 0.01812760691895582)",48
13844,37,10,11,"(0.09033430006888621, 0.14970886995698662, 0.0, 0.0, 0.0, 0.04688669779969397, 0.0, 0.09523546217639671, 0.0, 0.01523813992251509)",22
13845,37,10,11,"(0.09033430006888621, 0.14970886995698662, 0.0, 0.0, 0.0, 0.04688669779969397, 0.0, 0.09523546217639671, 0.0, 0.01812760691895582)",262
13846,37,10,11,"(0.09033430006888621, 0.14970886995698662, 0.0, 0.0, 0.0, 0.04688669779969397, 0.0, 0.09523546217639671, 0.0, 0.014989709735705863)",1
13847,37,10,11,"(0.09033430006888621, 0.14970886995698662, 0.0, 0.0, 0.0, 0.06254439687585332, 0.0, 0.09523546217639671, 0.0, 0.01812760691895582)",64
13848,37,10,11,"(0.09033430006888621, 0.14970886995698662, 0.0, 0.0, 0.0, 0.06254439687585332, 0.0, 0.09049611409115206, 0.0, 0.01812760691895582)",1
13849,37,10,11,"(0.09033430006888621, 0.14893446065140295, 0.0, 0.0, 0.0, 0.04688669779969397, 0.0, 0.09523546217639671, 0.0, 0.01812760691895582)",5
13850,37,10,11,"(0.09033430006888621, 0.1490842392093685, 0.0, 0.0, 0.0, 0.033750517636407205, 0.0, 0.09523546217639671, 0.0, 0.01812760691895582)",1
13851,37,10,13,"(0.0, 0.0, 0.11679612853536596, 0.06920069129515957, 0.09172770611919409, 0.07489992963210028, 0.0, 0.0, 0.13339826566122776, 0.0)",4
13852,37,10,13,"(0.0, 0.0, 0.08264147711453156, 0.06920069129515957, 0.09332416484899586, 0.07489992963210028, 0.0, 0.0, 0.14899621190854193, 0.0)",2
13853,37,10,13,"(0.0, 0.0, 0.05516593134358476, 0.06920069129515957, 0.09172770611919409, 0.07489992963210028, 0.0, 0.0, 0.14899621190854193, 0.0)",1
13854,37,10,13,"(0.0, 0.0, 0.11679612853536596, 0.06920069129515957, 0.13008391092259952, 0.07489992963210028, 0.0, 0.0, 0.14899621190854193, 0.0)",1
13855,37,10,13,"(0.0, 0.0, 0.11679612853536596, 0.06920069129515957, 0.09172770611919409, 0.07489992963210028, 0.0, 0.0, 0.14899621190854193, 0.0)",173
13856,37,10,13,"(0.0, 0.0, 0.15272004876967202, 0.06920069129515957, 0.09172770611919409, 0.07489992963210028, 0.0, 0.0, 0.14899621190854193, 0.0)",1
13857,37,10,13,"(0.0, 0.0, 0.11679612853536596, 0.06920069129515957, 0.09172770611919409, 0.06694312840084747, 0.0, 0.0, 0.14899621190854193, 0.0)",2
13858,37,10,13,"(0.0, 0.0, 0.05709987592122544, 0.06920069129515957, 0.09332416484899586, 0.07489992963210028, 0.0, 0.0, 0.14899621190854193, 0.0)",1
13859,37,11,8,"(0.06683857129715577, 0.0, 0.08950620996642342, 0.09247639241939104, 0.09173902283359818, 0.0, 0.06826344941350267, 0.0, 0.0, 0.0)",139
13860,37,11,8,"(0.09369258606422372, 0.0, 0.08405653076630912, 0.09247639241939104, 0.09173902283359818, 0.0, 0.06826344941350267, 0.0, 0.0, 0.0)",36
13861,37,11,8,"(0.07918032286651155, 0.0, 0.08405653076630912, 0.09247639241939104, 0.09173902283359818, 0.0, 0.0692324921417702, 0.0, 0.0, 0.0)",2
13862,37,11,8,"(0.09369258606422372, 0.0, 0.08950620996642342, 0.09247639241939104, 0.09173902283359818, 0.0, 0.06826344941350267, 0.0, 0.0, 0.0)",132
13863,37,11,11,"(0.09033430006888621, 0.14970886995698662, 0.0, 0.0, 0.0, 0.04688669779969397, 0.0, 0.07468200589554125, 0.0, 0.01812760691895582)",1
13864,37,11,11,"(0.09033430006888621, 0.14970886995698662, 0.0, 0.0, 0.0, 0.04688669779969397, 0.0, 0.09523546217639671, 0.0, 0.01523813992251509)",71
13865,37,11,11,"(0.09033430006888621, 0.2104665781521289, 0.0, 0.0, 0.0, 0.04688669779969397, 0.0, 0.09523546217639671, 0.0, 0.01812760691895582)",1
13866,37,11,11,"(0.09033430006888621, 0.14970886995698662, 0.0, 0.0, 0.0, 0.041182692928732625, 0.0, 0.09523546217639671, 0.0, 0.0172217888243477)",1
13867,37,11,11,"(0.09033430006888621, 0.14970886995698662, 0.0, 0.0, 0.0, 0.04688669779969397, 0.0, 0.08020390647941837, 0.0, 0.01812760691895582)",1
13868,37,11,11,"(0.16828636251357887, 0.14970886995698662, 0.0, 0.0, 0.0, 0.043578699822787226, 0.0, 0.08362176050415256, 0.0, 0.01812760691895582)",1
13869,37,11,11,"(0.09033430006888621, 0.14970886995698662, 0.0, 0.0, 0.0, 0.04688669779969397, 0.0, 0.09523546217639671, 0.0, 0.01812760691895582)",385
13870,37,11,11,"(0.09033430006888621, 0.14970886995698662, 0.0, 0.0, 0.0, 0.043578699822787226, 0.0, 0.11068755286719632, 0.0, 0.01812760691895582)",99
13871,37,11,11,"(0.09033430006888621, 0.14970886995698662, 0.0, 0.0, 0.0, 0.034943832070613044, 0.0, 0.09523546217639671, 0.0, 0.009047281977289533)",1
13872,37,11,13,"(0.0, 0.0, 0.11679612853536596, 0.06920069129515957, 0.09172770611919409, 0.07489992963210028, 0.0, 0.0, 0.14899621190854193, 0.0)",182
13873,37,12,8,"(0.0625736263090055, 0.0, 0.08950620996642342, 0.09247639241939104, 0.09173902283359818, 0.0, 0.06826344941350267, 0.0, 0.0, 0.0)",10
13874,37,12,8,"(0.09010320504668846, 0.0, 0.08950620996642342, 0.09247639241939104, 0.11726729222624256, 0.0, 0.04556001283256436, 0.0, 0.0, 0.0)",1
13875,37,12,8,"(0.09369258606422372, 0.0, 0.08950620996642342, 0.11612843176216493, 0.09173902283359818, 0.0, 0.06826344941350267, 0.0, 0.0, 0.0)",1
13876,37,12,8,"(0.09369258606422372, 0.0, 0.08950620996642342, 0.09247639241939104, 0.09173902283359818, 0.0, 0.06826344941350267, 0.0, 0.0, 0.0)",143
13877,37,12,8,"(0.08829965453524319, 0.0, 0.08950620996642342, 0.060544683614587244, 0.09173902283359818, 0.0, 0.06826344941350267, 0.0, 0.0, 0.0)",1
13878,37,12,8,"(0.08829965453524319, 0.0, 0.08950620996642342, 0.09247639241939104, 0.09173902283359818, 0.0, 0.06826344941350267, 0.0, 0.0, 0.0)",157
13879,37,12,8,"(0.18804850892966837, 0.0, 0.08950620996642342, 0.09247639241939104, 0.04260975390641224, 0.0, 0.06826344941350267, 0.0, 0.0, 0.0)",1
13880,37,12,8,"(0.08829965453524319, 0.0, 0.08950620996642342, 0.09247639241939104, 0.1025417585968128, 0.0, 0.06224389679818485, 0.0, 0.0, 0.0)",1
13881,37,12,11,"(0.10819307630086014, 0.14970886995698662, 0.0, 0.0, 0.0, 0.04688669779969397, 0.0, 0.09523546217639671, 0.0, 0.027227726273629075)",1
13882,37,12,11,"(0.09033430006888621, 0.14970886995698662, 0.0, 0.0, 0.0, 0.04688669779969397, 0.0, 0.09523546217639671, 0.0, 0.01812760691895582)",313
13883,37,12,11,"(0.09033430006888621, 0.14970886995698662, 0.0, 0.0, 0.0, 0.039444058412745696, 0.0, 0.09523546217639671, 0.0, 0.01812760691895582)",1
13884,37,12,11,"(0.1656984013489686, 0.14970886995698662, 0.0, 0.0, 0.0, 0.04688669779969397, 0.0, 0.09523546217639671, 0.0, 0.01812760691895582)",2
13885,37,12,11,"(0.09033430006888621, 0.14970886995698662, 0.0, 0.0, 0.0, 0.04688669779969397, 0.0, 0.09523546217639671, 0.0, 0.027311698709369368)",1
13886,37,12,11,"(0.09033430006888621, 0.14970886995698662, 0.0, 0.0, 0.0, 0.04688669779969397, 0.0, 0.07851631155931958, 0.0, 0.01812760691895582)",70
13887,37,12,11,"(0.09033430006888621, 0.14970886995698662, 0.0, 0.0, 0.0, 0.04688669779969397, 0.0, 0.08485872894004316, 0.0, 0.01812760691895582)",2
13888,37,12,11,"(0.09033430006888621, 0.14970886995698662, 0.0, 0.0, 0.0, 0.04688669779969397, 0.0, 0.10260374232319444, 0.0, 0.01812760691895582)",1
13889,37,12,11,"(0.09033430006888621, 0.17453635143904464, 0.0, 0.0, 0.0, 0.04688669779969397, 0.0, 0.09523546217639671, 0.0, 0.01812760691895582)",1
13890,37,12,11,"(0.09033430006888621, 0.14970886995698662, 0.0, 0.0, 0.0, 0.04688669779969397, 0.0, 0.09523546217639671, 0.0, 0.015126310640009634)",1
13891,37,12,11,"(0.09033430006888621, 0.14970886995698662, 0.0, 0.0, 0.0, 0.04688669779969397, 0.0, 0.09523546217639671, 0.0, 0.031051048610206557)",72
13892,37,12,11,"(0.09033430006888621, 0.14970886995698662, 0.0, 0.0, 0.0, 0.04688669779969397, 0.0, 0.11506120150914474, 0.0, 0.01812760691895582)",1
13893,37,12,11,"(0.10110319838543919, 0.18023572747510272, 0.0, 0.0, 0.0, 0.04688669779969397, 0.0, 0.09523546217639671, 0.0, 0.031051048610206557)",4
13894,37,12,13,"(0.0, 0.0, 0.11679612853536596, 0.08790626668783519, 0.047612328511878986, 0.0774554560513728, 0.0, 0.0, 0.2779114669623792, 0.0)",1
13895,37,12,13,"(0.0, 0.0, 0.11679612853536596, 0.06920069129515957, 0.09172770611919409, 0.07489992963210028, 0.0, 0.0, 0.17701872636954935, 0.0)",23
13896,37,12,13,"(0.0, 0.0, 0.04785669849597544, 0.06920069129515957, 0.09172770611919409, 0.07489992963210028, 0.0, 0.0, 0.14899621190854193, 0.0)",6
13897,37,12,13,"(0.0, 0.0, 0.11679612853536596, 0.06160432267130046, 0.18797546822277122, 0.14655500219599646, 0.0, 0.0, 0.14899621190854193, 0.0)",1
13898,37,12,13,"(0.0, 0.0, 0.11679612853536596, 0.19699461428366188, 0.09172770611919409, 0.07489992963210028, 0.0, 0.0, 0.14899621190854193, 0.0)",6
13899,37,12,13,"(0.0, 0.0, 0.11679612853536596, 0.08790626668783519, 0.047612328511878986, 0.0774554560513728, 0.0, 0.0, 0.1972759875625906, 0.0)",21
13900,37,12,13,"(0.0, 0.0, 0.11679612853536596, 0.06920069129515957, 0.09172770611919409, 0.07489992963210028, 0.0, 0.0, 0.14899621190854193, 0.0)",121
13901,37,13,8,"(0.09369258606422372, 0.0, 0.08950620996642342, 0.07330322267925769, 0.09173902283359818, 0.0, 0.06826344941350267, 0.0, 0.0, 0.0)",7
13902,37,13,8,"(0.09369258606422372, 0.0, 0.08950620996642342, 0.09247639241939104, 0.09173902283359818, 0.0, 0.06826344941350267, 0.0, 0.0, 0.0)",183
13903,37,13,8,"(0.08829965453524319, 0.0, 0.08950620996642342, 0.09247639241939104, 0.09173902283359818, 0.0, 0.06826344941350267, 0.0, 0.0, 0.0)",145
13904,37,13,8,"(0.10977604372024914, 0.0, 0.08950620996642342, 0.09247639241939104, 0.09173902283359818, 0.0, 0.06826344941350267, 0.0, 0.0, 0.0)",3
13905,37,13,8,"(0.08829965453524319, 0.0, 0.08599016044591308, 0.09247639241939104, 0.09173902283359818, 0.0, 0.06826344941350267, 0.0, 0.0, 0.0)",3
13906,37,13,8,"(0.07791841203750201, 0.0, 0.08950620996642342, 0.09247639241939104, 0.09173902283359818, 0.0, 0.062400092570671604, 0.0, 0.0, 0.0)",3
13907,37,13,8,"(0.09369258606422372, 0.0, 0.08950620996642342, 0.09247639241939104, 0.15540461246684353, 0.0, 0.06826344941350267, 0.0, 0.0, 0.0)",6
13908,37,13,11,"(0.09033430006888621, 0.14970886995698662, 0.0, 0.0, 0.0, 0.04688669779969397, 0.0, 0.07629831881387401, 0.0, 0.01812760691895582)",1
13909,37,13,11,"(0.09033430006888621, 0.09980186157808478, 0.0, 0.0, 0.0, 0.04688669779969397, 0.0, 0.09523546217639671, 0.0, 0.01812760691895582)",2
13910,37,13,11,"(0.09033430006888621, 0.14970886995698662, 0.0, 0.0, 0.0, 0.04688669779969397, 0.0, 0.08187761466567434, 0.0, 0.0200729748567585)",1
13911,37,13,11,"(0.09033430006888621, 0.14970886995698662, 0.0, 0.0, 0.0, 0.04688669779969397, 0.0, 0.07851631155931958, 0.0, 0.01812760691895582)",82
13912,37,13,11,"(0.09033430006888621, 0.14970886995698662, 0.0, 0.0, 0.0, 0.04688669779969397, 0.0, 0.09523546217639671, 0.0, 0.031051048610206557)",50
13913,37,13,11,"(0.05461699700888558, 0.14970886995698662, 0.0, 0.0, 0.0, 0.04688669779969397, 0.0, 0.09523546217639671, 0.0, 0.018414714064907092)",2
13914,37,13,11,"(0.09033430006888621, 0.14970886995698662, 0.0, 0.0, 0.0, 0.04688669779969397, 0.0, 0.09523546217639671, 0.0, 0.01812760691895582)",226
13915,37,13,11,"(0.09033430006888621, 0.24566764775103223, 0.0, 0.0, 0.0, 0.0793453951555584, 0.0, 0.09523546217639671, 0.0, 0.01812760691895582)",1
13916,37,13,13,"(0.0, 0.0, 0.11679612853536596, 0.1023208214833248, 0.09172770611919409, 0.07489992963210028, 0.0, 0.0, 0.14899621190854193, 0.0)",1
13917,37,13,13,"(0.0, 0.0, 0.11679612853536596, 0.08790626668783519, 0.047612328511878986, 0.0774554560513728, 0.0, 0.0, 0.1972759875625906, 0.0)",41
13918,37,13,13,"(0.0, 0.0, 0.11679612853536596, 0.06443941672265392, 0.09172770611919409, 0.07489992963210028, 0.0, 0.0, 0.14899621190854193, 0.0)",1
13919,37,13,13,"(0.0, 0.0, 0.10770554246621603, 0.06920069129515957, 0.09172770611919409, 0.07489992963210028, 0.0, 0.0, 0.14899621190854193, 0.0)",1
13920,37,13,13,"(0.0, 0.0, 0.11679612853536596, 0.06920069129515957, 0.09172770611919409, 0.07489992963210028, 0.0, 0.0, 0.20182560959868373, 0.0)",1
13921,37,13,13,"(0.0, 0.0, 0.11679612853536596, 0.06920069129515957, 0.09172770611919409, 0.07489992963210028, 0.0, 0.0, 0.14899621190854193, 0.0)",105
13922,37,14,8,"(0.1347587625552706, 0.0, 0.08950620996642342, 0.09247639241939104, 0.09173902283359818, 0.0, 0.06826344941350267, 0.0, 0.0, 0.0)",1
13923,37,14,8,"(0.08829965453524319, 0.0, 0.08950620996642342, 0.09247639241939104, 0.09173902283359818, 0.0, 0.06826344941350267, 0.0, 0.0, 0.0)",115
13924,37,14,8,"(0.09369258606422372, 0.0, 0.08950620996642342, 0.09247639241939104, 0.09173902283359818, 0.0, 0.06826344941350267, 0.0, 0.0, 0.0)",174
13925,37,14,8,"(0.09369258606422372, 0.0, 0.0698408217724412, 0.09247639241939104, 0.09173902283359818, 0.0, 0.06826344941350267, 0.0, 0.0, 0.0)",1
13926,37,14,11,"(0.09033430006888621, 0.2753237949843863, 0.0, 0.0, 0.0, 0.04688669779969397, 0.0, 0.09523546217639671, 0.0, 0.01812760691895582)",1
13927,37,14,11,"(0.09033430006888621, 0.14970886995698662, 0.0, 0.0, 0.0, 0.04688669779969397, 0.0, 0.09030720688081306, 0.0, 0.031051048610206557)",43
13928,37,14,11,"(0.14553839008288114, 0.14970886995698662, 0.0, 0.0, 0.0, 0.0961268555719031, 0.0, 0.09523546217639671, 0.0, 0.031051048610206557)",1
13929,37,14,11,"(0.09033430006888621, 0.14970886995698662, 0.0, 0.0, 0.0, 0.04688669779969397, 0.0, 0.09523546217639671, 0.0, 0.031051048610206557)",70
13930,37,14,11,"(0.09033430006888621, 0.14970886995698662, 0.0, 0.0, 0.0, 0.04688669779969397, 0.0, 0.09523546217639671, 0.0, 0.01812760691895582)",332
13931,37,14,11,"(0.09033430006888621, 0.14970886995698662, 0.0, 0.0, 0.0, 0.04688669779969397, 0.0, 0.07851631155931958, 0.0, 0.01812760691895582)",51
13932,37,14,11,"(0.09033430006888621, 0.14970886995698662, 0.0, 0.0, 0.0, 0.04688669779969397, 0.0, 0.060662360703737116, 0.0, 0.01812760691895582)",1
13933,37,14,11,"(0.09033430006888621, 0.14970886995698662, 0.0, 0.0, 0.0, 0.04688669779969397, 0.0, 0.12344623101698697, 0.0, 0.01812760691895582)",1
13934,37,14,11,"(0.062311363227361846, 0.14970886995698662, 0.0, 0.0, 0.0, 0.0353733999813465, 0.0, 0.09523546217639671, 0.0, 0.031051048610206557)",1
13935,37,14,11,"(0.09033430006888621, 0.14970886995698662, 0.0, 0.0, 0.0, 0.04688669779969397, 0.0, 0.09523546217639671, 0.0, 0.016695289064744663)",1
13936,37,14,11,"(0.09033430006888621, 0.14970886995698662, 0.0, 0.0, 0.0, 0.04688669779969397, 0.0, 0.11816915392173431, 0.0, 0.01812760691895582)",1
13937,37,14,13,"(0.0, 0.0, 0.11679612853536596, 0.06920069129515957, 0.09172770611919409, 0.07489992963210028, 0.0, 0.0, 0.14899621190854193, 0.0)",159
13938,37,14,13,"(0.0, 0.0, 0.11679612853536596, 0.06920069129515957, 0.08277977436199936, 0.07489992963210028, 0.0, 0.0, 0.17701872636954935, 0.0)",2
13939,37,14,13,"(0.0, 0.0, 0.07608462025288126, 0.06920069129515957, 0.09172770611919409, 0.07489992963210028, 0.0, 0.0, 0.14899621190854193, 0.0)",2
13940,37,14,13,"(0.0, 0.0, 0.13453769135973417, 0.06920069129515957, 0.09172770611919409, 0.07489992963210028, 0.0, 0.0, 0.14899621190854193, 0.0)",2
13941,37,15,8,"(0.08829965453524319, 0.0, 0.08950620996642342, 0.09247639241939104, 0.09173902283359818, 0.0, 0.06826344941350267, 0.0, 0.0, 0.0)",22
13942,37,15,8,"(0.09369258606422372, 0.0, 0.08950620996642342, 0.11282050566807336, 0.09173902283359818, 0.0, 0.06826344941350267, 0.0, 0.0, 0.0)",4
13943,37,15,8,"(0.09369258606422372, 0.0, 0.08950620996642342, 0.12739592341555514, 0.11816899184516888, 0.0, 0.06826344941350267, 0.0, 0.0, 0.0)",5
13944,37,15,8,"(0.09369258606422372, 0.0, 0.08950620996642342, 0.09247639241939104, 0.09173902283359818, 0.0, 0.06826344941350267, 0.0, 0.0, 0.0)",254
13945,37,15,8,"(0.09369258606422372, 0.0, 0.08950620996642342, 0.09247639241939104, 0.10651757049743897, 0.0, 0.06826344941350267, 0.0, 0.0, 0.0)",1
13946,37,15,8,"(0.09369258606422372, 0.0, 0.08950620996642342, 0.09247639241939104, 0.11816899184516888, 0.0, 0.07719247240615625, 0.0, 0.0, 0.0)",1
13947,37,15,8,"(0.09369258606422372, 0.0, 0.08950620996642342, 0.09247639241939104, 0.11816899184516888, 0.0, 0.06826344941350267, 0.0, 0.0, 0.0)",79
13948,37,15,8,"(0.09369258606422372, 0.0, 0.08950620996642342, 0.09247639241939104, 0.09173902283359818, 0.0, 0.03778982786592948, 0.0, 0.0, 0.0)",3
13949,37,15,11,"(0.09033430006888621, 0.13832848641481688, 0.0, 0.0, 0.0, 0.04069289391063488, 0.0, 0.09523546217639671, 0.0, 0.01812760691895582)",2
13950,37,15,11,"(0.09033430006888621, 0.14970886995698662, 0.0, 0.0, 0.0, 0.04069289391063488, 0.0, 0.09523546217639671, 0.0, 0.01812760691895582)",137
13951,37,15,11,"(0.09033430006888621, 0.14970886995698662, 0.0, 0.0, 0.0, 0.09696112710927865, 0.0, 0.09523546217639671, 0.0, 0.01812760691895582)",2
13952,37,15,11,"(0.09033430006888621, 0.14970886995698662, 0.0, 0.0, 0.0, 0.04069289391063488, 0.0, 0.09523546217639671, 0.0, 0.016270820610708506)",2
13953,37,15,11,"(0.09033430006888621, 0.14970886995698662, 0.0, 0.0, 0.0, 0.04688669779969397, 0.0, 0.09523546217639671, 0.0, 0.01812760691895582)",224
13954,37,15,11,"(0.06608949674646085, 0.14970886995698662, 0.0, 0.0, 0.0, 0.05347791493747659, 0.0, 0.09523546217639671, 0.0, 0.01812760691895582)",1
13955,37,15,11,"(0.07883818723502807, 0.14970886995698662, 0.0, 0.0, 0.0, 0.04069289391063488, 0.0, 0.09523546217639671, 0.0, 0.01812760691895582)",3
13956,37,15,11,"(0.10869636200394217, 0.14970886995698662, 0.0, 0.0, 0.0, 0.04688669779969397, 0.0, 0.09523546217639671, 0.0, 0.01812760691895582)",1
13957,37,15,11,"(0.09033430006888621, 0.14970886995698662, 0.0, 0.0, 0.0, 0.04688669779969397, 0.0, 0.059798784640871475, 0.0, 0.031051048610206557)",3
13958,37,15,11,"(0.09033430006888621, 0.14970886995698662, 0.0, 0.0, 0.0, 0.03934679524975875, 0.0, 0.09523546217639671, 0.0, 0.01812760691895582)",1
13959,37,15,13,"(0.0, 0.0, 0.11679612853536596, 0.06920069129515957, 0.09172770611919409, 0.07489992963210028, 0.0, 0.0, 0.14899621190854193, 0.0)",171
13960,37,15,13,"(0.0, 0.0, 0.1328907903838961, 0.06920069129515957, 0.09172770611919409, 0.07489992963210028, 0.0, 0.0, 0.14899621190854193, 0.0)",3
13961,37,16,8,"(0.09369258606422372, 0.0, 0.08950620996642342, 0.09247639241939104, 0.09173902283359818, 0.0, 0.06826344941350267, 0.0, 0.0, 0.0)",85
13962,37,16,8,"(0.08829965453524319, 0.0, 0.08950620996642342, 0.09247639241939104, 0.09173902283359818, 0.0, 0.06826344941350267, 0.0, 0.0, 0.0)",47
13963,37,16,8,"(0.09369258606422372, 0.0, 0.08950620996642342, 0.09247639241939104, 0.06943363177297004, 0.0, 0.046204387109060344, 0.0, 0.0, 0.0)",1
13964,37,16,8,"(0.09369258606422372, 0.0, 0.08950620996642342, 0.09247639241939104, 0.11816899184516888, 0.0, 0.06826344941350267, 0.0, 0.0, 0.0)",103
13965,37,16,8,"(0.09369258606422372, 0.0, 0.08950620996642342, 0.12220816173121389, 0.11816899184516888, 0.0, 0.06826344941350267, 0.0, 0.0, 0.0)",1
13966,37,16,8,"(0.09369258606422372, 0.0, 0.08950620996642342, 0.09247639241939104, 0.06843660792242898, 0.0, 0.06826344941350267, 0.0, 0.0, 0.0)",6
13967,37,16,8,"(0.09369258606422372, 0.0, 0.08950620996642342, 0.09247639241939104, 0.06943363177297004, 0.0, 0.06826344941350267, 0.0, 0.0, 0.0)",63
13968,37,16,11,"(0.09033430006888621, 0.14970886995698662, 0.0, 0.0, 0.0, 0.04069289391063488, 0.0, 0.09523546217639671, 0.0, 0.01812760691895582)",109
13969,37,16,11,"(0.09033430006888621, 0.14970886995698662, 0.0, 0.0, 0.0, 0.04688669779969397, 0.0, 0.09523546217639671, 0.0, 0.01812760691895582)",301
13970,37,16,11,"(0.09033430006888621, 0.14970886995698662, 0.0, 0.0, 0.0, 0.04688669779969397, 0.0, 0.09523546217639671, 0.0, 0.0169645698547389)",1
13971,37,16,11,"(0.09401174007883964, 0.14970886995698662, 0.0, 0.0, 0.0, 0.04688669779969397, 0.0, 0.1122332616645805, 0.0, 0.01812760691895582)",1
13972,37,16,11,"(0.09033430006888621, 0.09411995800586315, 0.0, 0.0, 0.0, 0.034170700333611144, 0.0, 0.09523546217639671, 0.0, 0.01812760691895582)",8
13973,37,16,11,"(0.15012134312581998, 0.14970886995698662, 0.0, 0.0, 0.0, 0.04688669779969397, 0.0, 0.09523546217639671, 0.0, 0.01812760691895582)",10
13974,37,16,13,"(0.0, 0.0, 0.11679612853536596, 0.06920069129515957, 0.09172770611919409, 0.07489992963210028, 0.0, 0.0, 0.14899621190854193, 0.0)",207
13975,37,17,8,"(0.1462405645250919, 0.0, 0.08950620996642342, 0.09247639241939104, 0.09173902283359818, 0.0, 0.06826344941350267, 0.0, 0.0, 0.0)",1
13976,37,17,8,"(0.08829965453524319, 0.0, 0.08950620996642342, 0.09247639241939104, 0.09173902283359818, 0.0, 0.06826344941350267, 0.0, 0.0, 0.0)",10
13977,37,17,8,"(0.09369258606422372, 0.0, 0.08950620996642342, 0.09247639241939104, 0.09173902283359818, 0.0, 0.06826344941350267, 0.0, 0.0, 0.0)",233
13978,37,17,8,"(0.09369258606422372, 0.0, 0.08950620996642342, 0.05868954988345606, 0.09173902283359818, 0.0, 0.06826344941350267, 0.0, 0.0, 0.0)",1
13979,37,17,8,"(0.09369258606422372, 0.0, 0.08950620996642342, 0.09247639241939104, 0.06943363177297004, 0.0, 0.06826344941350267, 0.0, 0.0, 0.0)",18
13980,37,17,8,"(0.09369258606422372, 0.0, 0.08950620996642342, 0.09247639241939104, 0.11816899184516888, 0.0, 0.06826344941350267, 0.0, 0.0, 0.0)",47
13981,37,17,8,"(0.09369258606422372, 0.0, 0.08950620996642342, 0.09247639241939104, 0.12474851213103566, 0.0, 0.06826344941350267, 0.0, 0.0, 0.0)",1
13982,37,17,11,"(0.11753340281989223, 0.14970886995698662, 0.0, 0.0, 0.0, 0.05747244837317528, 0.0, 0.09523546217639671, 0.0, 0.01812760691895582)",1
13983,37,17,11,"(0.05895988328663123, 0.14970886995698662, 0.0, 0.0, 0.0, 0.04069289391063488, 0.0, 0.09523546217639671, 0.0, 0.02282223892657265)",1
13984,37,17,11,"(0.09033430006888621, 0.10952289436331555, 0.0, 0.0, 0.0, 0.055410585115536266, 0.0, 0.09523546217639671, 0.0, 0.02396131417086461)",1
13985,37,17,11,"(0.09033430006888621, 0.14970886995698662, 0.0, 0.0, 0.0, 0.03261362353552298, 0.0, 0.09523546217639671, 0.0, 0.01812760691895582)",3
13986,37,17,11,"(0.09033430006888621, 0.14970886995698662, 0.0, 0.0, 0.0, 0.04688669779969397, 0.0, 0.09523546217639671, 0.0, 0.01812760691895582)",324
13987,37,17,11,"(0.09033430006888621, 0.14970886995698662, 0.0, 0.0, 0.0, 0.034594062565054096, 0.0, 0.09523546217639671, 0.0, 0.01812760691895582)",1
13988,37,17,11,"(0.14577234007240242, 0.14970886995698662, 0.0, 0.0, 0.0, 0.04069289391063488, 0.0, 0.09523546217639671, 0.0, 0.01812760691895582)",1
13989,37,17,11,"(0.07614188476897082, 0.14970886995698662, 0.0, 0.0, 0.0, 0.04069289391063488, 0.0, 0.09523546217639671, 0.0, 0.01812760691895582)",1
13990,37,17,11,"(0.09033430006888621, 0.14970886995698662, 0.0, 0.0, 0.0, 0.04688669779969397, 0.0, 0.09523546217639671, 0.0, 0.031051048610206557)",14
13991,37,17,11,"(0.09033430006888621, 0.14970886995698662, 0.0, 0.0, 0.0, 0.04069289391063488, 0.0, 0.09523546217639671, 0.0, 0.01812760691895582)",138
13992,37,17,11,"(0.09033430006888621, 0.08246444717312738, 0.0, 0.0, 0.0, 0.04069289391063488, 0.0, 0.09523546217639671, 0.0, 0.01812760691895582)",1
13993,37,17,13,"(0.0, 0.0, 0.11679612853536596, 0.06920069129515957, 0.09172770611919409, 0.08260712731348585, 0.0, 0.0, 0.14899621190854193, 0.0)",1
13994,37,17,13,"(0.0, 0.0, 0.11679612853536596, 0.06920069129515957, 0.09172770611919409, 0.07489992963210028, 0.0, 0.0, 0.14899621190854193, 0.0)",179
13995,37,17,13,"(0.0, 0.0, 0.11679612853536596, 0.09517323938498863, 0.09172770611919409, 0.07489992963210028, 0.0, 0.0, 0.14899621190854193, 0.0)",2
13996,37,17,13,"(0.0, 0.0, 0.11958533760556216, 0.06920069129515957, 0.09172770611919409, 0.07489992963210028, 0.0, 0.0, 0.14899621190854193, 0.0)",1
13997,37,17,13,"(0.0, 0.0, 0.11679612853536596, 0.06920069129515957, 0.11806504926963607, 0.07489992963210028, 0.0, 0.0, 0.14899621190854193, 0.0)",2
13998,37,18,8,"(0.09369258606422372, 0.0, 0.08950620996642342, 0.09247639241939104, 0.15792449940807632, 0.0, 0.06826344941350267, 0.0, 0.0, 0.0)",6
13999,37,18,8,"(0.04919488334611939, 0.0, 0.08950620996642342, 0.09247639241939104, 0.09173902283359818, 0.0, 0.06826344941350267, 0.0, 0.0, 0.0)",2
14000,37,18,8,"(0.09369258606422372, 0.0, 0.08950620996642342, 0.09247639241939104, 0.09173902283359818, 0.0, 0.06826344941350267, 0.0, 0.0, 0.0)",309
14001,37,18,8,"(0.09369258606422372, 0.0, 0.08538830812944224, 0.0870075126117389, 0.09173902283359818, 0.0, 0.06826344941350267, 0.0, 0.0, 0.0)",2
14002,37,18,8,"(0.09369258606422372, 0.0, 0.08950620996642342, 0.09247639241939104, 0.11377464833301187, 0.0, 0.06826344941350267, 0.0, 0.0, 0.0)",3
14003,37,18,8,"(0.23966571463198455, 0.0, 0.12714973138091515, 0.09247639241939104, 0.09173902283359818, 0.0, 0.06826344941350267, 0.0, 0.0, 0.0)",1
14004,37,18,8,"(0.09369258606422372, 0.0, 0.08950620996642342, 0.09247639241939104, 0.1062210578007841, 0.0, 0.06826344941350267, 0.0, 0.0, 0.0)",1
14005,37,18,11,"(0.09033430006888621, 0.14970886995698662, 0.0, 0.0, 0.0, 0.04537957441876234, 0.0, 0.09523546217639671, 0.0, 0.01812760691895582)",28
14006,37,18,11,"(0.09033430006888621, 0.14970886995698662, 0.0, 0.0, 0.0, 0.04688669779969397, 0.0, 0.08089560217881916, 0.0, 0.01812760691895582)",3
14007,37,18,11,"(0.1536149771231986, 0.14970886995698662, 0.0, 0.0, 0.0, 0.06490156716873675, 0.0, 0.09523546217639671, 0.0, 0.01812760691895582)",1
14008,37,18,11,"(0.09033430006888621, 0.14970886995698662, 0.0, 0.0, 0.0, 0.04688669779969397, 0.0, 0.09523546217639671, 0.0, 0.01812760691895582)",356
14009,37,18,11,"(0.09033430006888621, 0.14970886995698662, 0.0, 0.0, 0.0, 0.0450396512585233, 0.0, 0.1016519997870862, 0.0, 0.01812760691895582)",2
14010,37,18,11,"(0.09033430006888621, 0.14970886995698662, 0.0, 0.0, 0.0, 0.04688669779969397, 0.0, 0.15105633227720872, 0.0, 0.01812760691895582)",1
14011,37,18,11,"(0.09033430006888621, 0.13012782598500297, 0.0, 0.0, 0.0, 0.04688669779969397, 0.0, 0.09523546217639671, 0.0, 0.01812760691895582)",2
14012,37,18,11,"(0.09033430006888621, 0.14970886995698662, 0.0, 0.0, 0.0, 0.043578699822787226, 0.0, 0.11068755286719632, 0.0, 0.01812760691895582)",22
14013,37,18,11,"(0.09033430006888621, 0.13423599691486723, 0.0, 0.0, 0.0, 0.043578699822787226, 0.0, 0.04310996140999035, 0.0, 0.01812760691895582)",1
14014,37,18,13,"(0.0, 0.0, 0.11679612853536596, 0.06920069129515957, 0.09172770611919409, 0.07489992963210028, 0.0, 0.0, 0.14899621190854193, 0.0)",175
14015,37,18,13,"(0.0, 0.0, 0.11679612853536596, 0.06920069129515957, 0.09172770611919409, 0.056562379555228345, 0.0, 0.0, 0.14899621190854193, 0.0)",1
14016,37,18,13,"(0.0, 0.0, 0.11679612853536596, 0.06920069129515957, 0.09172770611919409, 0.07890661085587333, 0.0, 0.0, 0.14899621190854193, 0.0)",1
14017,37,19,8,"(0.07180139223488678, 0.0, 0.08950620996642342, 0.06366835210704432, 0.09173902283359818, 0.0, 0.052318058179579734, 0.0, 0.0, 0.0)",1
14018,37,19,8,"(0.09369258606422372, 0.0, 0.08950620996642342, 0.09247639241939104, 0.17248574309643308, 0.0, 0.06826344941350267, 0.0, 0.0, 0.0)",1
14019,37,19,8,"(0.09369258606422372, 0.0, 0.08950620996642342, 0.09247639241939104, 0.09173902283359818, 0.0, 0.06826344941350267, 0.0, 0.0, 0.0)",279
14020,37,19,8,"(0.09369258606422372, 0.0, 0.08950620996642342, 0.09247639241939104, 0.09173902283359818, 0.0, 0.052318058179579734, 0.0, 0.0, 0.0)",53
14021,37,19,8,"(0.09369258606422372, 0.0, 0.08950620996642342, 0.09247639241939104, 0.04952467045289741, 0.0, 0.06826344941350267, 0.0, 0.0, 0.0)",1
14022,37,19,8,"(0.09369258606422372, 0.0, 0.08950620996642342, 0.0874942289364353, 0.09173902283359818, 0.0, 0.04323800676576034, 0.0, 0.0, 0.0)",4
14023,37,19,8,"(0.07208047788593967, 0.0, 0.08950620996642342, 0.03764779540772175, 0.09173902283359818, 0.0, 0.10686261863248585, 0.0, 0.0, 0.0)",1
14024,37,19,11,"(0.09033430006888621, 0.14970886995698662, 0.0, 0.0, 0.0, 0.043578699822787226, 0.0, 0.11068755286719632, 0.0, 0.01812760691895582)",20
14025,37,19,11,"(0.2020987304408172, 0.14970886995698662, 0.0, 0.0, 0.0, 0.04688669779969397, 0.0, 0.09523546217639671, 0.0, 0.01812760691895582)",2
14026,37,19,11,"(0.09185338737609845, 0.14970886995698662, 0.0, 0.0, 0.0, 0.04688669779969397, 0.0, 0.09523546217639671, 0.0, 0.02770729860045895)",1
14027,37,19,11,"(0.09033430006888621, 0.14970886995698662, 0.0, 0.0, 0.0, 0.04688669779969397, 0.0, 0.09523546217639671, 0.0, 0.01812760691895582)",442
14028,37,19,11,"(0.09033430006888621, 0.14970886995698662, 0.0, 0.0, 0.0, 0.05838777028472535, 0.0, 0.09523546217639671, 0.0, 0.01812760691895582)",1
14029,37,19,11,"(0.06621917159383041, 0.09829124229989887, 0.0, 0.0, 0.0, 0.04688669779969397, 0.0, 0.0715188810341873, 0.0, 0.01812760691895582)",3
14030,37,19,11,"(0.09033430006888621, 0.14970886995698662, 0.0, 0.0, 0.0, 0.04688669779969397, 0.0, 0.09523546217639671, 0.0, 0.018620592533212667)",1
14031,37,19,11,"(0.09033430006888621, 0.14970886995698662, 0.0, 0.0, 0.0, 0.04537957441876234, 0.0, 0.09523546217639671, 0.0, 0.01812760691895582)",13
14032,37,19,11,"(0.12465082433434906, 0.14970886995698662, 0.0, 0.0, 0.0, 0.04537957441876234, 0.0, 0.09523546217639671, 0.0, 0.01812760691895582)",1
14033,37,19,13,"(0.0, 0.0, 0.11679612853536596, 0.06920069129515957, 0.13617018314958518, 0.05886005694246897, 0.0, 0.0, 0.14899621190854193, 0.0)",2
14034,37,19,13,"(0.0, 0.0, 0.11679612853536596, 0.06920069129515957, 0.09172770611919409, 0.07489992963210028, 0.0, 0.0, 0.14899621190854193, 0.0)",143
14035,37,19,13,"(0.0, 0.0, 0.11679612853536596, 0.06920069129515957, 0.09172770611919409, 0.04025859900715511, 0.0, 0.0, 0.14899621190854193, 0.0)",2
14036,37,20,8,"(0.09369258606422372, 0.0, 0.08950620996642342, 0.09247639241939104, 0.09173902283359818, 0.0, 0.052318058179579734, 0.0, 0.0, 0.0)",15
14037,37,20,8,"(0.09369258606422372, 0.0, 0.18608154865925336, 0.09247639241939104, 0.09173902283359818, 0.0, 0.06826344941350267, 0.0, 0.0, 0.0)",7
14038,37,20,8,"(0.09369258606422372, 0.0, 0.08950620996642342, 0.09247639241939104, 0.09173902283359818, 0.0, 0.06826344941350267, 0.0, 0.0, 0.0)",337
14039,37,20,11,"(0.049243935611962206, 0.14970886995698662, 0.0, 0.0, 0.0, 0.04688669779969397, 0.0, 0.09523546217639671, 0.0, 0.01812760691895582)",2
14040,37,20,11,"(0.09033430006888621, 0.14970886995698662, 0.0, 0.0, 0.0, 0.02364010996218068, 0.0, 0.09523546217639671, 0.0, 0.01812760691895582)",2
14041,37,20,11,"(0.09033430006888621, 0.14970886995698662, 0.0, 0.0, 0.0, 0.04688669779969397, 0.0, 0.046125529225270724, 0.0, 0.01812760691895582)",2
14042,37,20,11,"(0.09033430006888621, 0.14970886995698662, 0.0, 0.0, 0.0, 0.04688669779969397, 0.0, 0.09523546217639671, 0.0, 0.024841730531455806)",2
14043,37,20,11,"(0.09033430006888621, 0.11502620229713964, 0.0, 0.0, 0.0, 0.04688669779969397, 0.0, 0.09523546217639671, 0.0, 0.01812760691895582)",1
14044,37,20,11,"(0.09033430006888621, 0.14970886995698662, 0.0, 0.0, 0.0, 0.04688669779969397, 0.0, 0.09523546217639671, 0.0, 0.01812760691895582)",394
14045,37,20,11,"(0.04890199447161779, 0.14970886995698662, 0.0, 0.0, 0.0, 0.04688669779969397, 0.0, 0.09523546217639671, 0.0, 0.01812760691895582)",1
14046,37,20,11,"(0.09033430006888621, 0.10712152182813911, 0.0, 0.0, 0.0, 0.02320575126548285, 0.0, 0.10615614256267639, 0.0, 0.01812760691895582)",1
14047,37,20,11,"(0.1408129875368887, 0.14970886995698662, 0.0, 0.0, 0.0, 0.025286573646726426, 0.0, 0.09523546217639671, 0.0, 0.01812760691895582)",1
14048,37,20,13,"(0.0, 0.0, 0.11679612853536596, 0.06920069129515957, 0.09172770611919409, 0.07489992963210028, 0.0, 0.0, 0.14899621190854193, 0.0)",181
14049,37,20,13,"(0.0, 0.0, 0.11679612853536596, 0.04481811861752588, 0.09172770611919409, 0.07489992963210028, 0.0, 0.0, 0.14899621190854193, 0.0)",1
14050,37,20,13,"(0.0, 0.0, 0.20172243145924307, 0.06920069129515957, 0.09172770611919409, 0.07489992963210028, 0.0, 0.0, 0.14899621190854193, 0.0)",1
14051,38,0,8,"(0.08829965453524319, 0.0, 0.10956921989969828, 0.0703855470973182, 0.0776826501401381, 0.0, 0.06826344941350267, 0.0, 0.0, 0.0)",5
14052,38,0,8,"(0.09369258606422372, 0.0, 0.08950620996642342, 0.08532056162745146, 0.06311517792642399, 0.0, 0.06826344941350267, 0.0, 0.0, 0.0)",22
14053,38,0,8,"(0.09369258606422372, 0.0, 0.08950620996642342, 0.09247639241939104, 0.09173902283359818, 0.0, 0.06826344941350267, 0.0, 0.0, 0.0)",226
14054,38,0,8,"(0.08829965453524319, 0.0, 0.08950620996642342, 0.09247639241939104, 0.09173902283359818, 0.0, 0.06826344941350267, 0.0, 0.0, 0.0)",65
14055,38,0,11,"(0.09033430006888621, 0.14970886995698662, 0.0, 0.0, 0.0, 0.04688669779969397, 0.0, 0.10194577475168133, 0.0, 0.01839189103984854)",1
14056,38,0,11,"(0.09033430006888621, 0.14970886995698662, 0.0, 0.0, 0.0, 0.028903789048161387, 0.0, 0.07851631155931958, 0.0, 0.01812760691895582)",1
14057,38,0,11,"(0.11828037697628863, 0.14970886995698662, 0.0, 0.0, 0.0, 0.04688669779969397, 0.0, 0.07851631155931958, 0.0, 0.01812760691895582)",1
14058,38,0,11,"(0.09033430006888621, 0.15186715160580663, 0.0, 0.0, 0.0, 0.04688669779969397, 0.0, 0.07851631155931958, 0.0, 0.01812760691895582)",1
14059,38,0,11,"(0.09033430006888621, 0.14970886995698662, 0.0, 0.0, 0.0, 0.04688669779969397, 0.0, 0.07851631155931958, 0.0, 0.01812760691895582)",213
14060,38,0,11,"(0.05275056008524249, 0.14970886995698662, 0.0, 0.0, 0.0, 0.04688669779969397, 0.0, 0.07851631155931958, 0.0, 0.013702623128813814)",1
14061,38,0,11,"(0.09033430006888621, 0.14970886995698662, 0.0, 0.0, 0.0, 0.04688669779969397, 0.0, 0.09523546217639671, 0.0, 0.031051048610206557)",139
14062,38,0,11,"(0.09033430006888621, 0.14970886995698662, 0.0, 0.0, 0.0, 0.04688669779969397, 0.0, 0.09523546217639671, 0.0, 0.01812760691895582)",114
14063,38,0,11,"(0.09033430006888621, 0.14970886995698662, 0.0, 0.0, 0.0, 0.04688669779969397, 0.0, 0.09523546217639671, 0.0, 0.023401741976847443)",1
14064,38,0,13,"(0.0, 0.0, 0.11679612853536596, 0.06920069129515957, 0.08740879602620487, 0.07489992963210028, 0.0, 0.0, 0.14899621190854193, 0.0)",1
14065,38,0,13,"(0.0, 0.0, 0.11679612853536596, 0.06920069129515957, 0.09172770611919409, 0.07489992963210028, 0.0, 0.0, 0.14899621190854193, 0.0)",165
14066,38,1,8,"(0.09369258606422372, 0.0, 0.08950620996642342, 0.09247639241939104, 0.1897524233033657, 0.0, 0.06826344941350267, 0.0, 0.0, 0.0)",1
14067,38,1,8,"(0.09369258606422372, 0.0, 0.08950620996642342, 0.09247639241939104, 0.09173902283359818, 0.0, 0.06826344941350267, 0.0, 0.0, 0.0)",181
14068,38,1,8,"(0.09369258606422372, 0.0, 0.08950620996642342, 0.09247639241939104, 0.09173902283359818, 0.0, 0.11062418454747187, 0.0, 0.0, 0.0)",1
14069,38,1,8,"(0.08829965453524319, 0.0, 0.08950620996642342, 0.09247639241939104, 0.09173902283359818, 0.0, 0.048699439777449116, 0.0, 0.0, 0.0)",2
14070,38,1,8,"(0.08829965453524319, 0.0, 0.08950620996642342, 0.09247639241939104, 0.09173902283359818, 0.0, 0.06826344941350267, 0.0, 0.0, 0.0)",120
14071,38,1,11,"(0.10881627422945676, 0.14970886995698662, 0.0, 0.0, 0.0, 0.04814568331003821, 0.0, 0.07851631155931958, 0.0, 0.014979458930544491)",1
14072,38,1,11,"(0.09033430006888621, 0.14970886995698662, 0.0, 0.0, 0.0, 0.04688669779969397, 0.0, 0.09523546217639671, 0.0, 0.031051048610206557)",135
14073,38,1,11,"(0.09033430006888621, 0.14970886995698662, 0.0, 0.0, 0.0, 0.04688669779969397, 0.0, 0.09523546217639671, 0.0, 0.01812760691895582)",220
14074,38,1,11,"(0.09033430006888621, 0.10728811464016517, 0.0, 0.0, 0.0, 0.04688669779969397, 0.0, 0.09523546217639671, 0.0, 0.01812760691895582)",3
14075,38,1,11,"(0.09033430006888621, 0.14970886995698662, 0.0, 0.0, 0.0, 0.04688669779969397, 0.0, 0.07851631155931958, 0.0, 0.01812760691895582)",168
14076,38,1,11,"(0.11578495450417153, 0.14970886995698662, 0.0, 0.0, 0.0, 0.04688669779969397, 0.0, 0.09523546217639671, 0.0, 0.01812760691895582)",1
14077,38,1,11,"(0.028538570323148722, 0.14970886995698662, 0.0, 0.0, 0.0, 0.04688669779969397, 0.0, 0.09523546217639671, 0.0, 0.031051048610206557)",1
14078,38,1,13,"(0.0, 0.0, 0.11679612853536596, 0.06920069129515957, 0.0815749124759806, 0.07489992963210028, 0.0, 0.0, 0.14899621190854193, 0.0)",4
14079,38,1,13,"(0.0, 0.0, 0.11679612853536596, 0.06920069129515957, 0.09172770611919409, 0.07489992963210028, 0.0, 0.0, 0.17701872636954935, 0.0)",9
14080,38,1,13,"(0.0, 0.0, 0.11679612853536596, 0.06920069129515957, 0.09172770611919409, 0.07489992963210028, 0.0, 0.0, 0.14899621190854193, 0.0)",163
14081,38,2,8,"(0.12352528916652336, 0.0, 0.08950620996642342, 0.09247639241939104, 0.09173902283359818, 0.0, 0.06826344941350267, 0.0, 0.0, 0.0)",2
14082,38,2,8,"(0.09369258606422372, 0.0, 0.0581066486362343, 0.09247639241939104, 0.09173902283359818, 0.0, 0.06826344941350267, 0.0, 0.0, 0.0)",9
14083,38,2,8,"(0.09369258606422372, 0.0, 0.08950620996642342, 0.080585340636638, 0.09173902283359818, 0.0, 0.06826344941350267, 0.0, 0.0, 0.0)",1
14084,38,2,8,"(0.08829965453524319, 0.0, 0.08950620996642342, 0.09247639241939104, 0.09173902283359818, 0.0, 0.06826344941350267, 0.0, 0.0, 0.0)",17
14085,38,2,8,"(0.09858899390808973, 0.0, 0.08950620996642342, 0.09247639241939104, 0.06979119565491369, 0.0, 0.06826344941350267, 0.0, 0.0, 0.0)",2
14086,38,2,8,"(0.09369258606422372, 0.0, 0.08950620996642342, 0.09247639241939104, 0.09173902283359818, 0.0, 0.047390649692784816, 0.0, 0.0, 0.0)",1
14087,38,2,8,"(0.09369258606422372, 0.0, 0.08950620996642342, 0.09247639241939104, 0.09173902283359818, 0.0, 0.06826344941350267, 0.0, 0.0, 0.0)",298
14088,38,2,8,"(0.08829965453524319, 0.0, 0.0632474072400223, 0.09247639241939104, 0.09173902283359818, 0.0, 0.06826344941350267, 0.0, 0.0, 0.0)",1
14089,38,2,11,"(0.09033430006888621, 0.14970886995698662, 0.0, 0.0, 0.0, 0.04688669779969397, 0.0, 0.09523546217639671, 0.0, 0.031051048610206557)",71
14090,38,2,11,"(0.09033430006888621, 0.19556967840272124, 0.0, 0.0, 0.0, 0.04688669779969397, 0.0, 0.19430869115782104, 0.0, 0.031051048610206557)",1
14091,38,2,11,"(0.09033430006888621, 0.14970886995698662, 0.0, 0.0, 0.0, 0.04688669779969397, 0.0, 0.09523546217639671, 0.0, 0.013528494834914969)",1
14092,38,2,11,"(0.06516962171708808, 0.14970886995698662, 0.0, 0.0, 0.0, 0.04688669779969397, 0.0, 0.09523546217639671, 0.0, 0.017404359748426683)",1
14093,38,2,11,"(0.09033430006888621, 0.14970886995698662, 0.0, 0.0, 0.0, 0.04688669779969397, 0.0, 0.07851631155931958, 0.0, 0.01812760691895582)",179
14094,38,2,11,"(0.09033430006888621, 0.14970886995698662, 0.0, 0.0, 0.0, 0.04688669779969397, 0.0, 0.10459687559400649, 0.0, 0.01812760691895582)",2
14095,38,2,11,"(0.09033430006888621, 0.14970886995698662, 0.0, 0.0, 0.0, 0.06817145208940263, 0.0, 0.07851631155931958, 0.0, 0.01812760691895582)",2
14096,38,2,11,"(0.09033430006888621, 0.14970886995698662, 0.0, 0.0, 0.0, 0.06142270866301576, 0.0, 0.09523546217639671, 0.0, 0.01812760691895582)",1
14097,38,2,11,"(0.09033430006888621, 0.14970886995698662, 0.0, 0.0, 0.0, 0.04688669779969397, 0.0, 0.1323626826612515, 0.0, 0.01812760691895582)",1
14098,38,2,11,"(0.09033430006888621, 0.14970886995698662, 0.0, 0.0, 0.0, 0.04688669779969397, 0.0, 0.09523546217639671, 0.0, 0.01812760691895582)",163
14099,38,2,13,"(0.0, 0.0, 0.09864676646684525, 0.06920069129515957, 0.09172770611919409, 0.07489992963210028, 0.0, 0.0, 0.14899621190854193, 0.0)",1
14100,38,2,13,"(0.0, 0.0, 0.11679612853536596, 0.06920069129515957, 0.09172770611919409, 0.07489992963210028, 0.0, 0.0, 0.17701872636954935, 0.0)",31
14101,38,2,13,"(0.0, 0.0, 0.11679612853536596, 0.06920069129515957, 0.09172770611919409, 0.07489992963210028, 0.0, 0.0, 0.14899621190854193, 0.0)",163
14102,38,2,13,"(0.0, 0.0, 0.22074762956980803, 0.06920069129515957, 0.09172770611919409, 0.07489992963210028, 0.0, 0.0, 0.17625762205136694, 0.0)",1
14103,38,3,8,"(0.08457833852406953, 0.0, 0.08950620996642342, 0.09247639241939104, 0.09173902283359818, 0.0, 0.06826344941350267, 0.0, 0.0, 0.0)",34
14104,38,3,8,"(0.08829965453524319, 0.0, 0.08950620996642342, 0.09247639241939104, 0.14132769459994501, 0.0, 0.06826344941350267, 0.0, 0.0, 0.0)",1
14105,38,3,8,"(0.08829965453524319, 0.0, 0.08950620996642342, 0.09247639241939104, 0.08068767282900362, 0.0, 0.06826344941350267, 0.0, 0.0, 0.0)",3
14106,38,3,8,"(0.08829965453524319, 0.0, 0.08950620996642342, 0.07463361423777508, 0.06962192264099616, 0.0, 0.06826344941350267, 0.0, 0.0, 0.0)",3
14107,38,3,8,"(0.08829965453524319, 0.0, 0.08950620996642342, 0.09247639241939104, 0.09173902283359818, 0.0, 0.06826344941350267, 0.0, 0.0, 0.0)",199
14108,38,3,8,"(0.08829965453524319, 0.0, 0.08950620996642342, 0.07463361423777508, 0.09173902283359818, 0.0, 0.06826344941350267, 0.0, 0.0, 0.0)",6
14109,38,3,8,"(0.09369258606422372, 0.0, 0.08950620996642342, 0.09247639241939104, 0.09173902283359818, 0.0, 0.06826344941350267, 0.0, 0.0, 0.0)",24
14110,38,3,8,"(0.08829965453524319, 0.0, 0.08950620996642342, 0.09247639241939104, 0.06988384588682327, 0.0, 0.06826344941350267, 0.0, 0.0, 0.0)",10
14111,38,3,11,"(0.09033430006888621, 0.14970886995698662, 0.0, 0.0, 0.0, 0.0416732042186207, 0.0, 0.09523546217639671, 0.0, 0.03534710012552275)",2
14112,38,3,11,"(0.09548421370549984, 0.14970886995698662, 0.0, 0.0, 0.0, 0.0416732042186207, 0.0, 0.09523546217639671, 0.0, 0.02246381402029771)",1
14113,38,3,11,"(0.09033430006888621, 0.2430540327283599, 0.0, 0.0, 0.0, 0.06458515140512719, 0.0, 0.09523546217639671, 0.0, 0.02655121312707641)",1
14114,38,3,11,"(0.03572771615050501, 0.14970886995698662, 0.0, 0.0, 0.0, 0.04658013502123488, 0.0, 0.09523546217639671, 0.0, 0.01812760691895582)",1
14115,38,3,11,"(0.09033430006888621, 0.14970886995698662, 0.0, 0.0, 0.0, 0.04688669779969397, 0.0, 0.17041338885692414, 0.0, 0.01812760691895582)",1
14116,38,3,11,"(0.09033430006888621, 0.14970886995698662, 0.0, 0.0, 0.0, 0.04688669779969397, 0.0, 0.09523546217639671, 0.0, 0.01812760691895582)",343
14117,38,3,11,"(0.09033430006888621, 0.14970886995698662, 0.0, 0.0, 0.0, 0.0416732042186207, 0.0, 0.09523546217639671, 0.0, 0.01812760691895582)",63
14118,38,3,11,"(0.09033430006888621, 0.14970886995698662, 0.0, 0.0, 0.0, 0.04688669779969397, 0.0, 0.09523546217639671, 0.0, 0.031051048610206557)",109
14119,38,3,11,"(0.047970201822431384, 0.14970886995698662, 0.0, 0.0, 0.0, 0.04688669779969397, 0.0, 0.09523546217639671, 0.0, 0.01812760691895582)",5
14120,38,3,11,"(0.09033430006888621, 0.1525415905727749, 0.0, 0.0, 0.0, 0.04688669779969397, 0.0, 0.09523546217639671, 0.0, 0.01812760691895582)",1
14121,38,3,11,"(0.09033430006888621, 0.14970886995698662, 0.0, 0.0, 0.0, 0.05055614104444661, 0.0, 0.16756803320738042, 0.0, 0.01812760691895582)",1
14122,38,3,11,"(0.09033430006888621, 0.19364681633615183, 0.0, 0.0, 0.0, 0.04688669779969397, 0.0, 0.06049224046730989, 0.0, 0.031051048610206557)",1
14123,38,3,13,"(0.0, 0.0, 0.11679612853536596, 0.06920069129515957, 0.09172770611919409, 0.16171819739206586, 0.0, 0.0, 0.14899621190854193, 0.0)",2
14124,38,3,13,"(0.0, 0.0, 0.11679612853536596, 0.06920069129515957, 0.09172770611919409, 0.07489992963210028, 0.0, 0.0, 0.14899621190854193, 0.0)",173
14125,38,4,8,"(0.08829965453524319, 0.0, 0.08950620996642342, 0.1113996315812267, 0.09173902283359818, 0.0, 0.06826344941350267, 0.0, 0.0, 0.0)",1
14126,38,4,8,"(0.08829965453524319, 0.0, 0.08950620996642342, 0.09247639241939104, 0.09173902283359818, 0.0, 0.06018344421493144, 0.0, 0.0, 0.0)",1
14127,38,4,8,"(0.08829965453524319, 0.0, 0.08950620996642342, 0.09247639241939104, 0.09173902283359818, 0.0, 0.06826344941350267, 0.0, 0.0, 0.0)",295
14128,38,4,8,"(0.09369258606422372, 0.0, 0.08950620996642342, 0.09247639241939104, 0.09173902283359818, 0.0, 0.06826344941350267, 0.0, 0.0, 0.0)",4
14129,38,4,11,"(0.09033430006888621, 0.14970886995698662, 0.0, 0.0, 0.0, 0.04688669779969397, 0.0, 0.09523546217639671, 0.0, 0.01812760691895582)",241
14130,38,4,11,"(0.09033430006888621, 0.14970886995698662, 0.0, 0.0, 0.0, 0.04688669779969397, 0.0, 0.09523546217639671, 0.0, 0.02788031990660379)",4
14131,38,4,11,"(0.09033430006888621, 0.14970886995698662, 0.0, 0.0, 0.0, 0.03535132769834101, 0.0, 0.09523546217639671, 0.0, 0.031051048610206557)",2
14132,38,4,11,"(0.09033430006888621, 0.14970886995698662, 0.0, 0.0, 0.0, 0.0416732042186207, 0.0, 0.09523546217639671, 0.0, 0.01812760691895582)",111
14133,38,4,11,"(0.09033430006888621, 0.14970886995698662, 0.0, 0.0, 0.0, 0.04688669779969397, 0.0, 0.09523546217639671, 0.0, 0.023902830293296796)",1
14134,38,4,11,"(0.050448930073212585, 0.14970886995698662, 0.0, 0.0, 0.0, 0.04688669779969397, 0.0, 0.09523546217639671, 0.0, 0.02788031990660379)",2
14135,38,4,11,"(0.09033430006888621, 0.2578565793441292, 0.0, 0.0, 0.0, 0.04688669779969397, 0.0, 0.09523546217639671, 0.0, 0.01812760691895582)",3
14136,38,4,11,"(0.09033430006888621, 0.14970886995698662, 0.0, 0.0, 0.0, 0.04688669779969397, 0.0, 0.09523546217639671, 0.0, 0.015537114060667627)",1
14137,38,4,11,"(0.23769424580542875, 0.14970886995698662, 0.0, 0.0, 0.0, 0.06005320409859317, 0.0, 0.03813547652072719, 0.0, 0.01812760691895582)",1
14138,38,4,11,"(0.09033430006888621, 0.14970886995698662, 0.0, 0.0, 0.0, 0.028969239163529763, 0.0, 0.13980013742832986, 0.0, 0.01812760691895582)",1
14139,38,4,11,"(0.09033430006888621, 0.14970886995698662, 0.0, 0.0, 0.0, 0.04688669779969397, 0.0, 0.09523546217639671, 0.0, 0.031051048610206557)",55
14140,38,4,11,"(0.09033430006888621, 0.18828529242352451, 0.0, 0.0, 0.0, 0.04688669779969397, 0.0, 0.09523546217639671, 0.0, 0.031051048610206557)",1
14141,38,4,13,"(0.0, 0.0, 0.0818819330504847, 0.06920069129515957, 0.09172770611919409, 0.07489992963210028, 0.0, 0.0, 0.14899621190854193, 0.0)",1
14142,38,4,13,"(0.0, 0.0, 0.19170371804345854, 0.06920069129515957, 0.09172770611919409, 0.0901011601097069, 0.0, 0.0, 0.0745183760803423, 0.0)",3
14143,38,4,13,"(0.0, 0.0, 0.11679612853536596, 0.028072433144160004, 0.09172770611919409, 0.07489992963210028, 0.0, 0.0, 0.14899621190854193, 0.0)",1
14144,38,4,13,"(0.0, 0.0, 0.11679612853536596, 0.09785649988675404, 0.09172770611919409, 0.07489992963210028, 0.0, 0.0, 0.14899621190854193, 0.0)",1
14145,38,4,13,"(0.0, 0.0, 0.09272890383277323, 0.053532886142601335, 0.09172770611919409, 0.08406485748058659, 0.0, 0.0, 0.14899621190854193, 0.0)",4
14146,38,4,13,"(0.0, 0.0, 0.0818590753228351, 0.06920069129515957, 0.09172770611919409, 0.07489992963210028, 0.0, 0.0, 0.14899621190854193, 0.0)",3
14147,38,4,13,"(0.0, 0.0, 0.11679612853536596, 0.06920069129515957, 0.09172770611919409, 0.07489992963210028, 0.0, 0.0, 0.14899621190854193, 0.0)",161
14148,38,4,13,"(0.0, 0.0, 0.11679612853536596, 0.0439525575632741, 0.1572540723109829, 0.07489992963210028, 0.0, 0.0, 0.14899621190854193, 0.0)",1
14149,38,5,8,"(0.08829965453524319, 0.0, 0.08950620996642342, 0.19993140644716928, 0.09173902283359818, 0.0, 0.06826344941350267, 0.0, 0.0, 0.0)",2
14150,38,5,8,"(0.09627809608516841, 0.0, 0.08950620996642342, 0.09247639241939104, 0.05531294405665557, 0.0, 0.06826344941350267, 0.0, 0.0, 0.0)",2
14151,38,5,8,"(0.08829965453524319, 0.0, 0.08950620996642342, 0.09247639241939104, 0.09173902283359818, 0.0, 0.06826344941350267, 0.0, 0.0, 0.0)",143
14152,38,5,8,"(0.08457833852406953, 0.0, 0.08950620996642342, 0.09247639241939104, 0.09173902283359818, 0.0, 0.06826344941350267, 0.0, 0.0, 0.0)",109
14153,38,5,8,"(0.09369258606422372, 0.0, 0.08950620996642342, 0.09247639241939104, 0.09173902283359818, 0.0, 0.06826344941350267, 0.0, 0.0, 0.0)",21
14154,38,5,11,"(0.09033430006888621, 0.14970886995698662, 0.0, 0.0, 0.0, 0.04688669779969397, 0.0, 0.09523546217639671, 0.0, 0.029409630062033808)",3
14155,38,5,11,"(0.09033430006888621, 0.14970886995698662, 0.0, 0.0, 0.0, 0.11990644801673443, 0.0, 0.09523546217639671, 0.0, 0.01812760691895582)",5
14156,38,5,11,"(0.09033430006888621, 0.14970886995698662, 0.0, 0.0, 0.0, 0.0416732042186207, 0.0, 0.09523546217639671, 0.0, 0.01812760691895582)",12
14157,38,5,11,"(0.09033430006888621, 0.14970886995698662, 0.0, 0.0, 0.0, 0.04688669779969397, 0.0, 0.21557101996039477, 0.0, 0.01812760691895582)",1
14158,38,5,11,"(0.0872843424968424, 0.14970886995698662, 0.0, 0.0, 0.0, 0.04688669779969397, 0.0, 0.09523546217639671, 0.0, 0.01812760691895582)",1
14159,38,5,11,"(0.09033430006888621, 0.14970886995698662, 0.0, 0.0, 0.0, 0.04688669779969397, 0.0, 0.09523546217639671, 0.0, 0.01812760691895582)",404
14160,38,5,11,"(0.09033430006888621, 0.14970886995698662, 0.0, 0.0, 0.0, 0.03817342967936687, 0.0, 0.09523546217639671, 0.0, 0.01812760691895582)",1
14161,38,5,11,"(0.09033430006888621, 0.14970886995698662, 0.0, 0.0, 0.0, 0.05279492216823342, 0.0, 0.09523546217639671, 0.0, 0.01812760691895582)",3
14162,38,5,11,"(0.053042382967409395, 0.14970886995698662, 0.0, 0.0, 0.0, 0.04688669779969397, 0.0, 0.09523546217639671, 0.0, 0.031051048610206557)",1
14163,38,5,11,"(0.09033430006888621, 0.14970886995698662, 0.0, 0.0, 0.0, 0.04688669779969397, 0.0, 0.09523546217639671, 0.0, 0.031051048610206557)",148
14164,38,5,11,"(0.1348827383004302, 0.14970886995698662, 0.0, 0.0, 0.0, 0.04688669779969397, 0.0, 0.11636080709612345, 0.0, 0.01812760691895582)",1
14165,38,5,13,"(0.0, 0.0, 0.11679612853536596, 0.06920069129515957, 0.09172770611919409, 0.07489992963210028, 0.0, 0.0, 0.14899621190854193, 0.0)",191
14166,38,5,13,"(0.0, 0.0, 0.11679612853536596, 0.06920069129515957, 0.05339118952262651, 0.07489992963210028, 0.0, 0.0, 0.18258979371512554, 0.0)",1
14167,38,6,8,"(0.08829965453524319, 0.0, 0.08114650164710055, 0.09247639241939104, 0.09173902283359818, 0.0, 0.06826344941350267, 0.0, 0.0, 0.0)",2
14168,38,6,8,"(0.07715804795432364, 0.0, 0.08950620996642342, 0.10494314804296173, 0.09173902283359818, 0.0, 0.06826344941350267, 0.0, 0.0, 0.0)",1
14169,38,6,8,"(0.08829965453524319, 0.0, 0.08950620996642342, 0.09247639241939104, 0.09173902283359818, 0.0, 0.06826344941350267, 0.0, 0.0, 0.0)",348
14170,38,6,8,"(0.052573382728024774, 0.0, 0.08950620996642342, 0.09247639241939104, 0.09173902283359818, 0.0, 0.06826344941350267, 0.0, 0.0, 0.0)",5
14171,38,6,11,"(0.09033430006888621, 0.24630066558075772, 0.0, 0.0, 0.0, 0.058732871518580775, 0.0, 0.07851631155931958, 0.0, 0.01812760691895582)",1
14172,38,6,11,"(0.09033430006888621, 0.14970886995698662, 0.0, 0.0, 0.0, 0.04688669779969397, 0.0, 0.06739774742898476, 0.0, 0.01812760691895582)",1
14173,38,6,11,"(0.09033430006888621, 0.14970886995698662, 0.0, 0.0, 0.0, 0.04688669779969397, 0.0, 0.09523546217639671, 0.0, 0.01812760691895582)",293
14174,38,6,11,"(0.09033430006888621, 0.06245400547575535, 0.0, 0.0, 0.0, 0.04688669779969397, 0.0, 0.09523546217639671, 0.0, 0.01812760691895582)",10
14175,38,6,11,"(0.09033430006888621, 0.14970886995698662, 0.0, 0.0, 0.0, 0.04688669779969397, 0.0, 0.12635191267662815, 0.0, 0.012094717013826346)",44
14176,38,6,11,"(0.09033430006888621, 0.30590808226382776, 0.0, 0.0, 0.0, 0.04688669779969397, 0.0, 0.09523546217639671, 0.0, 0.01812760691895582)",1
14177,38,6,11,"(0.09033430006888621, 0.14970886995698662, 0.0, 0.0, 0.0, 0.04688669779969397, 0.0, 0.09523546217639671, 0.0, 0.031051048610206557)",52
14178,38,6,11,"(0.09033430006888621, 0.14970886995698662, 0.0, 0.0, 0.0, 0.04688669779969397, 0.0, 0.07851631155931958, 0.0, 0.01812760691895582)",62
14179,38,6,11,"(0.09033430006888621, 0.14970886995698662, 0.0, 0.0, 0.0, 0.04688669779969397, 0.0, 0.09523546217639671, 0.0, 0.019763056344377097)",1
14180,38,6,11,"(0.09033430006888621, 0.14970886995698662, 0.0, 0.0, 0.0, 0.04812292637737698, 0.0, 0.09523546217639671, 0.0, 0.01240781554532358)",1
14181,38,6,13,"(0.0, 0.0, 0.11679612853536596, 0.06920069129515957, 0.09172770611919409, 0.07489992963210028, 0.0, 0.0, 0.17701872636954935, 0.0)",29
14182,38,6,13,"(0.0, 0.0, 0.11679612853536596, 0.06309464647525388, 0.09172770611919409, 0.07489992963210028, 0.0, 0.0, 0.14899621190854193, 0.0)",1
14183,38,6,13,"(0.0, 0.0, 0.11679612853536596, 0.06920069129515957, 0.09172770611919409, 0.07489992963210028, 0.0, 0.0, 0.14899621190854193, 0.0)",139
14184,38,7,8,"(0.08829965453524319, 0.0, 0.08950620996642342, 0.09247639241939104, 0.16001681965248124, 0.0, 0.06826344941350267, 0.0, 0.0, 0.0)",1
14185,38,7,8,"(0.08829965453524319, 0.0, 0.08950620996642342, 0.09247639241939104, 0.09173902283359818, 0.0, 0.06826344941350267, 0.0, 0.0, 0.0)",273
14186,38,7,8,"(0.053509122870307506, 0.0, 0.08950620996642342, 0.09247639241939104, 0.09173902283359818, 0.0, 0.06826344941350267, 0.0, 0.0, 0.0)",1
14187,38,7,11,"(0.06082036897635737, 0.14970886995698662, 0.0, 0.0, 0.0, 0.04688669779969397, 0.0, 0.09523546217639671, 0.0, 0.01812760691895582)",30
14188,38,7,11,"(0.07742865130911843, 0.13424551609112312, 0.0, 0.0, 0.0, 0.04688669779969397, 0.0, 0.09523546217639671, 0.0, 0.01812760691895582)",1
14189,38,7,11,"(0.09033430006888621, 0.05973437691951575, 0.0, 0.0, 0.0, 0.04688669779969397, 0.0, 0.10174418168351801, 0.0, 0.01812760691895582)",11
14190,38,7,11,"(0.09033430006888621, 0.14970886995698662, 0.0, 0.0, 0.0, 0.04688669779969397, 0.0, 0.09523546217639671, 0.0, 0.031051048610206557)",142
14191,38,7,11,"(0.09033430006888621, 0.14970886995698662, 0.0, 0.0, 0.0, 0.04688669779969397, 0.0, 0.09523546217639671, 0.0, 0.01812760691895582)",350
14192,38,7,11,"(0.0703207003242182, 0.14970886995698662, 0.0, 0.0, 0.0, 0.04688669779969397, 0.0, 0.09523546217639671, 0.0, 0.01812760691895582)",2
14193,38,7,11,"(0.09033430006888621, 0.14970886995698662, 0.0, 0.0, 0.0, 0.04688669779969397, 0.0, 0.15324593695470123, 0.0, 0.01812760691895582)",1
14194,38,7,11,"(0.09033430006888621, 0.14970886995698662, 0.0, 0.0, 0.0, 0.04688669779969397, 0.0, 0.07851631155931958, 0.0, 0.01812760691895582)",66
14195,38,7,11,"(0.09033430006888621, 0.14970886995698662, 0.0, 0.0, 0.0, 0.11661661123394677, 0.0, 0.08708618033616745, 0.0, 0.031051048610206557)",1
14196,38,7,11,"(0.09033430006888621, 0.14970886995698662, 0.0, 0.0, 0.0, 0.04688669779969397, 0.0, 0.10100814993687438, 0.0, 0.01812760691895582)",1
14197,38,7,13,"(0.0, 0.0, 0.11679612853536596, 0.06920069129515957, 0.09172770611919409, 0.10033035300959414, 0.0, 0.0, 0.14899621190854193, 0.0)",3
14198,38,7,13,"(0.0, 0.0, 0.12853288250766293, 0.06920069129515957, 0.09172770611919409, 0.07489992963210028, 0.0, 0.0, 0.14899621190854193, 0.0)",1
14199,38,7,13,"(0.0, 0.0, 0.11679612853536596, 0.037661069906841524, 0.09172770611919409, 0.07489992963210028, 0.0, 0.0, 0.14899621190854193, 0.0)",1
14200,38,7,13,"(0.0, 0.0, 0.11679612853536596, 0.06920069129515957, 0.09172770611919409, 0.07489992963210028, 0.0, 0.0, 0.14899621190854193, 0.0)",194
14201,38,7,13,"(0.0, 0.0, 0.11679612853536596, 0.06920069129515957, 0.09172770611919409, 0.07489992963210028, 0.0, 0.0, 0.17701872636954935, 0.0)",2
14202,38,8,8,"(0.08829965453524319, 0.0, 0.08950620996642342, 0.09247639241939104, 0.09173902283359818, 0.0, 0.06826344941350267, 0.0, 0.0, 0.0)",302
14203,38,8,8,"(0.08829965453524319, 0.0, 0.06627498157880825, 0.09247639241939104, 0.09173902283359818, 0.0, 0.06826344941350267, 0.0, 0.0, 0.0)",1
14204,38,8,8,"(0.0997418681805926, 0.0, 0.08950620996642342, 0.09247639241939104, 0.09173902283359818, 0.0, 0.06826344941350267, 0.0, 0.0, 0.0)",2
14205,38,8,8,"(0.09369258606422372, 0.0, 0.08950620996642342, 0.09247639241939104, 0.09173902283359818, 0.0, 0.06826344941350267, 0.0, 0.0, 0.0)",36
14206,38,8,11,"(0.0917608628225163, 0.14970886995698662, 0.0, 0.0, 0.0, 0.04688669779969397, 0.0, 0.09523546217639671, 0.0, 0.031051048610206557)",1
14207,38,8,11,"(0.09033430006888621, 0.14970886995698662, 0.0, 0.0, 0.0, 0.04688669779969397, 0.0, 0.09523546217639671, 0.0, 0.020772047593109716)",2
14208,38,8,11,"(0.09033430006888621, 0.14970886995698662, 0.0, 0.0, 0.0, 0.04688669779969397, 0.0, 0.07879802147592156, 0.0, 0.01812760691895582)",3
14209,38,8,11,"(0.09033430006888621, 0.14970886995698662, 0.0, 0.0, 0.0, 0.04688669779969397, 0.0, 0.09523546217639671, 0.0, 0.043392845536205406)",1
14210,38,8,11,"(0.09033430006888621, 0.14970886995698662, 0.0, 0.0, 0.0, 0.04688669779969397, 0.0, 0.09523546217639671, 0.0, 0.031051048610206557)",78
14211,38,8,11,"(0.09033430006888621, 0.14970886995698662, 0.0, 0.0, 0.0, 0.04688669779969397, 0.0, 0.15707423457705097, 0.0, 0.01812760691895582)",1
14212,38,8,11,"(0.12300726369053847, 0.14970886995698662, 0.0, 0.0, 0.0, 0.04688669779969397, 0.0, 0.09523546217639671, 0.0, 0.031051048610206557)",2
14213,38,8,11,"(0.09033430006888621, 0.14970886995698662, 0.0, 0.0, 0.0, 0.04688669779969397, 0.0, 0.07851631155931958, 0.0, 0.01812760691895582)",24
14214,38,8,11,"(0.09033430006888621, 0.14970886995698662, 0.0, 0.0, 0.0, 0.04688669779969397, 0.0, 0.09523546217639671, 0.0, 0.015244952087642755)",4
14215,38,8,11,"(0.09033430006888621, 0.08873060347568756, 0.0, 0.0, 0.0, 0.04688669779969397, 0.0, 0.09523546217639671, 0.0, 0.01812760691895582)",1
14216,38,8,11,"(0.09033430006888621, 0.14970886995698662, 0.0, 0.0, 0.0, 0.04688669779969397, 0.0, 0.09523546217639671, 0.0, 0.021776352809138505)",2
14217,38,8,11,"(0.09033430006888621, 0.14970886995698662, 0.0, 0.0, 0.0, 0.04688669779969397, 0.0, 0.09523546217639671, 0.0, 0.01812760691895582)",280
14218,38,8,11,"(0.09033430006888621, 0.1775149452507219, 0.0, 0.0, 0.0, 0.04688669779969397, 0.0, 0.05754510124221201, 0.0, 0.03367976824884123)",1
14219,38,8,13,"(0.0, 0.0, 0.11679612853536596, 0.06920069129515957, 0.09172770611919409, 0.07489992963210028, 0.0, 0.0, 0.17701872636954935, 0.0)",30
14220,38,8,13,"(0.0, 0.0, 0.11679612853536596, 0.05385257385731041, 0.09172770611919409, 0.07489992963210028, 0.0, 0.0, 0.17701872636954935, 0.0)",1
14221,38,8,13,"(0.0, 0.0, 0.11679612853536596, 0.06920069129515957, 0.09172770611919409, 0.07489992963210028, 0.0, 0.0, 0.14899621190854193, 0.0)",130
14222,38,8,13,"(0.0, 0.0, 0.13968669452961177, 0.06920069129515957, 0.07224107799630392, 0.07489992963210028, 0.0, 0.0, 0.14899621190854193, 0.0)",5
14223,38,9,8,"(0.08829965453524319, 0.0, 0.08950620996642342, 0.09247639241939104, 0.07337536370934845, 0.0, 0.06826344941350267, 0.0, 0.0, 0.0)",1
14224,38,9,8,"(0.08829965453524319, 0.0, 0.08950620996642342, 0.055213404465301416, 0.09173902283359818, 0.0, 0.06826344941350267, 0.0, 0.0, 0.0)",32
14225,38,9,8,"(0.09369258606422372, 0.0, 0.08950620996642342, 0.09247639241939104, 0.09173902283359818, 0.0, 0.06826344941350267, 0.0, 0.0, 0.0)",29
14226,38,9,8,"(0.08829965453524319, 0.0, 0.08950620996642342, 0.09247639241939104, 0.09173902283359818, 0.0, 0.06826344941350267, 0.0, 0.0, 0.0)",263
14227,38,9,8,"(0.08829965453524319, 0.0, 0.08950620996642342, 0.09247639241939104, 0.06465839506255834, 0.0, 0.06826344941350267, 0.0, 0.0, 0.0)",1
14228,38,9,11,"(0.09033430006888621, 0.14970886995698662, 0.0, 0.0, 0.0, 0.04688669779969397, 0.0, 0.05016436451702349, 0.0, 0.031051048610206557)",1
14229,38,9,11,"(0.09033430006888621, 0.14970886995698662, 0.0, 0.0, 0.0, 0.06914851609480469, 0.0, 0.100052555091486, 0.0, 0.045645431733019624)",1
14230,38,9,11,"(0.09033430006888621, 0.14970886995698662, 0.0, 0.0, 0.0, 0.04688669779969397, 0.0, 0.07851631155931958, 0.0, 0.01658038310939062)",2
14231,38,9,11,"(0.09033430006888621, 0.14970886995698662, 0.0, 0.0, 0.0, 0.04688669779969397, 0.0, 0.09523546217639671, 0.0, 0.02214175814731034)",9
14232,38,9,11,"(0.09033430006888621, 0.14970886995698662, 0.0, 0.0, 0.0, 0.04688669779969397, 0.0, 0.0464242830364103, 0.0, 0.01812760691895582)",1
14233,38,9,11,"(0.09033430006888621, 0.14970886995698662, 0.0, 0.0, 0.0, 0.04688669779969397, 0.0, 0.07851631155931958, 0.0, 0.01812760691895582)",64
14234,38,9,11,"(0.09033430006888621, 0.14970886995698662, 0.0, 0.0, 0.0, 0.04688669779969397, 0.0, 0.09523546217639671, 0.0, 0.031051048610206557)",229
14235,38,9,11,"(0.09033430006888621, 0.22374608269963614, 0.0, 0.0, 0.0, 0.04688669779969397, 0.0, 0.09523546217639671, 0.0, 0.03202206858691606)",2
14236,38,9,11,"(0.0645330592104676, 0.14970886995698662, 0.0, 0.0, 0.0, 0.04688669779969397, 0.0, 0.09523546217639671, 0.0, 0.031051048610206557)",2
14237,38,9,11,"(0.09033430006888621, 0.14970886995698662, 0.0, 0.0, 0.0, 0.04688669779969397, 0.0, 0.07739716804432396, 0.0, 0.031051048610206557)",1
14238,38,9,11,"(0.09033430006888621, 0.14970886995698662, 0.0, 0.0, 0.0, 0.03367354598978026, 0.0, 0.09523546217639671, 0.0, 0.031051048610206557)",2
14239,38,9,11,"(0.09033430006888621, 0.14970886995698662, 0.0, 0.0, 0.0, 0.04688669779969397, 0.0, 0.09523546217639671, 0.0, 0.01812760691895582)",121
14240,38,9,13,"(0.0, 0.0, 0.11679612853536596, 0.06920069129515957, 0.09172770611919409, 0.07489992963210028, 0.0, 0.0, 0.14899621190854193, 0.0)",166
14241,38,10,8,"(0.08829965453524319, 0.0, 0.11486892472334921, 0.09247639241939104, 0.09173902283359818, 0.0, 0.06826344941350267, 0.0, 0.0, 0.0)",4
14242,38,10,8,"(0.08829965453524319, 0.0, 0.08950620996642342, 0.09247639241939104, 0.05485270624794899, 0.0, 0.06826344941350267, 0.0, 0.0, 0.0)",1
14243,38,10,8,"(0.08829965453524319, 0.0, 0.08950620996642342, 0.095734235379406, 0.09173902283359818, 0.0, 0.06826344941350267, 0.0, 0.0, 0.0)",3
14244,38,10,8,"(0.08829965453524319, 0.0, 0.042822626708889464, 0.09247639241939104, 0.09173902283359818, 0.0, 0.06826344941350267, 0.0, 0.0, 0.0)",1
14245,38,10,8,"(0.08829965453524319, 0.0, 0.08950620996642342, 0.09247639241939104, 0.09173902283359818, 0.0, 0.06826344941350267, 0.0, 0.0, 0.0)",313
14246,38,10,8,"(0.08829965453524319, 0.0, 0.08950620996642342, 0.09247639241939104, 0.06664498984159793, 0.0, 0.06826344941350267, 0.0, 0.0, 0.0)",3
14247,38,10,11,"(0.09033430006888621, 0.1280938623970155, 0.0, 0.0, 0.0, 0.04688669779969397, 0.0, 0.10793795017872773, 0.0, 0.031051048610206557)",1
14248,38,10,11,"(0.09033430006888621, 0.14970886995698662, 0.0, 0.0, 0.0, 0.04688669779969397, 0.0, 0.07851631155931958, 0.0, 0.01812760691895582)",18
14249,38,10,11,"(0.09033430006888621, 0.14970886995698662, 0.0, 0.0, 0.0, 0.04688669779969397, 0.0, 0.09523546217639671, 0.0, 0.031051048610206557)",341
14250,38,10,11,"(0.09033430006888621, 0.14970886995698662, 0.0, 0.0, 0.0, 0.04688669779969397, 0.0, 0.1553835030071433, 0.0, 0.031051048610206557)",2
14251,38,10,11,"(0.09033430006888621, 0.14970886995698662, 0.0, 0.0, 0.0, 0.04688669779969397, 0.0, 0.1671578634656711, 0.0, 0.01812760691895582)",1
14252,38,10,11,"(0.09033430006888621, 0.14970886995698662, 0.0, 0.0, 0.0, 0.04688669779969397, 0.0, 0.09523546217639671, 0.0, 0.01812760691895582)",86
14253,38,10,11,"(0.09033430006888621, 0.14970886995698662, 0.0, 0.0, 0.0, 0.04688669779969397, 0.0, 0.0649288749595634, 0.0, 0.031051048610206557)",1
14254,38,10,11,"(0.09033430006888621, 0.14970886995698662, 0.0, 0.0, 0.0, 0.06149905853735232, 0.0, 0.09523546217639671, 0.0, 0.031051048610206557)",2
14255,38,10,13,"(0.0, 0.0, 0.0473884710610537, 0.06920069129515957, 0.07955411097353036, 0.09263141101476421, 0.0, 0.0, 0.14899621190854193, 0.0)",1
14256,38,10,13,"(0.0, 0.0, 0.11679612853536596, 0.06920069129515957, 0.09172770611919409, 0.07489992963210028, 0.0, 0.0, 0.14899621190854193, 0.0)",166
14257,38,10,13,"(0.0, 0.0, 0.11679612853536596, 0.06920069129515957, 0.09172770611919409, 0.06465707535054328, 0.0, 0.0, 0.14899621190854193, 0.0)",1
14258,38,10,13,"(0.0, 0.0, 0.1970059357953898, 0.06920069129515957, 0.09172770611919409, 0.07489992963210028, 0.0, 0.0, 0.14899621190854193, 0.0)",1
14259,38,11,8,"(0.08829965453524319, 0.0, 0.08950620996642342, 0.09247639241939104, 0.09173902283359818, 0.0, 0.06826344941350267, 0.0, 0.0, 0.0)",308
14260,38,11,8,"(0.08829965453524319, 0.0, 0.08950620996642342, 0.055213404465301416, 0.09173902283359818, 0.0, 0.06826344941350267, 0.0, 0.0, 0.0)",1
14261,38,11,8,"(0.08829965453524319, 0.0, 0.08950620996642342, 0.1474786929243097, 0.09173902283359818, 0.0, 0.09432089849383364, 0.0, 0.0, 0.0)",1
14262,38,11,8,"(0.08829965453524319, 0.0, 0.08950620996642342, 0.09247639241939104, 0.10444832289895432, 0.0, 0.08017389399493065, 0.0, 0.0, 0.0)",3
14263,38,11,8,"(0.05793631291256135, 0.0, 0.08950620996642342, 0.09247639241939104, 0.1642214281106571, 0.0, 0.06826344941350267, 0.0, 0.0, 0.0)",1
14264,38,11,8,"(0.08829965453524319, 0.0, 0.08950620996642342, 0.08213390147799839, 0.09173902283359818, 0.0, 0.06826344941350267, 0.0, 0.0, 0.0)",1
14265,38,11,8,"(0.08707700162774144, 0.0, 0.08950620996642342, 0.07491585993460718, 0.09173902283359818, 0.0, 0.06826344941350267, 0.0, 0.0, 0.0)",1
14266,38,11,8,"(0.08829965453524319, 0.0, 0.08901447158778153, 0.04678691544644684, 0.09173902283359818, 0.0, 0.06826344941350267, 0.0, 0.0, 0.0)",4
14267,38,11,8,"(0.08707700162774144, 0.0, 0.06667800725386029, 0.07491585993460718, 0.09173902283359818, 0.0, 0.06826344941350267, 0.0, 0.0, 0.0)",1
14268,38,11,11,"(0.09033430006888621, 0.14970886995698662, 0.0, 0.0, 0.0, 0.04688669779969397, 0.0, 0.07851631155931958, 0.0, 0.01812760691895582)",48
14269,38,11,11,"(0.09033430006888621, 0.14970886995698662, 0.0, 0.0, 0.0, 0.019227338140557278, 0.0, 0.09523546217639671, 0.0, 0.031051048610206557)",6
14270,38,11,11,"(0.09033430006888621, 0.09532101520998491, 0.0, 0.0, 0.0, 0.04688669779969397, 0.0, 0.09523546217639671, 0.0, 0.031051048610206557)",14
14271,38,11,11,"(0.05595493401288263, 0.14970886995698662, 0.0, 0.0, 0.0, 0.04688669779969397, 0.0, 0.09523546217639671, 0.0, 0.031051048610206557)",41
14272,38,11,11,"(0.09033430006888621, 0.14970886995698662, 0.0, 0.0, 0.0, 0.04281407067328117, 0.0, 0.09523546217639671, 0.0, 0.01812760691895582)",52
14273,38,11,11,"(0.09033430006888621, 0.14970886995698662, 0.0, 0.0, 0.0, 0.04688669779969397, 0.0, 0.09854153814139138, 0.0, 0.010887616999020612)",1
14274,38,11,11,"(0.09033430006888621, 0.13326544191852008, 0.0, 0.0, 0.0, 0.04688669779969397, 0.0, 0.09523546217639671, 0.0, 0.031051048610206557)",1
14275,38,11,11,"(0.09033430006888621, 0.14970886995698662, 0.0, 0.0, 0.0, 0.04688669779969397, 0.0, 0.09523546217639671, 0.0, 0.031051048610206557)",295
14276,38,11,13,"(0.0, 0.0, 0.11679612853536596, 0.07683106305485417, 0.09172770611919409, 0.07489992963210028, 0.0, 0.0, 0.14899621190854193, 0.0)",1
14277,38,11,13,"(0.0, 0.0, 0.11679612853536596, 0.06920069129515957, 0.09172770611919409, 0.07489992963210028, 0.0, 0.0, 0.14899621190854193, 0.0)",166
14278,38,11,13,"(0.0, 0.0, 0.11679612853536596, 0.08450146653387244, 0.09172770611919409, 0.07489992963210028, 0.0, 0.0, 0.14899621190854193, 0.0)",7
14279,38,12,8,"(0.08829965453524319, 0.0, 0.10100587883270921, 0.09251900429666064, 0.09173902283359818, 0.0, 0.09107492782411486, 0.0, 0.0, 0.0)",2
14280,38,12,8,"(0.08829965453524319, 0.0, 0.12666603411762448, 0.09247639241939104, 0.09173902283359818, 0.0, 0.06826344941350267, 0.0, 0.0, 0.0)",6
14281,38,12,8,"(0.08829965453524319, 0.0, 0.08950620996642342, 0.09247639241939104, 0.09173902283359818, 0.0, 0.06826344941350267, 0.0, 0.0, 0.0)",300
14282,38,12,8,"(0.09369258606422372, 0.0, 0.08950620996642342, 0.09247639241939104, 0.09173902283359818, 0.0, 0.06826344941350267, 0.0, 0.0, 0.0)",63
14283,38,12,8,"(0.08829965453524319, 0.0, 0.08950620996642342, 0.10356635572210984, 0.17973029479459532, 0.0, 0.06826344941350267, 0.0, 0.0, 0.0)",1
14284,38,12,8,"(0.08829965453524319, 0.0, 0.08950620996642342, 0.09247639241939104, 0.07526054046163791, 0.0, 0.06826344941350267, 0.0, 0.0, 0.0)",6
14285,38,12,8,"(0.08829965453524319, 0.0, 0.08950620996642342, 0.09247639241939104, 0.0888927335535961, 0.0, 0.06826344941350267, 0.0, 0.0, 0.0)",1
14286,38,12,11,"(0.09033430006888621, 0.14970886995698662, 0.0, 0.0, 0.0, 0.04688669779969397, 0.0, 0.09523546217639671, 0.0, 0.01812760691895582)",197
14287,38,12,11,"(0.09033430006888621, 0.14970886995698662, 0.0, 0.0, 0.0, 0.04688669779969397, 0.0, 0.07131084293089796, 0.0, 0.01812760691895582)",1
14288,38,12,11,"(0.09033430006888621, 0.14970886995698662, 0.0, 0.0, 0.0, 0.04688669779969397, 0.0, 0.09523546217639671, 0.0, 0.031051048610206557)",22
14289,38,12,11,"(0.09033430006888621, 0.14970886995698662, 0.0, 0.0, 0.0, 0.04688669779969397, 0.0, 0.09544321824757405, 0.0, 0.01812760691895582)",1
14290,38,12,11,"(0.09033430006888621, 0.09406525076310937, 0.0, 0.0, 0.0, 0.04688669779969397, 0.0, 0.07851631155931958, 0.0, 0.01812760691895582)",1
14291,38,12,11,"(0.09033430006888621, 0.14970886995698662, 0.0, 0.0, 0.0, 0.06719690064142451, 0.0, 0.09523546217639671, 0.0, 0.01812760691895582)",1
14292,38,12,11,"(0.09033430006888621, 0.14970886995698662, 0.0, 0.0, 0.0, 0.04688669779969397, 0.0, 0.07851631155931958, 0.0, 0.01812760691895582)",128
14293,38,12,13,"(0.0, 0.0, 0.11679612853536596, 0.06920069129515957, 0.09172770611919409, 0.07489992963210028, 0.0, 0.0, 0.14899621190854193, 0.0)",190
14294,38,12,13,"(0.0, 0.0, 0.11679612853536596, 0.08790626668783519, 0.03542135645604675, 0.0774554560513728, 0.0, 0.0, 0.1972759875625906, 0.0)",6
14295,38,12,13,"(0.0, 0.0, 0.11679612853536596, 0.08790626668783519, 0.047612328511878986, 0.0774554560513728, 0.0, 0.0, 0.1972759875625906, 0.0)",4
14296,38,13,8,"(0.09369258606422372, 0.0, 0.06575404901668419, 0.09247639241939104, 0.09173902283359818, 0.0, 0.055783647949491734, 0.0, 0.0, 0.0)",1
14297,38,13,8,"(0.09369258606422372, 0.0, 0.08950620996642342, 0.04430915348199773, 0.09173902283359818, 0.0, 0.09760669770700008, 0.0, 0.0, 0.0)",6
14298,38,13,8,"(0.08829965453524319, 0.0, 0.08950620996642342, 0.09247639241939104, 0.09173902283359818, 0.0, 0.06826344941350267, 0.0, 0.0, 0.0)",114
14299,38,13,8,"(0.09369258606422372, 0.0, 0.08950620996642342, 0.09247639241939104, 0.09173902283359818, 0.0, 0.06826344941350267, 0.0, 0.0, 0.0)",193
14300,38,13,8,"(0.08829965453524319, 0.0, 0.08950620996642342, 0.07934043055776342, 0.09173902283359818, 0.0, 0.06826344941350267, 0.0, 0.0, 0.0)",3
14301,38,13,11,"(0.13568408913028165, 0.14970886995698662, 0.0, 0.0, 0.0, 0.04688669779969397, 0.0, 0.09523546217639671, 0.0, 0.01812760691895582)",3
14302,38,13,11,"(0.09033430006888621, 0.14970886995698662, 0.0, 0.0, 0.0, 0.07847037972978224, 0.0, 0.09523546217639671, 0.0, 0.01812760691895582)",11
14303,38,13,11,"(0.09033430006888621, 0.14970886995698662, 0.0, 0.0, 0.0, 0.04688669779969397, 0.0, 0.043643308884573455, 0.0, 0.01812760691895582)",1
14304,38,13,11,"(0.09033430006888621, 0.14970886995698662, 0.0, 0.0, 0.0, 0.04688669779969397, 0.0, 0.09523546217639671, 0.0, 0.01812760691895582)",266
14305,38,13,11,"(0.09033430006888621, 0.14970886995698662, 0.0, 0.0, 0.0, 0.04688669779969397, 0.0, 0.09523546217639671, 0.0, 0.031051048610206557)",52
14306,38,13,11,"(0.09033430006888621, 0.14970886995698662, 0.0, 0.0, 0.0, 0.04688669779969397, 0.0, 0.12153894606214641, 0.0, 0.01812760691895582)",20
14307,38,13,11,"(0.09033430006888621, 0.10638519510754722, 0.0, 0.0, 0.0, 0.04688669779969397, 0.0, 0.09523546217639671, 0.0, 0.014989839085851966)",1
14308,38,13,11,"(0.09033430006888621, 0.14970886995698662, 0.0, 0.0, 0.0, 0.04688669779969397, 0.0, 0.07851631155931958, 0.0, 0.01812760691895582)",64
14309,38,13,11,"(0.2605459262239403, 0.14970886995698662, 0.0, 0.0, 0.0, 0.04688669779969397, 0.0, 0.09523546217639671, 0.0, 0.01812760691895582)",1
14310,38,13,11,"(0.09033430006888621, 0.187008834234394, 0.0, 0.0, 0.0, 0.04688669779969397, 0.0, 0.09523546217639671, 0.0, 0.01812760691895582)",10
14311,38,13,11,"(0.09033430006888621, 0.14970886995698662, 0.0, 0.0, 0.0, 0.04688669779969397, 0.0, 0.20761691833653234, 0.0, 0.01812760691895582)",1
14312,38,13,13,"(0.0, 0.0, 0.11679612853536596, 0.08790626668783519, 0.047612328511878986, 0.0774554560513728, 0.0, 0.0, 0.1972759875625906, 0.0)",27
14313,38,13,13,"(0.0, 0.0, 0.11679612853536596, 0.06920069129515957, 0.09172770611919409, 0.07489992963210028, 0.0, 0.0, 0.14899621190854193, 0.0)",134
14314,38,13,13,"(0.0, 0.0, 0.11679612853536596, 0.08790626668783519, 0.047612328511878986, 0.043868125466913786, 0.0, 0.0, 0.1972759875625906, 0.0)",1
14315,38,13,13,"(0.0, 0.0, 0.11679612853536596, 0.051484126734306995, 0.09172770611919409, 0.07489992963210028, 0.0, 0.0, 0.14899621190854193, 0.0)",4
14316,38,13,13,"(0.0, 0.0, 0.11679612853536596, 0.051484126734306995, 0.10856364358667844, 0.07489992963210028, 0.0, 0.0, 0.14899621190854193, 0.0)",2
14317,38,14,8,"(0.09369258606422372, 0.0, 0.08950620996642342, 0.09247639241939104, 0.09173902283359818, 0.0, 0.06826344941350267, 0.0, 0.0, 0.0)",251
14318,38,14,8,"(0.08829965453524319, 0.0, 0.08599016044591308, 0.09247639241939104, 0.09173902283359818, 0.0, 0.06826344941350267, 0.0, 0.0, 0.0)",6
14319,38,14,8,"(0.08829965453524319, 0.0, 0.08950620996642342, 0.09247639241939104, 0.09173902283359818, 0.0, 0.06826344941350267, 0.0, 0.0, 0.0)",58
14320,38,14,8,"(0.09369258606422372, 0.0, 0.08950620996642342, 0.07327432000612501, 0.09173902283359818, 0.0, 0.06826344941350267, 0.0, 0.0, 0.0)",2
14321,38,14,8,"(0.09369258606422372, 0.0, 0.08950620996642342, 0.059216809780234386, 0.09173902283359818, 0.0, 0.06826344941350267, 0.0, 0.0, 0.0)",1
14322,38,14,11,"(0.09033430006888621, 0.14970886995698662, 0.0, 0.0, 0.0, 0.04688669779969397, 0.0, 0.37326159328043573, 0.0, 0.031051048610206557)",1
14323,38,14,11,"(0.09033430006888621, 0.14970886995698662, 0.0, 0.0, 0.0, 0.04688669779969397, 0.0, 0.07851631155931958, 0.0, 0.01812760691895582)",12
14324,38,14,11,"(0.09033430006888621, 0.1815715625483276, 0.0, 0.0, 0.0, 0.04688669779969397, 0.0, 0.09523546217639671, 0.0, 0.01812760691895582)",1
14325,38,14,11,"(0.09033430006888621, 0.14970886995698662, 0.0, 0.0, 0.0, 0.04688669779969397, 0.0, 0.09523546217639671, 0.0, 0.01812760691895582)",410
14326,38,14,11,"(0.09033430006888621, 0.19342578708802405, 0.0, 0.0, 0.0, 0.04688669779969397, 0.0, 0.09523546217639671, 0.0, 0.014294548587214118)",1
14327,38,14,11,"(0.09033430006888621, 0.14970886995698662, 0.0, 0.0, 0.0, 0.04688669779969397, 0.0, 0.11670310704075267, 0.0, 0.02974035795569644)",13
14328,38,14,11,"(0.04354187415105264, 0.14970886995698662, 0.0, 0.0, 0.0, 0.08943897051490036, 0.0, 0.07851631155931958, 0.0, 0.017971539066401247)",2
14329,38,14,11,"(0.09033430006888621, 0.14970886995698662, 0.0, 0.0, 0.0, 0.04688669779969397, 0.0, 0.09523546217639671, 0.0, 0.031051048610206557)",46
14330,38,14,13,"(0.0, 0.0, 0.11679612853536596, 0.06920069129515957, 0.05557521169387416, 0.07489992963210028, 0.0, 0.0, 0.14899621190854193, 0.0)",1
14331,38,14,13,"(0.0, 0.0, 0.11679612853536596, 0.08790626668783519, 0.06814918574538, 0.0774554560513728, 0.0, 0.0, 0.2308945649666954, 0.0)",1
14332,38,14,13,"(0.0, 0.0, 0.11679612853536596, 0.06920069129515957, 0.09172770611919409, 0.07489992963210028, 0.0, 0.0, 0.14899621190854193, 0.0)",55
14333,38,14,13,"(0.0, 0.0, 0.11679612853536596, 0.06067689356887813, 0.047612328511878986, 0.0774554560513728, 0.0, 0.0, 0.1972759875625906, 0.0)",2
14334,38,14,13,"(0.0, 0.0, 0.11679612853536596, 0.050523989170525495, 0.09172770611919409, 0.07489992963210028, 0.0, 0.0, 0.14899621190854193, 0.0)",4
14335,38,14,13,"(0.0, 0.0, 0.11679612853536596, 0.08790626668783519, 0.047612328511878986, 0.0774554560513728, 0.0, 0.0, 0.1972759875625906, 0.0)",111
14336,38,15,8,"(0.15187648638166176, 0.0, 0.08950620996642342, 0.09247639241939104, 0.08680592314419908, 0.0, 0.06826344941350267, 0.0, 0.0, 0.0)",2
14337,38,15,8,"(0.09369258606422372, 0.0, 0.08950620996642342, 0.09247639241939104, 0.11337614331522994, 0.0, 0.06826344941350267, 0.0, 0.0, 0.0)",1
14338,38,15,8,"(0.09369258606422372, 0.0, 0.08950620996642342, 0.09247639241939104, 0.09173902283359818, 0.0, 0.06826344941350267, 0.0, 0.0, 0.0)",279
14339,38,15,8,"(0.09369258606422372, 0.0, 0.08950620996642342, 0.09247639241939104, 0.11494996791941074, 0.0, 0.11912675990736064, 0.0, 0.0, 0.0)",6
14340,38,15,8,"(0.09369258606422372, 0.0, 0.08950620996642342, 0.09247639241939104, 0.1791517304122851, 0.0, 0.06826344941350267, 0.0, 0.0, 0.0)",1
14341,38,15,11,"(0.09033430006888621, 0.17189669171048844, 0.0, 0.0, 0.0, 0.04688669779969397, 0.0, 0.09523546217639671, 0.0, 0.04139895305824323)",1
14342,38,15,11,"(0.09033430006888621, 0.14970886995698662, 0.0, 0.0, 0.0, 0.04688669779969397, 0.0, 0.09523546217639671, 0.0, 0.006075672924457883)",4
14343,38,15,11,"(0.09033430006888621, 0.14970886995698662, 0.0, 0.0, 0.0, 0.04688669779969397, 0.0, 0.09523546217639671, 0.0, 0.01812760691895582)",208
14344,38,15,11,"(0.09033430006888621, 0.07923215507982538, 0.0, 0.0, 0.0, 0.035642035524374574, 0.0, 0.09523546217639671, 0.0, 0.026389818332148672)",2
14345,38,15,11,"(0.09033430006888621, 0.07923215507982538, 0.0, 0.0, 0.0, 0.04688669779969397, 0.0, 0.09523546217639671, 0.0, 0.01812760691895582)",121
14346,38,15,11,"(0.09033430006888621, 0.14970886995698662, 0.0, 0.0, 0.0, 0.04688669779969397, 0.0, 0.09523546217639671, 0.0, 0.008118163314435201)",1
14347,38,15,11,"(0.09033430006888621, 0.14970886995698662, 0.0, 0.0, 0.0, 0.05877529254663516, 0.0, 0.10806390051880584, 0.0, 0.025356974678972882)",1
14348,38,15,11,"(0.09033430006888621, 0.11939504451705392, 0.0, 0.0, 0.0, 0.04688669779969397, 0.0, 0.09523546217639671, 0.0, 0.01812760691895582)",2
14349,38,15,11,"(0.09033430006888621, 0.14970886995698662, 0.0, 0.0, 0.0, 0.04688669779969397, 0.0, 0.06916200143237183, 0.0, 0.024289316412166986)",9
14350,38,15,11,"(0.09033430006888621, 0.24625961355148454, 0.0, 0.0, 0.0, 0.04688669779969397, 0.0, 0.09523546217639671, 0.0, 0.01812760691895582)",1
14351,38,15,11,"(0.09033430006888621, 0.14970886995698662, 0.0, 0.0, 0.0, 0.057505049153360695, 0.0, 0.09523546217639671, 0.0, 0.024289316412166986)",3
14352,38,15,11,"(0.04834278441841478, 0.07923215507982538, 0.0, 0.0, 0.0, 0.04688669779969397, 0.0, 0.06331132908446933, 0.0, 0.01812760691895582)",6
14353,38,15,11,"(0.09033430006888621, 0.14970886995698662, 0.0, 0.0, 0.0, 0.04688669779969397, 0.0, 0.09523546217639671, 0.0, 0.013143552107787327)",2
14354,38,15,11,"(0.09033430006888621, 0.14970886995698662, 0.0, 0.0, 0.0, 0.04688669779969397, 0.0, 0.09523546217639671, 0.0, 0.024289316412166986)",178
14355,38,15,13,"(0.0, 0.0, 0.11679612853536596, 0.06920069129515957, 0.09172770611919409, 0.07489992963210028, 0.0, 0.0, 0.15367953101537812, 0.0)",37
14356,38,15,13,"(0.0, 0.0, 0.11679612853536596, 0.06920069129515957, 0.09172770611919409, 0.07489992963210028, 0.0, 0.0, 0.14899621190854193, 0.0)",157
14357,38,16,8,"(0.09369258606422372, 0.0, 0.05033514840567106, 0.1224483330065067, 0.09173902283359818, 0.0, 0.06826344941350267, 0.0, 0.0, 0.0)",39
14358,38,16,8,"(0.07877696830304899, 0.0, 0.13203548681673047, 0.10221891182837473, 0.033848598904815945, 0.0, 0.06826344941350267, 0.0, 0.0, 0.0)",2
14359,38,16,8,"(0.09369258606422372, 0.0, 0.08950620996642342, 0.09247639241939104, 0.23667089443083478, 0.0, 0.04593320566178686, 0.0, 0.0, 0.0)",1
14360,38,16,8,"(0.09369258606422372, 0.0, 0.08950620996642342, 0.09694616114981626, 0.09173902283359818, 0.0, 0.06826344941350267, 0.0, 0.0, 0.0)",1
14361,38,16,8,"(0.09369258606422372, 0.0, 0.06898761419959339, 0.09247639241939104, 0.09173902283359818, 0.0, 0.07062335925530304, 0.0, 0.0, 0.0)",4
14362,38,16,8,"(0.09369258606422372, 0.0, 0.05033514840567106, 0.1224483330065067, 0.03937228640573525, 0.0, 0.06826344941350267, 0.0, 0.0, 0.0)",2
14363,38,16,8,"(0.09369258606422372, 0.0, 0.08950620996642342, 0.09247639241939104, 0.09173902283359818, 0.0, 0.06826344941350267, 0.0, 0.0, 0.0)",242
14364,38,16,11,"(0.09033430006888621, 0.14970886995698662, 0.0, 0.0, 0.0, 0.04688669779969397, 0.0, 0.09523546217639671, 0.0, 0.024289316412166986)",139
14365,38,16,11,"(0.09033430006888621, 0.14970886995698662, 0.0, 0.0, 0.0, 0.04688669779969397, 0.0, 0.15994133700182428, 0.0, 0.01812760691895582)",17
14366,38,16,11,"(0.09033430006888621, 0.07923215507982538, 0.0, 0.0, 0.0, 0.04688669779969397, 0.0, 0.09523546217639671, 0.0, 0.01812760691895582)",162
14367,38,16,11,"(0.09033430006888621, 0.14970886995698662, 0.0, 0.0, 0.0, 0.04688669779969397, 0.0, 0.0998268839008733, 0.0, 0.01812760691895582)",13
14368,38,16,11,"(0.09033430006888621, 0.14970886995698662, 0.0, 0.0, 0.0, 0.03554164491834786, 0.0, 0.09523546217639671, 0.0, 0.024289316412166986)",10
14369,38,16,11,"(0.09033430006888621, 0.14970886995698662, 0.0, 0.0, 0.0, 0.05092423551258363, 0.0, 0.09523546217639671, 0.0, 0.01812760691895582)",1
14370,38,16,11,"(0.09033430006888621, 0.14970886995698662, 0.0, 0.0, 0.0, 0.04688669779969397, 0.0, 0.09523546217639671, 0.0, 0.01812760691895582)",225
14371,38,16,11,"(0.08191756630481145, 0.14970886995698662, 0.0, 0.0, 0.0, 0.04688669779969397, 0.0, 0.07014563651608789, 0.0, 0.01812760691895582)",2
14372,38,16,11,"(0.09033430006888621, 0.14970886995698662, 0.0, 0.0, 0.0, 0.04688669779969397, 0.0, 0.09523546217639671, 0.0, 0.026757446563518007)",1
14373,38,16,11,"(0.09497900739717346, 0.07772315213211577, 0.0, 0.0, 0.0, 0.04688669779969397, 0.0, 0.13101067742002695, 0.0, 0.01812760691895582)",1
14374,38,16,11,"(0.22375283140153043, 0.12054740286604539, 0.0, 0.0, 0.0, 0.04688669779969397, 0.0, 0.09523546217639671, 0.0, 0.024289316412166986)",1
14375,38,16,11,"(0.09033430006888621, 0.14970886995698662, 0.0, 0.0, 0.0, 0.04688669779969397, 0.0, 0.1282944323636106, 0.0, 0.01812760691895582)",1
14376,38,16,13,"(0.0, 0.0, 0.11679612853536596, 0.06920069129515957, 0.09172770611919409, 0.07489992963210028, 0.0, 0.0, 0.14899621190854193, 0.0)",166
14377,38,16,13,"(0.0, 0.0, 0.1745955673459087, 0.06920069129515957, 0.09172770611919409, 0.07489992963210028, 0.0, 0.0, 0.14899621190854193, 0.0)",1
14378,38,17,8,"(0.09369258606422372, 0.0, 0.08950620996642342, 0.09247639241939104, 0.06021607535404871, 0.0, 0.06826344941350267, 0.0, 0.0, 0.0)",8
14379,38,17,8,"(0.09369258606422372, 0.0, 0.08950620996642342, 0.09247639241939104, 0.09173902283359818, 0.0, 0.07392874823787064, 0.0, 0.0, 0.0)",1
14380,38,17,8,"(0.09369258606422372, 0.0, 0.08950620996642342, 0.09247639241939104, 0.11997186488957325, 0.0, 0.06826344941350267, 0.0, 0.0, 0.0)",1
14381,38,17,8,"(0.09369258606422372, 0.0, 0.06829004444751857, 0.09247639241939104, 0.09173902283359818, 0.0, 0.047823257560503936, 0.0, 0.0, 0.0)",3
14382,38,17,8,"(0.07445824862979407, 0.0, 0.06829004444751857, 0.09247639241939104, 0.09173902283359818, 0.0, 0.047823257560503936, 0.0, 0.0, 0.0)",2
14383,38,17,8,"(0.09369258606422372, 0.0, 0.08950620996642342, 0.09247639241939104, 0.11494996791941074, 0.0, 0.11912675990736064, 0.0, 0.0, 0.0)",16
14384,38,17,8,"(0.09369258606422372, 0.0, 0.08950620996642342, 0.09247639241939104, 0.11494996791941074, 0.0, 0.08997107999017478, 0.0, 0.0, 0.0)",2
14385,38,17,8,"(0.09369258606422372, 0.0, 0.08950620996642342, 0.09247639241939104, 0.09173902283359818, 0.0, 0.06826344941350267, 0.0, 0.0, 0.0)",288
14386,38,17,8,"(0.09369258606422372, 0.0, 0.08950620996642342, 0.05756075784782419, 0.09173902283359818, 0.0, 0.06826344941350267, 0.0, 0.0, 0.0)",1
14387,38,17,8,"(0.09369258606422372, 0.0, 0.08950620996642342, 0.09247639241939104, 0.03350766386706808, 0.0, 0.06826344941350267, 0.0, 0.0, 0.0)",1
14388,38,17,11,"(0.09033430006888621, 0.14970886995698662, 0.0, 0.0, 0.0, 0.030315661046116174, 0.0, 0.09523546217639671, 0.0, 0.024289316412166986)",1
14389,38,17,11,"(0.09033430006888621, 0.07923215507982538, 0.0, 0.0, 0.0, 0.04688669779969397, 0.0, 0.09523546217639671, 0.0, 0.01812760691895582)",67
14390,38,17,11,"(0.09033430006888621, 0.14970886995698662, 0.0, 0.0, 0.0, 0.04688669779969397, 0.0, 0.09523546217639671, 0.0, 0.01812760691895582)",168
14391,38,17,11,"(0.09033430006888621, 0.14970886995698662, 0.0, 0.0, 0.0, 0.043578699822787226, 0.0, 0.11068755286719632, 0.0, 0.01812760691895582)",3
14392,38,17,11,"(0.09033430006888621, 0.17352217697511488, 0.0, 0.0, 0.0, 0.04688669779969397, 0.0, 0.09523546217639671, 0.0, 0.024289316412166986)",3
14393,38,17,11,"(0.09033430006888621, 0.14970886995698662, 0.0, 0.0, 0.0, 0.04688669779969397, 0.0, 0.09523546217639671, 0.0, 0.024289316412166986)",161
14394,38,17,11,"(0.09033430006888621, 0.14970886995698662, 0.0, 0.0, 0.0, 0.04688669779969397, 0.0, 0.09523546217639671, 0.0, 0.04107106800028869)",1
14395,38,17,11,"(0.09033430006888621, 0.1113153968801477, 0.0, 0.0, 0.0, 0.058842503674995335, 0.0, 0.09523546217639671, 0.0, 0.027991420480181228)",3
14396,38,17,11,"(0.09033430006888621, 0.14970886995698662, 0.0, 0.0, 0.0, 0.0587950070579475, 0.0, 0.11662041847118586, 0.0, 0.024289316412166986)",6
14397,38,17,11,"(0.09033430006888621, 0.14970886995698662, 0.0, 0.0, 0.0, 0.04688669779969397, 0.0, 0.09523546217639671, 0.0, 0.013936657427001018)",6
14398,38,17,11,"(0.09033430006888621, 0.14970886995698662, 0.0, 0.0, 0.0, 0.04688669779969397, 0.0, 0.09523546217639671, 0.0, 0.03054107549722307)",1
14399,38,17,11,"(0.09033430006888621, 0.14970886995698662, 0.0, 0.0, 0.0, 0.04688669779969397, 0.0, 0.10777217736441512, 0.0, 0.024289316412166986)",1
14400,38,17,13,"(0.0, 0.0, 0.11679612853536596, 0.06920069129515957, 0.06797807534839258, 0.07489992963210028, 0.0, 0.0, 0.14899621190854193, 0.0)",2
14401,38,17,13,"(0.0, 0.0, 0.11679612853536596, 0.06920069129515957, 0.09172770611919409, 0.07489992963210028, 0.0, 0.0, 0.14208011942233553, 0.0)",1
14402,38,17,13,"(0.0, 0.0, 0.11679612853536596, 0.06920069129515957, 0.10477025706573037, 0.07489992963210028, 0.0, 0.0, 0.14899621190854193, 0.0)",1
14403,38,17,13,"(0.0, 0.0, 0.11679612853536596, 0.06920069129515957, 0.09172770611919409, 0.07489992963210028, 0.0, 0.0, 0.14899621190854193, 0.0)",173
14404,38,18,8,"(0.09369258606422372, 0.0, 0.05033514840567106, 0.1224483330065067, 0.09173902283359818, 0.0, 0.06826344941350267, 0.0, 0.0, 0.0)",30
14405,38,18,8,"(0.09369258606422372, 0.0, 0.08950620996642342, 0.09247639241939104, 0.09173902283359818, 0.0, 0.10481421026003228, 0.0, 0.0, 0.0)",1
14406,38,18,8,"(0.09369258606422372, 0.0, 0.08950620996642342, 0.09247639241939104, 0.09173902283359818, 0.0, 0.06826344941350267, 0.0, 0.0, 0.0)",282
14407,38,18,8,"(0.07664481537767065, 0.0, 0.08950620996642342, 0.09247639241939104, 0.09173902283359818, 0.0, 0.06826344941350267, 0.0, 0.0, 0.0)",1
14408,38,18,8,"(0.09369258606422372, 0.0, 0.04915204108362436, 0.1224483330065067, 0.06936140933554756, 0.0, 0.06826344941350267, 0.0, 0.0, 0.0)",2
14409,38,18,8,"(0.09369258606422372, 0.0, 0.05215338946737687, 0.09247639241939104, 0.09173902283359818, 0.0, 0.06826344941350267, 0.0, 0.0, 0.0)",1
14410,38,18,11,"(0.09033430006888621, 0.07923215507982538, 0.0, 0.0, 0.0, 0.04688669779969397, 0.0, 0.09523546217639671, 0.0, 0.01812760691895582)",139
14411,38,18,11,"(0.09033430006888621, 0.14970886995698662, 0.0, 0.0, 0.0, 0.043578699822787226, 0.0, 0.11068755286719632, 0.0, 0.01812760691895582)",24
14412,38,18,11,"(0.0300846177476902, 0.07923215507982538, 0.0, 0.0, 0.0, 0.030191617744692038, 0.0, 0.09523546217639671, 0.0, 0.01812760691895582)",2
14413,38,18,11,"(0.09033430006888621, 0.10582530983975791, 0.0, 0.0, 0.0, 0.06389072433219073, 0.0, 0.09523546217639671, 0.0, 0.024289316412166986)",2
14414,38,18,11,"(0.09033430006888621, 0.07923215507982538, 0.0, 0.0, 0.0, 0.05109298482550116, 0.0, 0.09523546217639671, 0.0, 0.01812760691895582)",1
14415,38,18,11,"(0.09033430006888621, 0.09570570389917521, 0.0, 0.0, 0.0, 0.07747441539181503, 0.0, 0.09523546217639671, 0.0, 0.01812760691895582)",1
14416,38,18,11,"(0.09033430006888621, 0.14970886995698662, 0.0, 0.0, 0.0, 0.04688669779969397, 0.0, 0.07646078399247012, 0.0, 0.01812760691895582)",2
14417,38,18,11,"(0.09033430006888621, 0.14970886995698662, 0.0, 0.0, 0.0, 0.04688669779969397, 0.0, 0.09523546217639671, 0.0, 0.018477909800593606)",3
14418,38,18,11,"(0.09033430006888621, 0.07923215507982538, 0.0, 0.0, 0.0, 0.06416019888324904, 0.0, 0.09523546217639671, 0.0, 0.01812760691895582)",1
14419,38,18,11,"(0.09033430006888621, 0.07923215507982538, 0.0, 0.0, 0.0, 0.07485007908711676, 0.0, 0.09523546217639671, 0.0, 0.01812760691895582)",60
14420,38,18,11,"(0.09033430006888621, 0.14970886995698662, 0.0, 0.0, 0.0, 0.08465754481141138, 0.0, 0.09523546217639671, 0.0, 0.01812760691895582)",1
14421,38,18,11,"(0.0702981721269612, 0.07923215507982538, 0.0, 0.0, 0.0, 0.04688669779969397, 0.0, 0.09523546217639671, 0.0, 0.01812760691895582)",1
14422,38,18,11,"(0.09033430006888621, 0.14970886995698662, 0.0, 0.0, 0.0, 0.04688669779969397, 0.0, 0.09523546217639671, 0.0, 0.024289316412166986)",109
14423,38,18,11,"(0.09033430006888621, 0.14970886995698662, 0.0, 0.0, 0.0, 0.16569048419925467, 0.0, 0.10152550498918109, 0.0, 0.024289316412166986)",1
14424,38,18,11,"(0.09033430006888621, 0.14970886995698662, 0.0, 0.0, 0.0, 0.04688669779969397, 0.0, 0.09523546217639671, 0.0, 0.01812760691895582)",129
14425,38,18,13,"(0.0, 0.0, 0.13827136857543065, 0.06920069129515957, 0.037645990316173356, 0.07489992963210028, 0.0, 0.0, 0.14899621190854193, 0.0)",2
14426,38,18,13,"(0.0, 0.0, 0.11679612853536596, 0.06920069129515957, 0.09172770611919409, 0.07489992963210028, 0.0, 0.0, 0.14899621190854193, 0.0)",181
14427,38,19,8,"(0.09369258606422372, 0.0, 0.08950620996642342, 0.09247639241939104, 0.13306279854999495, 0.0, 0.06826344941350267, 0.0, 0.0, 0.0)",6
14428,38,19,8,"(0.09369258606422372, 0.0, 0.08950620996642342, 0.09247639241939104, 0.09173902283359818, 0.0, 0.0792666270603134, 0.0, 0.0, 0.0)",3
14429,38,19,8,"(0.09369258606422372, 0.0, 0.11025785410233226, 0.09247639241939104, 0.09173902283359818, 0.0, 0.06826344941350267, 0.0, 0.0, 0.0)",1
14430,38,19,8,"(0.09369258606422372, 0.0, 0.12988835212116356, 0.09247639241939104, 0.09173902283359818, 0.0, 0.06826344941350267, 0.0, 0.0, 0.0)",1
14431,38,19,8,"(0.09369258606422372, 0.0, 0.08950620996642342, 0.09247639241939104, 0.09173902283359818, 0.0, 0.06826344941350267, 0.0, 0.0, 0.0)",350
14432,38,19,8,"(0.09369258606422372, 0.0, 0.08623893872606442, 0.12703057336118215, 0.09173902283359818, 0.0, 0.06826344941350267, 0.0, 0.0, 0.0)",6
14433,38,19,8,"(0.09369258606422372, 0.0, 0.08950620996642342, 0.09247639241939104, 0.08053233524955379, 0.0, 0.06826344941350267, 0.0, 0.0, 0.0)",3
14434,38,19,11,"(0.09033430006888621, 0.14970886995698662, 0.0, 0.0, 0.0, 0.04688669779969397, 0.0, 0.13976035305104761, 0.0, 0.024289316412166986)",30
14435,38,19,11,"(0.09033430006888621, 0.14970886995698662, 0.0, 0.0, 0.0, 0.04688669779969397, 0.0, 0.09523546217639671, 0.0, 0.01812760691895582)",246
14436,38,19,11,"(0.09033430006888621, 0.14970886995698662, 0.0, 0.0, 0.0, 0.06620505619780011, 0.0, 0.09523546217639671, 0.0, 0.024289316412166986)",1
14437,38,19,11,"(0.09033430006888621, 0.14970886995698662, 0.0, 0.0, 0.0, 0.04688669779969397, 0.0, 0.17018940055205753, 0.0, 0.024289316412166986)",3
14438,38,19,11,"(0.09033430006888621, 0.1057635253041933, 0.0, 0.0, 0.0, 0.03992780018995745, 0.0, 0.09523546217639671, 0.0, 0.012958792893823791)",54
14439,38,19,11,"(0.09033430006888621, 0.12202001472923778, 0.0, 0.0, 0.0, 0.04688669779969397, 0.0, 0.09523546217639671, 0.0, 0.014479184217314405)",6
14440,38,19,11,"(0.09033430006888621, 0.14970886995698662, 0.0, 0.0, 0.0, 0.04688669779969397, 0.0, 0.09523546217639671, 0.0, 0.024289316412166986)",93
14441,38,19,11,"(0.09033430006888621, 0.14970886995698662, 0.0, 0.0, 0.0, 0.04688669779969397, 0.0, 0.0532347709653259, 0.0, 0.022010503039139047)",1
14442,38,19,11,"(0.09033430006888621, 0.2546515107657672, 0.0, 0.0, 0.0, 0.04688669779969397, 0.0, 0.09523546217639671, 0.0, 0.01812760691895582)",2
14443,38,19,11,"(0.09033430006888621, 0.14970886995698662, 0.0, 0.0, 0.0, 0.04688669779969397, 0.0, 0.032776156436433175, 0.0, 0.01812760691895582)",1
14444,38,19,11,"(0.09033430006888621, 0.14970886995698662, 0.0, 0.0, 0.0, 0.04688669779969397, 0.0, 0.09523546217639671, 0.0, 0.018477909800593606)",6
14445,38,19,11,"(0.09033430006888621, 0.07923215507982538, 0.0, 0.0, 0.0, 0.04688669779969397, 0.0, 0.09523546217639671, 0.0, 0.01812760691895582)",44
14446,38,19,13,"(0.0, 0.0, 0.11679612853536596, 0.06920069129515957, 0.09172770611919409, 0.07489992963210028, 0.0, 0.0, 0.14899621190854193, 0.0)",165
14447,38,20,8,"(0.09369258606422372, 0.0, 0.08950620996642342, 0.0711632126846667, 0.09173902283359818, 0.0, 0.09074202796620377, 0.0, 0.0, 0.0)",47
14448,38,20,8,"(0.09369258606422372, 0.0, 0.08950620996642342, 0.07593678249651906, 0.09173902283359818, 0.0, 0.18104379756890845, 0.0, 0.0, 0.0)",1
14449,38,20,8,"(0.09369258606422372, 0.0, 0.08950620996642342, 0.08824486991729122, 0.09173902283359818, 0.0, 0.06826344941350267, 0.0, 0.0, 0.0)",5
14450,38,20,8,"(0.09369258606422372, 0.0, 0.08950620996642342, 0.09247639241939104, 0.09173902283359818, 0.0, 0.0557477961834518, 0.0, 0.0, 0.0)",4
14451,38,20,8,"(0.09369258606422372, 0.0, 0.08950620996642342, 0.09247639241939104, 0.09173902283359818, 0.0, 0.06826344941350267, 0.0, 0.0, 0.0)",302
14452,38,20,8,"(0.09369258606422372, 0.0, 0.08435859508543081, 0.09247639241939104, 0.043724070090588193, 0.0, 0.06826344941350267, 0.0, 0.0, 0.0)",4
14453,38,20,11,"(0.09033430006888621, 0.06441312833375501, 0.0, 0.0, 0.0, 0.10176085564346997, 0.0, 0.09523546217639671, 0.0, 0.01812760691895582)",1
14454,38,20,11,"(0.09033430006888621, 0.14970886995698662, 0.0, 0.0, 0.0, 0.04688669779969397, 0.0, 0.09523546217639671, 0.0, 0.024289316412166986)",25
14455,38,20,11,"(0.09033430006888621, 0.14970886995698662, 0.0, 0.0, 0.0, 0.04688669779969397, 0.0, 0.09523546217639671, 0.0, 0.01812760691895582)",58
14456,38,20,11,"(0.09033430006888621, 0.14970886995698662, 0.0, 0.0, 0.0, 0.043578699822787226, 0.0, 0.11068755286719632, 0.0, 0.01812760691895582)",81
14457,38,20,11,"(0.14909550941167307, 0.14970886995698662, 0.0, 0.0, 0.0, 0.04688669779969397, 0.0, 0.09523546217639671, 0.0, 0.01812760691895582)",10
14458,38,20,11,"(0.11000236322195496, 0.14970886995698662, 0.0, 0.0, 0.0, 0.043578699822787226, 0.0, 0.11068755286719632, 0.0, 0.01812760691895582)",1
14459,38,20,11,"(0.09033430006888621, 0.14970886995698662, 0.0, 0.0, 0.0, 0.04688669779969397, 0.0, 0.09523546217639671, 0.0, 0.018477909800593606)",27
14460,38,20,11,"(0.09033430006888621, 0.07923215507982538, 0.0, 0.0, 0.0, 0.04688669779969397, 0.0, 0.09523546217639671, 0.0, 0.013418017034347297)",1
14461,38,20,11,"(0.09033430006888621, 0.07923215507982538, 0.0, 0.0, 0.0, 0.04323050520394292, 0.0, 0.09523546217639671, 0.0, 0.01812760691895582)",1
14462,38,20,11,"(0.09033430006888621, 0.14970886995698662, 0.0, 0.0, 0.0, 0.04032967438737892, 0.0, 0.06843704594674967, 0.0, 0.01812760691895582)",15
14463,38,20,11,"(0.09033430006888621, 0.14970886995698662, 0.0, 0.0, 0.0, 0.043578699822787226, 0.0, 0.11068755286719632, 0.0, 0.03426056277207963)",7
14464,38,20,11,"(0.09033430006888621, 0.07923215507982538, 0.0, 0.0, 0.0, 0.04688669779969397, 0.0, 0.09523546217639671, 0.0, 0.01812760691895582)",267
14465,38,20,13,"(0.0, 0.0, 0.11679612853536596, 0.044960573061616, 0.09172770611919409, 0.060364209507832396, 0.0, 0.0, 0.14899621190854193, 0.0)",1
14466,38,20,13,"(0.0, 0.0, 0.11679612853536596, 0.06920069129515957, 0.09172770611919409, 0.07489992963210028, 0.0, 0.0, 0.14899621190854193, 0.0)",158
14467,38,20,13,"(0.0, 0.0, 0.11679612853536596, 0.06920069129515957, 0.041833160797312724, 0.07489992963210028, 0.0, 0.0, 0.14899621190854193, 0.0)",3
14468,38,20,13,"(0.0, 0.0, 0.11679612853536596, 0.06920069129515957, 0.09172770611919409, 0.06906636547432357, 0.0, 0.0, 0.14899621190854193, 0.0)",5
14469,39,0,8,"(0.09369258606422372, 0.0, 0.08950620996642342, 0.09247639241939104, 0.11494996791941074, 0.0, 0.11912675990736064, 0.0, 0.0, 0.0)",7
14470,39,0,8,"(0.09369258606422372, 0.0, 0.08950620996642342, 0.06922073533527345, 0.09173902283359818, 0.0, 0.06826344941350267, 0.0, 0.0, 0.0)",1
14471,39,0,8,"(0.09369258606422372, 0.0, 0.08950620996642342, 0.09247639241939104, 0.09638134534287764, 0.0, 0.06826344941350267, 0.0, 0.0, 0.0)",1
14472,39,0,8,"(0.09369258606422372, 0.0, 0.08950620996642342, 0.09247639241939104, 0.09173902283359818, 0.0, 0.05389903198433421, 0.0, 0.0, 0.0)",1
14473,39,0,8,"(0.09369258606422372, 0.0, 0.07693964633087232, 0.09247639241939104, 0.09173902283359818, 0.0, 0.06826344941350267, 0.0, 0.0, 0.0)",7
14474,39,0,8,"(0.09369258606422372, 0.0, 0.08950620996642342, 0.09247639241939104, 0.09173902283359818, 0.0, 0.06826344941350267, 0.0, 0.0, 0.0)",313
14475,39,0,8,"(0.09369258606422372, 0.0, 0.08950620996642342, 0.03130308202584284, 0.09173902283359818, 0.0, 0.06826344941350267, 0.0, 0.0, 0.0)",1
14476,39,0,11,"(0.09033430006888621, 0.06806047422710287, 0.0, 0.0, 0.0, 0.04688669779969397, 0.0, 0.09523546217639671, 0.0, 0.024289316412166986)",1
14477,39,0,11,"(0.09033430006888621, 0.14970886995698662, 0.0, 0.0, 0.0, 0.04688669779969397, 0.0, 0.09523546217639671, 0.0, 0.024289316412166986)",128
14478,39,0,11,"(0.09033430006888621, 0.07923215507982538, 0.0, 0.0, 0.0, 0.04688669779969397, 0.0, 0.09523546217639671, 0.0, 0.01812760691895582)",123
14479,39,0,11,"(0.09033430006888621, 0.14970886995698662, 0.0, 0.0, 0.0, 0.04688669779969397, 0.0, 0.06585181171037253, 0.0, 0.024289316412166986)",1
14480,39,0,11,"(0.0991390571535092, 0.14970886995698662, 0.0, 0.0, 0.0, 0.07305620841312144, 0.0, 0.0882507392308397, 0.0, 0.024289316412166986)",2
14481,39,0,11,"(0.09033430006888621, 0.14970886995698662, 0.0, 0.0, 0.0, 0.04688669779969397, 0.0, 0.09523546217639671, 0.0, 0.01812760691895582)",156
14482,39,0,11,"(0.09033430006888621, 0.14970886995698662, 0.0, 0.0, 0.0, 0.03407612591835623, 0.0, 0.09523546217639671, 0.0, 0.024289316412166986)",2
14483,39,0,11,"(0.08273586351462514, 0.14970886995698662, 0.0, 0.0, 0.0, 0.04688669779969397, 0.0, 0.05063836464459526, 0.0, 0.03756569961821323)",1
14484,39,0,11,"(0.04834278441841478, 0.07923215507982538, 0.0, 0.0, 0.0, 0.04688669779969397, 0.0, 0.06331132908446933, 0.0, 0.01812760691895582)",32
14485,39,0,13,"(0.0, 0.0, 0.11679612853536596, 0.06920069129515957, 0.09172770611919409, 0.07489992963210028, 0.0, 0.0, 0.15367953101537812, 0.0)",11
14486,39,0,13,"(0.0, 0.0, 0.11679612853536596, 0.06920069129515957, 0.09172770611919409, 0.07489992963210028, 0.0, 0.0, 0.14899621190854193, 0.0)",157
14487,39,0,13,"(0.0, 0.0, 0.13772425605542193, 0.06920069129515957, 0.09172770611919409, 0.07489992963210028, 0.0, 0.0, 0.14899621190854193, 0.0)",2
14488,39,0,13,"(0.0, 0.0, 0.11679612853536596, 0.06920069129515957, 0.09172770611919409, 0.1548575700160265, 0.0, 0.0, 0.14899621190854193, 0.0)",2
14489,39,0,13,"(0.0, 0.0, 0.18801526528546758, 0.06920069129515957, 0.09172770611919409, 0.06247903031998399, 0.0, 0.0, 0.14899621190854193, 0.0)",1
14490,39,1,8,"(0.09369258606422372, 0.0, 0.08950620996642342, 0.09247639241939104, 0.12105404287342456, 0.0, 0.06826344941350267, 0.0, 0.0, 0.0)",1
14491,39,1,8,"(0.09369258606422372, 0.0, 0.08950620996642342, 0.09247639241939104, 0.09173902283359818, 0.0, 0.06826344941350267, 0.0, 0.0, 0.0)",314
14492,39,1,8,"(0.05424360245635683, 0.0, 0.08950620996642342, 0.09247639241939104, 0.09173902283359818, 0.0, 0.06826344941350267, 0.0, 0.0, 0.0)",5
14493,39,1,11,"(0.11551527772610139, 0.14970886995698662, 0.0, 0.0, 0.0, 0.04688669779969397, 0.0, 0.09523546217639671, 0.0, 0.02765076213792195)",3
14494,39,1,11,"(0.09033430006888621, 0.14970886995698662, 0.0, 0.0, 0.0, 0.04688669779969397, 0.0, 0.09523546217639671, 0.0, 0.024289316412166986)",221
14495,39,1,11,"(0.09033430006888621, 0.14970886995698662, 0.0, 0.0, 0.0, 0.04688669779969397, 0.0, 0.10055979738741405, 0.0, 0.024289316412166986)",1
14496,39,1,11,"(0.09033430006888621, 0.14970886995698662, 0.0, 0.0, 0.0, 0.04688669779969397, 0.0, 0.06916200143237183, 0.0, 0.024289316412166986)",65
14497,39,1,11,"(0.06955305218031746, 0.07923215507982538, 0.0, 0.0, 0.0, 0.04688669779969397, 0.0, 0.09523546217639671, 0.0, 0.009943853918792744)",1
14498,39,1,11,"(0.11657296511420465, 0.14970886995698662, 0.0, 0.0, 0.0, 0.04688669779969397, 0.0, 0.09523546217639671, 0.0, 0.024289316412166986)",1
14499,39,1,11,"(0.09033430006888621, 0.07923215507982538, 0.0, 0.0, 0.0, 0.04688669779969397, 0.0, 0.0817540200789784, 0.0, 0.01812760691895582)",2
14500,39,1,11,"(0.09033430006888621, 0.14970886995698662, 0.0, 0.0, 0.0, 0.04688669779969397, 0.0, 0.09523546217639671, 0.0, 0.01812760691895582)",54
14501,39,1,11,"(0.09033430006888621, 0.07923215507982538, 0.0, 0.0, 0.0, 0.04688669779969397, 0.0, 0.09523546217639671, 0.0, 0.01812760691895582)",110
14502,39,1,13,"(0.0, 0.0, 0.11679612853536596, 0.06920069129515957, 0.09172770611919409, 0.07489992963210028, 0.0, 0.0, 0.21815049182096588, 0.0)",1
14503,39,1,13,"(0.0, 0.0, 0.11679612853536596, 0.06920069129515957, 0.09172770611919409, 0.07489992963210028, 0.0, 0.0, 0.15367953101537812, 0.0)",46
14504,39,1,13,"(0.0, 0.0, 0.08410749090880706, 0.06920069129515957, 0.09172770611919409, 0.07489992963210028, 0.0, 0.0, 0.14899621190854193, 0.0)",2
14505,39,1,13,"(0.0, 0.0, 0.11679612853536596, 0.06920069129515957, 0.09172770611919409, 0.07489992963210028, 0.0, 0.0, 0.14899621190854193, 0.0)",123
14506,39,2,8,"(0.09369258606422372, 0.0, 0.08950620996642342, 0.09247639241939104, 0.09173902283359818, 0.0, 0.06826344941350267, 0.0, 0.0, 0.0)",300
14507,39,2,8,"(0.09369258606422372, 0.0, 0.08950620996642342, 0.09247639241939104, 0.18039974282727017, 0.0, 0.058737293854481704, 0.0, 0.0, 0.0)",1
14508,39,2,8,"(0.09369258606422372, 0.0, 0.08950620996642342, 0.09247639241939104, 0.09173902283359818, 0.0, 0.035475241458439194, 0.0, 0.0, 0.0)",7
14509,39,2,8,"(0.09369258606422372, 0.0, 0.08950620996642342, 0.06319357077124127, 0.09173902283359818, 0.0, 0.06826344941350267, 0.0, 0.0, 0.0)",1
14510,39,2,8,"(0.14996404097022548, 0.0, 0.08950620996642342, 0.09247639241939104, 0.09173902283359818, 0.0, 0.06826344941350267, 0.0, 0.0, 0.0)",2
14511,39,2,8,"(0.09369258606422372, 0.0, 0.10357311775877155, 0.04967031018811756, 0.09173902283359818, 0.0, 0.06826344941350267, 0.0, 0.0, 0.0)",15
14512,39,2,8,"(0.09369258606422372, 0.0, 0.19796452140468804, 0.09247639241939104, 0.09173902283359818, 0.0, 0.06826344941350267, 0.0, 0.0, 0.0)",8
14513,39,2,8,"(0.09369258606422372, 0.0, 0.08285923364143333, 0.09247639241939104, 0.09173902283359818, 0.0, 0.06826344941350267, 0.0, 0.0, 0.0)",2
14514,39,2,8,"(0.09369258606422372, 0.0, 0.08950620996642342, 0.09247639241939104, 0.11606828897162615, 0.0, 0.06826344941350267, 0.0, 0.0, 0.0)",2
14515,39,2,8,"(0.09369258606422372, 0.0, 0.08950620996642342, 0.15493894849717516, 0.09173902283359818, 0.0, 0.06826344941350267, 0.0, 0.0, 0.0)",2
14516,39,2,8,"(0.09369258606422372, 0.0, 0.09811101823339051, 0.09247639241939104, 0.09173902283359818, 0.0, 0.06826344941350267, 0.0, 0.0, 0.0)",3
14517,39,2,11,"(0.09033430006888621, 0.14970886995698662, 0.0, 0.0, 0.0, 0.08872422887630498, 0.0, 0.09523546217639671, 0.0, 0.01812760691895582)",1
14518,39,2,11,"(0.09033430006888621, 0.14970886995698662, 0.0, 0.0, 0.0, 0.04688669779969397, 0.0, 0.09523546217639671, 0.0, 0.01812760691895582)",260
14519,39,2,11,"(0.1454160581165366, 0.14970886995698662, 0.0, 0.0, 0.0, 0.04688669779969397, 0.0, 0.09523546217639671, 0.0, 0.01812760691895582)",1
14520,39,2,11,"(0.09033430006888621, 0.07923215507982538, 0.0, 0.0, 0.0, 0.04688669779969397, 0.0, 0.09523546217639671, 0.0, 0.01812760691895582)",13
14521,39,2,11,"(0.09033430006888621, 0.14970886995698662, 0.0, 0.0, 0.0, 0.04688669779969397, 0.0, 0.07760011604332645, 0.0, 0.01812760691895582)",2
14522,39,2,11,"(0.10109517154529851, 0.14970886995698662, 0.0, 0.0, 0.0, 0.029353945280385676, 0.0, 0.09523546217639671, 0.0, 0.01812760691895582)",1
14523,39,2,11,"(0.09033430006888621, 0.14970886995698662, 0.0, 0.0, 0.0, 0.04688669779969397, 0.0, 0.09523546217639671, 0.0, 0.024289316412166986)",185
14524,39,2,13,"(0.0, 0.0, 0.11679612853536596, 0.06920069129515957, 0.09172770611919409, 0.07489992963210028, 0.0, 0.0, 0.14899621190854193, 0.0)",184
14525,39,2,13,"(0.0, 0.0, 0.11679612853536596, 0.07475181830599428, 0.09172770611919409, 0.07489992963210028, 0.0, 0.0, 0.14899621190854193, 0.0)",3
14526,39,2,13,"(0.0, 0.0, 0.11679612853536596, 0.06920069129515957, 0.06684871104644394, 0.07101892891802741, 0.0, 0.0, 0.10997907638182249, 0.0)",1
14527,39,3,8,"(0.09369258606422372, 0.0, 0.08950620996642342, 0.09247639241939104, 0.09173902283359818, 0.0, 0.11787398805798838, 0.0, 0.0, 0.0)",1
14528,39,3,8,"(0.08829965453524319, 0.0, 0.08950620996642342, 0.09247639241939104, 0.09173902283359818, 0.0, 0.06826344941350267, 0.0, 0.0, 0.0)",57
14529,39,3,8,"(0.0921729620369559, 0.0, 0.08950620996642342, 0.15644167579512772, 0.09173902283359818, 0.0, 0.06278923808789219, 0.0, 0.0, 0.0)",1
14530,39,3,8,"(0.09369258606422372, 0.0, 0.08950620996642342, 0.09247639241939104, 0.09173902283359818, 0.0, 0.06826344941350267, 0.0, 0.0, 0.0)",267
14531,39,3,11,"(0.09510668286375239, 0.23358197596709748, 0.0, 0.0, 0.0, 0.04688669779969397, 0.0, 0.09523546217639671, 0.0, 0.01812760691895582)",1
14532,39,3,11,"(0.09033430006888621, 0.2106360462595583, 0.0, 0.0, 0.0, 0.04688669779969397, 0.0, 0.07851631155931958, 0.0, 0.01812760691895582)",1
14533,39,3,11,"(0.09033430006888621, 0.14970886995698662, 0.0, 0.0, 0.0, 0.04688669779969397, 0.0, 0.09523546217639671, 0.0, 0.019933370411426253)",1
14534,39,3,11,"(0.06769595123219573, 0.14970886995698662, 0.0, 0.0, 0.0, 0.02089609932101123, 0.0, 0.09523546217639671, 0.0, 0.01812760691895582)",1
14535,39,3,11,"(0.09033430006888621, 0.14970886995698662, 0.0, 0.0, 0.0, 0.04688669779969397, 0.0, 0.09523546217639671, 0.0, 0.01812760691895582)",224
14536,39,3,11,"(0.09033430006888621, 0.14970886995698662, 0.0, 0.0, 0.0, 0.04688669779969397, 0.0, 0.0630399228090004, 0.0, 0.01812760691895582)",1
14537,39,3,11,"(0.09033430006888621, 0.14970886995698662, 0.0, 0.0, 0.0, 0.06805516900497033, 0.0, 0.09523546217639671, 0.0, 0.021976668651230713)",1
14538,39,3,11,"(0.09033430006888621, 0.15186715160580663, 0.0, 0.0, 0.0, 0.04688669779969397, 0.0, 0.07851631155931958, 0.0, 0.01812760691895582)",46
14539,39,3,11,"(0.10199685894015222, 0.14970886995698662, 0.0, 0.0, 0.0, 0.02566830482450411, 0.0, 0.09523546217639671, 0.0, 0.031051048610206557)",1
14540,39,3,11,"(0.09033430006888621, 0.14970886995698662, 0.0, 0.0, 0.0, 0.04688669779969397, 0.0, 0.07851631155931958, 0.0, 0.01812760691895582)",177
14541,39,3,11,"(0.09033430006888621, 0.14970886995698662, 0.0, 0.0, 0.0, 0.04688669779969397, 0.0, 0.09523546217639671, 0.0, 0.031051048610206557)",64
14542,39,3,11,"(0.11709770475163297, 0.14970886995698662, 0.0, 0.0, 0.0, 0.04688669779969397, 0.0, 0.09523546217639671, 0.0, 0.031051048610206557)",1
14543,39,3,11,"(0.09199117000777798, 0.14970886995698662, 0.0, 0.0, 0.0, 0.04688669779969397, 0.0, 0.09523546217639671, 0.0, 0.014426932684199279)",1
14544,39,3,13,"(0.0, 0.0, 0.11679612853536596, 0.06920069129515957, 0.09172770611919409, 0.07489992963210028, 0.0, 0.0, 0.14899621190854193, 0.0)",163
14545,39,3,13,"(0.0, 0.0, 0.11679612853536596, 0.06920069129515957, 0.09172770611919409, 0.07489992963210028, 0.0, 0.0, 0.12681089841750529, 0.0)",2
14546,39,4,8,"(0.08070631405136455, 0.0, 0.08950620996642342, 0.09247639241939104, 0.09173902283359818, 0.0, 0.06826344941350267, 0.0, 0.0, 0.0)",1
14547,39,4,8,"(0.09369258606422372, 0.0, 0.08950620996642342, 0.07017809672428396, 0.09173902283359818, 0.0, 0.06826344941350267, 0.0, 0.0, 0.0)",3
14548,39,4,8,"(0.08829965453524319, 0.0, 0.08950620996642342, 0.09247639241939104, 0.09173902283359818, 0.0, 0.06826344941350267, 0.0, 0.0, 0.0)",18
14549,39,4,8,"(0.05834907261144066, 0.0, 0.11119166392557318, 0.09247639241939104, 0.09173902283359818, 0.0, 0.06826344941350267, 0.0, 0.0, 0.0)",1
14550,39,4,8,"(0.09369258606422372, 0.0, 0.08950620996642342, 0.08532056162745146, 0.06311517792642399, 0.0, 0.06826344941350267, 0.0, 0.0, 0.0)",37
14551,39,4,8,"(0.09369258606422372, 0.0, 0.08950620996642342, 0.09247639241939104, 0.09173902283359818, 0.0, 0.06826344941350267, 0.0, 0.0, 0.0)",279
14552,39,4,11,"(0.09033430006888621, 0.14970886995698662, 0.0, 0.0, 0.0, 0.04688669779969397, 0.0, 0.09523546217639671, 0.0, 0.031051048610206557)",72
14553,39,4,11,"(0.11828037697628863, 0.14970886995698662, 0.0, 0.0, 0.0, 0.04688669779969397, 0.0, 0.07851631155931958, 0.0, 0.01812760691895582)",26
14554,39,4,11,"(0.09033430006888621, 0.14970886995698662, 0.0, 0.0, 0.0, 0.04688669779969397, 0.0, 0.07851631155931958, 0.0, 0.01812760691895582)",267
14555,39,4,11,"(0.1521779858911588, 0.14970886995698662, 0.0, 0.0, 0.0, 0.04688669779969397, 0.0, 0.07851631155931958, 0.0, 0.01812760691895582)",1
14556,39,4,11,"(0.09033430006888621, 0.14970886995698662, 0.0, 0.0, 0.0, 0.028903789048161387, 0.0, 0.07851631155931958, 0.0, 0.01812760691895582)",4
14557,39,4,11,"(0.09033430006888621, 0.09199175322975417, 0.0, 0.0, 0.0, 0.04688669779969397, 0.0, 0.09523546217639671, 0.0, 0.011869313439538457)",2
14558,39,4,11,"(0.0640590188924034, 0.14970886995698662, 0.0, 0.0, 0.0, 0.04688669779969397, 0.0, 0.07851631155931958, 0.0, 0.01812760691895582)",9
14559,39,4,11,"(0.09033430006888621, 0.14970886995698662, 0.0, 0.0, 0.0, 0.04688669779969397, 0.0, 0.09523546217639671, 0.0, 0.01812760691895582)",76
14560,39,4,13,"(0.0, 0.0, 0.11679612853536596, 0.06920069129515957, 0.09172770611919409, 0.07489992963210028, 0.0, 0.0, 0.14899621190854193, 0.0)",183
14561,39,4,13,"(0.0, 0.0, 0.11679612853536596, 0.06920069129515957, 0.09172770611919409, 0.07489992963210028, 0.0, 0.0, 0.15110487270890177, 0.0)",6
14562,39,4,13,"(0.0, 0.0, 0.11679612853536596, 0.06920069129515957, 0.09172770611919409, 0.039169521445362204, 0.0, 0.0, 0.12460060075621936, 0.0)",4
14563,39,4,13,"(0.0, 0.0, 0.11679612853536596, 0.06920069129515957, 0.09172770611919409, 0.07489992963210028, 0.0, 0.0, 0.1228263555655489, 0.0)",2
14564,39,4,13,"(0.0, 0.0, 0.11679612853536596, 0.06920069129515957, 0.09172770611919409, 0.07489992963210028, 0.0, 0.0, 0.3765353885698002, 0.0)",1
14565,39,5,8,"(0.09369258606422372, 0.0, 0.12726843309380034, 0.09247639241939104, 0.09173902283359818, 0.0, 0.06826344941350267, 0.0, 0.0, 0.0)",1
14566,39,5,8,"(0.08829965453524319, 0.0, 0.08950620996642342, 0.09247639241939104, 0.09173902283359818, 0.0, 0.06826344941350267, 0.0, 0.0, 0.0)",35
14567,39,5,8,"(0.09369258606422372, 0.0, 0.08950620996642342, 0.08532056162745146, 0.06311517792642399, 0.0, 0.06826344941350267, 0.0, 0.0, 0.0)",30
14568,39,5,8,"(0.09369258606422372, 0.0, 0.08950620996642342, 0.09247639241939104, 0.09173902283359818, 0.0, 0.08730783553119124, 0.0, 0.0, 0.0)",1
14569,39,5,8,"(0.09369258606422372, 0.0, 0.08950620996642342, 0.09247639241939104, 0.0944305777999648, 0.0, 0.06826344941350267, 0.0, 0.0, 0.0)",3
14570,39,5,8,"(0.09369258606422372, 0.0, 0.08950620996642342, 0.09247639241939104, 0.09173902283359818, 0.0, 0.06826344941350267, 0.0, 0.0, 0.0)",262
14571,39,5,8,"(0.09369258606422372, 0.0, 0.08950620996642342, 0.04401471690712427, 0.09173902283359818, 0.0, 0.06826344941350267, 0.0, 0.0, 0.0)",17
14572,39,5,8,"(0.09369258606422372, 0.0, 0.08950620996642342, 0.09247639241939104, 0.06802786614689099, 0.0, 0.06826344941350267, 0.0, 0.0, 0.0)",1
14573,39,5,8,"(0.09369258606422372, 0.0, 0.08950620996642342, 0.09247639241939104, 0.09173902283359818, 0.0, 0.048264061234575335, 0.0, 0.0, 0.0)",1
14574,39,5,11,"(0.048188368513523365, 0.1371161360645661, 0.0, 0.0, 0.0, 0.04688669779969397, 0.0, 0.07851631155931958, 0.0, 0.01812760691895582)",1
14575,39,5,11,"(0.09033430006888621, 0.14970886995698662, 0.0, 0.0, 0.0, 0.04688669779969397, 0.0, 0.07851631155931958, 0.0, 0.022505707839264467)",1
14576,39,5,11,"(0.09033430006888621, 0.14970886995698662, 0.0, 0.0, 0.0, 0.04688669779969397, 0.0, 0.09523546217639671, 0.0, 0.031051048610206557)",242
14577,39,5,11,"(0.09033430006888621, 0.14970886995698662, 0.0, 0.0, 0.0, 0.04688669779969397, 0.0, 0.07851631155931958, 0.0, 0.01812760691895582)",159
14578,39,5,11,"(0.09033430006888621, 0.18495804752263478, 0.0, 0.0, 0.0, 0.08137939816697755, 0.0, 0.09523546217639671, 0.0, 0.031051048610206557)",1
14579,39,5,11,"(0.18500240269905133, 0.14970886995698662, 0.0, 0.0, 0.0, 0.04688669779969397, 0.0, 0.07851631155931958, 0.0, 0.01812760691895582)",1
14580,39,5,11,"(0.09033430006888621, 0.14970886995698662, 0.0, 0.0, 0.0, 0.03573228943182795, 0.0, 0.09523546217639671, 0.0, 0.031051048610206557)",5
14581,39,5,11,"(0.09033430006888621, 0.14970886995698662, 0.0, 0.0, 0.0, 0.04688669779969397, 0.0, 0.09523546217639671, 0.0, 0.03443544905059927)",1
14582,39,5,11,"(0.09033430006888621, 0.14970886995698662, 0.0, 0.0, 0.0, 0.04688669779969397, 0.0, 0.09523546217639671, 0.0, 0.01812760691895582)",63
14583,39,5,11,"(0.09033430006888621, 0.14970886995698662, 0.0, 0.0, 0.0, 0.04688669779969397, 0.0, 0.13187199951711465, 0.0, 0.015735976687760403)",2
14584,39,5,11,"(0.09033430006888621, 0.14970886995698662, 0.0, 0.0, 0.0, 0.08215035998803363, 0.0, 0.09523546217639671, 0.0, 0.031051048610206557)",1
14585,39,5,11,"(0.03561482449470681, 0.14970886995698662, 0.0, 0.0, 0.0, 0.04688669779969397, 0.0, 0.07851631155931958, 0.0, 0.01812760691895582)",1
14586,39,5,13,"(0.0, 0.0, 0.11679612853536596, 0.06920069129515957, 0.09172770611919409, 0.07489992963210028, 0.0, 0.0, 0.14899621190854193, 0.0)",169
14587,39,5,13,"(0.0, 0.0, 0.11679612853536596, 0.06920069129515957, 0.12433043874765527, 0.07489992963210028, 0.0, 0.0, 0.14899621190854193, 0.0)",4
14588,39,6,8,"(0.0896128425282868, 0.0, 0.08950620996642342, 0.09247639241939104, 0.09173902283359818, 0.0, 0.06826344941350267, 0.0, 0.0, 0.0)",2
14589,39,6,8,"(0.08829965453524319, 0.0, 0.08950620996642342, 0.09247639241939104, 0.09173902283359818, 0.0, 0.06826344941350267, 0.0, 0.0, 0.0)",169
14590,39,6,8,"(0.08829965453524319, 0.0, 0.08950620996642342, 0.08743578650045465, 0.09173902283359818, 0.0, 0.06826344941350267, 0.0, 0.0, 0.0)",1
14591,39,6,8,"(0.08829965453524319, 0.0, 0.08950620996642342, 0.09247639241939104, 0.09173902283359818, 0.0, 0.07749427525222953, 0.0, 0.0, 0.0)",1
14592,39,6,8,"(0.08829965453524319, 0.0, 0.05588888888322628, 0.09247639241939104, 0.09173902283359818, 0.0, 0.06826344941350267, 0.0, 0.0, 0.0)",1
14593,39,6,8,"(0.08829965453524319, 0.0, 0.08950620996642342, 0.055213404465301416, 0.09173902283359818, 0.0, 0.06826344941350267, 0.0, 0.0, 0.0)",75
14594,39,6,8,"(0.12444110113842338, 0.0, 0.08950620996642342, 0.11120448596581255, 0.10105074091437612, 0.0, 0.06826344941350267, 0.0, 0.0, 0.0)",3
14595,39,6,11,"(0.09033430006888621, 0.14970886995698662, 0.0, 0.0, 0.0, 0.04688669779969397, 0.0, 0.09523546217639671, 0.0, 0.031051048610206557)",358
14596,39,6,11,"(0.09033430006888621, 0.14970886995698662, 0.0, 0.0, 0.0, 0.04688669779969397, 0.0, 0.09523546217639671, 0.0, 0.04498080510671632)",1
14597,39,6,11,"(0.09033430006888621, 0.14970886995698662, 0.0, 0.0, 0.0, 0.04688669779969397, 0.0, 0.04281026674635062, 0.0, 0.031051048610206557)",1
14598,39,6,11,"(0.09033430006888621, 0.0948210716125217, 0.0, 0.0, 0.0, 0.04688669779969397, 0.0, 0.09523546217639671, 0.0, 0.031051048610206557)",1
14599,39,6,11,"(0.09033430006888621, 0.14970886995698662, 0.0, 0.0, 0.0, 0.04688669779969397, 0.0, 0.09523546217639671, 0.0, 0.02214175814731034)",34
14600,39,6,11,"(0.10147184245171816, 0.14970886995698662, 0.0, 0.0, 0.0, 0.04688669779969397, 0.0, 0.09523546217639671, 0.0, 0.01812760691895582)",1
14601,39,6,11,"(0.09033430006888621, 0.14970886995698662, 0.0, 0.0, 0.0, 0.04688669779969397, 0.0, 0.07894633061811077, 0.0, 0.01812760691895582)",4
14602,39,6,11,"(0.03545431563876187, 0.14970886995698662, 0.0, 0.0, 0.0, 0.04688669779969397, 0.0, 0.09523546217639671, 0.0, 0.031051048610206557)",1
14603,39,6,11,"(0.09033430006888621, 0.14970886995698662, 0.0, 0.0, 0.0, 0.03482151260003058, 0.0, 0.09523546217639671, 0.0, 0.031051048610206557)",2
14604,39,6,11,"(0.09033430006888621, 0.1064555613871121, 0.0, 0.0, 0.0, 0.04688669779969397, 0.0, 0.09523546217639671, 0.0, 0.031051048610206557)",3
14605,39,6,11,"(0.09033430006888621, 0.14970886995698662, 0.0, 0.0, 0.0, 0.04688669779969397, 0.0, 0.07851631155931958, 0.0, 0.01812760691895582)",12
14606,39,6,11,"(0.09033430006888621, 0.14970886995698662, 0.0, 0.0, 0.0, 0.04688669779969397, 0.0, 0.05555464149541941, 0.0, 0.031051048610206557)",2
14607,39,6,11,"(0.09033430006888621, 0.14970886995698662, 0.0, 0.0, 0.0, 0.10576667264780164, 0.0, 0.09523546217639671, 0.0, 0.031051048610206557)",1
14608,39,6,11,"(0.09033430006888621, 0.14970886995698662, 0.0, 0.0, 0.0, 0.04688669779969397, 0.0, 0.09523546217639671, 0.0, 0.01812760691895582)",150
14609,39,6,11,"(0.09033430006888621, 0.14970886995698662, 0.0, 0.0, 0.0, 0.04688669779969397, 0.0, 0.06589903416849432, 0.0, 0.017247421125025975)",2
14610,39,6,11,"(0.09033430006888621, 0.14970886995698662, 0.0, 0.0, 0.0, 0.03761440276874256, 0.0, 0.09523546217639671, 0.0, 0.031051048610206557)",1
14611,39,6,13,"(0.0, 0.0, 0.11679612853536596, 0.06920069129515957, 0.11664237313440134, 0.05780116367506727, 0.0, 0.0, 0.14899621190854193, 0.0)",3
14612,39,6,13,"(0.0, 0.0, 0.11679612853536596, 0.06920069129515957, 0.09172770611919409, 0.07489992963210028, 0.0, 0.0, 0.14899621190854193, 0.0)",180
14613,39,6,13,"(0.0, 0.0, 0.11679612853536596, 0.06920069129515957, 0.051290534015247365, 0.07489992963210028, 0.0, 0.0, 0.14899621190854193, 0.0)",1
14614,39,6,13,"(0.0, 0.0, 0.14797670574701835, 0.07063359095166953, 0.09172770611919409, 0.07489992963210028, 0.0, 0.0, 0.14899621190854193, 0.0)",1
14615,39,6,13,"(0.0, 0.0, 0.11679612853536596, 0.06920069129515957, 0.09172770611919409, 0.07489992963210028, 0.0, 0.0, 0.10111627651003599, 0.0)",3
14616,39,6,13,"(0.0, 0.0, 0.11679612853536596, 0.10307735659718394, 0.0650815202966293, 0.07489992963210028, 0.0, 0.0, 0.14899621190854193, 0.0)",1
14617,39,7,8,"(0.08829965453524319, 0.0, 0.08950620996642342, 0.09247639241939104, 0.09173902283359818, 0.0, 0.09049797017240939, 0.0, 0.0, 0.0)",3
14618,39,7,8,"(0.08829965453524319, 0.0, 0.08950620996642342, 0.14039765371498886, 0.09530109719318211, 0.0, 0.06826344941350267, 0.0, 0.0, 0.0)",1
14619,39,7,8,"(0.08829965453524319, 0.0, 0.08950620996642342, 0.09247639241939104, 0.09173902283359818, 0.0, 0.06826344941350267, 0.0, 0.0, 0.0)",329
14620,39,7,8,"(0.08829965453524319, 0.0, 0.06486062170289898, 0.09247639241939104, 0.09173902283359818, 0.0, 0.06826344941350267, 0.0, 0.0, 0.0)",1
14621,39,7,8,"(0.08829965453524319, 0.0, 0.08950620996642342, 0.15323266125947388, 0.09566347973210536, 0.0, 0.06826344941350267, 0.0, 0.0, 0.0)",1
14622,39,7,8,"(0.09214798350275497, 0.0, 0.08950620996642342, 0.07738793926319183, 0.09173902283359818, 0.0, 0.06826344941350267, 0.0, 0.0, 0.0)",2
14623,39,7,8,"(0.09214798350275497, 0.0, 0.08950620996642342, 0.11552318519672432, 0.09173902283359818, 0.0, 0.06826344941350267, 0.0, 0.0, 0.0)",1
14624,39,7,8,"(0.08829965453524319, 0.0, 0.08950620996642342, 0.11799419249345086, 0.09173902283359818, 0.0, 0.06826344941350267, 0.0, 0.0, 0.0)",1
14625,39,7,11,"(0.09033430006888621, 0.20555260794559654, 0.0, 0.0, 0.0, 0.04688669779969397, 0.0, 0.09523546217639671, 0.0, 0.031051048610206557)",1
14626,39,7,11,"(0.12499371851779602, 0.14970886995698662, 0.0, 0.0, 0.0, 0.04688669779969397, 0.0, 0.09523546217639671, 0.0, 0.01812760691895582)",3
14627,39,7,11,"(0.10424889367602898, 0.14970886995698662, 0.0, 0.0, 0.0, 0.04688669779969397, 0.0, 0.09523546217639671, 0.0, 0.031051048610206557)",1
14628,39,7,11,"(0.09033430006888621, 0.14970886995698662, 0.0, 0.0, 0.0, 0.04688669779969397, 0.0, 0.07851631155931958, 0.0, 0.01812760691895582)",81
14629,39,7,11,"(0.09033430006888621, 0.14970886995698662, 0.0, 0.0, 0.0, 0.02850886938066079, 0.0, 0.09523546217639671, 0.0, 0.031051048610206557)",3
14630,39,7,11,"(0.14833223024630718, 0.25146586220530825, 0.0, 0.0, 0.0, 0.04688669779969397, 0.0, 0.10598580675763446, 0.0, 0.031051048610206557)",1
14631,39,7,11,"(0.09033430006888621, 0.14970886995698662, 0.0, 0.0, 0.0, 0.04688669779969397, 0.0, 0.09523546217639671, 0.0, 0.01812760691895582)",61
14632,39,7,11,"(0.09033430006888621, 0.12091781227625505, 0.0, 0.0, 0.0, 0.03609549905256174, 0.0, 0.09523546217639671, 0.0, 0.031051048610206557)",1
14633,39,7,11,"(0.09033430006888621, 0.14970886995698662, 0.0, 0.0, 0.0, 0.04688669779969397, 0.0, 0.09523546217639671, 0.0, 0.031051048610206557)",253
14634,39,7,13,"(0.0, 0.0, 0.11679612853536596, 0.06920069129515957, 0.09172770611919409, 0.07489992963210028, 0.0, 0.0, 0.19323963553480933, 0.0)",2
14635,39,7,13,"(0.0, 0.0, 0.11679612853536596, 0.02501489498230547, 0.09172770611919409, 0.07489992963210028, 0.0, 0.0, 0.14899621190854193, 0.0)",1
14636,39,7,13,"(0.0, 0.0, 0.11679612853536596, 0.06920069129515957, 0.09172770611919409, 0.07489992963210028, 0.0, 0.0, 0.14899621190854193, 0.0)",178
14637,39,8,8,"(0.08829965453524319, 0.0, 0.059003630985269166, 0.09247639241939104, 0.09173902283359818, 0.0, 0.06826344941350267, 0.0, 0.0, 0.0)",13
14638,39,8,8,"(0.08829965453524319, 0.0, 0.08950620996642342, 0.055213404465301416, 0.06192572443334155, 0.0, 0.06826344941350267, 0.0, 0.0, 0.0)",1
14639,39,8,8,"(0.08829965453524319, 0.0, 0.08950620996642342, 0.055213404465301416, 0.09173902283359818, 0.0, 0.06826344941350267, 0.0, 0.0, 0.0)",164
14640,39,8,8,"(0.08829965453524319, 0.0, 0.08950620996642342, 0.09247639241939104, 0.09173902283359818, 0.0, 0.06826344941350267, 0.0, 0.0, 0.0)",141
14641,39,8,8,"(0.0932499314584002, 0.0, 0.08950620996642342, 0.09247639241939104, 0.09173902283359818, 0.0, 0.06826344941350267, 0.0, 0.0, 0.0)",11
14642,39,8,8,"(0.0729676963045288, 0.0, 0.08950620996642342, 0.09247639241939104, 0.08988589358610481, 0.0, 0.06826344941350267, 0.0, 0.0, 0.0)",2
14643,39,8,11,"(0.09033430006888621, 0.14970886995698662, 0.0, 0.0, 0.0, 0.04688669779969397, 0.0, 0.09523546217639671, 0.0, 0.04543930478709492)",3
14644,39,8,11,"(0.09033430006888621, 0.14970886995698662, 0.0, 0.0, 0.0, 0.04688669779969397, 0.0, 0.09523546217639671, 0.0, 0.04211220054503171)",2
14645,39,8,11,"(0.09033430006888621, 0.14970886995698662, 0.0, 0.0, 0.0, 0.04688669779969397, 0.0, 0.07851631155931958, 0.0, 0.01812760691895582)",75
14646,39,8,11,"(0.09033430006888621, 0.14970886995698662, 0.0, 0.0, 0.0, 0.04688669779969397, 0.0, 0.09523546217639671, 0.0, 0.031051048610206557)",289
14647,39,8,11,"(0.09033430006888621, 0.14970886995698662, 0.0, 0.0, 0.0, 0.04688669779969397, 0.0, 0.09523546217639671, 0.0, 0.01812760691895582)",91
14648,39,8,11,"(0.0645330592104676, 0.14970886995698662, 0.0, 0.0, 0.0, 0.04688669779969397, 0.0, 0.09523546217639671, 0.0, 0.031051048610206557)",20
14649,39,8,13,"(0.0, 0.0, 0.11679612853536596, 0.06920069129515957, 0.09172770611919409, 0.07489992963210028, 0.0, 0.0, 0.14899621190854193, 0.0)",180
14650,39,8,13,"(0.0, 0.0, 0.11893821281562028, 0.06920069129515957, 0.09172770611919409, 0.07489992963210028, 0.0, 0.0, 0.14899621190854193, 0.0)",1
14651,39,8,13,"(0.0, 0.0, 0.11679612853536596, 0.06920069129515957, 0.09172770611919409, 0.05864636969958041, 0.0, 0.0, 0.14899621190854193, 0.0)",1
14652,39,9,8,"(0.09369258606422372, 0.0, 0.08950620996642342, 0.09247639241939104, 0.09173902283359818, 0.0, 0.06826344941350267, 0.0, 0.0, 0.0)",191
14653,39,9,8,"(0.08829965453524319, 0.0, 0.08950620996642342, 0.09247639241939104, 0.09173902283359818, 0.0, 0.06826344941350267, 0.0, 0.0, 0.0)",136
14654,39,9,8,"(0.09369258606422372, 0.0, 0.10925084715593754, 0.09247639241939104, 0.11543828959384289, 0.0, 0.06826344941350267, 0.0, 0.0, 0.0)",1
14655,39,9,8,"(0.08829965453524319, 0.0, 0.08950620996642342, 0.09247639241939104, 0.04412342731289583, 0.0, 0.06826344941350267, 0.0, 0.0, 0.0)",5
14656,39,9,11,"(0.09033430006888621, 0.14970886995698662, 0.0, 0.0, 0.0, 0.052486740871287345, 0.0, 0.09523546217639671, 0.0, 0.01812760691895582)",1
14657,39,9,11,"(0.09033430006888621, 0.14970886995698662, 0.0, 0.0, 0.0, 0.07847037972978224, 0.0, 0.09523546217639671, 0.0, 0.01812760691895582)",9
14658,39,9,11,"(0.09033430006888621, 0.14970886995698662, 0.0, 0.0, 0.0, 0.04688669779969397, 0.0, 0.07851631155931958, 0.0, 0.01812760691895582)",63
14659,39,9,11,"(0.09033430006888621, 0.14970886995698662, 0.0, 0.0, 0.0, 0.04688669779969397, 0.0, 0.12153894606214641, 0.0, 0.01812760691895582)",52
14660,39,9,11,"(0.09033430006888621, 0.5777547913519551, 0.0, 0.0, 0.0, 0.04688669779969397, 0.0, 0.10603142381724148, 0.0, 0.01812760691895582)",1
14661,39,9,11,"(0.09033430006888621, 0.187008834234394, 0.0, 0.0, 0.0, 0.04688669779969397, 0.0, 0.09523546217639671, 0.0, 0.01812760691895582)",19
14662,39,9,11,"(0.09033430006888621, 0.14970886995698662, 0.0, 0.0, 0.0, 0.04688669779969397, 0.0, 0.09523546217639671, 0.0, 0.01812760691895582)",281
14663,39,9,11,"(0.09033430006888621, 0.0904633831591308, 0.0, 0.0, 0.0, 0.04688669779969397, 0.0, 0.09523546217639671, 0.0, 0.01812760691895582)",1
14664,39,9,11,"(0.09033430006888621, 0.14970886995698662, 0.0, 0.0, 0.0, 0.04688669779969397, 0.0, 0.09954475557666688, 0.0, 0.01812760691895582)",9
14665,39,9,11,"(0.09033430006888621, 0.14970886995698662, 0.0, 0.0, 0.0, 0.04688669779969397, 0.0, 0.09523546217639671, 0.0, 0.031051048610206557)",2
14666,39,9,13,"(0.0, 0.0, 0.11679612853536596, 0.06920069129515957, 0.06895992973258627, 0.07489992963210028, 0.0, 0.0, 0.14899621190854193, 0.0)",3
14667,39,9,13,"(0.0, 0.0, 0.11679612853536596, 0.06920069129515957, 0.09172770611919409, 0.07489992963210028, 0.0, 0.0, 0.09913688825313619, 0.0)",4
14668,39,9,13,"(0.0, 0.0, 0.09351027834478538, 0.06920069129515957, 0.09172770611919409, 0.07489992963210028, 0.0, 0.0, 0.14899621190854193, 0.0)",1
14669,39,9,13,"(0.0, 0.0, 0.11679612853536596, 0.041108388952119324, 0.09172770611919409, 0.03727237974009185, 0.0, 0.0, 0.14899621190854193, 0.0)",1
14670,39,9,13,"(0.0, 0.0, 0.09889184325622252, 0.06920069129515957, 0.09172770611919409, 0.07489992963210028, 0.0, 0.0, 0.14167063971806074, 0.0)",4
14671,39,9,13,"(0.0, 0.0, 0.11679612853536596, 0.06920069129515957, 0.09172770611919409, 0.07489992963210028, 0.0, 0.0, 0.14899621190854193, 0.0)",166
14672,39,9,13,"(0.0, 0.0, 0.04812133368783522, 0.06920069129515957, 0.09172770611919409, 0.06839427888816633, 0.0, 0.0, 0.14899621190854193, 0.0)",2
14673,39,10,8,"(0.08829965453524319, 0.0, 0.08950620996642342, 0.09247639241939104, 0.09717586983836804, 0.0, 0.06826344941350267, 0.0, 0.0, 0.0)",1
14674,39,10,8,"(0.09369258606422372, 0.0, 0.08950620996642342, 0.09247639241939104, 0.09173902283359818, 0.0, 0.06826344941350267, 0.0, 0.0, 0.0)",201
14675,39,10,8,"(0.09844051624955091, 0.0, 0.08950620996642342, 0.09247639241939104, 0.09173902283359818, 0.0, 0.06826344941350267, 0.0, 0.0, 0.0)",1
14676,39,10,8,"(0.08829965453524319, 0.0, 0.08950620996642342, 0.09247639241939104, 0.09173902283359818, 0.0, 0.06826344941350267, 0.0, 0.0, 0.0)",52
14677,39,10,8,"(0.09369258606422372, 0.0, 0.08950620996642342, 0.061225188522119556, 0.09173902283359818, 0.0, 0.06826344941350267, 0.0, 0.0, 0.0)",1
14678,39,10,8,"(0.09369258606422372, 0.0, 0.08787409459366212, 0.09890515772912675, 0.09173902283359818, 0.0, 0.08771579311681042, 0.0, 0.0, 0.0)",1
14679,39,10,8,"(0.08829965453524319, 0.0, 0.08950620996642342, 0.09247639241939104, 0.08511227917416646, 0.0, 0.07746963417528846, 0.0, 0.0, 0.0)",6
14680,39,10,8,"(0.09369258606422372, 0.0, 0.08950620996642342, 0.09247639241939104, 0.09173902283359818, 0.0, 0.07373977046991098, 0.0, 0.0, 0.0)",2
14681,39,10,11,"(0.09033430006888621, 0.3113196580954254, 0.0, 0.0, 0.0, 0.04688669779969397, 0.0, 0.09523546217639671, 0.0, 0.012276920215926157)",1
14682,39,10,11,"(0.09033430006888621, 0.14970886995698662, 0.0, 0.0, 0.0, 0.04688669779969397, 0.0, 0.07851631155931958, 0.0, 0.01812760691895582)",21
14683,39,10,11,"(0.09033430006888621, 0.10720974412470201, 0.0, 0.0, 0.0, 0.04688669779969397, 0.0, 0.09523546217639671, 0.0, 0.01812760691895582)",1
14684,39,10,11,"(0.09033430006888621, 0.14970886995698662, 0.0, 0.0, 0.0, 0.04688669779969397, 0.0, 0.12153894606214641, 0.0, 0.01812760691895582)",18
14685,39,10,11,"(0.09033430006888621, 0.14970886995698662, 0.0, 0.0, 0.0, 0.04688669779969397, 0.0, 0.09523546217639671, 0.0, 0.031051048610206557)",71
14686,39,10,11,"(0.09033430006888621, 0.14970886995698662, 0.0, 0.0, 0.0, 0.024405015477756004, 0.0, 0.05666092639117179, 0.0, 0.031051048610206557)",1
14687,39,10,11,"(0.09033430006888621, 0.14970886995698662, 0.0, 0.0, 0.0, 0.04688669779969397, 0.0, 0.09523546217639671, 0.0, 0.01812760691895582)",409
14688,39,10,11,"(0.09033430006888621, 0.16418187750609242, 0.0, 0.0, 0.0, 0.044251045078578244, 0.0, 0.09523546217639671, 0.0, 0.01812760691895582)",1
14689,39,10,13,"(0.0, 0.0, 0.11679612853536596, 0.06920069129515957, 0.09172770611919409, 0.07489992963210028, 0.0, 0.0, 0.14899621190854193, 0.0)",170
14690,39,10,13,"(0.0, 0.0, 0.11679612853536596, 0.051484126734306995, 0.09172770611919409, 0.07489992963210028, 0.0, 0.0, 0.14899621190854193, 0.0)",21
14691,39,10,13,"(0.0, 0.0, 0.11679612853536596, 0.031756745729565765, 0.09172770611919409, 0.07489992963210028, 0.0, 0.0, 0.14899621190854193, 0.0)",1
14692,39,10,13,"(0.0, 0.0, 0.06257734384973766, 0.06920069129515957, 0.09172770611919409, 0.07489992963210028, 0.0, 0.0, 0.14899621190854193, 0.0)",1
14693,39,10,13,"(0.0, 0.0, 0.14697556054403102, 0.1708143329353802, 0.09172770611919409, 0.07489992963210028, 0.0, 0.0, 0.14899621190854193, 0.0)",4
14694,39,10,13,"(0.0, 0.0, 0.11679612853536596, 0.08790626668783519, 0.047612328511878986, 0.0774554560513728, 0.0, 0.0, 0.1972759875625906, 0.0)",2
14695,39,11,8,"(0.08829965453524319, 0.0, 0.08950620996642342, 0.11453145904722441, 0.09173902283359818, 0.0, 0.08436129147026537, 0.0, 0.0, 0.0)",1
14696,39,11,8,"(0.08829965453524319, 0.0, 0.08950620996642342, 0.09247639241939104, 0.09173902283359818, 0.0, 0.03724654069106734, 0.0, 0.0, 0.0)",2
14697,39,11,8,"(0.08829965453524319, 0.0, 0.08950620996642342, 0.09247639241939104, 0.09173902283359818, 0.0, 0.06187285786315272, 0.0, 0.0, 0.0)",17
14698,39,11,8,"(0.07883567562095586, 0.0, 0.08950620996642342, 0.09247639241939104, 0.09173902283359818, 0.0, 0.06826344941350267, 0.0, 0.0, 0.0)",1
14699,39,11,8,"(0.08829965453524319, 0.0, 0.08950620996642342, 0.09247639241939104, 0.09173902283359818, 0.0, 0.06826344941350267, 0.0, 0.0, 0.0)",182
14700,39,11,8,"(0.12094096799610621, 0.0, 0.08950620996642342, 0.09247639241939104, 0.09173902283359818, 0.0, 0.06826344941350267, 0.0, 0.0, 0.0)",1
14701,39,11,8,"(0.08829965453524319, 0.0, 0.08950620996642342, 0.0726147015188801, 0.09173902283359818, 0.0, 0.06826344941350267, 0.0, 0.0, 0.0)",6
14702,39,11,8,"(0.09369258606422372, 0.0, 0.08950620996642342, 0.09247639241939104, 0.09859613650852309, 0.0, 0.06826344941350267, 0.0, 0.0, 0.0)",4
14703,39,11,8,"(0.09369258606422372, 0.0, 0.08950620996642342, 0.09247639241939104, 0.09173902283359818, 0.0, 0.06826344941350267, 0.0, 0.0, 0.0)",121
14704,39,11,11,"(0.09033430006888621, 0.14970886995698662, 0.0, 0.0, 0.0, 0.04688669779969397, 0.0, 0.09523546217639671, 0.0, 0.031051048610206557)",14
14705,39,11,11,"(0.09033430006888621, 0.14970886995698662, 0.0, 0.0, 0.0, 0.04688669779969397, 0.0, 0.09523546217639671, 0.0, 0.01812760691895582)",297
14706,39,11,11,"(0.09033430006888621, 0.14970886995698662, 0.0, 0.0, 0.0, 0.04688669779969397, 0.0, 0.10942539797677356, 0.0, 0.01812760691895582)",2
14707,39,11,11,"(0.09033430006888621, 0.14970886995698662, 0.0, 0.0, 0.0, 0.04688669779969397, 0.0, 0.09523546217639671, 0.0, 0.01989394254458138)",1
14708,39,11,11,"(0.08426400583893487, 0.14970886995698662, 0.0, 0.0, 0.0, 0.04688669779969397, 0.0, 0.07851631155931958, 0.0, 0.01812760691895582)",1
14709,39,11,11,"(0.09033430006888621, 0.14970886995698662, 0.0, 0.0, 0.0, 0.04688669779969397, 0.0, 0.07851631155931958, 0.0, 0.01812760691895582)",101
14710,39,11,11,"(0.09033430006888621, 0.14970886995698662, 0.0, 0.0, 0.0, 0.036798049010778114, 0.0, 0.06179037371973667, 0.0, 0.01812760691895582)",1
14711,39,11,13,"(0.0, 0.0, 0.11679612853536596, 0.06920069129515957, 0.09172770611919409, 0.07489992963210028, 0.0, 0.0, 0.14899621190854193, 0.0)",150
14712,39,11,13,"(0.0, 0.0, 0.11679612853536596, 0.08790626668783519, 0.047612328511878986, 0.0774554560513728, 0.0, 0.0, 0.1972759875625906, 0.0)",11
14713,39,11,13,"(0.0, 0.0, 0.11679612853536596, 0.06920069129515957, 0.09172770611919409, 0.07489992963210028, 0.0, 0.0, 0.14228467900295746, 0.0)",1
14714,39,11,13,"(0.0, 0.0, 0.11679612853536596, 0.08790626668783519, 0.06014714328716934, 0.0774554560513728, 0.0, 0.0, 0.1972759875625906, 0.0)",10
14715,39,11,13,"(0.0, 0.0, 0.11679612853536596, 0.051484126734306995, 0.10856364358667844, 0.07489992963210028, 0.0, 0.0, 0.14899621190854193, 0.0)",29
14716,39,11,13,"(0.0, 0.0, 0.062466765283744785, 0.06920069129515957, 0.09172770611919409, 0.07489992963210028, 0.0, 0.0, 0.14899621190854193, 0.0)",1
14717,39,12,8,"(0.08829965453524319, 0.0, 0.1700721961670327, 0.09247639241939104, 0.09173902283359818, 0.0, 0.06826344941350267, 0.0, 0.0, 0.0)",2
14718,39,12,8,"(0.08829965453524319, 0.0, 0.16393502037587052, 0.058986115239520576, 0.10259333684208019, 0.0, 0.0624730541388568, 0.0, 0.0, 0.0)",1
14719,39,12,8,"(0.08826608681905405, 0.0, 0.06895553985425773, 0.09247639241939104, 0.09173902283359818, 0.0, 0.06826344941350267, 0.0, 0.0, 0.0)",5
14720,39,12,8,"(0.08829965453524319, 0.0, 0.08950620996642342, 0.09247639241939104, 0.09173902283359818, 0.0, 0.06826344941350267, 0.0, 0.0, 0.0)",410
14721,39,12,11,"(0.09033430006888621, 0.14970886995698662, 0.0, 0.0, 0.0, 0.04688669779969397, 0.0, 0.09523546217639671, 0.0, 0.031051048610206557)",257
14722,39,12,11,"(0.09033430006888621, 0.14970886995698662, 0.0, 0.0, 0.0, 0.04688669779969397, 0.0, 0.07851631155931958, 0.0, 0.01812760691895582)",42
14723,39,12,11,"(0.09033430006888621, 0.14970886995698662, 0.0, 0.0, 0.0, 0.04688669779969397, 0.0, 0.08881216583227987, 0.0, 0.01812760691895582)",19
14724,39,12,11,"(0.09033430006888621, 0.14970886995698662, 0.0, 0.0, 0.0, 0.09319799146787515, 0.0, 0.09523546217639671, 0.0, 0.031051048610206557)",1
14725,39,12,11,"(0.09033430006888621, 0.14970886995698662, 0.0, 0.0, 0.0, 0.04688669779969397, 0.0, 0.09523546217639671, 0.0, 0.022532187564056595)",6
14726,39,12,11,"(0.09033430006888621, 0.14970886995698662, 0.0, 0.0, 0.0, 0.040728641837922096, 0.0, 0.09523546217639671, 0.0, 0.031051048610206557)",2
14727,39,12,11,"(0.09033430006888621, 0.14970886995698662, 0.0, 0.0, 0.0, 0.04688669779969397, 0.0, 0.09523546217639671, 0.0, 0.01812760691895582)",41
14728,39,12,11,"(0.09033430006888621, 0.14970886995698662, 0.0, 0.0, 0.0, 0.04688669779969397, 0.0, 0.09523546217639671, 0.0, 0.017459847305938435)",2
14729,39,12,13,"(0.0, 0.0, 0.11679612853536596, 0.06920069129515957, 0.34410890681965606, 0.07489992963210028, 0.0, 0.0, 0.14899621190854193, 0.0)",1
14730,39,12,13,"(0.0, 0.0, 0.11679612853536596, 0.06920069129515957, 0.09172770611919409, 0.07489992963210028, 0.0, 0.0, 0.14899621190854193, 0.0)",161
14731,39,13,8,"(0.08829965453524319, 0.0, 0.08950620996642342, 0.09247639241939104, 0.09173902283359818, 0.0, 0.06826344941350267, 0.0, 0.0, 0.0)",363
14732,39,13,8,"(0.06002878635585089, 0.0, 0.031508414181473154, 0.09247639241939104, 0.09173902283359818, 0.0, 0.06826344941350267, 0.0, 0.0, 0.0)",1
14733,39,13,8,"(0.08829965453524319, 0.0, 0.08950620996642342, 0.06972650517434112, 0.09173902283359818, 0.0, 0.06826344941350267, 0.0, 0.0, 0.0)",5
14734,39,13,8,"(0.08829965453524319, 0.0, 0.09446233694170246, 0.09247639241939104, 0.09173902283359818, 0.0, 0.06826344941350267, 0.0, 0.0, 0.0)",1
14735,39,13,8,"(0.08829965453524319, 0.0, 0.09049005262222944, 0.09247639241939104, 0.09173902283359818, 0.0, 0.06826344941350267, 0.0, 0.0, 0.0)",2
14736,39,13,8,"(0.08829965453524319, 0.0, 0.08950620996642342, 0.0856578495042743, 0.09173902283359818, 0.0, 0.06826344941350267, 0.0, 0.0, 0.0)",2
14737,39,13,8,"(0.08829965453524319, 0.0, 0.08950620996642342, 0.09247639241939104, 0.029746175694171376, 0.0, 0.06826344941350267, 0.0, 0.0, 0.0)",1
14738,39,13,8,"(0.08829965453524319, 0.0, 0.08950620996642342, 0.08562566136373793, 0.09173902283359818, 0.0, 0.06826344941350267, 0.0, 0.0, 0.0)",4
14739,39,13,8,"(0.08829965453524319, 0.0, 0.08950620996642342, 0.09247639241939104, 0.03424642962468131, 0.0, 0.06826344941350267, 0.0, 0.0, 0.0)",3
14740,39,13,11,"(0.09033430006888621, 0.14970886995698662, 0.0, 0.0, 0.0, 0.04688669779969397, 0.0, 0.09523546217639671, 0.0, 0.01812760691895582)",18
14741,39,13,11,"(0.09033430006888621, 0.14970886995698662, 0.0, 0.0, 0.0, 0.04688669779969397, 0.0, 0.09523546217639671, 0.0, 0.06573816491365705)",3
14742,39,13,11,"(0.09033430006888621, 0.14970886995698662, 0.0, 0.0, 0.0, 0.04688669779969397, 0.0, 0.09523546217639671, 0.0, 0.054869332719832804)",10
14743,39,13,11,"(0.10785731424131617, 0.14970886995698662, 0.0, 0.0, 0.0, 0.04688669779969397, 0.0, 0.10473628288308628, 0.0, 0.031051048610206557)",1
14744,39,13,11,"(0.09033430006888621, 0.14970886995698662, 0.0, 0.0, 0.0, 0.04688669779969397, 0.0, 0.09523546217639671, 0.0, 0.04590358159436591)",7
14745,39,13,11,"(0.06000594556467267, 0.14970886995698662, 0.0, 0.0, 0.0, 0.03391155370034485, 0.0, 0.09523546217639671, 0.0, 0.031051048610206557)",2
14746,39,13,11,"(0.09033430006888621, 0.14970886995698662, 0.0, 0.0, 0.0, 0.04688669779969397, 0.0, 0.09523546217639671, 0.0, 0.031051048610206557)",306
14747,39,13,11,"(0.09033430006888621, 0.14970886995698662, 0.0, 0.0, 0.0, 0.04688669779969397, 0.0, 0.10102986541834598, 0.0, 0.031051048610206557)",1
14748,39,13,11,"(0.09033430006888621, 0.14970886995698662, 0.0, 0.0, 0.0, 0.04688669779969397, 0.0, 0.09523546217639671, 0.0, 0.05337682719124521)",2
14749,39,13,11,"(0.09033430006888621, 0.14970886995698662, 0.0, 0.0, 0.0, 0.04688669779969397, 0.0, 0.07851631155931958, 0.0, 0.01812760691895582)",16
14750,39,13,13,"(0.0, 0.0, 0.11679612853536596, 0.06920069129515957, 0.09172770611919409, 0.0967217281788795, 0.0, 0.0, 0.14899621190854193, 0.0)",1
14751,39,13,13,"(0.0, 0.0, 0.11679612853536596, 0.06920069129515957, 0.09172770611919409, 0.07489992963210028, 0.0, 0.0, 0.13386311871821513, 0.0)",3
14752,39,13,13,"(0.0, 0.0, 0.11679612853536596, 0.06920069129515957, 0.09172770611919409, 0.07489992963210028, 0.0, 0.0, 0.14899621190854193, 0.0)",185
14753,39,13,13,"(0.0, 0.0, 0.11679612853536596, 0.06920069129515957, 0.09172770611919409, 0.10613410186502155, 0.0, 0.0, 0.14899621190854193, 0.0)",2
14754,39,13,13,"(0.0, 0.0, 0.11679612853536596, 0.07665905962056599, 0.030773084442050628, 0.07489992963210028, 0.0, 0.0, 0.09786432821988468, 0.0)",1
14755,39,14,8,"(0.08829965453524319, 0.0, 0.08950620996642342, 0.09247639241939104, 0.09173902283359818, 0.0, 0.06826344941350267, 0.0, 0.0, 0.0)",250
14756,39,14,8,"(0.08829965453524319, 0.0, 0.08950620996642342, 0.09247639241939104, 0.09173902283359818, 0.0, 0.07030650099628254, 0.0, 0.0, 0.0)",1
14757,39,14,8,"(0.08829965453524319, 0.0, 0.08950620996642342, 0.12874791171597674, 0.09173902283359818, 0.0, 0.06826344941350267, 0.0, 0.0, 0.0)",2
14758,39,14,8,"(0.08829965453524319, 0.0, 0.08950620996642342, 0.09247639241939104, 0.06664498984159793, 0.0, 0.06826344941350267, 0.0, 0.0, 0.0)",6
14759,39,14,8,"(0.08829965453524319, 0.0, 0.08950620996642342, 0.09247639241939104, 0.10430556007842554, 0.0, 0.06826344941350267, 0.0, 0.0, 0.0)",1
14760,39,14,8,"(0.08829965453524319, 0.0, 0.11486892472334921, 0.09247639241939104, 0.09173902283359818, 0.0, 0.06826344941350267, 0.0, 0.0, 0.0)",43
14761,39,14,11,"(0.09033430006888621, 0.14970886995698662, 0.0, 0.0, 0.0, 0.04688669779969397, 0.0, 0.09523546217639671, 0.0, 0.031051048610206557)",458
14762,39,14,11,"(0.09033430006888621, 0.14970886995698662, 0.0, 0.0, 0.0, 0.04688669779969397, 0.0, 0.09523546217639671, 0.0, 0.01812760691895582)",44
14763,39,14,11,"(0.09033430006888621, 0.16746930053675832, 0.0, 0.0, 0.0, 0.04688669779969397, 0.0, 0.09523546217639671, 0.0, 0.031051048610206557)",1
14764,39,14,11,"(0.09033430006888621, 0.14970886995698662, 0.0, 0.0, 0.0, 0.04688669779969397, 0.0, 0.07851631155931958, 0.0, 0.01812760691895582)",24
14765,39,14,13,"(0.0, 0.0, 0.11679612853536596, 0.06920069129515957, 0.09172770611919409, 0.07489992963210028, 0.0, 0.0, 0.14899621190854193, 0.0)",199
14766,39,14,13,"(0.0, 0.0, 0.11679612853536596, 0.06920069129515957, 0.09172770611919409, 0.06390035410928077, 0.0, 0.0, 0.14899621190854193, 0.0)",1
14767,39,15,8,"(0.08829965453524319, 0.0, 0.17945267770659856, 0.09247639241939104, 0.05279681224621052, 0.0, 0.06826344941350267, 0.0, 0.0, 0.0)",1
14768,39,15,8,"(0.11524676572553466, 0.0, 0.08950620996642342, 0.09247639241939104, 0.09173902283359818, 0.0, 0.06826344941350267, 0.0, 0.0, 0.0)",4
14769,39,15,8,"(0.08829965453524319, 0.0, 0.08950620996642342, 0.09247639241939104, 0.09173902283359818, 0.0, 0.06826344941350267, 0.0, 0.0, 0.0)",323
14770,39,15,8,"(0.08829965453524319, 0.0, 0.08950620996642342, 0.09247639241939104, 0.09296568706362056, 0.0, 0.06826344941350267, 0.0, 0.0, 0.0)",1
14771,39,15,8,"(0.08829965453524319, 0.0, 0.07874143275677703, 0.09247639241939104, 0.09173902283359818, 0.0, 0.04729122314198867, 0.0, 0.0, 0.0)",1
14772,39,15,8,"(0.2455532153932297, 0.0, 0.08950620996642342, 0.09247639241939104, 0.09173902283359818, 0.0, 0.06826344941350267, 0.0, 0.0, 0.0)",4
14773,39,15,11,"(0.05595493401288263, 0.14970886995698662, 0.0, 0.0, 0.0, 0.04688669779969397, 0.0, 0.055294785938324716, 0.0, 0.031051048610206557)",1
14774,39,15,11,"(0.09033430006888621, 0.14970886995698662, 0.0, 0.0, 0.0, 0.019227338140557278, 0.0, 0.09523546217639671, 0.0, 0.031051048610206557)",7
14775,39,15,11,"(0.09033430006888621, 0.14970886995698662, 0.0, 0.0, 0.0, 0.04688669779969397, 0.0, 0.09523546217639671, 0.0, 0.031051048610206557)",346
14776,39,15,11,"(0.09033430006888621, 0.14970886995698662, 0.0, 0.0, 0.0, 0.04688669779969397, 0.0, 0.07851631155931958, 0.0, 0.01812760691895582)",24
14777,39,15,11,"(0.09033430006888621, 0.14970886995698662, 0.0, 0.0, 0.0, 0.04688669779969397, 0.0, 0.05669327488537461, 0.0, 0.031051048610206557)",1
14778,39,15,11,"(0.05595493401288263, 0.14970886995698662, 0.0, 0.0, 0.0, 0.04688669779969397, 0.0, 0.09523546217639671, 0.0, 0.031051048610206557)",74
14779,39,15,11,"(0.07915178535335844, 0.14970886995698662, 0.0, 0.0, 0.0, 0.04688669779969397, 0.0, 0.09523546217639671, 0.0, 0.031051048610206557)",4
14780,39,15,11,"(0.09033430006888621, 0.14970886995698662, 0.0, 0.0, 0.0, 0.04281407067328117, 0.0, 0.09523546217639671, 0.0, 0.01812760691895582)",2
14781,39,15,13,"(0.0, 0.0, 0.11679612853536596, 0.11566245524900162, 0.09172770611919409, 0.07489992963210028, 0.0, 0.0, 0.14899621190854193, 0.0)",20
14782,39,15,13,"(0.0, 0.0, 0.11679612853536596, 0.06920069129515957, 0.09172770611919409, 0.07489992963210028, 0.0, 0.0, 0.14899621190854193, 0.0)",133
14783,39,15,13,"(0.0, 0.0, 0.10210200986923515, 0.06920069129515957, 0.09172770611919409, 0.07489992963210028, 0.0, 0.0, 0.26098454809227906, 0.0)",5
14784,39,16,8,"(0.08829965453524319, 0.0, 0.08950620996642342, 0.06845091026559168, 0.09173902283359818, 0.0, 0.06826344941350267, 0.0, 0.0, 0.0)",1
14785,39,16,8,"(0.08829965453524319, 0.0, 0.106594432677931, 0.09247639241939104, 0.09173902283359818, 0.0, 0.06826344941350267, 0.0, 0.0, 0.0)",5
14786,39,16,8,"(0.1668566759815726, 0.0, 0.08950620996642342, 0.09247639241939104, 0.08099000847348813, 0.0, 0.06826344941350267, 0.0, 0.0, 0.0)",2
14787,39,16,8,"(0.04712824264394264, 0.0, 0.061862886291700545, 0.09247639241939104, 0.09173902283359818, 0.0, 0.06826344941350267, 0.0, 0.0, 0.0)",3
14788,39,16,8,"(0.08829965453524319, 0.0, 0.08950620996642342, 0.09247639241939104, 0.09173902283359818, 0.0, 0.06826344941350267, 0.0, 0.0, 0.0)",325
14789,39,16,8,"(0.05793631291256135, 0.0, 0.08950620996642342, 0.09247639241939104, 0.1642214281106571, 0.0, 0.06826344941350267, 0.0, 0.0, 0.0)",13
14790,39,16,11,"(0.09505562715519413, 0.14970886995698662, 0.0, 0.0, 0.0, 0.04688669779969397, 0.0, 0.09523546217639671, 0.0, 0.031051048610206557)",2
14791,39,16,11,"(0.09033430006888621, 0.14970886995698662, 0.0, 0.0, 0.0, 0.04688669779969397, 0.0, 0.09523546217639671, 0.0, 0.025142999513130142)",1
14792,39,16,11,"(0.09033430006888621, 0.14970886995698662, 0.0, 0.0, 0.0, 0.04281407067328117, 0.0, 0.09523546217639671, 0.0, 0.01812760691895582)",28
14793,39,16,11,"(0.09033430006888621, 0.14970886995698662, 0.0, 0.0, 0.0, 0.04688669779969397, 0.0, 0.09523546217639671, 0.0, 0.02073097225133764)",2
14794,39,16,11,"(0.09033430006888621, 0.14970886995698662, 0.0, 0.0, 0.0, 0.04688669779969397, 0.0, 0.07851631155931958, 0.0, 0.01812760691895582)",33
14795,39,16,11,"(0.09033430006888621, 0.14970886995698662, 0.0, 0.0, 0.0, 0.01947959382010602, 0.0, 0.09523546217639671, 0.0, 0.031051048610206557)",1
14796,39,16,11,"(0.1389567373015839, 0.14970886995698662, 0.0, 0.0, 0.0, 0.04281407067328117, 0.0, 0.09523546217639671, 0.0, 0.01812760691895582)",1
14797,39,16,11,"(0.09033430006888621, 0.14970886995698662, 0.0, 0.0, 0.0, 0.04688669779969397, 0.0, 0.09523546217639671, 0.0, 0.031051048610206557)",291
14798,39,16,11,"(0.09033430006888621, 0.14970886995698662, 0.0, 0.0, 0.0, 0.04688669779969397, 0.0, 0.09523546217639671, 0.0, 0.01498310317689335)",1
14799,39,16,11,"(0.05595493401288263, 0.14970886995698662, 0.0, 0.0, 0.0, 0.04688669779969397, 0.0, 0.09523546217639671, 0.0, 0.031051048610206557)",56
14800,39,16,13,"(0.0, 0.0, 0.11679612853536596, 0.06920069129515957, 0.13734186672268323, 0.07489992963210028, 0.0, 0.0, 0.14899621190854193, 0.0)",1
14801,39,16,13,"(0.0, 0.0, 0.11679612853536596, 0.06920069129515957, 0.09172770611919409, 0.07489992963210028, 0.0, 0.0, 0.14899621190854193, 0.0)",176
14802,39,16,13,"(0.0, 0.0, 0.11679612853536596, 0.06920069129515957, 0.09172770611919409, 0.07489992963210028, 0.0, 0.0, 0.1694424693495189, 0.0)",5
14803,39,16,13,"(0.0, 0.0, 0.09156939092925596, 0.08974155574850266, 0.09172770611919409, 0.07489992963210028, 0.0, 0.0, 0.2512586377342767, 0.0)",1
14804,39,17,8,"(0.08829965453524319, 0.0, 0.08950620996642342, 0.09247639241939104, 0.09173902283359818, 0.0, 0.05692461050886863, 0.0, 0.0, 0.0)",1
14805,39,17,8,"(0.08829965453524319, 0.0, 0.08950620996642342, 0.09247639241939104, 0.09173902283359818, 0.0, 0.06826344941350267, 0.0, 0.0, 0.0)",287
14806,39,17,8,"(0.08829965453524319, 0.0, 0.12285853333578939, 0.09247639241939104, 0.09173902283359818, 0.0, 0.06826344941350267, 0.0, 0.0, 0.0)",1
14807,39,17,8,"(0.08829965453524319, 0.0, 0.08950620996642342, 0.09247639241939104, 0.053926536942382544, 0.0, 0.06826344941350267, 0.0, 0.0, 0.0)",1
14808,39,17,8,"(0.08829965453524319, 0.0, 0.08950620996642342, 0.09247639241939104, 0.10444832289895432, 0.0, 0.08017389399493065, 0.0, 0.0, 0.0)",1
14809,39,17,8,"(0.08829965453524319, 0.0, 0.08950620996642342, 0.08171171265013077, 0.17063066444117636, 0.0, 0.06826344941350267, 0.0, 0.0, 0.0)",4
14810,39,17,11,"(0.09033430006888621, 0.09532101520998491, 0.0, 0.0, 0.0, 0.02208618032493811, 0.0, 0.09523546217639671, 0.0, 0.031051048610206557)",1
14811,39,17,11,"(0.09033430006888621, 0.14970886995698662, 0.0, 0.0, 0.0, 0.04688669779969397, 0.0, 0.09523546217639671, 0.0, 0.031051048610206557)",327
14812,39,17,11,"(0.09033430006888621, 0.09532101520998491, 0.0, 0.0, 0.0, 0.04688669779969397, 0.0, 0.09523546217639671, 0.0, 0.031051048610206557)",56
14813,39,17,11,"(0.09033430006888621, 0.14970886995698662, 0.0, 0.0, 0.0, 0.04281407067328117, 0.0, 0.09523546217639671, 0.0, 0.01812760691895582)",59
14814,39,17,11,"(0.09033430006888621, 0.14970886995698662, 0.0, 0.0, 0.0, 0.04688669779969397, 0.0, 0.09523546217639671, 0.0, 0.025481816439580023)",1
14815,39,17,11,"(0.09033430006888621, 0.09532101520998491, 0.0, 0.0, 0.0, 0.07872461328431521, 0.0, 0.09523546217639671, 0.0, 0.029811047599657733)",1
14816,39,17,11,"(0.09033430006888621, 0.16698255670247364, 0.0, 0.0, 0.0, 0.038175173481563594, 0.0, 0.09523546217639671, 0.0, 0.01812760691895582)",1
14817,39,17,11,"(0.09033430006888621, 0.14970886995698662, 0.0, 0.0, 0.0, 0.06482062474521542, 0.0, 0.053066311624282075, 0.0, 0.031051048610206557)",1
14818,39,17,11,"(0.05595493401288263, 0.14970886995698662, 0.0, 0.0, 0.0, 0.04688669779969397, 0.0, 0.09523546217639671, 0.0, 0.031051048610206557)",54
14819,39,17,11,"(0.09033430006888621, 0.14970886995698662, 0.0, 0.0, 0.0, 0.05419655306803258, 0.0, 0.09523546217639671, 0.0, 0.031051048610206557)",1
14820,39,17,13,"(0.0, 0.0, 0.1695274251631349, 0.06920069129515957, 0.09172770611919409, 0.07489992963210028, 0.0, 0.0, 0.14899621190854193, 0.0)",1
14821,39,17,13,"(0.0, 0.0, 0.11679612853536596, 0.06920069129515957, 0.09172770611919409, 0.07489992963210028, 0.0, 0.0, 0.14899621190854193, 0.0)",157
14822,39,17,13,"(0.0, 0.0, 0.11679612853536596, 0.08450146653387244, 0.09172770611919409, 0.07489992963210028, 0.0, 0.0, 0.14899621190854193, 0.0)",16
14823,39,18,8,"(0.08829965453524319, 0.0, 0.08950620996642342, 0.09247639241939104, 0.08352811329537738, 0.0, 0.08346440372311299, 0.0, 0.0, 0.0)",2
14824,39,18,8,"(0.08829965453524319, 0.0, 0.06627498157880825, 0.09247639241939104, 0.09173902283359818, 0.0, 0.06826344941350267, 0.0, 0.0, 0.0)",16
14825,39,18,8,"(0.09369258606422372, 0.0, 0.08950620996642342, 0.09247639241939104, 0.09173902283359818, 0.0, 0.06826344941350267, 0.0, 0.0, 0.0)",29
14826,39,18,8,"(0.08829965453524319, 0.0, 0.08950620996642342, 0.09247639241939104, 0.09173902283359818, 0.0, 0.07138403916457652, 0.0, 0.0, 0.0)",1
14827,39,18,8,"(0.08829965453524319, 0.0, 0.08950620996642342, 0.09247639241939104, 0.09173902283359818, 0.0, 0.06826344941350267, 0.0, 0.0, 0.0)",273
14828,39,18,11,"(0.05154044786241094, 0.1797881257952389, 0.0, 0.0, 0.0, 0.04688669779969397, 0.0, 0.21002602705026163, 0.0, 0.017243676092408504)",1
14829,39,18,11,"(0.09033430006888621, 0.14970886995698662, 0.0, 0.0, 0.0, 0.04688669779969397, 0.0, 0.09523546217639671, 0.0, 0.030111791936013495)",5
14830,39,18,11,"(0.09033430006888621, 0.0788524922253486, 0.0, 0.0, 0.0, 0.04688669779969397, 0.0, 0.09523546217639671, 0.0, 0.01812760691895582)",1
14831,39,18,11,"(0.09033430006888621, 0.14970886995698662, 0.0, 0.0, 0.0, 0.04688669779969397, 0.0, 0.09523546217639671, 0.0, 0.01812760691895582)",418
14832,39,18,11,"(0.09033430006888621, 0.1179863610845412, 0.0, 0.0, 0.0, 0.04688669779969397, 0.0, 0.09523546217639671, 0.0, 0.01812760691895582)",1
14833,39,18,11,"(0.09033430006888621, 0.07623221928819943, 0.0, 0.0, 0.0, 0.04688669779969397, 0.0, 0.08746702915253482, 0.0, 0.01812760691895582)",1
14834,39,18,11,"(0.0729764563329712, 0.14970886995698662, 0.0, 0.0, 0.0, 0.04688669779969397, 0.0, 0.08914655358877362, 0.0, 0.031051048610206557)",4
14835,39,18,11,"(0.09033430006888621, 0.14970886995698662, 0.0, 0.0, 0.0, 0.04688669779969397, 0.0, 0.07545657687452031, 0.0, 0.012921510122803478)",1
14836,39,18,11,"(0.09033430006888621, 0.14970886995698662, 0.0, 0.0, 0.0, 0.04688669779969397, 0.0, 0.09523546217639671, 0.0, 0.031051048610206557)",7
14837,39,18,13,"(0.0, 0.0, 0.11679612853536596, 0.06920069129515957, 0.09172770611919409, 0.07489992963210028, 0.0, 0.0, 0.14899621190854193, 0.0)",151
14838,39,18,13,"(0.0, 0.0, 0.11679612853536596, 0.06920069129515957, 0.09172770611919409, 0.10208240272977216, 0.0, 0.0, 0.14899621190854193, 0.0)",4
14839,39,18,13,"(0.0, 0.0, 0.11679612853536596, 0.06920069129515957, 0.09172770611919409, 0.07489992963210028, 0.0, 0.0, 0.17701872636954935, 0.0)",13
14840,39,19,8,"(0.08829965453524319, 0.0, 0.08950620996642342, 0.09247639241939104, 0.06127123870354464, 0.0, 0.06826344941350267, 0.0, 0.0, 0.0)",1
14841,39,19,8,"(0.08829965453524319, 0.0, 0.08950620996642342, 0.09247639241939104, 0.09173902283359818, 0.0, 0.06826344941350267, 0.0, 0.0, 0.0)",342
14842,39,19,8,"(0.10315520640933941, 0.0, 0.08950620996642342, 0.09247639241939104, 0.09173902283359818, 0.0, 0.06826344941350267, 0.0, 0.0, 0.0)",1
14843,39,19,8,"(0.08829965453524319, 0.0, 0.08950620996642342, 0.09247639241939104, 0.09099765164921644, 0.0, 0.06826344941350267, 0.0, 0.0, 0.0)",2
14844,39,19,8,"(0.08829965453524319, 0.0, 0.08950620996642342, 0.09247639241939104, 0.09173902283359818, 0.0, 0.06089104514587461, 0.0, 0.0, 0.0)",1
14845,39,19,8,"(0.09369258606422372, 0.0, 0.08950620996642342, 0.09247639241939104, 0.09173902283359818, 0.0, 0.06826344941350267, 0.0, 0.0, 0.0)",66
14846,39,19,11,"(0.09033430006888621, 0.14970886995698662, 0.0, 0.0, 0.0, 0.04688669779969397, 0.0, 0.07851631155931958, 0.0, 0.01812760691895582)",10
14847,39,19,11,"(0.09033430006888621, 0.2699332123510437, 0.0, 0.0, 0.0, 0.04688669779969397, 0.0, 0.09523546217639671, 0.0, 0.01812760691895582)",1
14848,39,19,11,"(0.11231285910256185, 0.14970886995698662, 0.0, 0.0, 0.0, 0.04688669779969397, 0.0, 0.09523546217639671, 0.0, 0.01812760691895582)",2
14849,39,19,11,"(0.09033430006888621, 0.14970886995698662, 0.0, 0.0, 0.0, 0.04688669779969397, 0.0, 0.09523546217639671, 0.0, 0.01812760691895582)",321
14850,39,19,11,"(0.09033430006888621, 0.14970886995698662, 0.0, 0.0, 0.0, 0.04688669779969397, 0.0, 0.13894212991811328, 0.0, 0.01812760691895582)",5
14851,39,19,13,"(0.0, 0.0, 0.10275440768713594, 0.06920069129515957, 0.09172770611919409, 0.07489992963210028, 0.0, 0.0, 0.14899621190854193, 0.0)",6
14852,39,19,13,"(0.0, 0.0, 0.11679612853536596, 0.06920069129515957, 0.09172770611919409, 0.07489992963210028, 0.0, 0.0, 0.14899621190854193, 0.0)",179
14853,39,20,8,"(0.09369258606422372, 0.0, 0.08364523597379403, 0.09247639241939104, 0.09173902283359818, 0.0, 0.08900756514096224, 0.0, 0.0, 0.0)",2
14854,39,20,8,"(0.08829965453524319, 0.0, 0.08950620996642342, 0.09247639241939104, 0.09173902283359818, 0.0, 0.06826344941350267, 0.0, 0.0, 0.0)",180
14855,39,20,8,"(0.08829965453524319, 0.0, 0.08950620996642342, 0.07406174596081694, 0.09173902283359818, 0.0, 0.06826344941350267, 0.0, 0.0, 0.0)",1
14856,39,20,8,"(0.09369258606422372, 0.0, 0.08950620996642342, 0.09247639241939104, 0.09173902283359818, 0.0, 0.06826344941350267, 0.0, 0.0, 0.0)",46
14857,39,20,8,"(0.09369258606422372, 0.0, 0.08950620996642342, 0.09247639241939104, 0.07528896807759217, 0.0, 0.06826344941350267, 0.0, 0.0, 0.0)",4
14858,39,20,8,"(0.0997418681805926, 0.0, 0.08950620996642342, 0.09247639241939104, 0.09173902283359818, 0.0, 0.06826344941350267, 0.0, 0.0, 0.0)",27
14859,39,20,11,"(0.09033430006888621, 0.14970886995698662, 0.0, 0.0, 0.0, 0.04688669779969397, 0.0, 0.07851631155931958, 0.0, 0.015822793727657637)",2
14860,39,20,11,"(0.09033430006888621, 0.14970886995698662, 0.0, 0.0, 0.0, 0.043444512156189496, 0.0, 0.09523546217639671, 0.0, 0.01812760691895582)",1
14861,39,20,11,"(0.09033430006888621, 0.14970886995698662, 0.0, 0.0, 0.0, 0.06441448799056843, 0.0, 0.09523546217639671, 0.0, 0.01812760691895582)",1
14862,39,20,11,"(0.09033430006888621, 0.14970886995698662, 0.0, 0.0, 0.0, 0.04688669779969397, 0.0, 0.09523546217639671, 0.0, 0.031051048610206557)",198
14863,39,20,11,"(0.09033430006888621, 0.14970886995698662, 0.0, 0.0, 0.0, 0.04688669779969397, 0.0, 0.09523546217639671, 0.0, 0.01812760691895582)",248
14864,39,20,11,"(0.09033430006888621, 0.14970886995698662, 0.0, 0.0, 0.0, 0.04689896304470895, 0.0, 0.09523546217639671, 0.0, 0.01812760691895582)",2
14865,39,20,11,"(0.09033430006888621, 0.14970886995698662, 0.0, 0.0, 0.0, 0.04688669779969397, 0.0, 0.09523546217639671, 0.0, 0.015260470449227475)",12
14866,39,20,11,"(0.09033430006888621, 0.14970886995698662, 0.0, 0.0, 0.0, 0.04688669779969397, 0.0, 0.09523546217639671, 0.0, 0.013682638789322625)",1
14867,39,20,11,"(0.09033430006888621, 0.14970886995698662, 0.0, 0.0, 0.0, 0.04688669779969397, 0.0, 0.07851631155931958, 0.0, 0.01812760691895582)",64
14868,39,20,11,"(0.09033430006888621, 0.14970886995698662, 0.0, 0.0, 0.0, 0.07402043234808336, 0.0, 0.09523546217639671, 0.0, 0.031051048610206557)",2
14869,39,20,11,"(0.09033430006888621, 0.14970886995698662, 0.0, 0.0, 0.0, 0.016242387709470694, 0.0, 0.09523546217639671, 0.0, 0.01812760691895582)",2
14870,39,20,11,"(0.09033430006888621, 0.14970886995698662, 0.0, 0.0, 0.0, 0.07402043234808336, 0.0, 0.052976453328387456, 0.0, 0.031051048610206557)",1
14871,39,20,11,"(0.09033430006888621, 0.14970886995698662, 0.0, 0.0, 0.0, 0.04688669779969397, 0.0, 0.09523546217639671, 0.0, 0.034997154341549576)",1
14872,39,20,13,"(0.0, 0.0, 0.11679612853536596, 0.055083599225959734, 0.06387769480610583, 0.07489992963210028, 0.0, 0.0, 0.14899621190854193, 0.0)",7
14873,39,20,13,"(0.0, 0.0, 0.11679612853536596, 0.06920069129515957, 0.09172770611919409, 0.048920975224565, 0.0, 0.0, 0.14899621190854193, 0.0)",1
14874,39,20,13,"(0.0, 0.0, 0.11679612853536596, 0.06920069129515957, 0.09172770611919409, 0.07489992963210028, 0.0, 0.0, 0.14899621190854193, 0.0)",163
14875,39,20,13,"(0.0, 0.0, 0.11679612853536596, 0.06920069129515957, 0.09172770611919409, 0.052254231241547794, 0.0, 0.0, 0.14899621190854193, 0.0)",1
14876,39,20,13,"(0.0, 0.0, 0.11679612853536596, 0.06920069129515957, 0.09172770611919409, 0.08911683704899423, 0.0, 0.0, 0.14899621190854193, 0.0)",1
14877,39,20,13,"(0.0, 0.0, 0.11679612853536596, 0.08082011330906691, 0.09172770611919409, 0.07489992963210028, 0.0, 0.0, 0.14899621190854193, 0.0)",3
14878,40,0,8,"(0.08829965453524319, 0.0, 0.07582416199365329, 0.09247639241939104, 0.09173902283359818, 0.0, 0.06826344941350267, 0.0, 0.0, 0.0)",1
14879,40,0,8,"(0.08829965453524319, 0.0, 0.08950620996642342, 0.09247639241939104, 0.09173902283359818, 0.0, 0.06826344941350267, 0.0, 0.0, 0.0)",306
14880,40,0,8,"(0.06296420276733257, 0.0, 0.08560114541265043, 0.09247639241939104, 0.09173902283359818, 0.0, 0.06826344941350267, 0.0, 0.0, 0.0)",2
14881,40,0,11,"(0.09033430006888621, 0.14970886995698662, 0.0, 0.0, 0.0, 0.04688669779969397, 0.0, 0.08818414384039411, 0.0, 0.031051048610206557)",1
14882,40,0,11,"(0.09033430006888621, 0.14970886995698662, 0.0, 0.0, 0.0, 0.04688669779969397, 0.0, 0.09523546217639671, 0.0, 0.031051048610206557)",425
14883,40,0,11,"(0.09033430006888621, 0.11438891080176446, 0.0, 0.0, 0.0, 0.050690453974340015, 0.0, 0.09523546217639671, 0.0, 0.031051048610206557)",1
14884,40,0,11,"(0.09033430006888621, 0.14970886995698662, 0.0, 0.0, 0.0, 0.04688669779969397, 0.0, 0.09523546217639671, 0.0, 0.01812760691895582)",59
14885,40,0,11,"(0.1537941419493979, 0.14970886995698662, 0.0, 0.0, 0.0, 0.04688669779969397, 0.0, 0.09523546217639671, 0.0, 0.031051048610206557)",1
14886,40,0,11,"(0.09033430006888621, 0.12734915348589493, 0.0, 0.0, 0.0, 0.04688669779969397, 0.0, 0.09523546217639671, 0.0, 0.031051048610206557)",1
14887,40,0,13,"(0.0, 0.0, 0.11679612853536596, 0.040397348836880585, 0.09172770611919409, 0.07489992963210028, 0.0, 0.0, 0.14899621190854193, 0.0)",1
14888,40,0,13,"(0.0, 0.0, 0.11679612853536596, 0.06920069129515957, 0.14602364391214034, 0.07489992963210028, 0.0, 0.0, 0.14899621190854193, 0.0)",2
14889,40,0,13,"(0.0, 0.0, 0.11679612853536596, 0.06920069129515957, 0.09172770611919409, 0.07489992963210028, 0.0, 0.0, 0.1662834887392061, 0.0)",1
14890,40,0,13,"(0.0, 0.0, 0.11679612853536596, 0.06920069129515957, 0.09172770611919409, 0.07489992963210028, 0.0, 0.0, 0.14899621190854193, 0.0)",176
14891,40,1,8,"(0.08829965453524319, 0.0, 0.08950620996642342, 0.09247639241939104, 0.09173902283359818, 0.0, 0.06826344941350267, 0.0, 0.0, 0.0)",241
14892,40,1,8,"(0.08829965453524319, 0.0, 0.11486892472334921, 0.09247639241939104, 0.09173902283359818, 0.0, 0.06826344941350267, 0.0, 0.0, 0.0)",76
14893,40,1,8,"(0.0687459488147922, 0.0, 0.11486892472334921, 0.09247639241939104, 0.09173902283359818, 0.0, 0.06826344941350267, 0.0, 0.0, 0.0)",1
14894,40,1,8,"(0.09470927242649758, 0.0, 0.08950620996642342, 0.09247639241939104, 0.09173902283359818, 0.0, 0.06826344941350267, 0.0, 0.0, 0.0)",4
14895,40,1,8,"(0.08829965453524319, 0.0, 0.08950620996642342, 0.09247639241939104, 0.06664498984159793, 0.0, 0.06826344941350267, 0.0, 0.0, 0.0)",19
14896,40,1,8,"(0.08829965453524319, 0.0, 0.08950620996642342, 0.12798782643367232, 0.09173902283359818, 0.0, 0.06826344941350267, 0.0, 0.0, 0.0)",1
14897,40,1,8,"(0.08829965453524319, 0.0, 0.08950620996642342, 0.09247639241939104, 0.09173902283359818, 0.0, 0.09241747984093347, 0.0, 0.0, 0.0)",1
14898,40,1,11,"(0.09033430006888621, 0.14970886995698662, 0.0, 0.0, 0.0, 0.04688669779969397, 0.0, 0.23451727407336884, 0.0, 0.01812760691895582)",1
14899,40,1,11,"(0.09033430006888621, 0.14970886995698662, 0.0, 0.0, 0.0, 0.03219412758283692, 0.0, 0.09523546217639671, 0.0, 0.031051048610206557)",1
14900,40,1,11,"(0.09033430006888621, 0.14970886995698662, 0.0, 0.0, 0.0, 0.04688669779969397, 0.0, 0.09825119930731571, 0.0, 0.031051048610206557)",2
14901,40,1,11,"(0.09033430006888621, 0.14970886995698662, 0.0, 0.0, 0.0, 0.04688669779969397, 0.0, 0.06295227457107144, 0.0, 0.031051048610206557)",1
14902,40,1,11,"(0.09033430006888621, 0.16746930053675832, 0.0, 0.0, 0.0, 0.04688669779969397, 0.0, 0.09523546217639671, 0.0, 0.031051048610206557)",19
14903,40,1,11,"(0.09033430006888621, 0.14970886995698662, 0.0, 0.0, 0.0, 0.04688669779969397, 0.0, 0.09523546217639671, 0.0, 0.01812760691895582)",74
14904,40,1,11,"(0.09033430006888621, 0.14970886995698662, 0.0, 0.0, 0.0, 0.04688669779969397, 0.0, 0.09523546217639671, 0.0, 0.031051048610206557)",280
14905,40,1,11,"(0.09033430006888621, 0.14970886995698662, 0.0, 0.0, 0.0, 0.04688669779969397, 0.0, 0.09523546217639671, 0.0, 0.05390182140689677)",1
14906,40,1,11,"(0.09033430006888621, 0.12881424345150574, 0.0, 0.0, 0.0, 0.04688669779969397, 0.0, 0.09523546217639671, 0.0, 0.031051048610206557)",1
14907,40,1,13,"(0.0, 0.0, 0.11679612853536596, 0.06606296490397968, 0.09172770611919409, 0.07489992963210028, 0.0, 0.0, 0.14899621190854193, 0.0)",3
14908,40,1,13,"(0.0, 0.0, 0.11679612853536596, 0.06920069129515957, 0.09172770611919409, 0.07489992963210028, 0.0, 0.0, 0.14899621190854193, 0.0)",166
14909,40,2,8,"(0.08829965453524319, 0.0, 0.08950620996642342, 0.09247639241939104, 0.11206991756303358, 0.0, 0.06826344941350267, 0.0, 0.0, 0.0)",1
14910,40,2,8,"(0.08829965453524319, 0.0, 0.08950620996642342, 0.09247639241939104, 0.09173902283359818, 0.0, 0.06826344941350267, 0.0, 0.0, 0.0)",288
14911,40,2,8,"(0.08829965453524319, 0.0, 0.08950620996642342, 0.09247639241939104, 0.09173902283359818, 0.0, 0.06140016569408619, 0.0, 0.0, 0.0)",1
14912,40,2,8,"(0.14356547615976717, 0.0, 0.0644286472708214, 0.09247639241939104, 0.04648560623190767, 0.0, 0.06826344941350267, 0.0, 0.0, 0.0)",2
14913,40,2,8,"(0.08829965453524319, 0.0, 0.11486892472334921, 0.09247639241939104, 0.09173902283359818, 0.0, 0.06826344941350267, 0.0, 0.0, 0.0)",19
14914,40,2,8,"(0.08829965453524319, 0.0, 0.08950620996642342, 0.09247639241939104, 0.09173902283359818, 0.0, 0.06126123212185629, 0.0, 0.0, 0.0)",4
14915,40,2,8,"(0.08829965453524319, 0.0, 0.05755813445438694, 0.09247639241939104, 0.09173902283359818, 0.0, 0.06826344941350267, 0.0, 0.0, 0.0)",1
14916,40,2,11,"(0.09033430006888621, 0.14970886995698662, 0.0, 0.0, 0.0, 0.04688669779969397, 0.0, 0.16259750373640164, 0.0, 0.031051048610206557)",1
14917,40,2,11,"(0.09033430006888621, 0.14821828133810477, 0.0, 0.0, 0.0, 0.04688669779969397, 0.0, 0.09523546217639671, 0.0, 0.031051048610206557)",2
14918,40,2,11,"(0.09033430006888621, 0.14970886995698662, 0.0, 0.0, 0.0, 0.04688669779969397, 0.0, 0.07851631155931958, 0.0, 0.01812760691895582)",11
14919,40,2,11,"(0.11245347726241099, 0.14970886995698662, 0.0, 0.0, 0.0, 0.0724665793423595, 0.0, 0.09302874956716263, 0.0, 0.031051048610206557)",1
14920,40,2,11,"(0.09033430006888621, 0.14970886995698662, 0.0, 0.0, 0.0, 0.04688669779969397, 0.0, 0.09523546217639671, 0.0, 0.04856926442069508)",2
14921,40,2,11,"(0.09033430006888621, 0.14970886995698662, 0.0, 0.0, 0.0, 0.04688669779969397, 0.0, 0.06605230623003186, 0.0, 0.031051048610206557)",1
14922,40,2,11,"(0.09033430006888621, 0.14970886995698662, 0.0, 0.0, 0.0, 0.04688669779969397, 0.0, 0.09523546217639671, 0.0, 0.031051048610206557)",300
14923,40,2,11,"(0.09033430006888621, 0.1963469719732441, 0.0, 0.0, 0.0, 0.04688669779969397, 0.0, 0.09523546217639671, 0.0, 0.031051048610206557)",1
14924,40,2,11,"(0.11015962996514948, 0.14970886995698662, 0.0, 0.0, 0.0, 0.04688669779969397, 0.0, 0.09523546217639671, 0.0, 0.031051048610206557)",7
14925,40,2,11,"(0.09033430006888621, 0.14970886995698662, 0.0, 0.0, 0.0, 0.04688669779969397, 0.0, 0.09523546217639671, 0.0, 0.01812760691895582)",47
14926,40,2,11,"(0.08695523738009533, 0.14970886995698662, 0.0, 0.0, 0.0, 0.04688669779969397, 0.0, 0.0823853320506323, 0.0, 0.031051048610206557)",1
14927,40,2,11,"(0.09033430006888621, 0.14970886995698662, 0.0, 0.0, 0.0, 0.04688669779969397, 0.0, 0.09523546217639671, 0.0, 0.01894036449716697)",4
14928,40,2,13,"(0.0, 0.0, 0.11679612853536596, 0.06920069129515957, 0.09172770611919409, 0.07489992963210028, 0.0, 0.0, 0.14899621190854193, 0.0)",168
14929,40,2,13,"(0.0, 0.0, 0.11679612853536596, 0.06920069129515957, 0.09172770611919409, 0.1683016930325024, 0.0, 0.0, 0.14899621190854193, 0.0)",1
14930,40,2,13,"(0.0, 0.0, 0.11679612853536596, 0.06920069129515957, 0.09172770611919409, 0.10265492017472305, 0.0, 0.0, 0.14899621190854193, 0.0)",1
14931,40,2,13,"(0.0, 0.0, 0.095433497897542, 0.06920069129515957, 0.09172770611919409, 0.07489992963210028, 0.0, 0.0, 0.14899621190854193, 0.0)",1
14932,40,3,8,"(0.08829965453524319, 0.0, 0.08950620996642342, 0.09247639241939104, 0.11023238684877575, 0.0, 0.06826344941350267, 0.0, 0.0, 0.0)",1
14933,40,3,8,"(0.08829965453524319, 0.0, 0.07293661196072336, 0.09247639241939104, 0.09173902283359818, 0.0, 0.06826344941350267, 0.0, 0.0, 0.0)",2
14934,40,3,8,"(0.08829965453524319, 0.0, 0.08950620996642342, 0.09247639241939104, 0.1005753687947289, 0.0, 0.06826344941350267, 0.0, 0.0, 0.0)",1
14935,40,3,8,"(0.08829965453524319, 0.0, 0.08950620996642342, 0.06986969497945773, 0.09173902283359818, 0.0, 0.06826344941350267, 0.0, 0.0, 0.0)",2
14936,40,3,8,"(0.1581162728106576, 0.0, 0.16136425960381365, 0.09247639241939104, 0.09173902283359818, 0.0, 0.06826344941350267, 0.0, 0.0, 0.0)",1
14937,40,3,8,"(0.08829965453524319, 0.0, 0.08950620996642342, 0.09247639241939104, 0.09173902283359818, 0.0, 0.06826344941350267, 0.0, 0.0, 0.0)",355
14938,40,3,11,"(0.05595493401288263, 0.14970886995698662, 0.0, 0.0, 0.0, 0.04688669779969397, 0.0, 0.09523546217639671, 0.0, 0.031051048610206557)",39
14939,40,3,11,"(0.09033430006888621, 0.14970886995698662, 0.0, 0.0, 0.0, 0.04688669779969397, 0.0, 0.09523546217639671, 0.0, 0.031051048610206557)",352
14940,40,3,11,"(0.09033430006888621, 0.10597947608879515, 0.0, 0.0, 0.0, 0.04688669779969397, 0.0, 0.07841310540427855, 0.0, 0.030480611865943)",4
14941,40,3,13,"(0.0, 0.0, 0.11679612853536596, 0.06920069129515957, 0.09172770611919409, 0.07489992963210028, 0.0, 0.0, 0.14899621190854193, 0.0)",85
14942,40,3,13,"(0.0, 0.0, 0.11679612853536596, 0.11566245524900162, 0.09172770611919409, 0.07489992963210028, 0.0, 0.0, 0.14899621190854193, 0.0)",79
14943,40,3,13,"(0.0, 0.0, 0.11679612853536596, 0.06920069129515957, 0.09172770611919409, 0.08028449966939394, 0.0, 0.0, 0.14899621190854193, 0.0)",1
14944,40,3,13,"(0.0, 0.0, 0.10210200986923515, 0.06920069129515957, 0.09172770611919409, 0.07489992963210028, 0.0, 0.0, 0.26098454809227906, 0.0)",3
14945,40,4,8,"(0.08829965453524319, 0.0, 0.0612355250049976, 0.09247639241939104, 0.09173902283359818, 0.0, 0.06826344941350267, 0.0, 0.0, 0.0)",1
14946,40,4,8,"(0.08829965453524319, 0.0, 0.05937269771160999, 0.09247639241939104, 0.09173902283359818, 0.0, 0.03083532231483738, 0.0, 0.0, 0.0)",6
14947,40,4,8,"(0.08829965453524319, 0.0, 0.08950620996642342, 0.09247639241939104, 0.08126295376519026, 0.0, 0.06788981595706242, 0.0, 0.0, 0.0)",2
14948,40,4,8,"(0.11481426153899203, 0.0, 0.08211353188494193, 0.09247639241939104, 0.09173902283359818, 0.0, 0.06826344941350267, 0.0, 0.0, 0.0)",1
14949,40,4,8,"(0.08829965453524319, 0.0, 0.08950620996642342, 0.09247639241939104, 0.09173902283359818, 0.0, 0.06826344941350267, 0.0, 0.0, 0.0)",305
14950,40,4,8,"(0.08829965453524319, 0.0, 0.08950620996642342, 0.09247639241939104, 0.09173902283359818, 0.0, 0.06762279389945641, 0.0, 0.0, 0.0)",1
14951,40,4,8,"(0.08829965453524319, 0.0, 0.08950620996642342, 0.09247639241939104, 0.07414934398744585, 0.0, 0.06826344941350267, 0.0, 0.0, 0.0)",3
14952,40,4,8,"(0.10139256894923473, 0.0, 0.08950620996642342, 0.09247639241939104, 0.09173902283359818, 0.0, 0.06826344941350267, 0.0, 0.0, 0.0)",6
14953,40,4,11,"(0.09033430006888621, 0.23140112375171398, 0.0, 0.0, 0.0, 0.04688669779969397, 0.0, 0.09523546217639671, 0.0, 0.04447814287720444)",3
14954,40,4,11,"(0.05698090122225617, 0.14970886995698662, 0.0, 0.0, 0.0, 0.04688669779969397, 0.0, 0.09969674358051304, 0.0, 0.01812760691895582)",1
14955,40,4,11,"(0.09033430006888621, 0.14970886995698662, 0.0, 0.0, 0.0, 0.04688669779969397, 0.0, 0.07851631155931958, 0.0, 0.01812760691895582)",63
14956,40,4,11,"(0.05595493401288263, 0.14970886995698662, 0.0, 0.0, 0.0, 0.04688669779969397, 0.0, 0.09523546217639671, 0.0, 0.031051048610206557)",29
14957,40,4,11,"(0.09033430006888621, 0.14970886995698662, 0.0, 0.0, 0.0, 0.04688669779969397, 0.0, 0.07851631155931958, 0.0, 0.02208763096043913)",2
14958,40,4,11,"(0.05595493401288263, 0.14970886995698662, 0.0, 0.0, 0.0, 0.04688669779969397, 0.0, 0.13751925746165108, 0.0, 0.04459200540362215)",1
14959,40,4,11,"(0.09033430006888621, 0.14970886995698662, 0.0, 0.0, 0.0, 0.04688669779969397, 0.0, 0.11203837422939579, 0.0, 0.031051048610206557)",3
14960,40,4,11,"(0.09033430006888621, 0.14970886995698662, 0.0, 0.0, 0.0, 0.06923129027677058, 0.0, 0.09523546217639671, 0.0, 0.031051048610206557)",3
14961,40,4,11,"(0.09033430006888621, 0.14970886995698662, 0.0, 0.0, 0.0, 0.04688669779969397, 0.0, 0.09523546217639671, 0.0, 0.031051048610206557)",386
14962,40,4,11,"(0.09033430006888621, 0.14970886995698662, 0.0, 0.0, 0.0, 0.04688669779969397, 0.0, 0.12683451398587736, 0.0, 0.031051048610206557)",1
14963,40,4,11,"(0.0594758137620647, 0.14970886995698662, 0.0, 0.0, 0.0, 0.04688669779969397, 0.0, 0.09523546217639671, 0.0, 0.031051048610206557)",1
14964,40,4,11,"(0.09033430006888621, 0.14970886995698662, 0.0, 0.0, 0.0, 0.04688669779969397, 0.0, 0.052279389215284265, 0.0, 0.01812760691895582)",1
14965,40,4,13,"(0.0, 0.0, 0.11679612853536596, 0.06920069129515957, 0.09172770611919409, 0.07489992963210028, 0.0, 0.0, 0.19855267703682092, 0.0)",2
14966,40,4,13,"(0.0, 0.0, 0.11679612853536596, 0.06920069129515957, 0.09172770611919409, 0.12410639515366916, 0.0, 0.0, 0.14899621190854193, 0.0)",1
14967,40,4,13,"(0.0, 0.0, 0.11679612853536596, 0.06920069129515957, 0.09172770611919409, 0.07489992963210028, 0.0, 0.0, 0.14899621190854193, 0.0)",171
14968,40,5,8,"(0.08829965453524319, 0.0, 0.08950620996642342, 0.13514349549016597, 0.09173902283359818, 0.0, 0.06826344941350267, 0.0, 0.0, 0.0)",1
14969,40,5,8,"(0.09298849037123254, 0.0, 0.08950620996642342, 0.09247639241939104, 0.09173902283359818, 0.0, 0.06826344941350267, 0.0, 0.0, 0.0)",1
14970,40,5,8,"(0.11524676572553466, 0.0, 0.08950620996642342, 0.09247639241939104, 0.09173902283359818, 0.0, 0.06826344941350267, 0.0, 0.0, 0.0)",44
14971,40,5,8,"(0.08829965453524319, 0.0, 0.08950620996642342, 0.09247639241939104, 0.09173902283359818, 0.0, 0.06826344941350267, 0.0, 0.0, 0.0)",322
14972,40,5,8,"(0.08829965453524319, 0.0, 0.08950620996642342, 0.1054806860966749, 0.09173902283359818, 0.0, 0.06826344941350267, 0.0, 0.0, 0.0)",3
14973,40,5,8,"(0.08829965453524319, 0.0, 0.08950620996642342, 0.09247639241939104, 0.09296568706362056, 0.0, 0.06826344941350267, 0.0, 0.0, 0.0)",1
14974,40,5,8,"(0.08829965453524319, 0.0, 0.08950620996642342, 0.09997960677249794, 0.09173902283359818, 0.0, 0.06826344941350267, 0.0, 0.0, 0.0)",2
14975,40,5,11,"(0.05595493401288263, 0.14970886995698662, 0.0, 0.0, 0.0, 0.04688669779969397, 0.0, 0.06842119638520236, 0.0, 0.031051048610206557)",16
14976,40,5,11,"(0.05595493401288263, 0.14970886995698662, 0.0, 0.0, 0.0, 0.04688669779969397, 0.0, 0.09523546217639671, 0.0, 0.031051048610206557)",223
14977,40,5,11,"(0.05595493401288263, 0.14970886995698662, 0.0, 0.0, 0.0, 0.04688669779969397, 0.0, 0.10453458866416059, 0.0, 0.031051048610206557)",2
14978,40,5,11,"(0.07062314915020533, 0.14970886995698662, 0.0, 0.0, 0.0, 0.04688669779969397, 0.0, 0.09523546217639671, 0.0, 0.031051048610206557)",2
14979,40,5,11,"(0.07915178535335844, 0.14970886995698662, 0.0, 0.0, 0.0, 0.04688669779969397, 0.0, 0.09523546217639671, 0.0, 0.031051048610206557)",24
14980,40,5,11,"(0.09033430006888621, 0.14970886995698662, 0.0, 0.0, 0.0, 0.04688669779969397, 0.0, 0.09523546217639671, 0.0, 0.031051048610206557)",114
14981,40,5,11,"(0.05595493401288263, 0.09004378578411489, 0.0, 0.0, 0.0, 0.04688669779969397, 0.0, 0.09523546217639671, 0.0, 0.031051048610206557)",2
14982,40,5,11,"(0.05595493401288263, 0.14970886995698662, 0.0, 0.0, 0.0, 0.07030767042201479, 0.0, 0.06842119638520236, 0.0, 0.031051048610206557)",1
14983,40,5,11,"(0.09033430006888621, 0.14970886995698662, 0.0, 0.0, 0.0, 0.04688669779969397, 0.0, 0.07851631155931958, 0.0, 0.01812760691895582)",12
14984,40,5,11,"(0.09033430006888621, 0.14970886995698662, 0.0, 0.0, 0.0, 0.019227338140557278, 0.0, 0.09523546217639671, 0.0, 0.031051048610206557)",21
14985,40,5,11,"(0.0574222576865683, 0.14970886995698662, 0.0, 0.0, 0.0, 0.04688669779969397, 0.0, 0.09523546217639671, 0.0, 0.031051048610206557)",2
14986,40,5,11,"(0.05595493401288263, 0.14970886995698662, 0.0, 0.0, 0.0, 0.055752348055271045, 0.0, 0.09523546217639671, 0.0, 0.031051048610206557)",1
14987,40,5,11,"(0.05595493401288263, 0.14970886995698662, 0.0, 0.0, 0.0, 0.04688669779969397, 0.0, 0.15446730240859727, 0.0, 0.031051048610206557)",1
14988,40,5,11,"(0.09033430006888621, 0.14970886995698662, 0.0, 0.0, 0.0, 0.04688669779969397, 0.0, 0.09523546217639671, 0.0, 0.03372701928006785)",2
14989,40,5,13,"(0.0, 0.0, 0.10210200986923515, 0.06920069129515957, 0.09172770611919409, 0.07489992963210028, 0.0, 0.0, 0.26098454809227906, 0.0)",4
14990,40,5,13,"(0.0, 0.0, 0.11679612853536596, 0.1186810934679919, 0.09172770611919409, 0.07489992963210028, 0.0, 0.0, 0.14899621190854193, 0.0)",2
14991,40,5,13,"(0.0, 0.0, 0.11679612853536596, 0.06920069129515957, 0.09172770611919409, 0.07489992963210028, 0.0, 0.0, 0.14899621190854193, 0.0)",175
14992,40,5,13,"(0.0, 0.0, 0.05523286901882407, 0.06920069129515957, 0.09172770611919409, 0.07489992963210028, 0.0, 0.0, 0.14899621190854193, 0.0)",2
14993,40,5,13,"(0.0, 0.0, 0.11679612853536596, 0.11566245524900162, 0.09172770611919409, 0.07489992963210028, 0.0, 0.0, 0.14899621190854193, 0.0)",14
14994,40,6,8,"(0.08829965453524319, 0.0, 0.08950620996642342, 0.07656193445638183, 0.09173902283359818, 0.0, 0.06826344941350267, 0.0, 0.0, 0.0)",7
14995,40,6,8,"(0.08829965453524319, 0.0, 0.08950620996642342, 0.09247639241939104, 0.09173902283359818, 0.0, 0.06178165916840824, 0.0, 0.0, 0.0)",1
14996,40,6,8,"(0.15902090435176486, 0.0, 0.06358920845105172, 0.09247639241939104, 0.09173902283359818, 0.0, 0.06826344941350267, 0.0, 0.0, 0.0)",3
14997,40,6,8,"(0.08829965453524319, 0.0, 0.08950620996642342, 0.09247639241939104, 0.08442276854508335, 0.0, 0.06826344941350267, 0.0, 0.0, 0.0)",5
14998,40,6,8,"(0.08829965453524319, 0.0, 0.08950620996642342, 0.09247639241939104, 0.09173902283359818, 0.0, 0.06826344941350267, 0.0, 0.0, 0.0)",350
14999,40,6,11,"(0.09033430006888621, 0.14970886995698662, 0.0, 0.0, 0.0, 0.04688669779969397, 0.0, 0.07851631155931958, 0.0, 0.01812760691895582)",31
15000,40,6,11,"(0.09033430006888621, 0.14970886995698662, 0.0, 0.0, 0.0, 0.04688669779969397, 0.0, 0.08881216583227987, 0.0, 0.01812760691895582)",20
15001,40,6,11,"(0.09033430006888621, 0.14970886995698662, 0.0, 0.0, 0.0, 0.03581597728982191, 0.0, 0.08881216583227987, 0.0, 0.01812760691895582)",6
15002,40,6,11,"(0.09033430006888621, 0.1944138541007402, 0.0, 0.0, 0.0, 0.04688669779969397, 0.0, 0.05176257606085535, 0.0, 0.031051048610206557)",1
15003,40,6,11,"(0.09033430006888621, 0.14970886995698662, 0.0, 0.0, 0.0, 0.04688669779969397, 0.0, 0.07203625484705223, 0.0, 0.030678822671300322)",3
15004,40,6,11,"(0.09033430006888621, 0.16326295152709294, 0.0, 0.0, 0.0, 0.04688669779969397, 0.0, 0.07851631155931958, 0.0, 0.01812760691895582)",1
15005,40,6,11,"(0.09033430006888621, 0.16060834776037136, 0.0, 0.0, 0.0, 0.04688669779969397, 0.0, 0.09523546217639671, 0.0, 0.031051048610206557)",3
15006,40,6,11,"(0.09033430006888621, 0.14970886995698662, 0.0, 0.0, 0.0, 0.04688669779969397, 0.0, 0.09523546217639671, 0.0, 0.031051048610206557)",289
15007,40,6,11,"(0.11290988887080862, 0.14970886995698662, 0.0, 0.0, 0.0, 0.04688669779969397, 0.0, 0.09523546217639671, 0.0, 0.015959946122856852)",1
15008,40,6,11,"(0.08463837287749254, 0.14970886995698662, 0.0, 0.0, 0.0, 0.04688669779969397, 0.0, 0.09523546217639671, 0.0, 0.031051048610206557)",1
15009,40,6,11,"(0.09033430006888621, 0.11873125220901432, 0.0, 0.0, 0.0, 0.04688669779969397, 0.0, 0.09523546217639671, 0.0, 0.031051048610206557)",1
15010,40,6,11,"(0.09033430006888621, 0.1833543366137572, 0.0, 0.0, 0.0, 0.04688669779969397, 0.0, 0.09523546217639671, 0.0, 0.031051048610206557)",4
15011,40,6,13,"(0.0, 0.0, 0.11679612853536596, 0.10616114594140608, 0.09172770611919409, 0.07489992963210028, 0.0, 0.0, 0.14892366306062668, 0.0)",1
15012,40,6,13,"(0.0, 0.0, 0.11679612853536596, 0.06920069129515957, 0.09172770611919409, 0.07489992963210028, 0.0, 0.0, 0.14899621190854193, 0.0)",190
15013,40,6,13,"(0.0, 0.0, 0.11679612853536596, 0.06920069129515957, 0.09172770611919409, 0.07489992963210028, 0.0, 0.0, 0.05770078761393059, 0.0)",2
15014,40,7,8,"(0.08829965453524319, 0.0, 0.08950620996642342, 0.09247639241939104, 0.09173902283359818, 0.0, 0.08799405455313485, 0.0, 0.0, 0.0)",1
15015,40,7,8,"(0.08829965453524319, 0.0, 0.08950620996642342, 0.09247639241939104, 0.09173902283359818, 0.0, 0.06826344941350267, 0.0, 0.0, 0.0)",335
15016,40,7,11,"(0.13391592917787415, 0.12735687522983868, 0.0, 0.0, 0.0, 0.06392454459029313, 0.0, 0.09523546217639671, 0.0, 0.031051048610206557)",1
15017,40,7,11,"(0.09033430006888621, 0.14970886995698662, 0.0, 0.0, 0.0, 0.04688669779969397, 0.0, 0.09523546217639671, 0.0, 0.022595786666560265)",1
15018,40,7,11,"(0.09033430006888621, 0.14970886995698662, 0.0, 0.0, 0.0, 0.04688669779969397, 0.0, 0.07851631155931958, 0.0, 0.01812760691895582)",29
15019,40,7,11,"(0.09033430006888621, 0.14970886995698662, 0.0, 0.0, 0.0, 0.04688669779969397, 0.0, 0.09523546217639671, 0.0, 0.01812760691895582)",5
15020,40,7,11,"(0.09033430006888621, 0.14970886995698662, 0.0, 0.0, 0.0, 0.04688669779969397, 0.0, 0.09523546217639671, 0.0, 0.05938066367891428)",1
15021,40,7,11,"(0.09033430006888621, 0.14970886995698662, 0.0, 0.0, 0.0, 0.027476791921149633, 0.0, 0.09523546217639671, 0.0, 0.031051048610206557)",3
15022,40,7,11,"(0.09033430006888621, 0.14970886995698662, 0.0, 0.0, 0.0, 0.04688669779969397, 0.0, 0.09523546217639671, 0.0, 0.031051048610206557)",466
15023,40,7,13,"(0.0, 0.0, 0.11679612853536596, 0.06920069129515957, 0.09172770611919409, 0.07489992963210028, 0.0, 0.0, 0.14899621190854193, 0.0)",172
15024,40,7,13,"(0.0, 0.0, 0.11679612853536596, 0.06920069129515957, 0.09172770611919409, 0.07489992963210028, 0.0, 0.0, 0.10872948136833484, 0.0)",1
15025,40,8,8,"(0.08829965453524319, 0.0, 0.042088797961536334, 0.09247639241939104, 0.09173902283359818, 0.0, 0.06826344941350267, 0.0, 0.0, 0.0)",2
15026,40,8,8,"(0.08829965453524319, 0.0, 0.08105279658666349, 0.09247639241939104, 0.09173902283359818, 0.0, 0.06258816928383047, 0.0, 0.0, 0.0)",1
15027,40,8,8,"(0.08829965453524319, 0.0, 0.08105279658666349, 0.09247639241939104, 0.09173902283359818, 0.0, 0.11994291395308247, 0.0, 0.0, 0.0)",1
15028,40,8,8,"(0.08829965453524319, 0.0, 0.08950620996642342, 0.09247639241939104, 0.09173902283359818, 0.0, 0.06826344941350267, 0.0, 0.0, 0.0)",330
15029,40,8,8,"(0.08829965453524319, 0.0, 0.08950620996642342, 0.09247639241939104, 0.09173902283359818, 0.0, 0.1116366070623885, 0.0, 0.0, 0.0)",1
15030,40,8,8,"(0.08829965453524319, 0.0, 0.056564117836071466, 0.09247639241939104, 0.17132235350199637, 0.0, 0.047418092081920875, 0.0, 0.0, 0.0)",4
15031,40,8,8,"(0.08829965453524319, 0.0, 0.18163320449718026, 0.09247639241939104, 0.09173902283359818, 0.0, 0.06826344941350267, 0.0, 0.0, 0.0)",1
15032,40,8,8,"(0.08829965453524319, 0.0, 0.08105279658666349, 0.12212140498409695, 0.09173902283359818, 0.0, 0.06826344941350267, 0.0, 0.0, 0.0)",1
15033,40,8,8,"(0.08829965453524319, 0.0, 0.08105279658666349, 0.09247639241939104, 0.09173902283359818, 0.0, 0.06826344941350267, 0.0, 0.0, 0.0)",29
15034,40,8,11,"(0.09033430006888621, 0.14970886995698662, 0.0, 0.0, 0.0, 0.04688669779969397, 0.0, 0.136304330443082, 0.0, 0.031051048610206557)",1
15035,40,8,11,"(0.09033430006888621, 0.14970886995698662, 0.0, 0.0, 0.0, 0.04688669779969397, 0.0, 0.12204867793459827, 0.0, 0.031051048610206557)",3
15036,40,8,11,"(0.09033430006888621, 0.16603118112333906, 0.0, 0.0, 0.0, 0.04688669779969397, 0.0, 0.09523546217639671, 0.0, 0.01812760691895582)",1
15037,40,8,11,"(0.09033430006888621, 0.14970886995698662, 0.0, 0.0, 0.0, 0.04688669779969397, 0.0, 0.09523546217639671, 0.0, 0.031051048610206557)",270
15038,40,8,11,"(0.09033430006888621, 0.14970886995698662, 0.0, 0.0, 0.0, 0.04688669779969397, 0.0, 0.09523546217639671, 0.0, 0.01812760691895582)",108
15039,40,8,11,"(0.09033430006888621, 0.14970886995698662, 0.0, 0.0, 0.0, 0.04688669779969397, 0.0, 0.09523546217639671, 0.0, 0.045671763293516986)",1
15040,40,8,11,"(0.09033430006888621, 0.14970886995698662, 0.0, 0.0, 0.0, 0.04688669779969397, 0.0, 0.13520693091981617, 0.0, 0.030279133901566675)",1
15041,40,8,13,"(0.0, 0.0, 0.08866498170050846, 0.06920069129515957, 0.09172770611919409, 0.07489992963210028, 0.0, 0.0, 0.14899621190854193, 0.0)",1
15042,40,8,13,"(0.0, 0.0, 0.11679612853536596, 0.06920069129515957, 0.09172770611919409, 0.07489992963210028, 0.0, 0.0, 0.20257545414534708, 0.0)",1
15043,40,8,13,"(0.0, 0.0, 0.11679612853536596, 0.06920069129515957, 0.09172770611919409, 0.07489992963210028, 0.0, 0.0, 0.14899621190854193, 0.0)",166
15044,40,8,13,"(0.0, 0.0, 0.11679612853536596, 0.0591387250347741, 0.09172770611919409, 0.07489992963210028, 0.0, 0.0, 0.14899621190854193, 0.0)",2
15045,40,9,8,"(0.08829965453524319, 0.0, 0.08950620996642342, 0.06972650517434112, 0.09173902283359818, 0.0, 0.06826344941350267, 0.0, 0.0, 0.0)",7
15046,40,9,8,"(0.08829965453524319, 0.0, 0.05847652423816559, 0.18457292093884264, 0.09173902283359818, 0.0, 0.06826344941350267, 0.0, 0.0, 0.0)",1
15047,40,9,8,"(0.08829965453524319, 0.0, 0.08950620996642342, 0.13753402599485395, 0.09173902283359818, 0.0, 0.06826344941350267, 0.0, 0.0, 0.0)",1
15048,40,9,8,"(0.09770469196630176, 0.0, 0.08950620996642342, 0.06275751439107582, 0.09173902283359818, 0.0, 0.06826344941350267, 0.0, 0.0, 0.0)",1
15049,40,9,8,"(0.08829965453524319, 0.0, 0.08950620996642342, 0.09247639241939104, 0.09173902283359818, 0.0, 0.06826344941350267, 0.0, 0.0, 0.0)",475
15050,40,9,11,"(0.09033430006888621, 0.14970886995698662, 0.0, 0.0, 0.0, 0.04688669779969397, 0.0, 0.09523546217639671, 0.0, 0.01812760691895582)",51
15051,40,9,11,"(0.09033430006888621, 0.14970886995698662, 0.0, 0.0, 0.0, 0.042918277642587835, 0.0, 0.07851631155931958, 0.0, 0.02060976663057633)",1
15052,40,9,11,"(0.09033430006888621, 0.14970886995698662, 0.0, 0.0, 0.0, 0.04688669779969397, 0.0, 0.09523546217639671, 0.0, 0.031051048610206557)",174
15053,40,9,11,"(0.09033430006888621, 0.14970886995698662, 0.0, 0.0, 0.0, 0.04688669779969397, 0.0, 0.07851631155931958, 0.0, 0.01812760691895582)",41
15054,40,9,11,"(0.09033430006888621, 0.14970886995698662, 0.0, 0.0, 0.0, 0.04688669779969397, 0.0, 0.09523546217639671, 0.0, 0.028058073870072708)",2
15055,40,9,11,"(0.09033430006888621, 0.14970886995698662, 0.0, 0.0, 0.0, 0.04688669779969397, 0.0, 0.09523546217639671, 0.0, 0.03343528158375287)",1
15056,40,9,11,"(0.06000594556467267, 0.14970886995698662, 0.0, 0.0, 0.0, 0.03391155370034485, 0.0, 0.09523546217639671, 0.0, 0.031051048610206557)",45
15057,40,9,13,"(0.0, 0.0, 0.11679612853536596, 0.06920069129515957, 0.09172770611919409, 0.07489992963210028, 0.0, 0.0, 0.14899621190854193, 0.0)",164
15058,40,10,8,"(0.08829965453524319, 0.0, 0.08950620996642342, 0.06430303039135607, 0.09173902283359818, 0.0, 0.06826344941350267, 0.0, 0.0, 0.0)",2
15059,40,10,8,"(0.08829965453524319, 0.0, 0.08950620996642342, 0.08902595713576546, 0.09173902283359818, 0.0, 0.06826344941350267, 0.0, 0.0, 0.0)",2
15060,40,10,8,"(0.08829965453524319, 0.0, 0.08950620996642342, 0.09247639241939104, 0.09173902283359818, 0.0, 0.06668362811647703, 0.0, 0.0, 0.0)",2
15061,40,10,8,"(0.08829965453524319, 0.0, 0.08950620996642342, 0.08562566136373793, 0.09173902283359818, 0.0, 0.06826344941350267, 0.0, 0.0, 0.0)",29
15062,40,10,8,"(0.04296928086884557, 0.0, 0.08343112044187594, 0.09108002238800889, 0.05996250711265295, 0.0, 0.06826344941350267, 0.0, 0.0, 0.0)",1
15063,40,10,8,"(0.08829965453524319, 0.0, 0.08950620996642342, 0.09247639241939104, 0.09173902283359818, 0.0, 0.06826344941350267, 0.0, 0.0, 0.0)",282
15064,40,10,11,"(0.09033430006888621, 0.14970886995698662, 0.0, 0.0, 0.0, 0.04688669779969397, 0.0, 0.09523546217639671, 0.0, 0.031051048610206557)",322
15065,40,10,11,"(0.09033430006888621, 0.14970886995698662, 0.0, 0.0, 0.0, 0.03375523536304361, 0.0, 0.09523546217639671, 0.0, 0.031051048610206557)",1
15066,40,10,11,"(0.09033430006888621, 0.14970886995698662, 0.0, 0.0, 0.0, 0.04688669779969397, 0.0, 0.09523546217639671, 0.0, 0.04590358159436591)",24
15067,40,10,11,"(0.10223021955679146, 0.14970886995698662, 0.0, 0.0, 0.0, 0.04688669779969397, 0.0, 0.09523546217639671, 0.0, 0.031051048610206557)",1
15068,40,10,11,"(0.09033430006888621, 0.14970886995698662, 0.0, 0.0, 0.0, 0.04688669779969397, 0.0, 0.09523546217639671, 0.0, 0.054869332719832804)",1
15069,40,10,11,"(0.09033430006888621, 0.14970886995698662, 0.0, 0.0, 0.0, 0.04688669779969397, 0.0, 0.19790250555774666, 0.0, 0.04590358159436591)",2
15070,40,10,11,"(0.04112496673859432, 0.14970886995698662, 0.0, 0.0, 0.0, 0.08582079201368607, 0.0, 0.09523546217639671, 0.0, 0.031051048610206557)",1
15071,40,10,11,"(0.09033430006888621, 0.14970886995698662, 0.0, 0.0, 0.0, 0.04688669779969397, 0.0, 0.1121565956555381, 0.0, 0.031051048610206557)",2
15072,40,10,11,"(0.09033430006888621, 0.11952141813220005, 0.0, 0.0, 0.0, 0.04688669779969397, 0.0, 0.09523546217639671, 0.0, 0.031051048610206557)",3
15073,40,10,11,"(0.09033430006888621, 0.14970886995698662, 0.0, 0.0, 0.0, 0.04688669779969397, 0.0, 0.09523546217639671, 0.0, 0.01812760691895582)",5
15074,40,10,11,"(0.09033430006888621, 0.14970886995698662, 0.0, 0.0, 0.0, 0.04688669779969397, 0.0, 0.07851631155931958, 0.0, 0.01812760691895582)",69
15075,40,10,13,"(0.0, 0.0, 0.11679612853536596, 0.06920069129515957, 0.09172770611919409, 0.07489992963210028, 0.0, 0.0, 0.14899621190854193, 0.0)",170
15076,40,10,13,"(0.0, 0.0, 0.09874868443555869, 0.06920069129515957, 0.09172770611919409, 0.07489992963210028, 0.0, 0.0, 0.14899621190854193, 0.0)",6
15077,40,11,8,"(0.08829965453524319, 0.0, 0.13724654819028112, 0.06972650517434112, 0.09173902283359818, 0.0, 0.06826344941350267, 0.0, 0.0, 0.0)",1
15078,40,11,8,"(0.08829965453524319, 0.0, 0.08950620996642342, 0.09247639241939104, 0.09173902283359818, 0.0, 0.06826344941350267, 0.0, 0.0, 0.0)",341
15079,40,11,8,"(0.08829965453524319, 0.0, 0.09446233694170246, 0.09247639241939104, 0.09173902283359818, 0.0, 0.06826344941350267, 0.0, 0.0, 0.0)",4
15080,40,11,8,"(0.08829965453524319, 0.0, 0.07049655488152233, 0.13785242576626303, 0.05856438870576146, 0.0, 0.06826344941350267, 0.0, 0.0, 0.0)",1
15081,40,11,8,"(0.08829965453524319, 0.0, 0.05062628713777289, 0.09247639241939104, 0.09173902283359818, 0.0, 0.06826344941350267, 0.0, 0.0, 0.0)",6
15082,40,11,8,"(0.08829965453524319, 0.0, 0.12379545044489054, 0.09247639241939104, 0.09173902283359818, 0.0, 0.06826344941350267, 0.0, 0.0, 0.0)",1
15083,40,11,8,"(0.08829965453524319, 0.0, 0.08950620996642342, 0.06972650517434112, 0.09173902283359818, 0.0, 0.06826344941350267, 0.0, 0.0, 0.0)",31
15084,40,11,8,"(0.07712877777628721, 0.0, 0.08950620996642342, 0.09247639241939104, 0.12336346366274309, 0.0, 0.06826344941350267, 0.0, 0.0, 0.0)",1
15085,40,11,8,"(0.08829965453524319, 0.0, 0.08950620996642342, 0.09247639241939104, 0.05926833123184639, 0.0, 0.06826344941350267, 0.0, 0.0, 0.0)",2
15086,40,11,11,"(0.09033430006888621, 0.12236141458328277, 0.0, 0.0, 0.0, 0.03876122201083256, 0.0, 0.09523546217639671, 0.0, 0.031051048610206557)",1
15087,40,11,11,"(0.09033430006888621, 0.13313555850615644, 0.0, 0.0, 0.0, 0.04688669779969397, 0.0, 0.09523546217639671, 0.0, 0.031051048610206557)",2
15088,40,11,11,"(0.09033430006888621, 0.14970886995698662, 0.0, 0.0, 0.0, 0.04688669779969397, 0.0, 0.09523546217639671, 0.0, 0.06573816491365705)",4
15089,40,11,11,"(0.09033430006888621, 0.14970886995698662, 0.0, 0.0, 0.0, 0.045702339114402045, 0.0, 0.11241108844885146, 0.0, 0.031051048610206557)",1
15090,40,11,11,"(0.09033430006888621, 0.14970886995698662, 0.0, 0.0, 0.0, 0.04688669779969397, 0.0, 0.09523546217639671, 0.0, 0.031051048610206557)",321
15091,40,11,11,"(0.09033430006888621, 0.14970886995698662, 0.0, 0.0, 0.0, 0.04688669779969397, 0.0, 0.07851631155931958, 0.0, 0.01812760691895582)",30
15092,40,11,11,"(0.09033430006888621, 0.14970886995698662, 0.0, 0.0, 0.0, 0.04688669779969397, 0.0, 0.09523546217639671, 0.0, 0.054869332719832804)",12
15093,40,11,11,"(0.052561808645154494, 0.14970886995698662, 0.0, 0.0, 0.0, 0.04688669779969397, 0.0, 0.09523546217639671, 0.0, 0.031051048610206557)",1
15094,40,11,13,"(0.0, 0.0, 0.11679612853536596, 0.06920069129515957, 0.09172770611919409, 0.07489992963210028, 0.0, 0.0, 0.14899621190854193, 0.0)",159
15095,40,11,13,"(0.0, 0.0, 0.11679612853536596, 0.06920069129515957, 0.1677714714558073, 0.07489992963210028, 0.0, 0.0, 0.14899621190854193, 0.0)",3
15096,40,11,13,"(0.0, 0.0, 0.11679612853536596, 0.07665905962056599, 0.030773084442050628, 0.07489992963210028, 0.0, 0.0, 0.09786432821988468, 0.0)",3
15097,40,12,8,"(0.08829965453524319, 0.0, 0.08950620996642342, 0.1133939949869455, 0.09173902283359818, 0.0, 0.06826344941350267, 0.0, 0.0, 0.0)",1
15098,40,12,8,"(0.08829965453524319, 0.0, 0.08950620996642342, 0.09247639241939104, 0.09173902283359818, 0.0, 0.06826344941350267, 0.0, 0.0, 0.0)",319
15099,40,12,8,"(0.08829965453524319, 0.0, 0.106594432677931, 0.09247639241939104, 0.09173902283359818, 0.0, 0.06826344941350267, 0.0, 0.0, 0.0)",9
15100,40,12,8,"(0.08829965453524319, 0.0, 0.08950620996642342, 0.05868402308571306, 0.09173902283359818, 0.0, 0.06826344941350267, 0.0, 0.0, 0.0)",1
15101,40,12,11,"(0.08840325978570439, 0.31457984475970685, 0.0, 0.0, 0.0, 0.04688669779969397, 0.0, 0.09523546217639671, 0.0, 0.031051048610206557)",1
15102,40,12,11,"(0.09033430006888621, 0.14970886995698662, 0.0, 0.0, 0.0, 0.04688669779969397, 0.0, 0.03396018594134287, 0.0, 0.01812760691895582)",1
15103,40,12,11,"(0.09033430006888621, 0.14970886995698662, 0.0, 0.0, 0.0, 0.04688669779969397, 0.0, 0.07851631155931958, 0.0, 0.01812760691895582)",82
15104,40,12,11,"(0.09033430006888621, 0.14970886995698662, 0.0, 0.0, 0.0, 0.04281407067328117, 0.0, 0.09523546217639671, 0.0, 0.01812760691895582)",14
15105,40,12,11,"(0.0818589461351646, 0.14970886995698662, 0.0, 0.0, 0.0, 0.04688669779969397, 0.0, 0.09406502005904649, 0.0, 0.031237119556127155)",1
15106,40,12,11,"(0.09033430006888621, 0.14970886995698662, 0.0, 0.0, 0.0, 0.04688669779969397, 0.0, 0.09523546217639671, 0.0, 0.04186053932463962)",1
15107,40,12,11,"(0.09033430006888621, 0.14970886995698662, 0.0, 0.0, 0.0, 0.04688669779969397, 0.0, 0.18165892660544491, 0.0, 0.031051048610206557)",2
15108,40,12,11,"(0.06498593084868831, 0.14970886995698662, 0.0, 0.0, 0.0, 0.04688669779969397, 0.0, 0.07851631155931958, 0.0, 0.016691074677628745)",3
15109,40,12,11,"(0.05595493401288263, 0.14970886995698662, 0.0, 0.0, 0.0, 0.04688669779969397, 0.0, 0.09523546217639671, 0.0, 0.031051048610206557)",6
15110,40,12,11,"(0.09033430006888621, 0.14970886995698662, 0.0, 0.0, 0.0, 0.04688669779969397, 0.0, 0.09523546217639671, 0.0, 0.021521277815800495)",8
15111,40,12,11,"(0.09033430006888621, 0.14970886995698662, 0.0, 0.0, 0.0, 0.04688669779969397, 0.0, 0.09523546217639671, 0.0, 0.031051048610206557)",354
15112,40,12,13,"(0.0, 0.0, 0.11679612853536596, 0.06920069129515957, 0.09172770611919409, 0.07489992963210028, 0.0, 0.0, 0.1694424693495189, 0.0)",95
15113,40,12,13,"(0.0, 0.0, 0.11679612853536596, 0.06920069129515957, 0.09172770611919409, 0.07489992963210028, 0.0, 0.0, 0.14899621190854193, 0.0)",96
15114,40,12,13,"(0.0, 0.0, 0.11679612853536596, 0.06780286550132483, 0.09172770611919409, 0.09814145024836109, 0.0, 0.0, 0.16457178359777014, 0.0)",4
15115,40,13,8,"(0.08829965453524319, 0.0, 0.08950620996642342, 0.13449765429612984, 0.09173902283359818, 0.0, 0.06826344941350267, 0.0, 0.0, 0.0)",1
15116,40,13,8,"(0.08829965453524319, 0.0, 0.08950620996642342, 0.09247639241939104, 0.09173902283359818, 0.0, 0.06826344941350267, 0.0, 0.0, 0.0)",335
15117,40,13,8,"(0.05756939175905559, 0.0, 0.08950620996642342, 0.09247639241939104, 0.1642214281106571, 0.0, 0.06826344941350267, 0.0, 0.0, 0.0)",2
15118,40,13,8,"(0.040553966945086645, 0.0, 0.08950620996642342, 0.09247639241939104, 0.1642214281106571, 0.0, 0.06826344941350267, 0.0, 0.0, 0.0)",1
15119,40,13,8,"(0.05793631291256135, 0.0, 0.08950620996642342, 0.09247639241939104, 0.1642214281106571, 0.0, 0.06826344941350267, 0.0, 0.0, 0.0)",47
15120,40,13,8,"(0.08829965453524319, 0.0, 0.08950620996642342, 0.09247639241939104, 0.08123554399314603, 0.0, 0.06826344941350267, 0.0, 0.0, 0.0)",3
15121,40,13,8,"(0.08829965453524319, 0.0, 0.08950620996642342, 0.1574694681348306, 0.1863385477473921, 0.0, 0.06826344941350267, 0.0, 0.0, 0.0)",1
15122,40,13,8,"(0.08829965453524319, 0.0, 0.08950620996642342, 0.039053426189105116, 0.09173902283359818, 0.0, 0.03410896819185636, 0.0, 0.0, 0.0)",2
15123,40,13,8,"(0.08829965453524319, 0.0, 0.09576423423280278, 0.09247639241939104, 0.09173902283359818, 0.0, 0.06826344941350267, 0.0, 0.0, 0.0)",2
15124,40,13,11,"(0.09033430006888621, 0.14970886995698662, 0.0, 0.0, 0.0, 0.04688669779969397, 0.0, 0.07401724109244388, 0.0, 0.031051048610206557)",1
15125,40,13,11,"(0.09033430006888621, 0.14970886995698662, 0.0, 0.0, 0.0, 0.04688669779969397, 0.0, 0.09523546217639671, 0.0, 0.031051048610206557)",292
15126,40,13,11,"(0.10364058019943502, 0.14970886995698662, 0.0, 0.0, 0.0, 0.04688669779969397, 0.0, 0.09523546217639671, 0.0, 0.031051048610206557)",1
15127,40,13,11,"(0.05595493401288263, 0.14970886995698662, 0.0, 0.0, 0.0, 0.04688669779969397, 0.0, 0.09523546217639671, 0.0, 0.031051048610206557)",33
15128,40,13,11,"(0.09033430006888621, 0.14970886995698662, 0.0, 0.0, 0.0, 0.04688669779969397, 0.0, 0.09523546217639671, 0.0, 0.017494751682488475)",12
15129,40,13,11,"(0.09033430006888621, 0.14970886995698662, 0.0, 0.0, 0.0, 0.04281407067328117, 0.0, 0.09523546217639671, 0.0, 0.01812760691895582)",24
15130,40,13,11,"(0.09033430006888621, 0.14970886995698662, 0.0, 0.0, 0.0, 0.04688669779969397, 0.0, 0.07851631155931958, 0.0, 0.01812760691895582)",27
15131,40,13,11,"(0.09033430006888621, 0.08441177806162055, 0.0, 0.0, 0.0, 0.04688669779969397, 0.0, 0.17494500585394196, 0.0, 0.031051048610206557)",10
15132,40,13,11,"(0.07848553328072594, 0.14970886995698662, 0.0, 0.0, 0.0, 0.04688669779969397, 0.0, 0.09523546217639671, 0.0, 0.031051048610206557)",1
15133,40,13,13,"(0.0, 0.0, 0.11679612853536596, 0.06920069129515957, 0.09172770611919409, 0.07489992963210028, 0.0, 0.0, 0.10208955480735322, 0.0)",1
15134,40,13,13,"(0.0, 0.0, 0.11679612853536596, 0.06920069129515957, 0.09172770611919409, 0.07489992963210028, 0.0, 0.0, 0.14899621190854193, 0.0)",188
15135,40,13,13,"(0.0, 0.0, 0.11679612853536596, 0.08123026324162542, 0.20796267630345022, 0.10436184966539018, 0.0, 0.0, 0.14899621190854193, 0.0)",1
15136,40,14,8,"(0.08829965453524319, 0.0, 0.1277371305231786, 0.09247639241939104, 0.09173902283359818, 0.0, 0.11707280314090703, 0.0, 0.0, 0.0)",1
15137,40,14,8,"(0.08829965453524319, 0.0, 0.10013577608221425, 0.07790105142030347, 0.09173902283359818, 0.0, 0.06826344941350267, 0.0, 0.0, 0.0)",6
15138,40,14,8,"(0.08829965453524319, 0.0, 0.08950620996642342, 0.09247639241939104, 0.09173902283359818, 0.0, 0.06826344941350267, 0.0, 0.0, 0.0)",321
15139,40,14,8,"(0.08829965453524319, 0.0, 0.08950620996642342, 0.09247639241939104, 0.09242319926990639, 0.0, 0.06826344941350267, 0.0, 0.0, 0.0)",1
15140,40,14,8,"(0.08829965453524319, 0.0, 0.1254941088458879, 0.09247639241939104, 0.09173902283359818, 0.0, 0.06826344941350267, 0.0, 0.0, 0.0)",2
15141,40,14,8,"(0.10907774388107261, 0.0, 0.08950620996642342, 0.09247639241939104, 0.09173902283359818, 0.0, 0.06826344941350267, 0.0, 0.0, 0.0)",3
15142,40,14,8,"(0.08829965453524319, 0.0, 0.04923582746315328, 0.09247639241939104, 0.09173902283359818, 0.0, 0.06826344941350267, 0.0, 0.0, 0.0)",3
15143,40,14,8,"(0.06515582683791749, 0.0, 0.08950620996642342, 0.09247639241939104, 0.12541284112293016, 0.0, 0.06826344941350267, 0.0, 0.0, 0.0)",1
15144,40,14,8,"(0.08829965453524319, 0.0, 0.08950620996642342, 0.09247639241939104, 0.12541284112293016, 0.0, 0.06826344941350267, 0.0, 0.0, 0.0)",9
15145,40,14,11,"(0.1389567373015839, 0.14970886995698662, 0.0, 0.0, 0.0, 0.04281407067328117, 0.0, 0.09523546217639671, 0.0, 0.01812760691895582)",2
15146,40,14,11,"(0.07161610885447127, 0.14970886995698662, 0.0, 0.0, 0.0, 0.040587799892960165, 0.0, 0.09523546217639671, 0.0, 0.04011069695569781)",1
15147,40,14,11,"(0.09033430006888621, 0.14970886995698662, 0.0, 0.0, 0.0, 0.04688669779969397, 0.0, 0.09523546217639671, 0.0, 0.02052042529349291)",1
15148,40,14,11,"(0.05595493401288263, 0.14970886995698662, 0.0, 0.0, 0.0, 0.04688669779969397, 0.0, 0.09523546217639671, 0.0, 0.02278048313663492)",1
15149,40,14,11,"(0.05595493401288263, 0.14970886995698662, 0.0, 0.0, 0.0, 0.04688669779969397, 0.0, 0.09523546217639671, 0.0, 0.031051048610206557)",78
15150,40,14,11,"(0.09033430006888621, 0.14970886995698662, 0.0, 0.0, 0.0, 0.04688669779969397, 0.0, 0.09523546217639671, 0.0, 0.031051048610206557)",347
15151,40,14,11,"(0.09033430006888621, 0.14970886995698662, 0.0, 0.0, 0.0, 0.04688669779969397, 0.0, 0.07851631155931958, 0.0, 0.01812760691895582)",48
15152,40,14,11,"(0.05595493401288263, 0.22952834456813628, 0.0, 0.0, 0.0, 0.04688669779969397, 0.0, 0.09523546217639671, 0.0, 0.031051048610206557)",1
15153,40,14,13,"(0.0, 0.0, 0.11679612853536596, 0.07760947628916443, 0.09172770611919409, 0.07489992963210028, 0.0, 0.0, 0.14899621190854193, 0.0)",2
15154,40,14,13,"(0.0, 0.0, 0.11679612853536596, 0.1068044763573952, 0.09172770611919409, 0.07489992963210028, 0.0, 0.0, 0.14899621190854193, 0.0)",1
15155,40,14,13,"(0.0, 0.0, 0.11679612853536596, 0.06920069129515957, 0.09172770611919409, 0.07489992963210028, 0.0, 0.0, 0.1581720758299005, 0.0)",2
15156,40,14,13,"(0.0, 0.0, 0.11679612853536596, 0.06920069129515957, 0.09172770611919409, 0.07489992963210028, 0.0, 0.0, 0.14899621190854193, 0.0)",172
15157,40,15,8,"(0.08829965453524319, 0.0, 0.08950620996642342, 0.09247639241939104, 0.09173902283359818, 0.0, 0.06826344941350267, 0.0, 0.0, 0.0)",241
15158,40,15,8,"(0.08829965453524319, 0.0, 0.08950620996642342, 0.26223379043733835, 0.09173902283359818, 0.0, 0.06826344941350267, 0.0, 0.0, 0.0)",22
15159,40,15,8,"(0.06881001807279077, 0.0, 0.08950620996642342, 0.09247639241939104, 0.09173902283359818, 0.0, 0.025549578579343892, 0.0, 0.0, 0.0)",2
15160,40,15,11,"(0.09033430006888621, 0.14970886995698662, 0.0, 0.0, 0.0, 0.04281407067328117, 0.0, 0.09523546217639671, 0.0, 0.017713822493228313)",2
15161,40,15,11,"(0.0884581876880064, 0.12798753316327036, 0.0, 0.0, 0.0, 0.04688669779969397, 0.0, 0.09523546217639671, 0.0, 0.031051048610206557)",6
15162,40,15,11,"(0.09033430006888621, 0.14970886995698662, 0.0, 0.0, 0.0, 0.03509777984719587, 0.0, 0.053812423440540096, 0.0, 0.031051048610206557)",1
15163,40,15,11,"(0.09033430006888621, 0.14970886995698662, 0.0, 0.0, 0.0, 0.08102092540998677, 0.0, 0.09523546217639671, 0.0, 0.031051048610206557)",4
15164,40,15,11,"(0.09033430006888621, 0.18054632178642718, 0.0, 0.0, 0.0, 0.04688669779969397, 0.0, 0.09523546217639671, 0.0, 0.017246307916673274)",1
15165,40,15,11,"(0.05595493401288263, 0.14970886995698662, 0.0, 0.0, 0.0, 0.03128115124950547, 0.0, 0.09523546217639671, 0.0, 0.031051048610206557)",2
15166,40,15,11,"(0.09033430006888621, 0.09532101520998491, 0.0, 0.0, 0.0, 0.04688669779969397, 0.0, 0.09523546217639671, 0.0, 0.031051048610206557)",108
15167,40,15,11,"(0.05595493401288263, 0.14970886995698662, 0.0, 0.0, 0.0, 0.042560192485506444, 0.0, 0.11745426545456406, 0.0, 0.031051048610206557)",1
15168,40,15,11,"(0.09033430006888621, 0.14970886995698662, 0.0, 0.0, 0.0, 0.04281407067328117, 0.0, 0.09523546217639671, 0.0, 0.01812760691895582)",45
15169,40,15,11,"(0.09033430006888621, 0.14970886995698662, 0.0, 0.0, 0.0, 0.04688669779969397, 0.0, 0.09523546217639671, 0.0, 0.031051048610206557)",284
15170,40,15,11,"(0.09033430006888621, 0.14970886995698662, 0.0, 0.0, 0.0, 0.026157526959082696, 0.0, 0.09523546217639671, 0.0, 0.031051048610206557)",1
15171,40,15,11,"(0.09033430006888621, 0.14970886995698662, 0.0, 0.0, 0.0, 0.04688669779969397, 0.0, 0.09856766039627206, 0.0, 0.031051048610206557)",3
15172,40,15,11,"(0.08877202435625144, 0.14970886995698662, 0.0, 0.0, 0.0, 0.04688669779969397, 0.0, 0.09523546217639671, 0.0, 0.031051048610206557)",4
15173,40,15,11,"(0.05595493401288263, 0.14970886995698662, 0.0, 0.0, 0.0, 0.10038436106072568, 0.0, 0.09523546217639671, 0.0, 0.031051048610206557)",1
15174,40,15,11,"(0.09033430006888621, 0.1445379443047483, 0.0, 0.0, 0.0, 0.04688669779969397, 0.0, 0.09523546217639671, 0.0, 0.031051048610206557)",1
15175,40,15,11,"(0.0734518392822002, 0.14970886995698662, 0.0, 0.0, 0.0, 0.04688669779969397, 0.0, 0.09523546217639671, 0.0, 0.03837062437008142)",5
15176,40,15,11,"(0.09033430006888621, 0.14970886995698662, 0.0, 0.0, 0.0, 0.051388443753082574, 0.0, 0.09523546217639671, 0.0, 0.031051048610206557)",2
15177,40,15,11,"(0.05595493401288263, 0.14970886995698662, 0.0, 0.0, 0.0, 0.03367145784117536, 0.0, 0.09523546217639671, 0.0, 0.031051048610206557)",2
15178,40,15,11,"(0.09033430006888621, 0.21883505502639272, 0.0, 0.0, 0.0, 0.04688669779969397, 0.0, 0.05032134748100553, 0.0, 0.031051048610206557)",1
15179,40,15,11,"(0.09033430006888621, 0.09532101520998491, 0.0, 0.0, 0.0, 0.02208618032493811, 0.0, 0.09523546217639671, 0.0, 0.031051048610206557)",26
15180,40,15,11,"(0.05595493401288263, 0.14970886995698662, 0.0, 0.0, 0.0, 0.04688669779969397, 0.0, 0.09523546217639671, 0.0, 0.031051048610206557)",76
15181,40,15,13,"(0.0, 0.0, 0.11679612853536596, 0.061643914598442824, 0.09172770611919409, 0.07489992963210028, 0.0, 0.0, 0.14899621190854193, 0.0)",1
15182,40,15,13,"(0.0, 0.0, 0.11679612853536596, 0.08450146653387244, 0.09172770611919409, 0.07489992963210028, 0.0, 0.0, 0.14899621190854193, 0.0)",17
15183,40,15,13,"(0.0, 0.0, 0.12993945320245456, 0.06920069129515957, 0.19373285206155866, 0.07489992963210028, 0.0, 0.0, 0.14899621190854193, 0.0)",2
15184,40,15,13,"(0.0, 0.0, 0.11679612853536596, 0.06920069129515957, 0.09172770611919409, 0.07489992963210028, 0.0, 0.0, 0.14899621190854193, 0.0)",150
15185,40,16,8,"(0.08829965453524319, 0.0, 0.08950620996642342, 0.09247639241939104, 0.17919628350962172, 0.0, 0.06826344941350267, 0.0, 0.0, 0.0)",1
15186,40,16,8,"(0.08829965453524319, 0.0, 0.08950620996642342, 0.09247639241939104, 0.09173902283359818, 0.0, 0.11970925031021916, 0.0, 0.0, 0.0)",1
15187,40,16,8,"(0.08829965453524319, 0.0, 0.11113274498222929, 0.09247639241939104, 0.09173902283359818, 0.0, 0.06826344941350267, 0.0, 0.0, 0.0)",1
15188,40,16,8,"(0.08829965453524319, 0.0, 0.08950620996642342, 0.09347341672597936, 0.09173902283359818, 0.0, 0.06826344941350267, 0.0, 0.0, 0.0)",1
15189,40,16,8,"(0.08829965453524319, 0.0, 0.08950620996642342, 0.09247639241939104, 0.09173902283359818, 0.0, 0.06826344941350267, 0.0, 0.0, 0.0)",302
15190,40,16,8,"(0.08829965453524319, 0.0, 0.1264710224751684, 0.09247639241939104, 0.09173902283359818, 0.0, 0.06826344941350267, 0.0, 0.0, 0.0)",3
15191,40,16,8,"(0.08829965453524319, 0.0, 0.08950620996642342, 0.09247639241939104, 0.09143449522998674, 0.0, 0.06826344941350267, 0.0, 0.0, 0.0)",8
15192,40,16,11,"(0.09033430006888621, 0.09532101520998491, 0.0, 0.0, 0.0, 0.04688669779969397, 0.0, 0.09523546217639671, 0.0, 0.031051048610206557)",50
15193,40,16,11,"(0.06306400109217446, 0.14970886995698662, 0.0, 0.0, 0.0, 0.08020746638223121, 0.0, 0.09523546217639671, 0.0, 0.031051048610206557)",1
15194,40,16,11,"(0.09033430006888621, 0.07268234712388934, 0.0, 0.0, 0.0, 0.04688669779969397, 0.0, 0.08289277373946152, 0.0, 0.02364855747572101)",1
15195,40,16,11,"(0.09033430006888621, 0.14970886995698662, 0.0, 0.0, 0.0, 0.0610791455623273, 0.0, 0.09523546217639671, 0.0, 0.031051048610206557)",1
15196,40,16,11,"(0.09033430006888621, 0.14970886995698662, 0.0, 0.0, 0.0, 0.04688669779969397, 0.0, 0.09523546217639671, 0.0, 0.031051048610206557)",442
15197,40,16,13,"(0.0, 0.0, 0.11679612853536596, 0.06920069129515957, 0.09172770611919409, 0.07489992963210028, 0.0, 0.0, 0.14899621190854193, 0.0)",176
15198,40,16,13,"(0.0, 0.0, 0.11679612853536596, 0.0836881238183057, 0.09172770611919409, 0.07489992963210028, 0.0, 0.0, 0.14899621190854193, 0.0)",1
15199,40,17,8,"(0.08829965453524319, 0.0, 0.05814767726997942, 0.09247639241939104, 0.09173902283359818, 0.0, 0.06826344941350267, 0.0, 0.0, 0.0)",1
15200,40,17,8,"(0.08829965453524319, 0.0, 0.10212317003175475, 0.09247639241939104, 0.053926536942382544, 0.0, 0.06826344941350267, 0.0, 0.0, 0.0)",1
15201,40,17,8,"(0.08829965453524319, 0.0, 0.08950620996642342, 0.09247639241939104, 0.09173902283359818, 0.0, 0.06721059289768296, 0.0, 0.0, 0.0)",5
15202,40,17,8,"(0.08829965453524319, 0.0, 0.08950620996642342, 0.09247639241939104, 0.053926536942382544, 0.0, 0.06826344941350267, 0.0, 0.0, 0.0)",20
15203,40,17,8,"(0.12389310359736949, 0.0, 0.1377382143190519, 0.120233870166942, 0.09173902283359818, 0.0, 0.06826344941350267, 0.0, 0.0, 0.0)",5
15204,40,17,8,"(0.08829965453524319, 0.0, 0.08950620996642342, 0.09247639241939104, 0.09173902283359818, 0.0, 0.049023452081610824, 0.0, 0.0, 0.0)",1
15205,40,17,8,"(0.08829965453524319, 0.0, 0.08950620996642342, 0.10981372646232693, 0.09173902283359818, 0.0, 0.06826344941350267, 0.0, 0.0, 0.0)",1
15206,40,17,8,"(0.08829965453524319, 0.0, 0.08950620996642342, 0.09247639241939104, 0.09173902283359818, 0.0, 0.06826344941350267, 0.0, 0.0, 0.0)",244
15207,40,17,11,"(0.0535664967394208, 0.14970886995698662, 0.0, 0.0, 0.0, 0.04281407067328117, 0.0, 0.09523546217639671, 0.0, 0.01812760691895582)",1
15208,40,17,11,"(0.09033430006888621, 0.14970886995698662, 0.0, 0.0, 0.0, 0.04281407067328117, 0.0, 0.09523546217639671, 0.0, 0.01812760691895582)",83
15209,40,17,11,"(0.09033430006888621, 0.14970886995698662, 0.0, 0.0, 0.0, 0.04688669779969397, 0.0, 0.10372748283751901, 0.0, 0.031051048610206557)",2
15210,40,17,11,"(0.09033430006888621, 0.14970886995698662, 0.0, 0.0, 0.0, 0.04688669779969397, 0.0, 0.09523546217639671, 0.0, 0.031051048610206557)",339
15211,40,17,11,"(0.05595493401288263, 0.14970886995698662, 0.0, 0.0, 0.0, 0.04688669779969397, 0.0, 0.09523546217639671, 0.0, 0.031051048610206557)",70
15212,40,17,11,"(0.09033430006888621, 0.14970886995698662, 0.0, 0.0, 0.0, 0.04080058060418699, 0.0, 0.09523546217639671, 0.0, 0.02284998136289581)",2
15213,40,17,11,"(0.10209891272470951, 0.14970886995698662, 0.0, 0.0, 0.0, 0.04281407067328117, 0.0, 0.09523546217639671, 0.0, 0.01812760691895582)",1
15214,40,17,13,"(0.0, 0.0, 0.11679612853536596, 0.08450146653387244, 0.09172770611919409, 0.07489992963210028, 0.0, 0.0, 0.14899621190854193, 0.0)",80
15215,40,17,13,"(0.0, 0.0, 0.11679612853536596, 0.08450146653387244, 0.042712401267940465, 0.07489992963210028, 0.0, 0.0, 0.14899621190854193, 0.0)",1
15216,40,17,13,"(0.0, 0.0, 0.11679612853536596, 0.06920069129515957, 0.07857121476797316, 0.07489992963210028, 0.0, 0.0, 0.14899621190854193, 0.0)",1
15217,40,17,13,"(0.0, 0.0, 0.1695274251631349, 0.06920069129515957, 0.09172770611919409, 0.07489992963210028, 0.0, 0.0, 0.14899621190854193, 0.0)",16
15218,40,17,13,"(0.0, 0.0, 0.11679612853536596, 0.06920069129515957, 0.09172770611919409, 0.07489992963210028, 0.0, 0.0, 0.14899621190854193, 0.0)",67
15219,40,18,8,"(0.09369258606422372, 0.0, 0.08950620996642342, 0.09247639241939104, 0.10572758321412508, 0.0, 0.06826344941350267, 0.0, 0.0, 0.0)",9
15220,40,18,8,"(0.09369258606422372, 0.0, 0.08950620996642342, 0.09247639241939104, 0.11173280496562979, 0.0, 0.06826344941350267, 0.0, 0.0, 0.0)",5
15221,40,18,8,"(0.09369258606422372, 0.0, 0.08950620996642342, 0.08532056162745146, 0.06311517792642399, 0.0, 0.06826344941350267, 0.0, 0.0, 0.0)",41
15222,40,18,8,"(0.08829965453524319, 0.0, 0.08950620996642342, 0.09247639241939104, 0.09173902283359818, 0.0, 0.06826344941350267, 0.0, 0.0, 0.0)",34
15223,40,18,8,"(0.08829965453524319, 0.0, 0.08950620996642342, 0.09247639241939104, 0.1307075834247675, 0.0, 0.06826344941350267, 0.0, 0.0, 0.0)",1
15224,40,18,8,"(0.09369258606422372, 0.0, 0.08950620996642342, 0.09247639241939104, 0.09173902283359818, 0.0, 0.06826344941350267, 0.0, 0.0, 0.0)",209
15225,40,18,11,"(0.09033430006888621, 0.14970886995698662, 0.0, 0.0, 0.0, 0.04984759286612543, 0.0, 0.07851631155931958, 0.0, 0.01812760691895582)",2
15226,40,18,11,"(0.046238959587613676, 0.0684777912916135, 0.0, 0.0, 0.0, 0.04688669779969397, 0.0, 0.0919539831987369, 0.0, 0.01812760691895582)",1
15227,40,18,11,"(0.11695137168796602, 0.14970886995698662, 0.0, 0.0, 0.0, 0.04688669779969397, 0.0, 0.07851631155931958, 0.0, 0.01812760691895582)",1
15228,40,18,11,"(0.046238959587613676, 0.09697361130256385, 0.0, 0.0, 0.0, 0.04855916653009378, 0.0, 0.0919539831987369, 0.0, 0.01812760691895582)",1
15229,40,18,11,"(0.11615165551426063, 0.14970886995698662, 0.0, 0.0, 0.0, 0.04688669779969397, 0.0, 0.07851631155931958, 0.0, 0.01812760691895582)",1
15230,40,18,11,"(0.09033430006888621, 0.14970886995698662, 0.0, 0.0, 0.0, 0.03573228943182795, 0.0, 0.09523546217639671, 0.0, 0.031051048610206557)",16
15231,40,18,11,"(0.09033430006888621, 0.14970886995698662, 0.0, 0.0, 0.0, 0.04688669779969397, 0.0, 0.18380778295690872, 0.0, 0.01812760691895582)",2
15232,40,18,11,"(0.09033430006888621, 0.14970886995698662, 0.0, 0.0, 0.0, 0.04688669779969397, 0.0, 0.09523546217639671, 0.0, 0.019739593573175333)",1
15233,40,18,11,"(0.09033430006888621, 0.14970886995698662, 0.0, 0.0, 0.0, 0.04688669779969397, 0.0, 0.09523546217639671, 0.0, 0.031051048610206557)",154
15234,40,18,11,"(0.09033430006888621, 0.14970886995698662, 0.0, 0.0, 0.0, 0.04688669779969397, 0.0, 0.09523546217639671, 0.0, 0.01812760691895582)",82
15235,40,18,11,"(0.09033430006888621, 0.14970886995698662, 0.0, 0.0, 0.0, 0.04688669779969397, 0.0, 0.07851631155931958, 0.0, 0.01812760691895582)",266
15236,40,18,13,"(0.0, 0.0, 0.11679612853536596, 0.06920069129515957, 0.09172770611919409, 0.07489992963210028, 0.0, 0.0, 0.14899621190854193, 0.0)",160
15237,40,18,13,"(0.0, 0.0, 0.11679612853536596, 0.06920069129515957, 0.09646453963162628, 0.07489992963210028, 0.0, 0.0, 0.14899621190854193, 0.0)",1
15238,40,18,13,"(0.0, 0.0, 0.11679612853536596, 0.06920069129515957, 0.09172770611919409, 0.05495723444825298, 0.0, 0.0, 0.14899621190854193, 0.0)",7
15239,40,18,13,"(0.0, 0.0, 0.18148702813602155, 0.07820372567929544, 0.09172770611919409, 0.07489992963210028, 0.0, 0.0, 0.14899621190854193, 0.0)",2
15240,40,18,13,"(0.0, 0.0, 0.11679612853536596, 0.06920069129515957, 0.09172770611919409, 0.07489992963210028, 0.0, 0.0, 0.06794538366489097, 0.0)",1
15241,40,18,13,"(0.0, 0.0, 0.11679612853536596, 0.12040641496463315, 0.09172770611919409, 0.07489992963210028, 0.0, 0.0, 0.14899621190854193, 0.0)",2
15242,40,18,13,"(0.0, 0.0, 0.11679612853536596, 0.06920069129515957, 0.09172770611919409, 0.07796372603086973, 0.0, 0.0, 0.14899621190854193, 0.0)",1
15243,40,19,8,"(0.09369258606422372, 0.0, 0.08950620996642342, 0.04401471690712427, 0.09173902283359818, 0.0, 0.06826344941350267, 0.0, 0.0, 0.0)",6
15244,40,19,8,"(0.09369258606422372, 0.0, 0.08950620996642342, 0.05539575378196433, 0.09173902283359818, 0.0, 0.06826344941350267, 0.0, 0.0, 0.0)",2
15245,40,19,8,"(0.11817714585253873, 0.0, 0.08950620996642342, 0.09247639241939104, 0.09173902283359818, 0.0, 0.06826344941350267, 0.0, 0.0, 0.0)",1
15246,40,19,8,"(0.08829965453524319, 0.0, 0.08950620996642342, 0.09247639241939104, 0.09173902283359818, 0.0, 0.06826344941350267, 0.0, 0.0, 0.0)",38
15247,40,19,8,"(0.09369258606422372, 0.0, 0.08950620996642342, 0.08532056162745146, 0.06311517792642399, 0.0, 0.06826344941350267, 0.0, 0.0, 0.0)",28
15248,40,19,8,"(0.09369258606422372, 0.0, 0.08950620996642342, 0.116587009006485, 0.09173902283359818, 0.0, 0.06826344941350267, 0.0, 0.0, 0.0)",2
15249,40,19,8,"(0.09369258606422372, 0.0, 0.08950620996642342, 0.09247639241939104, 0.09173902283359818, 0.0, 0.06826344941350267, 0.0, 0.0, 0.0)",277
15250,40,19,11,"(0.09033430006888621, 0.14970886995698662, 0.0, 0.0, 0.0, 0.04688669779969397, 0.0, 0.07851631155931958, 0.0, 0.031082481892294126)",1
15251,40,19,11,"(0.09033430006888621, 0.14970886995698662, 0.0, 0.0, 0.0, 0.04688669779969397, 0.0, 0.06153926280291915, 0.0, 0.031051048610206557)",1
15252,40,19,11,"(0.09033430006888621, 0.14970886995698662, 0.0, 0.0, 0.0, 0.04688669779969397, 0.0, 0.09523546217639671, 0.0, 0.031051048610206557)",277
15253,40,19,11,"(0.09033430006888621, 0.14970886995698662, 0.0, 0.0, 0.0, 0.04688669779969397, 0.0, 0.09523546217639671, 0.0, 0.02772041989321129)",1
15254,40,19,11,"(0.09033430006888621, 0.14970886995698662, 0.0, 0.0, 0.0, 0.04688669779969397, 0.0, 0.09523546217639671, 0.0, 0.01812760691895582)",33
15255,40,19,11,"(0.09033430006888621, 0.14970886995698662, 0.0, 0.0, 0.0, 0.04688669779969397, 0.0, 0.07851631155931958, 0.0, 0.01812760691895582)",160
15256,40,19,13,"(0.0, 0.0, 0.1684097635458848, 0.06920069129515957, 0.09172770611919409, 0.07489992963210028, 0.0, 0.0, 0.14899621190854193, 0.0)",1
15257,40,19,13,"(0.0, 0.0, 0.11679612853536596, 0.06920069129515957, 0.09172770611919409, 0.07489992963210028, 0.0, 0.0, 0.14899621190854193, 0.0)",166
15258,40,19,13,"(0.0, 0.0, 0.11679612853536596, 0.08200286423849845, 0.09172770611919409, 0.07489992963210028, 0.0, 0.0, 0.14899621190854193, 0.0)",1
15259,40,20,8,"(0.09369258606422372, 0.0, 0.08950620996642342, 0.08532056162745146, 0.06311517792642399, 0.0, 0.06826344941350267, 0.0, 0.0, 0.0)",23
15260,40,20,8,"(0.09369258606422372, 0.0, 0.08950620996642342, 0.09247639241939104, 0.0944305777999648, 0.0, 0.06826344941350267, 0.0, 0.0, 0.0)",16
15261,40,20,8,"(0.09369258606422372, 0.0, 0.08950620996642342, 0.09247639241939104, 0.09173902283359818, 0.0, 0.06826344941350267, 0.0, 0.0, 0.0)",240
15262,40,20,8,"(0.09369258606422372, 0.0, 0.08950620996642342, 0.09247639241939104, 0.1500482961119079, 0.0, 0.06826344941350267, 0.0, 0.0, 0.0)",9
15263,40,20,8,"(0.08829965453524319, 0.0, 0.08950620996642342, 0.09247639241939104, 0.09173902283359818, 0.0, 0.06826344941350267, 0.0, 0.0, 0.0)",29
15264,40,20,11,"(0.09033430006888621, 0.14970886995698662, 0.0, 0.0, 0.0, 0.04481212728390293, 0.0, 0.07851631155931958, 0.0, 0.01812760691895582)",5
15265,40,20,11,"(0.09033430006888621, 0.14970886995698662, 0.0, 0.0, 0.0, 0.04688669779969397, 0.0, 0.07851631155931958, 0.0, 0.012731967927297924)",1
15266,40,20,11,"(0.09033430006888621, 0.09249445371662596, 0.0, 0.0, 0.0, 0.04688669779969397, 0.0, 0.07851631155931958, 0.0, 0.01812760691895582)",1
15267,40,20,11,"(0.1380918856635984, 0.22553935250629223, 0.0, 0.0, 0.0, 0.04688669779969397, 0.0, 0.06857180320707736, 0.0, 0.01812760691895582)",2
15268,40,20,11,"(0.09033430006888621, 0.14970886995698662, 0.0, 0.0, 0.0, 0.04688669779969397, 0.0, 0.09523546217639671, 0.0, 0.031051048610206557)",248
15269,40,20,11,"(0.09033430006888621, 0.14970886995698662, 0.0, 0.0, 0.0, 0.04688669779969397, 0.0, 0.09523546217639671, 0.0, 0.017884174958222192)",1
15270,40,20,11,"(0.09033430006888621, 0.14970886995698662, 0.0, 0.0, 0.0, 0.04688669779969397, 0.0, 0.09523546217639671, 0.0, 0.01812760691895582)",18
15271,40,20,11,"(0.09033430006888621, 0.13959670708487795, 0.0, 0.0, 0.0, 0.04688669779969397, 0.0, 0.07851631155931958, 0.0, 0.01812760691895582)",1
15272,40,20,11,"(0.04497841115488318, 0.14970886995698662, 0.0, 0.0, 0.0, 0.04688669779969397, 0.0, 0.07851631155931958, 0.0, 0.022804572666515244)",1
15273,40,20,11,"(0.06101981057535465, 0.14970886995698662, 0.0, 0.0, 0.0, 0.04688669779969397, 0.0, 0.07863868794282722, 0.0, 0.01812760691895582)",1
15274,40,20,11,"(0.1494643268869116, 0.24155400110486164, 0.0, 0.0, 0.0, 0.04688669779969397, 0.0, 0.06677282424080967, 0.0, 0.01812760691895582)",2
15275,40,20,11,"(0.10047948227349995, 0.14970886995698662, 0.0, 0.0, 0.0, 0.04688669779969397, 0.0, 0.09523546217639671, 0.0, 0.01812760691895582)",1
15276,40,20,11,"(0.09033430006888621, 0.14970886995698662, 0.0, 0.0, 0.0, 0.04688669779969397, 0.0, 0.07851631155931958, 0.0, 0.01812760691895582)",149
15277,40,20,13,"(0.0, 0.0, 0.11679612853536596, 0.06920069129515957, 0.09172770611919409, 0.07489992963210028, 0.0, 0.0, 0.14899621190854193, 0.0)",179
15278,41,0,8,"(0.08829965453524319, 0.0, 0.10212317003175475, 0.14715802975882988, 0.053926536942382544, 0.0, 0.06826344941350267, 0.0, 0.0, 0.0)",1
15279,41,0,8,"(0.06780767312861179, 0.0, 0.08950620996642342, 0.09247639241939104, 0.09173902283359818, 0.0, 0.06826344941350267, 0.0, 0.0, 0.0)",4
15280,41,0,8,"(0.08829965453524319, 0.0, 0.08950620996642342, 0.09247639241939104, 0.053926536942382544, 0.0, 0.06826344941350267, 0.0, 0.0, 0.0)",8
15281,41,0,8,"(0.10137185902632309, 0.0, 0.08950620996642342, 0.09247639241939104, 0.09173902283359818, 0.0, 0.06826344941350267, 0.0, 0.0, 0.0)",1
15282,41,0,8,"(0.08829965453524319, 0.0, 0.08950620996642342, 0.09247639241939104, 0.09173902283359818, 0.0, 0.06826344941350267, 0.0, 0.0, 0.0)",288
15283,41,0,8,"(0.08829965453524319, 0.0, 0.08950620996642342, 0.09247639241939104, 0.04300494672396789, 0.0, 0.06826344941350267, 0.0, 0.0, 0.0)",1
15284,41,0,8,"(0.08829965453524319, 0.0, 0.08950620996642342, 0.09247639241939104, 0.09173902283359818, 0.0, 0.11026706124946803, 0.0, 0.0, 0.0)",2
15285,41,0,8,"(0.08829965453524319, 0.0, 0.10212317003175475, 0.09247639241939104, 0.053926536942382544, 0.0, 0.06826344941350267, 0.0, 0.0, 0.0)",17
15286,41,0,8,"(0.05657769065915539, 0.0, 0.08950620996642342, 0.09247639241939104, 0.09173902283359818, 0.0, 0.06826344941350267, 0.0, 0.0, 0.0)",1
15287,41,0,11,"(0.0535664967394208, 0.14970886995698662, 0.0, 0.0, 0.0, 0.04281407067328117, 0.0, 0.09523546217639671, 0.0, 0.01812760691895582)",20
15288,41,0,11,"(0.09033430006888621, 0.14970886995698662, 0.0, 0.0, 0.0, 0.08811379238358658, 0.0, 0.09523546217639671, 0.0, 0.031051048610206557)",1
15289,41,0,11,"(0.09033430006888621, 0.14970886995698662, 0.0, 0.0, 0.0, 0.04281407067328117, 0.0, 0.09523546217639671, 0.0, 0.01812760691895582)",121
15290,41,0,11,"(0.05595493401288263, 0.08588658740478036, 0.0, 0.0, 0.0, 0.04688669779969397, 0.0, 0.09523546217639671, 0.0, 0.031051048610206557)",3
15291,41,0,11,"(0.09033430006888621, 0.14970886995698662, 0.0, 0.0, 0.0, 0.04281407067328117, 0.0, 0.06153880275878919, 0.0, 0.01812760691895582)",6
15292,41,0,11,"(0.09033430006888621, 0.14970886995698662, 0.0, 0.0, 0.0, 0.045934893798372324, 0.0, 0.09523546217639671, 0.0, 0.01812760691895582)",18
15293,41,0,11,"(0.05595493401288263, 0.14970886995698662, 0.0, 0.0, 0.0, 0.04688669779969397, 0.0, 0.09523546217639671, 0.0, 0.031051048610206557)",86
15294,41,0,11,"(0.09033430006888621, 0.13020642598901072, 0.0, 0.0, 0.0, 0.04281407067328117, 0.0, 0.09523546217639671, 0.0, 0.01812760691895582)",3
15295,41,0,11,"(0.09033430006888621, 0.14970886995698662, 0.0, 0.0, 0.0, 0.04688669779969397, 0.0, 0.09523546217639671, 0.0, 0.031051048610206557)",254
15296,41,0,13,"(0.0, 0.0, 0.11679612853536596, 0.07703657759348523, 0.09172770611919409, 0.07489992963210028, 0.0, 0.0, 0.14899621190854193, 0.0)",1
15297,41,0,13,"(0.0, 0.0, 0.11679612853536596, 0.08450146653387244, 0.09172770611919409, 0.07489992963210028, 0.0, 0.0, 0.14899621190854193, 0.0)",120
15298,41,0,13,"(0.0, 0.0, 0.11679612853536596, 0.06920069129515957, 0.09172770611919409, 0.07489992963210028, 0.0, 0.0, 0.14899621190854193, 0.0)",37
15299,41,1,8,"(0.08829965453524319, 0.0, 0.08950620996642342, 0.09247639241939104, 0.08982013732564327, 0.0, 0.06826344941350267, 0.0, 0.0, 0.0)",1
15300,41,1,8,"(0.08829965453524319, 0.0, 0.06754212880082397, 0.14785153712770627, 0.09173902283359818, 0.0, 0.06826344941350267, 0.0, 0.0, 0.0)",1
15301,41,1,8,"(0.08829965453524319, 0.0, 0.08950620996642342, 0.09247639241939104, 0.053926536942382544, 0.0, 0.06826344941350267, 0.0, 0.0, 0.0)",17
15302,41,1,8,"(0.08829965453524319, 0.0, 0.08950620996642342, 0.09247639241939104, 0.09173902283359818, 0.0, 0.06826344941350267, 0.0, 0.0, 0.0)",301
15303,41,1,8,"(0.07125111760934427, 0.0, 0.08950620996642342, 0.09247639241939104, 0.09173902283359818, 0.0, 0.06826344941350267, 0.0, 0.0, 0.0)",13
15304,41,1,8,"(0.12443206434346163, 0.0, 0.08950620996642342, 0.09247639241939104, 0.09173902283359818, 0.0, 0.06826344941350267, 0.0, 0.0, 0.0)",3
15305,41,1,11,"(0.05595493401288263, 0.12461864596051528, 0.0, 0.0, 0.0, 0.04688669779969397, 0.0, 0.09523546217639671, 0.0, 0.031051048610206557)",6
15306,41,1,11,"(0.09033430006888621, 0.14970886995698662, 0.0, 0.0, 0.0, 0.04281407067328117, 0.0, 0.09523546217639671, 0.0, 0.01812760691895582)",22
15307,41,1,11,"(0.05595493401288263, 0.14970886995698662, 0.0, 0.0, 0.0, 0.04688669779969397, 0.0, 0.10533217996207046, 0.0, 0.038111999703286124)",1
15308,41,1,11,"(0.09033430006888621, 0.14970886995698662, 0.0, 0.0, 0.0, 0.04688669779969397, 0.0, 0.09523546217639671, 0.0, 0.031051048610206557)",316
15309,41,1,11,"(0.0755075641109694, 0.14970886995698662, 0.0, 0.0, 0.0, 0.04688669779969397, 0.0, 0.09523546217639671, 0.0, 0.031051048610206557)",2
15310,41,1,11,"(0.10508998475207833, 0.14970886995698662, 0.0, 0.0, 0.0, 0.04688669779969397, 0.0, 0.09523546217639671, 0.0, 0.031051048610206557)",1
15311,41,1,11,"(0.05595493401288263, 0.14970886995698662, 0.0, 0.0, 0.0, 0.04688669779969397, 0.0, 0.09523546217639671, 0.0, 0.031051048610206557)",89
15312,41,1,11,"(0.06994176213078436, 0.14970886995698662, 0.0, 0.0, 0.0, 0.04688669779969397, 0.0, 0.09523546217639671, 0.0, 0.031051048610206557)",1
15313,41,1,13,"(0.0, 0.0, 0.1695274251631349, 0.06920069129515957, 0.09172770611919409, 0.07489992963210028, 0.0, 0.0, 0.14899621190854193, 0.0)",57
15314,41,1,13,"(0.0, 0.0, 0.23888811325242335, 0.08450146653387244, 0.09172770611919409, 0.07012044574135508, 0.0, 0.0, 0.14899621190854193, 0.0)",2
15315,41,1,13,"(0.0, 0.0, 0.11679612853536596, 0.08450146653387244, 0.09172770611919409, 0.07489992963210028, 0.0, 0.0, 0.14899621190854193, 0.0)",100
15316,41,2,8,"(0.08829965453524319, 0.0, 0.08950620996642342, 0.09247639241939104, 0.09173902283359818, 0.0, 0.06826344941350267, 0.0, 0.0, 0.0)",298
15317,41,2,8,"(0.08829965453524319, 0.0, 0.08950620996642342, 0.09247639241939104, 0.053926536942382544, 0.0, 0.06826344941350267, 0.0, 0.0, 0.0)",13
15318,41,2,8,"(0.08829965453524319, 0.0, 0.11046883557781753, 0.09247639241939104, 0.09173902283359818, 0.0, 0.06826344941350267, 0.0, 0.0, 0.0)",1
15319,41,2,8,"(0.07145455925896047, 0.0, 0.08950620996642342, 0.09247639241939104, 0.09173902283359818, 0.0, 0.06826344941350267, 0.0, 0.0, 0.0)",1
15320,41,2,8,"(0.10389871196046041, 0.0, 0.08950620996642342, 0.09247639241939104, 0.09173902283359818, 0.0, 0.06826344941350267, 0.0, 0.0, 0.0)",1
15321,41,2,8,"(0.10598187139556148, 0.0, 0.08950620996642342, 0.09247639241939104, 0.09173902283359818, 0.0, 0.06826344941350267, 0.0, 0.0, 0.0)",3
15322,41,2,11,"(0.04920459198974484, 0.14970886995698662, 0.0, 0.0, 0.0, 0.04688669779969397, 0.0, 0.09523546217639671, 0.0, 0.031051048610206557)",1
15323,41,2,11,"(0.05595493401288263, 0.14970886995698662, 0.0, 0.0, 0.0, 0.04688669779969397, 0.0, 0.09523546217639671, 0.0, 0.031051048610206557)",115
15324,41,2,11,"(0.09033430006888621, 0.14970886995698662, 0.0, 0.0, 0.0, 0.04688669779969397, 0.0, 0.09523546217639671, 0.0, 0.031051048610206557)",276
15325,41,2,11,"(0.10686559324621, 0.14970886995698662, 0.0, 0.0, 0.0, 0.04688669779969397, 0.0, 0.09523546217639671, 0.0, 0.031051048610206557)",1
15326,41,2,11,"(0.05646949992641129, 0.14970886995698662, 0.0, 0.0, 0.0, 0.04688669779969397, 0.0, 0.09523546217639671, 0.0, 0.031051048610206557)",1
15327,41,2,11,"(0.10758400152178219, 0.14970886995698662, 0.0, 0.0, 0.0, 0.04281407067328117, 0.0, 0.09523546217639671, 0.0, 0.01812760691895582)",1
15328,41,2,11,"(0.07236202773704022, 0.25316471398475, 0.0, 0.0, 0.0, 0.03923499160855431, 0.0, 0.09523546217639671, 0.0, 0.04358715847652366)",1
15329,41,2,11,"(0.09033430006888621, 0.14970886995698662, 0.0, 0.0, 0.0, 0.04281407067328117, 0.0, 0.09523546217639671, 0.0, 0.01812760691895582)",45
15330,41,2,13,"(0.0, 0.0, 0.11679612853536596, 0.08450146653387244, 0.09172770611919409, 0.07489992963210028, 0.0, 0.0, 0.2361539511715872, 0.0)",2
15331,41,2,13,"(0.0, 0.0, 0.11679612853536596, 0.06920069129515957, 0.09172770611919409, 0.07489992963210028, 0.0, 0.0, 0.14899621190854193, 0.0)",69
15332,41,2,13,"(0.0, 0.0, 0.1695274251631349, 0.06920069129515957, 0.09172770611919409, 0.07489992963210028, 0.0, 0.0, 0.14899621190854193, 0.0)",59
15333,41,2,13,"(0.0, 0.0, 0.11679612853536596, 0.08450146653387244, 0.09172770611919409, 0.07489992963210028, 0.0, 0.0, 0.14899621190854193, 0.0)",35
15334,41,2,13,"(0.0, 0.0, 0.12120461662956096, 0.08450146653387244, 0.09172770611919409, 0.07355837978512951, 0.0, 0.0, 0.13308146963513198, 0.0)",4
15335,41,3,8,"(0.08829965453524319, 0.0, 0.08950620996642342, 0.09247639241939104, 0.09779695585146904, 0.0, 0.06826344941350267, 0.0, 0.0, 0.0)",5
15336,41,3,8,"(0.08829965453524319, 0.0, 0.08950620996642342, 0.09247639241939104, 0.09173902283359818, 0.0, 0.06826344941350267, 0.0, 0.0, 0.0)",293
15337,41,3,8,"(0.08829965453524319, 0.0, 0.08950620996642342, 0.09247639241939104, 0.09655497158430663, 0.0, 0.06826344941350267, 0.0, 0.0, 0.0)",1
15338,41,3,8,"(0.08829965453524319, 0.0, 0.07373720339422499, 0.09247639241939104, 0.09173902283359818, 0.0, 0.06826344941350267, 0.0, 0.0, 0.0)",1
15339,41,3,8,"(0.08829965453524319, 0.0, 0.08950620996642342, 0.09247639241939104, 0.08404600220724998, 0.0, 0.06826344941350267, 0.0, 0.0, 0.0)",3
15340,41,3,8,"(0.10100960296729858, 0.0, 0.08950620996642342, 0.09247639241939104, 0.09173902283359818, 0.0, 0.06826344941350267, 0.0, 0.0, 0.0)",4
15341,41,3,11,"(0.09033430006888621, 0.14970886995698662, 0.0, 0.0, 0.0, 0.04688669779969397, 0.0, 0.09523546217639671, 0.0, 0.031051048610206557)",377
15342,41,3,11,"(0.06841892135190743, 0.14970886995698662, 0.0, 0.0, 0.0, 0.04688669779969397, 0.0, 0.09523546217639671, 0.0, 0.031051048610206557)",1
15343,41,3,11,"(0.09033430006888621, 0.14970886995698662, 0.0, 0.0, 0.0, 0.04688669779969397, 0.0, 0.08818414384039411, 0.0, 0.031051048610206557)",1
15344,41,3,11,"(0.09033430006888621, 0.11438891080176446, 0.0, 0.0, 0.0, 0.050690453974340015, 0.0, 0.09523546217639671, 0.0, 0.031051048610206557)",21
15345,41,3,11,"(0.09033430006888621, 0.14970886995698662, 0.0, 0.0, 0.0, 0.04688669779969397, 0.0, 0.09523546217639671, 0.0, 0.01812760691895582)",29
15346,41,3,11,"(0.09033430006888621, 0.14970886995698662, 0.0, 0.0, 0.0, 0.04688669779969397, 0.0, 0.09523546217639671, 0.0, 0.06318279934993049)",1
15347,41,3,11,"(0.1548171320077814, 0.17549937156653245, 0.0, 0.0, 0.0, 0.04688669779969397, 0.0, 0.09523546217639671, 0.0, 0.02356890538584543)",1
15348,41,3,13,"(0.0, 0.0, 0.12650938008048596, 0.06920069129515957, 0.09172770611919409, 0.07489992963210028, 0.0, 0.0, 0.1398656871683118, 0.0)",1
15349,41,3,13,"(0.0, 0.0, 0.11679612853536596, 0.06920069129515957, 0.10428071674643695, 0.07489992963210028, 0.0, 0.0, 0.14899621190854193, 0.0)",1
15350,41,3,13,"(0.0, 0.0, 0.11679612853536596, 0.06920069129515957, 0.09172770611919409, 0.07489992963210028, 0.0, 0.0, 0.1662834887392061, 0.0)",64
15351,41,3,13,"(0.0, 0.0, 0.11679612853536596, 0.06495619880925325, 0.09172770611919409, 0.07489992963210028, 0.0, 0.0, 0.1393228451491684, 0.0)",1
15352,41,3,13,"(0.0, 0.0, 0.11679612853536596, 0.06920069129515957, 0.09172770611919409, 0.07489992963210028, 0.0, 0.0, 0.14899621190854193, 0.0)",105
15353,41,4,8,"(0.08829965453524319, 0.0, 0.08950620996642342, 0.09247639241939104, 0.09173902283359818, 0.0, 0.06826344941350267, 0.0, 0.0, 0.0)",351
15354,41,4,8,"(0.06296420276733257, 0.0, 0.08560114541265043, 0.09247639241939104, 0.09173902283359818, 0.0, 0.06826344941350267, 0.0, 0.0, 0.0)",5
15355,41,4,8,"(0.08829965453524319, 0.0, 0.08950620996642342, 0.09247639241939104, 0.09173902283359818, 0.0, 0.10171626846835144, 0.0, 0.0, 0.0)",4
15356,41,4,8,"(0.08829965453524319, 0.0, 0.08950620996642342, 0.06367499782645654, 0.09173902283359818, 0.0, 0.06826344941350267, 0.0, 0.0, 0.0)",1
15357,41,4,8,"(0.06296420276733257, 0.0, 0.08560114541265043, 0.07406045133739483, 0.09173902283359818, 0.0, 0.06826344941350267, 0.0, 0.0, 0.0)",2
15358,41,4,8,"(0.08939045018089324, 0.0, 0.08950620996642342, 0.11564251865078717, 0.07750800000596797, 0.0, 0.06042910086488096, 0.0, 0.0, 0.0)",7
15359,41,4,11,"(0.09033430006888621, 0.14970886995698662, 0.0, 0.0, 0.0, 0.04688669779969397, 0.0, 0.09523546217639671, 0.0, 0.01812760691895582)",19
15360,41,4,11,"(0.09033430006888621, 0.2084693489814678, 0.0, 0.0, 0.0, 0.04688669779969397, 0.0, 0.09523546217639671, 0.0, 0.031051048610206557)",1
15361,41,4,11,"(0.09033430006888621, 0.14970886995698662, 0.0, 0.0, 0.0, 0.04688669779969397, 0.0, 0.09523546217639671, 0.0, 0.017836652792117328)",1
15362,41,4,11,"(0.09033430006888621, 0.14970886995698662, 0.0, 0.0, 0.0, 0.04688669779969397, 0.0, 0.09523546217639671, 0.0, 0.031051048610206557)",410
15363,41,4,11,"(0.09033430006888621, 0.14970886995698662, 0.0, 0.0, 0.0, 0.04688669779969397, 0.0, 0.09523546217639671, 0.0, 0.01508747749054114)",3
15364,41,4,11,"(0.1188357325801951, 0.14970886995698662, 0.0, 0.0, 0.0, 0.04688669779969397, 0.0, 0.09523546217639671, 0.0, 0.031051048610206557)",1
15365,41,4,13,"(0.0, 0.0, 0.11679612853536596, 0.06920069129515957, 0.14602364391214034, 0.07489992963210028, 0.0, 0.0, 0.14899621190854193, 0.0)",7
15366,41,4,13,"(0.0, 0.0, 0.11679612853536596, 0.040397348836880585, 0.09172770611919409, 0.07489992963210028, 0.0, 0.0, 0.14899621190854193, 0.0)",5
15367,41,4,13,"(0.0, 0.0, 0.11679612853536596, 0.06920069129515957, 0.09172770611919409, 0.07489992963210028, 0.0, 0.0, 0.14899621190854193, 0.0)",154
15368,41,4,13,"(0.0, 0.0, 0.11679612853536596, 0.06920069129515957, 0.09172770611919409, 0.07489992963210028, 0.0, 0.0, 0.1709832033036692, 0.0)",1
15369,41,4,13,"(0.0, 0.0, 0.11679612853536596, 0.06920069129515957, 0.09172770611919409, 0.09058758205067315, 0.0, 0.0, 0.14899621190854193, 0.0)",1
15370,41,4,13,"(0.0, 0.0, 0.07075369754721036, 0.07474501545045284, 0.09172770611919409, 0.07489992963210028, 0.0, 0.0, 0.14899621190854193, 0.0)",1
15371,41,5,8,"(0.08829965453524319, 0.0, 0.08950620996642342, 0.09247639241939104, 0.09173902283359818, 0.0, 0.06826344941350267, 0.0, 0.0, 0.0)",298
15372,41,5,11,"(0.040940925083510486, 0.14970886995698662, 0.0, 0.0, 0.0, 0.04688669779969397, 0.0, 0.09523546217639671, 0.0, 0.031051048610206557)",1
15373,41,5,11,"(0.09033430006888621, 0.14970886995698662, 0.0, 0.0, 0.0, 0.04688669779969397, 0.0, 0.10202973050795502, 0.0, 0.031051048610206557)",2
15374,41,5,11,"(0.09033430006888621, 0.14970886995698662, 0.0, 0.0, 0.0, 0.04688669779969397, 0.0, 0.09523546217639671, 0.0, 0.037056671121008786)",2
15375,41,5,11,"(0.09033430006888621, 0.14970886995698662, 0.0, 0.0, 0.0, 0.04688669779969397, 0.0, 0.09523546217639671, 0.0, 0.031051048610206557)",439
15376,41,5,11,"(0.09033430006888621, 0.14970886995698662, 0.0, 0.0, 0.0, 0.04688669779969397, 0.0, 0.09523546217639671, 0.0, 0.01812760691895582)",53
15377,41,5,11,"(0.09033430006888621, 0.14970886995698662, 0.0, 0.0, 0.0, 0.04688669779969397, 0.0, 0.09523546217639671, 0.0, 0.024440947416996067)",1
15378,41,5,11,"(0.09033430006888621, 0.14970886995698662, 0.0, 0.0, 0.0, 0.04688669779969397, 0.0, 0.09523546217639671, 0.0, 0.05866709769152723)",2
15379,41,5,11,"(0.09033430006888621, 0.22607028285088449, 0.0, 0.0, 0.0, 0.04688669779969397, 0.0, 0.09523546217639671, 0.0, 0.01812760691895582)",1
15380,41,5,13,"(0.0, 0.0, 0.11679612853536596, 0.06920069129515957, 0.09172770611919409, 0.028480315466343165, 0.0, 0.0, 0.14899621190854193, 0.0)",6
15381,41,5,13,"(0.0, 0.0, 0.10079924340729306, 0.06920069129515957, 0.09172770611919409, 0.07489992963210028, 0.0, 0.0, 0.14899621190854193, 0.0)",5
15382,41,5,13,"(0.0, 0.0, 0.11679612853536596, 0.06920069129515957, 0.10627960880500499, 0.07489992963210028, 0.0, 0.0, 0.14899621190854193, 0.0)",1
15383,41,5,13,"(0.0, 0.0, 0.11679612853536596, 0.06920069129515957, 0.09172770611919409, 0.07489992963210028, 0.0, 0.0, 0.14899621190854193, 0.0)",154
15384,41,6,8,"(0.08829965453524319, 0.0, 0.08950620996642342, 0.0547239251393682, 0.09173902283359818, 0.0, 0.06826344941350267, 0.0, 0.0, 0.0)",1
15385,41,6,8,"(0.08829965453524319, 0.0, 0.08950620996642342, 0.09247639241939104, 0.09173902283359818, 0.0, 0.1234860669929856, 0.0, 0.0, 0.0)",2
15386,41,6,8,"(0.08829965453524319, 0.0, 0.08950620996642342, 0.09247639241939104, 0.09173902283359818, 0.0, 0.07151134090037878, 0.0, 0.0, 0.0)",1
15387,41,6,8,"(0.08829965453524319, 0.0, 0.08950620996642342, 0.09247639241939104, 0.09173902283359818, 0.0, 0.06826344941350267, 0.0, 0.0, 0.0)",401
15388,41,6,11,"(0.09033430006888621, 0.14970886995698662, 0.0, 0.0, 0.0, 0.04688669779969397, 0.0, 0.16488435878749916, 0.0, 0.031051048610206557)",1
15389,41,6,11,"(0.09033430006888621, 0.15619239441101754, 0.0, 0.0, 0.0, 0.04688669779969397, 0.0, 0.09523546217639671, 0.0, 0.03288850081389237)",2
15390,41,6,11,"(0.10347236399577754, 0.14970886995698662, 0.0, 0.0, 0.0, 0.04148349846172949, 0.0, 0.09523546217639671, 0.0, 0.031051048610206557)",3
15391,41,6,11,"(0.05595493401288263, 0.14970886995698662, 0.0, 0.0, 0.0, 0.04688669779969397, 0.0, 0.09523546217639671, 0.0, 0.030998460918295574)",2
15392,41,6,11,"(0.09033430006888621, 0.14970886995698662, 0.0, 0.0, 0.0, 0.04688669779969397, 0.0, 0.09523546217639671, 0.0, 0.0694072908745083)",1
15393,41,6,11,"(0.09033430006888621, 0.14970886995698662, 0.0, 0.0, 0.0, 0.04688669779969397, 0.0, 0.09523546217639671, 0.0, 0.05405918489105362)",2
15394,41,6,11,"(0.09033430006888621, 0.14970886995698662, 0.0, 0.0, 0.0, 0.04688669779969397, 0.0, 0.09523546217639671, 0.0, 0.031051048610206557)",293
15395,41,6,11,"(0.09033430006888621, 0.20142473729905794, 0.0, 0.0, 0.0, 0.04688669779969397, 0.0, 0.09523546217639671, 0.0, 0.031051048610206557)",1
15396,41,6,11,"(0.05595493401288263, 0.14970886995698662, 0.0, 0.0, 0.0, 0.04688669779969397, 0.0, 0.09523546217639671, 0.0, 0.031051048610206557)",54
15397,41,6,13,"(0.0, 0.0, 0.11679612853536596, 0.06920069129515957, 0.09172770611919409, 0.07489992963210028, 0.0, 0.0, 0.14899621190854193, 0.0)",151
15398,41,6,13,"(0.0, 0.0, 0.11679612853536596, 0.11566245524900162, 0.09172770611919409, 0.07489992963210028, 0.0, 0.0, 0.14899621190854193, 0.0)",25
15399,41,7,8,"(0.08829965453524319, 0.0, 0.08950620996642342, 0.17502416781925573, 0.0942941949156442, 0.0, 0.06826344941350267, 0.0, 0.0, 0.0)",1
15400,41,7,8,"(0.08829965453524319, 0.0, 0.08950620996642342, 0.09247639241939104, 0.09173902283359818, 0.0, 0.06826344941350267, 0.0, 0.0, 0.0)",256
15401,41,7,8,"(0.08829965453524319, 0.0, 0.08950620996642342, 0.09247639241939104, 0.09173902283359818, 0.0, 0.10076569795634538, 0.0, 0.0, 0.0)",1
15402,41,7,11,"(0.11254824635566403, 0.14970886995698662, 0.0, 0.0, 0.0, 0.04688669779969397, 0.0, 0.09523546217639671, 0.0, 0.031051048610206557)",1
15403,41,7,11,"(0.13695075116621153, 0.14970886995698662, 0.0, 0.0, 0.0, 0.02781759253786923, 0.0, 0.09523546217639671, 0.0, 0.031051048610206557)",1
15404,41,7,11,"(0.09033430006888621, 0.14970886995698662, 0.0, 0.0, 0.0, 0.04688669779969397, 0.0, 0.09523546217639671, 0.0, 0.051101448644560524)",1
15405,41,7,11,"(0.09033430006888621, 0.14970886995698662, 0.0, 0.0, 0.0, 0.04688669779969397, 0.0, 0.09523546217639671, 0.0, 0.035370898056062694)",2
15406,41,7,11,"(0.09033430006888621, 0.09950731712740148, 0.0, 0.0, 0.0, 0.04688669779969397, 0.0, 0.13635786553969723, 0.0, 0.031051048610206557)",9
15407,41,7,11,"(0.05595493401288263, 0.14970886995698662, 0.0, 0.0, 0.0, 0.04688669779969397, 0.0, 0.09523546217639671, 0.0, 0.031051048610206557)",74
15408,41,7,11,"(0.09033430006888621, 0.14970886995698662, 0.0, 0.0, 0.0, 0.04688669779969397, 0.0, 0.09523546217639671, 0.0, 0.031051048610206557)",478
15409,41,7,13,"(0.0, 0.0, 0.11679612853536596, 0.06920069129515957, 0.09172770611919409, 0.07489992963210028, 0.0, 0.0, 0.14899621190854193, 0.0)",92
15410,41,7,13,"(0.0, 0.0, 0.11679612853536596, 0.11566245524900162, 0.09172770611919409, 0.07489992963210028, 0.0, 0.0, 0.11744566696650352, 0.0)",1
15411,41,7,13,"(0.0, 0.0, 0.11679612853536596, 0.11566245524900162, 0.09172770611919409, 0.07489992963210028, 0.0, 0.0, 0.14899621190854193, 0.0)",78
15412,41,7,13,"(0.0, 0.0, 0.11679612853536596, 0.11566245524900162, 0.09172770611919409, 0.07489992963210028, 0.0, 0.0, 0.10949292047564341, 0.0)",1
15413,41,8,8,"(0.08829965453524319, 0.0, 0.06664917915132444, 0.09247639241939104, 0.09173902283359818, 0.0, 0.06826344941350267, 0.0, 0.0, 0.0)",1
15414,41,8,8,"(0.08829965453524319, 0.0, 0.08950620996642342, 0.06986969497945773, 0.09173902283359818, 0.0, 0.06826344941350267, 0.0, 0.0, 0.0)",17
15415,41,8,8,"(0.08829965453524319, 0.0, 0.08950620996642342, 0.0679227642381126, 0.09173902283359818, 0.0, 0.06826344941350267, 0.0, 0.0, 0.0)",4
15416,41,8,8,"(0.08829965453524319, 0.0, 0.08950620996642342, 0.09247639241939104, 0.09173902283359818, 0.0, 0.06826344941350267, 0.0, 0.0, 0.0)",305
15417,41,8,8,"(0.08829965453524319, 0.0, 0.05578256677546119, 0.09247639241939104, 0.09173902283359818, 0.0, 0.06307460308934372, 0.0, 0.0, 0.0)",2
15418,41,8,11,"(0.09033430006888621, 0.14970886995698662, 0.0, 0.0, 0.0, 0.04063229023973992, 0.0, 0.09523546217639671, 0.0, 0.031051048610206557)",1
15419,41,8,11,"(0.09033430006888621, 0.10597947608879515, 0.0, 0.0, 0.0, 0.04688669779969397, 0.0, 0.07841310540427855, 0.0, 0.030480611865943)",14
15420,41,8,11,"(0.09033430006888621, 0.14970886995698662, 0.0, 0.0, 0.0, 0.04688669779969397, 0.0, 0.09523546217639671, 0.0, 0.031051048610206557)",408
15421,41,8,11,"(0.09033430006888621, 0.14970886995698662, 0.0, 0.0, 0.0, 0.04688669779969397, 0.0, 0.09523546217639671, 0.0, 0.030600321169101573)",3
15422,41,8,11,"(0.07401768453072145, 0.14970886995698662, 0.0, 0.0, 0.0, 0.04688669779969397, 0.0, 0.09523546217639671, 0.0, 0.013782126304465814)",1
15423,41,8,13,"(0.0, 0.0, 0.11679612853536596, 0.11688081669479078, 0.09172770611919409, 0.07489992963210028, 0.0, 0.0, 0.10086411646265526, 0.0)",1
15424,41,8,13,"(0.0, 0.0, 0.11679612853536596, 0.11566245524900162, 0.09172770611919409, 0.07489992963210028, 0.0, 0.0, 0.14899621190854193, 0.0)",81
15425,41,8,13,"(0.0, 0.0, 0.11679612853536596, 0.06920069129515957, 0.09172770611919409, 0.07489992963210028, 0.0, 0.0, 0.14899621190854193, 0.0)",82
15426,41,8,13,"(0.0, 0.0, 0.11679612853536596, 0.05884446240442196, 0.09172770611919409, 0.07489992963210028, 0.0, 0.0, 0.14899621190854193, 0.0)",1
15427,41,9,8,"(0.08829965453524319, 0.0, 0.08950620996642342, 0.09247639241939104, 0.09173902283359818, 0.0, 0.06928335580438888, 0.0, 0.0, 0.0)",4
15428,41,9,8,"(0.039591392653792794, 0.0, 0.08950620996642342, 0.09247639241939104, 0.09173902283359818, 0.0, 0.09290149978497557, 0.0, 0.0, 0.0)",1
15429,41,9,8,"(0.08829965453524319, 0.0, 0.08950620996642342, 0.09247639241939104, 0.0867434824788212, 0.0, 0.06826344941350267, 0.0, 0.0, 0.0)",1
15430,41,9,8,"(0.0998669575252455, 0.0, 0.08950620996642342, 0.09247639241939104, 0.09173902283359818, 0.0, 0.07361300595403536, 0.0, 0.0, 0.0)",6
15431,41,9,8,"(0.08829965453524319, 0.0, 0.08950620996642342, 0.09247639241939104, 0.09173902283359818, 0.0, 0.06826344941350267, 0.0, 0.0, 0.0)",372
15432,41,9,8,"(0.08829965453524319, 0.0, 0.08950620996642342, 0.09247639241939104, 0.09173902283359818, 0.0, 0.06230545999401229, 0.0, 0.0, 0.0)",2
15433,41,9,8,"(0.08829965453524319, 0.0, 0.08950620996642342, 0.043247781839771814, 0.10736240437377076, 0.0, 0.06826344941350267, 0.0, 0.0, 0.0)",2
15434,41,9,8,"(0.11518711896785666, 0.0, 0.08950620996642342, 0.09247639241939104, 0.09173902283359818, 0.0, 0.06826344941350267, 0.0, 0.0, 0.0)",1
15435,41,9,11,"(0.09033430006888621, 0.14970886995698662, 0.0, 0.0, 0.0, 0.04688669779969397, 0.0, 0.07851631155931958, 0.0, 0.01812760691895582)",138
15436,41,9,11,"(0.09033430006888621, 0.14970886995698662, 0.0, 0.0, 0.0, 0.04688669779969397, 0.0, 0.09523546217639671, 0.0, 0.031051048610206557)",263
15437,41,9,11,"(0.06572218348569858, 0.14970886995698662, 0.0, 0.0, 0.0, 0.04688669779969397, 0.0, 0.09523546217639671, 0.0, 0.031051048610206557)",2
15438,41,9,11,"(0.08793373812633347, 0.14970886995698662, 0.0, 0.0, 0.0, 0.04688669779969397, 0.0, 0.09797049622003308, 0.0, 0.01812760691895582)",2
15439,41,9,11,"(0.04754144776163686, 0.14970886995698662, 0.0, 0.0, 0.0, 0.04688669779969397, 0.0, 0.09523546217639671, 0.0, 0.031051048610206557)",1
15440,41,9,11,"(0.09033430006888621, 0.14970886995698662, 0.0, 0.0, 0.0, 0.04281407067328117, 0.0, 0.09523546217639671, 0.0, 0.01812760691895582)",1
15441,41,9,11,"(0.09033430006888621, 0.14970886995698662, 0.0, 0.0, 0.0, 0.02606712634732587, 0.0, 0.07851631155931958, 0.0, 0.01812760691895582)",1
15442,41,9,11,"(0.11770843665683157, 0.14970886995698662, 0.0, 0.0, 0.0, 0.04688669779969397, 0.0, 0.07851631155931958, 0.0, 0.01812760691895582)",1
15443,41,9,11,"(0.09033430006888621, 0.14970886995698662, 0.0, 0.0, 0.0, 0.027189511426869022, 0.0, 0.09523546217639671, 0.0, 0.031051048610206557)",2
15444,41,9,13,"(0.0, 0.0, 0.05777995751326583, 0.06920069129515957, 0.09172770611919409, 0.07489992963210028, 0.0, 0.0, 0.1694424693495189, 0.0)",1
15445,41,9,13,"(0.0, 0.0, 0.11679612853536596, 0.03872024586194893, 0.09172770611919409, 0.07489992963210028, 0.0, 0.0, 0.1694424693495189, 0.0)",1
15446,41,9,13,"(0.0, 0.0, 0.11679612853536596, 0.06920069129515957, 0.09172770611919409, 0.07489992963210028, 0.0, 0.0, 0.1694424693495189, 0.0)",122
15447,41,9,13,"(0.0, 0.0, 0.12274153459814033, 0.06920069129515957, 0.09172770611919409, 0.07489992963210028, 0.0, 0.0, 0.1694424693495189, 0.0)",1
15448,41,9,13,"(0.0, 0.0, 0.11679612853536596, 0.06920069129515957, 0.09172770611919409, 0.07489992963210028, 0.0, 0.0, 0.14899621190854193, 0.0)",60
15449,41,10,8,"(0.08829965453524319, 0.0, 0.08950620996642342, 0.09247639241939104, 0.09173902283359818, 0.0, 0.06826344941350267, 0.0, 0.0, 0.0)",297
15450,41,10,8,"(0.07592308926547625, 0.0, 0.08950620996642342, 0.09247639241939104, 0.09173902283359818, 0.0, 0.06826344941350267, 0.0, 0.0, 0.0)",2
15451,41,10,8,"(0.08829965453524319, 0.0, 0.08950620996642342, 0.0847412251989503, 0.09173902283359818, 0.0, 0.06826344941350267, 0.0, 0.0, 0.0)",1
15452,41,10,8,"(0.12575960848163634, 0.0, 0.08950620996642342, 0.09247639241939104, 0.09173902283359818, 0.0, 0.06826344941350267, 0.0, 0.0, 0.0)",2
15453,41,10,8,"(0.08829965453524319, 0.0, 0.08950620996642342, 0.09247639241939104, 0.08582140318173964, 0.0, 0.06826344941350267, 0.0, 0.0, 0.0)",1
15454,41,10,8,"(0.15167419503495122, 0.0, 0.08950620996642342, 0.09247639241939104, 0.09173902283359818, 0.0, 0.06826344941350267, 0.0, 0.0, 0.0)",2
15455,41,10,11,"(0.09033430006888621, 0.333393265298929, 0.0, 0.0, 0.0, 0.04688669779969397, 0.0, 0.05903154453200392, 0.0, 0.031051048610206557)",1
15456,41,10,11,"(0.09033430006888621, 0.14970886995698662, 0.0, 0.0, 0.0, 0.032607820264371305, 0.0, 0.09523546217639671, 0.0, 0.031051048610206557)",1
15457,41,10,11,"(0.08478351868642736, 0.14970886995698662, 0.0, 0.0, 0.0, 0.04688669779969397, 0.0, 0.09523546217639671, 0.0, 0.031051048610206557)",6
15458,41,10,11,"(0.09033430006888621, 0.1309644193867885, 0.0, 0.0, 0.0, 0.04688669779969397, 0.0, 0.09523546217639671, 0.0, 0.031051048610206557)",1
15459,41,10,11,"(0.09033430006888621, 0.19892579164674165, 0.0, 0.0, 0.0, 0.04688669779969397, 0.0, 0.07700545613846918, 0.0, 0.031051048610206557)",1
15460,41,10,11,"(0.09033430006888621, 0.1459545822238366, 0.0, 0.0, 0.0, 0.043216268225481885, 0.0, 0.08679431850885495, 0.0, 0.031051048610206557)",1
15461,41,10,11,"(0.09033430006888621, 0.14970886995698662, 0.0, 0.0, 0.0, 0.04688669779969397, 0.0, 0.18165892660544491, 0.0, 0.031051048610206557)",1
15462,41,10,11,"(0.09033430006888621, 0.10983715597699661, 0.0, 0.0, 0.0, 0.04688669779969397, 0.0, 0.09523546217639671, 0.0, 0.031051048610206557)",3
15463,41,10,11,"(0.09033430006888621, 0.14970886995698662, 0.0, 0.0, 0.0, 0.04688669779969397, 0.0, 0.07851631155931958, 0.0, 0.01812760691895582)",9
15464,41,10,11,"(0.09033430006888621, 0.14970886995698662, 0.0, 0.0, 0.0, 0.04688669779969397, 0.0, 0.09523546217639671, 0.0, 0.031051048610206557)",464
15465,41,10,11,"(0.084826901741238, 0.14970886995698662, 0.0, 0.0, 0.0, 0.04688669779969397, 0.0, 0.09523546217639671, 0.0, 0.031051048610206557)",1
15466,41,10,13,"(0.0, 0.0, 0.11679612853536596, 0.06920069129515957, 0.09172770611919409, 0.07489992963210028, 0.0, 0.0, 0.14899621190854193, 0.0)",105
15467,41,10,13,"(0.0, 0.0, 0.11679612853536596, 0.036389344904575904, 0.09172770611919409, 0.07489992963210028, 0.0, 0.0, 0.14899621190854193, 0.0)",1
15468,41,10,13,"(0.0, 0.0, 0.11679612853536596, 0.06920069129515957, 0.09172770611919409, 0.07489992963210028, 0.0, 0.0, 0.1694424693495189, 0.0)",62
15469,41,11,8,"(0.08829965453524319, 0.0, 0.08950620996642342, 0.09247639241939104, 0.09173902283359818, 0.0, 0.06826344941350267, 0.0, 0.0, 0.0)",352
15470,41,11,8,"(0.08829965453524319, 0.0, 0.08950620996642342, 0.09247639241939104, 0.09119340820313628, 0.0, 0.06826344941350267, 0.0, 0.0, 0.0)",1
15471,41,11,8,"(0.08829965453524319, 0.0, 0.08950620996642342, 0.04937439987679843, 0.09173902283359818, 0.0, 0.06826344941350267, 0.0, 0.0, 0.0)",1
15472,41,11,8,"(0.08829965453524319, 0.0, 0.09111617117758812, 0.09247639241939104, 0.09173902283359818, 0.0, 0.07413944953516355, 0.0, 0.0, 0.0)",1
15473,41,11,8,"(0.08829965453524319, 0.0, 0.08950620996642342, 0.07744377016758343, 0.09173902283359818, 0.0, 0.06826344941350267, 0.0, 0.0, 0.0)",7
15474,41,11,8,"(0.08829965453524319, 0.0, 0.08950620996642342, 0.14666471809984807, 0.09173902283359818, 0.0, 0.044165928468196704, 0.0, 0.0, 0.0)",5
15475,41,11,8,"(0.08829965453524319, 0.0, 0.08950620996642342, 0.09247639241939104, 0.07241634330711863, 0.0, 0.06826344941350267, 0.0, 0.0, 0.0)",7
15476,41,11,8,"(0.08829965453524319, 0.0, 0.12719243219122017, 0.09247639241939104, 0.09173902283359818, 0.0, 0.06826344941350267, 0.0, 0.0, 0.0)",2
15477,41,11,11,"(0.09033430006888621, 0.14970886995698662, 0.0, 0.0, 0.0, 0.04688669779969397, 0.0, 0.09523546217639671, 0.0, 0.021802152963977393)",1
15478,41,11,11,"(0.09033430006888621, 0.14970886995698662, 0.0, 0.0, 0.0, 0.04281407067328117, 0.0, 0.09523546217639671, 0.0, 0.01812760691895582)",14
15479,41,11,11,"(0.09033430006888621, 0.14970886995698662, 0.0, 0.0, 0.0, 0.04688669779969397, 0.0, 0.12046975275617768, 0.0, 0.031051048610206557)",3
15480,41,11,11,"(0.09033430006888621, 0.14970886995698662, 0.0, 0.0, 0.0, 0.12366161119477144, 0.0, 0.09523546217639671, 0.0, 0.031051048610206557)",2
15481,41,11,11,"(0.09033430006888621, 0.19768439675374885, 0.0, 0.0, 0.0, 0.019793928323649443, 0.0, 0.07851631155931958, 0.0, 0.01812760691895582)",1
15482,41,11,11,"(0.09033430006888621, 0.14970886995698662, 0.0, 0.0, 0.0, 0.045363823371292085, 0.0, 0.09523546217639671, 0.0, 0.08308753792960856)",5
15483,41,11,11,"(0.09033430006888621, 0.19709147640687172, 0.0, 0.0, 0.0, 0.02241297763381863, 0.0, 0.07851631155931958, 0.0, 0.01812760691895582)",1
15484,41,11,11,"(0.058796863287285984, 0.07244470470025167, 0.0, 0.0, 0.0, 0.030321394558833255, 0.0, 0.07851631155931958, 0.0, 0.01812760691895582)",2
15485,41,11,11,"(0.09033430006888621, 0.12311532797595283, 0.0, 0.0, 0.0, 0.04688669779969397, 0.0, 0.07851631155931958, 0.0, 0.01812760691895582)",1
15486,41,11,11,"(0.09033430006888621, 0.14970886995698662, 0.0, 0.0, 0.0, 0.04688669779969397, 0.0, 0.09523546217639671, 0.0, 0.031051048610206557)",244
15487,41,11,11,"(0.09033430006888621, 0.14970886995698662, 0.0, 0.0, 0.0, 0.04688669779969397, 0.0, 0.10403791125872966, 0.0, 0.031051048610206557)",2
15488,41,11,11,"(0.09033430006888621, 0.14970886995698662, 0.0, 0.0, 0.0, 0.04688669779969397, 0.0, 0.07851631155931958, 0.0, 0.01812760691895582)",106
15489,41,11,11,"(0.09033430006888621, 0.09156486612707872, 0.0, 0.0, 0.0, 0.04688669779969397, 0.0, 0.09523546217639671, 0.0, 0.031051048610206557)",3
15490,41,11,13,"(0.0, 0.0, 0.11679612853536596, 0.05079482557286921, 0.09172770611919409, 0.07489992963210028, 0.0, 0.0, 0.1694424693495189, 0.0)",5
15491,41,11,13,"(0.0, 0.0, 0.11679612853536596, 0.06920069129515957, 0.09172770611919409, 0.07489992963210028, 0.0, 0.0, 0.1694424693495189, 0.0)",103
15492,41,11,13,"(0.0, 0.0, 0.11679612853536596, 0.04795585612245746, 0.05311190095523267, 0.07489992963210028, 0.0, 0.0, 0.14899621190854193, 0.0)",2
15493,41,11,13,"(0.0, 0.0, 0.11679612853536596, 0.06920069129515957, 0.09172770611919409, 0.07489992963210028, 0.0, 0.0, 0.14899621190854193, 0.0)",82
15494,41,11,13,"(0.0, 0.0, 0.11679612853536596, 0.06920069129515957, 0.09172770611919409, 0.05557295942732162, 0.0, 0.0, 0.1694424693495189, 0.0)",1
15495,41,12,8,"(0.08829965453524319, 0.0, 0.08950620996642342, 0.09247639241939104, 0.09173902283359818, 0.0, 0.08606990699455222, 0.0, 0.0, 0.0)",1
15496,41,12,8,"(0.08829965453524319, 0.0, 0.08950620996642342, 0.17541881327027095, 0.09173902283359818, 0.0, 0.06826344941350267, 0.0, 0.0, 0.0)",3
15497,41,12,8,"(0.08829965453524319, 0.0, 0.08950620996642342, 0.09247639241939104, 0.13434048022678485, 0.0, 0.06826344941350267, 0.0, 0.0, 0.0)",1
15498,41,12,8,"(0.08829965453524319, 0.0, 0.13300021198529335, 0.09247639241939104, 0.09173902283359818, 0.0, 0.06826344941350267, 0.0, 0.0, 0.0)",1
15499,41,12,8,"(0.08829965453524319, 0.0, 0.09214117084993129, 0.09247639241939104, 0.09173902283359818, 0.0, 0.06826344941350267, 0.0, 0.0, 0.0)",1
15500,41,12,8,"(0.08829965453524319, 0.0, 0.08950620996642342, 0.09247639241939104, 0.09173902283359818, 0.0, 0.06826344941350267, 0.0, 0.0, 0.0)",285
15501,41,12,8,"(0.05132941025273337, 0.0, 0.08950620996642342, 0.09247639241939104, 0.09173902283359818, 0.0, 0.06525320909895992, 0.0, 0.0, 0.0)",1
15502,41,12,11,"(0.09033430006888621, 0.14970886995698662, 0.0, 0.0, 0.0, 0.08297714934220234, 0.0, 0.09523546217639671, 0.0, 0.031051048610206557)",2
15503,41,12,11,"(0.11245046945759454, 0.14970886995698662, 0.0, 0.0, 0.0, 0.04688669779969397, 0.0, 0.08787710604208727, 0.0, 0.031051048610206557)",1
15504,41,12,11,"(0.05595493401288263, 0.14970886995698662, 0.0, 0.0, 0.0, 0.041497146903582985, 0.0, 0.09523546217639671, 0.0, 0.049407779750619045)",1
15505,41,12,11,"(0.09033430006888621, 0.14970886995698662, 0.0, 0.0, 0.0, 0.04688669779969397, 0.0, 0.09523546217639671, 0.0, 0.03248052543322138)",2
15506,41,12,11,"(0.09033430006888621, 0.14970886995698662, 0.0, 0.0, 0.0, 0.04688669779969397, 0.0, 0.09523546217639671, 0.0, 0.031051048610206557)",500
15507,41,12,11,"(0.09033430006888621, 0.12744766506582167, 0.0, 0.0, 0.0, 0.04688669779969397, 0.0, 0.09523546217639671, 0.0, 0.031051048610206557)",2
15508,41,12,11,"(0.05595493401288263, 0.14970886995698662, 0.0, 0.0, 0.0, 0.04688669779969397, 0.0, 0.09523546217639671, 0.0, 0.031051048610206557)",10
15509,41,12,11,"(0.09033430006888621, 0.14970886995698662, 0.0, 0.0, 0.0, 0.04688669779969397, 0.0, 0.07851631155931958, 0.0, 0.01812760691895582)",65
15510,41,12,13,"(0.0, 0.0, 0.11679612853536596, 0.06920069129515957, 0.09172770611919409, 0.11796772387105904, 0.0, 0.0, 0.14899621190854193, 0.0)",1
15511,41,12,13,"(0.0, 0.0, 0.11679612853536596, 0.06920069129515957, 0.09172770611919409, 0.06719377714918862, 0.0, 0.0, 0.14899621190854193, 0.0)",1
15512,41,12,13,"(0.0, 0.0, 0.11679612853536596, 0.06920069129515957, 0.09172770611919409, 0.07489992963210028, 0.0, 0.0, 0.14899621190854193, 0.0)",171
15513,41,13,8,"(0.08829965453524319, 0.0, 0.04923582746315328, 0.09247639241939104, 0.09173902283359818, 0.0, 0.06826344941350267, 0.0, 0.0, 0.0)",21
15514,41,13,8,"(0.08829965453524319, 0.0, 0.032688955894459824, 0.12703843950538787, 0.09173902283359818, 0.0, 0.06826344941350267, 0.0, 0.0, 0.0)",4
15515,41,13,8,"(0.08829965453524319, 0.0, 0.08950620996642342, 0.09247639241939104, 0.09173902283359818, 0.0, 0.06826344941350267, 0.0, 0.0, 0.0)",333
15516,41,13,11,"(0.05595493401288263, 0.14970886995698662, 0.0, 0.0, 0.0, 0.04688669779969397, 0.0, 0.09523546217639671, 0.0, 0.031051048610206557)",58
15517,41,13,11,"(0.09033430006888621, 0.14970886995698662, 0.0, 0.0, 0.0, 0.09102140971487568, 0.0, 0.09523546217639671, 0.0, 0.031051048610206557)",1
15518,41,13,11,"(0.09033430006888621, 0.14970886995698662, 0.0, 0.0, 0.0, 0.04688669779969397, 0.0, 0.07851631155931958, 0.0, 0.01812760691895582)",45
15519,41,13,11,"(0.048756881849737185, 0.1810565507476972, 0.0, 0.0, 0.0, 0.04688669779969397, 0.0, 0.09523546217639671, 0.0, 0.01766550664378258)",6
15520,41,13,11,"(0.06288753208708435, 0.14184814466772694, 0.0, 0.0, 0.0, 0.03141393462638596, 0.0, 0.09523546217639671, 0.0, 0.0227820134530499)",2
15521,41,13,11,"(0.09033430006888621, 0.14970886995698662, 0.0, 0.0, 0.0, 0.04688669779969397, 0.0, 0.09523546217639671, 0.0, 0.031051048610206557)",336
15522,41,13,13,"(0.0, 0.0, 0.11679612853536596, 0.06920069129515957, 0.09172770611919409, 0.05322131079125222, 0.0, 0.0, 0.14899621190854193, 0.0)",2
15523,41,13,13,"(0.0, 0.0, 0.11679612853536596, 0.06920069129515957, 0.09172770611919409, 0.07489992963210028, 0.0, 0.0, 0.14899621190854193, 0.0)",151
15524,41,13,13,"(0.0, 0.0, 0.11679612853536596, 0.06920069129515957, 0.13293413437113452, 0.07489992963210028, 0.0, 0.0, 0.14899621190854193, 0.0)",1
15525,41,14,8,"(0.07337937155054167, 0.0, 0.08950620996642342, 0.09247639241939104, 0.09173902283359818, 0.0, 0.06826344941350267, 0.0, 0.0, 0.0)",1
15526,41,14,8,"(0.08829965453524319, 0.0, 0.08950620996642342, 0.09247639241939104, 0.09173902283359818, 0.0, 0.06826344941350267, 0.0, 0.0, 0.0)",302
15527,41,14,8,"(0.08829965453524319, 0.0, 0.08950620996642342, 0.09247639241939104, 0.12541284112293016, 0.0, 0.06826344941350267, 0.0, 0.0, 0.0)",12
15528,41,14,8,"(0.08829965453524319, 0.0, 0.08950620996642342, 0.09247639241939104, 0.2233924830294734, 0.0, 0.06826344941350267, 0.0, 0.0, 0.0)",2
15529,41,14,8,"(0.08829965453524319, 0.0, 0.07066093819136857, 0.09247639241939104, 0.09173902283359818, 0.0, 0.06826344941350267, 0.0, 0.0, 0.0)",6
15530,41,14,8,"(0.08829965453524319, 0.0, 0.08950620996642342, 0.05723093515769776, 0.12541284112293016, 0.0, 0.06826344941350267, 0.0, 0.0, 0.0)",2
15531,41,14,11,"(0.05595493401288263, 0.14970886995698662, 0.0, 0.0, 0.0, 0.04688669779969397, 0.0, 0.09523546217639671, 0.0, 0.031051048610206557)",110
15532,41,14,11,"(0.09033430006888621, 0.14970886995698662, 0.0, 0.0, 0.0, 0.04688669779969397, 0.0, 0.09523546217639671, 0.0, 0.031051048610206557)",281
15533,41,14,11,"(0.09033430006888621, 0.14970886995698662, 0.0, 0.0, 0.0, 0.04688669779969397, 0.0, 0.07851631155931958, 0.0, 0.01812760691895582)",32
15534,41,14,11,"(0.07175661228482703, 0.14970886995698662, 0.0, 0.0, 0.0, 0.04688669779969397, 0.0, 0.09523546217639671, 0.0, 0.031051048610206557)",1
15535,41,14,11,"(0.19613780496134708, 0.14970886995698662, 0.0, 0.0, 0.0, 0.04688669779969397, 0.0, 0.09523546217639671, 0.0, 0.031051048610206557)",1
15536,41,14,11,"(0.05595493401288263, 0.14970886995698662, 0.0, 0.0, 0.0, 0.04688669779969397, 0.0, 0.08643541134915836, 0.0, 0.031051048610206557)",3
15537,41,14,13,"(0.0, 0.0, 0.11679612853536596, 0.06920069129515957, 0.09172770611919409, 0.07489992963210028, 0.0, 0.0, 0.1551194802139145, 0.0)",6
15538,41,14,13,"(0.0, 0.0, 0.11679612853536596, 0.06920069129515957, 0.09172770611919409, 0.07489992963210028, 0.0, 0.0, 0.1581720758299005, 0.0)",87
15539,41,14,13,"(0.0, 0.0, 0.11679612853536596, 0.06920069129515957, 0.09172770611919409, 0.07489992963210028, 0.0, 0.0, 0.14899621190854193, 0.0)",91
15540,41,14,13,"(0.0, 0.0, 0.11679612853536596, 0.06920069129515957, 0.14723982572811292, 0.07489992963210028, 0.0, 0.0, 0.14899621190854193, 0.0)",2
15541,41,15,8,"(0.08829965453524319, 0.0, 0.09743322539401018, 0.09247639241939104, 0.09173902283359818, 0.0, 0.06826344941350267, 0.0, 0.0, 0.0)",1
15542,41,15,8,"(0.08829965453524319, 0.0, 0.08950620996642342, 0.09247639241939104, 0.17643408414858303, 0.0, 0.06826344941350267, 0.0, 0.0, 0.0)",3
15543,41,15,8,"(0.08829965453524319, 0.0, 0.08950620996642342, 0.09247639241939104, 0.09173902283359818, 0.0, 0.06826344941350267, 0.0, 0.0, 0.0)",416
15544,41,15,11,"(0.09033430006888621, 0.14970886995698662, 0.0, 0.0, 0.0, 0.04688669779969397, 0.0, 0.09523546217639671, 0.0, 0.03375455183594716)",1
15545,41,15,11,"(0.06187594883268897, 0.14970886995698662, 0.0, 0.0, 0.0, 0.04688669779969397, 0.0, 0.047542920472606186, 0.0, 0.01812760691895582)",1
15546,41,15,11,"(0.09033430006888621, 0.14970886995698662, 0.0, 0.0, 0.0, 0.04688669779969397, 0.0, 0.07851631155931958, 0.0, 0.0221283813248914)",26
15547,41,15,11,"(0.09033430006888621, 0.14970886995698662, 0.0, 0.0, 0.0, 0.04688669779969397, 0.0, 0.09523546217639671, 0.0, 0.031051048610206557)",202
15548,41,15,11,"(0.09033430006888621, 0.14970886995698662, 0.0, 0.0, 0.0, 0.04688669779969397, 0.0, 0.09523546217639671, 0.0, 0.054869332719832804)",4
15549,41,15,11,"(0.09033430006888621, 0.14970886995698662, 0.0, 0.0, 0.0, 0.04688669779969397, 0.0, 0.07851631155931958, 0.0, 0.01812760691895582)",124
15550,41,15,13,"(0.0, 0.0, 0.11679612853536596, 0.046623942379867216, 0.09172770611919409, 0.07489992963210028, 0.0, 0.0, 0.14899621190854193, 0.0)",4
15551,41,15,13,"(0.0, 0.0, 0.11679612853536596, 0.1302199874794212, 0.09172770611919409, 0.13391434664212618, 0.0, 0.0, 0.14899621190854193, 0.0)",1
15552,41,15,13,"(0.0, 0.0, 0.11679612853536596, 0.06920069129515957, 0.09553412318720331, 0.07489992963210028, 0.0, 0.0, 0.14899621190854193, 0.0)",1
15553,41,15,13,"(0.0, 0.0, 0.10449072036997957, 0.06920069129515957, 0.09172770611919409, 0.07489992963210028, 0.0, 0.0, 0.11169534400893026, 0.0)",1
15554,41,15,13,"(0.0, 0.0, 0.11679612853536596, 0.06920069129515957, 0.09172770611919409, 0.07489992963210028, 0.0, 0.0, 0.14899621190854193, 0.0)",182
15555,41,15,13,"(0.0, 0.0, 0.11679612853536596, 0.06920069129515957, 0.1458328913659459, 0.07489992963210028, 0.0, 0.0, 0.08855234671012216, 0.0)",3
15556,41,16,8,"(0.08829965453524319, 0.0, 0.05062628713777289, 0.09247639241939104, 0.09173902283359818, 0.0, 0.06826344941350267, 0.0, 0.0, 0.0)",13
15557,41,16,8,"(0.08829965453524319, 0.0, 0.08950620996642342, 0.13607341085073918, 0.09173902283359818, 0.0, 0.06826344941350267, 0.0, 0.0, 0.0)",2
15558,41,16,8,"(0.08829965453524319, 0.0, 0.08950620996642342, 0.06972650517434112, 0.09173902283359818, 0.0, 0.06826344941350267, 0.0, 0.0, 0.0)",28
15559,41,16,8,"(0.08829965453524319, 0.0, 0.08950620996642342, 0.09247639241939104, 0.09173902283359818, 0.0, 0.05345264418022735, 0.0, 0.0, 0.0)",1
15560,41,16,8,"(0.11073170574956133, 0.0, 0.08950620996642342, 0.09247639241939104, 0.09173902283359818, 0.0, 0.06826344941350267, 0.0, 0.0, 0.0)",2
15561,41,16,8,"(0.08829965453524319, 0.0, 0.08950620996642342, 0.09247639241939104, 0.09173902283359818, 0.0, 0.06826344941350267, 0.0, 0.0, 0.0)",344
15562,41,16,11,"(0.09033430006888621, 0.15920916536004945, 0.0, 0.0, 0.0, 0.04688669779969397, 0.0, 0.09523546217639671, 0.0, 0.031051048610206557)",3
15563,41,16,11,"(0.09033430006888621, 0.14970886995698662, 0.0, 0.0, 0.0, 0.04688669779969397, 0.0, 0.09523546217639671, 0.0, 0.038072197526755835)",1
15564,41,16,11,"(0.09033430006888621, 0.14970886995698662, 0.0, 0.0, 0.0, 0.04688669779969397, 0.0, 0.09523546217639671, 0.0, 0.031051048610206557)",323
15565,41,16,11,"(0.09033430006888621, 0.1171382423683462, 0.0, 0.0, 0.0, 0.04688669779969397, 0.0, 0.07686686188254738, 0.0, 0.031051048610206557)",1
15566,41,16,13,"(0.0, 0.0, 0.11722393429024243, 0.06920069129515957, 0.09172770611919409, 0.07489992963210028, 0.0, 0.0, 0.19646722441012127, 0.0)",1
15567,41,16,13,"(0.0, 0.0, 0.11679612853536596, 0.06920069129515957, 0.12007298141368695, 0.07489992963210028, 0.0, 0.0, 0.14899621190854193, 0.0)",1
15568,41,16,13,"(0.0, 0.0, 0.11679612853536596, 0.06920069129515957, 0.09172770611919409, 0.07489992963210028, 0.0, 0.0, 0.14899621190854193, 0.0)",183
15569,41,17,8,"(0.08829965453524319, 0.0, 0.08950620996642342, 0.09247639241939104, 0.09173902283359818, 0.0, 0.06826344941350267, 0.0, 0.0, 0.0)",284
15570,41,17,8,"(0.08829965453524319, 0.0, 0.08950620996642342, 0.06972650517434112, 0.09173902283359818, 0.0, 0.06826344941350267, 0.0, 0.0, 0.0)",10
15571,41,17,8,"(0.08829965453524319, 0.0, 0.08950620996642342, 0.07850193543820369, 0.09173902283359818, 0.0, 0.06826344941350267, 0.0, 0.0, 0.0)",1
15572,41,17,8,"(0.09257746144782496, 0.0, 0.08950620996642342, 0.09247639241939104, 0.09173902283359818, 0.0, 0.06826344941350267, 0.0, 0.0, 0.0)",5
15573,41,17,8,"(0.18369889794341004, 0.0, 0.08950620996642342, 0.09247639241939104, 0.09173902283359818, 0.0, 0.06826344941350267, 0.0, 0.0, 0.0)",1
15574,41,17,11,"(0.09033430006888621, 0.14970886995698662, 0.0, 0.0, 0.0, 0.04688669779969397, 0.0, 0.09523546217639671, 0.0, 0.031051048610206557)",404
15575,41,17,11,"(0.09033430006888621, 0.14970886995698662, 0.0, 0.0, 0.0, 0.04220508581317299, 0.0, 0.11241108844885146, 0.0, 0.031051048610206557)",1
15576,41,17,11,"(0.09033430006888621, 0.14970886995698662, 0.0, 0.0, 0.0, 0.03884375233691311, 0.0, 0.09523546217639671, 0.0, 0.031051048610206557)",1
15577,41,17,11,"(0.09033430006888621, 0.14970886995698662, 0.0, 0.0, 0.0, 0.04688669779969397, 0.0, 0.07851631155931958, 0.0, 0.01812760691895582)",58
15578,41,17,11,"(0.09033430006888621, 0.14970886995698662, 0.0, 0.0, 0.0, 0.045702339114402045, 0.0, 0.11241108844885146, 0.0, 0.031051048610206557)",27
15579,41,17,11,"(0.1614197060324182, 0.14970886995698662, 0.0, 0.0, 0.0, 0.04688669779969397, 0.0, 0.09523546217639671, 0.0, 0.031051048610206557)",2
15580,41,17,11,"(0.05597026570592551, 0.14970886995698662, 0.0, 0.0, 0.0, 0.04688669779969397, 0.0, 0.09523546217639671, 0.0, 0.031051048610206557)",1
15581,41,17,11,"(0.09033430006888621, 0.2957112918203267, 0.0, 0.0, 0.0, 0.04688669779969397, 0.0, 0.07851631155931958, 0.0, 0.01812760691895582)",7
15582,41,17,11,"(0.09033430006888621, 0.12236141458328277, 0.0, 0.0, 0.0, 0.03876122201083256, 0.0, 0.09523546217639671, 0.0, 0.031051048610206557)",11
15583,41,17,11,"(0.10300112959215398, 0.14970886995698662, 0.0, 0.0, 0.0, 0.04688669779969397, 0.0, 0.09523546217639671, 0.0, 0.043949476885512644)",1
15584,41,17,11,"(0.09033430006888621, 0.14970886995698662, 0.0, 0.0, 0.0, 0.04688669779969397, 0.0, 0.09523546217639671, 0.0, 0.054869332719832804)",1
15585,41,17,11,"(0.09033430006888621, 0.14970886995698662, 0.0, 0.0, 0.0, 0.03477033042736474, 0.0, 0.09523546217639671, 0.0, 0.031051048610206557)",2
15586,41,17,13,"(0.0, 0.0, 0.11679612853536596, 0.06920069129515957, 0.09172770611919409, 0.07489992963210028, 0.0, 0.0, 0.14899621190854193, 0.0)",115
15587,41,17,13,"(0.0, 0.0, 0.11679612853536596, 0.06920069129515957, 0.1677714714558073, 0.07489992963210028, 0.0, 0.0, 0.14899621190854193, 0.0)",30
15588,41,17,13,"(0.0, 0.0, 0.11679612853536596, 0.06920069129515957, 0.06835230203434102, 0.07489992963210028, 0.0, 0.0, 0.14899621190854193, 0.0)",2
15589,41,17,13,"(0.0, 0.0, 0.11679612853536596, 0.06358603996234484, 0.09172770611919409, 0.07489992963210028, 0.0, 0.0, 0.14899621190854193, 0.0)",1
15590,41,18,8,"(0.08829965453524319, 0.0, 0.11867045944567647, 0.09247639241939104, 0.09173902283359818, 0.0, 0.06826344941350267, 0.0, 0.0, 0.0)",1
15591,41,18,8,"(0.08829965453524319, 0.0, 0.08950620996642342, 0.09247639241939104, 0.09173902283359818, 0.0, 0.06826344941350267, 0.0, 0.0, 0.0)",347
15592,41,18,8,"(0.05607454890620516, 0.0, 0.08950620996642342, 0.09247639241939104, 0.07093158412666165, 0.0, 0.06826344941350267, 0.0, 0.0, 0.0)",1
15593,41,18,11,"(0.09033430006888621, 0.14970886995698662, 0.0, 0.0, 0.0, 0.04688669779969397, 0.0, 0.07851631155931958, 0.0, 0.019124640143594253)",1
15594,41,18,11,"(0.09033430006888621, 0.14970886995698662, 0.0, 0.0, 0.0, 0.04688669779969397, 0.0, 0.09523546217639671, 0.0, 0.01812760691895582)",20
15595,41,18,11,"(0.09033430006888621, 0.14970886995698662, 0.0, 0.0, 0.0, 0.04688669779969397, 0.0, 0.06477389130011461, 0.0, 0.031051048610206557)",1
15596,41,18,11,"(0.13439539829823288, 0.14970886995698662, 0.0, 0.0, 0.0, 0.04688669779969397, 0.0, 0.09523546217639671, 0.0, 0.0678128211834132)",2
15597,41,18,11,"(0.09033430006888621, 0.14970886995698662, 0.0, 0.0, 0.0, 0.03622274580358064, 0.0, 0.09523546217639671, 0.0, 0.01589180483097622)",1
15598,41,18,11,"(0.09033430006888621, 0.14970886995698662, 0.0, 0.0, 0.0, 0.04688669779969397, 0.0, 0.09523546217639671, 0.0, 0.031051048610206557)",326
15599,41,18,11,"(0.09033430006888621, 0.14970886995698662, 0.0, 0.0, 0.0, 0.04688669779969397, 0.0, 0.09277900285050814, 0.0, 0.031051048610206557)",1
15600,41,18,11,"(0.1063100225016845, 0.14970886995698662, 0.0, 0.0, 0.0, 0.04688669779969397, 0.0, 0.09523546217639671, 0.0, 0.031051048610206557)",2
15601,41,18,11,"(0.09033430006888621, 0.14970886995698662, 0.0, 0.0, 0.0, 0.04688669779969397, 0.0, 0.07851631155931958, 0.0, 0.01812760691895582)",55
15602,41,18,13,"(0.0, 0.0, 0.11679612853536596, 0.06920069129515957, 0.07777671491603672, 0.07489992963210028, 0.0, 0.0, 0.14899621190854193, 0.0)",7
15603,41,18,13,"(0.0, 0.0, 0.11679612853536596, 0.06920069129515957, 0.09172770611919409, 0.07489992963210028, 0.0, 0.0, 0.20831018811838903, 0.0)",2
15604,41,18,13,"(0.0, 0.0, 0.11679612853536596, 0.06920069129515957, 0.09172770611919409, 0.07489992963210028, 0.0, 0.0, 0.14899621190854193, 0.0)",169
15605,41,19,8,"(0.08829965453524319, 0.0, 0.08950620996642342, 0.09247639241939104, 0.09173902283359818, 0.0, 0.08398566465388421, 0.0, 0.0, 0.0)",1
15606,41,19,8,"(0.1384009659969147, 0.0, 0.08950620996642342, 0.09247639241939104, 0.09173902283359818, 0.0, 0.06826344941350267, 0.0, 0.0, 0.0)",1
15607,41,19,8,"(0.08829965453524319, 0.0, 0.08950620996642342, 0.09247639241939104, 0.11505518074619463, 0.0, 0.06826344941350267, 0.0, 0.0, 0.0)",1
15608,41,19,8,"(0.08829965453524319, 0.0, 0.11173196692541512, 0.09247639241939104, 0.09173902283359818, 0.0, 0.09307871260351411, 0.0, 0.0, 0.0)",2
15609,41,19,8,"(0.08829965453524319, 0.0, 0.08950620996642342, 0.09247639241939104, 0.09173902283359818, 0.0, 0.06826344941350267, 0.0, 0.0, 0.0)",314
15610,41,19,8,"(0.08829965453524319, 0.0, 0.08950620996642342, 0.09247639241939104, 0.09173902283359818, 0.0, 0.10749092465768637, 0.0, 0.0, 0.0)",1
15611,41,19,11,"(0.09033430006888621, 0.19248106617706232, 0.0, 0.0, 0.0, 0.04737724290700425, 0.0, 0.09523546217639671, 0.0, 0.031051048610206557)",1
15612,41,19,11,"(0.09033430006888621, 0.14970886995698662, 0.0, 0.0, 0.0, 0.04688669779969397, 0.0, 0.07851631155931958, 0.0, 0.01812760691895582)",90
15613,41,19,11,"(0.09033430006888621, 0.14970886995698662, 0.0, 0.0, 0.0, 0.027476791921149633, 0.0, 0.07321613865788815, 0.0, 0.031051048610206557)",2
15614,41,19,11,"(0.09033430006888621, 0.14970886995698662, 0.0, 0.0, 0.0, 0.023144241017531365, 0.0, 0.0739526080316216, 0.0, 0.031051048610206557)",1
15615,41,19,11,"(0.09033430006888621, 0.14970886995698662, 0.0, 0.0, 0.0, 0.04688669779969397, 0.0, 0.09523546217639671, 0.0, 0.031051048610206557)",373
15616,41,19,11,"(0.2335307038485233, 0.14970886995698662, 0.0, 0.0, 0.0, 0.045154081320291424, 0.0, 0.09523546217639671, 0.0, 0.031051048610206557)",1
15617,41,19,11,"(0.09033430006888621, 0.14970886995698662, 0.0, 0.0, 0.0, 0.014062954053327085, 0.0, 0.09523546217639671, 0.0, 0.031051048610206557)",1
15618,41,19,11,"(0.09033430006888621, 0.14970886995698662, 0.0, 0.0, 0.0, 0.04688669779969397, 0.0, 0.09523546217639671, 0.0, 0.01812760691895582)",5
15619,41,19,11,"(0.09033430006888621, 0.14970886995698662, 0.0, 0.0, 0.0, 0.027476791921149633, 0.0, 0.09523546217639671, 0.0, 0.031051048610206557)",23
15620,41,19,13,"(0.0, 0.0, 0.12720963280831674, 0.06920069129515957, 0.09257340479867329, 0.08291739612392585, 0.0, 0.0, 0.14899621190854193, 0.0)",2
15621,41,19,13,"(0.0, 0.0, 0.14335339196028885, 0.06920069129515957, 0.09172770611919409, 0.07489992963210028, 0.0, 0.0, 0.14899621190854193, 0.0)",9
15622,41,19,13,"(0.0, 0.0, 0.11679612853536596, 0.06920069129515957, 0.09172770611919409, 0.07489992963210028, 0.0, 0.0, 0.14899621190854193, 0.0)",164
15623,41,19,13,"(0.0, 0.0, 0.11679612853536596, 0.06920069129515957, 0.09257340479867329, 0.08291739612392585, 0.0, 0.0, 0.14899621190854193, 0.0)",4
15624,41,20,8,"(0.08829965453524319, 0.0, 0.07877489336115776, 0.09247639241939104, 0.09173902283359818, 0.0, 0.06826344941350267, 0.0, 0.0, 0.0)",8
15625,41,20,8,"(0.08829965453524319, 0.0, 0.08950620996642342, 0.05461862201337989, 0.08192757690248662, 0.0, 0.06826344941350267, 0.0, 0.0, 0.0)",1
15626,41,20,8,"(0.030378374818499563, 0.0, 0.08950620996642342, 0.09247639241939104, 0.09173902283359818, 0.0, 0.06826344941350267, 0.0, 0.0, 0.0)",5
15627,41,20,8,"(0.08829965453524319, 0.0, 0.08950620996642342, 0.09247639241939104, 0.09173902283359818, 0.0, 0.06826344941350267, 0.0, 0.0, 0.0)",321
15628,41,20,8,"(0.08829965453524319, 0.0, 0.08580441335762345, 0.09247639241939104, 0.09173902283359818, 0.0, 0.06826344941350267, 0.0, 0.0, 0.0)",1
15629,41,20,8,"(0.08829965453524319, 0.0, 0.09200232690020851, 0.09247639241939104, 0.09173902283359818, 0.0, 0.06826344941350267, 0.0, 0.0, 0.0)",1
15630,41,20,11,"(0.09033430006888621, 0.10597528400234175, 0.0, 0.0, 0.0, 0.04636380998850504, 0.0, 0.09523546217639671, 0.0, 0.031051048610206557)",1
15631,41,20,11,"(0.09033430006888621, 0.14970886995698662, 0.0, 0.0, 0.0, 0.04688669779969397, 0.0, 0.09523546217639671, 0.0, 0.031051048610206557)",404
15632,41,20,11,"(0.13391592917787415, 0.12735687522983868, 0.0, 0.0, 0.0, 0.06392454459029313, 0.0, 0.09523546217639671, 0.0, 0.031051048610206557)",5
15633,41,20,11,"(0.09033430006888621, 0.14970886995698662, 0.0, 0.0, 0.0, 0.04688669779969397, 0.0, 0.03479839086198922, 0.0, 0.023521742198698514)",1
15634,41,20,11,"(0.09033430006888621, 0.08938111617538103, 0.0, 0.0, 0.0, 0.04688669779969397, 0.0, 0.09523546217639671, 0.0, 0.031051048610206557)",4
15635,41,20,11,"(0.09033430006888621, 0.14970886995698662, 0.0, 0.0, 0.0, 0.04688669779969397, 0.0, 0.07851631155931958, 0.0, 0.01812760691895582)",23
15636,41,20,11,"(0.09033430006888621, 0.14970886995698662, 0.0, 0.0, 0.0, 0.04688669779969397, 0.0, 0.09523546217639671, 0.0, 0.022595786666560265)",16
15637,41,20,13,"(0.0, 0.0, 0.11679612853536596, 0.06920069129515957, 0.09172770611919409, 0.07489992963210028, 0.0, 0.0, 0.14899621190854193, 0.0)",193
15638,41,20,13,"(0.0, 0.0, 0.11679612853536596, 0.03852275364640987, 0.09172770611919409, 0.06950187608639942, 0.0, 0.0, 0.14899621190854193, 0.0)",1
15639,42,0,8,"(0.08829965453524319, 0.0, 0.08950620996642342, 0.09247639241939104, 0.09173902283359818, 0.0, 0.06826344941350267, 0.0, 0.0, 0.0)",199
15640,42,0,8,"(0.08829965453524319, 0.0, 0.08950620996642342, 0.08625268268233718, 0.0720102669675542, 0.0, 0.06826344941350267, 0.0, 0.0, 0.0)",1
15641,42,0,8,"(0.08829965453524319, 0.0, 0.1794724563137862, 0.11772406872243138, 0.14286052940661015, 0.0, 0.06826344941350267, 0.0, 0.0, 0.0)",2
15642,42,0,11,"(0.04471354713562356, 0.14970886995698662, 0.0, 0.0, 0.0, 0.04688669779969397, 0.0, 0.09523546217639671, 0.0, 0.031051048610206557)",1
15643,42,0,11,"(0.06719781605794246, 0.14970886995698662, 0.0, 0.0, 0.0, 0.04688669779969397, 0.0, 0.09523546217639671, 0.0, 0.016681460257606875)",3
15644,42,0,11,"(0.05595493401288263, 0.14970886995698662, 0.0, 0.0, 0.0, 0.04688669779969397, 0.0, 0.09523546217639671, 0.0, 0.031051048610206557)",73
15645,42,0,11,"(0.09033430006888621, 0.14970886995698662, 0.0, 0.0, 0.0, 0.04790272170547323, 0.0, 0.09523546217639671, 0.0, 0.031051048610206557)",5
15646,42,0,11,"(0.09033430006888621, 0.14970886995698662, 0.0, 0.0, 0.0, 0.04688669779969397, 0.0, 0.09523546217639671, 0.0, 0.031051048610206557)",494
15647,42,0,11,"(0.09033430006888621, 0.14970886995698662, 0.0, 0.0, 0.0, 0.021985785318469498, 0.0, 0.09523546217639671, 0.0, 0.031051048610206557)",2
15648,42,0,11,"(0.05280248393472404, 0.14970886995698662, 0.0, 0.0, 0.0, 0.04688669779969397, 0.0, 0.09523546217639671, 0.0, 0.031051048610206557)",1
15649,42,0,13,"(0.0, 0.0, 0.11679612853536596, 0.06920069129515957, 0.09172770611919409, 0.07489992963210028, 0.0, 0.0, 0.2586495393654734, 0.0)",8
15650,42,0,13,"(0.0, 0.0, 0.11679612853536596, 0.08563940042617012, 0.09172770611919409, 0.07489992963210028, 0.0, 0.0, 0.14899621190854193, 0.0)",29
15651,42,0,13,"(0.0, 0.0, 0.11679612853536596, 0.06920069129515957, 0.09172770611919409, 0.07489992963210028, 0.0, 0.0, 0.14899621190854193, 0.0)",80
15652,42,0,13,"(0.0, 0.0, 0.11679612853536596, 0.11566245524900162, 0.09172770611919409, 0.07489992963210028, 0.0, 0.0, 0.14899621190854193, 0.0)",50
15653,42,1,8,"(0.08829965453524319, 0.0, 0.08950620996642342, 0.09247639241939104, 0.09173902283359818, 0.0, 0.06826344941350267, 0.0, 0.0, 0.0)",203
15654,42,1,8,"(0.16216251652614685, 0.0, 0.08950620996642342, 0.09247639241939104, 0.09173902283359818, 0.0, 0.06826344941350267, 0.0, 0.0, 0.0)",1
15655,42,1,8,"(0.08829965453524319, 0.0, 0.08950620996642342, 0.17502416781925573, 0.0942941949156442, 0.0, 0.06826344941350267, 0.0, 0.0, 0.0)",30
15656,42,1,11,"(0.05595493401288263, 0.14970886995698662, 0.0, 0.0, 0.0, 0.04688669779969397, 0.0, 0.09523546217639671, 0.0, 0.031051048610206557)",107
15657,42,1,11,"(0.11258321870487677, 0.14970886995698662, 0.0, 0.0, 0.0, 0.04688669779969397, 0.0, 0.09523546217639671, 0.0, 0.031051048610206557)",2
15658,42,1,11,"(0.05595493401288263, 0.14970886995698662, 0.0, 0.0, 0.0, 0.04688669779969397, 0.0, 0.09523546217639671, 0.0, 0.030076473888861175)",3
15659,42,1,11,"(0.09033430006888621, 0.14970886995698662, 0.0, 0.0, 0.0, 0.04688669779969397, 0.0, 0.09523546217639671, 0.0, 0.031051048610206557)",437
15660,42,1,11,"(0.09033430006888621, 0.14970886995698662, 0.0, 0.0, 0.0, 0.04688669779969397, 0.0, 0.09523546217639671, 0.0, 0.01813548144044588)",1
15661,42,1,13,"(0.0, 0.0, 0.11679612853536596, 0.06920069129515957, 0.09172770611919409, 0.07489992963210028, 0.0, 0.0, 0.14899621190854193, 0.0)",96
15662,42,1,13,"(0.0, 0.0, 0.11679612853536596, 0.11881053868174331, 0.09172770611919409, 0.07489992963210028, 0.0, 0.0, 0.18377341732155902, 0.0)",2
15663,42,1,13,"(0.0, 0.0, 0.11679612853536596, 0.06920069129515957, 0.06452949851251892, 0.07489992963210028, 0.0, 0.0, 0.17132309463282863, 0.0)",3
15664,42,1,13,"(0.0, 0.0, 0.11679612853536596, 0.11566245524900162, 0.09172770611919409, 0.07489992963210028, 0.0, 0.0, 0.14899621190854193, 0.0)",53
15665,42,1,13,"(0.0, 0.0, 0.11679612853536596, 0.03686447950775144, 0.09172770611919409, 0.07489992963210028, 0.0, 0.0, 0.14899621190854193, 0.0)",2
15666,42,1,13,"(0.0, 0.0, 0.11679612853536596, 0.1039197656106044, 0.09172770611919409, 0.07489992963210028, 0.0, 0.0, 0.14899621190854193, 0.0)",7
15667,42,1,13,"(0.0, 0.0, 0.0886889596273245, 0.06920069129515957, 0.09172770611919409, 0.07489992963210028, 0.0, 0.0, 0.24669022805184407, 0.0)",4
15668,42,2,8,"(0.14974632313777206, 0.0, 0.08950620996642342, 0.07451563692351923, 0.09173902283359818, 0.0, 0.06826344941350267, 0.0, 0.0, 0.0)",5
15669,42,2,8,"(0.08829965453524319, 0.0, 0.08950620996642342, 0.09247639241939104, 0.09173902283359818, 0.0, 0.06826344941350267, 0.0, 0.0, 0.0)",329
15670,42,2,8,"(0.08829965453524319, 0.0, 0.18246420465503496, 0.09247639241939104, 0.09173902283359818, 0.0, 0.06826344941350267, 0.0, 0.0, 0.0)",1
15671,42,2,11,"(0.09033430006888621, 0.09950731712740148, 0.0, 0.0, 0.0, 0.04688669779969397, 0.0, 0.13635786553969723, 0.0, 0.031051048610206557)",86
15672,42,2,11,"(0.04935593353760253, 0.14970886995698662, 0.0, 0.0, 0.0, 0.04688669779969397, 0.0, 0.09523546217639671, 0.0, 0.031051048610206557)",1
15673,42,2,11,"(0.09272642588880567, 0.14970886995698662, 0.0, 0.0, 0.0, 0.04688669779969397, 0.0, 0.09523546217639671, 0.0, 0.031051048610206557)",1
15674,42,2,11,"(0.040975789983920874, 0.14970886995698662, 0.0, 0.0, 0.0, 0.040574508766695584, 0.0, 0.09523546217639671, 0.0, 0.031051048610206557)",3
15675,42,2,11,"(0.09033430006888621, 0.14970886995698662, 0.0, 0.0, 0.0, 0.04688669779969397, 0.0, 0.15166605961559387, 0.0, 0.031051048610206557)",6
15676,42,2,11,"(0.09033430006888621, 0.2702472396783278, 0.0, 0.0, 0.0, 0.04688669779969397, 0.0, 0.1404119500927739, 0.0, 0.031051048610206557)",1
15677,42,2,11,"(0.05595493401288263, 0.14970886995698662, 0.0, 0.0, 0.0, 0.03597928777069023, 0.0, 0.09523546217639671, 0.0, 0.031051048610206557)",1
15678,42,2,11,"(0.09033430006888621, 0.14970886995698662, 0.0, 0.0, 0.0, 0.04688669779969397, 0.0, 0.09523546217639671, 0.0, 0.031051048610206557)",331
15679,42,2,11,"(0.05595493401288263, 0.14970886995698662, 0.0, 0.0, 0.0, 0.04688669779969397, 0.0, 0.09523546217639671, 0.0, 0.031051048610206557)",85
15680,42,2,13,"(0.0, 0.0, 0.1154145766150033, 0.11566245524900162, 0.09172770611919409, 0.07489992963210028, 0.0, 0.0, 0.14899621190854193, 0.0)",1
15681,42,2,13,"(0.0, 0.0, 0.11679612853536596, 0.06920069129515957, 0.09172770611919409, 0.07489992963210028, 0.0, 0.0, 0.14899621190854193, 0.0)",54
15682,42,2,13,"(0.0, 0.0, 0.11679612853536596, 0.11566245524900162, 0.09172770611919409, 0.07489992963210028, 0.0, 0.0, 0.14899621190854193, 0.0)",91
15683,42,3,8,"(0.03987581326967144, 0.0, 0.08950620996642342, 0.09247639241939104, 0.09173902283359818, 0.0, 0.04926093022121712, 0.0, 0.0, 0.0)",1
15684,42,3,8,"(0.08829965453524319, 0.0, 0.08950620996642342, 0.09247639241939104, 0.08404600220724998, 0.0, 0.06826344941350267, 0.0, 0.0, 0.0)",17
15685,42,3,8,"(0.08829965453524319, 0.0, 0.06089908980452584, 0.09247639241939104, 0.09173902283359818, 0.0, 0.06826344941350267, 0.0, 0.0, 0.0)",2
15686,42,3,8,"(0.08829965453524319, 0.0, 0.08950620996642342, 0.09247639241939104, 0.09779695585146904, 0.0, 0.06826344941350267, 0.0, 0.0, 0.0)",7
15687,42,3,8,"(0.08829965453524319, 0.0, 0.08950620996642342, 0.09247639241939104, 0.09173902283359818, 0.0, 0.056377278081054055, 0.0, 0.0, 0.0)",1
15688,42,3,8,"(0.08829965453524319, 0.0, 0.08950620996642342, 0.09247639241939104, 0.09173902283359818, 0.0, 0.06826344941350267, 0.0, 0.0, 0.0)",321
15689,42,3,11,"(0.09033430006888621, 0.14970886995698662, 0.0, 0.0, 0.0, 0.04688669779969397, 0.0, 0.09523546217639671, 0.0, 0.03350483408643902)",1
15690,42,3,11,"(0.09033430006888621, 0.1366082460122897, 0.0, 0.0, 0.0, 0.04688669779969397, 0.0, 0.09523546217639671, 0.0, 0.031051048610206557)",1
15691,42,3,11,"(0.09033430006888621, 0.14970886995698662, 0.0, 0.0, 0.0, 0.07764879776308563, 0.0, 0.09523546217639671, 0.0, 0.031051048610206557)",1
15692,42,3,11,"(0.09033430006888621, 0.14970886995698662, 0.0, 0.0, 0.0, 0.05492599233111294, 0.0, 0.09523546217639671, 0.0, 0.031051048610206557)",2
15693,42,3,11,"(0.09033430006888621, 0.14970886995698662, 0.0, 0.0, 0.0, 0.04688669779969397, 0.0, 0.09523546217639671, 0.0, 0.01812760691895582)",15
15694,42,3,11,"(0.09033430006888621, 0.14970886995698662, 0.0, 0.0, 0.0, 0.04688669779969397, 0.0, 0.09523546217639671, 0.0, 0.015036087930988321)",2
15695,42,3,11,"(0.09033430006888621, 0.14970886995698662, 0.0, 0.0, 0.0, 0.04688669779969397, 0.0, 0.09523546217639671, 0.0, 0.0371759882962942)",3
15696,42,3,11,"(0.09033430006888621, 0.14970886995698662, 0.0, 0.0, 0.0, 0.04688669779969397, 0.0, 0.09523546217639671, 0.0, 0.031051048610206557)",390
15697,42,3,11,"(0.09033430006888621, 0.07635927473497116, 0.0, 0.0, 0.0, 0.04688669779969397, 0.0, 0.09523546217639671, 0.0, 0.031051048610206557)",2
15698,42,3,11,"(0.05637816109636167, 0.14970886995698662, 0.0, 0.0, 0.0, 0.04688669779969397, 0.0, 0.09523546217639671, 0.0, 0.031051048610206557)",1
15699,42,3,13,"(0.0, 0.0, 0.11356879923527763, 0.08282942912730255, 0.2060534089633427, 0.07489992963210028, 0.0, 0.0, 0.14899621190854193, 0.0)",1
15700,42,3,13,"(0.0, 0.0, 0.11679612853536596, 0.06920069129515957, 0.07612742761030755, 0.05924703509891496, 0.0, 0.0, 0.13213193048633695, 0.0)",1
15701,42,3,13,"(0.0, 0.0, 0.11679612853536596, 0.06920069129515957, 0.09172770611919409, 0.07489992963210028, 0.0, 0.0, 0.14899621190854193, 0.0)",132
15702,42,3,13,"(0.0, 0.0, 0.11679612853536596, 0.06920069129515957, 0.0905063407272949, 0.07489992963210028, 0.0, 0.0, 0.19365202959018474, 0.0)",1
15703,42,3,13,"(0.0, 0.0, 0.11679612853536596, 0.06920069129515957, 0.09172770611919409, 0.07489992963210028, 0.0, 0.0, 0.1662834887392061, 0.0)",32
15704,42,3,13,"(0.0, 0.0, 0.11679612853536596, 0.04271806776247767, 0.09172770611919409, 0.07489992963210028, 0.0, 0.0, 0.14899621190854193, 0.0)",2
15705,42,4,8,"(0.08829965453524319, 0.0, 0.08950620996642342, 0.09247639241939104, 0.09173902283359818, 0.0, 0.06826344941350267, 0.0, 0.0, 0.0)",340
15706,42,4,8,"(0.08829965453524319, 0.0, 0.04352660620562837, 0.09247639241939104, 0.09173902283359818, 0.0, 0.06826344941350267, 0.0, 0.0, 0.0)",1
15707,42,4,8,"(0.08829965453524319, 0.0, 0.08950620996642342, 0.09247639241939104, 0.09173902283359818, 0.0, 0.1301911726170389, 0.0, 0.0, 0.0)",1
15708,42,4,11,"(0.09033430006888621, 0.14970886995698662, 0.0, 0.0, 0.0, 0.04688669779969397, 0.0, 0.09523546217639671, 0.0, 0.031051048610206557)",324
15709,42,4,11,"(0.09033430006888621, 0.14970886995698662, 0.0, 0.0, 0.0, 0.04688669779969397, 0.0, 0.10100161501894438, 0.0, 0.01812760691895582)",1
15710,42,4,11,"(0.09033430006888621, 0.15393470548283575, 0.0, 0.0, 0.0, 0.04688669779969397, 0.0, 0.09523546217639671, 0.0, 0.031051048610206557)",1
15711,42,4,11,"(0.09033430006888621, 0.21071433632937756, 0.0, 0.0, 0.0, 0.03249129437553517, 0.0, 0.09523546217639671, 0.0, 0.031051048610206557)",1
15712,42,4,11,"(0.09033430006888621, 0.14970886995698662, 0.0, 0.0, 0.0, 0.04688669779969397, 0.0, 0.09921305591711238, 0.0, 0.031051048610206557)",1
15713,42,4,11,"(0.09033430006888621, 0.14970886995698662, 0.0, 0.0, 0.0, 0.04688669779969397, 0.0, 0.09523546217639671, 0.0, 0.01812760691895582)",98
15714,42,4,11,"(0.09033430006888621, 0.14970886995698662, 0.0, 0.0, 0.0, 0.060883600917032946, 0.0, 0.09523546217639671, 0.0, 0.01812760691895582)",1
15715,42,4,11,"(0.09033430006888621, 0.07610288089766162, 0.0, 0.0, 0.0, 0.04688669779969397, 0.0, 0.09523546217639671, 0.0, 0.021604721890677393)",1
15716,42,4,11,"(0.09033430006888621, 0.14970886995698662, 0.0, 0.0, 0.0, 0.04688669779969397, 0.0, 0.09523546217639671, 0.0, 0.015262201092225114)",11
15717,42,4,11,"(0.09033430006888621, 0.14970886995698662, 0.0, 0.0, 0.0, 0.04688669779969397, 0.0, 0.0638282124873152, 0.0, 0.031051048610206557)",4
15718,42,4,13,"(0.0, 0.0, 0.11679612853536596, 0.06920069129515957, 0.09172770611919409, 0.07489992963210028, 0.0, 0.0, 0.14899621190854193, 0.0)",97
15719,42,4,13,"(0.0, 0.0, 0.11679612853536596, 0.05429696445617479, 0.09172770611919409, 0.07489992963210028, 0.0, 0.0, 0.14899621190854193, 0.0)",13
15720,42,4,13,"(0.0, 0.0, 0.11679612853536596, 0.07855407967866407, 0.09172770611919409, 0.07489992963210028, 0.0, 0.0, 0.14899621190854193, 0.0)",2
15721,42,4,13,"(0.0, 0.0, 0.11679612853536596, 0.06920069129515957, 0.11849213123337415, 0.07489992963210028, 0.0, 0.0, 0.1662834887392061, 0.0)",1
15722,42,4,13,"(0.0, 0.0, 0.14315212236460428, 0.05429696445617479, 0.09172770611919409, 0.07489992963210028, 0.0, 0.0, 0.14899621190854193, 0.0)",7
15723,42,4,13,"(0.0, 0.0, 0.11679612853536596, 0.06920069129515957, 0.09172770611919409, 0.07489992963210028, 0.0, 0.0, 0.1662834887392061, 0.0)",57
15724,42,5,8,"(0.08829965453524319, 0.0, 0.08950620996642342, 0.09247639241939104, 0.09173902283359818, 0.0, 0.05288484956587802, 0.0, 0.0, 0.0)",2
15725,42,5,8,"(0.10554557909632604, 0.0, 0.08950620996642342, 0.09247639241939104, 0.09173902283359818, 0.0, 0.06826344941350267, 0.0, 0.0, 0.0)",4
15726,42,5,8,"(0.08829965453524319, 0.0, 0.08950620996642342, 0.06976504178907156, 0.09173902283359818, 0.0, 0.06826344941350267, 0.0, 0.0, 0.0)",1
15727,42,5,8,"(0.08829965453524319, 0.0, 0.08950620996642342, 0.09247639241939104, 0.20225847999352592, 0.0, 0.06826344941350267, 0.0, 0.0, 0.0)",1
15728,42,5,8,"(0.08829965453524319, 0.0, 0.08950620996642342, 0.09247639241939104, 0.09779695585146904, 0.0, 0.06826344941350267, 0.0, 0.0, 0.0)",34
15729,42,5,8,"(0.08829965453524319, 0.0, 0.06398577246510805, 0.09247639241939104, 0.09173902283359818, 0.0, 0.06826344941350267, 0.0, 0.0, 0.0)",1
15730,42,5,8,"(0.08829965453524319, 0.0, 0.08950620996642342, 0.09247639241939104, 0.09173902283359818, 0.0, 0.06826344941350267, 0.0, 0.0, 0.0)",283
15731,42,5,8,"(0.08829965453524319, 0.0, 0.09803506514746084, 0.09247639241939104, 0.09173902283359818, 0.0, 0.06826344941350267, 0.0, 0.0, 0.0)",4
15732,42,5,11,"(0.06654417693281346, 0.1568035407487786, 0.0, 0.0, 0.0, 0.04688669779969397, 0.0, 0.09523546217639671, 0.0, 0.04878092346492942)",1
15733,42,5,11,"(0.09033430006888621, 0.13550527338121102, 0.0, 0.0, 0.0, 0.04688669779969397, 0.0, 0.09523546217639671, 0.0, 0.040577139358099285)",1
15734,42,5,11,"(0.09033430006888621, 0.14970886995698662, 0.0, 0.0, 0.0, 0.04688669779969397, 0.0, 0.09523546217639671, 0.0, 0.031051048610206557)",498
15735,42,5,11,"(0.15365366702585928, 0.14970886995698662, 0.0, 0.0, 0.0, 0.04688669779969397, 0.0, 0.09523546217639671, 0.0, 0.031051048610206557)",3
15736,42,5,11,"(0.09033430006888621, 0.10475514666645808, 0.0, 0.0, 0.0, 0.04688669779969397, 0.0, 0.07017356457316716, 0.0, 0.031051048610206557)",2
15737,42,5,11,"(0.09033430006888621, 0.14970886995698662, 0.0, 0.0, 0.0, 0.04688669779969397, 0.0, 0.09523546217639671, 0.0, 0.01812760691895582)",9
15738,42,5,11,"(0.09033430006888621, 0.14970886995698662, 0.0, 0.0, 0.0, 0.03253275170080936, 0.0, 0.09523546217639671, 0.0, 0.031051048610206557)",1
15739,42,5,13,"(0.0, 0.0, 0.11679612853536596, 0.06920069129515957, 0.09172770611919409, 0.07489992963210028, 0.0, 0.0, 0.1662834887392061, 0.0)",46
15740,42,5,13,"(0.0, 0.0, 0.11679612853536596, 0.06920069129515957, 0.09172770611919409, 0.07489992963210028, 0.0, 0.0, 0.14899621190854193, 0.0)",115
15741,42,6,8,"(0.0787483359757557, 0.0, 0.08950620996642342, 0.09247639241939104, 0.09173902283359818, 0.0, 0.06826344941350267, 0.0, 0.0, 0.0)",1
15742,42,6,8,"(0.08829965453524319, 0.0, 0.08950620996642342, 0.09247639241939104, 0.09173902283359818, 0.0, 0.06826344941350267, 0.0, 0.0, 0.0)",359
15743,42,6,8,"(0.08829965453524319, 0.0, 0.08950620996642342, 0.07690225168386469, 0.09173902283359818, 0.0, 0.08524841959537637, 0.0, 0.0, 0.0)",1
15744,42,6,11,"(0.09033430006888621, 0.14970886995698662, 0.0, 0.0, 0.0, 0.04688669779969397, 0.0, 0.09523546217639671, 0.0, 0.031051048610206557)",418
15745,42,6,11,"(0.07922877757035392, 0.14970886995698662, 0.0, 0.0, 0.0, 0.04688669779969397, 0.0, 0.07220315047820627, 0.0, 0.04288440578318889)",12
15746,42,6,11,"(0.046652808084848334, 0.14970886995698662, 0.0, 0.0, 0.0, 0.04688669779969397, 0.0, 0.09523546217639671, 0.0, 0.031051048610206557)",1
15747,42,6,11,"(0.0867746062274317, 0.14970886995698662, 0.0, 0.0, 0.0, 0.039371480152721565, 0.0, 0.09523546217639671, 0.0, 0.031051048610206557)",3
15748,42,6,11,"(0.09033430006888621, 0.14970886995698662, 0.0, 0.0, 0.0, 0.04688669779969397, 0.0, 0.09523546217639671, 0.0, 0.03296854321301969)",1
15749,42,6,11,"(0.09033430006888621, 0.18432777191695296, 0.0, 0.0, 0.0, 0.04494819512567164, 0.0, 0.1402569347840593, 0.0, 0.031051048610206557)",2
15750,42,6,13,"(0.0, 0.0, 0.11679612853536596, 0.06920069129515957, 0.09172770611919409, 0.09588784236480374, 0.0, 0.0, 0.18615644341555096, 0.0)",9
15751,42,6,13,"(0.0, 0.0, 0.11679612853536596, 0.06920069129515957, 0.1677714714558073, 0.07489992963210028, 0.0, 0.0, 0.14899621190854193, 0.0)",30
15752,42,6,13,"(0.0, 0.0, 0.11679612853536596, 0.06920069129515957, 0.09172770611919409, 0.07489992963210028, 0.0, 0.0, 0.14899621190854193, 0.0)",145
15753,42,7,8,"(0.08829965453524319, 0.0, 0.08950620996642342, 0.09247639241939104, 0.09173902283359818, 0.0, 0.06826344941350267, 0.0, 0.0, 0.0)",336
15754,42,7,8,"(0.14968188448946246, 0.0, 0.08950620996642342, 0.09247639241939104, 0.09173902283359818, 0.0, 0.06826344941350267, 0.0, 0.0, 0.0)",3
15755,42,7,8,"(0.08829965453524319, 0.0, 0.08950620996642342, 0.06972650517434112, 0.09173902283359818, 0.0, 0.06826344941350267, 0.0, 0.0, 0.0)",8
15756,42,7,8,"(0.08829965453524319, 0.0, 0.08950620996642342, 0.12211270194505494, 0.09173902283359818, 0.0, 0.06826344941350267, 0.0, 0.0, 0.0)",1
15757,42,7,8,"(0.08101583422804919, 0.0, 0.08950620996642342, 0.09247639241939104, 0.09173902283359818, 0.0, 0.06826344941350267, 0.0, 0.0, 0.0)",1
15758,42,7,11,"(0.09033430006888621, 0.14970886995698662, 0.0, 0.0, 0.0, 0.036721160635533844, 0.0, 0.09523546217639671, 0.0, 0.01600747647480073)",1
15759,42,7,11,"(0.09033430006888621, 0.14970886995698662, 0.0, 0.0, 0.0, 0.04688669779969397, 0.0, 0.09523546217639671, 0.0, 0.031051048610206557)",310
15760,42,7,11,"(0.09033430006888621, 0.14970886995698662, 0.0, 0.0, 0.0, 0.045702339114402045, 0.0, 0.11241108844885146, 0.0, 0.031051048610206557)",38
15761,42,7,11,"(0.09033430006888621, 0.14970886995698662, 0.0, 0.0, 0.0, 0.04688669779969397, 0.0, 0.07851631155931958, 0.0, 0.01812760691895582)",44
15762,42,7,11,"(0.09033430006888621, 0.14970886995698662, 0.0, 0.0, 0.0, 0.046670692632652284, 0.0, 0.09523546217639671, 0.0, 0.05443228356421964)",1
15763,42,7,11,"(0.09033430006888621, 0.0778785318796702, 0.0, 0.0, 0.0, 0.032120783756986925, 0.0, 0.1430260662319615, 0.0, 0.031051048610206557)",1
15764,42,7,13,"(0.0, 0.0, 0.11679612853536596, 0.06920069129515957, 0.09172770611919409, 0.05166792972824143, 0.0, 0.0, 0.09259556774407822, 0.0)",1
15765,42,7,13,"(0.0, 0.0, 0.11679612853536596, 0.06920069129515957, 0.1677714714558073, 0.07489992963210028, 0.0, 0.0, 0.14899621190854193, 0.0)",28
15766,42,7,13,"(0.0, 0.0, 0.12984445133934502, 0.06920069129515957, 0.09172770611919409, 0.07489992963210028, 0.0, 0.0, 0.14899621190854193, 0.0)",6
15767,42,7,13,"(0.0, 0.0, 0.11679612853536596, 0.06920069129515957, 0.09172770611919409, 0.07489992963210028, 0.0, 0.0, 0.14899621190854193, 0.0)",139
15768,42,8,8,"(0.08829965453524319, 0.0, 0.08950620996642342, 0.11470423749509885, 0.09173902283359818, 0.0, 0.06826344941350267, 0.0, 0.0, 0.0)",2
15769,42,8,8,"(0.08829965453524319, 0.0, 0.11200326577202598, 0.09247639241939104, 0.08103681448646105, 0.0, 0.06826344941350267, 0.0, 0.0, 0.0)",2
15770,42,8,8,"(0.1350241561815618, 0.0, 0.08950620996642342, 0.09247639241939104, 0.09173902283359818, 0.0, 0.06826344941350267, 0.0, 0.0, 0.0)",3
15771,42,8,8,"(0.08829965453524319, 0.0, 0.03954252613683094, 0.09247639241939104, 0.09173902283359818, 0.0, 0.06826344941350267, 0.0, 0.0, 0.0)",3
15772,42,8,8,"(0.09811589034266842, 0.0, 0.08950620996642342, 0.11359296368262713, 0.09173902283359818, 0.0, 0.06826344941350267, 0.0, 0.0, 0.0)",1
15773,42,8,8,"(0.08829965453524319, 0.0, 0.08950620996642342, 0.09247639241939104, 0.09173902283359818, 0.0, 0.06826344941350267, 0.0, 0.0, 0.0)",287
15774,42,8,11,"(0.09033430006888621, 0.2957112918203267, 0.0, 0.0, 0.0, 0.04688669779969397, 0.0, 0.07851631155931958, 0.0, 0.01812760691895582)",1
15775,42,8,11,"(0.09033430006888621, 0.14970886995698662, 0.0, 0.0, 0.0, 0.04688669779969397, 0.0, 0.07851631155931958, 0.0, 0.021142089004491244)",1
15776,42,8,11,"(0.07719355708538195, 0.15267464619617896, 0.0, 0.0, 0.0, 0.04688669779969397, 0.0, 0.09523546217639671, 0.0, 0.031051048610206557)",2
15777,42,8,11,"(0.09033430006888621, 0.14970886995698662, 0.0, 0.0, 0.0, 0.04688669779969397, 0.0, 0.09523546217639671, 0.0, 0.031051048610206557)",425
15778,42,8,11,"(0.09033430006888621, 0.14970886995698662, 0.0, 0.0, 0.0, 0.15119533639912291, 0.0, 0.09523546217639671, 0.0, 0.031051048610206557)",1
15779,42,8,11,"(0.09033430006888621, 0.14970886995698662, 0.0, 0.0, 0.0, 0.04688669779969397, 0.0, 0.07851631155931958, 0.0, 0.01812760691895582)",120
15780,42,8,11,"(0.09033430006888621, 0.14970886995698662, 0.0, 0.0, 0.0, 0.04688669779969397, 0.0, 0.07797470177148405, 0.0, 0.031051048610206557)",1
15781,42,8,11,"(0.09033430006888621, 0.14970886995698662, 0.0, 0.0, 0.0, 0.04688669779969397, 0.0, 0.07341865176498294, 0.0, 0.031051048610206557)",2
15782,42,8,11,"(0.09033430006888621, 0.14970886995698662, 0.0, 0.0, 0.0, 0.04688669779969397, 0.0, 0.0806349464921892, 0.0, 0.031051048610206557)",2
15783,42,8,11,"(0.12899772746559243, 0.14970886995698662, 0.0, 0.0, 0.0, 0.08149066223236942, 0.0, 0.09523546217639671, 0.0, 0.031051048610206557)",1
15784,42,8,13,"(0.0, 0.0, 0.11679612853536596, 0.06920069129515957, 0.09172770611919409, 0.07489992963210028, 0.0, 0.0, 0.07121332579798037, 0.0)",1
15785,42,8,13,"(0.0, 0.0, 0.11679612853536596, 0.06920069129515957, 0.1677714714558073, 0.07489992963210028, 0.0, 0.0, 0.14899621190854193, 0.0)",11
15786,42,8,13,"(0.0, 0.0, 0.11679612853536596, 0.06920069129515957, 0.09172770611919409, 0.07489992963210028, 0.0, 0.0, 0.14899621190854193, 0.0)",150
15787,42,8,13,"(0.0, 0.0, 0.11679612853536596, 0.06920069129515957, 0.09172770611919409, 0.07489992963210028, 0.0, 0.0, 0.16315549764195453, 0.0)",1
15788,42,8,13,"(0.0, 0.0, 0.11679612853536596, 0.07749149449329631, 0.09172770611919409, 0.07489992963210028, 0.0, 0.0, 0.14899621190854193, 0.0)",5
15789,42,9,8,"(0.07240334322293841, 0.0, 0.08950620996642342, 0.09247639241939104, 0.09173902283359818, 0.0, 0.06826344941350267, 0.0, 0.0, 0.0)",7
15790,42,9,8,"(0.08582315920243747, 0.0, 0.08950620996642342, 0.09247639241939104, 0.09173902283359818, 0.0, 0.06826344941350267, 0.0, 0.0, 0.0)",1
15791,42,9,8,"(0.08829965453524319, 0.0, 0.08950620996642342, 0.09247639241939104, 0.09173902283359818, 0.0, 0.06826344941350267, 0.0, 0.0, 0.0)",325
15792,42,9,8,"(0.08829965453524319, 0.0, 0.08950620996642342, 0.09829480623476806, 0.09173902283359818, 0.0, 0.06826344941350267, 0.0, 0.0, 0.0)",3
15793,42,9,11,"(0.09033430006888621, 0.14970886995698662, 0.0, 0.0, 0.0, 0.04281407067328117, 0.0, 0.09523546217639671, 0.0, 0.01812760691895582)",133
15794,42,9,11,"(0.10148927048751456, 0.23323670623298579, 0.0, 0.0, 0.0, 0.04688669779969397, 0.0, 0.09523546217639671, 0.0, 0.031051048610206557)",1
15795,42,9,11,"(0.0535664967394208, 0.14970886995698662, 0.0, 0.0, 0.0, 0.04281407067328117, 0.0, 0.09523546217639671, 0.0, 0.01812760691895582)",22
15796,42,9,11,"(0.09033430006888621, 0.14970886995698662, 0.0, 0.0, 0.0, 0.04688669779969397, 0.0, 0.09523546217639671, 0.0, 0.031051048610206557)",204
15797,42,9,11,"(0.09033430006888621, 0.14970886995698662, 0.0, 0.0, 0.0, 0.045934893798372324, 0.0, 0.09523546217639671, 0.0, 0.01812760691895582)",3
15798,42,9,11,"(0.05595493401288263, 0.14970886995698662, 0.0, 0.0, 0.0, 0.06375502554558847, 0.0, 0.09523546217639671, 0.0, 0.031051048610206557)",1
15799,42,9,11,"(0.05595493401288263, 0.14970886995698662, 0.0, 0.0, 0.0, 0.04688669779969397, 0.0, 0.09523546217639671, 0.0, 0.031051048610206557)",66
15800,42,9,13,"(0.0, 0.0, 0.11679612853536596, 0.08450146653387244, 0.09172770611919409, 0.07489992963210028, 0.0, 0.0, 0.14899621190854193, 0.0)",47
15801,42,9,13,"(0.0, 0.0, 0.11679612853536596, 0.06920069129515957, 0.09172770611919409, 0.07489992963210028, 0.0, 0.0, 0.14899621190854193, 0.0)",136
15802,42,10,8,"(0.08829965453524319, 0.0, 0.08950620996642342, 0.09247639241939104, 0.09173902283359818, 0.0, 0.06826344941350267, 0.0, 0.0, 0.0)",323
15803,42,10,8,"(0.08829965453524319, 0.0, 0.07915412293620143, 0.09247639241939104, 0.09173902283359818, 0.0, 0.07009999886550095, 0.0, 0.0, 0.0)",2
15804,42,10,8,"(0.199073087129698, 0.0, 0.08950620996642342, 0.09247639241939104, 0.09173902283359818, 0.0, 0.06826344941350267, 0.0, 0.0, 0.0)",3
15805,42,10,11,"(0.09033430006888621, 0.14970886995698662, 0.0, 0.0, 0.0, 0.04688669779969397, 0.0, 0.09523546217639671, 0.0, 0.031051048610206557)",150
15806,42,10,11,"(0.05595493401288263, 0.14970886995698662, 0.0, 0.0, 0.0, 0.04688669779969397, 0.0, 0.09523546217639671, 0.0, 0.031051048610206557)",125
15807,42,10,11,"(0.09033430006888621, 0.14970886995698662, 0.0, 0.0, 0.0, 0.045934893798372324, 0.0, 0.09523546217639671, 0.0, 0.01812760691895582)",39
15808,42,10,11,"(0.09033430006888621, 0.14970886995698662, 0.0, 0.0, 0.0, 0.04688669779969397, 0.0, 0.09523546217639671, 0.0, 0.02488693906283154)",1
15809,42,10,11,"(0.09033430006888621, 0.14970886995698662, 0.0, 0.0, 0.0, 0.07783336927060625, 0.0, 0.09523546217639671, 0.0, 0.01812760691895582)",1
15810,42,10,11,"(0.09033430006888621, 0.14970886995698662, 0.0, 0.0, 0.0, 0.04688669779969397, 0.0, 0.17282947136782623, 0.0, 0.03309358875581608)",5
15811,42,10,11,"(0.09033430006888621, 0.20073979948038356, 0.0, 0.0, 0.0, 0.04688669779969397, 0.0, 0.09523546217639671, 0.0, 0.031051048610206557)",1
15812,42,10,11,"(0.05595493401288263, 0.14970886995698662, 0.0, 0.0, 0.0, 0.04688669779969397, 0.0, 0.09523546217639671, 0.0, 0.03906321670701822)",1
15813,42,10,11,"(0.05595493401288263, 0.14970886995698662, 0.0, 0.0, 0.0, 0.018595288339475647, 0.0, 0.09523546217639671, 0.0, 0.031051048610206557)",2
15814,42,10,11,"(0.05595493401288263, 0.08588658740478036, 0.0, 0.0, 0.0, 0.04688669779969397, 0.0, 0.09523546217639671, 0.0, 0.031051048610206557)",127
15815,42,10,11,"(0.05595493401288263, 0.07549233584648075, 0.0, 0.0, 0.0, 0.04688669779969397, 0.0, 0.09523546217639671, 0.0, 0.031051048610206557)",1
15816,42,10,11,"(0.0535664967394208, 0.14970886995698662, 0.0, 0.0, 0.0, 0.04281407067328117, 0.0, 0.09523546217639671, 0.0, 0.01812760691895582)",1
15817,42,10,11,"(0.09033430006888621, 0.14970886995698662, 0.0, 0.0, 0.0, 0.04281407067328117, 0.0, 0.09523546217639671, 0.0, 0.01812760691895582)",11
15818,42,10,13,"(0.0, 0.0, 0.11679612853536596, 0.08450146653387244, 0.09172770611919409, 0.07489992963210028, 0.0, 0.0, 0.14899621190854193, 0.0)",150
15819,42,10,13,"(0.0, 0.0, 0.11679612853536596, 0.08450146653387244, 0.09172770611919409, 0.07489992963210028, 0.0, 0.0, 0.10460753568968056, 0.0)",8
15820,42,10,13,"(0.0, 0.0, 0.11679612853536596, 0.08450146653387244, 0.042727086925197916, 0.07489992963210028, 0.0, 0.0, 0.14899621190854193, 0.0)",3
15821,42,10,13,"(0.0, 0.0, 0.11679612853536596, 0.06920069129515957, 0.09172770611919409, 0.07489992963210028, 0.0, 0.0, 0.14899621190854193, 0.0)",3
15822,42,11,8,"(0.08829965453524319, 0.0, 0.08950620996642342, 0.09247639241939104, 0.059949545114650324, 0.0, 0.06826344941350267, 0.0, 0.0, 0.0)",1
15823,42,11,8,"(0.09441885773519892, 0.0, 0.08950620996642342, 0.09247639241939104, 0.09173902283359818, 0.0, 0.06826344941350267, 0.0, 0.0, 0.0)",1
15824,42,11,8,"(0.08829965453524319, 0.0, 0.12588807848673103, 0.09247639241939104, 0.09173902283359818, 0.0, 0.06826344941350267, 0.0, 0.0, 0.0)",1
15825,42,11,8,"(0.08829965453524319, 0.0, 0.08950620996642342, 0.07986706310610821, 0.09173902283359818, 0.0, 0.06826344941350267, 0.0, 0.0, 0.0)",1
15826,42,11,8,"(0.05811090188823773, 0.0, 0.08950620996642342, 0.09247639241939104, 0.09173902283359818, 0.0, 0.06826344941350267, 0.0, 0.0, 0.0)",1
15827,42,11,8,"(0.08829965453524319, 0.0, 0.08950620996642342, 0.09247639241939104, 0.053926536942382544, 0.0, 0.06826344941350267, 0.0, 0.0, 0.0)",38
15828,42,11,8,"(0.08829965453524319, 0.0, 0.1026540837458474, 0.09247639241939104, 0.09173902283359818, 0.0, 0.06826344941350267, 0.0, 0.0, 0.0)",28
15829,42,11,8,"(0.08829965453524319, 0.0, 0.16181566270205291, 0.09247639241939104, 0.09173902283359818, 0.0, 0.06826344941350267, 0.0, 0.0, 0.0)",4
15830,42,11,8,"(0.08829965453524319, 0.0, 0.1136882219571731, 0.09247639241939104, 0.09173902283359818, 0.0, 0.06826344941350267, 0.0, 0.0, 0.0)",2
15831,42,11,8,"(0.08829965453524319, 0.0, 0.10212317003175475, 0.09247639241939104, 0.053926536942382544, 0.0, 0.06826344941350267, 0.0, 0.0, 0.0)",72
15832,42,11,8,"(0.08319196953919461, 0.0, 0.08950620996642342, 0.09247639241939104, 0.09173902283359818, 0.0, 0.06826344941350267, 0.0, 0.0, 0.0)",2
15833,42,11,8,"(0.08829965453524319, 0.0, 0.08950620996642342, 0.09247639241939104, 0.09173902283359818, 0.0, 0.06826344941350267, 0.0, 0.0, 0.0)",177
15834,42,11,8,"(0.08829965453524319, 0.0, 0.2067143517009034, 0.09837998943258433, 0.09173902283359818, 0.0, 0.06826344941350267, 0.0, 0.0, 0.0)",2
15835,42,11,8,"(0.08829965453524319, 0.0, 0.08950620996642342, 0.08477458678108342, 0.09173902283359818, 0.0, 0.06826344941350267, 0.0, 0.0, 0.0)",1
15836,42,11,11,"(0.09033430006888621, 0.14970886995698662, 0.0, 0.0, 0.0, 0.04281407067328117, 0.0, 0.09523546217639671, 0.0, 0.01812760691895582)",36
15837,42,11,11,"(0.09033430006888621, 0.07514899966389779, 0.0, 0.0, 0.0, 0.04688669779969397, 0.0, 0.09523546217639671, 0.0, 0.031051048610206557)",1
15838,42,11,11,"(0.05595493401288263, 0.14970886995698662, 0.0, 0.0, 0.0, 0.04688669779969397, 0.0, 0.09523546217639671, 0.0, 0.031051048610206557)",136
15839,42,11,11,"(0.05595493401288263, 0.14970886995698662, 0.0, 0.0, 0.0, 0.049768462018301374, 0.0, 0.09523546217639671, 0.0, 0.031051048610206557)",1
15840,42,11,11,"(0.05595493401288263, 0.14970886995698662, 0.0, 0.0, 0.0, 0.04688669779969397, 0.0, 0.08442325445179935, 0.0, 0.031051048610206557)",1
15841,42,11,11,"(0.09033430006888621, 0.14970886995698662, 0.0, 0.0, 0.0, 0.045934893798372324, 0.0, 0.09523546217639671, 0.0, 0.01812760691895582)",1
15842,42,11,11,"(0.09033430006888621, 0.14970886995698662, 0.0, 0.0, 0.0, 0.04688669779969397, 0.0, 0.0947652945772466, 0.0, 0.031051048610206557)",2
15843,42,11,11,"(0.09033430006888621, 0.14970886995698662, 0.0, 0.0, 0.0, 0.04688669779969397, 0.0, 0.09523546217639671, 0.0, 0.031051048610206557)",316
15844,42,11,11,"(0.09033430006888621, 0.14970886995698662, 0.0, 0.0, 0.0, 0.04688669779969397, 0.0, 0.09523546217639671, 0.0, 0.025084692604981782)",1
15845,42,11,13,"(0.0, 0.0, 0.11679612853536596, 0.1068617321567516, 0.09172770611919409, 0.07489992963210028, 0.0, 0.0, 0.14899621190854193, 0.0)",1
15846,42,11,13,"(0.0, 0.0, 0.11679612853536596, 0.08450146653387244, 0.11983171728684013, 0.04492995022047357, 0.0, 0.0, 0.09600530311127661, 0.0)",1
15847,42,11,13,"(0.0, 0.0, 0.11679612853536596, 0.08450146653387244, 0.09172770611919409, 0.06102377554718671, 0.0, 0.0, 0.14899621190854193, 0.0)",2
15848,42,11,13,"(0.0, 0.0, 0.11679612853536596, 0.08450146653387244, 0.09172770611919409, 0.07489992963210028, 0.0, 0.0, 0.14899621190854193, 0.0)",171
15849,42,11,13,"(0.0, 0.0, 0.11679612853536596, 0.08450146653387244, 0.1105187785563948, 0.07489992963210028, 0.0, 0.0, 0.14899621190854193, 0.0)",1
15850,42,12,8,"(0.08829965453524319, 0.0, 0.08950620996642342, 0.09247639241939104, 0.04856330836809282, 0.0, 0.04957173016097424, 0.0, 0.0, 0.0)",4
15851,42,12,8,"(0.08829965453524319, 0.0, 0.08950620996642342, 0.09247639241939104, 0.09173902283359818, 0.0, 0.06826344941350267, 0.0, 0.0, 0.0)",333
15852,42,12,8,"(0.0884659589684483, 0.0, 0.08950620996642342, 0.09247639241939104, 0.09173902283359818, 0.0, 0.07654796810499831, 0.0, 0.0, 0.0)",2
15853,42,12,11,"(0.09033430006888621, 0.14970886995698662, 0.0, 0.0, 0.0, 0.04688669779969397, 0.0, 0.07851631155931958, 0.0, 0.01812760691895582)",36
15854,42,12,11,"(0.09033430006888621, 0.14970886995698662, 0.0, 0.0, 0.0, 0.04688669779969397, 0.0, 0.09523546217639671, 0.0, 0.031051048610206557)",245
15855,42,12,11,"(0.09033430006888621, 0.14970886995698662, 0.0, 0.0, 0.0, 0.09102140971487568, 0.0, 0.09523546217639671, 0.0, 0.031051048610206557)",6
15856,42,12,11,"(0.05595493401288263, 0.14970886995698662, 0.0, 0.0, 0.0, 0.04688669779969397, 0.0, 0.09523546217639671, 0.0, 0.031051048610206557)",97
15857,42,12,11,"(0.09033430006888621, 0.14970886995698662, 0.0, 0.0, 0.0, 0.04688669779969397, 0.0, 0.15059096484422974, 0.0, 0.031051048610206557)",3
15858,42,12,13,"(0.0, 0.0, 0.05648096598684541, 0.06920069129515957, 0.07001420906834491, 0.08705682764085537, 0.0, 0.0, 0.2712500529223661, 0.0)",1
15859,42,12,13,"(0.0, 0.0, 0.08630991723178144, 0.06920069129515957, 0.09172770611919409, 0.07489992963210028, 0.0, 0.0, 0.14899621190854193, 0.0)",1
15860,42,12,13,"(0.0, 0.0, 0.11679612853536596, 0.06920069129515957, 0.09172770611919409, 0.07489992963210028, 0.0, 0.0, 0.08065516921158901, 0.0)",8
15861,42,12,13,"(0.0, 0.0, 0.11679612853536596, 0.06920069129515957, 0.13293413437113452, 0.07489992963210028, 0.0, 0.0, 0.14899621190854193, 0.0)",15
15862,42,12,13,"(0.0, 0.0, 0.11679612853536596, 0.06920069129515957, 0.09172770611919409, 0.07489992963210028, 0.0, 0.0, 0.14899621190854193, 0.0)",145
15863,42,13,8,"(0.043860219796072075, 0.0, 0.08950620996642342, 0.09247639241939104, 0.09173902283359818, 0.0, 0.06826344941350267, 0.0, 0.0, 0.0)",1
15864,42,13,8,"(0.08829965453524319, 0.0, 0.08950620996642342, 0.09247639241939104, 0.09173902283359818, 0.0, 0.06826344941350267, 0.0, 0.0, 0.0)",303
15865,42,13,8,"(0.08829965453524319, 0.0, 0.07592217088978274, 0.09247639241939104, 0.04531975322100149, 0.0, 0.06826344941350267, 0.0, 0.0, 0.0)",2
15866,42,13,8,"(0.08829965453524319, 0.0, 0.04923582746315328, 0.09247639241939104, 0.09173902283359818, 0.0, 0.06826344941350267, 0.0, 0.0, 0.0)",27
15867,42,13,8,"(0.08829965453524319, 0.0, 0.04923582746315328, 0.07984250316250317, 0.09173902283359818, 0.0, 0.06826344941350267, 0.0, 0.0, 0.0)",1
15868,42,13,8,"(0.08829965453524319, 0.0, 0.08950620996642342, 0.09247639241939104, 0.10730476212844786, 0.0, 0.037934447849955484, 0.0, 0.0, 0.0)",4
15869,42,13,8,"(0.07819532586588278, 0.0, 0.08950620996642342, 0.05061756223794652, 0.03686212439157554, 0.0, 0.06826344941350267, 0.0, 0.0, 0.0)",1
15870,42,13,11,"(0.09033430006888621, 0.14970886995698662, 0.0, 0.0, 0.0, 0.04547873531429234, 0.0, 0.07851631155931958, 0.0, 0.01812760691895582)",1
15871,42,13,11,"(0.09033430006888621, 0.14970886995698662, 0.0, 0.0, 0.0, 0.044414611917448964, 0.0, 0.09523546217639671, 0.0, 0.031051048610206557)",1
15872,42,13,11,"(0.03922932639784729, 0.14970886995698662, 0.0, 0.0, 0.0, 0.04688669779969397, 0.0, 0.08621845168209495, 0.0, 0.031051048610206557)",1
15873,42,13,11,"(0.09033430006888621, 0.14970886995698662, 0.0, 0.0, 0.0, 0.04688669779969397, 0.0, 0.06604081593845178, 0.0, 0.031051048610206557)",1
15874,42,13,11,"(0.09033430006888621, 0.14970886995698662, 0.0, 0.0, 0.0, 0.04688669779969397, 0.0, 0.09523546217639671, 0.0, 0.031051048610206557)",398
15875,42,13,11,"(0.09033430006888621, 0.14970886995698662, 0.0, 0.0, 0.0, 0.04688669779969397, 0.0, 0.07851631155931958, 0.0, 0.01812760691895582)",50
15876,42,13,11,"(0.09033430006888621, 0.1704449082380447, 0.0, 0.0, 0.0, 0.04688669779969397, 0.0, 0.09523546217639671, 0.0, 0.031051048610206557)",2
15877,42,13,11,"(0.09033430006888621, 0.11696487240757159, 0.0, 0.0, 0.0, 0.04688669779969397, 0.0, 0.10224071055520714, 0.0, 0.031051048610206557)",1
15878,42,13,11,"(0.09033430006888621, 0.14970886995698662, 0.0, 0.0, 0.0, 0.04335592468610189, 0.0, 0.09523546217639671, 0.0, 0.031051048610206557)",1
15879,42,13,11,"(0.05595493401288263, 0.14970886995698662, 0.0, 0.0, 0.0, 0.04688669779969397, 0.0, 0.09523546217639671, 0.0, 0.031051048610206557)",67
15880,42,13,11,"(0.09033430006888621, 0.14970886995698662, 0.0, 0.0, 0.0, 0.04688669779969397, 0.0, 0.09523546217639671, 0.0, 0.04991822852863671)",1
15881,42,13,11,"(0.09033430006888621, 0.14970886995698662, 0.0, 0.0, 0.0, 0.04167312572891479, 0.0, 0.09523546217639671, 0.0, 0.027092432806265217)",1
15882,42,13,11,"(0.18853181158363921, 0.14970886995698662, 0.0, 0.0, 0.0, 0.04688669779969397, 0.0, 0.09233147425327844, 0.0, 0.031051048610206557)",1
15883,42,13,13,"(0.0, 0.0, 0.11679612853536596, 0.06920069129515957, 0.09172770611919409, 0.07489992963210028, 0.0, 0.0, 0.14899621190854193, 0.0)",171
15884,42,14,8,"(0.08829965453524319, 0.0, 0.08950620996642342, 0.09247639241939104, 0.09173902283359818, 0.0, 0.06288396755699975, 0.0, 0.0, 0.0)",1
15885,42,14,8,"(0.13619943566551307, 0.0, 0.08950620996642342, 0.09247639241939104, 0.06568785805408313, 0.0, 0.06826344941350267, 0.0, 0.0, 0.0)",2
15886,42,14,8,"(0.08829965453524319, 0.0, 0.032688955894459824, 0.12703843950538787, 0.09173902283359818, 0.0, 0.06826344941350267, 0.0, 0.0, 0.0)",35
15887,42,14,8,"(0.08829965453524319, 0.0, 0.04923582746315328, 0.09247639241939104, 0.09173902283359818, 0.0, 0.06826344941350267, 0.0, 0.0, 0.0)",5
15888,42,14,8,"(0.08829965453524319, 0.0, 0.08950620996642342, 0.09247639241939104, 0.09173902283359818, 0.0, 0.06826344941350267, 0.0, 0.0, 0.0)",290
15889,42,14,8,"(0.08829965453524319, 0.0, 0.08950620996642342, 0.12826352379836742, 0.09173902283359818, 0.0, 0.06826344941350267, 0.0, 0.0, 0.0)",5
15890,42,14,11,"(0.09033430006888621, 0.14970886995698662, 0.0, 0.0, 0.0, 0.04688669779969397, 0.0, 0.09523546217639671, 0.0, 0.06870066078305449)",1
15891,42,14,11,"(0.09033430006888621, 0.14970886995698662, 0.0, 0.0, 0.0, 0.04688669779969397, 0.0, 0.09523546217639671, 0.0, 0.031051048610206557)",272
15892,42,14,11,"(0.1119830215535397, 0.14970886995698662, 0.0, 0.0, 0.0, 0.028861956370961415, 0.0, 0.09523546217639671, 0.0, 0.031051048610206557)",3
15893,42,14,11,"(0.09033430006888621, 0.14970886995698662, 0.0, 0.0, 0.0, 0.04688669779969397, 0.0, 0.07851631155931958, 0.0, 0.01812760691895582)",15
15894,42,14,11,"(0.09033430006888621, 0.13665385943240835, 0.0, 0.0, 0.0, 0.04688669779969397, 0.0, 0.09523546217639671, 0.0, 0.031051048610206557)",1
15895,42,14,11,"(0.05595493401288263, 0.14970886995698662, 0.0, 0.0, 0.0, 0.04688669779969397, 0.0, 0.09523546217639671, 0.0, 0.031051048610206557)",117
15896,42,14,11,"(0.09033430006888621, 0.22507096008099034, 0.0, 0.0, 0.0, 0.04688669779969397, 0.0, 0.09523546217639671, 0.0, 0.031051048610206557)",1
15897,42,14,11,"(0.09033430006888621, 0.3629014685453417, 0.0, 0.0, 0.0, 0.05088782377618686, 0.0, 0.2681973517701102, 0.0, 0.031051048610206557)",2
15898,42,14,11,"(0.09033430006888621, 0.14970886995698662, 0.0, 0.0, 0.0, 0.07081245413344026, 0.0, 0.09523546217639671, 0.0, 0.031051048610206557)",1
15899,42,14,13,"(0.0, 0.0, 0.2963670400056317, 0.06920069129515957, 0.09172770611919409, 0.07489992963210028, 0.0, 0.0, 0.14899621190854193, 0.0)",1
15900,42,14,13,"(0.0, 0.0, 0.11679612853536596, 0.06920069129515957, 0.07817924190141823, 0.07489992963210028, 0.0, 0.0, 0.14899621190854193, 0.0)",1
15901,42,14,13,"(0.0, 0.0, 0.11679612853536596, 0.06920069129515957, 0.09172770611919409, 0.07489992963210028, 0.0, 0.0, 0.14899621190854193, 0.0)",162
15902,42,15,8,"(0.08829965453524319, 0.0, 0.08950620996642342, 0.09247639241939104, 0.09173902283359818, 0.0, 0.06826344941350267, 0.0, 0.0, 0.0)",305
15903,42,15,8,"(0.08829965453524319, 0.0, 0.08731225647801286, 0.09247639241939104, 0.09173902283359818, 0.0, 0.06826344941350267, 0.0, 0.0, 0.0)",4
15904,42,15,11,"(0.09033430006888621, 0.14970886995698662, 0.0, 0.0, 0.0, 0.04688669779969397, 0.0, 0.09523546217639671, 0.0, 0.031051048610206557)",344
15905,42,15,11,"(0.09033430006888621, 0.14970886995698662, 0.0, 0.0, 0.0, 0.04688669779969397, 0.0, 0.07851631155931958, 0.0, 0.014681752262819908)",4
15906,42,15,11,"(0.09033430006888621, 0.14970886995698662, 0.0, 0.0, 0.0, 0.04688669779969397, 0.0, 0.09523546217639671, 0.0, 0.02384164417148185)",2
15907,42,15,11,"(0.09033430006888621, 0.14970886995698662, 0.0, 0.0, 0.0, 0.04688669779969397, 0.0, 0.07851631155931958, 0.0, 0.01812760691895582)",122
15908,42,15,11,"(0.09033430006888621, 0.14970886995698662, 0.0, 0.0, 0.0, 0.027476791921149633, 0.0, 0.09523546217639671, 0.0, 0.031051048610206557)",13
15909,42,15,11,"(0.028438973080462226, 0.14970886995698662, 0.0, 0.0, 0.0, 0.04987852493139618, 0.0, 0.07851631155931958, 0.0, 0.024430250840676775)",1
15910,42,15,11,"(0.09033430006888621, 0.12647118275902305, 0.0, 0.0, 0.0, 0.04688669779969397, 0.0, 0.07851631155931958, 0.0, 0.01812760691895582)",1
15911,42,15,11,"(0.09033430006888621, 0.14970886995698662, 0.0, 0.0, 0.0, 0.036364439471862894, 0.0, 0.09523546217639671, 0.0, 0.031051048610206557)",2
15912,42,15,11,"(0.09033430006888621, 0.14970886995698662, 0.0, 0.0, 0.0, 0.027527142021739944, 0.0, 0.17086201303355347, 0.0, 0.031051048610206557)",1
15913,42,15,13,"(0.0, 0.0, 0.11679612853536596, 0.06920069129515957, 0.09172770611919409, 0.07489992963210028, 0.0, 0.0, 0.14899621190854193, 0.0)",150
15914,42,15,13,"(0.0, 0.0, 0.11679612853536596, 0.06920069129515957, 0.1232148122663174, 0.07489992963210028, 0.0, 0.0, 0.20117716659240953, 0.0)",2
15915,42,15,13,"(0.0, 0.0, 0.11679612853536596, 0.14743263906453524, 0.09172770611919409, 0.07489992963210028, 0.0, 0.0, 0.14899621190854193, 0.0)",1
15916,42,16,8,"(0.08829965453524319, 0.0, 0.08950620996642342, 0.09247639241939104, 0.09477781346883431, 0.0, 0.041414611980921355, 0.0, 0.0, 0.0)",1
15917,42,16,8,"(0.08829965453524319, 0.0, 0.08950620996642342, 0.09247639241939104, 0.09173902283359818, 0.0, 0.05979578493821285, 0.0, 0.0, 0.0)",2
15918,42,16,8,"(0.08829965453524319, 0.0, 0.08950620996642342, 0.09247639241939104, 0.07258831882300379, 0.0, 0.06826344941350267, 0.0, 0.0, 0.0)",2
15919,42,16,8,"(0.08829965453524319, 0.0, 0.08950620996642342, 0.09247639241939104, 0.09173902283359818, 0.0, 0.06826344941350267, 0.0, 0.0, 0.0)",319
15920,42,16,8,"(0.08829965453524319, 0.0, 0.07501378378547952, 0.09247639241939104, 0.09173902283359818, 0.0, 0.06826344941350267, 0.0, 0.0, 0.0)",3
15921,42,16,8,"(0.08627785382022593, 0.0, 0.08950620996642342, 0.09247639241939104, 0.09173902283359818, 0.0, 0.06826344941350267, 0.0, 0.0, 0.0)",1
15922,42,16,8,"(0.04114625043296843, 0.0, 0.08950620996642342, 0.09247639241939104, 0.09173902283359818, 0.0, 0.06826344941350267, 0.0, 0.0, 0.0)",2
15923,42,16,11,"(0.09033430006888621, 0.14970886995698662, 0.0, 0.0, 0.0, 0.03372441919654007, 0.0, 0.09523546217639671, 0.0, 0.04713870251773707)",1
15924,42,16,11,"(0.09033430006888621, 0.14970886995698662, 0.0, 0.0, 0.0, 0.04688669779969397, 0.0, 0.07851631155931958, 0.0, 0.01812760691895582)",51
15925,42,16,11,"(0.09033430006888621, 0.14970886995698662, 0.0, 0.0, 0.0, 0.04688669779969397, 0.0, 0.09523546217639671, 0.0, 0.031051048610206557)",348
15926,42,16,11,"(0.09033430006888621, 0.14970886995698662, 0.0, 0.0, 0.0, 0.027476791921149633, 0.0, 0.07321613865788815, 0.0, 0.031051048610206557)",15
15927,42,16,11,"(0.09033430006888621, 0.14970886995698662, 0.0, 0.0, 0.0, 0.03691684486595684, 0.0, 0.09523546217639671, 0.0, 0.031051048610206557)",1
15928,42,16,11,"(0.09033430006888621, 0.1487848778491625, 0.0, 0.0, 0.0, 0.04688669779969397, 0.0, 0.09523546217639671, 0.0, 0.031051048610206557)",1
15929,42,16,11,"(0.09033430006888621, 0.14970886995698662, 0.0, 0.0, 0.0, 0.04688669779969397, 0.0, 0.0557671567052974, 0.0, 0.04428691693114604)",1
15930,42,16,11,"(0.09033430006888621, 0.14970886995698662, 0.0, 0.0, 0.0, 0.04688669779969397, 0.0, 0.15232675102474164, 0.0, 0.031051048610206557)",3
15931,42,16,11,"(0.09033430006888621, 0.14970886995698662, 0.0, 0.0, 0.0, 0.04688669779969397, 0.0, 0.14328717629293197, 0.0, 0.031051048610206557)",1
15932,42,16,11,"(0.09033430006888621, 0.14970886995698662, 0.0, 0.0, 0.0, 0.027476791921149633, 0.0, 0.09523546217639671, 0.0, 0.031051048610206557)",22
15933,42,16,11,"(0.09033430006888621, 0.14970886995698662, 0.0, 0.0, 0.0, 0.02530621506716302, 0.0, 0.07851631155931958, 0.0, 0.01812760691895582)",2
15934,42,16,13,"(0.0, 0.0, 0.11679612853536596, 0.06920069129515957, 0.09172770611919409, 0.07489992963210028, 0.0, 0.0, 0.14899621190854193, 0.0)",174
15935,42,16,13,"(0.0, 0.0, 0.11679612853536596, 0.06920069129515957, 0.09172770611919409, 0.07489992963210028, 0.0, 0.0, 0.12357950008299778, 0.0)",1
15936,42,17,8,"(0.08829965453524319, 0.0, 0.08950620996642342, 0.09247639241939104, 0.1472780013896589, 0.0, 0.06826344941350267, 0.0, 0.0, 0.0)",1
15937,42,17,8,"(0.08829965453524319, 0.0, 0.08950620996642342, 0.09247639241939104, 0.13036864433611992, 0.0, 0.06826344941350267, 0.0, 0.0, 0.0)",2
15938,42,17,8,"(0.08829965453524319, 0.0, 0.08950620996642342, 0.09247639241939104, 0.09173902283359818, 0.0, 0.049519653866253385, 0.0, 0.0, 0.0)",7
15939,42,17,8,"(0.044291837108667485, 0.0, 0.0488970996255212, 0.09247639241939104, 0.09173902283359818, 0.0, 0.06826344941350267, 0.0, 0.0, 0.0)",2
15940,42,17,8,"(0.08829965453524319, 0.0, 0.07425969651089348, 0.09247639241939104, 0.09173902283359818, 0.0, 0.06826344941350267, 0.0, 0.0, 0.0)",1
15941,42,17,8,"(0.08829965453524319, 0.0, 0.1051023677956591, 0.09247639241939104, 0.09173902283359818, 0.0, 0.06814187972956216, 0.0, 0.0, 0.0)",1
15942,42,17,8,"(0.08829965453524319, 0.0, 0.08950620996642342, 0.09247639241939104, 0.14866675807882113, 0.0, 0.06826344941350267, 0.0, 0.0, 0.0)",1
15943,42,17,8,"(0.08829965453524319, 0.0, 0.08950620996642342, 0.09166560923420565, 0.11871359833717184, 0.0, 0.048508743009245285, 0.0, 0.0, 0.0)",2
15944,42,17,8,"(0.08829965453524319, 0.0, 0.08950620996642342, 0.09247639241939104, 0.09173902283359818, 0.0, 0.06826344941350267, 0.0, 0.0, 0.0)",309
15945,42,17,11,"(0.13195907414969935, 0.14970886995698662, 0.0, 0.0, 0.0, 0.044395222125938175, 0.0, 0.09523546217639671, 0.0, 0.031051048610206557)",1
15946,42,17,11,"(0.09033430006888621, 0.14970886995698662, 0.0, 0.0, 0.0, 0.027476791921149633, 0.0, 0.06484469767522423, 0.0, 0.031051048610206557)",6
15947,42,17,11,"(0.09033430006888621, 0.14970886995698662, 0.0, 0.0, 0.0, 0.04688669779969397, 0.0, 0.07851631155931958, 0.0, 0.01812760691895582)",105
15948,42,17,11,"(0.09033430006888621, 0.15410813604310233, 0.0, 0.0, 0.0, 0.04688669779969397, 0.0, 0.07851631155931958, 0.0, 0.01812760691895582)",2
15949,42,17,11,"(0.09033430006888621, 0.14970886995698662, 0.0, 0.0, 0.0, 0.04688669779969397, 0.0, 0.09523546217639671, 0.0, 0.031051048610206557)",265
15950,42,17,11,"(0.09033430006888621, 0.14970886995698662, 0.0, 0.0, 0.0, 0.027476791921149633, 0.0, 0.10790379455807225, 0.0, 0.031051048610206557)",1
15951,42,17,11,"(0.09033430006888621, 0.14970886995698662, 0.0, 0.0, 0.0, 0.027476791921149633, 0.0, 0.09523546217639671, 0.0, 0.031051048610206557)",85
15952,42,17,13,"(0.0, 0.0, 0.11679612853536596, 0.06920069129515957, 0.09172770611919409, 0.08243143395309482, 0.0, 0.0, 0.18949515621871665, 0.0)",1
15953,42,17,13,"(0.0, 0.0, 0.11679612853536596, 0.06920069129515957, 0.09172770611919409, 0.07489992963210028, 0.0, 0.0, 0.14899621190854193, 0.0)",147
15954,42,17,13,"(0.0, 0.0, 0.11679612853536596, 0.06920069129515957, 0.09257340479867329, 0.08291739612392585, 0.0, 0.0, 0.14899621190854193, 0.0)",38
15955,42,18,8,"(0.08553576089738105, 0.0, 0.08950620996642342, 0.11347868150756256, 0.09173902283359818, 0.0, 0.06826344941350267, 0.0, 0.0, 0.0)",1
15956,42,18,8,"(0.12083522090722851, 0.0, 0.08950620996642342, 0.09247639241939104, 0.09173902283359818, 0.0, 0.06826344941350267, 0.0, 0.0, 0.0)",2
15957,42,18,8,"(0.08829965453524319, 0.0, 0.08950620996642342, 0.09247639241939104, 0.09173902283359818, 0.0, 0.06826344941350267, 0.0, 0.0, 0.0)",296
15958,42,18,8,"(0.08829965453524319, 0.0, 0.08826586698471535, 0.09247639241939104, 0.09173902283359818, 0.0, 0.06826344941350267, 0.0, 0.0, 0.0)",1
15959,42,18,8,"(0.09257287194080271, 0.0, 0.08950620996642342, 0.09247639241939104, 0.09173902283359818, 0.0, 0.06826344941350267, 0.0, 0.0, 0.0)",1
15960,42,18,8,"(0.08829965453524319, 0.0, 0.08950620996642342, 0.11230511086975388, 0.09173902283359818, 0.0, 0.0633465651495008, 0.0, 0.0, 0.0)",3
15961,42,18,11,"(0.09033430006888621, 0.14970886995698662, 0.0, 0.0, 0.0, 0.028396343190136637, 0.0, 0.09523546217639671, 0.0, 0.031051048610206557)",1
15962,42,18,11,"(0.09033430006888621, 0.14970886995698662, 0.0, 0.0, 0.0, 0.04688669779969397, 0.0, 0.13159745269847184, 0.0, 0.031051048610206557)",11
15963,42,18,11,"(0.09546318251156982, 0.14970886995698662, 0.0, 0.0, 0.0, 0.037572284200646934, 0.0, 0.09523546217639671, 0.0, 0.031051048610206557)",4
15964,42,18,11,"(0.09033430006888621, 0.14970886995698662, 0.0, 0.0, 0.0, 0.04688669779969397, 0.0, 0.07556491409538801, 0.0, 0.031051048610206557)",2
15965,42,18,11,"(0.09033430006888621, 0.14970886995698662, 0.0, 0.0, 0.0, 0.022205677816201155, 0.0, 0.09523546217639671, 0.0, 0.01914521899848342)",1
15966,42,18,11,"(0.09033430006888621, 0.1309644193867885, 0.0, 0.0, 0.0, 0.04688669779969397, 0.0, 0.09523546217639671, 0.0, 0.031051048610206557)",9
15967,42,18,11,"(0.09033430006888621, 0.14970886995698662, 0.0, 0.0, 0.0, 0.04688669779969397, 0.0, 0.14384123018089676, 0.0, 0.031051048610206557)",1
15968,42,18,11,"(0.09033430006888621, 0.14970886995698662, 0.0, 0.0, 0.0, 0.04688669779969397, 0.0, 0.1258891814462773, 0.0, 0.031051048610206557)",1
15969,42,18,11,"(0.09033430006888621, 0.14970886995698662, 0.0, 0.0, 0.0, 0.04688669779969397, 0.0, 0.09523546217639671, 0.0, 0.02295731457363136)",1
15970,42,18,11,"(0.09033430006888621, 0.14970886995698662, 0.0, 0.0, 0.0, 0.04688669779969397, 0.0, 0.14279240975539925, 0.0, 0.031051048610206557)",1
15971,42,18,11,"(0.09033430006888621, 0.14970886995698662, 0.0, 0.0, 0.0, 0.04688669779969397, 0.0, 0.09523546217639671, 0.0, 0.031051048610206557)",516
15972,42,18,11,"(0.15141504642563564, 0.15063154840693535, 0.0, 0.0, 0.0, 0.04688669779969397, 0.0, 0.09523546217639671, 0.0, 0.025896564684457026)",1
15973,42,18,11,"(0.12587626241100378, 0.17143243106017508, 0.0, 0.0, 0.0, 0.04688669779969397, 0.0, 0.09523546217639671, 0.0, 0.031051048610206557)",3
15974,42,18,13,"(0.0, 0.0, 0.11679612853536596, 0.06920069129515957, 0.09172770611919409, 0.07489992963210028, 0.0, 0.0, 0.1694424693495189, 0.0)",66
15975,42,18,13,"(0.0, 0.0, 0.11679612853536596, 0.09014055452103918, 0.09172770611919409, 0.12342461380998773, 0.0, 0.0, 0.14899621190854193, 0.0)",1
15976,42,18,13,"(0.0, 0.0, 0.28194745821318373, 0.06920069129515957, 0.09172770611919409, 0.20301512718791204, 0.0, 0.0, 0.14899621190854193, 0.0)",1
15977,42,18,13,"(0.0, 0.0, 0.11679612853536596, 0.06920069129515957, 0.09172770611919409, 0.07489992963210028, 0.0, 0.0, 0.14899621190854193, 0.0)",103
15978,42,19,8,"(0.08829965453524319, 0.0, 0.08950620996642342, 0.09247639241939104, 0.09173902283359818, 0.0, 0.06826344941350267, 0.0, 0.0, 0.0)",287
15979,42,19,8,"(0.08829965453524319, 0.0, 0.08950620996642342, 0.09247639241939104, 0.09173902283359818, 0.0, 0.046565321839219055, 0.0, 0.0, 0.0)",2
15980,42,19,8,"(0.034610513570087154, 0.0, 0.08950620996642342, 0.07684491685348911, 0.07486696501863106, 0.0, 0.06826344941350267, 0.0, 0.0, 0.0)",2
15981,42,19,8,"(0.08829965453524319, 0.0, 0.0538522847330519, 0.09247639241939104, 0.09173902283359818, 0.0, 0.06826344941350267, 0.0, 0.0, 0.0)",5
15982,42,19,8,"(0.08829965453524319, 0.0, 0.08950620996642342, 0.09247639241939104, 0.09173902283359818, 0.0, 0.027037446171215878, 0.0, 0.0, 0.0)",1
15983,42,19,11,"(0.09033430006888621, 0.14970886995698662, 0.0, 0.0, 0.0, 0.04688669779969397, 0.0, 0.09523546217639671, 0.0, 0.024298424115020107)",4
15984,42,19,11,"(0.09033430006888621, 0.14970886995698662, 0.0, 0.0, 0.0, 0.04688669779969397, 0.0, 0.09523546217639671, 0.0, 0.031051048610206557)",437
15985,42,19,11,"(0.09033430006888621, 0.14970886995698662, 0.0, 0.0, 0.0, 0.02455137290158434, 0.0, 0.09523546217639671, 0.0, 0.031051048610206557)",1
15986,42,19,11,"(0.09033430006888621, 0.14970886995698662, 0.0, 0.0, 0.0, 0.04688669779969397, 0.0, 0.08855739522277979, 0.0, 0.031051048610206557)",1
15987,42,19,11,"(0.09033430006888621, 0.14970886995698662, 0.0, 0.0, 0.0, 0.04047546701665719, 0.0, 0.09523546217639671, 0.0, 0.031051048610206557)",4
15988,42,19,11,"(0.09033430006888621, 0.14970886995698662, 0.0, 0.0, 0.0, 0.04688669779969397, 0.0, 0.07851631155931958, 0.0, 0.01812760691895582)",25
15989,42,19,13,"(0.0, 0.0, 0.11679612853536596, 0.08791048842683145, 0.09172770611919409, 0.07489992963210028, 0.0, 0.0, 0.1170527697991, 0.0)",1
15990,42,19,13,"(0.0, 0.0, 0.11679612853536596, 0.06920069129515957, 0.09172770611919409, 0.07489992963210028, 0.0, 0.0, 0.1694424693495189, 0.0)",41
15991,42,19,13,"(0.0, 0.0, 0.11679612853536596, 0.06920069129515957, 0.09172770611919409, 0.07489992963210028, 0.0, 0.0, 0.14899621190854193, 0.0)",122
15992,42,19,13,"(0.0, 0.0, 0.11679612853536596, 0.06575797928199294, 0.09172770611919409, 0.07489992963210028, 0.0, 0.0, 0.14899621190854193, 0.0)",1
15993,42,20,8,"(0.08829965453524319, 0.0, 0.08950620996642342, 0.09247639241939104, 0.09173902283359818, 0.0, 0.06826344941350267, 0.0, 0.0, 0.0)",329
15994,42,20,8,"(0.04577832714212483, 0.0, 0.08950620996642342, 0.09247639241939104, 0.09173902283359818, 0.0, 0.06826344941350267, 0.0, 0.0, 0.0)",1
15995,42,20,11,"(0.09033430006888621, 0.10983715597699661, 0.0, 0.0, 0.0, 0.04688669779969397, 0.0, 0.09937388015846889, 0.0, 0.031051048610206557)",18
15996,42,20,11,"(0.09033430006888621, 0.14970886995698662, 0.0, 0.0, 0.0, 0.04688669779969397, 0.0, 0.09523546217639671, 0.0, 0.02988294842916737)",1
15997,42,20,11,"(0.09033430006888621, 0.14970886995698662, 0.0, 0.0, 0.0, 0.03972502685610739, 0.0, 0.09523546217639671, 0.0, 0.031051048610206557)",1
15998,42,20,11,"(0.18802990087542842, 0.13144831602504, 0.0, 0.0, 0.0, 0.060195791808367344, 0.0, 0.09523546217639671, 0.0, 0.031051048610206557)",1
15999,42,20,11,"(0.09033430006888621, 0.14970886995698662, 0.0, 0.0, 0.0, 0.021388204695942322, 0.0, 0.09523546217639671, 0.0, 0.03326656048139026)",13
16000,42,20,11,"(0.09033430006888621, 0.10983715597699661, 0.0, 0.0, 0.0, 0.04688669779969397, 0.0, 0.09523546217639671, 0.0, 0.031051048610206557)",24
16001,42,20,11,"(0.09033430006888621, 0.14970886995698662, 0.0, 0.0, 0.0, 0.04688669779969397, 0.0, 0.09523546217639671, 0.0, 0.031051048610206557)",415
16002,42,20,13,"(0.0, 0.0, 0.11679612853536596, 0.06920069129515957, 0.09172770611919409, 0.07489992963210028, 0.0, 0.0, 0.14899621190854193, 0.0)",162
16003,42,20,13,"(0.0, 0.0, 0.11679612853536596, 0.06480666873440667, 0.08794272107222519, 0.07489992963210028, 0.0, 0.0, 0.14899621190854193, 0.0)",1
16004,42,20,13,"(0.0, 0.0, 0.11679612853536596, 0.06920069129515957, 0.09172770611919409, 0.07489992963210028, 0.0, 0.0, 0.16868925648725147, 0.0)",8
16005,42,20,13,"(0.0, 0.0, 0.11679612853536596, 0.06920069129515957, 0.09172770611919409, 0.07489992963210028, 0.0, 0.0, 0.17034125298193478, 0.0)",3
16006,42,20,13,"(0.0, 0.0, 0.11679612853536596, 0.06920069129515957, 0.09172770611919409, 0.07489992963210028, 0.0, 0.0, 0.1694424693495189, 0.0)",4
16007,43,0,8,"(0.08829965453524319, 0.0, 0.08950620996642342, 0.09247639241939104, 0.09173902283359818, 0.0, 0.06826344941350267, 0.0, 0.0, 0.0)",290
16008,43,0,8,"(0.08829965453524319, 0.0, 0.05668127217441307, 0.09247639241939104, 0.09173902283359818, 0.0, 0.06826344941350267, 0.0, 0.0, 0.0)",1
16009,43,0,8,"(0.08829965453524319, 0.0, 0.08950620996642342, 0.09247639241939104, 0.07806786223162793, 0.0, 0.06826344941350267, 0.0, 0.0, 0.0)",1
16010,43,0,11,"(0.09033430006888621, 0.14970886995698662, 0.0, 0.0, 0.0, 0.03204894336647217, 0.0, 0.09523546217639671, 0.0, 0.031051048610206557)",5
16011,43,0,11,"(0.09033430006888621, 0.14970886995698662, 0.0, 0.0, 0.0, 0.04688669779969397, 0.0, 0.09523546217639671, 0.0, 0.031051048610206557)",399
16012,43,0,11,"(0.09033430006888621, 0.14970886995698662, 0.0, 0.0, 0.0, 0.07846467342292344, 0.0, 0.09523546217639671, 0.0, 0.031051048610206557)",1
16013,43,0,11,"(0.09033430006888621, 0.14970886995698662, 0.0, 0.0, 0.0, 0.04688669779969397, 0.0, 0.1443632807305505, 0.0, 0.031051048610206557)",1
16014,43,0,11,"(0.09033430006888621, 0.14970886995698662, 0.0, 0.0, 0.0, 0.04688669779969397, 0.0, 0.09523546217639671, 0.0, 0.034284326333513686)",8
16015,43,0,11,"(0.09033430006888621, 0.14970886995698662, 0.0, 0.0, 0.0, 0.04688669779969397, 0.0, 0.11229954524772201, 0.0, 0.031051048610206557)",1
16016,43,0,11,"(0.07780842566855686, 0.14970886995698662, 0.0, 0.0, 0.0, 0.04633967696960905, 0.0, 0.09523546217639671, 0.0, 0.031051048610206557)",3
16017,43,0,11,"(0.09033430006888621, 0.14970886995698662, 0.0, 0.0, 0.0, 0.04688669779969397, 0.0, 0.09523546217639671, 0.0, 0.04129335121382607)",2
16018,43,0,11,"(0.09033430006888621, 0.14970886995698662, 0.0, 0.0, 0.0, 0.04688669779969397, 0.0, 0.07944005632215269, 0.0, 0.02797694621450918)",7
16019,43,0,11,"(0.05595493401288263, 0.14970886995698662, 0.0, 0.0, 0.0, 0.04688669779969397, 0.0, 0.09523546217639671, 0.0, 0.031051048610206557)",57
16020,43,0,11,"(0.09033430006888621, 0.1326790410048593, 0.0, 0.0, 0.0, 0.04688669779969397, 0.0, 0.09523546217639671, 0.0, 0.031051048610206557)",1
16021,43,0,11,"(0.09033430006888621, 0.09950731712740148, 0.0, 0.0, 0.0, 0.04688669779969397, 0.0, 0.13635786553969723, 0.0, 0.031051048610206557)",74
16022,43,0,11,"(0.09033430006888621, 0.09950731712740148, 0.0, 0.0, 0.0, 0.04688669779969397, 0.0, 0.13635786553969723, 0.0, 0.013737511461228572)",3
16023,43,0,13,"(0.0, 0.0, 0.11679612853536596, 0.11566245524900162, 0.09172770611919409, 0.07489992963210028, 0.0, 0.0, 0.14899621190854193, 0.0)",28
16024,43,0,13,"(0.0, 0.0, 0.11679612853536596, 0.06920069129515957, 0.09172770611919409, 0.07489992963210028, 0.0, 0.0, 0.14899621190854193, 0.0)",139
16025,43,0,13,"(0.0, 0.0, 0.11679612853536596, 0.06920069129515957, 0.09172770611919409, 0.044155108462018165, 0.0, 0.0, 0.14899621190854193, 0.0)",2
16026,43,1,8,"(0.08829965453524319, 0.0, 0.08950620996642342, 0.09247639241939104, 0.10103807920430642, 0.0, 0.10420487522989899, 0.0, 0.0, 0.0)",1
16027,43,1,8,"(0.08829965453524319, 0.0, 0.08950620996642342, 0.09247639241939104, 0.09173902283359818, 0.0, 0.06826344941350267, 0.0, 0.0, 0.0)",303
16028,43,1,8,"(0.07409529636320394, 0.0, 0.08950620996642342, 0.09247639241939104, 0.09173902283359818, 0.0, 0.06826344941350267, 0.0, 0.0, 0.0)",1
16029,43,1,11,"(0.09033430006888621, 0.09950731712740148, 0.0, 0.0, 0.0, 0.05852431516467177, 0.0, 0.13635786553969723, 0.0, 0.031051048610206557)",2
16030,43,1,11,"(0.09033430006888621, 0.14970886995698662, 0.0, 0.0, 0.0, 0.04688669779969397, 0.0, 0.15166605961559387, 0.0, 0.031051048610206557)",11
16031,43,1,11,"(0.09033430006888621, 0.14970886995698662, 0.0, 0.0, 0.0, 0.04688669779969397, 0.0, 0.07756994520194557, 0.0, 0.031051048610206557)",1
16032,43,1,11,"(0.09033430006888621, 0.06813065232395715, 0.0, 0.0, 0.0, 0.04688669779969397, 0.0, 0.13635786553969723, 0.0, 0.031051048610206557)",1
16033,43,1,11,"(0.09033430006888621, 0.14970886995698662, 0.0, 0.0, 0.0, 0.04688669779969397, 0.0, 0.052905246555685605, 0.0, 0.031051048610206557)",1
16034,43,1,11,"(0.09033430006888621, 0.14970886995698662, 0.0, 0.0, 0.0, 0.04688669779969397, 0.0, 0.09523546217639671, 0.0, 0.031051048610206557)",242
16035,43,1,11,"(0.09033430006888621, 0.09950731712740148, 0.0, 0.0, 0.0, 0.04688669779969397, 0.0, 0.13635786553969723, 0.0, 0.031051048610206557)",95
16036,43,1,11,"(0.05595493401288263, 0.14970886995698662, 0.0, 0.0, 0.0, 0.04688669779969397, 0.0, 0.09523546217639671, 0.0, 0.031051048610206557)",97
16037,43,1,13,"(0.0, 0.0, 0.08375434679389529, 0.11566245524900162, 0.09172770611919409, 0.07489992963210028, 0.0, 0.0, 0.14899621190854193, 0.0)",1
16038,43,1,13,"(0.0, 0.0, 0.11679612853536596, 0.11566245524900162, 0.09172770611919409, 0.07489992963210028, 0.0, 0.0, 0.14899621190854193, 0.0)",172
16039,43,1,13,"(0.0, 0.0, 0.11679612853536596, 0.11566245524900162, 0.09172770611919409, 0.07489992963210028, 0.0, 0.0, 0.22561439318847681, 0.0)",1
16040,43,2,8,"(0.08829965453524319, 0.0, 0.08950620996642342, 0.09247639241939104, 0.09173902283359818, 0.0, 0.06826344941350267, 0.0, 0.0, 0.0)",282
16041,43,2,8,"(0.08829965453524319, 0.0, 0.08950620996642342, 0.10544290672615995, 0.09173902283359818, 0.0, 0.06826344941350267, 0.0, 0.0, 0.0)",13
16042,43,2,8,"(0.08829965453524319, 0.0, 0.18246420465503496, 0.09247639241939104, 0.09173902283359818, 0.0, 0.06826344941350267, 0.0, 0.0, 0.0)",14
16043,43,2,8,"(0.08829965453524319, 0.0, 0.08950620996642342, 0.08079540471669892, 0.09173902283359818, 0.0, 0.06826344941350267, 0.0, 0.0, 0.0)",1
16044,43,2,8,"(0.14974632313777206, 0.0, 0.08950620996642342, 0.07451563692351923, 0.09173902283359818, 0.0, 0.06826344941350267, 0.0, 0.0, 0.0)",8
16045,43,2,8,"(0.0802313078550485, 0.0, 0.08950620996642342, 0.09247639241939104, 0.09173902283359818, 0.0, 0.06826344941350267, 0.0, 0.0, 0.0)",1
16046,43,2,8,"(0.08829965453524319, 0.0, 0.08950620996642342, 0.09247639241939104, 0.09173902283359818, 0.0, 0.07989148627411136, 0.0, 0.0, 0.0)",1
16047,43,2,11,"(0.05595493401288263, 0.14970886995698662, 0.0, 0.0, 0.0, 0.04688669779969397, 0.0, 0.09523546217639671, 0.0, 0.023650360821430044)",2
16048,43,2,11,"(0.05595493401288263, 0.25285277015730784, 0.0, 0.0, 0.0, 0.04688669779969397, 0.0, 0.09523546217639671, 0.0, 0.031051048610206557)",3
16049,43,2,11,"(0.09033430006888621, 0.14970886995698662, 0.0, 0.0, 0.0, 0.04688669779969397, 0.0, 0.09523546217639671, 0.0, 0.013844069886294358)",6
16050,43,2,11,"(0.05595493401288263, 0.14970886995698662, 0.0, 0.0, 0.0, 0.04688669779969397, 0.0, 0.09523546217639671, 0.0, 0.031051048610206557)",148
16051,43,2,11,"(0.09033430006888621, 0.3074055150390515, 0.0, 0.0, 0.0, 0.04688669779969397, 0.0, 0.09523546217639671, 0.0, 0.031051048610206557)",1
16052,43,2,11,"(0.09033430006888621, 0.14970886995698662, 0.0, 0.0, 0.0, 0.04688669779969397, 0.0, 0.09523546217639671, 0.0, 0.019928337062280598)",2
16053,43,2,11,"(0.09033430006888621, 0.1943096536967759, 0.0, 0.0, 0.0, 0.019652911404324132, 0.0, 0.09523546217639671, 0.0, 0.031051048610206557)",2
16054,43,2,11,"(0.09033430006888621, 0.09950731712740148, 0.0, 0.0, 0.0, 0.06482596462834579, 0.0, 0.13635786553969723, 0.0, 0.031051048610206557)",1
16055,43,2,11,"(0.09033430006888621, 0.14970886995698662, 0.0, 0.0, 0.0, 0.04688669779969397, 0.0, 0.09523546217639671, 0.0, 0.031051048610206557)",280
16056,43,2,11,"(0.09033430006888621, 0.09950731712740148, 0.0, 0.0, 0.0, 0.04688669779969397, 0.0, 0.13635786553969723, 0.0, 0.031051048610206557)",66
16057,43,2,11,"(0.09033430006888621, 0.14970886995698662, 0.0, 0.0, 0.0, 0.034354372810901, 0.0, 0.09523546217639671, 0.0, 0.031051048610206557)",4
16058,43,2,13,"(0.0, 0.0, 0.11679612853536596, 0.066703177901758, 0.09172770611919409, 0.07489992963210028, 0.0, 0.0, 0.14899621190854193, 0.0)",2
16059,43,2,13,"(0.0, 0.0, 0.11679612853536596, 0.11566245524900162, 0.09172770611919409, 0.07489992963210028, 0.0, 0.0, 0.14899621190854193, 0.0)",134
16060,43,2,13,"(0.0, 0.0, 0.11679612853536596, 0.06920069129515957, 0.09172770611919409, 0.07489992963210028, 0.0, 0.0, 0.14899621190854193, 0.0)",42
16061,43,3,8,"(0.08829965453524319, 0.0, 0.08950620996642342, 0.17502416781925573, 0.0942941949156442, 0.0, 0.06826344941350267, 0.0, 0.0, 0.0)",16
16062,43,3,8,"(0.09594328276653039, 0.0, 0.10284293119500615, 0.09247639241939104, 0.09173902283359818, 0.0, 0.06826344941350267, 0.0, 0.0, 0.0)",6
16063,43,3,8,"(0.16216251652614685, 0.0, 0.08950620996642342, 0.09247639241939104, 0.09173902283359818, 0.0, 0.06826344941350267, 0.0, 0.0, 0.0)",16
16064,43,3,8,"(0.08829965453524319, 0.0, 0.08950620996642342, 0.17502416781925573, 0.0942941949156442, 0.0, 0.12309335713964271, 0.0, 0.0, 0.0)",5
16065,43,3,8,"(0.11161265010313863, 0.0, 0.08950620996642342, 0.09247639241939104, 0.09173902283359818, 0.0, 0.06826344941350267, 0.0, 0.0, 0.0)",1
16066,43,3,8,"(0.08829965453524319, 0.0, 0.0451426622925856, 0.09247639241939104, 0.09173902283359818, 0.0, 0.06826344941350267, 0.0, 0.0, 0.0)",1
16067,43,3,8,"(0.08829965453524319, 0.0, 0.08950620996642342, 0.09247639241939104, 0.09173902283359818, 0.0, 0.06826344941350267, 0.0, 0.0, 0.0)",320
16068,43,3,11,"(0.09033430006888621, 0.0834613122604881, 0.0, 0.0, 0.0, 0.04688669779969397, 0.0, 0.1075980557104491, 0.0, 0.025205919859639065)",2
16069,43,3,11,"(0.14938615598102767, 0.14970886995698662, 0.0, 0.0, 0.0, 0.04688669779969397, 0.0, 0.09523546217639671, 0.0, 0.031051048610206557)",1
16070,43,3,11,"(0.05595493401288263, 0.18372096305026456, 0.0, 0.0, 0.0, 0.04257627984563577, 0.0, 0.09523546217639671, 0.0, 0.031051048610206557)",1
16071,43,3,11,"(0.05595493401288263, 0.14970886995698662, 0.0, 0.0, 0.0, 0.04688669779969397, 0.0, 0.09523546217639671, 0.0, 0.031051048610206557)",75
16072,43,3,11,"(0.05595493401288263, 0.14970886995698662, 0.0, 0.0, 0.0, 0.04688669779969397, 0.0, 0.09523546217639671, 0.0, 0.03997612957867856)",1
16073,43,3,11,"(0.09033430006888621, 0.14970886995698662, 0.0, 0.0, 0.0, 0.04688669779969397, 0.0, 0.09523546217639671, 0.0, 0.031051048610206557)",326
16074,43,3,11,"(0.05595493401288263, 0.14970886995698662, 0.0, 0.0, 0.0, 0.04688669779969397, 0.0, 0.09523546217639671, 0.0, 0.030076473888861175)",8
16075,43,3,11,"(0.10472361992527553, 0.14970886995698662, 0.0, 0.0, 0.0, 0.05321148997815745, 0.0, 0.09523546217639671, 0.0, 0.031051048610206557)",1
16076,43,3,13,"(0.0, 0.0, 0.11679612853536596, 0.06920069129515957, 0.09172770611919409, 0.07489992963210028, 0.0, 0.0, 0.14899621190854193, 0.0)",97
16077,43,3,13,"(0.0, 0.0, 0.11679612853536596, 0.11566245524900162, 0.09172770611919409, 0.07489992963210028, 0.0, 0.0, 0.14899621190854193, 0.0)",64
16078,43,3,13,"(0.0, 0.0, 0.15840374328316625, 0.06920069129515957, 0.09172770611919409, 0.157515018448648, 0.0, 0.0, 0.14899621190854193, 0.0)",1
16079,43,4,8,"(0.08829965453524319, 0.0, 0.09775965023764335, 0.09247639241939104, 0.09173902283359818, 0.0, 0.04765266319491741, 0.0, 0.0, 0.0)",1
16080,43,4,8,"(0.08829965453524319, 0.0, 0.08950620996642342, 0.09247639241939104, 0.09173902283359818, 0.0, 0.06826344941350267, 0.0, 0.0, 0.0)",332
16081,43,4,8,"(0.0855066810623902, 0.0, 0.06605743696962246, 0.09247639241939104, 0.09173902283359818, 0.0, 0.06826344941350267, 0.0, 0.0, 0.0)",6
16082,43,4,11,"(0.09033430006888621, 0.14970886995698662, 0.0, 0.0, 0.0, 0.04688669779969397, 0.0, 0.09523546217639671, 0.0, 0.031051048610206557)",299
16083,43,4,11,"(0.09033430006888621, 0.14970886995698662, 0.0, 0.0, 0.0, 0.04688669779969397, 0.0, 0.09523546217639671, 0.0, 0.038573120973400016)",1
16084,43,4,11,"(0.05595493401288263, 0.14970886995698662, 0.0, 0.0, 0.0, 0.04688669779969397, 0.0, 0.09523546217639671, 0.0, 0.025878378736392527)",1
16085,43,4,11,"(0.05595493401288263, 0.14970886995698662, 0.0, 0.0, 0.0, 0.04688669779969397, 0.0, 0.09523546217639671, 0.0, 0.031051048610206557)",156
16086,43,4,11,"(0.11258321870487677, 0.14970886995698662, 0.0, 0.0, 0.0, 0.04688669779969397, 0.0, 0.09523546217639671, 0.0, 0.031051048610206557)",3
16087,43,4,13,"(0.0, 0.0, 0.11679612853536596, 0.03686447950775144, 0.09172770611919409, 0.07489992963210028, 0.0, 0.0, 0.14899621190854193, 0.0)",116
16088,43,4,13,"(0.0, 0.0, 0.11679612853536596, 0.06920069129515957, 0.09172770611919409, 0.07489992963210028, 0.0, 0.0, 0.10668784031128785, 0.0)",1
16089,43,4,13,"(0.0, 0.0, 0.11679612853536596, 0.06920069129515957, 0.09172770611919409, 0.07489992963210028, 0.0, 0.0, 0.14899621190854193, 0.0)",84
16090,43,5,8,"(0.08829965453524319, 0.0, 0.12717907603080317, 0.09247639241939104, 0.09173902283359818, 0.0, 0.06826344941350267, 0.0, 0.0, 0.0)",1
16091,43,5,8,"(0.08829965453524319, 0.0, 0.08950620996642342, 0.17502416781925573, 0.0942941949156442, 0.0, 0.06826344941350267, 0.0, 0.0, 0.0)",1
16092,43,5,8,"(0.08829965453524319, 0.0, 0.08950620996642342, 0.09247639241939104, 0.09173902283359818, 0.0, 0.06826344941350267, 0.0, 0.0, 0.0)",350
16093,43,5,11,"(0.09033430006888621, 0.14970886995698662, 0.0, 0.0, 0.0, 0.04688669779969397, 0.0, 0.09523546217639671, 0.0, 0.031051048610206557)",246
16094,43,5,11,"(0.09033430006888621, 0.14970886995698662, 0.0, 0.0, 0.0, 0.04688669779969397, 0.0, 0.12177932762136531, 0.0, 0.018055273071350655)",9
16095,43,5,11,"(0.05595493401288263, 0.14970886995698662, 0.0, 0.0, 0.0, 0.04688669779969397, 0.0, 0.09523546217639671, 0.0, 0.031051048610206557)",160
16096,43,5,11,"(0.09033430006888621, 0.14970886995698662, 0.0, 0.0, 0.0, 0.04688669779969397, 0.0, 0.05990758014030925, 0.0, 0.031051048610206557)",1
16097,43,5,11,"(0.05595493401288263, 0.14970886995698662, 0.0, 0.0, 0.0, 0.04688669779969397, 0.0, 0.09523546217639671, 0.0, 0.03785886642868131)",1
16098,43,5,11,"(0.09033430006888621, 0.14970886995698662, 0.0, 0.0, 0.0, 0.04688669779969397, 0.0, 0.08471338899613612, 0.0, 0.031051048610206557)",1
16099,43,5,11,"(0.09033430006888621, 0.15007977444527698, 0.0, 0.0, 0.0, 0.04688669779969397, 0.0, 0.09523546217639671, 0.0, 0.039694900907973896)",1
16100,43,5,11,"(0.05681094679658691, 0.14970886995698662, 0.0, 0.0, 0.0, 0.04688669779969397, 0.0, 0.09523546217639671, 0.0, 0.031051048610206557)",3
16101,43,5,11,"(0.09033430006888621, 0.14970886995698662, 0.0, 0.0, 0.0, 0.04688669779969397, 0.0, 0.14916040038246328, 0.0, 0.031051048610206557)",1
16102,43,5,11,"(0.09033430006888621, 0.18279733386605138, 0.0, 0.0, 0.0, 0.030548936588325103, 0.0, 0.09523546217639671, 0.0, 0.03325954516236396)",16
16103,43,5,13,"(0.0, 0.0, 0.11679612853536596, 0.11881053868174331, 0.09172770611919409, 0.07489992963210028, 0.0, 0.0, 0.18377341732155902, 0.0)",12
16104,43,5,13,"(0.0, 0.0, 0.11679612853536596, 0.11566245524900162, 0.09172770611919409, 0.07489992963210028, 0.0, 0.0, 0.14899621190854193, 0.0)",33
16105,43,5,13,"(0.0, 0.0, 0.18187221165342268, 0.11566245524900162, 0.09172770611919409, 0.07489992963210028, 0.0, 0.0, 0.14899621190854193, 0.0)",11
16106,43,5,13,"(0.0, 0.0, 0.11679612853536596, 0.06920069129515957, 0.09172770611919409, 0.07489992963210028, 0.0, 0.0, 0.14899621190854193, 0.0)",101
16107,43,6,8,"(0.08829965453524319, 0.0, 0.08950620996642342, 0.09247639241939104, 0.09173902283359818, 0.0, 0.06826344941350267, 0.0, 0.0, 0.0)",292
16108,43,6,8,"(0.08829965453524319, 0.0, 0.08950620996642342, 0.06311732590169733, 0.19956902700023915, 0.0, 0.06826344941350267, 0.0, 0.0, 0.0)",4
16109,43,6,8,"(0.08829965453524319, 0.0, 0.032688955894459824, 0.12703843950538787, 0.09173902283359818, 0.0, 0.06826344941350267, 0.0, 0.0, 0.0)",54
16110,43,6,8,"(0.08829965453524319, 0.0, 0.08950620996642342, 0.09247639241939104, 0.07726510047236819, 0.0, 0.06826344941350267, 0.0, 0.0, 0.0)",1
16111,43,6,8,"(0.08829965453524319, 0.0, 0.08950620996642342, 0.09247639241939104, 0.0618904551378796, 0.0, 0.06826344941350267, 0.0, 0.0, 0.0)",9
16112,43,6,8,"(0.08829965453524319, 0.0, 0.08950620996642342, 0.09247639241939104, 0.09147062251088876, 0.0, 0.06826344941350267, 0.0, 0.0, 0.0)",1
16113,43,6,11,"(0.09033430006888621, 0.16361607758737506, 0.0, 0.0, 0.0, 0.04688669779969397, 0.0, 0.07851631155931958, 0.0, 0.01812760691895582)",5
16114,43,6,11,"(0.09033430006888621, 0.14970886995698662, 0.0, 0.0, 0.0, 0.04688669779969397, 0.0, 0.07851631155931958, 0.0, 0.01812760691895582)",125
16115,43,6,11,"(0.05595493401288263, 0.08385390553011891, 0.0, 0.0, 0.0, 0.03902039700546418, 0.0, 0.09523546217639671, 0.0, 0.031051048610206557)",5
16116,43,6,11,"(0.05595493401288263, 0.14970886995698662, 0.0, 0.0, 0.0, 0.04688669779969397, 0.0, 0.09523546217639671, 0.0, 0.031051048610206557)",130
16117,43,6,11,"(0.09033430006888621, 0.14970886995698662, 0.0, 0.0, 0.0, 0.04688669779969397, 0.0, 0.09523546217639671, 0.0, 0.031051048610206557)",179
16118,43,6,11,"(0.09033430006888621, 0.08391120491961343, 0.0, 0.0, 0.0, 0.09167549899878323, 0.0, 0.09523546217639671, 0.0, 0.031051048610206557)",1
16119,43,6,11,"(0.05595493401288263, 0.14970886995698662, 0.0, 0.0, 0.0, 0.049366542390131204, 0.0, 0.09523546217639671, 0.0, 0.031051048610206557)",6
16120,43,6,11,"(0.08638318671204698, 0.14970886995698662, 0.0, 0.0, 0.0, 0.04688669779969397, 0.0, 0.09523546217639671, 0.0, 0.031051048610206557)",1
16121,43,6,11,"(0.05595493401288263, 0.1005334084802018, 0.0, 0.0, 0.0, 0.033163419083891005, 0.0, 0.09523546217639671, 0.0, 0.031051048610206557)",3
16122,43,6,11,"(0.09033430006888621, 0.14970886995698662, 0.0, 0.0, 0.0, 0.04688669779969397, 0.0, 0.07851631155931958, 0.0, 0.027328708069412858)",2
16123,43,6,13,"(0.0, 0.0, 0.11679612853536596, 0.06920069129515957, 0.09172770611919409, 0.07489992963210028, 0.0, 0.0, 0.14899621190854193, 0.0)",165
16124,43,6,13,"(0.0, 0.0, 0.1084175874325896, 0.06920069129515957, 0.09172770611919409, 0.07489992963210028, 0.0, 0.0, 0.14899621190854193, 0.0)",1
16125,43,6,13,"(0.0, 0.0, 0.11679612853536596, 0.06920069129515957, 0.09172770611919409, 0.07201225824579659, 0.0, 0.0, 0.14899621190854193, 0.0)",2
16126,43,6,13,"(0.0, 0.0, 0.11679612853536596, 0.05817722799538505, 0.09172770611919409, 0.07489992963210028, 0.0, 0.0, 0.14899621190854193, 0.0)",1
16127,43,6,13,"(0.0, 0.0, 0.135930871262029, 0.08396210717409093, 0.09172770611919409, 0.07489992963210028, 0.0, 0.0, 0.14899621190854193, 0.0)",2
16128,43,6,13,"(0.0, 0.0, 0.11679612853536596, 0.06920069129515957, 0.09172770611919409, 0.07489992963210028, 0.0, 0.0, 0.05947357392203574, 0.0)",1
16129,43,7,8,"(0.08829965453524319, 0.0, 0.08950620996642342, 0.09247639241939104, 0.09173902283359818, 0.0, 0.07274078079307485, 0.0, 0.0, 0.0)",6
16130,43,7,8,"(0.08829965453524319, 0.0, 0.08950620996642342, 0.09247639241939104, 0.09173902283359818, 0.0, 0.06826344941350267, 0.0, 0.0, 0.0)",266
16131,43,7,8,"(0.08829965453524319, 0.0, 0.032688955894459824, 0.12703843950538787, 0.09173902283359818, 0.0, 0.06826344941350267, 0.0, 0.0, 0.0)",85
16132,43,7,8,"(0.08577186713566329, 0.0, 0.08950620996642342, 0.11583226502031847, 0.09173902283359818, 0.0, 0.06826344941350267, 0.0, 0.0, 0.0)",2
16133,43,7,11,"(0.09033430006888621, 0.15983834615141293, 0.0, 0.0, 0.0, 0.07657907620043301, 0.0, 0.09523546217639671, 0.0, 0.031051048610206557)",1
16134,43,7,11,"(0.05595493401288263, 0.14970886995698662, 0.0, 0.0, 0.0, 0.04688669779969397, 0.0, 0.09610271655403166, 0.0, 0.031051048610206557)",1
16135,43,7,11,"(0.05595493401288263, 0.0756926350367452, 0.0, 0.0, 0.0, 0.04688669779969397, 0.0, 0.09523546217639671, 0.0, 0.031051048610206557)",1
16136,43,7,11,"(0.09033430006888621, 0.15644344752332084, 0.0, 0.0, 0.0, 0.04688669779969397, 0.0, 0.09523546217639671, 0.0, 0.031051048610206557)",2
16137,43,7,11,"(0.05595493401288263, 0.10223066584896232, 0.0, 0.0, 0.0, 0.04688669779969397, 0.0, 0.09523546217639671, 0.0, 0.031051048610206557)",3
16138,43,7,11,"(0.05595493401288263, 0.14970886995698662, 0.0, 0.0, 0.0, 0.04688669779969397, 0.0, 0.09523546217639671, 0.0, 0.031051048610206557)",228
16139,43,7,11,"(0.09033430006888621, 0.14970886995698662, 0.0, 0.0, 0.0, 0.04688669779969397, 0.0, 0.09523546217639671, 0.0, 0.031051048610206557)",157
16140,43,7,11,"(0.06511267225861178, 0.14970886995698662, 0.0, 0.0, 0.0, 0.04688669779969397, 0.0, 0.14365360639342706, 0.0, 0.031051048610206557)",12
16141,43,7,11,"(0.03885795330820653, 0.14970886995698662, 0.0, 0.0, 0.0, 0.04688669779969397, 0.0, 0.09523546217639671, 0.0, 0.031051048610206557)",1
16142,43,7,11,"(0.09033430006888621, 0.1570312316796281, 0.0, 0.0, 0.0, 0.04688669779969397, 0.0, 0.08285089051102607, 0.0, 0.031051048610206557)",1
16143,43,7,13,"(0.0, 0.0, 0.11679612853536596, 0.06920069129515957, 0.09172770611919409, 0.07489992963210028, 0.0, 0.0, 0.2288939786560064, 0.0)",1
16144,43,7,13,"(0.0, 0.0, 0.11679612853536596, 0.055104804875052475, 0.09172770611919409, 0.07489992963210028, 0.0, 0.0, 0.14899621190854193, 0.0)",4
16145,43,7,13,"(0.0, 0.0, 0.11679612853536596, 0.06920069129515957, 0.09172770611919409, 0.07489992963210028, 0.0, 0.0, 0.14899621190854193, 0.0)",176
16146,43,8,8,"(0.1372451933714495, 0.0, 0.08950620996642342, 0.09247639241939104, 0.1173538774681555, 0.0, 0.056588620028435434, 0.0, 0.0, 0.0)",3
16147,43,8,8,"(0.08829965453524319, 0.0, 0.032688955894459824, 0.12703843950538787, 0.09173902283359818, 0.0, 0.06826344941350267, 0.0, 0.0, 0.0)",33
16148,43,8,8,"(0.08829965453524319, 0.0, 0.04923582746315328, 0.09247639241939104, 0.09173902283359818, 0.0, 0.06826344941350267, 0.0, 0.0, 0.0)",11
16149,43,8,8,"(0.08829965453524319, 0.0, 0.08950620996642342, 0.09247639241939104, 0.09173902283359818, 0.0, 0.06826344941350267, 0.0, 0.0, 0.0)",319
16150,43,8,8,"(0.1218483547297787, 0.0, 0.03185756453016583, 0.09247639241939104, 0.09173902283359818, 0.0, 0.06682337250090882, 0.0, 0.0, 0.0)",2
16151,43,8,11,"(0.05595493401288263, 0.14970886995698662, 0.0, 0.0, 0.0, 0.04688669779969397, 0.0, 0.09523546217639671, 0.0, 0.031051048610206557)",245
16152,43,8,11,"(0.06380641142088031, 0.14970886995698662, 0.0, 0.0, 0.0, 0.04688669779969397, 0.0, 0.09523546217639671, 0.0, 0.05345595773613619)",1
16153,43,8,11,"(0.09033430006888621, 0.14970886995698662, 0.0, 0.0, 0.0, 0.04688669779969397, 0.0, 0.09523546217639671, 0.0, 0.031051048610206557)",134
16154,43,8,11,"(0.054357993414418875, 0.14970886995698662, 0.0, 0.0, 0.0, 0.04688669779969397, 0.0, 0.09523546217639671, 0.0, 0.031051048610206557)",1
16155,43,8,11,"(0.09033430006888621, 0.14970886995698662, 0.0, 0.0, 0.0, 0.05612152629968709, 0.0, 0.09523546217639671, 0.0, 0.031051048610206557)",3
16156,43,8,11,"(0.05595493401288263, 0.080068857434908, 0.0, 0.0, 0.0, 0.04006487186985469, 0.0, 0.09523546217639671, 0.0, 0.031051048610206557)",1
16157,43,8,11,"(0.09033430006888621, 0.14970886995698662, 0.0, 0.0, 0.0, 0.04688669779969397, 0.0, 0.10011937628855976, 0.0, 0.031051048610206557)",2
16158,43,8,11,"(0.05595493401288263, 0.14970886995698662, 0.0, 0.0, 0.0, 0.04688669779969397, 0.0, 0.09523546217639671, 0.0, 0.07114260237453036)",21
16159,43,8,11,"(0.07319556066184468, 0.14970886995698662, 0.0, 0.0, 0.0, 0.04688669779969397, 0.0, 0.17440563433968206, 0.0, 0.031051048610206557)",1
16160,43,8,11,"(0.05595493401288263, 0.29949023505898187, 0.0, 0.0, 0.0, 0.02761498182767447, 0.0, 0.08230562358740173, 0.0, 0.031051048610206557)",1
16161,43,8,11,"(0.05777929930818593, 0.14970886995698662, 0.0, 0.0, 0.0, 0.04688669779969397, 0.0, 0.09523546217639671, 0.0, 0.031051048610206557)",1
16162,43,8,13,"(0.0, 0.0, 0.11679612853536596, 0.06920069129515957, 0.09172770611919409, 0.07489992963210028, 0.0, 0.0, 0.14899621190854193, 0.0)",169
16163,43,9,8,"(0.08829965453524319, 0.0, 0.08950620996642342, 0.09674305919902751, 0.09173902283359818, 0.0, 0.06826344941350267, 0.0, 0.0, 0.0)",1
16164,43,9,8,"(0.08829965453524319, 0.0, 0.08950620996642342, 0.09247639241939104, 0.09173902283359818, 0.0, 0.06826344941350267, 0.0, 0.0, 0.0)",260
16165,43,9,8,"(0.08829965453524319, 0.0, 0.07915412293620143, 0.09247639241939104, 0.09173902283359818, 0.0, 0.07009999886550095, 0.0, 0.0, 0.0)",37
16166,43,9,11,"(0.06027057853109013, 0.14611558682707035, 0.0, 0.0, 0.0, 0.04228173862332015, 0.0, 0.09523546217639671, 0.0, 0.031054242171997568)",1
16167,43,9,11,"(0.029165456316712215, 0.08588658740478036, 0.0, 0.0, 0.0, 0.04688669779969397, 0.0, 0.09523546217639671, 0.0, 0.021691714610915427)",1
16168,43,9,11,"(0.09033430006888621, 0.14970886995698662, 0.0, 0.0, 0.0, 0.04281407067328117, 0.0, 0.09523546217639671, 0.0, 0.01812760691895582)",4
16169,43,9,11,"(0.09033430006888621, 0.14970886995698662, 0.0, 0.0, 0.0, 0.04688669779969397, 0.0, 0.09523546217639671, 0.0, 0.031051048610206557)",124
16170,43,9,11,"(0.05595493401288263, 0.08588658740478036, 0.0, 0.0, 0.0, 0.04688669779969397, 0.0, 0.09523546217639671, 0.0, 0.031051048610206557)",169
16171,43,9,11,"(0.05595493401288263, 0.14970886995698662, 0.0, 0.0, 0.0, 0.04688669779969397, 0.0, 0.09523546217639671, 0.0, 0.031051048610206557)",268
16172,43,9,11,"(0.04360831663869412, 0.2559077839303677, 0.0, 0.0, 0.0, 0.04688669779969397, 0.0, 0.11947657876668175, 0.0, 0.031051048610206557)",2
16173,43,9,11,"(0.09033430006888621, 0.14970886995698662, 0.0, 0.0, 0.0, 0.04688669779969397, 0.0, 0.09523546217639671, 0.0, 0.04223920121969831)",1
16174,43,9,11,"(0.09033430006888621, 0.14970886995698662, 0.0, 0.0, 0.0, 0.04688669779969397, 0.0, 0.14643838879365456, 0.0, 0.031051048610206557)",1
16175,43,9,11,"(0.09033430006888621, 0.14970886995698662, 0.0, 0.0, 0.0, 0.045934893798372324, 0.0, 0.09523546217639671, 0.0, 0.01812760691895582)",16
16176,43,9,11,"(0.04293950868504512, 0.14970886995698662, 0.0, 0.0, 0.0, 0.04688669779969397, 0.0, 0.09523546217639671, 0.0, 0.031051048610206557)",1
16177,43,9,11,"(0.0535664967394208, 0.14970886995698662, 0.0, 0.0, 0.0, 0.04281407067328117, 0.0, 0.09523546217639671, 0.0, 0.01812760691895582)",8
16178,43,9,11,"(0.05595493401288263, 0.08588658740478036, 0.0, 0.0, 0.0, 0.04688669779969397, 0.0, 0.09523546217639671, 0.0, 0.022189069268650045)",2
16179,43,9,11,"(0.06027057853109013, 0.14611558682707035, 0.0, 0.0, 0.0, 0.04688669779969397, 0.0, 0.09523546217639671, 0.0, 0.03360148455826815)",2
16180,43,9,13,"(0.0, 0.0, 0.11679612853536596, 0.08450146653387244, 0.09172770611919409, 0.07489992963210028, 0.0, 0.0, 0.14899621190854193, 0.0)",150
16181,43,9,13,"(0.0, 0.0, 0.2350374933499902, 0.08450146653387244, 0.09172770611919409, 0.07489992963210028, 0.0, 0.0, 0.14899621190854193, 0.0)",1
16182,43,9,13,"(0.0, 0.0, 0.11679612853536596, 0.08450146653387244, 0.09172770611919409, 0.07489992963210028, 0.0, 0.0, 0.10460753568968056, 0.0)",6
16183,43,10,8,"(0.0878685325789621, 0.0, 0.08950620996642342, 0.1227411454951122, 0.09173902283359818, 0.0, 0.10480111521816347, 0.0, 0.0, 0.0)",7
16184,43,10,8,"(0.08829965453524319, 0.0, 0.08950620996642342, 0.09247639241939104, 0.09173902283359818, 0.0, 0.06323218031292079, 0.0, 0.0, 0.0)",2
16185,43,10,8,"(0.08829965453524319, 0.0, 0.08950620996642342, 0.09247639241939104, 0.09173902283359818, 0.0, 0.08546190846459781, 0.0, 0.0, 0.0)",2
16186,43,10,8,"(0.08829965453524319, 0.0, 0.06513821683414858, 0.09247639241939104, 0.09173902283359818, 0.0, 0.06826344941350267, 0.0, 0.0, 0.0)",3
16187,43,10,8,"(0.08829965453524319, 0.0, 0.08950620996642342, 0.09247639241939104, 0.09173902283359818, 0.0, 0.06826344941350267, 0.0, 0.0, 0.0)",300
16188,43,10,11,"(0.09033430006888621, 0.14970886995698662, 0.0, 0.0, 0.0, 0.04688669779969397, 0.0, 0.09523546217639671, 0.0, 0.031051048610206557)",246
16189,43,10,11,"(0.09033430006888621, 0.14970886995698662, 0.0, 0.0, 0.0, 0.02549474970904019, 0.0, 0.09523546217639671, 0.0, 0.031051048610206557)",1
16190,43,10,11,"(0.09033430006888621, 0.14970886995698662, 0.0, 0.0, 0.0, 0.045934893798372324, 0.0, 0.09523546217639671, 0.0, 0.01812760691895582)",11
16191,43,10,11,"(0.09033430006888621, 0.14970886995698662, 0.0, 0.0, 0.0, 0.03166290667274013, 0.0, 0.09523546217639671, 0.0, 0.031051048610206557)",1
16192,43,10,11,"(0.05595493401288263, 0.08588658740478036, 0.0, 0.0, 0.0, 0.04688669779969397, 0.0, 0.09523546217639671, 0.0, 0.031051048610206557)",179
16193,43,10,11,"(0.05595493401288263, 0.03961348623731816, 0.0, 0.0, 0.0, 0.04688669779969397, 0.0, 0.09523546217639671, 0.0, 0.031051048610206557)",1
16194,43,10,11,"(0.05595493401288263, 0.14970886995698662, 0.0, 0.0, 0.0, 0.04688669779969397, 0.0, 0.09523546217639671, 0.0, 0.031051048610206557)",65
16195,43,10,11,"(0.09033430006888621, 0.14970886995698662, 0.0, 0.0, 0.0, 0.04688669779969397, 0.0, 0.07393954758331271, 0.0, 0.031051048610206557)",2
16196,43,10,11,"(0.09033430006888621, 0.14970886995698662, 0.0, 0.0, 0.0, 0.04688669779969397, 0.0, 0.09044813926881723, 0.0, 0.031051048610206557)",5
16197,43,10,13,"(0.0, 0.0, 0.11679612853536596, 0.08450146653387244, 0.09172770611919409, 0.03142299078245421, 0.0, 0.0, 0.14899621190854193, 0.0)",1
16198,43,10,13,"(0.0, 0.0, 0.11679612853536596, 0.08450146653387244, 0.09172770611919409, 0.07489992963210028, 0.0, 0.0, 0.14899621190854193, 0.0)",110
16199,43,10,13,"(0.0, 0.0, 0.11679612853536596, 0.08450146653387244, 0.09172770611919409, 0.07489992963210028, 0.0, 0.0, 0.10460753568968056, 0.0)",47
16200,43,10,13,"(0.0, 0.0, 0.11679612853536596, 0.03687848042874971, 0.09172770611919409, 0.06537276600116179, 0.0, 0.0, 0.14899621190854193, 0.0)",1
16201,43,11,8,"(0.09032123655180917, 0.0, 0.08950620996642342, 0.09247639241939104, 0.09173902283359818, 0.0, 0.06826344941350267, 0.0, 0.0, 0.0)",3
16202,43,11,8,"(0.08829965453524319, 0.0, 0.08950620996642342, 0.09247639241939104, 0.09173902283359818, 0.0, 0.06826344941350267, 0.0, 0.0, 0.0)",295
16203,43,11,8,"(0.08829965453524319, 0.0, 0.08950620996642342, 0.04368749762203554, 0.09173902283359818, 0.0, 0.06826344941350267, 0.0, 0.0, 0.0)",13
16204,43,11,8,"(0.033195251940224026, 0.0, 0.08950620996642342, 0.09247639241939104, 0.09173902283359818, 0.0, 0.06826344941350267, 0.0, 0.0, 0.0)",1
16205,43,11,8,"(0.08829965453524319, 0.0, 0.08950620996642342, 0.09247639241939104, 0.11847711871892433, 0.0, 0.06826344941350267, 0.0, 0.0, 0.0)",2
16206,43,11,11,"(0.05595493401288263, 0.08588658740478036, 0.0, 0.0, 0.0, 0.039640920504412404, 0.0, 0.06617202402510247, 0.0, 0.031051048610206557)",1
16207,43,11,11,"(0.05595493401288263, 0.08588658740478036, 0.0, 0.0, 0.0, 0.04688669779969397, 0.0, 0.09523546217639671, 0.0, 0.031051048610206557)",209
16208,43,11,11,"(0.09033430006888621, 0.14970886995698662, 0.0, 0.0, 0.0, 0.045934893798372324, 0.0, 0.09523546217639671, 0.0, 0.018737674542237882)",1
16209,43,11,11,"(0.05595493401288263, 0.13742297915456228, 0.0, 0.0, 0.0, 0.04688669779969397, 0.0, 0.09523546217639671, 0.0, 0.031051048610206557)",1
16210,43,11,11,"(0.05595493401288263, 0.14970886995698662, 0.0, 0.0, 0.0, 0.04688669779969397, 0.0, 0.14003233811122548, 0.0, 0.031051048610206557)",2
16211,43,11,11,"(0.05595493401288263, 0.14970886995698662, 0.0, 0.0, 0.0, 0.04688669779969397, 0.0, 0.09523546217639671, 0.0, 0.031051048610206557)",79
16212,43,11,11,"(0.05595493401288263, 0.07334402192641573, 0.0, 0.0, 0.0, 0.04688669779969397, 0.0, 0.09523546217639671, 0.0, 0.031051048610206557)",2
16213,43,11,11,"(0.05595493401288263, 0.14970886995698662, 0.0, 0.0, 0.0, 0.04712487052623586, 0.0, 0.09523546217639671, 0.0, 0.031051048610206557)",1
16214,43,11,11,"(0.09033430006888621, 0.14970886995698662, 0.0, 0.0, 0.0, 0.045934893798372324, 0.0, 0.09523546217639671, 0.0, 0.01812760691895582)",84
16215,43,11,11,"(0.10553891627116144, 0.14970886995698662, 0.0, 0.0, 0.0, 0.04688669779969397, 0.0, 0.09523546217639671, 0.0, 0.036345790510001724)",5
16216,43,11,11,"(0.05595493401288263, 0.08588658740478036, 0.0, 0.0, 0.0, 0.04688669779969397, 0.0, 0.11288594548801638, 0.0, 0.031051048610206557)",1
16217,43,11,11,"(0.09033430006888621, 0.14970886995698662, 0.0, 0.0, 0.0, 0.07665864899674878, 0.0, 0.09523546217639671, 0.0, 0.01812760691895582)",1
16218,43,11,11,"(0.09033430006888621, 0.14970886995698662, 0.0, 0.0, 0.0, 0.04688669779969397, 0.0, 0.09523546217639671, 0.0, 0.031051048610206557)",126
16219,43,11,13,"(0.0, 0.0, 0.11679612853536596, 0.08450146653387244, 0.15943566574939913, 0.07489992963210028, 0.0, 0.0, 0.14899621190854193, 0.0)",1
16220,43,11,13,"(0.0, 0.0, 0.11679612853536596, 0.08450146653387244, 0.09172770611919409, 0.07489992963210028, 0.0, 0.0, 0.14899621190854193, 0.0)",174
16221,43,11,13,"(0.0, 0.0, 0.08382705736946837, 0.04541553611407187, 0.09172770611919409, 0.07489992963210028, 0.0, 0.0, 0.14899621190854193, 0.0)",1
16222,43,12,8,"(0.08829965453524319, 0.0, 0.08950620996642342, 0.09247639241939104, 0.09173902283359818, 0.0, 0.06826344941350267, 0.0, 0.0, 0.0)",289
16223,43,12,8,"(0.06311577511469782, 0.0, 0.09648395616561786, 0.09247639241939104, 0.09173902283359818, 0.0, 0.0714553674997845, 0.0, 0.0, 0.0)",8
16224,43,12,8,"(0.08829965453524319, 0.0, 0.08950620996642342, 0.09247639241939104, 0.06014049075683327, 0.0, 0.06826344941350267, 0.0, 0.0, 0.0)",1
16225,43,12,8,"(0.08829965453524319, 0.0, 0.04797350439171323, 0.09247639241939104, 0.09173902283359818, 0.0, 0.06826344941350267, 0.0, 0.0, 0.0)",1
16226,43,12,8,"(0.08829965453524319, 0.0, 0.08950620996642342, 0.0707047681984538, 0.09173902283359818, 0.0, 0.06826344941350267, 0.0, 0.0, 0.0)",6
16227,43,12,8,"(0.26137497579234314, 0.0, 0.08950620996642342, 0.0796571309344853, 0.09173902283359818, 0.0, 0.07453110566729759, 0.0, 0.0, 0.0)",1
16228,43,12,8,"(0.15916469565326807, 0.0, 0.08950620996642342, 0.09247639241939104, 0.09173902283359818, 0.0, 0.06826344941350267, 0.0, 0.0, 0.0)",2
16229,43,12,11,"(0.06719781605794246, 0.14970886995698662, 0.0, 0.0, 0.0, 0.04688669779969397, 0.0, 0.09523546217639671, 0.0, 0.016681460257606875)",67
16230,43,12,11,"(0.05595493401288263, 0.14970886995698662, 0.0, 0.0, 0.0, 0.05739262036772274, 0.0, 0.09523546217639671, 0.0, 0.031051048610206557)",1
16231,43,12,11,"(0.09033430006888621, 0.14523678600853818, 0.0, 0.0, 0.0, 0.04688669779969397, 0.0, 0.09523546217639671, 0.0, 0.031051048610206557)",1
16232,43,12,11,"(0.05595493401288263, 0.11105468425259754, 0.0, 0.0, 0.0, 0.04688669779969397, 0.0, 0.10870448781731448, 0.0, 0.031051048610206557)",1
16233,43,12,11,"(0.09033430006888621, 0.14970886995698662, 0.0, 0.0, 0.0, 0.04688669779969397, 0.0, 0.09523546217639671, 0.0, 0.031051048610206557)",372
16234,43,12,11,"(0.09033430006888621, 0.14970886995698662, 0.0, 0.0, 0.0, 0.04688669779969397, 0.0, 0.09523546217639671, 0.0, 0.051119149668392795)",1
16235,43,12,11,"(0.09033430006888621, 0.09115475690190732, 0.0, 0.0, 0.0, 0.04688669779969397, 0.0, 0.09523546217639671, 0.0, 0.031051048610206557)",2
16236,43,12,11,"(0.11781275634449763, 0.14970886995698662, 0.0, 0.0, 0.0, 0.04688669779969397, 0.0, 0.09523546217639671, 0.0, 0.031051048610206557)",1
16237,43,12,11,"(0.13059004875041186, 0.14970886995698662, 0.0, 0.0, 0.0, 0.04688669779969397, 0.0, 0.09523546217639671, 0.0, 0.031051048610206557)",1
16238,43,12,11,"(0.12774974094302677, 0.14970886995698662, 0.0, 0.0, 0.0, 0.04688669779969397, 0.0, 0.09523546217639671, 0.0, 0.031051048610206557)",2
16239,43,12,11,"(0.05595493401288263, 0.14970886995698662, 0.0, 0.0, 0.0, 0.04688669779969397, 0.0, 0.09523546217639671, 0.0, 0.031051048610206557)",54
16240,43,12,13,"(0.0, 0.0, 0.11679612853536596, 0.08563940042617012, 0.09172770611919409, 0.07489992963210028, 0.0, 0.0, 0.14899621190854193, 0.0)",45
16241,43,12,13,"(0.0, 0.0, 0.11679612853536596, 0.06920069129515957, 0.09172770611919409, 0.07489992963210028, 0.0, 0.0, 0.14899621190854193, 0.0)",78
16242,43,12,13,"(0.0, 0.0, 0.15777074524312915, 0.06920069129515957, 0.09172770611919409, 0.07489992963210028, 0.0, 0.0, 0.14899621190854193, 0.0)",1
16243,43,12,13,"(0.0, 0.0, 0.11679612853536596, 0.09734689126755842, 0.09172770611919409, 0.07489992963210028, 0.0, 0.0, 0.14899621190854193, 0.0)",1
16244,43,12,13,"(0.0, 0.0, 0.18734994660808607, 0.06920069129515957, 0.09172770611919409, 0.07489992963210028, 0.0, 0.0, 0.14899621190854193, 0.0)",1
16245,43,12,13,"(0.0, 0.0, 0.11679612853536596, 0.11566245524900162, 0.09172770611919409, 0.07489992963210028, 0.0, 0.0, 0.14899621190854193, 0.0)",43
16246,43,13,8,"(0.08829965453524319, 0.0, 0.08950620996642342, 0.09247639241939104, 0.09173902283359818, 0.0, 0.06826344941350267, 0.0, 0.0, 0.0)",314
16247,43,13,11,"(0.09033430006888621, 0.1353047658861371, 0.0, 0.0, 0.0, 0.04688669779969397, 0.0, 0.09523546217639671, 0.0, 0.031051048610206557)",1
16248,43,13,11,"(0.05595493401288263, 0.12318918541793229, 0.0, 0.0, 0.0, 0.04688669779969397, 0.0, 0.09523546217639671, 0.0, 0.031051048610206557)",1
16249,43,13,11,"(0.09033430006888621, 0.14970886995698662, 0.0, 0.0, 0.0, 0.04790272170547323, 0.0, 0.09523546217639671, 0.0, 0.031051048610206557)",10
16250,43,13,11,"(0.05595493401288263, 0.14970886995698662, 0.0, 0.0, 0.0, 0.04688669779969397, 0.0, 0.09523546217639671, 0.0, 0.031051048610206557)",139
16251,43,13,11,"(0.05280248393472404, 0.16514108813035389, 0.0, 0.0, 0.0, 0.04688669779969397, 0.0, 0.09523546217639671, 0.0, 0.031051048610206557)",1
16252,43,13,11,"(0.05595493401288263, 0.13644689934726018, 0.0, 0.0, 0.0, 0.04688669779969397, 0.0, 0.09523546217639671, 0.0, 0.031051048610206557)",1
16253,43,13,11,"(0.05595493401288263, 0.14970886995698662, 0.0, 0.0, 0.0, 0.06952207509378208, 0.0, 0.03631717513547824, 0.0, 0.031051048610206557)",2
16254,43,13,11,"(0.09033430006888621, 0.14970886995698662, 0.0, 0.0, 0.0, 0.04688669779969397, 0.0, 0.09523546217639671, 0.0, 0.031051048610206557)",319
16255,43,13,11,"(0.05280248393472404, 0.14970886995698662, 0.0, 0.0, 0.0, 0.04688669779969397, 0.0, 0.09523546217639671, 0.0, 0.031051048610206557)",28
16256,43,13,11,"(0.06289714433725728, 0.14970886995698662, 0.0, 0.0, 0.0, 0.04688669779969397, 0.0, 0.09523546217639671, 0.0, 0.031051048610206557)",1
16257,43,13,13,"(0.0, 0.0, 0.11679612853536596, 0.11566245524900162, 0.09172770611919409, 0.07489992963210028, 0.0, 0.0, 0.14899621190854193, 0.0)",62
16258,43,13,13,"(0.0, 0.0, 0.11679612853536596, 0.06920069129515957, 0.09172770611919409, 0.07489992963210028, 0.0, 0.0, 0.14899621190854193, 0.0)",54
16259,43,13,13,"(0.0, 0.0, 0.11679612853536596, 0.08563940042617012, 0.09172770611919409, 0.07489992963210028, 0.0, 0.0, 0.14899621190854193, 0.0)",64
16260,43,13,13,"(0.0, 0.0, 0.11679612853536596, 0.06707211481160678, 0.09172770611919409, 0.07489992963210028, 0.0, 0.0, 0.14899621190854193, 0.0)",2
16261,43,14,8,"(0.08829965453524319, 0.0, 0.08950620996642342, 0.09247639241939104, 0.06690816478925718, 0.0, 0.06826344941350267, 0.0, 0.0, 0.0)",4
16262,43,14,8,"(0.08829965453524319, 0.0, 0.08950620996642342, 0.09247639241939104, 0.09173902283359818, 0.0, 0.06826344941350267, 0.0, 0.0, 0.0)",285
16263,43,14,11,"(0.14514564630508384, 0.14970886995698662, 0.0, 0.0, 0.0, 0.04688669779969397, 0.0, 0.09523546217639671, 0.0, 0.031051048610206557)",1
16264,43,14,11,"(0.09033430006888621, 0.14970886995698662, 0.0, 0.0, 0.0, 0.02456701172992344, 0.0, 0.09523546217639671, 0.0, 0.034193620212684094)",6
16265,43,14,11,"(0.09033430006888621, 0.14970886995698662, 0.0, 0.0, 0.0, 0.04688669779969397, 0.0, 0.09523546217639671, 0.0, 0.031051048610206557)",359
16266,43,14,11,"(0.09743830492993946, 0.14970886995698662, 0.0, 0.0, 0.0, 0.04688669779969397, 0.0, 0.09523546217639671, 0.0, 0.031051048610206557)",1
16267,43,14,11,"(0.05595493401288263, 0.14970886995698662, 0.0, 0.0, 0.0, 0.04688669779969397, 0.0, 0.09523546217639671, 0.0, 0.031051048610206557)",188
16268,43,14,11,"(0.09033430006888621, 0.14970886995698662, 0.0, 0.0, 0.0, 0.05228568194119895, 0.0, 0.09523546217639671, 0.0, 0.031051048610206557)",2
16269,43,14,11,"(0.08275374568076092, 0.14970886995698662, 0.0, 0.0, 0.0, 0.04688669779969397, 0.0, 0.09523546217639671, 0.0, 0.031051048610206557)",2
16270,43,14,11,"(0.09033430006888621, 0.16161292596420615, 0.0, 0.0, 0.0, 0.059152253066872024, 0.0, 0.09523546217639671, 0.0, 0.031051048610206557)",2
16271,43,14,11,"(0.05595493401288263, 0.14970886995698662, 0.0, 0.0, 0.0, 0.05926878456591531, 0.0, 0.09523546217639671, 0.0, 0.031051048610206557)",1
16272,43,14,11,"(0.07113339802063882, 0.14970886995698662, 0.0, 0.0, 0.0, 0.04688669779969397, 0.0, 0.09523546217639671, 0.0, 0.031051048610206557)",1
16273,43,14,11,"(0.09033430006888621, 0.14970886995698662, 0.0, 0.0, 0.0, 0.02942218959893588, 0.0, 0.19579733044185427, 0.0, 0.031051048610206557)",5
16274,43,14,13,"(0.0, 0.0, 0.11679612853536596, 0.08563940042617012, 0.09172770611919409, 0.07489992963210028, 0.0, 0.0, 0.14899621190854193, 0.0)",25
16275,43,14,13,"(0.0, 0.0, 0.06473547246250105, 0.0524657102917142, 0.09172770611919409, 0.07489992963210028, 0.0, 0.0, 0.2343054726947321, 0.0)",1
16276,43,14,13,"(0.0, 0.0, 0.11679612853536596, 0.08898665949680656, 0.09172770611919409, 0.07489992963210028, 0.0, 0.0, 0.14899621190854193, 0.0)",1
16277,43,14,13,"(0.0, 0.0, 0.11679612853536596, 0.06920069129515957, 0.09172770611919409, 0.07489992963210028, 0.0, 0.0, 0.2586495393654734, 0.0)",4
16278,43,14,13,"(0.0, 0.0, 0.1110480428457371, 0.06775079170873113, 0.09172770611919409, 0.07489992963210028, 0.0, 0.0, 0.14899621190854193, 0.0)",1
16279,43,14,13,"(0.0, 0.0, 0.11679612853536596, 0.11566245524900162, 0.09172770611919409, 0.07489992963210028, 0.0, 0.0, 0.14899621190854193, 0.0)",66
16280,43,14,13,"(0.0, 0.0, 0.11679612853536596, 0.06920069129515957, 0.09172770611919409, 0.07489992963210028, 0.0, 0.0, 0.14899621190854193, 0.0)",73
16281,43,15,8,"(0.08829965453524319, 0.0, 0.08950620996642342, 0.09247639241939104, 0.09173902283359818, 0.0, 0.06826344941350267, 0.0, 0.0, 0.0)",205
16282,43,15,8,"(0.09441885773519892, 0.0, 0.08950620996642342, 0.09247639241939104, 0.09173902283359818, 0.0, 0.06826344941350267, 0.0, 0.0, 0.0)",11
16283,43,15,8,"(0.08829965453524319, 0.0, 0.10212317003175475, 0.09247639241939104, 0.053926536942382544, 0.0, 0.06826344941350267, 0.0, 0.0, 0.0)",79
16284,43,15,8,"(0.08829965453524319, 0.0, 0.08950620996642342, 0.07891529891919395, 0.09173902283359818, 0.0, 0.0360685487624011, 0.0, 0.0, 0.0)",1
16285,43,15,8,"(0.09810287477540851, 0.0, 0.08950620996642342, 0.09247639241939104, 0.11615966876460807, 0.0, 0.06826344941350267, 0.0, 0.0, 0.0)",1
16286,43,15,8,"(0.08829965453524319, 0.0, 0.1026540837458474, 0.09247639241939104, 0.09173902283359818, 0.0, 0.06826344941350267, 0.0, 0.0, 0.0)",64
16287,43,15,11,"(0.05595493401288263, 0.14970886995698662, 0.0, 0.0, 0.0, 0.04688669779969397, 0.0, 0.09523546217639671, 0.0, 0.031051048610206557)",186
16288,43,15,11,"(0.09033430006888621, 0.14970886995698662, 0.0, 0.0, 0.0, 0.04688669779969397, 0.0, 0.09523546217639671, 0.0, 0.031051048610206557)",269
16289,43,15,11,"(0.20254417764121233, 0.14970886995698662, 0.0, 0.0, 0.0, 0.030349547387891206, 0.0, 0.09523546217639671, 0.0, 0.01812760691895582)",1
16290,43,15,11,"(0.09033430006888621, 0.13811094226388063, 0.0, 0.0, 0.0, 0.026445361321614475, 0.0, 0.09581660704298282, 0.0, 0.031051048610206557)",1
16291,43,15,11,"(0.09033430006888621, 0.14970886995698662, 0.0, 0.0, 0.0, 0.04281407067328117, 0.0, 0.09523546217639671, 0.0, 0.01812760691895582)",9
16292,43,15,11,"(0.09033430006888621, 0.14970886995698662, 0.0, 0.0, 0.0, 0.04688669779969397, 0.0, 0.19445685071917573, 0.0, 0.031051048610206557)",1
16293,43,15,11,"(0.15695840679637493, 0.14970886995698662, 0.0, 0.0, 0.0, 0.04688669779969397, 0.0, 0.09523546217639671, 0.0, 0.031051048610206557)",1
16294,43,15,13,"(0.0, 0.0, 0.11679612853536596, 0.04594919739667704, 0.09172770611919409, 0.07489992963210028, 0.0, 0.0, 0.14899621190854193, 0.0)",1
16295,43,15,13,"(0.0, 0.0, 0.11835386907594021, 0.08450146653387244, 0.09172770611919409, 0.049686459888864505, 0.0, 0.0, 0.1166527815164652, 0.0)",5
16296,43,15,13,"(0.0, 0.0, 0.11679612853536596, 0.08450146653387244, 0.09172770611919409, 0.07489992963210028, 0.0, 0.0, 0.14899621190854193, 0.0)",161
16297,43,15,13,"(0.0, 0.0, 0.11679612853536596, 0.08450146653387244, 0.09172770611919409, 0.07489992963210028, 0.0, 0.0, 0.15841603244112334, 0.0)",1
16298,43,16,8,"(0.08829965453524319, 0.0, 0.0525893064470947, 0.09247639241939104, 0.053926536942382544, 0.0, 0.06826344941350267, 0.0, 0.0, 0.0)",3
16299,43,16,8,"(0.08829965453524319, 0.0, 0.10612702930552001, 0.09247639241939104, 0.053926536942382544, 0.0, 0.06826344941350267, 0.0, 0.0, 0.0)",2
16300,43,16,8,"(0.08829965453524319, 0.0, 0.10212317003175475, 0.09247639241939104, 0.053926536942382544, 0.0, 0.06826344941350267, 0.0, 0.0, 0.0)",59
16301,43,16,8,"(0.08829965453524319, 0.0, 0.04915310414711593, 0.09247639241939104, 0.09173902283359818, 0.0, 0.06826344941350267, 0.0, 0.0, 0.0)",1
16302,43,16,8,"(0.08829965453524319, 0.0, 0.08950620996642342, 0.09247639241939104, 0.053926536942382544, 0.0, 0.06826344941350267, 0.0, 0.0, 0.0)",25
16303,43,16,8,"(0.08829965453524319, 0.0, 0.1026540837458474, 0.09247639241939104, 0.09173902283359818, 0.0, 0.06826344941350267, 0.0, 0.0, 0.0)",6
16304,43,16,8,"(0.05811090188823773, 0.0, 0.08950620996642342, 0.09247639241939104, 0.09173902283359818, 0.0, 0.06826344941350267, 0.0, 0.0, 0.0)",7
16305,43,16,8,"(0.08829965453524319, 0.0, 0.10212317003175475, 0.08469448918837841, 0.053926536942382544, 0.0, 0.06826344941350267, 0.0, 0.0, 0.0)",1
16306,43,16,8,"(0.08829965453524319, 0.0, 0.08950620996642342, 0.09247639241939104, 0.09173902283359818, 0.0, 0.06826344941350267, 0.0, 0.0, 0.0)",258
16307,43,16,8,"(0.08829965453524319, 0.0, 0.08936075953674899, 0.09247639241939104, 0.09173902283359818, 0.0, 0.058375056042125326, 0.0, 0.0, 0.0)",1
16308,43,16,8,"(0.08829965453524319, 0.0, 0.08950620996642342, 0.09247639241939104, 0.1190115777912425, 0.0, 0.06826344941350267, 0.0, 0.0, 0.0)",1
16309,43,16,11,"(0.035282771738250014, 0.14970886995698662, 0.0, 0.0, 0.0, 0.04688669779969397, 0.0, 0.09523546217639671, 0.0, 0.031051048610206557)",1
16310,43,16,11,"(0.09033430006888621, 0.21234240780096067, 0.0, 0.0, 0.0, 0.04688669779969397, 0.0, 0.09523546217639671, 0.0, 0.031051048610206557)",2
16311,43,16,11,"(0.09033430006888621, 0.14970886995698662, 0.0, 0.0, 0.0, 0.04688669779969397, 0.0, 0.09523546217639671, 0.0, 0.031051048610206557)",229
16312,43,16,11,"(0.09033430006888621, 0.14970886995698662, 0.0, 0.0, 0.0, 0.04281407067328117, 0.0, 0.09523546217639671, 0.0, 0.01812760691895582)",5
16313,43,16,11,"(0.019676080149365973, 0.20868557129426982, 0.0, 0.0, 0.0, 0.04688669779969397, 0.0, 0.09127412973782442, 0.0, 0.031051048610206557)",12
16314,43,16,11,"(0.05595493401288263, 0.14970886995698662, 0.0, 0.0, 0.0, 0.04795784574063768, 0.0, 0.09523546217639671, 0.0, 0.031051048610206557)",2
16315,43,16,11,"(0.09033430006888621, 0.14970886995698662, 0.0, 0.0, 0.0, 0.041087305683369144, 0.0, 0.09523546217639671, 0.0, 0.031051048610206557)",1
16316,43,16,11,"(0.05595493401288263, 0.14970886995698662, 0.0, 0.0, 0.0, 0.029660024371400362, 0.0, 0.09523546217639671, 0.0, 0.031051048610206557)",1
16317,43,16,11,"(0.09033430006888621, 0.07962954412730111, 0.0, 0.0, 0.0, 0.04688669779969397, 0.0, 0.09523546217639671, 0.0, 0.031051048610206557)",1
16318,43,16,11,"(0.05595493401288263, 0.14970886995698662, 0.0, 0.0, 0.0, 0.04688669779969397, 0.0, 0.09523546217639671, 0.0, 0.031051048610206557)",213
16319,43,16,11,"(0.09033430006888621, 0.14970886995698662, 0.0, 0.0, 0.0, 0.04688669779969397, 0.0, 0.09523546217639671, 0.0, 0.024351146088816306)",1
16320,43,16,13,"(0.0, 0.0, 0.11679612853536596, 0.050972886934013355, 0.20138997522122679, 0.07489992963210028, 0.0, 0.0, 0.14899621190854193, 0.0)",2
16321,43,16,13,"(0.0, 0.0, 0.09128677443841568, 0.08450146653387244, 0.09172770611919409, 0.07489992963210028, 0.0, 0.0, 0.14899621190854193, 0.0)",2
16322,43,16,13,"(0.0, 0.0, 0.11679612853536596, 0.08450146653387244, 0.09172770611919409, 0.07489992963210028, 0.0, 0.0, 0.14899621190854193, 0.0)",144
16323,43,16,13,"(0.0, 0.0, 0.11679612853536596, 0.08450146653387244, 0.07780724005750943, 0.07489992963210028, 0.0, 0.0, 0.14899621190854193, 0.0)",4
16324,43,17,8,"(0.08829965453524319, 0.0, 0.08950620996642342, 0.09247639241939104, 0.053926536942382544, 0.0, 0.08317929151318175, 0.0, 0.0, 0.0)",3
16325,43,17,8,"(0.08829965453524319, 0.0, 0.08950620996642342, 0.09247639241939104, 0.09173902283359818, 0.0, 0.06826344941350267, 0.0, 0.0, 0.0)",97
16326,43,17,8,"(0.08829965453524319, 0.0, 0.05592931931710335, 0.09247639241939104, 0.09173902283359818, 0.0, 0.06826344941350267, 0.0, 0.0, 0.0)",1
16327,43,17,8,"(0.08829965453524319, 0.0, 0.08950620996642342, 0.09247639241939104, 0.053926536942382544, 0.0, 0.06826344941350267, 0.0, 0.0, 0.0)",154
16328,43,17,8,"(0.08829965453524319, 0.0, 0.08950620996642342, 0.09247639241939104, 0.09173902283359818, 0.0, 0.06977967924596357, 0.0, 0.0, 0.0)",1
16329,43,17,8,"(0.08829965453524319, 0.0, 0.08950620996642342, 0.09247639241939104, 0.053926536942382544, 0.0, 0.03493216095850269, 0.0, 0.0, 0.0)",1
16330,43,17,8,"(0.08829965453524319, 0.0, 0.1026540837458474, 0.09247639241939104, 0.09173902283359818, 0.0, 0.06826344941350267, 0.0, 0.0, 0.0)",12
16331,43,17,8,"(0.08829965453524319, 0.0, 0.10212317003175475, 0.09247639241939104, 0.053926536942382544, 0.0, 0.06826344941350267, 0.0, 0.0, 0.0)",108
16332,43,17,11,"(0.09033430006888621, 0.14394918631218873, 0.0, 0.0, 0.0, 0.04688669779969397, 0.0, 0.09523546217639671, 0.0, 0.031051048610206557)",1
16333,43,17,11,"(0.09033430006888621, 0.2634468768277739, 0.0, 0.0, 0.0, 0.08193665956606944, 0.0, 0.09523546217639671, 0.0, 0.031051048610206557)",1
16334,43,17,11,"(0.09033430006888621, 0.19945604911234185, 0.0, 0.0, 0.0, 0.04688669779969397, 0.0, 0.09523546217639671, 0.0, 0.031051048610206557)",1
16335,43,17,11,"(0.09033430006888621, 0.13318220632472696, 0.0, 0.0, 0.0, 0.04688669779969397, 0.0, 0.09523546217639671, 0.0, 0.031051048610206557)",3
16336,43,17,11,"(0.09033430006888621, 0.14970886995698662, 0.0, 0.0, 0.0, 0.04688669779969397, 0.0, 0.09523546217639671, 0.0, 0.031051048610206557)",350
16337,43,17,11,"(0.09033430006888621, 0.14970886995698662, 0.0, 0.0, 0.0, 0.04688669779969397, 0.0, 0.056166612082633766, 0.0, 0.031051048610206557)",1
16338,43,17,11,"(0.05595493401288263, 0.13584772843118753, 0.0, 0.0, 0.0, 0.04688669779969397, 0.0, 0.09523546217639671, 0.0, 0.031051048610206557)",4
16339,43,17,11,"(0.09033430006888621, 0.14970886995698662, 0.0, 0.0, 0.0, 0.06061056970181395, 0.0, 0.09523546217639671, 0.0, 0.031051048610206557)",8
16340,43,17,11,"(0.09033430006888621, 0.14970886995698662, 0.0, 0.0, 0.0, 0.04688669779969397, 0.0, 0.09523546217639671, 0.0, 0.030255371839758214)",1
16341,43,17,11,"(0.09033430006888621, 0.14970886995698662, 0.0, 0.0, 0.0, 0.03884245934552215, 0.0, 0.1820650146021093, 0.0, 0.031051048610206557)",1
16342,43,17,11,"(0.08316676859445368, 0.14970886995698662, 0.0, 0.0, 0.0, 0.04688669779969397, 0.0, 0.09523546217639671, 0.0, 0.031051048610206557)",1
16343,43,17,11,"(0.05509177497961777, 0.14970886995698662, 0.0, 0.0, 0.0, 0.04688669779969397, 0.0, 0.059039624972733594, 0.0, 0.031051048610206557)",1
16344,43,17,11,"(0.05595493401288263, 0.14970886995698662, 0.0, 0.0, 0.0, 0.04688669779969397, 0.0, 0.09523546217639671, 0.0, 0.031051048610206557)",54
16345,43,17,13,"(0.0, 0.0, 0.11679612853536596, 0.08450146653387244, 0.09172770611919409, 0.07489992963210028, 0.0, 0.0, 0.14899621190854193, 0.0)",165
16346,43,18,8,"(0.08829965453524319, 0.0, 0.08950620996642342, 0.09795167452318461, 0.06645362963238159, 0.0, 0.06826344941350267, 0.0, 0.0, 0.0)",1
16347,43,18,8,"(0.08829965453524319, 0.0, 0.08950620996642342, 0.09247639241939104, 0.09173902283359818, 0.0, 0.06826344941350267, 0.0, 0.0, 0.0)",348
16348,43,18,8,"(0.08829965453524319, 0.0, 0.08950620996642342, 0.09247639241939104, 0.09173902283359818, 0.0, 0.07417671052868029, 0.0, 0.0, 0.0)",1
16349,43,18,8,"(0.06989881805912015, 0.0, 0.08950620996642342, 0.09247639241939104, 0.09173902283359818, 0.0, 0.06826344941350267, 0.0, 0.0, 0.0)",1
16350,43,18,8,"(0.08829965453524319, 0.0, 0.11619598726245467, 0.09247639241939104, 0.15796077314108017, 0.0, 0.06826344941350267, 0.0, 0.0, 0.0)",2
16351,43,18,11,"(0.05595493401288263, 0.14970886995698662, 0.0, 0.0, 0.0, 0.04688669779969397, 0.0, 0.06027870158852841, 0.0, 0.031051048610206557)",1
16352,43,18,11,"(0.09033430006888621, 0.14970886995698662, 0.0, 0.0, 0.0, 0.04688669779969397, 0.0, 0.09523546217639671, 0.0, 0.018751967497919842)",5
16353,43,18,11,"(0.09033430006888621, 0.1704449082380447, 0.0, 0.0, 0.0, 0.04688669779969397, 0.0, 0.09523546217639671, 0.0, 0.031051048610206557)",20
16354,43,18,11,"(0.09033430006888621, 0.14970886995698662, 0.0, 0.0, 0.0, 0.036348135024847426, 0.0, 0.09523546217639671, 0.0, 0.031051048610206557)",7
16355,43,18,11,"(0.05595493401288263, 0.14970886995698662, 0.0, 0.0, 0.0, 0.0180521960150389, 0.0, 0.09523546217639671, 0.0, 0.031051048610206557)",2
16356,43,18,11,"(0.04575798973478498, 0.17329177803859083, 0.0, 0.0, 0.0, 0.04688669779969397, 0.0, 0.0666283458529366, 0.0, 0.031051048610206557)",2
16357,43,18,11,"(0.09033430006888621, 0.14970886995698662, 0.0, 0.0, 0.0, 0.04688669779969397, 0.0, 0.09523546217639671, 0.0, 0.031051048610206557)",282
16358,43,18,11,"(0.09033430006888621, 0.11696487240757159, 0.0, 0.0, 0.0, 0.04688669779969397, 0.0, 0.10224071055520714, 0.0, 0.031051048610206557)",12
16359,43,18,11,"(0.09033430006888621, 0.14970886995698662, 0.0, 0.0, 0.0, 0.04688669779969397, 0.0, 0.09523546217639671, 0.0, 0.041005166016811666)",1
16360,43,18,11,"(0.21090783304807434, 0.14970886995698662, 0.0, 0.0, 0.0, 0.04688669779969397, 0.0, 0.09523546217639671, 0.0, 0.031051048610206557)",1
16361,43,18,11,"(0.09033430006888621, 0.14970886995698662, 0.0, 0.0, 0.0, 0.04688669779969397, 0.0, 0.08685630282546444, 0.0, 0.031051048610206557)",1
16362,43,18,11,"(0.09033430006888621, 0.14970886995698662, 0.0, 0.0, 0.0, 0.04688669779969397, 0.0, 0.07851631155931958, 0.0, 0.01812760691895582)",34
16363,43,18,11,"(0.09033430006888621, 0.3204283014176047, 0.0, 0.0, 0.0, 0.04688669779969397, 0.0, 0.09523546217639671, 0.0, 0.031051048610206557)",1
16364,43,18,11,"(0.05595493401288263, 0.14970886995698662, 0.0, 0.0, 0.0, 0.04688669779969397, 0.0, 0.09523546217639671, 0.0, 0.031051048610206557)",62
16365,43,18,13,"(0.0, 0.0, 0.11679612853536596, 0.06920069129515957, 0.11489508807725597, 0.07489992963210028, 0.0, 0.0, 0.08637636959621627, 0.0)",2
16366,43,18,13,"(0.0, 0.0, 0.11679612853536596, 0.06920069129515957, 0.09172770611919409, 0.07489992963210028, 0.0, 0.0, 0.14899621190854193, 0.0)",170
16367,43,19,8,"(0.08829965453524319, 0.0, 0.08950620996642342, 0.08247147107776255, 0.052931526847954734, 0.0, 0.037328802340856095, 0.0, 0.0, 0.0)",6
16368,43,19,8,"(0.08829965453524319, 0.0, 0.08950620996642342, 0.09247639241939104, 0.09173902283359818, 0.0, 0.06826344941350267, 0.0, 0.0, 0.0)",241
16369,43,19,8,"(0.08829965453524319, 0.0, 0.04923582746315328, 0.09247639241939104, 0.09173902283359818, 0.0, 0.06826344941350267, 0.0, 0.0, 0.0)",21
16370,43,19,8,"(0.08829965453524319, 0.0, 0.08950620996642342, 0.09247639241939104, 0.10730476212844786, 0.0, 0.037934447849955484, 0.0, 0.0, 0.0)",29
16371,43,19,8,"(0.08829965453524319, 0.0, 0.08950620996642342, 0.09247639241939104, 0.09815629206380076, 0.0, 0.06826344941350267, 0.0, 0.0, 0.0)",1
16372,43,19,11,"(0.09033430006888621, 0.14970886995698662, 0.0, 0.0, 0.0, 0.04688669779969397, 0.0, 0.09523546217639671, 0.0, 0.031051048610206557)",380
16373,43,19,11,"(0.05595493401288263, 0.14970886995698662, 0.0, 0.0, 0.0, 0.04688669779969397, 0.0, 0.09523546217639671, 0.0, 0.031051048610206557)",38
16374,43,19,11,"(0.09033430006888621, 0.10747597790430764, 0.0, 0.0, 0.0, 0.04688669779969397, 0.0, 0.11683761673378337, 0.0, 0.031051048610206557)",1
16375,43,19,11,"(0.11259312366001242, 0.14970886995698662, 0.0, 0.0, 0.0, 0.04688669779969397, 0.0, 0.09523546217639671, 0.0, 0.031051048610206557)",2
16376,43,19,11,"(0.09033430006888621, 0.14970886995698662, 0.0, 0.0, 0.0, 0.04688669779969397, 0.0, 0.09242764315569504, 0.0, 0.031051048610206557)",1
16377,43,19,11,"(0.09033430006888621, 0.14970886995698662, 0.0, 0.0, 0.0, 0.04688669779969397, 0.0, 0.07851631155931958, 0.0, 0.01812760691895582)",29
16378,43,19,13,"(0.0, 0.0, 0.11679612853536596, 0.07454200917453553, 0.09172770611919409, 0.04833085404694659, 0.0, 0.0, 0.14899621190854193, 0.0)",1
16379,43,19,13,"(0.0, 0.0, 0.11679612853536596, 0.06920069129515957, 0.09172770611919409, 0.07489992963210028, 0.0, 0.0, 0.14899621190854193, 0.0)",183
16380,43,19,13,"(0.0, 0.0, 0.11679612853536596, 0.06920069129515957, 0.09172770611919409, 0.07489992963210028, 0.0, 0.0, 0.11924847344088615, 0.0)",1
16381,43,20,8,"(0.08829965453524319, 0.0, 0.04923582746315328, 0.09247639241939104, 0.09173902283359818, 0.0, 0.06826344941350267, 0.0, 0.0, 0.0)",154
16382,43,20,8,"(0.08829965453524319, 0.0, 0.08950620996642342, 0.0593265628264825, 0.09173902283359818, 0.0, 0.06826344941350267, 0.0, 0.0, 0.0)",1
16383,43,20,8,"(0.08829965453524319, 0.0, 0.08950620996642342, 0.09247639241939104, 0.09173902283359818, 0.0, 0.16390237224641024, 0.0, 0.0, 0.0)",3
16384,43,20,8,"(0.08829965453524319, 0.0, 0.08950620996642342, 0.09247639241939104, 0.09173902283359818, 0.0, 0.1178980388912101, 0.0, 0.0, 0.0)",1
16385,43,20,8,"(0.08829965453524319, 0.0, 0.08950620996642342, 0.14017206021389753, 0.09173902283359818, 0.0, 0.06826344941350267, 0.0, 0.0, 0.0)",2
16386,43,20,8,"(0.08829965453524319, 0.0, 0.15873001662865627, 0.09247639241939104, 0.09173902283359818, 0.0, 0.1178980388912101, 0.0, 0.0, 0.0)",1
16387,43,20,8,"(0.08829965453524319, 0.0, 0.04923582746315328, 0.09247639241939104, 0.09173902283359818, 0.0, 0.07718292430187053, 0.0, 0.0, 0.0)",1
16388,43,20,8,"(0.0764561820972762, 0.0, 0.08950620996642342, 0.09247639241939104, 0.09173902283359818, 0.0, 0.06826344941350267, 0.0, 0.0, 0.0)",3
16389,43,20,8,"(0.08829965453524319, 0.0, 0.08950620996642342, 0.09247639241939104, 0.09173902283359818, 0.0, 0.06826344941350267, 0.0, 0.0, 0.0)",173
16390,43,20,11,"(0.1608665542229365, 0.14970886995698662, 0.0, 0.0, 0.0, 0.04688669779969397, 0.0, 0.09523546217639671, 0.0, 0.031051048610206557)",1
16391,43,20,11,"(0.07642815131441184, 0.14970886995698662, 0.0, 0.0, 0.0, 0.04688669779969397, 0.0, 0.09523546217639671, 0.0, 0.031051048610206557)",2
16392,43,20,11,"(0.09033430006888621, 0.14970886995698662, 0.0, 0.0, 0.0, 0.04688669779969397, 0.0, 0.07596809858012187, 0.0, 0.031051048610206557)",1
16393,43,20,11,"(0.09033430006888621, 0.14970886995698662, 0.0, 0.0, 0.0, 0.04688669779969397, 0.0, 0.09523546217639671, 0.0, 0.031051048610206557)",444
16394,43,20,11,"(0.09033430006888621, 0.09215821364750656, 0.0, 0.0, 0.0, 0.05349055996015486, 0.0, 0.09523546217639671, 0.0, 0.033009880363344554)",1
16395,43,20,11,"(0.09033430006888621, 0.14970886995698662, 0.0, 0.0, 0.0, 0.05776729945703133, 0.0, 0.09523546217639671, 0.0, 0.031051048610206557)",3
16396,43,20,11,"(0.09033430006888621, 0.14970886995698662, 0.0, 0.0, 0.0, 0.04688669779969397, 0.0, 0.07851631155931958, 0.0, 0.01812760691895582)",41
16397,43,20,11,"(0.05595493401288263, 0.14970886995698662, 0.0, 0.0, 0.0, 0.04688669779969397, 0.0, 0.09523546217639671, 0.0, 0.031051048610206557)",20
16398,43,20,11,"(0.09033430006888621, 0.14970886995698662, 0.0, 0.0, 0.0, 0.04688669779969397, 0.0, 0.09523546217639671, 0.0, 0.03618146999908525)",1
16399,43,20,13,"(0.0, 0.0, 0.11679612853536596, 0.05508113899722255, 0.09172770611919409, 0.12533293113687266, 0.0, 0.0, 0.14899621190854193, 0.0)",1
16400,43,20,13,"(0.0, 0.0, 0.11679612853536596, 0.06920069129515957, 0.09172770611919409, 0.07489992963210028, 0.0, 0.0, 0.14899621190854193, 0.0)",191
16401,44,0,8,"(0.08829965453524319, 0.0, 0.08950620996642342, 0.11246019366757298, 0.09173902283359818, 0.0, 0.06826344941350267, 0.0, 0.0, 0.0)",1
16402,44,0,8,"(0.08829965453524319, 0.0, 0.08950620996642342, 0.09247639241939104, 0.09173902283359818, 0.0, 0.09838786814530825, 0.0, 0.0, 0.0)",3
16403,44,0,8,"(0.09308415704742891, 0.0, 0.08950620996642342, 0.09247639241939104, 0.09173902283359818, 0.0, 0.06826344941350267, 0.0, 0.0, 0.0)",2
16404,44,0,8,"(0.08829965453524319, 0.0, 0.08950620996642342, 0.09247639241939104, 0.09173902283359818, 0.0, 0.06826344941350267, 0.0, 0.0, 0.0)",346
16405,44,0,8,"(0.11807624234351909, 0.0, 0.08950620996642342, 0.09247639241939104, 0.09173902283359818, 0.0, 0.06826344941350267, 0.0, 0.0, 0.0)",2
16406,44,0,11,"(0.05595493401288263, 0.14970886995698662, 0.0, 0.0, 0.0, 0.04688669779969397, 0.0, 0.09523546217639671, 0.0, 0.031051048610206557)",151
16407,44,0,11,"(0.09033430006888621, 0.14970886995698662, 0.0, 0.0, 0.0, 0.04688669779969397, 0.0, 0.09523546217639671, 0.0, 0.023304058031627727)",2
16408,44,0,11,"(0.09033430006888621, 0.14970886995698662, 0.0, 0.0, 0.0, 0.04688669779969397, 0.0, 0.07702654271982474, 0.0, 0.031051048610206557)",3
16409,44,0,11,"(0.09033430006888621, 0.14970886995698662, 0.0, 0.0, 0.0, 0.04688669779969397, 0.0, 0.12177932762136531, 0.0, 0.018055273071350655)",36
16410,44,0,11,"(0.09033430006888621, 0.14970886995698662, 0.0, 0.0, 0.0, 0.04992916929948739, 0.0, 0.09523546217639671, 0.0, 0.03790184538689016)",1
16411,44,0,11,"(0.05681094679658691, 0.14970886995698662, 0.0, 0.0, 0.0, 0.04688669779969397, 0.0, 0.09523546217639671, 0.0, 0.031051048610206557)",3
16412,44,0,11,"(0.07328219215338751, 0.20094919886133053, 0.0, 0.0, 0.0, 0.04688669779969397, 0.0, 0.09523546217639671, 0.0, 0.020839465743461676)",2
16413,44,0,11,"(0.09033430006888621, 0.06874907266643632, 0.0, 0.0, 0.0, 0.04688669779969397, 0.0, 0.09523546217639671, 0.0, 0.031051048610206557)",3
16414,44,0,11,"(0.09033430006888621, 0.14970886995698662, 0.0, 0.0, 0.0, 0.04688669779969397, 0.0, 0.06006494754146369, 0.0, 0.031051048610206557)",1
16415,44,0,11,"(0.09033430006888621, 0.14970886995698662, 0.0, 0.0, 0.0, 0.01644007232362974, 0.0, 0.09523546217639671, 0.0, 0.031051048610206557)",1
16416,44,0,11,"(0.09033430006888621, 0.10767983477410194, 0.0, 0.0, 0.0, 0.04688669779969397, 0.0, 0.09523546217639671, 0.0, 0.031051048610206557)",4
16417,44,0,11,"(0.05595493401288263, 0.14970886995698662, 0.0, 0.0, 0.0, 0.04688669779969397, 0.0, 0.07252426793900123, 0.0, 0.031051048610206557)",2
16418,44,0,11,"(0.09033430006888621, 0.14970886995698662, 0.0, 0.0, 0.0, 0.04688669779969397, 0.0, 0.09523546217639671, 0.0, 0.031051048610206557)",258
16419,44,0,11,"(0.09033430006888621, 0.14970886995698662, 0.0, 0.0, 0.0, 0.04688669779969397, 0.0, 0.09523546217639671, 0.0, 0.031075877999040206)",2
16420,44,0,13,"(0.0, 0.0, 0.11679612853536596, 0.11566245524900162, 0.09172770611919409, 0.07489992963210028, 0.0, 0.0, 0.14899621190854193, 0.0)",4
16421,44,0,13,"(0.0, 0.0, 0.18187221165342268, 0.11566245524900162, 0.09172770611919409, 0.07489992963210028, 0.0, 0.0, 0.14899621190854193, 0.0)",47
16422,44,0,13,"(0.0, 0.0, 0.11679612853536596, 0.06920069129515957, 0.09172770611919409, 0.07489992963210028, 0.0, 0.0, 0.14899621190854193, 0.0)",91
16423,44,0,13,"(0.0, 0.0, 0.11679612853536596, 0.11881053868174331, 0.09172770611919409, 0.07489992963210028, 0.0, 0.0, 0.18377341732155902, 0.0)",16
16424,44,1,8,"(0.08829965453524319, 0.0, 0.08950620996642342, 0.19576609751566143, 0.09173902283359818, 0.0, 0.07382342043601434, 0.0, 0.0, 0.0)",1
16425,44,1,8,"(0.08829965453524319, 0.0, 0.08950620996642342, 0.09247639241939104, 0.09173902283359818, 0.0, 0.06826344941350267, 0.0, 0.0, 0.0)",254
16426,44,1,8,"(0.08829965453524319, 0.0, 0.08950620996642342, 0.09247639241939104, 0.06134019332136926, 0.0, 0.06826344941350267, 0.0, 0.0, 0.0)",2
16427,44,1,11,"(0.05595493401288263, 0.14970886995698662, 0.0, 0.0, 0.0, 0.04688669779969397, 0.0, 0.09523546217639671, 0.0, 0.045686873640644096)",4
16428,44,1,11,"(0.09033430006888621, 0.18279733386605138, 0.0, 0.0, 0.0, 0.030548936588325103, 0.0, 0.09523546217639671, 0.0, 0.03325954516236396)",23
16429,44,1,11,"(0.05595493401288263, 0.174761423639636, 0.0, 0.0, 0.0, 0.04688669779969397, 0.0, 0.09800972643645324, 0.0, 0.031051048610206557)",1
16430,44,1,11,"(0.05595493401288263, 0.14970886995698662, 0.0, 0.0, 0.0, 0.04688669779969397, 0.0, 0.09523546217639671, 0.0, 0.031051048610206557)",286
16431,44,1,11,"(0.05595493401288263, 0.14970886995698662, 0.0, 0.0, 0.0, 0.03166412380020044, 0.0, 0.09523546217639671, 0.0, 0.031051048610206557)",1
16432,44,1,11,"(0.13108967602721056, 0.14970886995698662, 0.0, 0.0, 0.0, 0.04688669779969397, 0.0, 0.09523546217639671, 0.0, 0.015006499047823271)",2
16433,44,1,11,"(0.09033430006888621, 0.14970886995698662, 0.0, 0.0, 0.0, 0.04688669779969397, 0.0, 0.09523546217639671, 0.0, 0.031051048610206557)",120
16434,44,2,8,"(0.08829965453524319, 0.0, 0.08950620996642342, 0.09247639241939104, 0.09173902283359818, 0.0, 0.06826344941350267, 0.0, 0.0, 0.0)",320
16435,44,2,8,"(0.08486434053861663, 0.0, 0.08950620996642342, 0.09247639241939104, 0.09173902283359818, 0.0, 0.06826344941350267, 0.0, 0.0, 0.0)",2
16436,44,2,8,"(0.08829965453524319, 0.0, 0.08950620996642342, 0.09247639241939104, 0.04088322285420452, 0.0, 0.06826344941350267, 0.0, 0.0, 0.0)",1
16437,44,2,8,"(0.0699047566186835, 0.0, 0.0916580378330244, 0.09247639241939104, 0.13541052307389015, 0.0, 0.06826344941350267, 0.0, 0.0, 0.0)",1
16438,44,2,8,"(0.08829965453524319, 0.0, 0.08959571045731876, 0.13899710970114817, 0.09173902283359818, 0.0, 0.06826344941350267, 0.0, 0.0, 0.0)",2
16439,44,2,11,"(0.05263710169607317, 0.14970886995698662, 0.0, 0.0, 0.0, 0.04556184876148329, 0.0, 0.09523546217639671, 0.0, 0.031051048610206557)",1
16440,44,2,11,"(0.05595493401288263, 0.14970886995698662, 0.0, 0.0, 0.0, 0.04180524424774577, 0.0, 0.09523546217639671, 0.0, 0.031051048610206557)",1
16441,44,2,11,"(0.05595493401288263, 0.09077150983187142, 0.0, 0.0, 0.0, 0.04688669779969397, 0.0, 0.09523546217639671, 0.0, 0.031051048610206557)",1
16442,44,2,11,"(0.05595493401288263, 0.14970886995698662, 0.0, 0.0, 0.0, 0.04688669779969397, 0.0, 0.09523546217639671, 0.0, 0.031051048610206557)",207
16443,44,2,11,"(0.09033430006888621, 0.18279733386605138, 0.0, 0.0, 0.0, 0.030548936588325103, 0.0, 0.09523546217639671, 0.0, 0.06322982372318595)",2
16444,44,2,11,"(0.09033430006888621, 0.18279733386605138, 0.0, 0.0, 0.0, 0.030548936588325103, 0.0, 0.09523546217639671, 0.0, 0.03325954516236396)",36
16445,44,2,11,"(0.10264249401138949, 0.14970886995698662, 0.0, 0.0, 0.0, 0.04688669779969397, 0.0, 0.09523546217639671, 0.0, 0.031051048610206557)",2
16446,44,2,11,"(0.09033430006888621, 0.14970886995698662, 0.0, 0.0, 0.0, 0.04688669779969397, 0.0, 0.09523546217639671, 0.0, 0.031051048610206557)",174
16447,44,2,11,"(0.05595493401288263, 0.12259088339454276, 0.0, 0.0, 0.0, 0.04688669779969397, 0.0, 0.09523546217639671, 0.0, 0.031051048610206557)",1
16448,44,2,11,"(0.09033430006888621, 0.14970886995698662, 0.0, 0.0, 0.0, 0.04688669779969397, 0.0, 0.08471338899613612, 0.0, 0.031051048610206557)",36
16449,44,2,11,"(0.05595493401288263, 0.07867723414349867, 0.0, 0.0, 0.0, 0.04688669779969397, 0.0, 0.09523546217639671, 0.0, 0.031051048610206557)",1
16450,44,2,13,"(0.0, 0.0, 0.11679612853536596, 0.06920069129515957, 0.09172770611919409, 0.07489992963210028, 0.0, 0.0, 0.14899621190854193, 0.0)",184
16451,44,3,8,"(0.08829965453524319, 0.0, 0.12612666369957734, 0.09247639241939104, 0.09173902283359818, 0.0, 0.06826344941350267, 0.0, 0.0, 0.0)",2
16452,44,3,8,"(0.08829965453524319, 0.0, 0.08950620996642342, 0.09247639241939104, 0.09173902283359818, 0.0, 0.06826344941350267, 0.0, 0.0, 0.0)",325
16453,44,3,11,"(0.1322818289516972, 0.14970886995698662, 0.0, 0.0, 0.0, 0.04345074670304122, 0.0, 0.09523546217639671, 0.0, 0.031051048610206557)",4
16454,44,3,11,"(0.05595493401288263, 0.12318918541793229, 0.0, 0.0, 0.0, 0.04688669779969397, 0.0, 0.09523546217639671, 0.0, 0.031051048610206557)",10
16455,44,3,11,"(0.09033430006888621, 0.14970886995698662, 0.0, 0.0, 0.0, 0.04790272170547323, 0.0, 0.09523546217639671, 0.0, 0.045725790463247845)",2
16456,44,3,11,"(0.09033430006888621, 0.14970886995698662, 0.0, 0.0, 0.0, 0.04688669779969397, 0.0, 0.09523546217639671, 0.0, 0.031051048610206557)",261
16457,44,3,11,"(0.09033430006888621, 0.14970886995698662, 0.0, 0.0, 0.0, 0.04790272170547323, 0.0, 0.09523546217639671, 0.0, 0.031051048610206557)",31
16458,44,3,11,"(0.09033430006888621, 0.11035653515588402, 0.0, 0.0, 0.0, 0.04688669779969397, 0.0, 0.09523546217639671, 0.0, 0.031051048610206557)",1
16459,44,3,11,"(0.05595493401288263, 0.08565176927162693, 0.0, 0.0, 0.0, 0.04688669779969397, 0.0, 0.09523546217639671, 0.0, 0.031051048610206557)",1
16460,44,3,11,"(0.05595493401288263, 0.14970886995698662, 0.0, 0.0, 0.0, 0.04688669779969397, 0.0, 0.09523546217639671, 0.0, 0.031051048610206557)",108
16461,44,3,13,"(0.0, 0.0, 0.11679612853536596, 0.06200827214194353, 0.09172770611919409, 0.07489992963210028, 0.0, 0.0, 0.32166914336418934, 0.0)",1
16462,44,3,13,"(0.0, 0.0, 0.11679612853536596, 0.11566245524900162, 0.09172770611919409, 0.07489992963210028, 0.0, 0.0, 0.14899621190854193, 0.0)",72
16463,44,3,13,"(0.0, 0.0, 0.11679612853536596, 0.11566245524900162, 0.09172770611919409, 0.07489992963210028, 0.0, 0.0, 0.11408680377656785, 0.0)",1
16464,44,3,13,"(0.0, 0.0, 0.11679612853536596, 0.06920069129515957, 0.09172770611919409, 0.07489992963210028, 0.0, 0.0, 0.14899621190854193, 0.0)",99
16465,44,4,8,"(0.08829965453524319, 0.0, 0.08950620996642342, 0.09247639241939104, 0.09173902283359818, 0.0, 0.06826344941350267, 0.0, 0.0, 0.0)",230
16466,44,4,8,"(0.08829965453524319, 0.0, 0.057869683183517845, 0.09247639241939104, 0.09173902283359818, 0.0, 0.06826344941350267, 0.0, 0.0, 0.0)",18
16467,44,4,8,"(0.10250170566714022, 0.0, 0.04136564971433573, 0.09247639241939104, 0.09173902283359818, 0.0, 0.06826344941350267, 0.0, 0.0, 0.0)",5
16468,44,4,11,"(0.09033430006888621, 0.14970886995698662, 0.0, 0.0, 0.0, 0.054980028995251326, 0.0, 0.09523546217639671, 0.0, 0.031051048610206557)",2
16469,44,4,11,"(0.05706303351747787, 0.14970886995698662, 0.0, 0.0, 0.0, 0.04688669779969397, 0.0, 0.09523546217639671, 0.0, 0.03654460755153959)",5
16470,44,4,11,"(0.09033430006888621, 0.14970886995698662, 0.0, 0.0, 0.0, 0.04688669779969397, 0.0, 0.09523546217639671, 0.0, 0.031051048610206557)",226
16471,44,4,11,"(0.05280248393472404, 0.14970886995698662, 0.0, 0.0, 0.0, 0.04688669779969397, 0.0, 0.09523546217639671, 0.0, 0.031051048610206557)",12
16472,44,4,11,"(0.05595493401288263, 0.14970886995698662, 0.0, 0.0, 0.0, 0.04688669779969397, 0.0, 0.09523546217639671, 0.0, 0.031051048610206557)",229
16473,44,4,11,"(0.05595493401288263, 0.14970886995698662, 0.0, 0.0, 0.0, 0.04908132850116896, 0.0, 0.09523546217639671, 0.0, 0.031051048610206557)",1
16474,44,4,11,"(0.09033430006888621, 0.10792534766772975, 0.0, 0.0, 0.0, 0.05850973068130299, 0.0, 0.09523546217639671, 0.0, 0.031051048610206557)",1
16475,44,4,11,"(0.09033430006888621, 0.14970886995698662, 0.0, 0.0, 0.0, 0.04790272170547323, 0.0, 0.09523546217639671, 0.0, 0.031051048610206557)",72
16476,44,4,13,"(0.0, 0.0, 0.11679612853536596, 0.08563940042617012, 0.09172770611919409, 0.07489992963210028, 0.0, 0.0, 0.14899621190854193, 0.0)",169
16477,44,4,13,"(0.0, 0.0, 0.11679612853536596, 0.08563940042617012, 0.11832350861829666, 0.07489992963210028, 0.0, 0.0, 0.14899621190854193, 0.0)",1
16478,44,4,13,"(0.0, 0.0, 0.15028000155341734, 0.08563940042617012, 0.09172770611919409, 0.07489992963210028, 0.0, 0.0, 0.14899621190854193, 0.0)",2
16479,44,5,8,"(0.08829965453524319, 0.0, 0.08950620996642342, 0.09247639241939104, 0.09173902283359818, 0.0, 0.06826344941350267, 0.0, 0.0, 0.0)",283
16480,44,5,8,"(0.08829965453524319, 0.0, 0.053607108676507455, 0.09247639241939104, 0.10324169441763306, 0.0, 0.06826344941350267, 0.0, 0.0, 0.0)",1
16481,44,5,11,"(0.12739670529170666, 0.14970886995698662, 0.0, 0.0, 0.0, 0.04688669779969397, 0.0, 0.09523546217639671, 0.0, 0.031051048610206557)",1
16482,44,5,11,"(0.05595493401288263, 0.14970886995698662, 0.0, 0.0, 0.0, 0.06952207509378208, 0.0, 0.03631717513547824, 0.0, 0.031051048610206557)",42
16483,44,5,11,"(0.09033430006888621, 0.14970886995698662, 0.0, 0.0, 0.0, 0.04790272170547323, 0.0, 0.09523546217639671, 0.0, 0.031051048610206557)",15
16484,44,5,11,"(0.05280248393472404, 0.14970886995698662, 0.0, 0.0, 0.0, 0.04688669779969397, 0.0, 0.09523546217639671, 0.0, 0.031051048610206557)",7
16485,44,5,11,"(0.05595493401288263, 0.14970886995698662, 0.0, 0.0, 0.0, 0.04688669779969397, 0.0, 0.09523546217639671, 0.0, 0.031051048610206557)",127
16486,44,5,11,"(0.09033430006888621, 0.14970886995698662, 0.0, 0.0, 0.0, 0.04688669779969397, 0.0, 0.09523546217639671, 0.0, 0.031051048610206557)",266
16487,44,5,11,"(0.15296986614820274, 0.14970886995698662, 0.0, 0.0, 0.0, 0.04688669779969397, 0.0, 0.09432278687931536, 0.0, 0.031051048610206557)",2
16488,44,5,11,"(0.09033430006888621, 0.14970886995698662, 0.0, 0.0, 0.0, 0.04688669779969397, 0.0, 0.09523546217639671, 0.0, 0.03456794015933865)",1
16489,44,5,13,"(0.0, 0.0, 0.11679612853536596, 0.08563940042617012, 0.09172770611919409, 0.07489992963210028, 0.0, 0.0, 0.14899621190854193, 0.0)",54
16490,44,5,13,"(0.0, 0.0, 0.0999140385244022, 0.06920069129515957, 0.09172770611919409, 0.07489992963210028, 0.0, 0.0, 0.14899621190854193, 0.0)",3
16491,44,5,13,"(0.0, 0.0, 0.11679612853536596, 0.11566245524900162, 0.09172770611919409, 0.07489992963210028, 0.0, 0.0, 0.14899621190854193, 0.0)",58
16492,44,5,13,"(0.0, 0.0, 0.11679612853536596, 0.06920069129515957, 0.09172770611919409, 0.07489992963210028, 0.0, 0.0, 0.14899621190854193, 0.0)",50
16493,44,5,13,"(0.0, 0.0, 0.10199675655504283, 0.06920069129515957, 0.09172770611919409, 0.11280721667694148, 0.0, 0.0, 0.14899621190854193, 0.0)",2
16494,44,6,8,"(0.08829965453524319, 0.0, 0.09790938573312681, 0.09247639241939104, 0.09173902283359818, 0.0, 0.06826344941350267, 0.0, 0.0, 0.0)",10
16495,44,6,8,"(0.08829965453524319, 0.0, 0.08950620996642342, 0.04931960194094085, 0.0706973352438615, 0.0, 0.06826344941350267, 0.0, 0.0, 0.0)",2
16496,44,6,8,"(0.08829965453524319, 0.0, 0.08950620996642342, 0.09137741596365387, 0.09173902283359818, 0.0, 0.06826344941350267, 0.0, 0.0, 0.0)",1
16497,44,6,8,"(0.08829965453524319, 0.0, 0.08950620996642342, 0.09247639241939104, 0.09173902283359818, 0.0, 0.06826344941350267, 0.0, 0.0, 0.0)",332
16498,44,6,8,"(0.13828099713945965, 0.0, 0.08950620996642342, 0.0679127687505687, 0.09173902283359818, 0.0, 0.08809774453427906, 0.0, 0.0, 0.0)",2
16499,44,6,11,"(0.11991752695160594, 0.09950731712740148, 0.0, 0.0, 0.0, 0.04688669779969397, 0.0, 0.13635786553969723, 0.0, 0.031051048610206557)",1
16500,44,6,11,"(0.05595493401288263, 0.14970886995698662, 0.0, 0.0, 0.0, 0.05083459127086484, 0.0, 0.09523546217639671, 0.0, 0.04040728710360129)",3
16501,44,6,11,"(0.09033430006888621, 0.11339015515902609, 0.0, 0.0, 0.0, 0.04688669779969397, 0.0, 0.09523546217639671, 0.0, 0.031051048610206557)",1
16502,44,6,11,"(0.09033430006888621, 0.09950731712740148, 0.0, 0.0, 0.0, 0.09245607217464656, 0.0, 0.11934961582727864, 0.0, 0.025480712916699382)",1
16503,44,6,11,"(0.09033430006888621, 0.14970886995698662, 0.0, 0.0, 0.0, 0.04688669779969397, 0.0, 0.09523546217639671, 0.0, 0.031051048610206557)",213
16504,44,6,11,"(0.05595493401288263, 0.14970886995698662, 0.0, 0.0, 0.0, 0.04688669779969397, 0.0, 0.09523546217639671, 0.0, 0.019049678119772172)",5
16505,44,6,11,"(0.11121926721125601, 0.09950731712740148, 0.0, 0.0, 0.0, 0.07827887369502813, 0.0, 0.10932587648524524, 0.0, 0.031051048610206557)",1
16506,44,6,11,"(0.09033430006888621, 0.09950731712740148, 0.0, 0.0, 0.0, 0.04688669779969397, 0.0, 0.13635786553969723, 0.0, 0.031051048610206557)",77
16507,44,6,11,"(0.05595493401288263, 0.14970886995698662, 0.0, 0.0, 0.0, 0.04688669779969397, 0.0, 0.09523546217639671, 0.0, 0.031051048610206557)",187
16508,44,6,11,"(0.02451685433597211, 0.14970886995698662, 0.0, 0.0, 0.0, 0.04688669779969397, 0.0, 0.09523546217639671, 0.0, 0.031051048610206557)",2
16509,44,6,11,"(0.09931722659370436, 0.14970886995698662, 0.0, 0.0, 0.0, 0.040265456814974974, 0.0, 0.09523546217639671, 0.0, 0.031051048610206557)",2
16510,44,6,13,"(0.0, 0.0, 0.11679612853536596, 0.11566245524900162, 0.09172770611919409, 0.07489992963210028, 0.0, 0.0, 0.14899621190854193, 0.0)",159
16511,44,7,8,"(0.08829965453524319, 0.0, 0.08950620996642342, 0.09247639241939104, 0.09173902283359818, 0.0, 0.06826344941350267, 0.0, 0.0, 0.0)",341
16512,44,7,8,"(0.08829965453524319, 0.0, 0.08950620996642342, 0.11997183945458274, 0.08004411836531138, 0.0, 0.06949891256308985, 0.0, 0.0, 0.0)",2
16513,44,7,11,"(0.05595493401288263, 0.14970886995698662, 0.0, 0.0, 0.0, 0.04688669779969397, 0.0, 0.09523546217639671, 0.0, 0.031051048610206557)",244
16514,44,7,11,"(0.023314867345626197, 0.14970886995698662, 0.0, 0.0, 0.0, 0.04688669779969397, 0.0, 0.09523546217639671, 0.0, 0.031051048610206557)",5
16515,44,7,11,"(0.09033430006888621, 0.09950731712740148, 0.0, 0.0, 0.0, 0.04688669779969397, 0.0, 0.13635786553969723, 0.0, 0.031051048610206557)",114
16516,44,7,11,"(0.05595493401288263, 0.07593195988566301, 0.0, 0.0, 0.0, 0.04688669779969397, 0.0, 0.09523546217639671, 0.0, 0.033499798876491224)",1
16517,44,7,11,"(0.08064377223707078, 0.14970886995698662, 0.0, 0.0, 0.0, 0.04673921816638003, 0.0, 0.468873094735676, 0.0, 0.031051048610206557)",1
16518,44,7,11,"(0.05595493401288263, 0.14970886995698662, 0.0, 0.0, 0.0, 0.02647931611866766, 0.0, 0.09523546217639671, 0.0, 0.031051048610206557)",3
16519,44,7,11,"(0.09033430006888621, 0.09020012506108674, 0.0, 0.0, 0.0, 0.04688669779969397, 0.0, 0.13635786553969723, 0.0, 0.02833243931311448)",7
16520,44,7,11,"(0.03969210814314361, 0.14970886995698662, 0.0, 0.0, 0.0, 0.04688669779969397, 0.0, 0.09523546217639671, 0.0, 0.031051048610206557)",2
16521,44,7,11,"(0.057571501628703156, 0.09950731712740148, 0.0, 0.0, 0.0, 0.04688669779969397, 0.0, 0.13635786553969723, 0.0, 0.031051048610206557)",1
16522,44,7,11,"(0.09033430006888621, 0.0586580642914047, 0.0, 0.0, 0.0, 0.04688669779969397, 0.0, 0.3132860015362102, 0.0, 0.02873790361226869)",1
16523,44,7,11,"(0.09033430006888621, 0.14970886995698662, 0.0, 0.0, 0.0, 0.04688669779969397, 0.0, 0.09523546217639671, 0.0, 0.031051048610206557)",41
16524,44,7,13,"(0.0, 0.0, 0.11679612853536596, 0.20180643011714122, 0.07782305710177953, 0.07489992963210028, 0.0, 0.0, 0.14899621190854193, 0.0)",15
16525,44,7,13,"(0.0, 0.0, 0.11679612853536596, 0.11566245524900162, 0.09172770611919409, 0.07489992963210028, 0.0, 0.0, 0.14899621190854193, 0.0)",138
16526,44,8,8,"(0.08829965453524319, 0.0, 0.0767650172127761, 0.09694755874803275, 0.09173902283359818, 0.0, 0.06826344941350267, 0.0, 0.0, 0.0)",1
16527,44,8,8,"(0.08829965453524319, 0.0, 0.08950620996642342, 0.09247639241939104, 0.08141927349579701, 0.0, 0.06826344941350267, 0.0, 0.0, 0.0)",1
16528,44,8,8,"(0.08829965453524319, 0.0, 0.08950620996642342, 0.1309396274196142, 0.09173902283359818, 0.0, 0.06826344941350267, 0.0, 0.0, 0.0)",1
16529,44,8,8,"(0.09364727319875471, 0.0, 0.08950620996642342, 0.09247639241939104, 0.09173902283359818, 0.0, 0.06826344941350267, 0.0, 0.0, 0.0)",2
16530,44,8,8,"(0.08829965453524319, 0.0, 0.08950620996642342, 0.09247639241939104, 0.09173902283359818, 0.0, 0.06826344941350267, 0.0, 0.0, 0.0)",383
16531,44,8,11,"(0.09033430006888621, 0.14970886995698662, 0.0, 0.0, 0.0, 0.04688669779969397, 0.0, 0.15166605961559387, 0.0, 0.031051048610206557)",6
16532,44,8,11,"(0.05595493401288263, 0.14970886995698662, 0.0, 0.0, 0.0, 0.04688669779969397, 0.0, 0.09523546217639671, 0.0, 0.031051048610206557)",73
16533,44,8,11,"(0.09033430006888621, 0.14589357511155127, 0.0, 0.0, 0.0, 0.023840893081679786, 0.0, 0.09523546217639671, 0.0, 0.011695038888286382)",1
16534,44,8,11,"(0.09033430006888621, 0.14970886995698662, 0.0, 0.0, 0.0, 0.07752796774157826, 0.0, 0.09523546217639671, 0.0, 0.045113767929739076)",2
16535,44,8,11,"(0.09033430006888621, 0.14970886995698662, 0.0, 0.0, 0.0, 0.04688669779969397, 0.0, 0.09523546217639671, 0.0, 0.014463579405968988)",3
16536,44,8,11,"(0.09033430006888621, 0.1393276276064097, 0.0, 0.0, 0.0, 0.04688669779969397, 0.0, 0.09523546217639671, 0.0, 0.031051048610206557)",1
16537,44,8,11,"(0.09033430006888621, 0.14970886995698662, 0.0, 0.0, 0.0, 0.04688669779969397, 0.0, 0.09523546217639671, 0.0, 0.031051048610206557)",236
16538,44,8,11,"(0.09617260404673919, 0.14970886995698662, 0.0, 0.0, 0.0, 0.04688669779969397, 0.0, 0.09523546217639671, 0.0, 0.031051048610206557)",2
16539,44,8,11,"(0.09033430006888621, 0.14970886995698662, 0.0, 0.0, 0.0, 0.03282864888484725, 0.0, 0.09523546217639671, 0.0, 0.031051048610206557)",1
16540,44,8,11,"(0.09033430006888621, 0.09950731712740148, 0.0, 0.0, 0.0, 0.04688669779969397, 0.0, 0.13635786553969723, 0.0, 0.031051048610206557)",104
16541,44,8,11,"(0.07553789501227012, 0.14970886995698662, 0.0, 0.0, 0.0, 0.04688669779969397, 0.0, 0.09523546217639671, 0.0, 0.028031295834230047)",3
16542,44,8,13,"(0.0, 0.0, 0.11679612853536596, 0.11566245524900162, 0.09172770611919409, 0.05575823454914452, 0.0, 0.0, 0.14899621190854193, 0.0)",1
16543,44,8,13,"(0.0, 0.0, 0.11679612853536596, 0.11566245524900162, 0.09172770611919409, 0.07489992963210028, 0.0, 0.0, 0.14899621190854193, 0.0)",141
16544,44,8,13,"(0.0, 0.0, 0.0697947991561068, 0.11566245524900162, 0.09172770611919409, 0.07489992963210028, 0.0, 0.0, 0.14899621190854193, 0.0)",4
16545,44,9,8,"(0.08829965453524319, 0.0, 0.18246420465503496, 0.07444685272224509, 0.09173902283359818, 0.0, 0.06831326530311414, 0.0, 0.0, 0.0)",1
16546,44,9,8,"(0.08829965453524319, 0.0, 0.07270241573407724, 0.07448962029488056, 0.09173902283359818, 0.0, 0.06826344941350267, 0.0, 0.0, 0.0)",1
16547,44,9,8,"(0.14974632313777206, 0.0, 0.08950620996642342, 0.07451563692351923, 0.09173902283359818, 0.0, 0.06826344941350267, 0.0, 0.0, 0.0)",35
16548,44,9,8,"(0.08829965453524319, 0.0, 0.08950620996642342, 0.10544290672615995, 0.09173902283359818, 0.0, 0.06826344941350267, 0.0, 0.0, 0.0)",5
16549,44,9,8,"(0.08829965453524319, 0.0, 0.18246420465503496, 0.10770887374261519, 0.09173902283359818, 0.0, 0.06826344941350267, 0.0, 0.0, 0.0)",1
16550,44,9,8,"(0.08829965453524319, 0.0, 0.11683951571975984, 0.09247639241939104, 0.09173902283359818, 0.0, 0.06826344941350267, 0.0, 0.0, 0.0)",1
16551,44,9,8,"(0.08829965453524319, 0.0, 0.08950620996642342, 0.09247639241939104, 0.09173902283359818, 0.0, 0.06826344941350267, 0.0, 0.0, 0.0)",231
16552,44,9,8,"(0.08829965453524319, 0.0, 0.18246420465503496, 0.09247639241939104, 0.09173902283359818, 0.0, 0.06826344941350267, 0.0, 0.0, 0.0)",6
16553,44,9,11,"(0.187247980232569, 0.18422045019156594, 0.0, 0.0, 0.0, 0.045302757103815025, 0.0, 0.09523546217639671, 0.0, 0.038965674003498305)",1
16554,44,9,11,"(0.09033430006888621, 0.14970886995698662, 0.0, 0.0, 0.0, 0.04688669779969397, 0.0, 0.09523546217639671, 0.0, 0.031051048610206557)",308
16555,44,9,11,"(0.09033430006888621, 0.09950731712740148, 0.0, 0.0, 0.0, 0.04688669779969397, 0.0, 0.13635786553969723, 0.0, 0.031051048610206557)",119
16556,44,9,11,"(0.06348605069579814, 0.14970886995698662, 0.0, 0.0, 0.0, 0.08361626129187415, 0.0, 0.09523546217639671, 0.0, 0.0186074741664956)",1
16557,44,9,11,"(0.05595493401288263, 0.14970886995698662, 0.0, 0.0, 0.0, 0.04688669779969397, 0.0, 0.09523546217639671, 0.0, 0.031051048610206557)",137
16558,44,9,11,"(0.09461390410725916, 0.14970886995698662, 0.0, 0.0, 0.0, 0.04688669779969397, 0.0, 0.09523546217639671, 0.0, 0.031051048610206557)",2
16559,44,9,11,"(0.09033430006888621, 0.14970886995698662, 0.0, 0.0, 0.0, 0.04688669779969397, 0.0, 0.1254238682727659, 0.0, 0.031051048610206557)",1
16560,44,9,13,"(0.0, 0.0, 0.11679612853536596, 0.06920069129515957, 0.09172770611919409, 0.07489992963210028, 0.0, 0.0, 0.14899621190854193, 0.0)",106
16561,44,9,13,"(0.0, 0.0, 0.11679612853536596, 0.11566245524900162, 0.09172770611919409, 0.07489992963210028, 0.0, 0.0, 0.14899621190854193, 0.0)",58
16562,44,10,8,"(0.08829965453524319, 0.0, 0.18246420465503496, 0.09247639241939104, 0.09173902283359818, 0.0, 0.06826344941350267, 0.0, 0.0, 0.0)",23
16563,44,10,8,"(0.08829965453524319, 0.0, 0.08950620996642342, 0.10283292392748118, 0.09173902283359818, 0.0, 0.06826344941350267, 0.0, 0.0, 0.0)",1
16564,44,10,8,"(0.08829965453524319, 0.0, 0.1061151972535108, 0.09247639241939104, 0.09173902283359818, 0.0, 0.06826344941350267, 0.0, 0.0, 0.0)",1
16565,44,10,8,"(0.08829965453524319, 0.0, 0.08950620996642342, 0.09247639241939104, 0.09173902283359818, 0.0, 0.06826344941350267, 0.0, 0.0, 0.0)",287
16566,44,10,8,"(0.05880946853108167, 0.0, 0.08950620996642342, 0.09247639241939104, 0.09173902283359818, 0.0, 0.052665580063236676, 0.0, 0.0, 0.0)",1
16567,44,10,8,"(0.08829965453524319, 0.0, 0.08950620996642342, 0.07255110063912627, 0.09173902283359818, 0.0, 0.06826344941350267, 0.0, 0.0, 0.0)",1
16568,44,10,11,"(0.05595493401288263, 0.3513804287150736, 0.0, 0.0, 0.0, 0.061125844967502965, 0.0, 0.09736850355840387, 0.0, 0.031051048610206557)",1
16569,44,10,11,"(0.05595493401288263, 0.3513804287150736, 0.0, 0.0, 0.0, 0.04688669779969397, 0.0, 0.09523546217639671, 0.0, 0.031051048610206557)",3
16570,44,10,11,"(0.09033430006888621, 0.14970886995698662, 0.0, 0.0, 0.0, 0.04688669779969397, 0.0, 0.1325832265878062, 0.0, 0.031051048610206557)",1
16571,44,10,11,"(0.09033430006888621, 0.14970886995698662, 0.0, 0.0, 0.0, 0.04688669779969397, 0.0, 0.09523546217639671, 0.0, 0.031051048610206557)",217
16572,44,10,11,"(0.09033430006888621, 0.14970886995698662, 0.0, 0.0, 0.0, 0.04688669779969397, 0.0, 0.09523546217639671, 0.0, 0.013844069886294358)",5
16573,44,10,11,"(0.09033430006888621, 0.09950731712740148, 0.0, 0.0, 0.0, 0.04688669779969397, 0.0, 0.13635786553969723, 0.0, 0.031051048610206557)",21
16574,44,10,11,"(0.12268179544201968, 0.15282939710842436, 0.0, 0.0, 0.0, 0.04688669779969397, 0.0, 0.09503114759826488, 0.0, 0.031051048610206557)",1
16575,44,10,11,"(0.05595493401288263, 0.14970886995698662, 0.0, 0.0, 0.0, 0.04688669779969397, 0.0, 0.09523546217639671, 0.0, 0.031051048610206557)",204
16576,44,10,13,"(0.0, 0.0, 0.09402824549686202, 0.15412553982195926, 0.09172770611919409, 0.07489992963210028, 0.0, 0.0, 0.08543045936433312, 0.0)",9
16577,44,10,13,"(0.0, 0.0, 0.11679612853536596, 0.11566245524900162, 0.09172770611919409, 0.07489992963210028, 0.0, 0.0, 0.16910953227523504, 0.0)",1
16578,44,10,13,"(0.0, 0.0, 0.11679612853536596, 0.11566245524900162, 0.09172770611919409, 0.07489992963210028, 0.0, 0.0, 0.14899621190854193, 0.0)",137
16579,44,10,13,"(0.0, 0.0, 0.11679612853536596, 0.36345583737131915, 0.09172770611919409, 0.0712124843085882, 0.0, 0.0, 0.14899621190854193, 0.0)",1
16580,44,11,8,"(0.08829965453524319, 0.0, 0.08950620996642342, 0.09247639241939104, 0.09173902283359818, 0.0, 0.06826344941350267, 0.0, 0.0, 0.0)",283
16581,44,11,8,"(0.08829965453524319, 0.0, 0.18246420465503496, 0.09247639241939104, 0.10190393693467924, 0.0, 0.06826344941350267, 0.0, 0.0, 0.0)",1
16582,44,11,8,"(0.14774457864436524, 0.0, 0.08950620996642342, 0.09247639241939104, 0.07459550236814057, 0.0, 0.06826344941350267, 0.0, 0.0, 0.0)",4
16583,44,11,8,"(0.2927147808273907, 0.0, 0.08950620996642342, 0.09247639241939104, 0.07459550236814057, 0.0, 0.06826344941350267, 0.0, 0.0, 0.0)",2
16584,44,11,8,"(0.08829965453524319, 0.0, 0.18246420465503496, 0.09247639241939104, 0.09173902283359818, 0.0, 0.06826344941350267, 0.0, 0.0, 0.0)",25
16585,44,11,8,"(0.14974632313777206, 0.0, 0.08950620996642342, 0.07451563692351923, 0.09173902283359818, 0.0, 0.06826344941350267, 0.0, 0.0, 0.0)",5
16586,44,11,8,"(0.08829965453524319, 0.0, 0.08950620996642342, 0.09247639241939104, 0.09173902283359818, 0.0, 0.08690547646714829, 0.0, 0.0, 0.0)",3
16587,44,11,11,"(0.09033430006888621, 0.1151717866146741, 0.0, 0.0, 0.0, 0.04688669779969397, 0.0, 0.09523546217639671, 0.0, 0.04289211672474205)",1
16588,44,11,11,"(0.05654974320841428, 0.14970886995698662, 0.0, 0.0, 0.0, 0.04688669779969397, 0.0, 0.09523546217639671, 0.0, 0.031051048610206557)",1
16589,44,11,11,"(0.09259621644799004, 0.14970886995698662, 0.0, 0.0, 0.0, 0.04688669779969397, 0.0, 0.09523546217639671, 0.0, 0.013844069886294358)",1
16590,44,11,11,"(0.09033430006888621, 0.14970886995698662, 0.0, 0.0, 0.0, 0.04688669779969397, 0.0, 0.09523546217639671, 0.0, 0.031051048610206557)",275
16591,44,11,11,"(0.05595493401288263, 0.14970886995698662, 0.0, 0.0, 0.0, 0.04688669779969397, 0.0, 0.04986747077062898, 0.0, 0.05265953884139296)",6
16592,44,11,11,"(0.09033430006888621, 0.09950731712740148, 0.0, 0.0, 0.0, 0.04688669779969397, 0.0, 0.13635786553969723, 0.0, 0.031051048610206557)",52
16593,44,11,11,"(0.09033430006888621, 0.21828463787315033, 0.0, 0.0, 0.0, 0.04688669779969397, 0.0, 0.09523546217639671, 0.0, 0.031051048610206557)",5
16594,44,11,11,"(0.07025902129989842, 0.14970886995698662, 0.0, 0.0, 0.0, 0.04688669779969397, 0.0, 0.10012061055481765, 0.0, 0.031051048610206557)",1
16595,44,11,11,"(0.05595493401288263, 0.17458605004659272, 0.0, 0.0, 0.0, 0.04688669779969397, 0.0, 0.09523546217639671, 0.0, 0.031051048610206557)",2
16596,44,11,11,"(0.09033430006888621, 0.14970886995698662, 0.0, 0.0, 0.0, 0.04688669779969397, 0.0, 0.03551422736300998, 0.0, 0.031051048610206557)",5
16597,44,11,11,"(0.09033430006888621, 0.14970886995698662, 0.0, 0.0, 0.0, 0.03920393966713982, 0.0, 0.09523546217639671, 0.0, 0.031051048610206557)",2
16598,44,11,11,"(0.05595493401288263, 0.14970886995698662, 0.0, 0.0, 0.0, 0.04688669779969397, 0.0, 0.09523546217639671, 0.0, 0.031051048610206557)",136
16599,44,11,11,"(0.09033430006888621, 0.14970886995698662, 0.0, 0.0, 0.0, 0.04688669779969397, 0.0, 0.09523546217639671, 0.0, 0.06379664048277835)",1
16600,44,11,11,"(0.09033430006888621, 0.14970886995698662, 0.0, 0.0, 0.0, 0.04688669779969397, 0.0, 0.09523546217639671, 0.0, 0.013844069886294358)",16
16601,44,11,13,"(0.0, 0.0, 0.11679612853536596, 0.06920069129515957, 0.09172770611919409, 0.07489992963210028, 0.0, 0.0, 0.14899621190854193, 0.0)",10
16602,44,11,13,"(0.0, 0.0, 0.11679612853536596, 0.11566245524900162, 0.09172770611919409, 0.07489992963210028, 0.0, 0.0, 0.14899621190854193, 0.0)",122
16603,44,12,8,"(0.08829965453524319, 0.0, 0.08999223444613338, 0.09247639241939104, 0.09173902283359818, 0.0, 0.06826344941350267, 0.0, 0.0, 0.0)",1
16604,44,12,8,"(0.08829965453524319, 0.0, 0.047048388207453724, 0.09247639241939104, 0.09173902283359818, 0.0, 0.06826344941350267, 0.0, 0.0, 0.0)",1
16605,44,12,8,"(0.08829965453524319, 0.0, 0.03772638685182753, 0.09247639241939104, 0.09173902283359818, 0.0, 0.06826344941350267, 0.0, 0.0, 0.0)",1
16606,44,12,8,"(0.0764561820972762, 0.0, 0.08950620996642342, 0.09247639241939104, 0.09173902283359818, 0.0, 0.06826344941350267, 0.0, 0.0, 0.0)",2
16607,44,12,8,"(0.08829965453524319, 0.0, 0.04923582746315328, 0.09247639241939104, 0.09173902283359818, 0.0, 0.06826344941350267, 0.0, 0.0, 0.0)",269
16608,44,12,8,"(0.08829965453524319, 0.0, 0.08950620996642342, 0.09247639241939104, 0.09173902283359818, 0.0, 0.06826344941350267, 0.0, 0.0, 0.0)",65
16609,44,12,8,"(0.08829965453524319, 0.0, 0.04923582746315328, 0.09247639241939104, 0.09173902283359818, 0.0, 0.07718292430187053, 0.0, 0.0, 0.0)",27
16610,44,12,11,"(0.1608665542229365, 0.14970886995698662, 0.0, 0.0, 0.0, 0.04688669779969397, 0.0, 0.09523546217639671, 0.0, 0.031051048610206557)",6
16611,44,12,11,"(0.1558247840343745, 0.14970886995698662, 0.0, 0.0, 0.0, 0.04688669779969397, 0.0, 0.09523546217639671, 0.0, 0.031051048610206557)",1
16612,44,12,11,"(0.09033430006888621, 0.14970886995698662, 0.0, 0.0, 0.0, 0.04688669779969397, 0.0, 0.07851631155931958, 0.0, 0.01812760691895582)",13
16613,44,12,11,"(0.09033430006888621, 0.14970886995698662, 0.0, 0.0, 0.0, 0.04688669779969397, 0.0, 0.09523546217639671, 0.0, 0.020933146596776867)",1
16614,44,12,11,"(0.09033430006888621, 0.14970886995698662, 0.0, 0.0, 0.0, 0.03319208621856082, 0.0, 0.09523546217639671, 0.0, 0.031051048610206557)",1
16615,44,12,11,"(0.09033430006888621, 0.14970886995698662, 0.0, 0.0, 0.0, 0.04688669779969397, 0.0, 0.09523546217639671, 0.0, 0.031051048610206557)",422
16616,44,12,11,"(0.09033430006888621, 0.14970886995698662, 0.0, 0.0, 0.0, 0.12246011664694585, 0.0, 0.09523546217639671, 0.0, 0.031051048610206557)",1
16617,44,12,11,"(0.09033430006888621, 0.11683007157880393, 0.0, 0.0, 0.0, 0.04688669779969397, 0.0, 0.09523546217639671, 0.0, 0.031051048610206557)",1
16618,44,12,11,"(0.07642815131441184, 0.14970886995698662, 0.0, 0.0, 0.0, 0.04688669779969397, 0.0, 0.09523546217639671, 0.0, 0.031051048610206557)",34
16619,44,12,11,"(0.05595493401288263, 0.14970886995698662, 0.0, 0.0, 0.0, 0.04688669779969397, 0.0, 0.09523546217639671, 0.0, 0.031051048610206557)",3
16620,44,12,11,"(0.09033430006888621, 0.14970886995698662, 0.0, 0.0, 0.0, 0.04688669779969397, 0.0, 0.09523546217639671, 0.0, 0.030233234076718535)",1
16621,44,12,13,"(0.0, 0.0, 0.11679612853536596, 0.07651911881991233, 0.09172770611919409, 0.07947039301496572, 0.0, 0.0, 0.14899621190854193, 0.0)",1
16622,44,12,13,"(0.0, 0.0, 0.11679612853536596, 0.06920069129515957, 0.09172770611919409, 0.07489992963210028, 0.0, 0.0, 0.14899621190854193, 0.0)",204
16623,44,12,13,"(0.0, 0.0, 0.11679612853536596, 0.06920069129515957, 0.09172770611919409, 0.07489992963210028, 0.0, 0.0, 0.1260619573590202, 0.0)",1
16624,44,12,13,"(0.0, 0.0, 0.11679612853536596, 0.06920069129515957, 0.09172770611919409, 0.10602690772505878, 0.0, 0.0, 0.14899621190854193, 0.0)",1
16625,44,13,8,"(0.08829965453524319, 0.0, 0.08950620996642342, 0.14017206021389753, 0.09173902283359818, 0.0, 0.06826344941350267, 0.0, 0.0, 0.0)",4
16626,44,13,8,"(0.08829965453524319, 0.0, 0.04923582746315328, 0.09247639241939104, 0.09228867177593963, 0.0, 0.09259654406713336, 0.0, 0.0, 0.0)",2
16627,44,13,8,"(0.08829965453524319, 0.0, 0.04923582746315328, 0.09247639241939104, 0.09173902283359818, 0.0, 0.056598830088110126, 0.0, 0.0, 0.0)",4
16628,44,13,8,"(0.08829965453524319, 0.0, 0.08338963240658041, 0.09688910855356246, 0.09173902283359818, 0.0, 0.06826344941350267, 0.0, 0.0, 0.0)",1
16629,44,13,8,"(0.08829965453524319, 0.0, 0.04923582746315328, 0.08043659412285487, 0.09173902283359818, 0.0, 0.06826344941350267, 0.0, 0.0, 0.0)",1
16630,44,13,8,"(0.06506879537674219, 0.0, 0.08950620996642342, 0.09247639241939104, 0.09173902283359818, 0.0, 0.06826344941350267, 0.0, 0.0, 0.0)",4
16631,44,13,8,"(0.08829965453524319, 0.0, 0.08950620996642342, 0.09247639241939104, 0.09173902283359818, 0.0, 0.06826344941350267, 0.0, 0.0, 0.0)",162
16632,44,13,8,"(0.08829965453524319, 0.0, 0.04923582746315328, 0.09247639241939104, 0.09173902283359818, 0.0, 0.06826344941350267, 0.0, 0.0, 0.0)",157
16633,44,13,8,"(0.08829965453524319, 0.0, 0.13512458586782164, 0.09247639241939104, 0.07787494697557393, 0.0, 0.06826344941350267, 0.0, 0.0, 0.0)",1
16634,44,13,11,"(0.09033430006888621, 0.14970886995698662, 0.0, 0.0, 0.0, 0.04688669779969397, 0.0, 0.03842033225663883, 0.0, 0.01812760691895582)",1
16635,44,13,11,"(0.09033430006888621, 0.14970886995698662, 0.0, 0.0, 0.0, 0.05109160704264063, 0.0, 0.09523546217639671, 0.0, 0.031051048610206557)",1
16636,44,13,11,"(0.05595493401288263, 0.15791143621992856, 0.0, 0.0, 0.0, 0.04688669779969397, 0.0, 0.09523546217639671, 0.0, 0.031051048610206557)",1
16637,44,13,11,"(0.09033430006888621, 0.14970886995698662, 0.0, 0.0, 0.0, 0.04688669779969397, 0.0, 0.09523546217639671, 0.0, 0.02567297176047629)",2
16638,44,13,11,"(0.09033430006888621, 0.14970886995698662, 0.0, 0.0, 0.0, 0.059130655137434124, 0.0, 0.09523546217639671, 0.0, 0.031051048610206557)",2
16639,44,13,11,"(0.09033430006888621, 0.14970886995698662, 0.0, 0.0, 0.0, 0.04688669779969397, 0.0, 0.07851631155931958, 0.0, 0.01812760691895582)",51
16640,44,13,11,"(0.09033430006888621, 0.14970886995698662, 0.0, 0.0, 0.0, 0.04688669779969397, 0.0, 0.09523546217639671, 0.0, 0.031051048610206557)",308
16641,44,13,11,"(0.05595493401288263, 0.14970886995698662, 0.0, 0.0, 0.0, 0.04688669779969397, 0.0, 0.09523546217639671, 0.0, 0.031051048610206557)",83
16642,44,13,11,"(0.09033430006888621, 0.18254378735392926, 0.0, 0.0, 0.0, 0.051311661539409616, 0.0, 0.09523546217639671, 0.0, 0.031051048610206557)",1
16643,44,13,11,"(0.02975559901962927, 0.14970886995698662, 0.0, 0.0, 0.0, 0.04688669779969397, 0.0, 0.09523546217639671, 0.0, 0.031051048610206557)",1
16644,44,13,11,"(0.06602035256322693, 0.14970886995698662, 0.0, 0.0, 0.0, 0.04688669779969397, 0.0, 0.09523546217639671, 0.0, 0.031051048610206557)",1
16645,44,13,11,"(0.09033430006888621, 0.19079765826271206, 0.0, 0.0, 0.0, 0.06705966632662262, 0.0, 0.09523546217639671, 0.0, 0.031051048610206557)",1
16646,44,13,13,"(0.0, 0.0, 0.1350062568038085, 0.06920069129515957, 0.09172770611919409, 0.07489992963210028, 0.0, 0.0, 0.14899621190854193, 0.0)",2
16647,44,13,13,"(0.0, 0.0, 0.11679612853536596, 0.06920069129515957, 0.09172770611919409, 0.07489992963210028, 0.0, 0.0, 0.14899621190854193, 0.0)",178
16648,44,13,13,"(0.0, 0.0, 0.11679612853536596, 0.06016962745481805, 0.09172770611919409, 0.07489992963210028, 0.0, 0.0, 0.06969904920560588, 0.0)",3
16649,44,13,13,"(0.0, 0.0, 0.11679612853536596, 0.06920069129515957, 0.15511971051717152, 0.07489992963210028, 0.0, 0.0, 0.14899621190854193, 0.0)",1
16650,44,14,8,"(0.08829965453524319, 0.0, 0.04923582746315328, 0.09247639241939104, 0.09173902283359818, 0.0, 0.06826344941350267, 0.0, 0.0, 0.0)",194
16651,44,14,8,"(0.06509052901532786, 0.0, 0.08950620996642342, 0.04038991420757882, 0.09173902283359818, 0.0, 0.06826344941350267, 0.0, 0.0, 0.0)",3
16652,44,14,8,"(0.08829965453524319, 0.0, 0.08950620996642342, 0.09247639241939104, 0.09173902283359818, 0.0, 0.06826344941350267, 0.0, 0.0, 0.0)",148
16653,44,14,11,"(0.09033430006888621, 0.14970886995698662, 0.0, 0.0, 0.0, 0.04688669779969397, 0.0, 0.09523546217639671, 0.0, 0.031051048610206557)",361
16654,44,14,11,"(0.09033430006888621, 0.14970886995698662, 0.0, 0.0, 0.0, 0.061484738967373026, 0.0, 0.09523546217639671, 0.0, 0.031051048610206557)",1
16655,44,14,11,"(0.19751465873641083, 0.14970886995698662, 0.0, 0.0, 0.0, 0.04688669779969397, 0.0, 0.09523546217639671, 0.0, 0.031051048610206557)",1
16656,44,14,11,"(0.09033430006888621, 0.14970886995698662, 0.0, 0.0, 0.0, 0.10484874195928719, 0.0, 0.09523546217639671, 0.0, 0.031051048610206557)",1
16657,44,14,11,"(0.15071556609828216, 0.14970886995698662, 0.0, 0.0, 0.0, 0.016994261960679973, 0.0, 0.09523546217639671, 0.0, 0.02136327849897777)",1
16658,44,14,11,"(0.09033430006888621, 0.21258213816379581, 0.0, 0.0, 0.0, 0.04688669779969397, 0.0, 0.09523546217639671, 0.0, 0.031051048610206557)",1
16659,44,14,11,"(0.09033430006888621, 0.14970886995698662, 0.0, 0.0, 0.0, 0.04688669779969397, 0.0, 0.07851631155931958, 0.0, 0.01812760691895582)",45
16660,44,14,11,"(0.1019184878503176, 0.14970886995698662, 0.0, 0.0, 0.0, 0.04688669779969397, 0.0, 0.09523546217639671, 0.0, 0.031051048610206557)",1
16661,44,14,11,"(0.09033430006888621, 0.14970886995698662, 0.0, 0.0, 0.0, 0.04688669779969397, 0.0, 0.09523546217639671, 0.0, 0.017145001284353152)",1
16662,44,14,11,"(0.09033430006888621, 0.14970886995698662, 0.0, 0.0, 0.0, 0.043223384180592975, 0.0, 0.13846801490075653, 0.0, 0.031051048610206557)",1
16663,44,14,13,"(0.0, 0.0, 0.11679612853536596, 0.06920069129515957, 0.09172770611919409, 0.06827465165899486, 0.0, 0.0, 0.14899621190854193, 0.0)",1
16664,44,14,13,"(0.0, 0.0, 0.17307187404726565, 0.06920069129515957, 0.07259512531179534, 0.07489992963210028, 0.0, 0.0, 0.14899621190854193, 0.0)",2
16665,44,14,13,"(0.0, 0.0, 0.17307187404726565, 0.07645442847249985, 0.07259512531179534, 0.07489992963210028, 0.0, 0.0, 0.14899621190854193, 0.0)",1
16666,44,14,13,"(0.0, 0.0, 0.11679612853536596, 0.06920069129515957, 0.09172770611919409, 0.07489992963210028, 0.0, 0.0, 0.14899621190854193, 0.0)",204
16667,44,14,13,"(0.0, 0.0, 0.11679612853536596, 0.06920069129515957, 0.14201768726163608, 0.07489992963210028, 0.0, 0.0, 0.14899621190854193, 0.0)",1
16668,44,15,8,"(0.11236956595798674, 0.0, 0.08950620996642342, 0.09247639241939104, 0.09173902283359818, 0.0, 0.06826344941350267, 0.0, 0.0, 0.0)",1
16669,44,15,8,"(0.08829965453524319, 0.0, 0.05727668957473035, 0.09247639241939104, 0.09173902283359818, 0.0, 0.06826344941350267, 0.0, 0.0, 0.0)",3
16670,44,15,8,"(0.08829965453524319, 0.0, 0.08950620996642342, 0.09247639241939104, 0.09173902283359818, 0.0, 0.06826344941350267, 0.0, 0.0, 0.0)",347
16671,44,15,8,"(0.30132232616515886, 0.0, 0.08950620996642342, 0.05214463098148846, 0.09173902283359818, 0.0, 0.06826344941350267, 0.0, 0.0, 0.0)",1
16672,44,15,8,"(0.08829965453524319, 0.0, 0.09040541414306288, 0.09247639241939104, 0.09173902283359818, 0.0, 0.06826344941350267, 0.0, 0.0, 0.0)",1
16673,44,15,8,"(0.08829965453524319, 0.0, 0.13661326582006447, 0.11848591565788558, 0.0641668103591634, 0.0, 0.06826344941350267, 0.0, 0.0, 0.0)",1
16674,44,15,11,"(0.05595493401288263, 0.3794906966895058, 0.0, 0.0, 0.0, 0.04688669779969397, 0.0, 0.09523546217639671, 0.0, 0.031051048610206557)",2
16675,44,15,11,"(0.032881425341106364, 0.14970886995698662, 0.0, 0.0, 0.0, 0.04688669779969397, 0.0, 0.09523546217639671, 0.0, 0.031051048610206557)",1
16676,44,15,11,"(0.05595493401288263, 0.14970886995698662, 0.0, 0.0, 0.0, 0.03879974919516914, 0.0, 0.09523546217639671, 0.0, 0.031051048610206557)",2
16677,44,15,11,"(0.05595493401288263, 0.14970886995698662, 0.0, 0.0, 0.0, 0.03808566355597939, 0.0, 0.09523546217639671, 0.0, 0.020465731153596952)",1
16678,44,15,11,"(0.06459928819922019, 0.14970886995698662, 0.0, 0.0, 0.0, 0.0530755432454938, 0.0, 0.09523546217639671, 0.0, 0.031051048610206557)",1
16679,44,15,11,"(0.09033430006888621, 0.14970886995698662, 0.0, 0.0, 0.0, 0.04688669779969397, 0.0, 0.09523546217639671, 0.0, 0.031051048610206557)",140
16680,44,15,11,"(0.08275374568076092, 0.14970886995698662, 0.0, 0.0, 0.0, 0.04688669779969397, 0.0, 0.09523546217639671, 0.0, 0.031051048610206557)",12
16681,44,15,11,"(0.0674048853904574, 0.14970886995698662, 0.0, 0.0, 0.0, 0.04688669779969397, 0.0, 0.09523546217639671, 0.0, 0.031051048610206557)",2
16682,44,15,11,"(0.05595493401288263, 0.14970886995698662, 0.0, 0.0, 0.0, 0.04688669779969397, 0.0, 0.09523546217639671, 0.0, 0.031051048610206557)",241
16683,44,15,11,"(0.09033430006888621, 0.14970886995698662, 0.0, 0.0, 0.0, 0.04688669779969397, 0.0, 0.045709628373259654, 0.0, 0.031051048610206557)",2
16684,44,15,11,"(0.05595493401288263, 0.14970886995698662, 0.0, 0.0, 0.0, 0.04688669779969397, 0.0, 0.05084926539326698, 0.0, 0.031051048610206557)",1
16685,44,15,13,"(0.0, 0.0, 0.11679612853536596, 0.11566245524900162, 0.09172770611919409, 0.07489992963210028, 0.0, 0.0, 0.14899621190854193, 0.0)",20
16686,44,15,13,"(0.0, 0.0, 0.11679612853536596, 0.06920069129515957, 0.09172770611919409, 0.07489992963210028, 0.0, 0.0, 0.25610724756566816, 0.0)",3
16687,44,15,13,"(0.0, 0.0, 0.11679612853536596, 0.06920069129515957, 0.09172770611919409, 0.07489992963210028, 0.0, 0.0, 0.14899621190854193, 0.0)",145
16688,44,16,8,"(0.08829965453524319, 0.0, 0.06211064945767136, 0.09247639241939104, 0.06690816478925718, 0.0, 0.06826344941350267, 0.0, 0.0, 0.0)",8
16689,44,16,8,"(0.08829965453524319, 0.0, 0.07213519956514527, 0.09247639241939104, 0.09173902283359818, 0.0, 0.06826344941350267, 0.0, 0.0, 0.0)",2
16690,44,16,8,"(0.08829965453524319, 0.0, 0.08950620996642342, 0.09247639241939104, 0.09375708643364378, 0.0, 0.06826344941350267, 0.0, 0.0, 0.0)",1
16691,44,16,8,"(0.08829965453524319, 0.0, 0.08950620996642342, 0.09247639241939104, 0.09173902283359818, 0.0, 0.06826344941350267, 0.0, 0.0, 0.0)",282
16692,44,16,8,"(0.08829965453524319, 0.0, 0.08950620996642342, 0.09247639241939104, 0.15275378313146973, 0.0, 0.06826344941350267, 0.0, 0.0, 0.0)",1
16693,44,16,8,"(0.08829965453524319, 0.0, 0.08950620996642342, 0.09247639241939104, 0.06690816478925718, 0.0, 0.06826344941350267, 0.0, 0.0, 0.0)",17
16694,44,16,8,"(0.09841179535942761, 0.0, 0.08950620996642342, 0.09247639241939104, 0.09173902283359818, 0.0, 0.06826344941350267, 0.0, 0.0, 0.0)",2
16695,44,16,8,"(0.08829965453524319, 0.0, 0.08950620996642342, 0.11900414782575364, 0.09173902283359818, 0.0, 0.09083521012070715, 0.0, 0.0, 0.0)",1
16696,44,16,11,"(0.09033430006888621, 0.14970886995698662, 0.0, 0.0, 0.0, 0.04688669779969397, 0.0, 0.09523546217639671, 0.0, 0.031051048610206557)",402
16697,44,16,11,"(0.05084708218842702, 0.14970886995698662, 0.0, 0.0, 0.0, 0.04688669779969397, 0.0, 0.09523546217639671, 0.0, 0.031051048610206557)",1
16698,44,16,11,"(0.09033430006888621, 0.1419809044124033, 0.0, 0.0, 0.0, 0.05706746019773882, 0.0, 0.09523546217639671, 0.0, 0.024500744648447818)",2
16699,44,16,11,"(0.09033430006888621, 0.14970886995698662, 0.0, 0.0, 0.0, 0.04688669779969397, 0.0, 0.09759500878521307, 0.0, 0.031051048610206557)",1
16700,44,16,11,"(0.09033430006888621, 0.14970886995698662, 0.0, 0.0, 0.0, 0.02456701172992344, 0.0, 0.09523546217639671, 0.0, 0.034193620212684094)",27
16701,44,16,11,"(0.05595493401288263, 0.14970886995698662, 0.0, 0.0, 0.0, 0.04688669779969397, 0.0, 0.09523546217639671, 0.0, 0.031051048610206557)",111
16702,44,16,13,"(0.0, 0.0, 0.15456875291580455, 0.06920069129515957, 0.09172770611919409, 0.09180669915960522, 0.0, 0.0, 0.14899621190854193, 0.0)",2
16703,44,16,13,"(0.0, 0.0, 0.09072043679872735, 0.08563940042617012, 0.09172770611919409, 0.052123972968644405, 0.0, 0.0, 0.14899621190854193, 0.0)",1
16704,44,16,13,"(0.0, 0.0, 0.11679612853536596, 0.08563940042617012, 0.09172770611919409, 0.07489992963210028, 0.0, 0.0, 0.14899621190854193, 0.0)",23
16705,44,16,13,"(0.0, 0.0, 0.0784093828373154, 0.06920069129515957, 0.09172770611919409, 0.07489992963210028, 0.0, 0.0, 0.13215461153842567, 0.0)",8
16706,44,16,13,"(0.0, 0.0, 0.11679612853536596, 0.08563940042617012, 0.12888834066218183, 0.04241770964557182, 0.0, 0.0, 0.14899621190854193, 0.0)",1
16707,44,16,13,"(0.0, 0.0, 0.11679612853536596, 0.11566245524900162, 0.09172770611919409, 0.07489992963210028, 0.0, 0.0, 0.14899621190854193, 0.0)",52
16708,44,16,13,"(0.0, 0.0, 0.11679612853536596, 0.06920069129515957, 0.09172770611919409, 0.07489992963210028, 0.0, 0.0, 0.14899621190854193, 0.0)",73
16709,44,16,13,"(0.0, 0.0, 0.10064378632792081, 0.08563940042617012, 0.09172770611919409, 0.07489992963210028, 0.0, 0.0, 0.1355651358776347, 0.0)",1
16710,44,17,8,"(0.07231217042820383, 0.0, 0.08950620996642342, 0.09247639241939104, 0.09173902283359818, 0.0, 0.09517772009965823, 0.0, 0.0, 0.0)",1
16711,44,17,8,"(0.08829965453524319, 0.0, 0.08950620996642342, 0.09247639241939104, 0.09173902283359818, 0.0, 0.07653356869845612, 0.0, 0.0, 0.0)",2
16712,44,17,8,"(0.08829965453524319, 0.0, 0.08950620996642342, 0.057647257504016634, 0.09173902283359818, 0.0, 0.06826344941350267, 0.0, 0.0, 0.0)",3
16713,44,17,8,"(0.08829965453524319, 0.0, 0.08950620996642342, 0.09247639241939104, 0.09173902283359818, 0.0, 0.06826344941350267, 0.0, 0.0, 0.0)",355
16714,44,17,11,"(0.05595493401288263, 0.14970886995698662, 0.0, 0.0, 0.0, 0.04688669779969397, 0.0, 0.09615295316926248, 0.0, 0.031051048610206557)",2
16715,44,17,11,"(0.09033430006888621, 0.14970886995698662, 0.0, 0.0, 0.0, 0.04688669779969397, 0.0, 0.09523546217639671, 0.0, 0.056572715181678175)",1
16716,44,17,11,"(0.05595493401288263, 0.14970886995698662, 0.0, 0.0, 0.0, 0.04688669779969397, 0.0, 0.0747074276786121, 0.0, 0.031051048610206557)",1
16717,44,17,11,"(0.09220727277085729, 0.14970886995698662, 0.0, 0.0, 0.0, 0.04688669779969397, 0.0, 0.09523546217639671, 0.0, 0.031051048610206557)",2
16718,44,17,11,"(0.09033430006888621, 0.14970886995698662, 0.0, 0.0, 0.0, 0.04688669779969397, 0.0, 0.10607361297532558, 0.0, 0.031051048610206557)",3
16719,44,17,11,"(0.058950860914837824, 0.14970886995698662, 0.0, 0.0, 0.0, 0.04688669779969397, 0.0, 0.09523546217639671, 0.0, 0.031051048610206557)",1
16720,44,17,11,"(0.05595493401288263, 0.14970886995698662, 0.0, 0.0, 0.0, 0.04688669779969397, 0.0, 0.09523546217639671, 0.0, 0.020772003245319175)",1
16721,44,17,11,"(0.09033430006888621, 0.14970886995698662, 0.0, 0.0, 0.0, 0.04688669779969397, 0.0, 0.09523546217639671, 0.0, 0.061179557957242996)",1
16722,44,17,11,"(0.09033430006888621, 0.14970886995698662, 0.0, 0.0, 0.0, 0.02942218959893588, 0.0, 0.19579733044185427, 0.0, 0.031051048610206557)",7
16723,44,17,11,"(0.05595493401288263, 0.14970886995698662, 0.0, 0.0, 0.0, 0.04688669779969397, 0.0, 0.09523546217639671, 0.0, 0.031051048610206557)",177
16724,44,17,11,"(0.09033430006888621, 0.14970886995698662, 0.0, 0.0, 0.0, 0.04688669779969397, 0.0, 0.09523546217639671, 0.0, 0.031051048610206557)",236
16725,44,17,13,"(0.0, 0.0, 0.11679612853536596, 0.11566245524900162, 0.09172770611919409, 0.07489992963210028, 0.0, 0.0, 0.14899621190854193, 0.0)",14
16726,44,17,13,"(0.0, 0.0, 0.11679612853536596, 0.08563940042617012, 0.09172770611919409, 0.07489992963210028, 0.0, 0.0, 0.14899621190854193, 0.0)",13
16727,44,17,13,"(0.0, 0.0, 0.11679612853536596, 0.06920069129515957, 0.09172770611919409, 0.07489992963210028, 0.0, 0.0, 0.14899621190854193, 0.0)",143
16728,44,18,8,"(0.08829965453524319, 0.0, 0.08950620996642342, 0.09247639241939104, 0.09173902283359818, 0.0, 0.06826344941350267, 0.0, 0.0, 0.0)",209
16729,44,18,8,"(0.08829965453524319, 0.0, 0.04338799501267451, 0.12703843950538787, 0.09173902283359818, 0.0, 0.06826344941350267, 0.0, 0.0, 0.0)",1
16730,44,18,8,"(0.08829965453524319, 0.0, 0.032688955894459824, 0.12703843950538787, 0.09173902283359818, 0.0, 0.06826344941350267, 0.0, 0.0, 0.0)",101
16731,44,18,11,"(0.05595493401288263, 0.14970886995698662, 0.0, 0.0, 0.0, 0.10129165650723208, 0.0, 0.09523546217639671, 0.0, 0.031051048610206557)",2
16732,44,18,11,"(0.05595493401288263, 0.14970886995698662, 0.0, 0.0, 0.0, 0.04688669779969397, 0.0, 0.09523546217639671, 0.0, 0.031051048610206557)",433
16733,44,18,11,"(0.05595493401288263, 0.14970886995698662, 0.0, 0.0, 0.0, 0.04688669779969397, 0.0, 0.09523546217639671, 0.0, 0.014502720817071138)",1
16734,44,18,11,"(0.09033430006888621, 0.14970886995698662, 0.0, 0.0, 0.0, 0.04688669779969397, 0.0, 0.09523546217639671, 0.0, 0.031051048610206557)",72
16735,44,18,11,"(0.09033430006888621, 0.14970886995698662, 0.0, 0.0, 0.0, 0.03386641780226856, 0.0, 0.09523546217639671, 0.0, 0.031051048610206557)",1
16736,44,18,11,"(0.05595493401288263, 0.14970886995698662, 0.0, 0.0, 0.0, 0.02854655770232647, 0.0, 0.09523546217639671, 0.0, 0.031051048610206557)",8
16737,44,18,11,"(0.04138045460282054, 0.14970886995698662, 0.0, 0.0, 0.0, 0.04688669779969397, 0.0, 0.11107694058009306, 0.0, 0.031051048610206557)",4
16738,44,18,11,"(0.04687992827539279, 0.17950814129317105, 0.0, 0.0, 0.0, 0.04688669779969397, 0.0, 0.09523546217639671, 0.0, 0.031051048610206557)",2
16739,44,18,11,"(0.05595493401288263, 0.14970886995698662, 0.0, 0.0, 0.0, 0.04688669779969397, 0.0, 0.17628631778737813, 0.0, 0.031051048610206557)",1
16740,44,18,13,"(0.0, 0.0, 0.11679612853536596, 0.06920069129515957, 0.09172770611919409, 0.06485966084574843, 0.0, 0.0, 0.14899621190854193, 0.0)",5
16741,44,18,13,"(0.0, 0.0, 0.10414793042356488, 0.06920069129515957, 0.09172770611919409, 0.06145370981068604, 0.0, 0.0, 0.14899621190854193, 0.0)",1
16742,44,18,13,"(0.0, 0.0, 0.11679612853536596, 0.06920069129515957, 0.1413555397213047, 0.07489992963210028, 0.0, 0.0, 0.14899621190854193, 0.0)",2
16743,44,18,13,"(0.0, 0.0, 0.11679612853536596, 0.06920069129515957, 0.09172770611919409, 0.07489992963210028, 0.0, 0.0, 0.14899621190854193, 0.0)",158
16744,44,19,8,"(0.08829965453524319, 0.0, 0.032688955894459824, 0.12703843950538787, 0.09173902283359818, 0.0, 0.06826344941350267, 0.0, 0.0, 0.0)",114
16745,44,19,8,"(0.08829965453524319, 0.0, 0.08950620996642342, 0.09247639241939104, 0.09173902283359818, 0.0, 0.06826344941350267, 0.0, 0.0, 0.0)",273
16746,44,19,11,"(0.09033430006888621, 0.15983834615141293, 0.0, 0.0, 0.0, 0.07657907620043301, 0.0, 0.09523546217639671, 0.0, 0.031051048610206557)",24
16747,44,19,11,"(0.09033430006888621, 0.14970886995698662, 0.0, 0.0, 0.0, 0.04688669779969397, 0.0, 0.05254704607900319, 0.0, 0.031051048610206557)",1
16748,44,19,11,"(0.05595493401288263, 0.14970886995698662, 0.0, 0.0, 0.0, 0.04688669779969397, 0.0, 0.09523546217639671, 0.0, 0.031051048610206557)",262
16749,44,19,11,"(0.09033430006888621, 0.14970886995698662, 0.0, 0.0, 0.0, 0.04688669779969397, 0.0, 0.09523546217639671, 0.0, 0.031051048610206557)",128
16750,44,19,11,"(0.11252226896375361, 0.17597940356942182, 0.0, 0.0, 0.0, 0.04688669779969397, 0.0, 0.10155431492832115, 0.0, 0.031051048610206557)",2
16751,44,19,11,"(0.06357048248908764, 0.14970886995698662, 0.0, 0.0, 0.0, 0.04688669779969397, 0.0, 0.09523546217639671, 0.0, 0.031051048610206557)",1
16752,44,19,11,"(0.09033430006888621, 0.14970886995698662, 0.0, 0.0, 0.0, 0.026239274551024348, 0.0, 0.09523546217639671, 0.0, 0.031051048610206557)",4
16753,44,19,13,"(0.0, 0.0, 0.1046812112674649, 0.05447199024245789, 0.08800743483854903, 0.1349458220168753, 0.0, 0.0, 0.14899621190854193, 0.0)",11
16754,44,19,13,"(0.0, 0.0, 0.11679612853536596, 0.06920069129515957, 0.09172770611919409, 0.07489992963210028, 0.0, 0.0, 0.14348043748377615, 0.0)",1
16755,44,19,13,"(0.0, 0.0, 0.11679612853536596, 0.06920069129515957, 0.09172770611919409, 0.07489992963210028, 0.0, 0.0, 0.14899621190854193, 0.0)",137
16756,44,19,13,"(0.0, 0.0, 0.09831135030366064, 0.06920069129515957, 0.09172770611919409, 0.07489992963210028, 0.0, 0.0, 0.14899621190854193, 0.0)",1
16757,44,19,13,"(0.0, 0.0, 0.09506262507441214, 0.06920069129515957, 0.09172770611919409, 0.05416285125628082, 0.0, 0.0, 0.14899621190854193, 0.0)",1
16758,44,20,8,"(0.08829965453524319, 0.0, 0.08950620996642342, 0.07505966288164685, 0.0776082156976423, 0.0, 0.06826344941350267, 0.0, 0.0, 0.0)",1
16759,44,20,8,"(0.08829965453524319, 0.0, 0.032688955894459824, 0.12703843950538787, 0.09173902283359818, 0.0, 0.06826344941350267, 0.0, 0.0, 0.0)",76
16760,44,20,8,"(0.08829965453524319, 0.0, 0.08950620996642342, 0.09247639241939104, 0.09173902283359818, 0.0, 0.06826344941350267, 0.0, 0.0, 0.0)",226
16761,44,20,8,"(0.08829965453524319, 0.0, 0.08950620996642342, 0.09247639241939104, 0.09173902283359818, 0.0, 0.07274078079307485, 0.0, 0.0, 0.0)",8
16762,44,20,11,"(0.05595493401288263, 0.14970886995698662, 0.0, 0.0, 0.0, 0.08815200603309896, 0.0, 0.09523546217639671, 0.0, 0.031051048610206557)",1
16763,44,20,11,"(0.06511267225861178, 0.14970886995698662, 0.0, 0.0, 0.0, 0.04688669779969397, 0.0, 0.14365360639342706, 0.0, 0.031051048610206557)",15
16764,44,20,11,"(0.0839300739584466, 0.14970886995698662, 0.0, 0.0, 0.0, 0.04925277798147589, 0.0, 0.09523546217639671, 0.0, 0.031051048610206557)",1
16765,44,20,11,"(0.09033430006888621, 0.14970886995698662, 0.0, 0.0, 0.0, 0.04688669779969397, 0.0, 0.09523546217639671, 0.0, 0.021941303305095285)",1
16766,44,20,11,"(0.05595493401288263, 0.14970886995698662, 0.0, 0.0, 0.0, 0.04688669779969397, 0.0, 0.09523546217639671, 0.0, 0.031051048610206557)",366
16767,44,20,11,"(0.09033430006888621, 0.14970886995698662, 0.0, 0.0, 0.0, 0.04688669779969397, 0.0, 0.09523546217639671, 0.0, 0.031051048610206557)",154
16768,44,20,11,"(0.05595493401288263, 0.16964930950880885, 0.0, 0.0, 0.0, 0.04688669779969397, 0.0, 0.09523546217639671, 0.0, 0.031051048610206557)",8
16769,44,20,13,"(0.0, 0.0, 0.11679612853536596, 0.08739425299175921, 0.09172770611919409, 0.09629836519096803, 0.0, 0.0, 0.14899621190854193, 0.0)",1
16770,44,20,13,"(0.0, 0.0, 0.11679612853536596, 0.055104804875052475, 0.09172770611919409, 0.07489992963210028, 0.0, 0.0, 0.14899621190854193, 0.0)",7
16771,44,20,13,"(0.0, 0.0, 0.11679612853536596, 0.06920069129515957, 0.09172770611919409, 0.07489992963210028, 0.0, 0.0, 0.14899621190854193, 0.0)",144
16772,44,20,13,"(0.0, 0.0, 0.11679612853536596, 0.06920069129515957, 0.09172770611919409, 0.07489992963210028, 0.0, 0.0, 0.21376897878234427, 0.0)",1
16773,45,0,8,"(0.09024297729400087, 0.0, 0.08950620996642342, 0.09247639241939104, 0.09173902283359818, 0.0, 0.06826344941350267, 0.0, 0.0, 0.0)",2
16774,45,0,8,"(0.08829965453524319, 0.0, 0.05906873390922273, 0.16944431892189687, 0.09173902283359818, 0.0, 0.06826344941350267, 0.0, 0.0, 0.0)",1
16775,45,0,8,"(0.08829965453524319, 0.0, 0.10703840655602329, 0.09247639241939104, 0.09173902283359818, 0.0, 0.06826344941350267, 0.0, 0.0, 0.0)",1
16776,45,0,8,"(0.08829965453524319, 0.0, 0.08950620996642342, 0.09247639241939104, 0.05588970656766129, 0.0, 0.06826344941350267, 0.0, 0.0, 0.0)",1
16777,45,0,8,"(0.08829965453524319, 0.0, 0.08950620996642342, 0.09247639241939104, 0.09173902283359818, 0.0, 0.06826344941350267, 0.0, 0.0, 0.0)",255
16778,45,0,8,"(0.08829965453524319, 0.0, 0.08950620996642342, 0.11997183945458274, 0.08004411836531138, 0.0, 0.06949891256308985, 0.0, 0.0, 0.0)",22
16779,45,0,11,"(0.05595493401288263, 0.14970886995698662, 0.0, 0.0, 0.0, 0.04688669779969397, 0.0, 0.09523546217639671, 0.0, 0.022387841270486535)",1
16780,45,0,11,"(0.05595493401288263, 0.14970886995698662, 0.0, 0.0, 0.0, 0.04688669779969397, 0.0, 0.09523546217639671, 0.0, 0.031051048610206557)",343
16781,45,0,11,"(0.05595493401288263, 0.14970886995698662, 0.0, 0.0, 0.0, 0.04688669779969397, 0.0, 0.09523546217639671, 0.0, 0.02803286867385622)",2
16782,45,0,11,"(0.09033430006888621, 0.09950731712740148, 0.0, 0.0, 0.0, 0.08686525029058478, 0.0, 0.13635786553969723, 0.0, 0.04810768040002961)",2
16783,45,0,11,"(0.05595493401288263, 0.14970886995698662, 0.0, 0.0, 0.0, 0.04688669779969397, 0.0, 0.09523546217639671, 0.0, 0.015429339638325905)",2
16784,45,0,11,"(0.09033430006888621, 0.09950731712740148, 0.0, 0.0, 0.0, 0.04688669779969397, 0.0, 0.13635786553969723, 0.0, 0.031051048610206557)",205
16785,45,0,11,"(0.09033430006888621, 0.14970886995698662, 0.0, 0.0, 0.0, 0.04688669779969397, 0.0, 0.09523546217639671, 0.0, 0.031051048610206557)",42
16786,45,0,11,"(0.05595493401288263, 0.14970886995698662, 0.0, 0.0, 0.0, 0.02237414662927412, 0.0, 0.09523546217639671, 0.0, 0.031051048610206557)",1
16787,45,0,13,"(0.0, 0.0, 0.11679612853536596, 0.11566245524900162, 0.0485431743265827, 0.07489992963210028, 0.0, 0.0, 0.14899621190854193, 0.0)",3
16788,45,0,13,"(0.0, 0.0, 0.11679612853536596, 0.11566245524900162, 0.12326274060582292, 0.07489992963210028, 0.0, 0.0, 0.14899621190854193, 0.0)",2
16789,45,0,13,"(0.0, 0.0, 0.11679612853536596, 0.11566245524900162, 0.09172770611919409, 0.07489992963210028, 0.0, 0.0, 0.05555231981932798, 0.0)",1
16790,45,0,13,"(0.0, 0.0, 0.09003286760693102, 0.11566245524900162, 0.09172770611919409, 0.07489992963210028, 0.0, 0.0, 0.14899621190854193, 0.0)",2
16791,45,0,13,"(0.0, 0.0, 0.11679612853536596, 0.11566245524900162, 0.09172770611919409, 0.07489992963210028, 0.0, 0.0, 0.14899621190854193, 0.0)",166
16792,45,0,13,"(0.0, 0.0, 0.11679612853536596, 0.08934660494626663, 0.09172770611919409, 0.07489992963210028, 0.0, 0.0, 0.14899621190854193, 0.0)",1
16793,45,1,8,"(0.0771249071399659, 0.0, 0.08950620996642342, 0.09247639241939104, 0.09173902283359818, 0.0, 0.06826344941350267, 0.0, 0.0, 0.0)",1
16794,45,1,8,"(0.08829965453524319, 0.0, 0.08950620996642342, 0.09247639241939104, 0.09173902283359818, 0.0, 0.06826344941350267, 0.0, 0.0, 0.0)",312
16795,45,1,8,"(0.13667450466291609, 0.0, 0.15252445773626816, 0.09247639241939104, 0.09173902283359818, 0.0, 0.06826344941350267, 0.0, 0.0, 0.0)",3
16796,45,1,11,"(0.09033430006888621, 0.09950731712740148, 0.0, 0.0, 0.0, 0.04688669779969397, 0.0, 0.13635786553969723, 0.0, 0.05493064440831438)",1
16797,45,1,11,"(0.09033430006888621, 0.14970886995698662, 0.0, 0.0, 0.0, 0.04688669779969397, 0.0, 0.09523546217639671, 0.0, 0.031051048610206557)",3
16798,45,1,11,"(0.09033430006888621, 0.13812641059450764, 0.0, 0.0, 0.0, 0.04688669779969397, 0.0, 0.12369898621253535, 0.0, 0.031051048610206557)",1
16799,45,1,11,"(0.05595493401288263, 0.14970886995698662, 0.0, 0.0, 0.0, 0.04688669779969397, 0.0, 0.09523546217639671, 0.0, 0.031051048610206557)",303
16800,45,1,11,"(0.05595493401288263, 0.14970886995698662, 0.0, 0.0, 0.0, 0.04688669779969397, 0.0, 0.09523546217639671, 0.0, 0.033282631634106045)",1
16801,45,1,11,"(0.09033430006888621, 0.09950731712740148, 0.0, 0.0, 0.0, 0.04688669779969397, 0.0, 0.13635786553969723, 0.0, 0.031051048610206557)",230
16802,45,1,11,"(0.05595493401288263, 0.1592039944913642, 0.0, 0.0, 0.0, 0.04688669779969397, 0.0, 0.09523546217639671, 0.0, 0.031051048610206557)",1
16803,45,1,11,"(0.09033430006888621, 0.09950731712740148, 0.0, 0.0, 0.0, 0.04688669779969397, 0.0, 0.10883167996401023, 0.0, 0.031051048610206557)",1
16804,45,1,11,"(0.07437603221461726, 0.09950731712740148, 0.0, 0.0, 0.0, 0.04688669779969397, 0.0, 0.047267700425565565, 0.0, 0.031051048610206557)",1
16805,45,1,13,"(0.0, 0.0, 0.11944899011558757, 0.15947911352787955, 0.09172770611919409, 0.07489992963210028, 0.0, 0.0, 0.14899621190854193, 0.0)",4
16806,45,1,13,"(0.0, 0.0, 0.11679612853536596, 0.11566245524900162, 0.09172770611919409, 0.07489992963210028, 0.0, 0.0, 0.14899621190854193, 0.0)",155
16807,45,2,8,"(0.08829965453524319, 0.0, 0.2986360048695777, 0.09247639241939104, 0.09173902283359818, 0.0, 0.06826344941350267, 0.0, 0.0, 0.0)",1
16808,45,2,8,"(0.11194491771171144, 0.0, 0.08950620996642342, 0.09247639241939104, 0.09173902283359818, 0.0, 0.06826344941350267, 0.0, 0.0, 0.0)",1
16809,45,2,8,"(0.08829965453524319, 0.0, 0.08950620996642342, 0.09247639241939104, 0.09173902283359818, 0.0, 0.09431344076887009, 0.0, 0.0, 0.0)",2
16810,45,2,8,"(0.08829965453524319, 0.0, 0.08950620996642342, 0.09247639241939104, 0.09173902283359818, 0.0, 0.06826344941350267, 0.0, 0.0, 0.0)",262
16811,45,2,8,"(0.08829965453524319, 0.0, 0.08950620996642342, 0.09247639241939104, 0.09173902283359818, 0.0, 0.11227634821080418, 0.0, 0.0, 0.0)",2
16812,45,2,11,"(0.05595493401288263, 0.14970886995698662, 0.0, 0.0, 0.0, 0.04688669779969397, 0.0, 0.09523546217639671, 0.0, 0.031051048610206557)",395
16813,45,2,11,"(0.09033430006888621, 0.09950731712740148, 0.0, 0.0, 0.0, 0.04688669779969397, 0.0, 0.13635786553969723, 0.0, 0.031051048610206557)",103
16814,45,2,11,"(0.05595493401288263, 0.23776443471885114, 0.0, 0.0, 0.0, 0.04688669779969397, 0.0, 0.09523546217639671, 0.0, 0.031051048610206557)",2
16815,45,2,11,"(0.05595493401288263, 0.14970886995698662, 0.0, 0.0, 0.0, 0.028885772242365625, 0.0, 0.09523546217639671, 0.0, 0.0529775515951161)",1
16816,45,2,11,"(0.05595493401288263, 0.14970886995698662, 0.0, 0.0, 0.0, 0.04688669779969397, 0.0, 0.09228233407860452, 0.0, 0.031051048610206557)",1
16817,45,2,11,"(0.05595493401288263, 0.14744232740647628, 0.0, 0.0, 0.0, 0.05048158136852795, 0.0, 0.09523546217639671, 0.0, 0.031051048610206557)",1
16818,45,2,11,"(0.09033430006888621, 0.14970886995698662, 0.0, 0.0, 0.0, 0.04688669779969397, 0.0, 0.09523546217639671, 0.0, 0.031051048610206557)",17
16819,45,2,11,"(0.05595493401288263, 0.14970886995698662, 0.0, 0.0, 0.0, 0.04688669779969397, 0.0, 0.09864898381478404, 0.0, 0.031051048610206557)",1
16820,45,2,11,"(0.05319944736009258, 0.14970886995698662, 0.0, 0.0, 0.0, 0.04688669779969397, 0.0, 0.09523546217639671, 0.0, 0.031051048610206557)",1
16821,45,2,11,"(0.043447959212628194, 0.09950731712740148, 0.0, 0.0, 0.0, 0.04688669779969397, 0.0, 0.13635786553969723, 0.0, 0.03355839926038582)",1
16822,45,2,11,"(0.05595493401288263, 0.14970886995698662, 0.0, 0.0, 0.0, 0.04688669779969397, 0.0, 0.07433365519594941, 0.0, 0.03075708283144364)",1
16823,45,2,11,"(0.09033430006888621, 0.09020012506108674, 0.0, 0.0, 0.0, 0.04688669779969397, 0.0, 0.13635786553969723, 0.0, 0.02833243931311448)",18
16824,45,2,13,"(0.0, 0.0, 0.11679612853536596, 0.08498856180661521, 0.09172770611919409, 0.07489992963210028, 0.0, 0.0, 0.07623719416073088, 0.0)",1
16825,45,2,13,"(0.0, 0.0, 0.11679612853536596, 0.11566245524900162, 0.09172770611919409, 0.07489992963210028, 0.0, 0.0, 0.14899621190854193, 0.0)",178
16826,45,3,8,"(0.09308415704742891, 0.0, 0.08950620996642342, 0.09247639241939104, 0.09173902283359818, 0.0, 0.06826344941350267, 0.0, 0.0, 0.0)",3
16827,45,3,8,"(0.08829965453524319, 0.0, 0.08950620996642342, 0.058823937309386704, 0.09173902283359818, 0.0, 0.06826344941350267, 0.0, 0.0, 0.0)",1
16828,45,3,8,"(0.08829965453524319, 0.0, 0.06610241473885856, 0.09809778992869221, 0.09173902283359818, 0.0, 0.06826344941350267, 0.0, 0.0, 0.0)",2
16829,45,3,8,"(0.056014756683644695, 0.0, 0.08950620996642342, 0.09247639241939104, 0.09173902283359818, 0.0, 0.0652179460607631, 0.0, 0.0, 0.0)",2
16830,45,3,8,"(0.11807624234351909, 0.0, 0.08950620996642342, 0.09247639241939104, 0.09173902283359818, 0.0, 0.06826344941350267, 0.0, 0.0, 0.0)",14
16831,45,3,8,"(0.08829965453524319, 0.0, 0.1559474599451834, 0.09247639241939104, 0.09173902283359818, 0.0, 0.06826344941350267, 0.0, 0.0, 0.0)",2
16832,45,3,8,"(0.08829965453524319, 0.0, 0.08950620996642342, 0.09247639241939104, 0.09173902283359818, 0.0, 0.06826344941350267, 0.0, 0.0, 0.0)",320
16833,45,3,11,"(0.09033430006888621, 0.14970886995698662, 0.0, 0.0, 0.0, 0.04688669779969397, 0.0, 0.1874654457526448, 0.0, 0.031051048610206557)",1
16834,45,3,11,"(0.05595493401288263, 0.14970886995698662, 0.0, 0.0, 0.0, 0.04688669779969397, 0.0, 0.09523546217639671, 0.0, 0.047937660726324174)",1
16835,45,3,11,"(0.09033430006888621, 0.14970886995698662, 0.0, 0.0, 0.0, 0.04688669779969397, 0.0, 0.09523546217639671, 0.0, 0.031051048610206557)",145
16836,45,3,11,"(0.05595493401288263, 0.19800515019706869, 0.0, 0.0, 0.0, 0.04688669779969397, 0.0, 0.09523546217639671, 0.0, 0.031051048610206557)",1
16837,45,3,11,"(0.05595493401288263, 0.14970886995698662, 0.0, 0.0, 0.0, 0.04688669779969397, 0.0, 0.09523546217639671, 0.0, 0.03674757126874553)",1
16838,45,3,11,"(0.05595493401288263, 0.14970886995698662, 0.0, 0.0, 0.0, 0.04688669779969397, 0.0, 0.09523546217639671, 0.0, 0.031051048610206557)",236
16839,45,3,11,"(0.09033430006888621, 0.14970886995698662, 0.0, 0.0, 0.0, 0.06874210905831801, 0.0, 0.09523546217639671, 0.0, 0.031051048610206557)",2
16840,45,3,11,"(0.09033430006888621, 0.14970886995698662, 0.0, 0.0, 0.0, 0.04688669779969397, 0.0, 0.12177932762136531, 0.0, 0.018055273071350655)",35
16841,45,3,13,"(0.0, 0.0, 0.11679612853536596, 0.06920069129515957, 0.09172770611919409, 0.07489992963210028, 0.0, 0.0, 0.14899621190854193, 0.0)",161
16842,45,3,13,"(0.0, 0.0, 0.18018022987454677, 0.07837890361630542, 0.09172770611919409, 0.06295027411289861, 0.0, 0.0, 0.31979324798791653, 0.0)",1
16843,45,3,13,"(0.0, 0.0, 0.11679612853536596, 0.06920069129515957, 0.09489283654267183, 0.07489992963210028, 0.0, 0.0, 0.14899621190854193, 0.0)",1
16844,45,3,13,"(0.0, 0.0, 0.18187221165342268, 0.11566245524900162, 0.09172770611919409, 0.07489992963210028, 0.0, 0.0, 0.14899621190854193, 0.0)",3
16845,45,3,13,"(0.0, 0.0, 0.11679612853536596, 0.11566245524900162, 0.09172770611919409, 0.07489992963210028, 0.0, 0.0, 0.14899621190854193, 0.0)",10
16846,45,4,8,"(0.08829965453524319, 0.0, 0.08950620996642342, 0.05959795146410925, 0.09173902283359818, 0.0, 0.0808951336543428, 0.0, 0.0, 0.0)",8
16847,45,4,8,"(0.08829965453524319, 0.0, 0.08950620996642342, 0.09247639241939104, 0.09173902283359818, 0.0, 0.06826344941350267, 0.0, 0.0, 0.0)",295
16848,45,4,11,"(0.05595493401288263, 0.14970886995698662, 0.0, 0.0, 0.0, 0.04688669779969397, 0.0, 0.09523546217639671, 0.0, 0.027389680449552055)",1
16849,45,4,11,"(0.09033430006888621, 0.10138204572341497, 0.0, 0.0, 0.0, 0.04688669779969397, 0.0, 0.09523546217639671, 0.0, 0.052900911985452444)",1
16850,45,4,11,"(0.09033430006888621, 0.1088676285364315, 0.0, 0.0, 0.0, 0.04688669779969397, 0.0, 0.09523546217639671, 0.0, 0.031051048610206557)",3
16851,45,4,11,"(0.09033430006888621, 0.14970886995698662, 0.0, 0.0, 0.0, 0.04688669779969397, 0.0, 0.09523546217639671, 0.0, 0.031051048610206557)",348
16852,45,4,11,"(0.08572347371963263, 0.14970886995698662, 0.0, 0.0, 0.0, 0.04688669779969397, 0.0, 0.12177932762136531, 0.0, 0.013940069417189732)",2
16853,45,4,11,"(0.09033430006888621, 0.14970886995698662, 0.0, 0.0, 0.0, 0.02962160359964057, 0.0, 0.07792290941852191, 0.0, 0.031051048610206557)",1
16854,45,4,11,"(0.09033430006888621, 0.14970886995698662, 0.0, 0.0, 0.0, 0.04688669779969397, 0.0, 0.06155491617404456, 0.0, 0.031051048610206557)",11
16855,45,4,11,"(0.0768801618485385, 0.14970886995698662, 0.0, 0.0, 0.0, 0.04688669779969397, 0.0, 0.10661702756660736, 0.0, 0.031051048610206557)",3
16856,45,4,11,"(0.09033430006888621, 0.1190450315775987, 0.0, 0.0, 0.0, 0.04688669779969397, 0.0, 0.09523546217639671, 0.0, 0.031051048610206557)",1
16857,45,4,11,"(0.09033430006888621, 0.14970886995698662, 0.0, 0.0, 0.0, 0.04688669779969397, 0.0, 0.12177932762136531, 0.0, 0.018055273071350655)",28
16858,45,4,11,"(0.09033430006888621, 0.14970886995698662, 0.0, 0.0, 0.0, 0.04688669779969397, 0.0, 0.09523546217639671, 0.0, 0.031075877999040206)",13
16859,45,4,11,"(0.09033430006888621, 0.10767983477410194, 0.0, 0.0, 0.0, 0.04688669779969397, 0.0, 0.09523546217639671, 0.0, 0.031051048610206557)",9
16860,45,4,11,"(0.09033430006888621, 0.14970886995698662, 0.0, 0.0, 0.0, 0.01644007232362974, 0.0, 0.09523546217639671, 0.0, 0.031051048610206557)",27
16861,45,4,11,"(0.09033430006888621, 0.11134714081788037, 0.0, 0.0, 0.0, 0.04688669779969397, 0.0, 0.11610966799043125, 0.0, 0.031051048610206557)",1
16862,45,4,11,"(0.05595493401288263, 0.14970886995698662, 0.0, 0.0, 0.0, 0.04688669779969397, 0.0, 0.09523546217639671, 0.0, 0.031051048610206557)",94
16863,45,4,13,"(0.0, 0.0, 0.11679612853536596, 0.06920069129515957, 0.09172770611919409, 0.07489992963210028, 0.0, 0.0, 0.14899621190854193, 0.0)",141
16864,45,4,13,"(0.0, 0.0, 0.11679612853536596, 0.06920069129515957, 0.1149635264674795, 0.07489992963210028, 0.0, 0.0, 0.14899621190854193, 0.0)",2
16865,45,4,13,"(0.0, 0.0, 0.11679612853536596, 0.06920069129515957, 0.06623745230328806, 0.07489992963210028, 0.0, 0.0, 0.1860577176649286, 0.0)",1
16866,45,4,13,"(0.0, 0.0, 0.18187221165342268, 0.11566245524900162, 0.13406043816929764, 0.07489992963210028, 0.0, 0.0, 0.14899621190854193, 0.0)",1
16867,45,4,13,"(0.0, 0.0, 0.18187221165342268, 0.11566245524900162, 0.09172770611919409, 0.04695524232121421, 0.0, 0.0, 0.14899621190854193, 0.0)",2
16868,45,4,13,"(0.0, 0.0, 0.11679612853536596, 0.11881053868174331, 0.09172770611919409, 0.07489992963210028, 0.0, 0.0, 0.18377341732155902, 0.0)",18
16869,45,4,13,"(0.0, 0.0, 0.11679612853536596, 0.11566245524900162, 0.09172770611919409, 0.07489992963210028, 0.0, 0.0, 0.14899621190854193, 0.0)",9
16870,45,4,13,"(0.0, 0.0, 0.18187221165342268, 0.11566245524900162, 0.09172770611919409, 0.07489992963210028, 0.0, 0.0, 0.14899621190854193, 0.0)",5
16871,45,5,8,"(0.08829965453524319, 0.0, 0.08950620996642342, 0.09247639241939104, 0.09173902283359818, 0.0, 0.06826344941350267, 0.0, 0.0, 0.0)",333
16872,45,5,8,"(0.05501020874412792, 0.0, 0.08950620996642342, 0.09247639241939104, 0.09173902283359818, 0.0, 0.06826344941350267, 0.0, 0.0, 0.0)",1
16873,45,5,11,"(0.05595493401288263, 0.14970886995698662, 0.0, 0.0, 0.0, 0.03982207092221605, 0.0, 0.09523546217639671, 0.0, 0.031051048610206557)",2
16874,45,5,11,"(0.05595493401288263, 0.14970886995698662, 0.0, 0.0, 0.0, 0.04688669779969397, 0.0, 0.11990729580376734, 0.0, 0.031051048610206557)",3
16875,45,5,11,"(0.09033430006888621, 0.14970886995698662, 0.0, 0.0, 0.0, 0.04688669779969397, 0.0, 0.09523546217639671, 0.0, 0.031051048610206557)",245
16876,45,5,11,"(0.09033430006888621, 0.15602175759511092, 0.0, 0.0, 0.0, 0.028120308689387967, 0.0, 0.09523546217639671, 0.0, 0.031051048610206557)",1
16877,45,5,11,"(0.048508175784148885, 0.14970886995698662, 0.0, 0.0, 0.0, 0.04688669779969397, 0.0, 0.09523546217639671, 0.0, 0.031051048610206557)",3
16878,45,5,11,"(0.05502796881154119, 0.14970886995698662, 0.0, 0.0, 0.0, 0.04688669779969397, 0.0, 0.09523546217639671, 0.0, 0.031051048610206557)",1
16879,45,5,11,"(0.05595493401288263, 0.14970886995698662, 0.0, 0.0, 0.0, 0.04688669779969397, 0.0, 0.09523546217639671, 0.0, 0.031051048610206557)",191
16880,45,5,11,"(0.05595493401288263, 0.27267727061757, 0.0, 0.0, 0.0, 0.04688669779969397, 0.0, 0.09523546217639671, 0.0, 0.031051048610206557)",1
16881,45,5,11,"(0.09033430006888621, 0.14970886995698662, 0.0, 0.0, 0.0, 0.04688669779969397, 0.0, 0.09523546217639671, 0.0, 0.033397077716396016)",1
16882,45,5,11,"(0.06543281372769832, 0.14970886995698662, 0.0, 0.0, 0.0, 0.04688669779969397, 0.0, 0.09523546217639671, 0.0, 0.031051048610206557)",1
16883,45,5,11,"(0.05595493401288263, 0.14970886995698662, 0.0, 0.0, 0.0, 0.04688669779969397, 0.0, 0.09523546217639671, 0.0, 0.02725196090374744)",1
16884,45,5,13,"(0.0, 0.0, 0.11679612853536596, 0.06920069129515957, 0.09172770611919409, 0.07489992963210028, 0.0, 0.0, 0.14899621190854193, 0.0)",122
16885,45,5,13,"(0.0, 0.0, 0.18187221165342268, 0.11566245524900162, 0.09172770611919409, 0.07489992963210028, 0.0, 0.0, 0.14899621190854193, 0.0)",20
16886,45,5,13,"(0.0, 0.0, 0.11679612853536596, 0.06920069129515957, 0.09172770611919409, 0.07489992963210028, 0.0, 0.0, 0.12085109179641565, 0.0)",6
16887,45,5,13,"(0.0, 0.0, 0.11679612853536596, 0.11881053868174331, 0.09172770611919409, 0.07489992963210028, 0.0, 0.0, 0.18377341732155902, 0.0)",15
16888,45,6,8,"(0.08829965453524319, 0.0, 0.08950620996642342, 0.09247639241939104, 0.09173902283359818, 0.0, 0.06826344941350267, 0.0, 0.0, 0.0)",310
16889,45,6,8,"(0.08829965453524319, 0.0, 0.12254750976931295, 0.09247639241939104, 0.09173902283359818, 0.0, 0.07937308876799488, 0.0, 0.0, 0.0)",1
16890,45,6,8,"(0.08829965453524319, 0.0, 0.08950620996642342, 0.09247639241939104, 0.09173902283359818, 0.0, 0.04964262721027163, 0.0, 0.0, 0.0)",7
16891,45,6,8,"(0.09909637247297846, 0.0, 0.08950620996642342, 0.09865546183314551, 0.12202186341583114, 0.0, 0.06826344941350267, 0.0, 0.0, 0.0)",1
16892,45,6,8,"(0.08829965453524319, 0.0, 0.13104154621745748, 0.03683388854969583, 0.09173902283359818, 0.0, 0.06826344941350267, 0.0, 0.0, 0.0)",1
16893,45,6,11,"(0.09033430006888621, 0.14970886995698662, 0.0, 0.0, 0.0, 0.04688669779969397, 0.0, 0.09523546217639671, 0.0, 0.011529951627484946)",1
16894,45,6,11,"(0.09033430006888621, 0.14970886995698662, 0.0, 0.0, 0.0, 0.0329219940099644, 0.0, 0.09523546217639671, 0.0, 0.031051048610206557)",3
16895,45,6,11,"(0.09033430006888621, 0.14970886995698662, 0.0, 0.0, 0.0, 0.04688669779969397, 0.0, 0.09523546217639671, 0.0, 0.031051048610206557)",436
16896,45,6,11,"(0.09033430006888621, 0.14970886995698662, 0.0, 0.0, 0.0, 0.04688669779969397, 0.0, 0.07583099059743457, 0.0, 0.031051048610206557)",1
16897,45,6,11,"(0.03495526753251469, 0.14970886995698662, 0.0, 0.0, 0.0, 0.04688669779969397, 0.0, 0.09523546217639671, 0.0, 0.040566721396243274)",1
16898,45,6,11,"(0.09033430006888621, 0.14970886995698662, 0.0, 0.0, 0.0, 0.03782822976194983, 0.0, 0.09523546217639671, 0.0, 0.031051048610206557)",1
16899,45,6,11,"(0.09033430006888621, 0.14970886995698662, 0.0, 0.0, 0.0, 0.02683012834566537, 0.0, 0.09523546217639671, 0.0, 0.031051048610206557)",2
16900,45,6,11,"(0.05595493401288263, 0.14970886995698662, 0.0, 0.0, 0.0, 0.04688669779969397, 0.0, 0.09523546217639671, 0.0, 0.031051048610206557)",50
16901,45,6,11,"(0.09033430006888621, 0.1681837427002503, 0.0, 0.0, 0.0, 0.04688669779969397, 0.0, 0.09523546217639671, 0.0, 0.031051048610206557)",10
16902,45,6,11,"(0.09033430006888621, 0.09176063207287154, 0.0, 0.0, 0.0, 0.04688669779969397, 0.0, 0.09523546217639671, 0.0, 0.031374912462749684)",1
16903,45,6,11,"(0.07168320641189085, 0.14970886995698662, 0.0, 0.0, 0.0, 0.03907336951753262, 0.0, 0.09523546217639671, 0.0, 0.031051048610206557)",1
16904,45,6,13,"(0.0, 0.0, 0.11679612853536596, 0.06920069129515957, 0.09172770611919409, 0.07489992963210028, 0.0, 0.0, 0.14899621190854193, 0.0)",81
16905,45,6,13,"(0.0, 0.0, 0.11679612853536596, 0.08563940042617012, 0.09172770611919409, 0.07489992963210028, 0.0, 0.0, 0.14899621190854193, 0.0)",33
16906,45,6,13,"(0.0, 0.0, 0.11679612853536596, 0.11566245524900162, 0.09172770611919409, 0.07489992963210028, 0.0, 0.0, 0.14899621190854193, 0.0)",45
16907,45,7,8,"(0.08829965453524319, 0.0, 0.08950620996642342, 0.035449310768759984, 0.09173902283359818, 0.0, 0.06826344941350267, 0.0, 0.0, 0.0)",1
16908,45,7,8,"(0.08829965453524319, 0.0, 0.08950620996642342, 0.09247639241939104, 0.09173902283359818, 0.0, 0.06826344941350267, 0.0, 0.0, 0.0)",360
16909,45,7,8,"(0.08829965453524319, 0.0, 0.09407043842184863, 0.09247639241939104, 0.09173902283359818, 0.0, 0.06826344941350267, 0.0, 0.0, 0.0)",8
16910,45,7,8,"(0.08829965453524319, 0.0, 0.08950620996642342, 0.09247639241939104, 0.09173902283359818, 0.0, 0.047515068698252144, 0.0, 0.0, 0.0)",1
16911,45,7,11,"(0.05595493401288263, 0.14970886995698662, 0.0, 0.0, 0.0, 0.04688669779969397, 0.0, 0.09523546217639671, 0.0, 0.01928833860136567)",1
16912,45,7,11,"(0.05595493401288263, 0.1125715645223443, 0.0, 0.0, 0.0, 0.04688669779969397, 0.0, 0.09523546217639671, 0.0, 0.02332470688842286)",1
16913,45,7,11,"(0.09033430006888621, 0.14970886995698662, 0.0, 0.0, 0.0, 0.04688669779969397, 0.0, 0.068739415122616, 0.0, 0.031051048610206557)",1
16914,45,7,11,"(0.05595493401288263, 0.14970886995698662, 0.0, 0.0, 0.0, 0.04688669779969397, 0.0, 0.09523546217639671, 0.0, 0.031051048610206557)",139
16915,45,7,11,"(0.05595493401288263, 0.14970886995698662, 0.0, 0.0, 0.0, 0.06952207509378208, 0.0, 0.03631717513547824, 0.0, 0.031051048610206557)",21
16916,45,7,11,"(0.09033430006888621, 0.14970886995698662, 0.0, 0.0, 0.0, 0.04688669779969397, 0.0, 0.09523546217639671, 0.0, 0.031051048610206557)",285
16917,45,7,11,"(0.09033430006888621, 0.14970886995698662, 0.0, 0.0, 0.0, 0.04688669779969397, 0.0, 0.09523546217639671, 0.0, 0.03040183281085816)",1
16918,45,7,11,"(0.05595493401288263, 0.19449526058817287, 0.0, 0.0, 0.0, 0.05320324982640852, 0.0, 0.09523546217639671, 0.0, 0.031051048610206557)",1
16919,45,7,13,"(0.0, 0.0, 0.0999140385244022, 0.06920069129515957, 0.09172770611919409, 0.07489992963210028, 0.0, 0.0, 0.14899621190854193, 0.0)",61
16920,45,7,13,"(0.0, 0.0, 0.0999140385244022, 0.055550408436897, 0.09172770611919409, 0.07489992963210028, 0.0, 0.0, 0.14816432741545754, 0.0)",2
16921,45,7,13,"(0.0, 0.0, 0.11679612853536596, 0.08563940042617012, 0.09172770611919409, 0.07489992963210028, 0.0, 0.0, 0.14899621190854193, 0.0)",16
16922,45,7,13,"(0.0, 0.0, 0.11679612853536596, 0.11566245524900162, 0.09172770611919409, 0.07489992963210028, 0.0, 0.0, 0.14899621190854193, 0.0)",102
16923,45,7,13,"(0.0, 0.0, 0.0999140385244022, 0.06920069129515957, 0.09172770611919409, 0.2043797439805067, 0.0, 0.0, 0.14899621190854193, 0.0)",1
16924,45,7,13,"(0.0, 0.0, 0.11679612853536596, 0.11566245524900162, 0.09172770611919409, 0.10237719399286264, 0.0, 0.0, 0.12226505588231373, 0.0)",1
16925,45,8,8,"(0.08829965453524319, 0.0, 0.08950620996642342, 0.14238594292680196, 0.09173902283359818, 0.0, 0.06826344941350267, 0.0, 0.0, 0.0)",10
16926,45,8,8,"(0.08829965453524319, 0.0, 0.08950620996642342, 0.09247639241939104, 0.09173902283359818, 0.0, 0.03940719339657155, 0.0, 0.0, 0.0)",1
16927,45,8,8,"(0.1416322527299673, 0.0, 0.08950620996642342, 0.09247639241939104, 0.09173902283359818, 0.0, 0.06826344941350267, 0.0, 0.0, 0.0)",1
16928,45,8,8,"(0.08829965453524319, 0.0, 0.08950620996642342, 0.09247639241939104, 0.09173902283359818, 0.0, 0.06826344941350267, 0.0, 0.0, 0.0)",262
16929,45,8,8,"(0.08829965453524319, 0.0, 0.08950620996642342, 0.09221108937595333, 0.07916397049160159, 0.0, 0.06826344941350267, 0.0, 0.0, 0.0)",1
16930,45,8,11,"(0.05595493401288263, 0.14970886995698662, 0.0, 0.0, 0.0, 0.04688669779969397, 0.0, 0.09523546217639671, 0.0, 0.031051048610206557)",153
16931,45,8,11,"(0.09033430006888621, 0.14970886995698662, 0.0, 0.0, 0.0, 0.04688669779969397, 0.0, 0.09523546217639671, 0.0, 0.0364313862147717)",18
16932,45,8,11,"(0.05595493401288263, 0.14970886995698662, 0.0, 0.0, 0.0, 0.04688669779969397, 0.0, 0.09523546217639671, 0.0, 0.03160155703867087)",6
16933,45,8,11,"(0.08809035115517834, 0.14970886995698662, 0.0, 0.0, 0.0, 0.06952207509378208, 0.0, 0.03631717513547824, 0.0, 0.031051048610206557)",1
16934,45,8,11,"(0.05595493401288263, 0.14970886995698662, 0.0, 0.0, 0.0, 0.04688669779969397, 0.0, 0.09523546217639671, 0.0, 0.02322044742199577)",1
16935,45,8,11,"(0.05595493401288263, 0.14970886995698662, 0.0, 0.0, 0.0, 0.06952207509378208, 0.0, 0.03631717513547824, 0.0, 0.031051048610206557)",121
16936,45,8,11,"(0.05595493401288263, 0.14970886995698662, 0.0, 0.0, 0.0, 0.07664825091329304, 0.0, 0.11096374825389456, 0.0, 0.052760845733083955)",1
16937,45,8,11,"(0.09033430006888621, 0.14970886995698662, 0.0, 0.0, 0.0, 0.04688669779969397, 0.0, 0.09523546217639671, 0.0, 0.031051048610206557)",252
16938,45,8,13,"(0.0, 0.0, 0.11679612853536596, 0.08563940042617012, 0.09172770611919409, 0.07489992963210028, 0.0, 0.0, 0.14899621190854193, 0.0)",14
16939,45,8,13,"(0.0, 0.0, 0.13239702629082653, 0.11566245524900162, 0.09172770611919409, 0.07489992963210028, 0.0, 0.0, 0.14899621190854193, 0.0)",1
16940,45,8,13,"(0.0, 0.0, 0.11679612853536596, 0.14391693061449795, 0.09172770611919409, 0.07489992963210028, 0.0, 0.0, 0.14899621190854193, 0.0)",3
16941,45,8,13,"(0.0, 0.0, 0.11679612853536596, 0.11566245524900162, 0.09172770611919409, 0.07489992963210028, 0.0, 0.0, 0.14899621190854193, 0.0)",47
16942,45,8,13,"(0.0, 0.0, 0.11679612853536596, 0.06920069129515957, 0.09172770611919409, 0.07489992963210028, 0.0, 0.0, 0.14899621190854193, 0.0)",68
16943,45,8,13,"(0.0, 0.0, 0.11679612853536596, 0.11566245524900162, 0.09172770611919409, 0.045429697358379394, 0.0, 0.0, 0.14899621190854193, 0.0)",13
16944,45,9,8,"(0.08829965453524319, 0.0, 0.20226129558682593, 0.09247639241939104, 0.09173902283359818, 0.0, 0.10730314309979608, 0.0, 0.0, 0.0)",1
16945,45,9,8,"(0.05969325705976937, 0.0, 0.08950620996642342, 0.09247639241939104, 0.09173902283359818, 0.0, 0.06826344941350267, 0.0, 0.0, 0.0)",2
16946,45,9,8,"(0.08829965453524319, 0.0, 0.08950620996642342, 0.09247639241939104, 0.09173902283359818, 0.0, 0.06826344941350267, 0.0, 0.0, 0.0)",337
16947,45,9,8,"(0.07257250147307802, 0.0, 0.08950620996642342, 0.09247639241939104, 0.07116937808048089, 0.0, 0.06826344941350267, 0.0, 0.0, 0.0)",1
16948,45,9,11,"(0.05595493401288263, 0.14970886995698662, 0.0, 0.0, 0.0, 0.04688669779969397, 0.0, 0.09523546217639671, 0.0, 0.053283308010252085)",1
16949,45,9,11,"(0.05595493401288263, 0.14970886995698662, 0.0, 0.0, 0.0, 0.04688669779969397, 0.0, 0.09523546217639671, 0.0, 0.031051048610206557)",282
16950,45,9,11,"(0.09033430006888621, 0.14970886995698662, 0.0, 0.0, 0.0, 0.04688669779969397, 0.0, 0.09523546217639671, 0.0, 0.031051048610206557)",106
16951,45,9,11,"(0.09617260404673919, 0.14970886995698662, 0.0, 0.0, 0.0, 0.04688669779969397, 0.0, 0.09523546217639671, 0.0, 0.031051048610206557)",22
16952,45,9,11,"(0.09033430006888621, 0.09950731712740148, 0.0, 0.0, 0.0, 0.04688669779969397, 0.0, 0.13635786553969723, 0.0, 0.031051048610206557)",62
16953,45,9,11,"(0.06039487518023712, 0.09849475407122586, 0.0, 0.0, 0.0, 0.060638272394841736, 0.0, 0.14421338276207396, 0.0, 0.061069463047986855)",1
16954,45,9,11,"(0.06242977678799637, 0.14970886995698662, 0.0, 0.0, 0.0, 0.04688669779969397, 0.0, 0.09523546217639671, 0.0, 0.031051048610206557)",2
16955,45,9,13,"(0.0, 0.0, 0.0697947991561068, 0.12513166748673712, 0.09172770611919409, 0.07489992963210028, 0.0, 0.0, 0.14899621190854193, 0.0)",1
16956,45,9,13,"(0.0, 0.0, 0.11679612853536596, 0.11566245524900162, 0.09172770611919409, 0.07489992963210028, 0.0, 0.0, 0.14899621190854193, 0.0)",128
16957,45,9,13,"(0.0, 0.0, 0.11679612853536596, 0.1797812249627408, 0.09172770611919409, 0.07489992963210028, 0.0, 0.0, 0.14899621190854193, 0.0)",4
16958,45,9,13,"(0.0, 0.0, 0.0697947991561068, 0.11566245524900162, 0.09172770611919409, 0.07489992963210028, 0.0, 0.0, 0.14899621190854193, 0.0)",35
16959,45,9,13,"(0.0, 0.0, 0.11679612853536596, 0.11566245524900162, 0.09172770611919409, 0.16371665241862157, 0.0, 0.0, 0.13871755964409035, 0.0)",2
16960,45,10,8,"(0.08829965453524319, 0.0, 0.08950620996642342, 0.09247639241939104, 0.09173902283359818, 0.0, 0.06826344941350267, 0.0, 0.0, 0.0)",317
16961,45,10,8,"(0.08829965453524319, 0.0, 0.08950620996642342, 0.09247639241939104, 0.05981053757756846, 0.0, 0.06826344941350267, 0.0, 0.0, 0.0)",2
16962,45,10,8,"(0.07549013552134433, 0.0, 0.08950620996642342, 0.19455312909814965, 0.09173902283359818, 0.0, 0.06826344941350267, 0.0, 0.0, 0.0)",1
16963,45,10,8,"(0.08829965453524319, 0.0, 0.08950620996642342, 0.08361419480610416, 0.09173902283359818, 0.0, 0.06826344941350267, 0.0, 0.0, 0.0)",1
16964,45,10,8,"(0.08829965453524319, 0.0, 0.08950620996642342, 0.09247639241939104, 0.09173902283359818, 0.0, 0.08487314182287711, 0.0, 0.0, 0.0)",1
16965,45,10,8,"(0.08829965453524319, 0.0, 0.08950620996642342, 0.09247639241939104, 0.07380524883695422, 0.0, 0.06826344941350267, 0.0, 0.0, 0.0)",1
16966,45,10,11,"(0.05595493401288263, 0.14970886995698662, 0.0, 0.0, 0.0, 0.0653494475781304, 0.0, 0.09523546217639671, 0.0, 0.01735595992842172)",1
16967,45,10,11,"(0.09033430006888621, 0.14970886995698662, 0.0, 0.0, 0.0, 0.07752796774157826, 0.0, 0.09523546217639671, 0.0, 0.045113767929739076)",34
16968,45,10,11,"(0.09033430006888621, 0.14970886995698662, 0.0, 0.0, 0.0, 0.04688669779969397, 0.0, 0.09523546217639671, 0.0, 0.040425565359151025)",3
16969,45,10,11,"(0.09033430006888621, 0.14970886995698662, 0.0, 0.0, 0.0, 0.04688669779969397, 0.0, 0.16171221051973483, 0.0, 0.031051048610206557)",1
16970,45,10,11,"(0.05595493401288263, 0.14970886995698662, 0.0, 0.0, 0.0, 0.04688669779969397, 0.0, 0.09523546217639671, 0.0, 0.031051048610206557)",31
16971,45,10,11,"(0.09033430006888621, 0.14970886995698662, 0.0, 0.0, 0.0, 0.0881430742647996, 0.0, 0.09523546217639671, 0.0, 0.031051048610206557)",2
16972,45,10,11,"(0.09033430006888621, 0.14970886995698662, 0.0, 0.0, 0.0, 0.02738851029305059, 0.0, 0.09523546217639671, 0.0, 0.031051048610206557)",2
16973,45,10,11,"(0.09033430006888621, 0.14970886995698662, 0.0, 0.0, 0.0, 0.04688669779969397, 0.0, 0.09523546217639671, 0.0, 0.031051048610206557)",248
16974,45,10,11,"(0.09033430006888621, 0.14970886995698662, 0.0, 0.0, 0.0, 0.04688669779969397, 0.0, 0.09523546217639671, 0.0, 0.014463579405968988)",63
16975,45,10,11,"(0.09033430006888621, 0.09950731712740148, 0.0, 0.0, 0.0, 0.04688669779969397, 0.0, 0.13635786553969723, 0.0, 0.031051048610206557)",39
16976,45,10,11,"(0.09033430006888621, 0.14970886995698662, 0.0, 0.0, 0.0, 0.04688669779969397, 0.0, 0.08080503907632447, 0.0, 0.031051048610206557)",2
16977,45,10,13,"(0.0, 0.0, 0.11679612853536596, 0.11566245524900162, 0.09172770611919409, 0.046788899565992755, 0.0, 0.0, 0.14899621190854193, 0.0)",2
16978,45,10,13,"(0.0, 0.0, 0.141172645977081, 0.11566245524900162, 0.042599295030813035, 0.07489992963210028, 0.0, 0.0, 0.14899621190854193, 0.0)",3
16979,45,10,13,"(0.0, 0.0, 0.11679612853536596, 0.11566245524900162, 0.09172770611919409, 0.07489992963210028, 0.0, 0.0, 0.14899621190854193, 0.0)",175
16980,45,10,13,"(0.0, 0.0, 0.20814603928465675, 0.11566245524900162, 0.09172770611919409, 0.07783974519205303, 0.0, 0.0, 0.14899621190854193, 0.0)",1
16981,45,11,8,"(0.08829965453524319, 0.0, 0.08950620996642342, 0.09247639241939104, 0.09173902283359818, 0.0, 0.06826344941350267, 0.0, 0.0, 0.0)",326
16982,45,11,8,"(0.08829965453524319, 0.0, 0.08950620996642342, 0.06907938886242845, 0.09173902283359818, 0.0, 0.06826344941350267, 0.0, 0.0, 0.0)",1
16983,45,11,8,"(0.11256606040356404, 0.0, 0.16302208520479056, 0.09247639241939104, 0.07785810536725006, 0.0, 0.06826344941350267, 0.0, 0.0, 0.0)",2
16984,45,11,11,"(0.09033430006888621, 0.14970886995698662, 0.0, 0.0, 0.0, 0.04688669779969397, 0.0, 0.1026801663461891, 0.0, 0.031051048610206557)",2
16985,45,11,11,"(0.08142185478246203, 0.14970886995698662, 0.0, 0.0, 0.0, 0.04688669779969397, 0.0, 0.10164565876544655, 0.0, 0.031051048610206557)",5
16986,45,11,11,"(0.08053210599129343, 0.09950731712740148, 0.0, 0.0, 0.0, 0.04688669779969397, 0.0, 0.13635786553969723, 0.0, 0.031051048610206557)",5
16987,45,11,11,"(0.09033430006888621, 0.14970886995698662, 0.0, 0.0, 0.0, 0.04688669779969397, 0.0, 0.09202979181789109, 0.0, 0.031051048610206557)",1
16988,45,11,11,"(0.09033430006888621, 0.09950731712740148, 0.0, 0.0, 0.0, 0.04688669779969397, 0.0, 0.13635786553969723, 0.0, 0.031051048610206557)",166
16989,45,11,11,"(0.09033430006888621, 0.15933811916037496, 0.0, 0.0, 0.0, 0.04688669779969397, 0.0, 0.09523546217639671, 0.0, 0.031051048610206557)",1
16990,45,11,11,"(0.09033430006888621, 0.14970886995698662, 0.0, 0.0, 0.0, 0.02868505443042381, 0.0, 0.09523546217639671, 0.0, 0.031051048610206557)",1
16991,45,11,11,"(0.09033430006888621, 0.14970886995698662, 0.0, 0.0, 0.0, 0.04688669779969397, 0.0, 0.09523546217639671, 0.0, 0.031051048610206557)",301
16992,45,11,11,"(0.09033430006888621, 0.14970886995698662, 0.0, 0.0, 0.0, 0.06916715016020199, 0.0, 0.09523546217639671, 0.0, 0.031051048610206557)",1
16993,45,11,11,"(0.05595493401288263, 0.14970886995698662, 0.0, 0.0, 0.0, 0.04688669779969397, 0.0, 0.09523546217639671, 0.0, 0.031051048610206557)",9
16994,45,11,13,"(0.0, 0.0, 0.11679612853536596, 0.11566245524900162, 0.09172770611919409, 0.07489992963210028, 0.0, 0.0, 0.14899621190854193, 0.0)",121
16995,45,11,13,"(0.0, 0.0, 0.11679612853536596, 0.11566245524900162, 0.11109266959551767, 0.07489992963210028, 0.0, 0.0, 0.14899621190854193, 0.0)",36
16996,45,12,8,"(0.1495737226830573, 0.0, 0.032688955894459824, 0.12703843950538787, 0.09173902283359818, 0.0, 0.06826344941350267, 0.0, 0.0, 0.0)",4
16997,45,12,8,"(0.08829965453524319, 0.0, 0.08950620996642342, 0.1043043444590589, 0.09173902283359818, 0.0, 0.07823557843044365, 0.0, 0.0, 0.0)",2
16998,45,12,8,"(0.08829965453524319, 0.0, 0.08950620996642342, 0.09247639241939104, 0.09173902283359818, 0.0, 0.06826344941350267, 0.0, 0.0, 0.0)",184
16999,45,12,8,"(0.08829965453524319, 0.0, 0.032688955894459824, 0.12703843950538787, 0.09173902283359818, 0.0, 0.06826344941350267, 0.0, 0.0, 0.0)",135
17000,45,12,8,"(0.08829965453524319, 0.0, 0.08950620996642342, 0.09247639241939104, 0.09173902283359818, 0.0, 0.07274078079307485, 0.0, 0.0, 0.0)",19
17001,45,12,11,"(0.05595493401288263, 0.14970886995698662, 0.0, 0.0, 0.0, 0.07497059539729517, 0.0, 0.09523546217639671, 0.0, 0.031051048610206557)",1
17002,45,12,11,"(0.07563377352629305, 0.14970886995698662, 0.0, 0.0, 0.0, 0.04688669779969397, 0.0, 0.09523546217639671, 0.0, 0.031051048610206557)",2
17003,45,12,11,"(0.05595493401288263, 0.14970886995698662, 0.0, 0.0, 0.0, 0.04688669779969397, 0.0, 0.0936142493367851, 0.0, 0.031051048610206557)",1
17004,45,12,11,"(0.05595493401288263, 0.14970886995698662, 0.0, 0.0, 0.0, 0.04688669779969397, 0.0, 0.09523546217639671, 0.0, 0.03414234379845235)",4
17005,45,12,11,"(0.09033430006888621, 0.14970886995698662, 0.0, 0.0, 0.0, 0.044407798700544066, 0.0, 0.09523546217639671, 0.0, 0.031051048610206557)",2
17006,45,12,11,"(0.05595493401288263, 0.1719212988968923, 0.0, 0.0, 0.0, 0.04688669779969397, 0.0, 0.09523546217639671, 0.0, 0.031051048610206557)",1
17007,45,12,11,"(0.09033430006888621, 0.14970886995698662, 0.0, 0.0, 0.0, 0.04688669779969397, 0.0, 0.09523546217639671, 0.0, 0.031051048610206557)",137
17008,45,12,11,"(0.05595493401288263, 0.14970886995698662, 0.0, 0.0, 0.0, 0.04688669779969397, 0.0, 0.09523546217639671, 0.0, 0.031051048610206557)",388
17009,45,12,11,"(0.09033430006888621, 0.1937204786380478, 0.0, 0.0, 0.0, 0.04688669779969397, 0.0, 0.09523546217639671, 0.0, 0.031051048610206557)",1
17010,45,12,11,"(0.05595493401288263, 0.16964930950880885, 0.0, 0.0, 0.0, 0.04688669779969397, 0.0, 0.09523546217639671, 0.0, 0.031051048610206557)",2
17011,45,12,13,"(0.0, 0.0, 0.11679612853536596, 0.06920069129515957, 0.09172770611919409, 0.07489992963210028, 0.0, 0.0, 0.14899621190854193, 0.0)",170
17012,45,12,13,"(0.0, 0.0, 0.17478033917280064, 0.08353384605283032, 0.09172770611919409, 0.07489992963210028, 0.0, 0.0, 0.14899621190854193, 0.0)",1
17013,45,12,13,"(0.0, 0.0, 0.11679612853536596, 0.06920069129515957, 0.09172770611919409, 0.10176380383401722, 0.0, 0.0, 0.14899621190854193, 0.0)",2
17014,45,13,8,"(0.08829965453524319, 0.0, 0.032688955894459824, 0.054048029700506484, 0.09173902283359818, 0.0, 0.06826344941350267, 0.0, 0.0, 0.0)",4
17015,45,13,8,"(0.08829965453524319, 0.0, 0.08950620996642342, 0.09247639241939104, 0.09173902283359818, 0.0, 0.06826344941350267, 0.0, 0.0, 0.0)",226
17016,45,13,8,"(0.08829965453524319, 0.0, 0.032688955894459824, 0.12703843950538787, 0.09173902283359818, 0.0, 0.06826344941350267, 0.0, 0.0, 0.0)",78
17017,45,13,8,"(0.08829965453524319, 0.0, 0.029792085076579614, 0.12703843950538787, 0.09173902283359818, 0.0, 0.06826344941350267, 0.0, 0.0, 0.0)",1
17018,45,13,11,"(0.05595493401288263, 0.1427695672183122, 0.0, 0.0, 0.0, 0.04688669779969397, 0.0, 0.09523546217639671, 0.0, 0.031051048610206557)",1
17019,45,13,11,"(0.05595493401288263, 0.16964930950880885, 0.0, 0.0, 0.0, 0.04688669779969397, 0.0, 0.09523546217639671, 0.0, 0.031051048610206557)",126
17020,45,13,11,"(0.05595493401288263, 0.14970886995698662, 0.0, 0.0, 0.0, 0.04688669779969397, 0.0, 0.09523546217639671, 0.0, 0.020160893666714207)",2
17021,45,13,11,"(0.05595493401288263, 0.14970886995698662, 0.0, 0.0, 0.0, 0.04688669779969397, 0.0, 0.09523546217639671, 0.0, 0.031051048610206557)",333
17022,45,13,11,"(0.05595493401288263, 0.11951126647680586, 0.0, 0.0, 0.0, 0.04688669779969397, 0.0, 0.09523546217639671, 0.0, 0.031051048610206557)",2
17023,45,13,11,"(0.05595493401288263, 0.27767533077851503, 0.0, 0.0, 0.0, 0.04688669779969397, 0.0, 0.09523546217639671, 0.0, 0.031051048610206557)",2
17024,45,13,11,"(0.05595493401288263, 0.14970886995698662, 0.0, 0.0, 0.0, 0.06903611335379135, 0.0, 0.09523546217639671, 0.0, 0.031051048610206557)",2
17025,45,13,11,"(0.09033430006888621, 0.2981679577937701, 0.0, 0.0, 0.0, 0.04688669779969397, 0.0, 0.09523546217639671, 0.0, 0.031051048610206557)",1
17026,45,13,11,"(0.05595493401288263, 0.16964930950880885, 0.0, 0.0, 0.0, 0.04688669779969397, 0.0, 0.11946758023798655, 0.0, 0.046302479438466)",1
17027,45,13,11,"(0.09033430006888621, 0.14970886995698662, 0.0, 0.0, 0.0, 0.04688669779969397, 0.0, 0.09523546217639671, 0.0, 0.031051048610206557)",42
17028,45,13,11,"(0.06511267225861178, 0.14970886995698662, 0.0, 0.0, 0.0, 0.04688669779969397, 0.0, 0.14365360639342706, 0.0, 0.031051048610206557)",17
17029,45,13,11,"(0.04534328575176773, 0.16964930950880885, 0.0, 0.0, 0.0, 0.04688669779969397, 0.0, 0.09523546217639671, 0.0, 0.031051048610206557)",2
17030,45,13,11,"(0.05595493401288263, 0.16964930950880885, 0.0, 0.0, 0.0, 0.04688669779969397, 0.0, 0.11266681386774806, 0.0, 0.031051048610206557)",1
17031,45,13,13,"(0.0, 0.0, 0.11679612853536596, 0.06920069129515957, 0.09172770611919409, 0.07489992963210028, 0.0, 0.0, 0.2600104609756317, 0.0)",1
17032,45,13,13,"(0.0, 0.0, 0.11679612853536596, 0.04421860709230742, 0.09172770611919409, 0.07489992963210028, 0.0, 0.0, 0.14899621190854193, 0.0)",56
17033,45,13,13,"(0.0, 0.0, 0.11679612853536596, 0.06920069129515957, 0.09172770611919409, 0.09021800073158127, 0.0, 0.0, 0.14899621190854193, 0.0)",1
17034,45,13,13,"(0.0, 0.0, 0.11679612853536596, 0.06920069129515957, 0.09172770611919409, 0.07489992963210028, 0.0, 0.0, 0.14899621190854193, 0.0)",117
17035,45,13,13,"(0.0, 0.0, 0.05178637700719636, 0.04421860709230742, 0.09172770611919409, 0.07489992963210028, 0.0, 0.0, 0.14899621190854193, 0.0)",1
17036,45,13,13,"(0.0, 0.0, 0.13918426517844087, 0.06615676262502815, 0.09172770611919409, 0.07244869644025086, 0.0, 0.0, 0.12171663205335266, 0.0)",5
17037,45,14,8,"(0.08829965453524319, 0.0, 0.05958409706373405, 0.09247639241939104, 0.09173902283359818, 0.0, 0.06826344941350267, 0.0, 0.0, 0.0)",2
17038,45,14,8,"(0.08829965453524319, 0.0, 0.032688955894459824, 0.12703843950538787, 0.09173902283359818, 0.0, 0.06826344941350267, 0.0, 0.0, 0.0)",214
17039,45,14,8,"(0.08829965453524319, 0.0, 0.08950620996642342, 0.09247639241939104, 0.09173902283359818, 0.0, 0.06826344941350267, 0.0, 0.0, 0.0)",114
17040,45,14,8,"(0.08829965453524319, 0.0, 0.06583865148780893, 0.09247639241939104, 0.09173902283359818, 0.0, 0.06826344941350267, 0.0, 0.0, 0.0)",2
17041,45,14,8,"(0.08829965453524319, 0.0, 0.08950620996642342, 0.09247639241939104, 0.09173902283359818, 0.0, 0.06385121714386678, 0.0, 0.0, 0.0)",4
17042,45,14,8,"(0.08829965453524319, 0.0, 0.032688955894459824, 0.1713501874555858, 0.09173902283359818, 0.0, 0.14652740445794343, 0.0, 0.0, 0.0)",1
17043,45,14,11,"(0.05595493401288263, 0.14970886995698662, 0.0, 0.0, 0.0, 0.04688669779969397, 0.0, 0.09523546217639671, 0.0, 0.031051048610206557)",399
17044,45,14,11,"(0.05595493401288263, 0.14970886995698662, 0.0, 0.0, 0.0, 0.04688669779969397, 0.0, 0.06817212133798126, 0.0, 0.031051048610206557)",1
17045,45,14,11,"(0.03849853931748313, 0.14970886995698662, 0.0, 0.0, 0.0, 0.04688669779969397, 0.0, 0.09523546217639671, 0.0, 0.031051048610206557)",2
17046,45,14,11,"(0.05595493401288263, 0.14970886995698662, 0.0, 0.0, 0.0, 0.04688669779969397, 0.0, 0.07834544651715904, 0.0, 0.031051048610206557)",3
17047,45,14,11,"(0.05595493401288263, 0.14970886995698662, 0.0, 0.0, 0.0, 0.08815200603309896, 0.0, 0.09523546217639671, 0.0, 0.031051048610206557)",14
17048,45,14,11,"(0.09033430006888621, 0.19633911881837168, 0.0, 0.0, 0.0, 0.04688669779969397, 0.0, 0.09523546217639671, 0.0, 0.031051048610206557)",1
17049,45,14,11,"(0.05595493401288263, 0.14970886995698662, 0.0, 0.0, 0.0, 0.04688669779969397, 0.0, 0.09360635481205316, 0.0, 0.031051048610206557)",1
17050,45,14,11,"(0.09033430006888621, 0.14970886995698662, 0.0, 0.0, 0.0, 0.04688669779969397, 0.0, 0.09523546217639671, 0.0, 0.031051048610206557)",99
17051,45,14,11,"(0.06013439940824411, 0.14970886995698662, 0.0, 0.0, 0.0, 0.04688669779969397, 0.0, 0.09523546217639671, 0.0, 0.031051048610206557)",1
17052,45,14,13,"(0.0, 0.0, 0.11679612853536596, 0.06920069129515957, 0.09172770611919409, 0.07489992963210028, 0.0, 0.0, 0.23922971281975866, 0.0)",3
17053,45,14,13,"(0.0, 0.0, 0.11679612853536596, 0.06920069129515957, 0.05477199986702733, 0.11913737768509695, 0.0, 0.0, 0.21315691207024048, 0.0)",1
17054,45,14,13,"(0.0, 0.0, 0.11679612853536596, 0.06920069129515957, 0.09172770611919409, 0.07489992963210028, 0.0, 0.0, 0.14899621190854193, 0.0)",162
17055,45,14,13,"(0.0, 0.0, 0.13350352748104238, 0.06920069129515957, 0.09172770611919409, 0.07489992963210028, 0.0, 0.0, 0.16286816046259073, 0.0)",2
17056,45,15,8,"(0.08829965453524319, 0.0, 0.09790938573312681, 0.09247639241939104, 0.09173902283359818, 0.0, 0.06826344941350267, 0.0, 0.0, 0.0)",37
17057,45,15,8,"(0.08829965453524319, 0.0, 0.09790938573312681, 0.11882422473186993, 0.09173902283359818, 0.0, 0.06826344941350267, 0.0, 0.0, 0.0)",3
17058,45,15,8,"(0.08829965453524319, 0.0, 0.08950620996642342, 0.17153784754340598, 0.09173902283359818, 0.0, 0.06826344941350267, 0.0, 0.0, 0.0)",1
17059,45,15,8,"(0.08829965453524319, 0.0, 0.08950620996642342, 0.09247639241939104, 0.09173902283359818, 0.0, 0.06826344941350267, 0.0, 0.0, 0.0)",217
17060,45,15,8,"(0.06402373395442044, 0.0, 0.08950620996642342, 0.09247639241939104, 0.09173902283359818, 0.0, 0.06826344941350267, 0.0, 0.0, 0.0)",1
17061,45,15,11,"(0.05595493401288263, 0.14970886995698662, 0.0, 0.0, 0.0, 0.04688669779969397, 0.0, 0.09523546217639671, 0.0, 0.019049678119772172)",61
17062,45,15,11,"(0.09033430006888621, 0.14970886995698662, 0.0, 0.0, 0.0, 0.04688669779969397, 0.0, 0.09523546217639671, 0.0, 0.031051048610206557)",178
17063,45,15,11,"(0.08569401974793296, 0.09950731712740148, 0.0, 0.0, 0.0, 0.04688669779969397, 0.0, 0.14168912932302707, 0.0, 0.044327697086331816)",5
17064,45,15,11,"(0.05595493401288263, 0.14970886995698662, 0.0, 0.0, 0.0, 0.04688669779969397, 0.0, 0.0783326846966755, 0.0, 0.019049678119772172)",1
17065,45,15,11,"(0.05595493401288263, 0.1448964617660661, 0.0, 0.0, 0.0, 0.04688669779969397, 0.0, 0.13501224774232704, 0.0, 0.043753171683366295)",1
17066,45,15,11,"(0.05595493401288263, 0.14970886995698662, 0.0, 0.0, 0.0, 0.04688669779969397, 0.0, 0.09523546217639671, 0.0, 0.03136603565012772)",1
17067,45,15,11,"(0.05595493401288263, 0.14970886995698662, 0.0, 0.0, 0.0, 0.04688669779969397, 0.0, 0.09523546217639671, 0.0, 0.031051048610206557)",224
17068,45,15,11,"(0.09033430006888621, 0.09950731712740148, 0.0, 0.0, 0.0, 0.04688669779969397, 0.0, 0.13635786553969723, 0.0, 0.031051048610206557)",125
17069,45,15,13,"(0.0, 0.0, 0.11679612853536596, 0.11566245524900162, 0.09172770611919409, 0.07489992963210028, 0.0, 0.0, 0.14480452705205457, 0.0)",2
17070,45,15,13,"(0.0, 0.0, 0.11679612853536596, 0.11566245524900162, 0.09172770611919409, 0.07489992963210028, 0.0, 0.0, 0.14899621190854193, 0.0)",145
17071,45,15,13,"(0.0, 0.0, 0.10848412814444812, 0.11566245524900162, 0.09172770611919409, 0.06154456874360813, 0.0, 0.0, 0.14899621190854193, 0.0)",4
17072,45,15,13,"(0.0, 0.0, 0.1302163874845236, 0.11566245524900162, 0.09172770611919409, 0.07489992963210028, 0.0, 0.0, 0.14899621190854193, 0.0)",2
17073,45,15,13,"(0.0, 0.0, 0.07028422426102353, 0.11566245524900162, 0.09172770611919409, 0.07489992963210028, 0.0, 0.0, 0.14899621190854193, 0.0)",4
17074,45,16,8,"(0.08829965453524319, 0.0, 0.12233434687043383, 0.09200820283700838, 0.09173902283359818, 0.0, 0.06826344941350267, 0.0, 0.0, 0.0)",16
17075,45,16,8,"(0.08829965453524319, 0.0, 0.08950620996642342, 0.09247639241939104, 0.09173902283359818, 0.0, 0.06826344941350267, 0.0, 0.0, 0.0)",331
17076,45,16,8,"(0.08829965453524319, 0.0, 0.08950620996642342, 0.09247639241939104, 0.06704920226157024, 0.0, 0.06826344941350267, 0.0, 0.0, 0.0)",1
17077,45,16,8,"(0.08829965453524319, 0.0, 0.08950620996642342, 0.09247639241939104, 0.17297831653329146, 0.0, 0.06826344941350267, 0.0, 0.0, 0.0)",4
17078,45,16,8,"(0.08829965453524319, 0.0, 0.08950620996642342, 0.09247639241939104, 0.06328793963000298, 0.0, 0.06826344941350267, 0.0, 0.0, 0.0)",1
17079,45,16,8,"(0.08829965453524319, 0.0, 0.08950620996642342, 0.09247639241939104, 0.06685986000868552, 0.0, 0.05000113632820139, 0.0, 0.0, 0.0)",1
17080,45,16,11,"(0.09033430006888621, 0.14970886995698662, 0.0, 0.0, 0.0, 0.0625668734664809, 0.0, 0.09523546217639671, 0.0, 0.031051048610206557)",1
17081,45,16,11,"(0.09033430006888621, 0.08729678240766668, 0.0, 0.0, 0.0, 0.04688669779969397, 0.0, 0.13635786553969723, 0.0, 0.031051048610206557)",1
17082,45,16,11,"(0.05595493401288263, 0.14970886995698662, 0.0, 0.0, 0.0, 0.04688669779969397, 0.0, 0.09523546217639671, 0.0, 0.031051048610206557)",216
17083,45,16,11,"(0.05595493401288263, 0.14970886995698662, 0.0, 0.0, 0.0, 0.05238005980060366, 0.0, 0.09154266317720693, 0.0, 0.031051048610206557)",1
17084,45,16,11,"(0.05595493401288263, 0.2971920529799045, 0.0, 0.0, 0.0, 0.05631273865049748, 0.0, 0.09523546217639671, 0.0, 0.031051048610206557)",1
17085,45,16,11,"(0.09033430006888621, 0.14970886995698662, 0.0, 0.0, 0.0, 0.04688669779969397, 0.0, 0.09523546217639671, 0.0, 0.031051048610206557)",179
17086,45,16,11,"(0.09033430006888621, 0.1086987734086951, 0.0, 0.0, 0.0, 0.04688669779969397, 0.0, 0.09523546217639671, 0.0, 0.031051048610206557)",3
17087,45,16,11,"(0.09033430006888621, 0.09950731712740148, 0.0, 0.0, 0.0, 0.04688669779969397, 0.0, 0.13635786553969723, 0.0, 0.031051048610206557)",29
17088,45,16,13,"(0.0, 0.0, 0.11679612853536596, 0.11566245524900162, 0.09172770611919409, 0.07489992963210028, 0.0, 0.0, 0.21250231543924147, 0.0)",2
17089,45,16,13,"(0.0, 0.0, 0.11679612853536596, 0.11566245524900162, 0.09172770611919409, 0.07489992963210028, 0.0, 0.0, 0.14899621190854193, 0.0)",153
17090,45,16,13,"(0.0, 0.0, 0.11679612853536596, 0.11566245524900162, 0.09172770611919409, 0.06561240383474913, 0.0, 0.0, 0.14899621190854193, 0.0)",2
17091,45,16,13,"(0.0, 0.0, 0.11298617295307045, 0.11566245524900162, 0.16537301533493237, 0.07489992963210028, 0.0, 0.0, 0.14899621190854193, 0.0)",5
17092,45,17,8,"(0.09021359043516149, 0.0, 0.08950620996642342, 0.09247639241939104, 0.09558128497997849, 0.0, 0.031309870717455245, 0.0, 0.0, 0.0)",1
17093,45,17,8,"(0.08829965453524319, 0.0, 0.09790938573312681, 0.09247639241939104, 0.09173902283359818, 0.0, 0.06826344941350267, 0.0, 0.0, 0.0)",4
17094,45,17,8,"(0.10333473524256348, 0.0, 0.08950620996642342, 0.09247639241939104, 0.09173902283359818, 0.0, 0.06826344941350267, 0.0, 0.0, 0.0)",1
17095,45,17,8,"(0.08829965453524319, 0.0, 0.08950620996642342, 0.09247639241939104, 0.09173902283359818, 0.0, 0.06826344941350267, 0.0, 0.0, 0.0)",324
17096,45,17,8,"(0.08829965453524319, 0.0, 0.08950620996642342, 0.09247639241939104, 0.12619984589003463, 0.0, 0.06826344941350267, 0.0, 0.0, 0.0)",1
17097,45,17,8,"(0.15213858162989968, 0.0, 0.08950620996642342, 0.09247639241939104, 0.09173902283359818, 0.0, 0.06826344941350267, 0.0, 0.0, 0.0)",2
17098,45,17,8,"(0.08829965453524319, 0.0, 0.09401024372890053, 0.09247639241939104, 0.09173902283359818, 0.0, 0.06826344941350267, 0.0, 0.0, 0.0)",1
17099,45,17,8,"(0.08829965453524319, 0.0, 0.08950620996642342, 0.09308791654851738, 0.09173902283359818, 0.0, 0.06826344941350267, 0.0, 0.0, 0.0)",1
17100,45,17,11,"(0.09033430006888621, 0.14970886995698662, 0.0, 0.0, 0.0, 0.04688669779969397, 0.0, 0.09523546217639671, 0.0, 0.04172690846614436)",2
17101,45,17,11,"(0.05595493401288263, 0.14970886995698662, 0.0, 0.0, 0.0, 0.04688669779969397, 0.0, 0.09523546217639671, 0.0, 0.031051048610206557)",177
17102,45,17,11,"(0.09033430006888621, 0.14970886995698662, 0.0, 0.0, 0.0, 0.04688669779969397, 0.0, 0.09523546217639671, 0.0, 0.031051048610206557)",160
17103,45,17,11,"(0.05595493401288263, 0.14970886995698662, 0.0, 0.0, 0.0, 0.04688669779969397, 0.0, 0.09523546217639671, 0.0, 0.04131861338529819)",1
17104,45,17,11,"(0.09033430006888621, 0.09950731712740148, 0.0, 0.0, 0.0, 0.04688669779969397, 0.0, 0.13635786553969723, 0.0, 0.031051048610206557)",133
17105,45,17,11,"(0.05595493401288263, 0.10327617683305344, 0.0, 0.0, 0.0, 0.04688669779969397, 0.0, 0.09523546217639671, 0.0, 0.06251996661926998)",2
17106,45,17,11,"(0.05595493401288263, 0.14970886995698662, 0.0, 0.0, 0.0, 0.04688669779969397, 0.0, 0.09523546217639671, 0.0, 0.03708116414228588)",2
17107,45,17,11,"(0.09033430006888621, 0.23279257835315348, 0.0, 0.0, 0.0, 0.04688669779969397, 0.0, 0.13635786553969723, 0.0, 0.031051048610206557)",4
17108,45,17,11,"(0.09033430006888621, 0.09950731712740148, 0.0, 0.0, 0.0, 0.04688669779969397, 0.0, 0.13540696040322803, 0.0, 0.031051048610206557)",2
17109,45,17,13,"(0.0, 0.0, 0.11679612853536596, 0.11566245524900162, 0.09172770611919409, 0.07489992963210028, 0.0, 0.0, 0.14899621190854193, 0.0)",143
17110,45,18,8,"(0.05880946853108167, 0.0, 0.08950620996642342, 0.09247639241939104, 0.09173902283359818, 0.0, 0.052665580063236676, 0.0, 0.0, 0.0)",48
17111,45,18,8,"(0.05880946853108167, 0.0, 0.08950620996642342, 0.09247639241939104, 0.08706791507413007, 0.0, 0.052665580063236676, 0.0, 0.0, 0.0)",2
17112,45,18,8,"(0.08829965453524319, 0.0, 0.08950620996642342, 0.08014332253957904, 0.09173902283359818, 0.0, 0.06826344941350267, 0.0, 0.0, 0.0)",2
17113,45,18,8,"(0.08829965453524319, 0.0, 0.08950620996642342, 0.09247639241939104, 0.09173902283359818, 0.0, 0.06826344941350267, 0.0, 0.0, 0.0)",266
17114,45,18,8,"(0.06500853126277145, 0.0, 0.08950620996642342, 0.09247639241939104, 0.09173902283359818, 0.0, 0.05520384056022692, 0.0, 0.0, 0.0)",1
17115,45,18,8,"(0.05880946853108167, 0.0, 0.08950620996642342, 0.09940351350259215, 0.18114837069636472, 0.0, 0.052665580063236676, 0.0, 0.0, 0.0)",1
17116,45,18,8,"(0.08829965453524319, 0.0, 0.18246420465503496, 0.09247639241939104, 0.09173902283359818, 0.0, 0.06826344941350267, 0.0, 0.0, 0.0)",31
17117,45,18,8,"(0.08829965453524319, 0.0, 0.12566662150018523, 0.09247639241939104, 0.1276510010573369, 0.0, 0.06839261850528505, 0.0, 0.0, 0.0)",1
17118,45,18,11,"(0.09033430006888621, 0.14970886995698662, 0.0, 0.0, 0.0, 0.05232564642006329, 0.0, 0.09523546217639671, 0.0, 0.031051048610206557)",6
17119,45,18,11,"(0.25347251554838796, 0.14970886995698662, 0.0, 0.0, 0.0, 0.04688669779969397, 0.0, 0.09523546217639671, 0.0, 0.031051048610206557)",1
17120,45,18,11,"(0.04340439556409993, 0.285564782239488, 0.0, 0.0, 0.0, 0.04688669779969397, 0.0, 0.0831256340196181, 0.0, 0.07109936237080725)",5
17121,45,18,11,"(0.09033430006888621, 0.14970886995698662, 0.0, 0.0, 0.0, 0.04688669779969397, 0.0, 0.09523546217639671, 0.0, 0.031051048610206557)",264
17122,45,18,11,"(0.08348259405657278, 0.14970886995698662, 0.0, 0.0, 0.0, 0.04688669779969397, 0.0, 0.09523546217639671, 0.0, 0.031051048610206557)",1
17123,45,18,11,"(0.05595493401288263, 0.14970886995698662, 0.0, 0.0, 0.0, 0.021490084553539467, 0.0, 0.09523546217639671, 0.0, 0.021888839524705703)",3
17124,45,18,11,"(0.09033430006888621, 0.14970886995698662, 0.0, 0.0, 0.0, 0.09650523861475573, 0.0, 0.09523546217639671, 0.0, 0.031051048610206557)",1
17125,45,18,11,"(0.05595493401288263, 0.14970886995698662, 0.0, 0.0, 0.0, 0.04688669779969397, 0.0, 0.09523546217639671, 0.0, 0.031051048610206557)",105
17126,45,18,11,"(0.09033430006888621, 0.18255596163294216, 0.0, 0.0, 0.0, 0.01901907046660306, 0.0, 0.09523546217639671, 0.0, 0.046408503940469914)",1
17127,45,18,11,"(0.05595493401288263, 0.14970886995698662, 0.0, 0.0, 0.0, 0.04688669779969397, 0.0, 0.06849786173016086, 0.0, 0.031051048610206557)",1
17128,45,18,11,"(0.05595493401288263, 0.14970886995698662, 0.0, 0.0, 0.0, 0.04688669779969397, 0.0, 0.09523546217639671, 0.0, 0.03847076238021668)",1
17129,45,18,13,"(0.0, 0.0, 0.11679612853536596, 0.11566245524900162, 0.09172770611919409, 0.07489992963210028, 0.0, 0.0, 0.14899621190854193, 0.0)",152
17130,45,19,8,"(0.08829965453524319, 0.0, 0.08950620996642342, 0.0741236668910668, 0.11237981333816006, 0.0, 0.06826344941350267, 0.0, 0.0, 0.0)",1
17131,45,19,8,"(0.10472429196337875, 0.0, 0.06365485727315374, 0.09247639241939104, 0.09173902283359818, 0.0, 0.06826344941350267, 0.0, 0.0, 0.0)",1
17132,45,19,8,"(0.08829965453524319, 0.0, 0.08950620996642342, 0.0741236668910668, 0.09173902283359818, 0.0, 0.06826344941350267, 0.0, 0.0, 0.0)",7
17133,45,19,8,"(0.08829965453524319, 0.0, 0.08950620996642342, 0.09247639241939104, 0.09173902283359818, 0.0, 0.08225963509591318, 0.0, 0.0, 0.0)",1
17134,45,19,8,"(0.08829965453524319, 0.0, 0.08950620996642342, 0.09247639241939104, 0.0737962852558212, 0.0, 0.06826344941350267, 0.0, 0.0, 0.0)",8
17135,45,19,8,"(0.08829965453524319, 0.0, 0.08950620996642342, 0.09247639241939104, 0.09173902283359818, 0.0, 0.06826344941350267, 0.0, 0.0, 0.0)",266
17136,45,19,11,"(0.09033430006888621, 0.14970886995698662, 0.0, 0.0, 0.0, 0.04688669779969397, 0.0, 0.09523546217639671, 0.0, 0.031051048610206557)",221
17137,45,19,11,"(0.05967519676211532, 0.14970886995698662, 0.0, 0.0, 0.0, 0.020320191695049165, 0.0, 0.09523546217639671, 0.0, 0.031051048610206557)",2
17138,45,19,11,"(0.05595493401288263, 0.14970886995698662, 0.0, 0.0, 0.0, 0.051919625461489635, 0.0, 0.09523546217639671, 0.0, 0.031051048610206557)",2
17139,45,19,11,"(0.09033430006888621, 0.14970886995698662, 0.0, 0.0, 0.0, 0.04688669779969397, 0.0, 0.10706534636304499, 0.0, 0.031051048610206557)",2
17140,45,19,11,"(0.05595493401288263, 0.0994146460942707, 0.0, 0.0, 0.0, 0.04688669779969397, 0.0, 0.09523546217639671, 0.0, 0.031051048610206557)",1
17141,45,19,11,"(0.05595493401288263, 0.3513804287150736, 0.0, 0.0, 0.0, 0.04688669779969397, 0.0, 0.09523546217639671, 0.0, 0.031051048610206557)",13
17142,45,19,11,"(0.09033430006888621, 0.32928184991505627, 0.0, 0.0, 0.0, 0.04688669779969397, 0.0, 0.06092392924620564, 0.0, 0.031051048610206557)",1
17143,45,19,11,"(0.09033430006888621, 0.12072100765137442, 0.0, 0.0, 0.0, 0.04688669779969397, 0.0, 0.07694903792134562, 0.0, 0.031051048610206557)",2
17144,45,19,11,"(0.05595493401288263, 0.14970886995698662, 0.0, 0.0, 0.0, 0.04688669779969397, 0.0, 0.09214133713850464, 0.0, 0.031051048610206557)",1
17145,45,19,11,"(0.05595493401288263, 0.14970886995698662, 0.0, 0.0, 0.0, 0.04688669779969397, 0.0, 0.04450935349294842, 0.0, 0.031051048610206557)",2
17146,45,19,11,"(0.03491414091047289, 0.14970886995698662, 0.0, 0.0, 0.0, 0.04688669779969397, 0.0, 0.09523546217639671, 0.0, 0.031051048610206557)",1
17147,45,19,11,"(0.09600097955012729, 0.14970886995698662, 0.0, 0.0, 0.0, 0.04688669779969397, 0.0, 0.09523546217639671, 0.0, 0.031051048610206557)",1
17148,45,19,11,"(0.05595493401288263, 0.14970886995698662, 0.0, 0.0, 0.0, 0.06273893467659092, 0.0, 0.09523546217639671, 0.0, 0.031051048610206557)",1
17149,45,19,11,"(0.05595493401288263, 0.14970886995698662, 0.0, 0.0, 0.0, 0.04688669779969397, 0.0, 0.09523546217639671, 0.0, 0.031051048610206557)",343
17150,45,19,13,"(0.0, 0.0, 0.08387327127475869, 0.11566245524900162, 0.08057987854713666, 0.07489992963210028, 0.0, 0.0, 0.14899621190854193, 0.0)",1
17151,45,19,13,"(0.0, 0.0, 0.11679612853536596, 0.11566245524900162, 0.16092820943337083, 0.07489992963210028, 0.0, 0.0, 0.14899621190854193, 0.0)",1
17152,45,19,13,"(0.0, 0.0, 0.09402824549686202, 0.15412553982195926, 0.09172770611919409, 0.07489992963210028, 0.0, 0.0, 0.08543045936433312, 0.0)",14
17153,45,19,13,"(0.0, 0.0, 0.11679612853536596, 0.11566245524900162, 0.09172770611919409, 0.07489992963210028, 0.0, 0.0, 0.14899621190854193, 0.0)",129
17154,45,19,13,"(0.0, 0.0, 0.11679612853536596, 0.11566245524900162, 0.10938163422732468, 0.07489992963210028, 0.0, 0.0, 0.14899621190854193, 0.0)",1
17155,45,19,13,"(0.0, 0.0, 0.11026239020419755, 0.11566245524900162, 0.09172770611919409, 0.05665282501689613, 0.0, 0.0, 0.14899621190854193, 0.0)",1
17156,45,20,8,"(0.08829965453524319, 0.0, 0.08950620996642342, 0.09247639241939104, 0.09173902283359818, 0.0, 0.06826344941350267, 0.0, 0.0, 0.0)",297
17157,45,20,8,"(0.08829965453524319, 0.0, 0.08950620996642342, 0.10077874043372524, 0.09173902283359818, 0.0, 0.06826344941350267, 0.0, 0.0, 0.0)",22
17158,45,20,11,"(0.09033430006888621, 0.09950731712740148, 0.0, 0.0, 0.0, 0.04688669779969397, 0.0, 0.13635786553969723, 0.0, 0.031051048610206557)",8
17159,45,20,11,"(0.09033430006888621, 0.11540148626104015, 0.0, 0.0, 0.0, 0.04688669779969397, 0.0, 0.09523546217639671, 0.0, 0.031051048610206557)",2
17160,45,20,11,"(0.05595493401288263, 0.14970886995698662, 0.0, 0.0, 0.0, 0.04688669779969397, 0.0, 0.09523546217639671, 0.0, 0.031051048610206557)",199
17161,45,20,11,"(0.09033430006888621, 0.14970886995698662, 0.0, 0.0, 0.0, 0.04688669779969397, 0.0, 0.09523546217639671, 0.0, 0.031051048610206557)",233
17162,45,20,11,"(0.09563670278143029, 0.14970886995698662, 0.0, 0.0, 0.0, 0.04688669779969397, 0.0, 0.09523546217639671, 0.0, 0.03009370393976058)",1
17163,45,20,11,"(0.05107228233476018, 0.14970886995698662, 0.0, 0.0, 0.0, 0.04688669779969397, 0.0, 0.09523546217639671, 0.0, 0.031051048610206557)",1
17164,45,20,11,"(0.09033430006888621, 0.14970886995698662, 0.0, 0.0, 0.0, 0.03806213455784591, 0.0, 0.09523546217639671, 0.0, 0.031051048610206557)",1
17165,45,20,11,"(0.09033430006888621, 0.14970886995698662, 0.0, 0.0, 0.0, 0.04688669779969397, 0.0, 0.11868372310772755, 0.0, 0.031051048610206557)",1
17166,45,20,11,"(0.05595493401288263, 0.14791779138200273, 0.0, 0.0, 0.0, 0.04688669779969397, 0.0, 0.09523546217639671, 0.0, 0.031051048610206557)",1
17167,45,20,13,"(0.0, 0.0, 0.09402824549686202, 0.15412553982195926, 0.09172770611919409, 0.07489992963210028, 0.0, 0.0, 0.08543045936433312, 0.0)",60
17168,45,20,13,"(0.0, 0.0, 0.11679612853536596, 0.16709181025002404, 0.04764523533773378, 0.07489992963210028, 0.0, 0.0, 0.14899621190854193, 0.0)",1
17169,45,20,13,"(0.0, 0.0, 0.11679612853536596, 0.11566245524900162, 0.09172770611919409, 0.07489992963210028, 0.0, 0.0, 0.14899621190854193, 0.0)",96
17170,46,0,8,"(0.08829965453524319, 0.0, 0.08950620996642342, 0.09247639241939104, 0.08353238644651191, 0.0, 0.076377008190476, 0.0, 0.0, 0.0)",1
17171,46,0,8,"(0.03771097545469713, 0.0, 0.08950620996642342, 0.06907938886242845, 0.09173902283359818, 0.0, 0.06826344941350267, 0.0, 0.0, 0.0)",1
17172,46,0,8,"(0.08829965453524319, 0.0, 0.2721147551373407, 0.09247639241939104, 0.09173902283359818, 0.0, 0.06826344941350267, 0.0, 0.0, 0.0)",2
17173,46,0,8,"(0.08829965453524319, 0.0, 0.1367843578401339, 0.1426615822866746, 0.09173902283359818, 0.0, 0.06826344941350267, 0.0, 0.0, 0.0)",7
17174,46,0,8,"(0.08829965453524319, 0.0, 0.1050055429549466, 0.09247639241939104, 0.09173902283359818, 0.0, 0.06826344941350267, 0.0, 0.0, 0.0)",10
17175,46,0,8,"(0.08829965453524319, 0.0, 0.08950620996642342, 0.09247639241939104, 0.09173902283359818, 0.0, 0.06826344941350267, 0.0, 0.0, 0.0)",338
17176,46,0,8,"(0.08829965453524319, 0.0, 0.08950620996642342, 0.09247639241939104, 0.09173902283359818, 0.0, 0.039112461716602126, 0.0, 0.0, 0.0)",5
17177,46,0,8,"(0.08829965453524319, 0.0, 0.08950620996642342, 0.09247639241939104, 0.09173902283359818, 0.0, 0.03816756463423317, 0.0, 0.0, 0.0)",4
17178,46,0,8,"(0.08829965453524319, 0.0, 0.08950620996642342, 0.06907938886242845, 0.09173902283359818, 0.0, 0.06826344941350267, 0.0, 0.0, 0.0)",29
17179,46,0,11,"(0.08142185478246203, 0.14970886995698662, 0.0, 0.0, 0.0, 0.04688669779969397, 0.0, 0.10164565876544655, 0.0, 0.031051048610206557)",27
17180,46,0,11,"(0.06993776767142122, 0.14970886995698662, 0.0, 0.0, 0.0, 0.04688669779969397, 0.0, 0.044806594039577596, 0.0, 0.042873583476272806)",1
17181,46,0,11,"(0.08540141316548433, 0.14970886995698662, 0.0, 0.0, 0.0, 0.04688669779969397, 0.0, 0.10164565876544655, 0.0, 0.031051048610206557)",2
17182,46,0,11,"(0.09033430006888621, 0.14970886995698662, 0.0, 0.0, 0.0, 0.02779853793648298, 0.0, 0.09523546217639671, 0.0, 0.031051048610206557)",1
17183,46,0,11,"(0.08032295396205932, 0.14970886995698662, 0.0, 0.0, 0.0, 0.04688669779969397, 0.0, 0.09523546217639671, 0.0, 0.031051048610206557)",1
17184,46,0,11,"(0.09033430006888621, 0.2660500921113475, 0.0, 0.0, 0.0, 0.04688669779969397, 0.0, 0.09523546217639671, 0.0, 0.031051048610206557)",3
17185,46,0,11,"(0.09033430006888621, 0.09950731712740148, 0.0, 0.0, 0.0, 0.04688669779969397, 0.0, 0.13635786553969723, 0.0, 0.031051048610206557)",14
17186,46,0,11,"(0.09033430006888621, 0.14970886995698662, 0.0, 0.0, 0.0, 0.04688669779969397, 0.0, 0.09523546217639671, 0.0, 0.031051048610206557)",337
17187,46,0,13,"(0.0, 0.0, 0.11679612853536596, 0.18926545502809575, 0.09172770611919409, 0.07489992963210028, 0.0, 0.0, 0.14899621190854193, 0.0)",1
17188,46,0,13,"(0.0, 0.0, 0.11679612853536596, 0.11566245524900162, 0.055582700046069224, 0.07489992963210028, 0.0, 0.0, 0.11782603517546462, 0.0)",1
17189,46,0,13,"(0.0, 0.0, 0.11679612853536596, 0.11566245524900162, 0.11109266959551767, 0.07489992963210028, 0.0, 0.0, 0.14899621190854193, 0.0)",5
17190,46,0,13,"(0.0, 0.0, 0.08877322295073488, 0.11566245524900162, 0.09172770611919409, 0.0729425268700973, 0.0, 0.0, 0.14899621190854193, 0.0)",1
17191,46,0,13,"(0.0, 0.0, 0.11679612853536596, 0.11566245524900162, 0.09172770611919409, 0.07638118594374112, 0.0, 0.0, 0.14899621190854193, 0.0)",8
17192,46,0,13,"(0.0, 0.0, 0.11679612853536596, 0.11566245524900162, 0.09172770611919409, 0.07489992963210028, 0.0, 0.0, 0.14899621190854193, 0.0)",139
17193,46,1,8,"(0.11256606040356404, 0.0, 0.16302208520479056, 0.09247639241939104, 0.07785810536725006, 0.0, 0.06826344941350267, 0.0, 0.0, 0.0)",8
17194,46,1,8,"(0.08829965453524319, 0.0, 0.08950620996642342, 0.09247639241939104, 0.09173902283359818, 0.0, 0.06826344941350267, 0.0, 0.0, 0.0)",307
17195,46,1,8,"(0.08829965453524319, 0.0, 0.16146938984219894, 0.09247639241939104, 0.09173902283359818, 0.0, 0.06826344941350267, 0.0, 0.0, 0.0)",1
17196,46,1,8,"(0.08829965453524319, 0.0, 0.08950620996642342, 0.09247639241939104, 0.09173902283359818, 0.0, 0.09899840806890593, 0.0, 0.0, 0.0)",1
17197,46,1,8,"(0.08829965453524319, 0.0, 0.09551569420175016, 0.09247639241939104, 0.09173902283359818, 0.0, 0.06826344941350267, 0.0, 0.0, 0.0)",1
17198,46,1,8,"(0.08829965453524319, 0.0, 0.08950620996642342, 0.09247639241939104, 0.09173902283359818, 0.0, 0.07172027636061384, 0.0, 0.0, 0.0)",1
17199,46,1,8,"(0.08829965453524319, 0.0, 0.08950620996642342, 0.04107659211723981, 0.09173902283359818, 0.0, 0.06826344941350267, 0.0, 0.0, 0.0)",1
17200,46,1,11,"(0.09033430006888621, 0.14970886995698662, 0.0, 0.0, 0.0, 0.04688669779969397, 0.0, 0.08007756726759316, 0.0, 0.028208476594170383)",1
17201,46,1,11,"(0.09033430006888621, 0.09950731712740148, 0.0, 0.0, 0.0, 0.04688669779969397, 0.0, 0.13635786553969723, 0.0, 0.031051048610206557)",262
17202,46,1,11,"(0.0688853457717114, 0.0928266310195945, 0.0, 0.0, 0.0, 0.04688669779969397, 0.0, 0.13635786553969723, 0.0, 0.031051048610206557)",1
17203,46,1,11,"(0.09033430006888621, 0.14970886995698662, 0.0, 0.0, 0.0, 0.09039819898785251, 0.0, 0.09523546217639671, 0.0, 0.019765314192824467)",5
17204,46,1,11,"(0.09033430006888621, 0.09950731712740148, 0.0, 0.0, 0.0, 0.04688669779969397, 0.0, 0.13635786553969723, 0.0, 0.02058531906887066)",1
17205,46,1,11,"(0.09033430006888621, 0.14970886995698662, 0.0, 0.0, 0.0, 0.04688669779969397, 0.0, 0.09523546217639671, 0.0, 0.031051048610206557)",194
17206,46,1,13,"(0.0, 0.0, 0.11679612853536596, 0.09866956748847248, 0.09172770611919409, 0.07489992963210028, 0.0, 0.0, 0.14899621190854193, 0.0)",1
17207,46,1,13,"(0.0, 0.0, 0.11679612853536596, 0.11566245524900162, 0.11109266959551767, 0.07489992963210028, 0.0, 0.0, 0.14899621190854193, 0.0)",24
17208,46,1,13,"(0.0, 0.0, 0.11679612853536596, 0.11566245524900162, 0.09172770611919409, 0.07489992963210028, 0.0, 0.0, 0.1562410549494271, 0.0)",1
17209,46,1,13,"(0.0, 0.0, 0.11679612853536596, 0.11566245524900162, 0.09172770611919409, 0.07489992963210028, 0.0, 0.0, 0.14899621190854193, 0.0)",110
17210,46,1,13,"(0.0, 0.0, 0.07609740550860322, 0.11566245524900162, 0.09172770611919409, 0.08897459149286895, 0.0, 0.0, 0.14899621190854193, 0.0)",4
17211,46,2,8,"(0.08829965453524319, 0.0, 0.08950620996642342, 0.10277478468214285, 0.09173902283359818, 0.0, 0.06826344941350267, 0.0, 0.0, 0.0)",2
17212,46,2,8,"(0.08829965453524319, 0.0, 0.08950620996642342, 0.09247639241939104, 0.09173902283359818, 0.0, 0.06826344941350267, 0.0, 0.0, 0.0)",308
17213,46,2,8,"(0.08198613500134577, 0.0, 0.1624652117830598, 0.0706194719603477, 0.09173902283359818, 0.0, 0.06826344941350267, 0.0, 0.0, 0.0)",6
17214,46,2,8,"(0.08829965453524319, 0.0, 0.08950620996642342, 0.09247639241939104, 0.09173902283359818, 0.0, 0.0525694756340418, 0.0, 0.0, 0.0)",4
17215,46,2,8,"(0.08829965453524319, 0.0, 0.05207177249360321, 0.09247639241939104, 0.09173902283359818, 0.0, 0.06826344941350267, 0.0, 0.0, 0.0)",1
17216,46,2,8,"(0.16105333431758087, 0.0, 0.08950620996642342, 0.09247639241939104, 0.09173902283359818, 0.0, 0.06826344941350267, 0.0, 0.0, 0.0)",2
17217,46,2,8,"(0.08696257319738807, 0.0, 0.08950620996642342, 0.09247639241939104, 0.11342444033438878, 0.0, 0.07944953180697367, 0.0, 0.0, 0.0)",3
17218,46,2,11,"(0.11610971513482751, 0.14970886995698662, 0.0, 0.0, 0.0, 0.04688669779969397, 0.0, 0.09523546217639671, 0.0, 0.031051048610206557)",1
17219,46,2,11,"(0.09033430006888621, 0.14970886995698662, 0.0, 0.0, 0.0, 0.04688669779969397, 0.0, 0.09523546217639671, 0.0, 0.03813966279027112)",2
17220,46,2,11,"(0.06034963091854427, 0.14970886995698662, 0.0, 0.0, 0.0, 0.04688669779969397, 0.0, 0.09523546217639671, 0.0, 0.031051048610206557)",1
17221,46,2,11,"(0.09033430006888621, 0.6201077181753454, 0.0, 0.0, 0.0, 0.04688669779969397, 0.0, 0.0753533483331817, 0.0, 0.031051048610206557)",2
17222,46,2,11,"(0.09033430006888621, 0.09596717511857013, 0.0, 0.0, 0.0, 0.04688669779969397, 0.0, 0.13635786553969723, 0.0, 0.031051048610206557)",2
17223,46,2,11,"(0.09033430006888621, 0.14970886995698662, 0.0, 0.0, 0.0, 0.04688669779969397, 0.0, 0.09523546217639671, 0.0, 0.031051048610206557)",255
17224,46,2,11,"(0.09033430006888621, 0.09950731712740148, 0.0, 0.0, 0.0, 0.04688669779969397, 0.0, 0.13635786553969723, 0.0, 0.031051048610206557)",225
17225,46,2,11,"(0.09033430006888621, 0.14970886995698662, 0.0, 0.0, 0.0, 0.0736605423134564, 0.0, 0.09523546217639671, 0.0, 0.031051048610206557)",3
17226,46,2,11,"(0.09033430006888621, 0.14970886995698662, 0.0, 0.0, 0.0, 0.06916715016020199, 0.0, 0.09523546217639671, 0.0, 0.031051048610206557)",8
17227,46,2,11,"(0.09033430006888621, 0.09950731712740148, 0.0, 0.0, 0.0, 0.04685783395526936, 0.0, 0.13635786553969723, 0.0, 0.031051048610206557)",1
17228,46,2,11,"(0.05159035630736129, 0.09950731712740148, 0.0, 0.0, 0.0, 0.04688669779969397, 0.0, 0.13635786553969723, 0.0, 0.031051048610206557)",3
17229,46,2,11,"(0.09033430006888621, 0.09954537134501507, 0.0, 0.0, 0.0, 0.04028534652281657, 0.0, 0.13635786553969723, 0.0, 0.031051048610206557)",1
17230,46,2,11,"(0.05595493401288263, 0.14970886995698662, 0.0, 0.0, 0.0, 0.04688669779969397, 0.0, 0.09523546217639671, 0.0, 0.031051048610206557)",22
17231,46,2,11,"(0.13583025722109743, 0.14970886995698662, 0.0, 0.0, 0.0, 0.04688669779969397, 0.0, 0.09523546217639671, 0.0, 0.031051048610206557)",2
17232,46,2,11,"(0.09033430006888621, 0.09950731712740148, 0.0, 0.0, 0.0, 0.04120618160575193, 0.0, 0.2407800639906312, 0.0, 0.031051048610206557)",2
17233,46,2,13,"(0.0, 0.0, 0.11679612853536596, 0.11566245524900162, 0.09172770611919409, 0.07556097643090395, 0.0, 0.0, 0.14899621190854193, 0.0)",3
17234,46,2,13,"(0.0, 0.0, 0.11679612853536596, 0.11566245524900162, 0.11109266959551767, 0.07489992963210028, 0.0, 0.0, 0.14899621190854193, 0.0)",2
17235,46,2,13,"(0.0, 0.0, 0.11679612853536596, 0.11566245524900162, 0.09172770611919409, 0.07489992963210028, 0.0, 0.0, 0.14899621190854193, 0.0)",146
17236,46,3,8,"(0.08829965453524319, 0.0, 0.08950620996642342, 0.08270781234982598, 0.09173902283359818, 0.0, 0.06826344941350267, 0.0, 0.0, 0.0)",1
17237,46,3,8,"(0.08829965453524319, 0.0, 0.08950620996642342, 0.09247639241939104, 0.09173902283359818, 0.0, 0.06826344941350267, 0.0, 0.0, 0.0)",335
17238,46,3,8,"(0.08829965453524319, 0.0, 0.08950620996642342, 0.12549672415101903, 0.09173902283359818, 0.0, 0.06826344941350267, 0.0, 0.0, 0.0)",2
17239,46,3,11,"(0.09033430006888621, 0.09950731712740148, 0.0, 0.0, 0.0, 0.05283562407486767, 0.0, 0.13635786553969723, 0.0, 0.031051048610206557)",1
17240,46,3,11,"(0.09033430006888621, 0.14970886995698662, 0.0, 0.0, 0.0, 0.07084332372168904, 0.0, 0.09523546217639671, 0.0, 0.031051048610206557)",2
17241,46,3,11,"(0.09033430006888621, 0.09950731712740148, 0.0, 0.0, 0.0, 0.04688669779969397, 0.0, 0.13635786553969723, 0.0, 0.031051048610206557)",123
17242,46,3,11,"(0.05595493401288263, 0.14970886995698662, 0.0, 0.0, 0.0, 0.04688669779969397, 0.0, 0.09523546217639671, 0.0, 0.03596257611702881)",1
17243,46,3,11,"(0.05595493401288263, 0.14970886995698662, 0.0, 0.0, 0.0, 0.04688669779969397, 0.0, 0.11138545669541189, 0.0, 0.031051048610206557)",1
17244,46,3,11,"(0.05595493401288263, 0.14970886995698662, 0.0, 0.0, 0.0, 0.12336725472276058, 0.0, 0.09523546217639671, 0.0, 0.031051048610206557)",1
17245,46,3,11,"(0.09033430006888621, 0.10443360883365567, 0.0, 0.0, 0.0, 0.04688669779969397, 0.0, 0.13635786553969723, 0.0, 0.0149176079906482)",1
17246,46,3,11,"(0.05595493401288263, 0.14970886995698662, 0.0, 0.0, 0.0, 0.04688669779969397, 0.0, 0.09523546217639671, 0.0, 0.031051048610206557)",263
17247,46,3,11,"(0.13406984500472646, 0.14970886995698662, 0.0, 0.0, 0.0, 0.05074778702058983, 0.0, 0.09523546217639671, 0.0, 0.031051048610206557)",2
17248,46,3,11,"(0.09033430006888621, 0.14970886995698662, 0.0, 0.0, 0.0, 0.04688669779969397, 0.0, 0.09523546217639671, 0.0, 0.031051048610206557)",115
17249,46,3,13,"(0.0, 0.0, 0.11679612853536596, 0.11566245524900162, 0.09172770611919409, 0.14725767063271772, 0.0, 0.0, 0.2825031241132923, 0.0)",1
17250,46,3,13,"(0.0, 0.0, 0.11679612853536596, 0.14430353874666463, 0.09172770611919409, 0.07489992963210028, 0.0, 0.0, 0.17560140254241477, 0.0)",1
17251,46,3,13,"(0.0, 0.0, 0.11679612853536596, 0.11566245524900162, 0.09172770611919409, 0.07489992963210028, 0.0, 0.0, 0.14899621190854193, 0.0)",152
17252,46,4,8,"(0.06468529793105582, 0.0, 0.08950620996642342, 0.09308791654851738, 0.09173902283359818, 0.0, 0.06826344941350267, 0.0, 0.0, 0.0)",2
17253,46,4,8,"(0.08829965453524319, 0.0, 0.08950620996642342, 0.09247639241939104, 0.09243402995377673, 0.0, 0.06826344941350267, 0.0, 0.0, 0.0)",1
17254,46,4,8,"(0.08829965453524319, 0.0, 0.08950620996642342, 0.09308791654851738, 0.09173902283359818, 0.0, 0.06826344941350267, 0.0, 0.0, 0.0)",8
17255,46,4,8,"(0.08829965453524319, 0.0, 0.08950620996642342, 0.09247639241939104, 0.09173902283359818, 0.0, 0.06826344941350267, 0.0, 0.0, 0.0)",295
17256,46,4,11,"(0.05595493401288263, 0.20947278781382872, 0.0, 0.0, 0.0, 0.04688669779969397, 0.0, 0.09523546217639671, 0.0, 0.031051048610206557)",2
17257,46,4,11,"(0.05595493401288263, 0.14970886995698662, 0.0, 0.0, 0.0, 0.04688669779969397, 0.0, 0.0837410629885561, 0.0, 0.031051048610206557)",1
17258,46,4,11,"(0.07665210585300944, 0.14970886995698662, 0.0, 0.0, 0.0, 0.04688669779969397, 0.0, 0.09523546217639671, 0.0, 0.031051048610206557)",7
17259,46,4,11,"(0.034658035129787226, 0.14970886995698662, 0.0, 0.0, 0.0, 0.04688669779969397, 0.0, 0.12097509705221643, 0.0, 0.040481763173159074)",2
17260,46,4,11,"(0.09033430006888621, 0.09950731712740148, 0.0, 0.0, 0.0, 0.04688669779969397, 0.0, 0.13635786553969723, 0.0, 0.031051048610206557)",107
17261,46,4,11,"(0.038592682246582403, 0.14970886995698662, 0.0, 0.0, 0.0, 0.04688669779969397, 0.0, 0.09523546217639671, 0.0, 0.03810474731534103)",1
17262,46,4,11,"(0.09033430006888621, 0.18221137321710054, 0.0, 0.0, 0.0, 0.04688669779969397, 0.0, 0.09523546217639671, 0.0, 0.031051048610206557)",4
17263,46,4,11,"(0.09033430006888621, 0.09950731712740148, 0.0, 0.0, 0.0, 0.04688669779969397, 0.0, 0.13635786553969723, 0.0, 0.023831285547290196)",1
17264,46,4,11,"(0.09033430006888621, 0.09950731712740148, 0.0, 0.0, 0.0, 0.04688669779969397, 0.0, 0.06622484169333252, 0.0, 0.01331514550336016)",2
17265,46,4,11,"(0.09033430006888621, 0.14970886995698662, 0.0, 0.0, 0.0, 0.04688669779969397, 0.0, 0.09523546217639671, 0.0, 0.031051048610206557)",156
17266,46,4,11,"(0.05595493401288263, 0.14970886995698662, 0.0, 0.0, 0.0, 0.04688669779969397, 0.0, 0.05650552148973529, 0.0, 0.0220083941122291)",5
17267,46,4,11,"(0.05595493401288263, 0.14970886995698662, 0.0, 0.0, 0.0, 0.04688669779969397, 0.0, 0.09523546217639671, 0.0, 0.031051048610206557)",238
17268,46,4,13,"(0.0, 0.0, 0.11679612853536596, 0.11566245524900162, 0.20526431761770622, 0.06456021971705314, 0.0, 0.0, 0.14195248993193424, 0.0)",1
17269,46,4,13,"(0.0, 0.0, 0.11679612853536596, 0.11566245524900162, 0.09172770611919409, 0.0803866621961019, 0.0, 0.0, 0.14899621190854193, 0.0)",1
17270,46,4,13,"(0.0, 0.0, 0.11679612853536596, 0.11566245524900162, 0.09172770611919409, 0.07489992963210028, 0.0, 0.0, 0.14899621190854193, 0.0)",166
17271,46,5,8,"(0.08829965453524319, 0.0, 0.08950620996642342, 0.16568887440628063, 0.09173902283359818, 0.0, 0.06826344941350267, 0.0, 0.0, 0.0)",3
17272,46,5,8,"(0.08829965453524319, 0.0, 0.08950620996642342, 0.09247639241939104, 0.09173902283359818, 0.0, 0.06826344941350267, 0.0, 0.0, 0.0)",287
17273,46,5,8,"(0.08829965453524319, 0.0, 0.08950620996642342, 0.07003453607087047, 0.09173902283359818, 0.0, 0.06826344941350267, 0.0, 0.0, 0.0)",1
17274,46,5,8,"(0.08829965453524319, 0.0, 0.10302304219673693, 0.09247639241939104, 0.09173902283359818, 0.0, 0.06826344941350267, 0.0, 0.0, 0.0)",3
17275,46,5,8,"(0.08829965453524319, 0.0, 0.08950620996642342, 0.09247639241939104, 0.09173902283359818, 0.0, 0.07722669013342207, 0.0, 0.0, 0.0)",1
17276,46,5,8,"(0.08829965453524319, 0.0, 0.08950620996642342, 0.09247639241939104, 0.09173902283359818, 0.0, 0.18505288702939282, 0.0, 0.0, 0.0)",3
17277,46,5,11,"(0.05595493401288263, 0.14970886995698662, 0.0, 0.0, 0.0, 0.04688669779969397, 0.0, 0.09523546217639671, 0.0, 0.04730219275183075)",3
17278,46,5,11,"(0.09033430006888621, 0.14970886995698662, 0.0, 0.0, 0.0, 0.04688669779969397, 0.0, 0.09523546217639671, 0.0, 0.048051947810712405)",2
17279,46,5,11,"(0.09033430006888621, 0.14970886995698662, 0.0, 0.0, 0.0, 0.04688669779969397, 0.0, 0.12841623951529085, 0.0, 0.031051048610206557)",2
17280,46,5,11,"(0.07137866584629414, 0.09950731712740148, 0.0, 0.0, 0.0, 0.09886456596744221, 0.0, 0.13635786553969723, 0.0, 0.031051048610206557)",1
17281,46,5,11,"(0.09033430006888621, 0.10552778358753033, 0.0, 0.0, 0.0, 0.04688669779969397, 0.0, 0.13635786553969723, 0.0, 0.031051048610206557)",2
17282,46,5,11,"(0.05804120114123859, 0.09950731712740148, 0.0, 0.0, 0.0, 0.04688669779969397, 0.0, 0.13635786553969723, 0.0, 0.031051048610206557)",1
17283,46,5,11,"(0.04600202083608459, 0.14970886995698662, 0.0, 0.0, 0.0, 0.04688669779969397, 0.0, 0.09523546217639671, 0.0, 0.031051048610206557)",1
17284,46,5,11,"(0.06013515932792538, 0.14970886995698662, 0.0, 0.0, 0.0, 0.04688669779969397, 0.0, 0.09523546217639671, 0.0, 0.031051048610206557)",2
17285,46,5,11,"(0.05595493401288263, 0.14970886995698662, 0.0, 0.0, 0.0, 0.04688669779969397, 0.0, 0.09523546217639671, 0.0, 0.031051048610206557)",188
17286,46,5,11,"(0.05595493401288263, 0.14970886995698662, 0.0, 0.0, 0.0, 0.049680430576739654, 0.0, 0.09523546217639671, 0.0, 0.031051048610206557)",2
17287,46,5,11,"(0.09033430006888621, 0.09950731712740148, 0.0, 0.0, 0.0, 0.04688669779969397, 0.0, 0.13635786553969723, 0.0, 0.031051048610206557)",165
17288,46,5,11,"(0.05595493401288263, 0.2669663220263965, 0.0, 0.0, 0.0, 0.04688669779969397, 0.0, 0.09523546217639671, 0.0, 0.031051048610206557)",1
17289,46,5,11,"(0.09033430006888621, 0.14970886995698662, 0.0, 0.0, 0.0, 0.04688669779969397, 0.0, 0.09523546217639671, 0.0, 0.031051048610206557)",127
17290,46,5,11,"(0.0567558304085031, 0.09950731712740148, 0.0, 0.0, 0.0, 0.04688669779969397, 0.0, 0.13635786553969723, 0.0, 0.031051048610206557)",17
17291,46,5,13,"(0.0, 0.0, 0.08389178152677472, 0.11566245524900162, 0.09172770611919409, 0.07489992963210028, 0.0, 0.0, 0.14899621190854193, 0.0)",3
17292,46,5,13,"(0.0, 0.0, 0.19571534224541795, 0.11566245524900162, 0.09172770611919409, 0.07489992963210028, 0.0, 0.0, 0.14899621190854193, 0.0)",2
17293,46,5,13,"(0.0, 0.0, 0.11679612853536596, 0.11566245524900162, 0.09172770611919409, 0.145066245403746, 0.0, 0.0, 0.14899621190854193, 0.0)",2
17294,46,5,13,"(0.0, 0.0, 0.11679612853536596, 0.11566245524900162, 0.09172770611919409, 0.07489992963210028, 0.0, 0.0, 0.14899621190854193, 0.0)",166
17295,46,6,8,"(0.08829965453524319, 0.0, 0.08950620996642342, 0.09247639241939104, 0.09173902283359818, 0.0, 0.06826344941350267, 0.0, 0.0, 0.0)",211
17296,46,6,8,"(0.08485930071294051, 0.0, 0.08950620996642342, 0.09247639241939104, 0.09173902283359818, 0.0, 0.06826344941350267, 0.0, 0.0, 0.0)",1
17297,46,6,8,"(0.08829965453524319, 0.0, 0.08950620996642342, 0.11997183945458274, 0.08004411836531138, 0.0, 0.06949891256308985, 0.0, 0.0, 0.0)",43
17298,46,6,8,"(0.08829965453524319, 0.0, 0.08950620996642342, 0.13344481946548967, 0.08004411836531138, 0.0, 0.06949891256308985, 0.0, 0.0, 0.0)",6
17299,46,6,8,"(0.08829965453524319, 0.0, 0.1069358708159941, 0.09247639241939104, 0.09173902283359818, 0.0, 0.06826344941350267, 0.0, 0.0, 0.0)",2
17300,46,6,8,"(0.08829965453524319, 0.0, 0.08950620996642342, 0.11997183945458274, 0.08004411836531138, 0.0, 0.05417614958226443, 0.0, 0.0, 0.0)",2
17301,46,6,11,"(0.05595493401288263, 0.14970886995698662, 0.0, 0.0, 0.0, 0.04688669779969397, 0.0, 0.09856934900894236, 0.0, 0.031051048610206557)",1
17302,46,6,11,"(0.05595493401288263, 0.14970886995698662, 0.0, 0.0, 0.0, 0.04688669779969397, 0.0, 0.09523546217639671, 0.0, 0.042692967322486404)",1
17303,46,6,11,"(0.05595493401288263, 0.17139744799771414, 0.0, 0.0, 0.0, 0.04688669779969397, 0.0, 0.09523546217639671, 0.0, 0.031051048610206557)",1
17304,46,6,11,"(0.05595493401288263, 0.14970886995698662, 0.0, 0.0, 0.0, 0.04688669779969397, 0.0, 0.09523546217639671, 0.0, 0.031051048610206557)",436
17305,46,6,11,"(0.09033430006888621, 0.09950731712740148, 0.0, 0.0, 0.0, 0.04688669779969397, 0.0, 0.13635786553969723, 0.0, 0.031051048610206557)",170
17306,46,6,11,"(0.05595493401288263, 0.14970886995698662, 0.0, 0.0, 0.0, 0.04688669779969397, 0.0, 0.09523546217639671, 0.0, 0.036436254377041434)",1
17307,46,6,11,"(0.04158380052480256, 0.14970886995698662, 0.0, 0.0, 0.0, 0.04688669779969397, 0.0, 0.049268744504759036, 0.0, 0.031051048610206557)",3
17308,46,6,11,"(0.09033430006888621, 0.14970886995698662, 0.0, 0.0, 0.0, 0.04688669779969397, 0.0, 0.09523546217639671, 0.0, 0.031051048610206557)",4
17309,46,6,11,"(0.05595493401288263, 0.14970886995698662, 0.0, 0.0, 0.0, 0.04688669779969397, 0.0, 0.1296449726093845, 0.0, 0.031051048610206557)",2
17310,46,6,11,"(0.05595493401288263, 0.14970886995698662, 0.0, 0.0, 0.0, 0.04770584743310868, 0.0, 0.09523546217639671, 0.0, 0.031051048610206557)",1
17311,46,6,13,"(0.0, 0.0, 0.11679612853536596, 0.0916305497340039, 0.09172770611919409, 0.07489992963210028, 0.0, 0.0, 0.11322550267257725, 0.0)",1
17312,46,6,13,"(0.0, 0.0, 0.11679612853536596, 0.11566245524900162, 0.0485431743265827, 0.07489992963210028, 0.0, 0.0, 0.14899621190854193, 0.0)",4
17313,46,6,13,"(0.0, 0.0, 0.15829813335649268, 0.11566245524900162, 0.09172770611919409, 0.07489992963210028, 0.0, 0.0, 0.14899621190854193, 0.0)",1
17314,46,6,13,"(0.0, 0.0, 0.11679612853536596, 0.11566245524900162, 0.09172770611919409, 0.07489992963210028, 0.0, 0.0, 0.14899621190854193, 0.0)",126
17315,46,7,8,"(0.08829965453524319, 0.0, 0.08823321252588734, 0.09247639241939104, 0.09173902283359818, 0.0, 0.06826344941350267, 0.0, 0.0, 0.0)",1
17316,46,7,8,"(0.08829965453524319, 0.0, 0.0845657360490116, 0.09247639241939104, 0.09173902283359818, 0.0, 0.06826344941350267, 0.0, 0.0, 0.0)",3
17317,46,7,8,"(0.08829965453524319, 0.0, 0.16299969808307438, 0.11997183945458274, 0.08004411836531138, 0.0, 0.06949891256308985, 0.0, 0.0, 0.0)",1
17318,46,7,8,"(0.08829965453524319, 0.0, 0.08950620996642342, 0.09247639241939104, 0.09173902283359818, 0.0, 0.06826344941350267, 0.0, 0.0, 0.0)",242
17319,46,7,8,"(0.08829965453524319, 0.0, 0.08950620996642342, 0.11997183945458274, 0.08004411836531138, 0.0, 0.06949891256308985, 0.0, 0.0, 0.0)",60
17320,46,7,11,"(0.09033430006888621, 0.14970886995698662, 0.0, 0.0, 0.0, 0.04688669779969397, 0.0, 0.09523546217639671, 0.0, 0.031051048610206557)",2
17321,46,7,11,"(0.05595493401288263, 0.23952273244306566, 0.0, 0.0, 0.0, 0.04688669779969397, 0.0, 0.09523546217639671, 0.0, 0.01986952134304674)",1
17322,46,7,11,"(0.05595493401288263, 0.11372295354923843, 0.0, 0.0, 0.0, 0.08316085295337651, 0.0, 0.09042807833239395, 0.0, 0.031051048610206557)",1
17323,46,7,11,"(0.05595493401288263, 0.14970886995698662, 0.0, 0.0, 0.0, 0.04688669779969397, 0.0, 0.09523546217639671, 0.0, 0.042873553146980915)",5
17324,46,7,11,"(0.1544399376217006, 0.09950731712740148, 0.0, 0.0, 0.0, 0.04688669779969397, 0.0, 0.2800019669409226, 0.0, 0.031051048610206557)",1
17325,46,7,11,"(0.05595493401288263, 0.14970886995698662, 0.0, 0.0, 0.0, 0.04688669779969397, 0.0, 0.09523546217639671, 0.0, 0.031051048610206557)",345
17326,46,7,11,"(0.09033430006888621, 0.09950731712740148, 0.0, 0.0, 0.0, 0.021864211881256455, 0.0, 0.13635786553969723, 0.0, 0.031051048610206557)",2
17327,46,7,11,"(0.09033430006888621, 0.09950731712740148, 0.0, 0.0, 0.0, 0.04688669779969397, 0.0, 0.13635786553969723, 0.0, 0.031051048610206557)",184
17328,46,7,11,"(0.09033430006888621, 0.09950731712740148, 0.0, 0.0, 0.0, 0.03569138449003177, 0.0, 0.13635786553969723, 0.0, 0.031051048610206557)",1
17329,46,7,11,"(0.05595493401288263, 0.14970886995698662, 0.0, 0.0, 0.0, 0.06389472933918325, 0.0, 0.09523546217639671, 0.0, 0.031051048610206557)",1
17330,46,7,13,"(0.0, 0.0, 0.11679612853536596, 0.11566245524900162, 0.09172770611919409, 0.07489992963210028, 0.0, 0.0, 0.14899621190854193, 0.0)",169
17331,46,7,13,"(0.0, 0.0, 0.11679612853536596, 0.11566245524900162, 0.09172770611919409, 0.07489992963210028, 0.0, 0.0, 0.13906164256461503, 0.0)",2
17332,46,7,13,"(0.0, 0.0, 0.11679612853536596, 0.11566245524900162, 0.09172770611919409, 0.07489992963210028, 0.0, 0.0, 0.12171656488408777, 0.0)",2
17333,46,8,8,"(0.08829965453524319, 0.0, 0.08950620996642342, 0.11997183945458274, 0.05411873045152692, 0.0, 0.06949891256308985, 0.0, 0.0, 0.0)",1
17334,46,8,8,"(0.08829965453524319, 0.0, 0.08950620996642342, 0.11997183945458274, 0.08004411836531138, 0.0, 0.06949891256308985, 0.0, 0.0, 0.0)",11
17335,46,8,8,"(0.08829965453524319, 0.0, 0.08950620996642342, 0.09247639241939104, 0.09173902283359818, 0.0, 0.06826344941350267, 0.0, 0.0, 0.0)",232
17336,46,8,8,"(0.08829965453524319, 0.0, 0.08950620996642342, 0.09247639241939104, 0.10046311120178461, 0.0, 0.06826344941350267, 0.0, 0.0, 0.0)",6
17337,46,8,11,"(0.09033430006888621, 0.09950731712740148, 0.0, 0.0, 0.0, 0.08686525029058478, 0.0, 0.13635786553969723, 0.0, 0.04810768040002961)",14
17338,46,8,11,"(0.09033430006888621, 0.07847743582848599, 0.0, 0.0, 0.0, 0.04688669779969397, 0.0, 0.13635786553969723, 0.0, 0.031051048610206557)",1
17339,46,8,11,"(0.05595493401288263, 0.14970886995698662, 0.0, 0.0, 0.0, 0.029057604746844486, 0.0, 0.09523546217639671, 0.0, 0.031051048610206557)",2
17340,46,8,11,"(0.05595493401288263, 0.14970886995698662, 0.0, 0.0, 0.0, 0.04688669779969397, 0.0, 0.0769337678857596, 0.0, 0.031051048610206557)",4
17341,46,8,11,"(0.05595493401288263, 0.14970886995698662, 0.0, 0.0, 0.0, 0.04688669779969397, 0.0, 0.09523546217639671, 0.0, 0.031051048610206557)",416
17342,46,8,11,"(0.09033430006888621, 0.09950731712740148, 0.0, 0.0, 0.0, 0.04688669779969397, 0.0, 0.13635786553969723, 0.0, 0.031051048610206557)",138
17343,46,8,11,"(0.05595493401288263, 0.14970886995698662, 0.0, 0.0, 0.0, 0.04688669779969397, 0.0, 0.15630623252683, 0.0, 0.031051048610206557)",1
17344,46,8,11,"(0.05595493401288263, 0.14970886995698662, 0.0, 0.0, 0.0, 0.04688669779969397, 0.0, 0.08343379496021203, 0.0, 0.031051048610206557)",11
17345,46,8,11,"(0.051473999872900744, 0.14970886995698662, 0.0, 0.0, 0.0, 0.04688669779969397, 0.0, 0.0603653530047012, 0.0, 0.031051048610206557)",7
17346,46,8,11,"(0.05595493401288263, 0.14970886995698662, 0.0, 0.0, 0.0, 0.04688669779969397, 0.0, 0.06689289095259322, 0.0, 0.031051048610206557)",14
17347,46,8,13,"(0.0, 0.0, 0.11679612853536596, 0.11566245524900162, 0.09172770611919409, 0.07489992963210028, 0.0, 0.0, 0.1318547437039791, 0.0)",1
17348,46,8,13,"(0.0, 0.0, 0.11679612853536596, 0.08934660494626663, 0.09172770611919409, 0.07489992963210028, 0.0, 0.0, 0.14899621190854193, 0.0)",18
17349,46,8,13,"(0.0, 0.0, 0.11679612853536596, 0.11566245524900162, 0.09172770611919409, 0.07489992963210028, 0.0, 0.0, 0.14899621190854193, 0.0)",158
17350,46,8,13,"(0.0, 0.0, 0.09855748902430768, 0.11566245524900162, 0.09172770611919409, 0.07489992963210028, 0.0, 0.0, 0.14899621190854193, 0.0)",1
17351,46,9,8,"(0.08829965453524319, 0.0, 0.08950620996642342, 0.09247639241939104, 0.09173902283359818, 0.0, 0.07816515189391711, 0.0, 0.0, 0.0)",2
17352,46,9,8,"(0.08829965453524319, 0.0, 0.08950620996642342, 0.09247639241939104, 0.09173902283359818, 0.0, 0.06826344941350267, 0.0, 0.0, 0.0)",294
17353,46,9,8,"(0.08829965453524319, 0.0, 0.08950620996642342, 0.09247639241939104, 0.09173902283359818, 0.0, 0.04727576153030335, 0.0, 0.0, 0.0)",2
17354,46,9,8,"(0.04210869654521394, 0.0, 0.08950620996642342, 0.09247639241939104, 0.09173902283359818, 0.0, 0.06826344941350267, 0.0, 0.0, 0.0)",1
17355,46,9,8,"(0.08829965453524319, 0.0, 0.08950620996642342, 0.08532792705675644, 0.09173902283359818, 0.0, 0.06826344941350267, 0.0, 0.0, 0.0)",5
17356,46,9,11,"(0.09033430006888621, 0.09950731712740148, 0.0, 0.0, 0.0, 0.04688669779969397, 0.0, 0.10461541629726243, 0.0, 0.031051048610206557)",2
17357,46,9,11,"(0.09033430006888621, 0.14970886995698662, 0.0, 0.0, 0.0, 0.04688669779969397, 0.0, 0.09523546217639671, 0.0, 0.031051048610206557)",8
17358,46,9,11,"(0.05595493401288263, 0.14970886995698662, 0.0, 0.0, 0.0, 0.04688669779969397, 0.0, 0.09523546217639671, 0.0, 0.031051048610206557)",293
17359,46,9,11,"(0.05595493401288263, 0.14970886995698662, 0.0, 0.0, 0.0, 0.04688669779969397, 0.0, 0.09523546217639671, 0.0, 0.028361263981134748)",1
17360,46,9,11,"(0.09033430006888621, 0.09950731712740148, 0.0, 0.0, 0.0, 0.04688669779969397, 0.0, 0.13635786553969723, 0.0, 0.031051048610206557)",185
17361,46,9,11,"(0.05595493401288263, 0.16050232649052598, 0.0, 0.0, 0.0, 0.04688669779969397, 0.0, 0.09523546217639671, 0.0, 0.031051048610206557)",1
17362,46,9,11,"(0.05595493401288263, 0.14970886995698662, 0.0, 0.0, 0.0, 0.04688669779969397, 0.0, 0.09523546217639671, 0.0, 0.02980967241963008)",3
17363,46,9,11,"(0.025531964224588463, 0.14970886995698662, 0.0, 0.0, 0.0, 0.04688669779969397, 0.0, 0.09523546217639671, 0.0, 0.031051048610206557)",1
17364,46,9,11,"(0.05595493401288263, 0.14970886995698662, 0.0, 0.0, 0.0, 0.04688669779969397, 0.0, 0.09523546217639671, 0.0, 0.023389591437984705)",1
17365,46,9,11,"(0.05595493401288263, 0.09483089381821347, 0.0, 0.0, 0.0, 0.03136490538216287, 0.0, 0.09523546217639671, 0.0, 0.031051048610206557)",1
17366,46,9,13,"(0.0, 0.0, 0.11679612853536596, 0.11566245524900162, 0.09172770611919409, 0.07489992963210028, 0.0, 0.0, 0.12958799112895844, 0.0)",6
17367,46,9,13,"(0.0, 0.0, 0.11679612853536596, 0.11566245524900162, 0.09172770611919409, 0.07489992963210028, 0.0, 0.0, 0.12404651304063187, 0.0)",2
17368,46,9,13,"(0.0, 0.0, 0.11679612853536596, 0.11566245524900162, 0.09172770611919409, 0.07489992963210028, 0.0, 0.0, 0.14899621190854193, 0.0)",157
17369,46,10,8,"(0.08829965453524319, 0.0, 0.08950620996642342, 0.09247639241939104, 0.17352742767970866, 0.0, 0.06826344941350267, 0.0, 0.0, 0.0)",1
17370,46,10,8,"(0.08829965453524319, 0.0, 0.08950620996642342, 0.09247639241939104, 0.09173902283359818, 0.0, 0.06826344941350267, 0.0, 0.0, 0.0)",348
17371,46,10,8,"(0.13667450466291609, 0.0, 0.15252445773626816, 0.09247639241939104, 0.09173902283359818, 0.0, 0.06826344941350267, 0.0, 0.0, 0.0)",4
17372,46,10,8,"(0.08829965453524319, 0.0, 0.08950620996642342, 0.09247639241939104, 0.09173902283359818, 0.0, 0.05081235342862572, 0.0, 0.0, 0.0)",2
17373,46,10,11,"(0.09033430006888621, 0.09950731712740148, 0.0, 0.0, 0.0, 0.04688669779969397, 0.0, 0.13635786553969723, 0.0, 0.031051048610206557)",113
17374,46,10,11,"(0.05595493401288263, 0.28700699855401735, 0.0, 0.0, 0.0, 0.04688669779969397, 0.0, 0.09523546217639671, 0.0, 0.031051048610206557)",2
17375,46,10,11,"(0.06899470820349513, 0.09950731712740148, 0.0, 0.0, 0.0, 0.04688669779969397, 0.0, 0.10579390301414734, 0.0, 0.021181296450038238)",1
17376,46,10,11,"(0.05595493401288263, 0.14970886995698662, 0.0, 0.0, 0.0, 0.04366032946873128, 0.0, 0.09523546217639671, 0.0, 0.031051048610206557)",1
17377,46,10,11,"(0.05595493401288263, 0.14970886995698662, 0.0, 0.0, 0.0, 0.04688669779969397, 0.0, 0.09523546217639671, 0.0, 0.031051048610206557)",276
17378,46,10,13,"(0.0, 0.0, 0.11679612853536596, 0.11566245524900162, 0.09172770611919409, 0.07489992963210028, 0.0, 0.0, 0.14899621190854193, 0.0)",177
17379,46,11,8,"(0.08829965453524319, 0.0, 0.08950620996642342, 0.09247639241939104, 0.12037741306586279, 0.0, 0.04497470242159234, 0.0, 0.0, 0.0)",2
17380,46,11,8,"(0.08829965453524319, 0.0, 0.08950620996642342, 0.09247639241939104, 0.06731939121970937, 0.0, 0.06826344941350267, 0.0, 0.0, 0.0)",1
17381,46,11,8,"(0.08829965453524319, 0.0, 0.08950620996642342, 0.09247639241939104, 0.09173902283359818, 0.0, 0.06826344941350267, 0.0, 0.0, 0.0)",313
17382,46,11,11,"(0.05595493401288263, 0.14970886995698662, 0.0, 0.0, 0.0, 0.04688669779969397, 0.0, 0.16070909851827364, 0.0, 0.031051048610206557)",1
17383,46,11,11,"(0.03377855109506239, 0.14970886995698662, 0.0, 0.0, 0.0, 0.04688669779969397, 0.0, 0.11598376608692997, 0.0, 0.031051048610206557)",1
17384,46,11,11,"(0.05595493401288263, 0.14970886995698662, 0.0, 0.0, 0.0, 0.03705525868528604, 0.0, 0.09523546217639671, 0.0, 0.031051048610206557)",6
17385,46,11,11,"(0.05595493401288263, 0.19607515469808307, 0.0, 0.0, 0.0, 0.04688669779969397, 0.0, 0.09523546217639671, 0.0, 0.031051048610206557)",2
17386,46,11,11,"(0.05595493401288263, 0.14970886995698662, 0.0, 0.0, 0.0, 0.0669150705085867, 0.0, 0.060021176902865236, 0.0, 0.031051048610206557)",16
17387,46,11,11,"(0.05595493401288263, 0.14970886995698662, 0.0, 0.0, 0.0, 0.04688669779969397, 0.0, 0.09523546217639671, 0.0, 0.031051048610206557)",326
17388,46,11,11,"(0.09033430006888621, 0.09950731712740148, 0.0, 0.0, 0.0, 0.04688669779969397, 0.0, 0.13635786553969723, 0.0, 0.031051048610206557)",147
17389,46,11,11,"(0.05595493401288263, 0.12072655235766015, 0.0, 0.0, 0.0, 0.04688669779969397, 0.0, 0.09523546217639671, 0.0, 0.016793402370939733)",1
17390,46,11,11,"(0.05595493401288263, 0.14970886995698662, 0.0, 0.0, 0.0, 0.04688669779969397, 0.0, 0.09523546217639671, 0.0, 0.028109687804749976)",1
17391,46,11,11,"(0.09033430006888621, 0.14970886995698662, 0.0, 0.0, 0.0, 0.04688669779969397, 0.0, 0.09523546217639671, 0.0, 0.031051048610206557)",14
17392,46,11,11,"(0.05595493401288263, 0.16520934951900648, 0.0, 0.0, 0.0, 0.04688669779969397, 0.0, 0.09523546217639671, 0.0, 0.031051048610206557)",1
17393,46,11,13,"(0.0, 0.0, 0.11679612853536596, 0.11566245524900162, 0.05258434159181685, 0.12260675968003236, 0.0, 0.0, 0.14899621190854193, 0.0)",2
17394,46,11,13,"(0.0, 0.0, 0.11679612853536596, 0.11566245524900162, 0.09172770611919409, 0.07489992963210028, 0.0, 0.0, 0.14899621190854193, 0.0)",156
17395,46,11,13,"(0.0, 0.0, 0.11679612853536596, 0.11566245524900162, 0.221667905478311, 0.07489992963210028, 0.0, 0.0, 0.14899621190854193, 0.0)",5
17396,46,11,13,"(0.0, 0.0, 0.11679612853536596, 0.11566245524900162, 0.13896692821698664, 0.07489992963210028, 0.0, 0.0, 0.14899621190854193, 0.0)",3
17397,46,11,13,"(0.0, 0.0, 0.19123468520909417, 0.11566245524900162, 0.32590899306949017, 0.07277632100232563, 0.0, 0.0, 0.11348244748489558, 0.0)",1
17398,46,12,8,"(0.08829965453524319, 0.0, 0.08950620996642342, 0.09247639241939104, 0.1574785281192959, 0.0, 0.06826344941350267, 0.0, 0.0, 0.0)",2
17399,46,12,8,"(0.08829965453524319, 0.0, 0.08950620996642342, 0.09247639241939104, 0.09173902283359818, 0.0, 0.06826344941350267, 0.0, 0.0, 0.0)",255
17400,46,12,8,"(0.08829965453524319, 0.0, 0.07739858500151199, 0.09247639241939104, 0.09173902283359818, 0.0, 0.06826344941350267, 0.0, 0.0, 0.0)",1
17401,46,12,8,"(0.06981179728730175, 0.0, 0.07703537324190747, 0.09247639241939104, 0.09173902283359818, 0.0, 0.06826344941350267, 0.0, 0.0, 0.0)",7
17402,46,12,8,"(0.08966199209412508, 0.0, 0.08950620996642342, 0.09247639241939104, 0.09173902283359818, 0.0, 0.06826344941350267, 0.0, 0.0, 0.0)",1
17403,46,12,11,"(0.09033430006888621, 0.13965082508730733, 0.0, 0.0, 0.0, 0.04688669779969397, 0.0, 0.09523546217639671, 0.0, 0.031051048610206557)",1
17404,46,12,11,"(0.05595493401288263, 0.14970886995698662, 0.0, 0.0, 0.0, 0.0618054271861672, 0.0, 0.09523546217639671, 0.0, 0.031051048610206557)",2
17405,46,12,11,"(0.08717427429505283, 0.1513069716757205, 0.0, 0.0, 0.0, 0.04688669779969397, 0.0, 0.08746526498521617, 0.0, 0.021723553317828295)",2
17406,46,12,11,"(0.05595493401288263, 0.14970886995698662, 0.0, 0.0, 0.0, 0.04688669779969397, 0.0, 0.09523546217639671, 0.0, 0.01633456079264303)",1
17407,46,12,11,"(0.05595493401288263, 0.14970886995698662, 0.0, 0.0, 0.0, 0.04688669779969397, 0.0, 0.09523546217639671, 0.0, 0.031051048610206557)",464
17408,46,12,11,"(0.09033430006888621, 0.11378881686438572, 0.0, 0.0, 0.0, 0.031022900089950716, 0.0, 0.13635786553969723, 0.0, 0.031051048610206557)",3
17409,46,12,11,"(0.09033430006888621, 0.09950731712740148, 0.0, 0.0, 0.0, 0.04688669779969397, 0.0, 0.14492252276872672, 0.0, 0.011098020534828735)",1
17410,46,12,11,"(0.043447959212628194, 0.09950731712740148, 0.0, 0.0, 0.0, 0.04688669779969397, 0.0, 0.13635786553969723, 0.0, 0.03355839926038582)",14
17411,46,12,11,"(0.09033430006888621, 0.09950731712740148, 0.0, 0.0, 0.0, 0.04688669779969397, 0.0, 0.13635786553969723, 0.0, 0.031051048610206557)",123
17412,46,12,11,"(0.09033430006888621, 0.14970886995698662, 0.0, 0.0, 0.0, 0.04688669779969397, 0.0, 0.09523546217639671, 0.0, 0.031051048610206557)",31
17413,46,12,13,"(0.0, 0.0, 0.11679612853536596, 0.11566245524900162, 0.09172770611919409, 0.05876221016930749, 0.0, 0.0, 0.14899621190854193, 0.0)",1
17414,46,12,13,"(0.0, 0.0, 0.11679612853536596, 0.11566245524900162, 0.09172770611919409, 0.07489992963210028, 0.0, 0.0, 0.14899621190854193, 0.0)",144
17415,46,12,13,"(0.0, 0.0, 0.11679612853536596, 0.11566245524900162, 0.10754666841982956, 0.07489992963210028, 0.0, 0.0, 0.25159609951280615, 0.0)",1
17416,46,12,13,"(0.0, 0.0, 0.1511938209646808, 0.11566245524900162, 0.09172770611919409, 0.07489992963210028, 0.0, 0.0, 0.14899621190854193, 0.0)",6
17417,46,13,8,"(0.08829965453524319, 0.0, 0.08950620996642342, 0.09247639241939104, 0.09173902283359818, 0.0, 0.06826344941350267, 0.0, 0.0, 0.0)",326
17418,46,13,11,"(0.040041383755561, 0.03761392073505166, 0.0, 0.0, 0.0, 0.04688669779969397, 0.0, 0.1326306142968912, 0.0, 0.031051048610206557)",5
17419,46,13,11,"(0.07356681293062177, 0.14970886995698662, 0.0, 0.0, 0.0, 0.04688669779969397, 0.0, 0.09523546217639671, 0.0, 0.031051048610206557)",1
17420,46,13,11,"(0.05595493401288263, 0.14970886995698662, 0.0, 0.0, 0.0, 0.04688669779969397, 0.0, 0.04158104994596859, 0.0, 0.031051048610206557)",16
17421,46,13,11,"(0.05595493401288263, 0.14970886995698662, 0.0, 0.0, 0.0, 0.04688669779969397, 0.0, 0.07336001885577163, 0.0, 0.031051048610206557)",1
17422,46,13,11,"(0.09033430006888621, 0.09950731712740148, 0.0, 0.0, 0.0, 0.04688669779969397, 0.0, 0.13635786553969723, 0.0, 0.031051048610206557)",117
17423,46,13,11,"(0.07144837965712872, 0.14970886995698662, 0.0, 0.0, 0.0, 0.04688669779969397, 0.0, 0.09523546217639671, 0.0, 0.025758778363926527)",3
17424,46,13,11,"(0.05595493401288263, 0.14970886995698662, 0.0, 0.0, 0.0, 0.04688669779969397, 0.0, 0.09523546217639671, 0.0, 0.031051048610206557)",385
17425,46,13,11,"(0.03877475480737267, 0.14970886995698662, 0.0, 0.0, 0.0, 0.04688669779969397, 0.0, 0.09523546217639671, 0.0, 0.031051048610206557)",1
17426,46,13,13,"(0.0, 0.0, 0.11679612853536596, 0.11566245524900162, 0.09172770611919409, 0.07489992963210028, 0.0, 0.0, 0.14899621190854193, 0.0)",167
17427,46,14,8,"(0.08829965453524319, 0.0, 0.08950620996642342, 0.09247639241939104, 0.09173902283359818, 0.0, 0.06826344941350267, 0.0, 0.0, 0.0)",275
17428,46,14,8,"(0.08829965453524319, 0.0, 0.08950620996642342, 0.09036594116630768, 0.09173902283359818, 0.0, 0.06826344941350267, 0.0, 0.0, 0.0)",5
17429,46,14,8,"(0.07506622011937104, 0.0, 0.08950620996642342, 0.09247639241939104, 0.09173902283359818, 0.0, 0.06826344941350267, 0.0, 0.0, 0.0)",3
17430,46,14,8,"(0.08829965453524319, 0.0, 0.10455934806476473, 0.09247639241939104, 0.09173902283359818, 0.0, 0.06826344941350267, 0.0, 0.0, 0.0)",3
17431,46,14,8,"(0.08829965453524319, 0.0, 0.04615670056719479, 0.09247639241939104, 0.09173902283359818, 0.0, 0.06826344941350267, 0.0, 0.0, 0.0)",1
17432,46,14,8,"(0.06974558750377131, 0.0, 0.08950620996642342, 0.09247639241939104, 0.09173902283359818, 0.0, 0.06826344941350267, 0.0, 0.0, 0.0)",2
17433,46,14,11,"(0.05595493401288263, 0.07065688786785967, 0.0, 0.0, 0.0, 0.04688669779969397, 0.0, 0.09523546217639671, 0.0, 0.031051048610206557)",1
17434,46,14,11,"(0.17120195284911996, 0.09950731712740148, 0.0, 0.0, 0.0, 0.04688669779969397, 0.0, 0.13635786553969723, 0.0, 0.031051048610206557)",1
17435,46,14,11,"(0.05595493401288263, 0.14970886995698662, 0.0, 0.0, 0.0, 0.04688669779969397, 0.0, 0.09523546217639671, 0.0, 0.02466900551128563)",2
17436,46,14,11,"(0.09033430006888621, 0.09950731712740148, 0.0, 0.0, 0.0, 0.04688669779969397, 0.0, 0.1291248153081231, 0.0, 0.031051048610206557)",1
17437,46,14,11,"(0.05595493401288263, 0.14970886995698662, 0.0, 0.0, 0.0, 0.04688669779969397, 0.0, 0.09523546217639671, 0.0, 0.0564615144221911)",1
17438,46,14,11,"(0.09033430006888621, 0.09950731712740148, 0.0, 0.0, 0.0, 0.04688669779969397, 0.0, 0.13635786553969723, 0.0, 0.031051048610206557)",76
17439,46,14,11,"(0.026474252309646337, 0.14970886995698662, 0.0, 0.0, 0.0, 0.04688669779969397, 0.0, 0.09523546217639671, 0.0, 0.031051048610206557)",1
17440,46,14,11,"(0.07170610723490654, 0.23165196546133307, 0.0, 0.0, 0.0, 0.04688669779969397, 0.0, 0.09523546217639671, 0.0, 0.031051048610206557)",1
17441,46,14,11,"(0.09033430006888621, 0.09950731712740148, 0.0, 0.0, 0.0, 0.0616766351236203, 0.0, 0.13635786553969723, 0.0, 0.031051048610206557)",1
17442,46,14,11,"(0.09033430006888621, 0.09020012506108674, 0.0, 0.0, 0.0, 0.04688669779969397, 0.0, 0.13635786553969723, 0.0, 0.02833243931311448)",7
17443,46,14,11,"(0.05258734196583634, 0.14970886995698662, 0.0, 0.0, 0.0, 0.04688669779969397, 0.0, 0.09523546217639671, 0.0, 0.031051048610206557)",1
17444,46,14,11,"(0.1615371899621758, 0.09950731712740148, 0.0, 0.0, 0.0, 0.04688669779969397, 0.0, 0.13635786553969723, 0.0, 0.031051048610206557)",1
17445,46,14,11,"(0.05349496970942681, 0.26978284440063144, 0.0, 0.0, 0.0, 0.04688669779969397, 0.0, 0.09523546217639671, 0.0, 0.031051048610206557)",6
17446,46,14,11,"(0.09033430006888621, 0.09950731712740148, 0.0, 0.0, 0.0, 0.023786437652075786, 0.0, 0.13635786553969723, 0.0, 0.031051048610206557)",1
17447,46,14,11,"(0.05595493401288263, 0.14970886995698662, 0.0, 0.0, 0.0, 0.04688669779969397, 0.0, 0.09523546217639671, 0.0, 0.031051048610206557)",388
17448,46,14,11,"(0.05595493401288263, 0.14970886995698662, 0.0, 0.0, 0.0, 0.021523249045041066, 0.0, 0.09523546217639671, 0.0, 0.031051048610206557)",2
17449,46,14,11,"(0.05595493401288263, 0.14970886995698662, 0.0, 0.0, 0.0, 0.04688669779969397, 0.0, 0.09523546217639671, 0.0, 0.06447025117985378)",1
17450,46,14,13,"(0.0, 0.0, 0.11679612853536596, 0.11566245524900162, 0.09172770611919409, 0.07489992963210028, 0.0, 0.0, 0.14899621190854193, 0.0)",179
17451,46,15,8,"(0.08829965453524319, 0.0, 0.08950620996642342, 0.09247639241939104, 0.09173902283359818, 0.0, 0.06826344941350267, 0.0, 0.0, 0.0)",330
17452,46,15,8,"(0.08829965453524319, 0.0, 0.08950620996642342, 0.13616723483799895, 0.11049468539633009, 0.0, 0.057382539074776126, 0.0, 0.0, 0.0)",1
17453,46,15,8,"(0.08829965453524319, 0.0, 0.13806767847605445, 0.09247639241939104, 0.09173902283359818, 0.0, 0.06826344941350267, 0.0, 0.0, 0.0)",3
17454,46,15,11,"(0.05595493401288263, 0.14970886995698662, 0.0, 0.0, 0.0, 0.04688669779969397, 0.0, 0.09523546217639671, 0.0, 0.031051048610206557)",135
17455,46,15,11,"(0.043664723385053186, 0.16981078108448056, 0.0, 0.0, 0.0, 0.04688669779969397, 0.0, 0.09523546217639671, 0.0, 0.031051048610206557)",1
17456,46,15,11,"(0.09033430006888621, 0.14970886995698662, 0.0, 0.0, 0.0, 0.035588293281344434, 0.0, 0.09523546217639671, 0.0, 0.031051048610206557)",1
17457,46,15,11,"(0.09033430006888621, 0.14970886995698662, 0.0, 0.0, 0.0, 0.04688669779969397, 0.0, 0.0667627657965167, 0.0, 0.031051048610206557)",1
17458,46,15,11,"(0.027518883714431112, 0.14970886995698662, 0.0, 0.0, 0.0, 0.04688669779969397, 0.0, 0.09531519510246096, 0.0, 0.031051048610206557)",2
17459,46,15,11,"(0.09033430006888621, 0.14970886995698662, 0.0, 0.0, 0.0, 0.04688669779969397, 0.0, 0.09523546217639671, 0.0, 0.010213360878918875)",1
17460,46,15,11,"(0.09033430006888621, 0.14970886995698662, 0.0, 0.0, 0.0, 0.04688669779969397, 0.0, 0.09523546217639671, 0.0, 0.0530053528835821)",1
17461,46,15,11,"(0.09033430006888621, 0.14970886995698662, 0.0, 0.0, 0.0, 0.04688669779969397, 0.0, 0.09523546217639671, 0.0, 0.031051048610206557)",345
17462,46,15,11,"(0.10011710451502644, 0.14970886995698662, 0.0, 0.0, 0.0, 0.04688669779969397, 0.0, 0.09523546217639671, 0.0, 0.031051048610206557)",2
17463,46,15,13,"(0.0, 0.0, 0.11679612853536596, 0.06920069129515957, 0.09172770611919409, 0.07489992963210028, 0.0, 0.0, 0.14899621190854193, 0.0)",142
17464,46,15,13,"(0.0, 0.0, 0.11679612853536596, 0.11881053868174331, 0.09172770611919409, 0.07489992963210028, 0.0, 0.0, 0.18377341732155902, 0.0)",38
17465,46,15,13,"(0.0, 0.0, 0.11644731202288014, 0.06920069129515957, 0.09172770611919409, 0.07489992963210028, 0.0, 0.0, 0.14899621190854193, 0.0)",1
17466,46,16,8,"(0.0393871220826956, 0.0, 0.08950620996642342, 0.09247639241939104, 0.09173902283359818, 0.0, 0.06826344941350267, 0.0, 0.0, 0.0)",1
17467,46,16,8,"(0.08829965453524319, 0.0, 0.08950620996642342, 0.09247639241939104, 0.09173902283359818, 0.0, 0.06826344941350267, 0.0, 0.0, 0.0)",323
17468,46,16,8,"(0.08829965453524319, 0.0, 0.08950620996642342, 0.049320337825257986, 0.09173902283359818, 0.0, 0.04676258418649734, 0.0, 0.0, 0.0)",2
17469,46,16,8,"(0.14863540410764978, 0.0, 0.08950620996642342, 0.09247639241939104, 0.09173902283359818, 0.0, 0.06826344941350267, 0.0, 0.0, 0.0)",1
17470,46,16,11,"(0.05595493401288263, 0.14970886995698662, 0.0, 0.0, 0.0, 0.04688669779969397, 0.0, 0.09523546217639671, 0.0, 0.031051048610206557)",168
17471,46,16,11,"(0.05595493401288263, 0.14970886995698662, 0.0, 0.0, 0.0, 0.03982207092221605, 0.0, 0.09523546217639671, 0.0, 0.031051048610206557)",46
17472,46,16,11,"(0.09033430006888621, 0.14970886995698662, 0.0, 0.0, 0.0, 0.04688669779969397, 0.0, 0.09523546217639671, 0.0, 0.031051048610206557)",221
17473,46,16,11,"(0.09033430006888621, 0.14970886995698662, 0.0, 0.0, 0.0, 0.04688669779969397, 0.0, 0.09523546217639671, 0.0, 0.040140520437743805)",1
17474,46,16,11,"(0.09033430006888621, 0.14970886995698662, 0.0, 0.0, 0.0, 0.04688669779969397, 0.0, 0.09523546217639671, 0.0, 0.018298600262972187)",2
17475,46,16,11,"(0.05595493401288263, 0.14970886995698662, 0.0, 0.0, 0.0, 0.04688669779969397, 0.0, 0.09523546217639671, 0.0, 0.0346840441713866)",1
17476,46,16,11,"(0.05595493401288263, 0.14970886995698662, 0.0, 0.0, 0.0, 0.04688669779969397, 0.0, 0.059704715939751365, 0.0, 0.031051048610206557)",1
17477,46,16,13,"(0.0, 0.0, 0.11679612853536596, 0.11881053868174331, 0.09172770611919409, 0.07489992963210028, 0.0, 0.0, 0.18377341732155902, 0.0)",9
17478,46,16,13,"(0.0, 0.0, 0.11679612853536596, 0.06359444246405146, 0.09172770611919409, 0.07489992963210028, 0.0, 0.0, 0.14899621190854193, 0.0)",1
17479,46,16,13,"(0.0, 0.0, 0.11679612853536596, 0.06920069129515957, 0.09172770611919409, 0.07489992963210028, 0.0, 0.0, 0.14899621190854193, 0.0)",148
17480,46,17,8,"(0.08829965453524319, 0.0, 0.08950620996642342, 0.09247639241939104, 0.09173902283359818, 0.0, 0.08332449568558593, 0.0, 0.0, 0.0)",1
17481,46,17,8,"(0.09835107548973121, 0.0, 0.08950620996642342, 0.09247639241939104, 0.09173902283359818, 0.0, 0.06826344941350267, 0.0, 0.0, 0.0)",1
17482,46,17,8,"(0.08829965453524319, 0.0, 0.15055504810243386, 0.09247639241939104, 0.09173902283359818, 0.0, 0.0788365967576547, 0.0, 0.0, 0.0)",1
17483,46,17,8,"(0.08829965453524319, 0.0, 0.08950620996642342, 0.05308179510625664, 0.09173902283359818, 0.0, 0.1053077142770473, 0.0, 0.0, 0.0)",1
17484,46,17,8,"(0.08829965453524319, 0.0, 0.08950620996642342, 0.09247639241939104, 0.09173902283359818, 0.0, 0.06826344941350267, 0.0, 0.0, 0.0)",352
17485,46,17,8,"(0.08829965453524319, 0.0, 0.08950620996642342, 0.09247639241939104, 0.06979325313638399, 0.0, 0.06826344941350267, 0.0, 0.0, 0.0)",1
17486,46,17,11,"(0.09033430006888621, 0.14970886995698662, 0.0, 0.0, 0.0, 0.04688669779969397, 0.0, 0.09523546217639671, 0.0, 0.031051048610206557)",197
17487,46,17,11,"(0.05595493401288263, 0.14970886995698662, 0.0, 0.0, 0.0, 0.04688669779969397, 0.0, 0.09523546217639671, 0.0, 0.031051048610206557)",216
17488,46,17,11,"(0.09033430006888621, 0.14970886995698662, 0.0, 0.0, 0.0, 0.04688669779969397, 0.0, 0.09523546217639671, 0.0, 0.04601021211439833)",2
17489,46,17,11,"(0.09033430006888621, 0.14970886995698662, 0.0, 0.0, 0.0, 0.028897153023630502, 0.0, 0.09523546217639671, 0.0, 0.031051048610206557)",2
17490,46,17,11,"(0.09033430006888621, 0.2116102237444805, 0.0, 0.0, 0.0, 0.04688669779969397, 0.0, 0.09523546217639671, 0.0, 0.031051048610206557)",3
17491,46,17,13,"(0.0, 0.0, 0.11679612853536596, 0.06920069129515957, 0.09172770611919409, 0.07489992963210028, 0.0, 0.0, 0.12085109179641565, 0.0)",4
17492,46,17,13,"(0.0, 0.0, 0.11679612853536596, 0.06920069129515957, 0.09172770611919409, 0.07489992963210028, 0.0, 0.0, 0.14899621190854193, 0.0)",177
17493,46,18,8,"(0.08829965453524319, 0.0, 0.057591729931643035, 0.09247639241939104, 0.10599235739473822, 0.0, 0.06826344941350267, 0.0, 0.0, 0.0)",1
17494,46,18,8,"(0.15888273193841604, 0.0, 0.08950620996642342, 0.09247639241939104, 0.09173902283359818, 0.0, 0.06826344941350267, 0.0, 0.0, 0.0)",1
17495,46,18,8,"(0.08829965453524319, 0.0, 0.08950620996642342, 0.06682533781852706, 0.09173902283359818, 0.0, 0.06826344941350267, 0.0, 0.0, 0.0)",1
17496,46,18,8,"(0.08829965453524319, 0.0, 0.08950620996642342, 0.09247639241939104, 0.09173902283359818, 0.0, 0.06826344941350267, 0.0, 0.0, 0.0)",287
17497,46,18,11,"(0.09033430006888621, 0.12350698615723833, 0.0, 0.0, 0.0, 0.04688669779969397, 0.0, 0.09523546217639671, 0.0, 0.031051048610206557)",1
17498,46,18,11,"(0.05595493401288263, 0.14970886995698662, 0.0, 0.0, 0.0, 0.04688669779969397, 0.0, 0.09523546217639671, 0.0, 0.031051048610206557)",146
17499,46,18,11,"(0.09033430006888621, 0.14970886995698662, 0.0, 0.0, 0.0, 0.04688669779969397, 0.0, 0.11049918533518308, 0.0, 0.031051048610206557)",4
17500,46,18,11,"(0.047089956043793735, 0.14970886995698662, 0.0, 0.0, 0.0, 0.04688669779969397, 0.0, 0.09523546217639671, 0.0, 0.0429391515472783)",1
17501,46,18,11,"(0.09033430006888621, 0.14970886995698662, 0.0, 0.0, 0.0, 0.04688669779969397, 0.0, 0.09523546217639671, 0.0, 0.031051048610206557)",273
17502,46,18,11,"(0.05595493401288263, 0.14970886995698662, 0.0, 0.0, 0.0, 0.061998071443601956, 0.0, 0.09523546217639671, 0.0, 0.031051048610206557)",1
17503,46,18,11,"(0.05595493401288263, 0.14970886995698662, 0.0, 0.0, 0.0, 0.04688669779969397, 0.0, 0.1939526531568612, 0.0, 0.031051048610206557)",1
17504,46,18,13,"(0.0, 0.0, 0.11679612853536596, 0.11566245524900162, 0.09172770611919409, 0.10041335914921089, 0.0, 0.0, 0.14899621190854193, 0.0)",2
17505,46,18,13,"(0.0, 0.0, 0.11679612853536596, 0.03327128105131839, 0.09172770611919409, 0.05815213517507651, 0.0, 0.0, 0.14899621190854193, 0.0)",9
17506,46,18,13,"(0.0, 0.0, 0.11679612853536596, 0.08563940042617012, 0.09172770611919409, 0.07489992963210028, 0.0, 0.0, 0.14899621190854193, 0.0)",23
17507,46,18,13,"(0.0, 0.0, 0.11679612853536596, 0.11566245524900162, 0.09172770611919409, 0.07489992963210028, 0.0, 0.0, 0.14899621190854193, 0.0)",140
17508,46,19,8,"(0.08829965453524319, 0.0, 0.08950620996642342, 0.09247639241939104, 0.09173902283359818, 0.0, 0.07745544083279397, 0.0, 0.0, 0.0)",4
17509,46,19,8,"(0.08829965453524319, 0.0, 0.08950620996642342, 0.09247639241939104, 0.11057641308446073, 0.0, 0.09439805558982377, 0.0, 0.0, 0.0)",1
17510,46,19,8,"(0.08829965453524319, 0.0, 0.08950620996642342, 0.07675764759009221, 0.09173902283359818, 0.0, 0.06826344941350267, 0.0, 0.0, 0.0)",11
17511,46,19,8,"(0.08829965453524319, 0.0, 0.08950620996642342, 0.09247639241939104, 0.09173902283359818, 0.0, 0.06826344941350267, 0.0, 0.0, 0.0)",275
17512,46,19,8,"(0.18009011032525188, 0.0, 0.08950620996642342, 0.09247639241939104, 0.09173902283359818, 0.0, 0.06826344941350267, 0.0, 0.0, 0.0)",2
17513,46,19,11,"(0.050832165352489474, 0.14970886995698662, 0.0, 0.0, 0.0, 0.04688669779969397, 0.0, 0.09523546217639671, 0.0, 0.031051048610206557)",1
17514,46,19,11,"(0.028180664683764713, 0.14970886995698662, 0.0, 0.0, 0.0, 0.04688669779969397, 0.0, 0.09523546217639671, 0.0, 0.031051048610206557)",4
17515,46,19,11,"(0.09033430006888621, 0.14970886995698662, 0.0, 0.0, 0.0, 0.055555357933039236, 0.0, 0.09523546217639671, 0.0, 0.031051048610206557)",10
17516,46,19,11,"(0.09033430006888621, 0.14970886995698662, 0.0, 0.0, 0.0, 0.04688669779969397, 0.0, 0.09523546217639671, 0.0, 0.031051048610206557)",321
17517,46,19,11,"(0.09033430006888621, 0.14970886995698662, 0.0, 0.0, 0.0, 0.05589971733984508, 0.0, 0.07811740551639784, 0.0, 0.045755707105724366)",3
17518,46,19,11,"(0.05595493401288263, 0.14970886995698662, 0.0, 0.0, 0.0, 0.04688669779969397, 0.0, 0.09523546217639671, 0.0, 0.031051048610206557)",219
17519,46,19,13,"(0.0, 0.0, 0.11679612853536596, 0.11566245524900162, 0.09172770611919409, 0.07489992963210028, 0.0, 0.0, 0.14899621190854193, 0.0)",132
17520,46,19,13,"(0.0, 0.0, 0.0999140385244022, 0.06920069129515957, 0.09172770611919409, 0.07489992963210028, 0.0, 0.0, 0.14899621190854193, 0.0)",26
17521,46,19,13,"(0.0, 0.0, 0.11679612853536596, 0.11566245524900162, 0.09172770611919409, 0.06941675435582953, 0.0, 0.0, 0.14899621190854193, 0.0)",1
17522,46,20,8,"(0.08829965453524319, 0.0, 0.08950620996642342, 0.09247639241939104, 0.09173902283359818, 0.0, 0.07160473488040274, 0.0, 0.0, 0.0)",1
17523,46,20,8,"(0.08829965453524319, 0.0, 0.11390726299080133, 0.09247639241939104, 0.09173902283359818, 0.0, 0.06826344941350267, 0.0, 0.0, 0.0)",2
17524,46,20,8,"(0.08829965453524319, 0.0, 0.08950620996642342, 0.09247639241939104, 0.09173902283359818, 0.0, 0.06826344941350267, 0.0, 0.0, 0.0)",314
17525,46,20,8,"(0.08829965453524319, 0.0, 0.09407043842184863, 0.09247639241939104, 0.09173902283359818, 0.0, 0.06826344941350267, 0.0, 0.0, 0.0)",4
17526,46,20,11,"(0.05595493401288263, 0.14970886995698662, 0.0, 0.0, 0.0, 0.06952207509378208, 0.0, 0.03631717513547824, 0.0, 0.031051048610206557)",31
17527,46,20,11,"(0.09033430006888621, 0.14970886995698662, 0.0, 0.0, 0.0, 0.04688669779969397, 0.0, 0.09834334279010519, 0.0, 0.031051048610206557)",1
17528,46,20,11,"(0.09033430006888621, 0.14970886995698662, 0.0, 0.0, 0.0, 0.04688669779969397, 0.0, 0.09523546217639671, 0.0, 0.031051048610206557)",220
17529,46,20,11,"(0.08454643121961321, 0.14970886995698662, 0.0, 0.0, 0.0, 0.04688669779969397, 0.0, 0.09523546217639671, 0.0, 0.10831799795364408)",1
17530,46,20,11,"(0.05595493401288263, 0.14970886995698662, 0.0, 0.0, 0.0, 0.04688669779969397, 0.0, 0.09523546217639671, 0.0, 0.031051048610206557)",181
17531,46,20,11,"(0.05595493401288263, 0.1125715645223443, 0.0, 0.0, 0.0, 0.04688669779969397, 0.0, 0.09523546217639671, 0.0, 0.02332470688842286)",24
17532,46,20,11,"(0.09033430006888621, 0.14970886995698662, 0.0, 0.0, 0.0, 0.04688669779969397, 0.0, 0.09523546217639671, 0.0, 0.009956556669601059)",1
17533,46,20,11,"(0.09033430006888621, 0.12174817578101911, 0.0, 0.0, 0.0, 0.04688669779969397, 0.0, 0.09523546217639671, 0.0, 0.031051048610206557)",1
17534,46,20,11,"(0.09425465965004201, 0.14970886995698662, 0.0, 0.0, 0.0, 0.04688669779969397, 0.0, 0.09523546217639671, 0.0, 0.031051048610206557)",2
17535,46,20,13,"(0.0, 0.0, 0.0999140385244022, 0.06920069129515957, 0.09172770611919409, 0.07489992963210028, 0.0, 0.0, 0.14899621190854193, 0.0)",145
17536,46,20,13,"(0.0, 0.0, 0.11679612853536596, 0.08563940042617012, 0.09172770611919409, 0.07489992963210028, 0.0, 0.0, 0.14899621190854193, 0.0)",15
17537,46,20,13,"(0.0, 0.0, 0.0999140385244022, 0.06920069129515957, 0.09172770611919409, 0.04384404380497922, 0.0, 0.0, 0.14899621190854193, 0.0)",1
17538,46,20,13,"(0.0, 0.0, 0.12017987229141334, 0.06920069129515957, 0.09172770611919409, 0.07489992963210028, 0.0, 0.0, 0.14899621190854193, 0.0)",1
17539,46,20,13,"(0.0, 0.0, 0.11679612853536596, 0.11566245524900162, 0.09172770611919409, 0.07489992963210028, 0.0, 0.0, 0.14899621190854193, 0.0)",27
17540,47,0,8,"(0.08829965453524319, 0.0, 0.0740362757827826, 0.09247639241939104, 0.09173902283359818, 0.0, 0.06826344941350267, 0.0, 0.0, 0.0)",2
17541,47,0,8,"(0.08829965453524319, 0.0, 0.08950620996642342, 0.09247639241939104, 0.09173902283359818, 0.0, 0.06826344941350267, 0.0, 0.0, 0.0)",351
17542,47,0,8,"(0.1336729300237469, 0.0, 0.08950620996642342, 0.09247639241939104, 0.09173902283359818, 0.0, 0.06826344941350267, 0.0, 0.0, 0.0)",1
17543,47,0,11,"(0.05595493401288263, 0.14970886995698662, 0.0, 0.0, 0.0, 0.04688669779969397, 0.0, 0.09523546217639671, 0.0, 0.031051048610206557)",331
17544,47,0,11,"(0.03929344397049813, 0.14970886995698662, 0.0, 0.0, 0.0, 0.04688669779969397, 0.0, 0.09523546217639671, 0.0, 0.0480845990945851)",13
17545,47,0,11,"(0.09033430006888621, 0.09950731712740148, 0.0, 0.0, 0.0, 0.04688669779969397, 0.0, 0.13635786553969723, 0.0, 0.031051048610206557)",87
17546,47,0,11,"(0.06946376538064007, 0.14970886995698662, 0.0, 0.0, 0.0, 0.04688669779969397, 0.0, 0.07914766390624775, 0.0, 0.031051048610206557)",4
17547,47,0,11,"(0.09033430006888621, 0.07634210767901453, 0.0, 0.0, 0.0, 0.04688669779969397, 0.0, 0.13635786553969723, 0.0, 0.062438458974451196)",1
17548,47,0,11,"(0.12186258395720884, 0.14970886995698662, 0.0, 0.0, 0.0, 0.03734909648149339, 0.0, 0.09523546217639671, 0.0, 0.031051048610206557)",2
17549,47,0,11,"(0.05595493401288263, 0.14970886995698662, 0.0, 0.0, 0.0, 0.04688669779969397, 0.0, 0.07914766390624775, 0.0, 0.031051048610206557)",1
17550,47,0,11,"(0.09907484060605244, 0.09950731712740148, 0.0, 0.0, 0.0, 0.04688669779969397, 0.0, 0.13635786553969723, 0.0, 0.031051048610206557)",12
17551,47,0,11,"(0.05595493401288263, 0.14970886995698662, 0.0, 0.0, 0.0, 0.04688669779969397, 0.0, 0.09523546217639671, 0.0, 0.03250677597590152)",2
17552,47,0,13,"(0.0, 0.0, 0.11679612853536596, 0.11566245524900162, 0.09172770611919409, 0.07489992963210028, 0.0, 0.0, 0.14899621190854193, 0.0)",149
17553,47,0,13,"(0.0, 0.0, 0.11164478263755855, 0.15988341669772976, 0.09172770611919409, 0.07489992963210028, 0.0, 0.0, 0.14899621190854193, 0.0)",2
17554,47,1,8,"(0.08829965453524319, 0.0, 0.08950620996642342, 0.09247639241939104, 0.09173902283359818, 0.0, 0.21489429287703798, 0.0, 0.0, 0.0)",1
17555,47,1,8,"(0.08829965453524319, 0.0, 0.08950620996642342, 0.09247639241939104, 0.09173902283359818, 0.0, 0.06826344941350267, 0.0, 0.0, 0.0)",361
17556,47,1,8,"(0.09613236609892023, 0.0, 0.08950620996642342, 0.09247639241939104, 0.09173902283359818, 0.0, 0.06826344941350267, 0.0, 0.0, 0.0)",1
17557,47,1,11,"(0.09033430006888621, 0.09950731712740148, 0.0, 0.0, 0.0, 0.04688669779969397, 0.0, 0.13635786553969723, 0.0, 0.031051048610206557)",186
17558,47,1,11,"(0.05595493401288263, 0.18777467617284493, 0.0, 0.0, 0.0, 0.04688669779969397, 0.0, 0.09523546217639671, 0.0, 0.03066873221984314)",1
17559,47,1,11,"(0.05595493401288263, 0.14970886995698662, 0.0, 0.0, 0.0, 0.04688669779969397, 0.0, 0.122285168495932, 0.0, 0.031051048610206557)",1
17560,47,1,11,"(0.09033430006888621, 0.09950731712740148, 0.0, 0.0, 0.0, 0.03061741786617436, 0.0, 0.24226738736519074, 0.0, 0.0340730160477858)",2
17561,47,1,11,"(0.09033430006888621, 0.07378584517301731, 0.0, 0.0, 0.0, 0.04688669779969397, 0.0, 0.14008092122580384, 0.0, 0.031051048610206557)",2
17562,47,1,11,"(0.05595493401288263, 0.1972080177157575, 0.0, 0.0, 0.0, 0.04688669779969397, 0.0, 0.09523546217639671, 0.0, 0.031051048610206557)",1
17563,47,1,11,"(0.05595493401288263, 0.14970886995698662, 0.0, 0.0, 0.0, 0.04688669779969397, 0.0, 0.09523546217639671, 0.0, 0.031051048610206557)",272
17564,47,1,13,"(0.0, 0.0, 0.11679612853536596, 0.11566245524900162, 0.09172770611919409, 0.07489992963210028, 0.0, 0.0, 0.14899621190854193, 0.0)",157
17565,47,1,13,"(0.0, 0.0, 0.11679612853536596, 0.11566245524900162, 0.09172770611919409, 0.05643937478152768, 0.0, 0.0, 0.14899621190854193, 0.0)",1
17566,47,2,8,"(0.054308269290172365, 0.0, 0.08950620996642342, 0.09247639241939104, 0.09173902283359818, 0.0, 0.06826344941350267, 0.0, 0.0, 0.0)",4
17567,47,2,8,"(0.08829965453524319, 0.0, 0.08950620996642342, 0.09068507724193786, 0.09173902283359818, 0.0, 0.06826344941350267, 0.0, 0.0, 0.0)",1
17568,47,2,8,"(0.08829965453524319, 0.0, 0.08950620996642342, 0.09247639241939104, 0.09173902283359818, 0.0, 0.06826344941350267, 0.0, 0.0, 0.0)",248
17569,47,2,8,"(0.05466359291151673, 0.0, 0.08950620996642342, 0.09155370980731238, 0.09173902283359818, 0.0, 0.06826344941350267, 0.0, 0.0, 0.0)",1
17570,47,2,8,"(0.06553969757400259, 0.0, 0.08950620996642342, 0.09247639241939104, 0.09173902283359818, 0.0, 0.06826344941350267, 0.0, 0.0, 0.0)",7
17571,47,2,8,"(0.12577278559064983, 0.0, 0.08950620996642342, 0.07600415225086651, 0.09173902283359818, 0.0, 0.06826344941350267, 0.0, 0.0, 0.0)",1
17572,47,2,8,"(0.08829965453524319, 0.0, 0.08950620996642342, 0.09247639241939104, 0.09173902283359818, 0.0, 0.0550527782832277, 0.0, 0.0, 0.0)",38
17573,47,2,8,"(0.08829965453524319, 0.0, 0.08950620996642342, 0.055298397959307494, 0.09173902283359818, 0.0, 0.06826344941350267, 0.0, 0.0, 0.0)",1
17574,47,2,11,"(0.05595493401288263, 0.14970886995698662, 0.0, 0.0, 0.0, 0.03861478323193608, 0.0, 0.09523546217639671, 0.0, 0.031051048610206557)",1
17575,47,2,11,"(0.05595493401288263, 0.14970886995698662, 0.0, 0.0, 0.0, 0.04688669779969397, 0.0, 0.09523546217639671, 0.0, 0.031051048610206557)",473
17576,47,2,11,"(0.05595493401288263, 0.14970886995698662, 0.0, 0.0, 0.0, 0.042803172943967106, 0.0, 0.09523546217639671, 0.0, 0.031051048610206557)",1
17577,47,2,11,"(0.09033430006888621, 0.09950731712740148, 0.0, 0.0, 0.0, 0.04688669779969397, 0.0, 0.13635786553969723, 0.0, 0.031051048610206557)",56
17578,47,2,11,"(0.09033430006888621, 0.09950731712740148, 0.0, 0.0, 0.0, 0.04688669779969397, 0.0, 0.18999393144064783, 0.0, 0.031051048610206557)",2
17579,47,2,11,"(0.05595493401288263, 0.14970886995698662, 0.0, 0.0, 0.0, 0.04688669779969397, 0.0, 0.09523546217639671, 0.0, 0.0886053078818419)",1
17580,47,2,13,"(0.0, 0.0, 0.11679612853536596, 0.11566245524900162, 0.09172770611919409, 0.11749232360262149, 0.0, 0.0, 0.14899621190854193, 0.0)",2
17581,47,2,13,"(0.0, 0.0, 0.11679612853536596, 0.11566245524900162, 0.09172770611919409, 0.07489992963210028, 0.0, 0.0, 0.14899621190854193, 0.0)",148
17582,47,2,13,"(0.0, 0.0, 0.11679612853536596, 0.11566245524900162, 0.09880778026321105, 0.07489992963210028, 0.0, 0.0, 0.14899621190854193, 0.0)",1
17583,47,2,13,"(0.0, 0.0, 0.07548502742114459, 0.11566245524900162, 0.09172770611919409, 0.047154492267102874, 0.0, 0.0, 0.14899621190854193, 0.0)",2
17584,47,2,13,"(0.0, 0.0, 0.1341931253640656, 0.11566245524900162, 0.09172770611919409, 0.07489992963210028, 0.0, 0.0, 0.14899621190854193, 0.0)",1
17585,47,3,8,"(0.08829965453524319, 0.0, 0.08950620996642342, 0.09247639241939104, 0.09173902283359818, 0.0, 0.07700206300255324, 0.0, 0.0, 0.0)",1
17586,47,3,8,"(0.08829965453524319, 0.0, 0.08950620996642342, 0.12884684846008027, 0.09173902283359818, 0.0, 0.06826344941350267, 0.0, 0.0, 0.0)",1
17587,47,3,8,"(0.08829965453524319, 0.0, 0.07733210741864263, 0.09389419562820826, 0.11573421178585674, 0.0, 0.06826344941350267, 0.0, 0.0, 0.0)",3
17588,47,3,8,"(0.08829965453524319, 0.0, 0.08950620996642342, 0.09247639241939104, 0.09173902283359818, 0.0, 0.06826344941350267, 0.0, 0.0, 0.0)",354
17589,47,3,8,"(0.047416881372300206, 0.0, 0.12695320676827374, 0.09247639241939104, 0.09173902283359818, 0.0, 0.06826344941350267, 0.0, 0.0, 0.0)",1
17590,47,3,11,"(0.09033430006888621, 0.09950731712740148, 0.0, 0.0, 0.0, 0.04688669779969397, 0.0, 0.13635786553969723, 0.0, 0.03876734229895217)",2
17591,47,3,11,"(0.09033430006888621, 0.09950731712740148, 0.0, 0.0, 0.0, 0.04688669779969397, 0.0, 0.13635786553969723, 0.0, 0.031051048610206557)",310
17592,47,3,11,"(0.09033430006888621, 0.14970886995698662, 0.0, 0.0, 0.0, 0.04688669779969397, 0.0, 0.09523546217639671, 0.0, 0.031051048610206557)",192
17593,47,3,11,"(0.09033430006888621, 0.09950731712740148, 0.0, 0.0, 0.0, 0.04688669779969397, 0.0, 0.13635786553969723, 0.0, 0.010278629553747167)",1
17594,47,3,13,"(0.0, 0.0, 0.11679612853536596, 0.11566245524900162, 0.11109266959551767, 0.07489992963210028, 0.0, 0.0, 0.14899621190854193, 0.0)",46
17595,47,3,13,"(0.0, 0.0, 0.11679612853536596, 0.1851823823245451, 0.09172770611919409, 0.07489992963210028, 0.0, 0.0, 0.14899621190854193, 0.0)",2
17596,47,3,13,"(0.0, 0.0, 0.12292980445526659, 0.11566245524900162, 0.09172770611919409, 0.07489992963210028, 0.0, 0.0, 0.14899621190854193, 0.0)",1
17597,47,3,13,"(0.0, 0.0, 0.11679612853536596, 0.11566245524900162, 0.09172770611919409, 0.07489992963210028, 0.0, 0.0, 0.14899621190854193, 0.0)",122
17598,47,4,8,"(0.08829965453524319, 0.0, 0.08950620996642342, 0.09247639241939104, 0.09173902283359818, 0.0, 0.06272323109822726, 0.0, 0.0, 0.0)",1
17599,47,4,8,"(0.08829965453524319, 0.0, 0.08950620996642342, 0.09247639241939104, 0.09173902283359818, 0.0, 0.06826344941350267, 0.0, 0.0, 0.0)",260
17600,47,4,8,"(0.08829965453524319, 0.0, 0.08950620996642342, 0.09247639241939104, 0.0924623949635824, 0.0, 0.06826344941350267, 0.0, 0.0, 0.0)",4
17601,47,4,8,"(0.08829965453524319, 0.0, 0.08950620996642342, 0.06965276088464376, 0.09173902283359818, 0.0, 0.06826344941350267, 0.0, 0.0, 0.0)",2
17602,47,4,8,"(0.07168088540836397, 0.0, 0.06251051307826937, 0.09247639241939104, 0.09173902283359818, 0.0, 0.06826344941350267, 0.0, 0.0, 0.0)",25
17603,47,4,11,"(0.09033430006888621, 0.18672870337408495, 0.0, 0.0, 0.0, 0.04619441349216698, 0.0, 0.13635786553969723, 0.0, 0.031051048610206557)",1
17604,47,4,11,"(0.09033430006888621, 0.14970886995698662, 0.0, 0.0, 0.0, 0.04688669779969397, 0.0, 0.09523546217639671, 0.0, 0.031051048610206557)",213
17605,47,4,11,"(0.08349623607877805, 0.09950731712740148, 0.0, 0.0, 0.0, 0.04688669779969397, 0.0, 0.13635786553969723, 0.0, 0.031051048610206557)",1
17606,47,4,11,"(0.09033430006888621, 0.09950731712740148, 0.0, 0.0, 0.0, 0.053269517776362574, 0.0, 0.13635786553969723, 0.0, 0.031051048610206557)",2
17607,47,4,11,"(0.09033430006888621, 0.09950731712740148, 0.0, 0.0, 0.0, 0.04688669779969397, 0.0, 0.13635786553969723, 0.0, 0.031051048610206557)",293
17608,47,4,11,"(0.09033430006888621, 0.14970886995698662, 0.0, 0.0, 0.0, 0.04688669779969397, 0.0, 0.09523546217639671, 0.0, 0.03686754870597269)",1
17609,47,4,11,"(0.09033430006888621, 0.14970886995698662, 0.0, 0.0, 0.0, 0.04688669779969397, 0.0, 0.05752045308030339, 0.0, 0.031051048610206557)",1
17610,47,4,11,"(0.09033430006888621, 0.09950731712740148, 0.0, 0.0, 0.0, 0.06470131619902843, 0.0, 0.08896738664770922, 0.0, 0.031051048610206557)",1
17611,47,4,11,"(0.09033430006888621, 0.09950731712740148, 0.0, 0.0, 0.0, 0.05704885139229254, 0.0, 0.13635786553969723, 0.0, 0.031051048610206557)",3
17612,47,4,11,"(0.09033430006888621, 0.1511149483817767, 0.0, 0.0, 0.0, 0.07892675001596786, 0.0, 0.13635786553969723, 0.0, 0.027335995175468673)",2
17613,47,4,11,"(0.13585476926717968, 0.14970886995698662, 0.0, 0.0, 0.0, 0.04688669779969397, 0.0, 0.07543576860597476, 0.0, 0.031051048610206557)",1
17614,47,4,13,"(0.0, 0.0, 0.11679612853536596, 0.11566245524900162, 0.09172770611919409, 0.07489992963210028, 0.0, 0.0, 0.14899621190854193, 0.0)",112
17615,47,4,13,"(0.0, 0.0, 0.11679612853536596, 0.11566245524900162, 0.11109266959551767, 0.07489992963210028, 0.0, 0.0, 0.14899621190854193, 0.0)",18
17616,47,4,13,"(0.0, 0.0, 0.11679612853536596, 0.11566245524900162, 0.09172770611919409, 0.05368392795546395, 0.0, 0.0, 0.14899621190854193, 0.0)",5
17617,47,4,13,"(0.0, 0.0, 0.0879686747437539, 0.11566245524900162, 0.09399969046512256, 0.07489992963210028, 0.0, 0.0, 0.14899621190854193, 0.0)",3
17618,47,5,8,"(0.1388317217716708, 0.0, 0.08950620996642342, 0.09247639241939104, 0.09173902283359818, 0.0, 0.06826344941350267, 0.0, 0.0, 0.0)",1
17619,47,5,8,"(0.08829965453524319, 0.0, 0.09551569420175016, 0.09247639241939104, 0.09173902283359818, 0.0, 0.06826344941350267, 0.0, 0.0, 0.0)",17
17620,47,5,8,"(0.08829965453524319, 0.0, 0.08950620996642342, 0.09247639241939104, 0.09173902283359818, 0.0, 0.10322703217205743, 0.0, 0.0, 0.0)",1
17621,47,5,8,"(0.08822591690477163, 0.0, 0.08950620996642342, 0.08632555930848394, 0.09173902283359818, 0.0, 0.06826344941350267, 0.0, 0.0, 0.0)",1
17622,47,5,8,"(0.08829965453524319, 0.0, 0.08950620996642342, 0.09950376786833089, 0.09173902283359818, 0.0, 0.06826344941350267, 0.0, 0.0, 0.0)",6
17623,47,5,8,"(0.08829965453524319, 0.0, 0.08950620996642342, 0.09247639241939104, 0.09173902283359818, 0.0, 0.06826344941350267, 0.0, 0.0, 0.0)",315
17624,47,5,11,"(0.09033430006888621, 0.09950731712740148, 0.0, 0.0, 0.0, 0.04688669779969397, 0.0, 0.12600017819105255, 0.0, 0.031051048610206557)",2
17625,47,5,11,"(0.07198411876497338, 0.15673658363473766, 0.0, 0.0, 0.0, 0.04688669779969397, 0.0, 0.09523546217639671, 0.0, 0.032380836434406146)",2
17626,47,5,11,"(0.09033430006888621, 0.14970886995698662, 0.0, 0.0, 0.0, 0.04688669779969397, 0.0, 0.09523546217639671, 0.0, 0.031051048610206557)",238
17627,47,5,11,"(0.13902543748350266, 0.09950731712740148, 0.0, 0.0, 0.0, 0.04688669779969397, 0.0, 0.13635786553969723, 0.0, 0.031051048610206557)",3
17628,47,5,11,"(0.09033430006888621, 0.09950731712740148, 0.0, 0.0, 0.0, 0.04688669779969397, 0.0, 0.10669993265013253, 0.0, 0.031051048610206557)",1
17629,47,5,11,"(0.08293919149589184, 0.14970886995698662, 0.0, 0.0, 0.0, 0.04688669779969397, 0.0, 0.15521536727057467, 0.0, 0.031051048610206557)",1
17630,47,5,11,"(0.07309948726967483, 0.14970886995698662, 0.0, 0.0, 0.0, 0.04688669779969397, 0.0, 0.09523546217639671, 0.0, 0.031051048610206557)",1
17631,47,5,11,"(0.09033430006888621, 0.09950731712740148, 0.0, 0.0, 0.0, 0.04688669779969397, 0.0, 0.13635786553969723, 0.0, 0.031051048610206557)",226
17632,47,5,13,"(0.0, 0.0, 0.11679612853536596, 0.11566245524900162, 0.09172770611919409, 0.07489992963210028, 0.0, 0.0, 0.14899621190854193, 0.0)",140
17633,47,5,13,"(0.0, 0.0, 0.11679612853536596, 0.09866956748847248, 0.09172770611919409, 0.07489992963210028, 0.0, 0.0, 0.14899621190854193, 0.0)",21
17634,47,6,8,"(0.14216940306653714, 0.0, 0.08950620996642342, 0.11150299006173969, 0.04195927313558721, 0.0, 0.06826344941350267, 0.0, 0.0, 0.0)",4
17635,47,6,8,"(0.08829965453524319, 0.0, 0.08950620996642342, 0.24312403541973138, 0.04195927313558721, 0.0, 0.06826344941350267, 0.0, 0.0, 0.0)",1
17636,47,6,8,"(0.08829965453524319, 0.0, 0.08950620996642342, 0.09247639241939104, 0.09173902283359818, 0.0, 0.06826344941350267, 0.0, 0.0, 0.0)",197
17637,47,6,8,"(0.06974558750377131, 0.0, 0.08950620996642342, 0.09247639241939104, 0.09173902283359818, 0.0, 0.06826344941350267, 0.0, 0.0, 0.0)",72
17638,47,6,8,"(0.08829965453524319, 0.0, 0.08950620996642342, 0.11150299006173969, 0.04195927313558721, 0.0, 0.06826344941350267, 0.0, 0.0, 0.0)",15
17639,47,6,8,"(0.08829965453524319, 0.0, 0.08950620996642342, 0.09036594116630768, 0.09173902283359818, 0.0, 0.06826344941350267, 0.0, 0.0, 0.0)",11
17640,47,6,8,"(0.08829965453524319, 0.0, 0.06875712587017613, 0.09247639241939104, 0.09173902283359818, 0.0, 0.06826344941350267, 0.0, 0.0, 0.0)",1
17641,47,6,11,"(0.05595493401288263, 0.14970886995698662, 0.0, 0.0, 0.0, 0.013340687483762992, 0.0, 0.17049491341989087, 0.0, 0.031051048610206557)",2
17642,47,6,11,"(0.05595493401288263, 0.24121758630229312, 0.0, 0.0, 0.0, 0.04688669779969397, 0.0, 0.04550213468579941, 0.0, 0.031051048610206557)",1
17643,47,6,11,"(0.05595493401288263, 0.14970886995698662, 0.0, 0.0, 0.0, 0.03012192035125491, 0.0, 0.06229930238703529, 0.0, 0.031051048610206557)",1
17644,47,6,11,"(0.04927452518318289, 0.14970886995698662, 0.0, 0.0, 0.0, 0.04688669779969397, 0.0, 0.09523546217639671, 0.0, 0.031051048610206557)",1
17645,47,6,11,"(0.09033430006888621, 0.09950731712740148, 0.0, 0.0, 0.0, 0.04688669779969397, 0.0, 0.13635786553969723, 0.0, 0.03410593542115989)",1
17646,47,6,11,"(0.05595493401288263, 0.14970886995698662, 0.0, 0.0, 0.0, 0.04688669779969397, 0.0, 0.06147576831611103, 0.0, 0.031051048610206557)",1
17647,47,6,11,"(0.05595493401288263, 0.14970886995698662, 0.0, 0.0, 0.0, 0.038591770560388386, 0.0, 0.09523546217639671, 0.0, 0.031051048610206557)",2
17648,47,6,11,"(0.05595493401288263, 0.14970886995698662, 0.0, 0.0, 0.0, 0.04688669779969397, 0.0, 0.09523546217639671, 0.0, 0.031051048610206557)",482
17649,47,6,11,"(0.05595493401288263, 0.14970886995698662, 0.0, 0.0, 0.0, 0.04688669779969397, 0.0, 0.08026764566916973, 0.0, 0.031051048610206557)",13
17650,47,6,11,"(0.043268517742806094, 0.14001591316308018, 0.0, 0.0, 0.0, 0.04175754196777418, 0.0, 0.09523546217639671, 0.0, 0.019759980102700813)",1
17651,47,6,11,"(0.09033430006888621, 0.09950731712740148, 0.0, 0.0, 0.0, 0.04688669779969397, 0.0, 0.13635786553969723, 0.0, 0.031051048610206557)",70
17652,47,6,11,"(0.05349496970942681, 0.26978284440063144, 0.0, 0.0, 0.0, 0.04688669779969397, 0.0, 0.09523546217639671, 0.0, 0.031051048610206557)",12
17653,47,6,13,"(0.0, 0.0, 0.11679612853536596, 0.11566245524900162, 0.09172770611919409, 0.09776148943325165, 0.0, 0.0, 0.14899621190854193, 0.0)",4
17654,47,6,13,"(0.0, 0.0, 0.11679612853536596, 0.11566245524900162, 0.09172770611919409, 0.07489992963210028, 0.0, 0.0, 0.14899621190854193, 0.0)",163
17655,47,7,8,"(0.08829965453524319, 0.0, 0.08950620996642342, 0.09247639241939104, 0.09173902283359818, 0.0, 0.06826344941350267, 0.0, 0.0, 0.0)",307
17656,47,7,8,"(0.08829965453524319, 0.0, 0.08950620996642342, 0.12987578399549088, 0.09173902283359818, 0.0, 0.06826344941350267, 0.0, 0.0, 0.0)",1
17657,47,7,8,"(0.08829965453524319, 0.0, 0.08950620996642342, 0.06691729749945613, 0.09173902283359818, 0.0, 0.06826344941350267, 0.0, 0.0, 0.0)",5
17658,47,7,11,"(0.05535147067867501, 0.1490792594361212, 0.0, 0.0, 0.0, 0.04688669779969397, 0.0, 0.09523546217639671, 0.0, 0.031051048610206557)",1
17659,47,7,11,"(0.05595493401288263, 0.14970886995698662, 0.0, 0.0, 0.0, 0.04688669779969397, 0.0, 0.09523546217639671, 0.0, 0.031051048610206557)",424
17660,47,7,11,"(0.03871793419432757, 0.14970886995698662, 0.0, 0.0, 0.0, 0.04632638632063146, 0.0, 0.09523546217639671, 0.0, 0.031051048610206557)",1
17661,47,7,11,"(0.09033430006888621, 0.09950731712740148, 0.0, 0.0, 0.0, 0.04688669779969397, 0.0, 0.13635786553969723, 0.0, 0.031051048610206557)",95
17662,47,7,11,"(0.05595493401288263, 0.14970886995698662, 0.0, 0.0, 0.0, 0.04688669779969397, 0.0, 0.09523546217639671, 0.0, 0.037631838583014325)",2
17663,47,7,11,"(0.05595493401288263, 0.14970886995698662, 0.0, 0.0, 0.0, 0.04688669779969397, 0.0, 0.09523546217639671, 0.0, 0.019939147634177687)",1
17664,47,7,11,"(0.05595493401288263, 0.14970886995698662, 0.0, 0.0, 0.0, 0.04688669779969397, 0.0, 0.10695864581445036, 0.0, 0.031051048610206557)",1
17665,47,7,11,"(0.05595493401288263, 0.14970886995698662, 0.0, 0.0, 0.0, 0.04688669779969397, 0.0, 0.22175855698200572, 0.0, 0.031051048610206557)",2
17666,47,7,11,"(0.05595493401288263, 0.14622677258430297, 0.0, 0.0, 0.0, 0.04688669779969397, 0.0, 0.09523546217639671, 0.0, 0.0297454174844174)",2
17667,47,7,11,"(0.09033430006888621, 0.09020012506108674, 0.0, 0.0, 0.0, 0.04688669779969397, 0.0, 0.13635786553969723, 0.0, 0.02833243931311448)",6
17668,47,7,13,"(0.0, 0.0, 0.11679612853536596, 0.11566245524900162, 0.09172770611919409, 0.08511608756977757, 0.0, 0.0, 0.21942379060298167, 0.0)",1
17669,47,7,13,"(0.0, 0.0, 0.11679612853536596, 0.11566245524900162, 0.09172770611919409, 0.07489992963210028, 0.0, 0.0, 0.14899621190854193, 0.0)",141
17670,47,8,8,"(0.08829965453524319, 0.0, 0.08950620996642342, 0.09247639241939104, 0.09173902283359818, 0.0, 0.0382347666651696, 0.0, 0.0, 0.0)",13
17671,47,8,8,"(0.08829965453524319, 0.0, 0.08950620996642342, 0.09247639241939104, 0.09173902283359818, 0.0, 0.06826344941350267, 0.0, 0.0, 0.0)",266
17672,47,8,8,"(0.08829965453524319, 0.0, 0.08950620996642342, 0.09247639241939104, 0.09173902283359818, 0.0, 0.05335487588373451, 0.0, 0.0, 0.0)",8
17673,47,8,8,"(0.08829965453524319, 0.0, 0.09168349721066282, 0.09247639241939104, 0.09173902283359818, 0.0, 0.06826344941350267, 0.0, 0.0, 0.0)",3
17674,47,8,8,"(0.08829965453524319, 0.0, 0.08950620996642342, 0.134197717126749, 0.04770629533456249, 0.0, 0.06826344941350267, 0.0, 0.0, 0.0)",6
17675,47,8,8,"(0.08829965453524319, 0.0, 0.08950620996642342, 0.09247639241939104, 0.09173902283359818, 0.0, 0.061049054698685185, 0.0, 0.0, 0.0)",2
17676,47,8,11,"(0.026474252309646337, 0.14970886995698662, 0.0, 0.0, 0.0, 0.04688669779969397, 0.0, 0.09523546217639671, 0.0, 0.031051048610206557)",20
17677,47,8,11,"(0.05595493401288263, 0.14970886995698662, 0.0, 0.0, 0.0, 0.04688669779969397, 0.0, 0.09523546217639671, 0.0, 0.031051048610206557)",513
17678,47,8,11,"(0.05595493401288263, 0.14970886995698662, 0.0, 0.0, 0.0, 0.04688669779969397, 0.0, 0.09523546217639671, 0.0, 0.046927868070473354)",1
17679,47,8,11,"(0.09033430006888621, 0.09950731712740148, 0.0, 0.0, 0.0, 0.04688669779969397, 0.0, 0.13635786553969723, 0.0, 0.031051048610206557)",36
17680,47,8,11,"(0.056387342992943214, 0.14970886995698662, 0.0, 0.0, 0.0, 0.044418918527257836, 0.0, 0.09523546217639671, 0.0, 0.031051048610206557)",1
17681,47,8,11,"(0.05595493401288263, 0.24681153026537972, 0.0, 0.0, 0.0, 0.04688669779969397, 0.0, 0.09523546217639671, 0.0, 0.031051048610206557)",1
17682,47,8,11,"(0.048456528495267076, 0.11676810721164234, 0.0, 0.0, 0.0, 0.04688669779969397, 0.0, 0.09523546217639671, 0.0, 0.031051048610206557)",1
17683,47,8,11,"(0.023842543052281402, 0.14970886995698662, 0.0, 0.0, 0.0, 0.04688669779969397, 0.0, 0.09523546217639671, 0.0, 0.031051048610206557)",3
17684,47,8,11,"(0.05595493401288263, 0.14970886995698662, 0.0, 0.0, 0.0, 0.04688669779969397, 0.0, 0.14121989553800657, 0.0, 0.031051048610206557)",1
17685,47,8,13,"(0.0, 0.0, 0.11679612853536596, 0.11566245524900162, 0.09172770611919409, 0.07489992963210028, 0.0, 0.0, 0.14899621190854193, 0.0)",139
17686,47,8,13,"(0.0, 0.0, 0.18954923968797643, 0.11566245524900162, 0.09172770611919409, 0.07489992963210028, 0.0, 0.0, 0.14899621190854193, 0.0)",1
17687,47,8,13,"(0.0, 0.0, 0.09598038635117857, 0.11566245524900162, 0.09172770611919409, 0.07489992963210028, 0.0, 0.0, 0.14899621190854193, 0.0)",1
17688,47,9,8,"(0.15466015543065012, 0.0, 0.08950620996642342, 0.09247639241939104, 0.09173902283359818, 0.0, 0.06826344941350267, 0.0, 0.0, 0.0)",1
17689,47,9,8,"(0.08829965453524319, 0.0, 0.08950620996642342, 0.09247639241939104, 0.09173902283359818, 0.0, 0.06826344941350267, 0.0, 0.0, 0.0)",309
17690,47,9,11,"(0.09033430006888621, 0.09950731712740148, 0.0, 0.0, 0.0, 0.04688669779969397, 0.0, 0.13635786553969723, 0.0, 0.05969849265410827)",1
17691,47,9,11,"(0.07649249648992591, 0.09950731712740148, 0.0, 0.0, 0.0, 0.04688669779969397, 0.0, 0.13635786553969723, 0.0, 0.031051048610206557)",1
17692,47,9,11,"(0.09033430006888621, 0.14970886995698662, 0.0, 0.0, 0.0, 0.04688669779969397, 0.0, 0.09523546217639671, 0.0, 0.031051048610206557)",105
17693,47,9,11,"(0.09033430006888621, 0.09950731712740148, 0.0, 0.0, 0.0, 0.04688669779969397, 0.0, 0.13635786553969723, 0.0, 0.031051048610206557)",183
17694,47,9,11,"(0.09033430006888621, 0.09950731712740148, 0.0, 0.0, 0.0, 0.04688669779969397, 0.0, 0.27999312650866753, 0.0, 0.05511158064561265)",1
17695,47,9,11,"(0.09033430006888621, 0.09950731712740148, 0.0, 0.0, 0.0, 0.023580999521314355, 0.0, 0.13635786553969723, 0.0, 0.031051048610206557)",1
17696,47,9,11,"(0.05595493401288263, 0.14970886995698662, 0.0, 0.0, 0.0, 0.04688669779969397, 0.0, 0.09523546217639671, 0.0, 0.031051048610206557)",193
17697,47,9,11,"(0.05595493401288263, 0.14970886995698662, 0.0, 0.0, 0.0, 0.049680430576739654, 0.0, 0.09523546217639671, 0.0, 0.031051048610206557)",25
17698,47,9,11,"(0.0567558304085031, 0.09950731712740148, 0.0, 0.0, 0.0, 0.04688669779969397, 0.0, 0.13635786553969723, 0.0, 0.031051048610206557)",20
17699,47,9,11,"(0.08008549570880369, 0.20850738370145663, 0.0, 0.0, 0.0, 0.04688669779969397, 0.0, 0.09523546217639671, 0.0, 0.031051048610206557)",3
17700,47,9,13,"(0.0, 0.0, 0.11679612853536596, 0.11566245524900162, 0.09172770611919409, 0.10839451852086722, 0.0, 0.0, 0.14899621190854193, 0.0)",1
17701,47,9,13,"(0.0, 0.0, 0.11679612853536596, 0.11566245524900162, 0.09172770611919409, 0.0602483249452802, 0.0, 0.0, 0.14899621190854193, 0.0)",1
17702,47,9,13,"(0.0, 0.0, 0.11679612853536596, 0.11566245524900162, 0.09172770611919409, 0.09403353846217452, 0.0, 0.0, 0.14899621190854193, 0.0)",1
17703,47,9,13,"(0.0, 0.0, 0.11679612853536596, 0.11566245524900162, 0.09172770611919409, 0.07489992963210028, 0.0, 0.0, 0.14899621190854193, 0.0)",150
17704,47,9,13,"(0.0, 0.0, 0.11679612853536596, 0.11566245524900162, 0.09172770611919409, 0.1636191404200384, 0.0, 0.0, 0.14899621190854193, 0.0)",1
17705,47,9,13,"(0.0, 0.0, 0.11679612853536596, 0.17558889939961314, 0.09172770611919409, 0.07489992963210028, 0.0, 0.0, 0.14899621190854193, 0.0)",1
17706,47,9,13,"(0.0, 0.0, 0.11679612853536596, 0.11566245524900162, 0.09172770611919409, 0.07489992963210028, 0.0, 0.0, 0.09197911766666567, 0.0)",1
17707,47,10,8,"(0.08829965453524319, 0.0, 0.07937064014938276, 0.09247639241939104, 0.09173902283359818, 0.0, 0.06826344941350267, 0.0, 0.0, 0.0)",1
17708,47,10,8,"(0.08829965453524319, 0.0, 0.08950620996642342, 0.09247639241939104, 0.09173902283359818, 0.0, 0.06826344941350267, 0.0, 0.0, 0.0)",273
17709,47,10,8,"(0.08829965453524319, 0.0, 0.08950620996642342, 0.09247639241939104, 0.07643480855461852, 0.0, 0.06826344941350267, 0.0, 0.0, 0.0)",1
17710,47,10,8,"(0.08829965453524319, 0.0, 0.08950620996642342, 0.16568887440628063, 0.09173902283359818, 0.0, 0.06826344941350267, 0.0, 0.0, 0.0)",6
17711,47,10,11,"(0.09033430006888621, 0.14970886995698662, 0.0, 0.0, 0.0, 0.04688669779969397, 0.0, 0.09523546217639671, 0.0, 0.031051048610206557)",158
17712,47,10,11,"(0.05595493401288263, 0.14970886995698662, 0.0, 0.0, 0.0, 0.04688669779969397, 0.0, 0.09523546217639671, 0.0, 0.031051048610206557)",309
17713,47,10,11,"(0.09033430006888621, 0.09950731712740148, 0.0, 0.0, 0.0, 0.037876912534023637, 0.0, 0.13635786553969723, 0.0, 0.031051048610206557)",1
17714,47,10,11,"(0.05595493401288263, 0.14970886995698662, 0.0, 0.0, 0.0, 0.05896460618838832, 0.0, 0.09523546217639671, 0.0, 0.031051048610206557)",1
17715,47,10,11,"(0.09033430006888621, 0.09950731712740148, 0.0, 0.0, 0.0, 0.04688669779969397, 0.0, 0.13635786553969723, 0.0, 0.031051048610206557)",149
17716,47,10,11,"(0.09033430006888621, 0.14970886995698662, 0.0, 0.0, 0.0, 0.08516837549159956, 0.0, 0.09523546217639671, 0.0, 0.031051048610206557)",3
17717,47,10,11,"(0.09033430006888621, 0.09950731712740148, 0.0, 0.0, 0.0, 0.04688669779969397, 0.0, 0.13635786553969723, 0.0, 0.04891133529371111)",3
17718,47,10,13,"(0.0, 0.0, 0.11679612853536596, 0.07737543208635302, 0.09172770611919409, 0.07489992963210028, 0.0, 0.0, 0.14899621190854193, 0.0)",2
17719,47,10,13,"(0.0, 0.0, 0.11679612853536596, 0.10086945742064814, 0.09172770611919409, 0.07489992963210028, 0.0, 0.0, 0.14899621190854193, 0.0)",3
17720,47,10,13,"(0.0, 0.0, 0.11679612853536596, 0.11566245524900162, 0.09172770611919409, 0.07489992963210028, 0.0, 0.0, 0.13002783741178556, 0.0)",9
17721,47,10,13,"(0.0, 0.0, 0.11679612853536596, 0.11566245524900162, 0.09172770611919409, 0.07489992963210028, 0.0, 0.0, 0.14899621190854193, 0.0)",117
17722,47,10,13,"(0.0, 0.0, 0.08389178152677472, 0.11566245524900162, 0.09172770611919409, 0.07489992963210028, 0.0, 0.0, 0.14899621190854193, 0.0)",29
17723,47,11,8,"(0.08829965453524319, 0.0, 0.04998670607749742, 0.09247639241939104, 0.09173902283359818, 0.0, 0.04522518332149319, 0.0, 0.0, 0.0)",6
17724,47,11,8,"(0.08829965453524319, 0.0, 0.08950620996642342, 0.09247639241939104, 0.09173902283359818, 0.0, 0.06826344941350267, 0.0, 0.0, 0.0)",364
17725,47,11,8,"(0.08829965453524319, 0.0, 0.05167429076198626, 0.09247639241939104, 0.15113257788222378, 0.0, 0.1115831018113012, 0.0, 0.0, 0.0)",2
17726,47,11,8,"(0.08829965453524319, 0.0, 0.08950620996642342, 0.09247639241939104, 0.1505428229793399, 0.0, 0.06826344941350267, 0.0, 0.0, 0.0)",2
17727,47,11,11,"(0.09033430006888621, 0.14970886995698662, 0.0, 0.0, 0.0, 0.04688669779969397, 0.0, 0.09523546217639671, 0.0, 0.031051048610206557)",117
17728,47,11,11,"(0.09033430006888621, 0.12349881326225386, 0.0, 0.0, 0.0, 0.04688669779969397, 0.0, 0.13635786553969723, 0.0, 0.031051048610206557)",1
17729,47,11,11,"(0.09033430006888621, 0.15065295722414182, 0.0, 0.0, 0.0, 0.04688669779969397, 0.0, 0.09523546217639671, 0.0, 0.031051048610206557)",6
17730,47,11,11,"(0.09033430006888621, 0.09950731712740148, 0.0, 0.0, 0.0, 0.04688669779969397, 0.0, 0.13635786553969723, 0.0, 0.031051048610206557)",192
17731,47,11,11,"(0.05595493401288263, 0.14970886995698662, 0.0, 0.0, 0.0, 0.04688669779969397, 0.0, 0.09523546217639671, 0.0, 0.031051048610206557)",150
17732,47,11,11,"(0.09033430006888621, 0.14970886995698662, 0.0, 0.0, 0.0, 0.04688669779969397, 0.0, 0.09347211440081946, 0.0, 0.031051048610206557)",4
17733,47,11,13,"(0.0, 0.0, 0.11679612853536596, 0.11566245524900162, 0.09172770611919409, 0.16032733737103458, 0.0, 0.0, 0.1200764177011002, 0.0)",2
17734,47,11,13,"(0.0, 0.0, 0.11679612853536596, 0.11566245524900162, 0.09172770611919409, 0.07413292720628803, 0.0, 0.0, 0.14899621190854193, 0.0)",1
17735,47,11,13,"(0.0, 0.0, 0.11679612853536596, 0.11566245524900162, 0.09172770611919409, 0.07489992963210028, 0.0, 0.0, 0.14899621190854193, 0.0)",141
17736,47,12,8,"(0.08829965453524319, 0.0, 0.08950620996642342, 0.09247639241939104, 0.09173902283359818, 0.0, 0.07005345039235102, 0.0, 0.0, 0.0)",1
17737,47,12,8,"(0.055982273047235125, 0.0, 0.12122245471792664, 0.09247639241939104, 0.09173902283359818, 0.0, 0.09233896803283856, 0.0, 0.0, 0.0)",1
17738,47,12,8,"(0.08829965453524319, 0.0, 0.08950620996642342, 0.09247639241939104, 0.09173902283359818, 0.0, 0.06826344941350267, 0.0, 0.0, 0.0)",304
17739,47,12,8,"(0.08829965453524319, 0.0, 0.07775171704608945, 0.09247639241939104, 0.09173902283359818, 0.0, 0.06826344941350267, 0.0, 0.0, 0.0)",1
17740,47,12,8,"(0.08829965453524319, 0.0, 0.08950620996642342, 0.12569713448523928, 0.09173902283359818, 0.0, 0.06826344941350267, 0.0, 0.0, 0.0)",1
17741,47,12,11,"(0.02474225254668228, 0.14970886995698662, 0.0, 0.0, 0.0, 0.04688669779969397, 0.0, 0.09523546217639671, 0.0, 0.03266808556337563)",1
17742,47,12,11,"(0.05595493401288263, 0.14970886995698662, 0.0, 0.0, 0.0, 0.06871972065388648, 0.0, 0.09523546217639671, 0.0, 0.031051048610206557)",10
17743,47,12,11,"(0.05595493401288263, 0.14970886995698662, 0.0, 0.0, 0.0, 0.04688669779969397, 0.0, 0.1274963689075011, 0.0, 0.031051048610206557)",2
17744,47,12,11,"(0.05595493401288263, 0.14970886995698662, 0.0, 0.0, 0.0, 0.04688669779969397, 0.0, 0.09523546217639671, 0.0, 0.031051048610206557)",261
17745,47,12,11,"(0.09033430006888621, 0.14970886995698662, 0.0, 0.0, 0.0, 0.04688669779969397, 0.0, 0.09523546217639671, 0.0, 0.031051048610206557)",246
17746,47,12,11,"(0.04195978673109416, 0.14970886995698662, 0.0, 0.0, 0.0, 0.04688669779969397, 0.0, 0.09523546217639671, 0.0, 0.031051048610206557)",1
17747,47,12,11,"(0.05595493401288263, 0.14970886995698662, 0.0, 0.0, 0.0, 0.08802866453276316, 0.0, 0.09523546217639671, 0.0, 0.031051048610206557)",1
17748,47,12,11,"(0.02993540704106746, 0.14970886995698662, 0.0, 0.0, 0.0, 0.024310534310645865, 0.0, 0.09523546217639671, 0.0, 0.03266808556337563)",5
17749,47,12,11,"(0.02993540704106746, 0.14970886995698662, 0.0, 0.0, 0.0, 0.04688669779969397, 0.0, 0.09523546217639671, 0.0, 0.03266808556337563)",2
17750,47,12,11,"(0.09033430006888621, 0.14213939618294097, 0.0, 0.0, 0.0, 0.04688669779969397, 0.0, 0.09523546217639671, 0.0, 0.031051048610206557)",1
17751,47,12,13,"(0.0, 0.0, 0.11679612853536596, 0.06920069129515957, 0.09172770611919409, 0.07489992963210028, 0.0, 0.0, 0.14899621190854193, 0.0)",161
17752,47,12,13,"(0.0, 0.0, 0.11679612853536596, 0.06920069129515957, 0.08397963837571137, 0.07489992963210028, 0.0, 0.0, 0.12785073650524814, 0.0)",1
17753,47,12,13,"(0.0, 0.0, 0.1578985271372049, 0.06920069129515957, 0.09172770611919409, 0.07489992963210028, 0.0, 0.0, 0.14899621190854193, 0.0)",1
17754,47,12,13,"(0.0, 0.0, 0.11679612853536596, 0.04837220100554665, 0.14956404329493858, 0.07489992963210028, 0.0, 0.0, 0.11195120707314267, 0.0)",1
17755,47,12,13,"(0.0, 0.0, 0.11679612853536596, 0.06920069129515957, 0.09172770611919409, 0.10329489274569262, 0.0, 0.0, 0.14899621190854193, 0.0)",1
17756,47,13,8,"(0.08829965453524319, 0.0, 0.08950620996642342, 0.046898503748412645, 0.09173902283359818, 0.0, 0.06826344941350267, 0.0, 0.0, 0.0)",1
17757,47,13,8,"(0.08829965453524319, 0.0, 0.08746511043625445, 0.06774744261368393, 0.09173902283359818, 0.0, 0.06826344941350267, 0.0, 0.0, 0.0)",1
17758,47,13,8,"(0.09684283319935212, 0.0, 0.08950620996642342, 0.09247639241939104, 0.09173902283359818, 0.0, 0.06826344941350267, 0.0, 0.0, 0.0)",1
17759,47,13,8,"(0.08829965453524319, 0.0, 0.08950620996642342, 0.09872684978287458, 0.09173902283359818, 0.0, 0.06826344941350267, 0.0, 0.0, 0.0)",1
17760,47,13,8,"(0.09901334036877846, 0.0, 0.08950620996642342, 0.09247639241939104, 0.049241469984802354, 0.0, 0.06826344941350267, 0.0, 0.0, 0.0)",16
17761,47,13,8,"(0.08829965453524319, 0.0, 0.08950620996642342, 0.1701274225772376, 0.09173902283359818, 0.0, 0.08287555318590761, 0.0, 0.0, 0.0)",1
17762,47,13,8,"(0.08829965453524319, 0.0, 0.08950620996642342, 0.09247639241939104, 0.09173902283359818, 0.0, 0.06826344941350267, 0.0, 0.0, 0.0)",290
17763,47,13,11,"(0.057825844027060966, 0.14970886995698662, 0.0, 0.0, 0.0, 0.04688669779969397, 0.0, 0.09523546217639671, 0.0, 0.031051048610206557)",1
17764,47,13,11,"(0.07592834584057231, 0.14970886995698662, 0.0, 0.0, 0.0, 0.04688669779969397, 0.0, 0.09523546217639671, 0.0, 0.031051048610206557)",1
17765,47,13,11,"(0.05595493401288263, 0.14970886995698662, 0.0, 0.0, 0.0, 0.03278441770675986, 0.0, 0.09523546217639671, 0.0, 0.031051048610206557)",1
17766,47,13,11,"(0.10504864685185397, 0.14970886995698662, 0.0, 0.0, 0.0, 0.04688669779969397, 0.0, 0.09523546217639671, 0.0, 0.031051048610206557)",2
17767,47,13,11,"(0.08145860659828011, 0.14970886995698662, 0.0, 0.0, 0.0, 0.04688669779969397, 0.0, 0.09523546217639671, 0.0, 0.031051048610206557)",3
17768,47,13,11,"(0.07717045668217992, 0.14970886995698662, 0.0, 0.0, 0.0, 0.04688669779969397, 0.0, 0.09523546217639671, 0.0, 0.031051048610206557)",1
17769,47,13,11,"(0.05595493401288263, 0.20250220966937987, 0.0, 0.0, 0.0, 0.04688669779969397, 0.0, 0.09523546217639671, 0.0, 0.031051048610206557)",3
17770,47,13,11,"(0.05595493401288263, 0.14970886995698662, 0.0, 0.0, 0.0, 0.04688669779969397, 0.0, 0.09523546217639671, 0.0, 0.031051048610206557)",251
17771,47,13,11,"(0.09033430006888621, 0.14970886995698662, 0.0, 0.0, 0.0, 0.04688669779969397, 0.0, 0.09523546217639671, 0.0, 0.0458461646342961)",4
17772,47,13,11,"(0.05595493401288263, 0.14970886995698662, 0.0, 0.0, 0.0, 0.05206135837823039, 0.0, 0.09289705128650903, 0.0, 0.031051048610206557)",1
17773,47,13,11,"(0.09033430006888621, 0.14970886995698662, 0.0, 0.0, 0.0, 0.04688669779969397, 0.0, 0.09523546217639671, 0.0, 0.031051048610206557)",296
17774,47,13,11,"(0.05595493401288263, 0.10836898764908236, 0.0, 0.0, 0.0, 0.04688669779969397, 0.0, 0.07273255896548506, 0.0, 0.01621836942280353)",1
17775,47,13,13,"(0.0, 0.0, 0.11523593863089486, 0.06920069129515957, 0.09172770611919409, 0.07489992963210028, 0.0, 0.0, 0.14899621190854193, 0.0)",1
17776,47,13,13,"(0.0, 0.0, 0.11679612853536596, 0.11881053868174331, 0.09172770611919409, 0.07489992963210028, 0.0, 0.0, 0.18377341732155902, 0.0)",32
17777,47,13,13,"(0.0, 0.0, 0.11679612853536596, 0.06920069129515957, 0.09172770611919409, 0.07489992963210028, 0.0, 0.0, 0.14899621190854193, 0.0)",116
17778,47,13,13,"(0.0, 0.0, 0.11679612853536596, 0.06920069129515957, 0.09172770611919409, 0.09746318987842403, 0.0, 0.0, 0.32860120791029646, 0.0)",9
17779,47,14,8,"(0.052781234791378015, 0.0, 0.08950620996642342, 0.0946346245044546, 0.09173902283359818, 0.0, 0.06826344941350267, 0.0, 0.0, 0.0)",2
17780,47,14,8,"(0.08829965453524319, 0.0, 0.08950620996642342, 0.09247639241939104, 0.04157466456032589, 0.0, 0.06826344941350267, 0.0, 0.0, 0.0)",1
17781,47,14,8,"(0.08829965453524319, 0.0, 0.08950620996642342, 0.09247639241939104, 0.09173902283359818, 0.0, 0.06826344941350267, 0.0, 0.0, 0.0)",278
17782,47,14,8,"(0.08829965453524319, 0.0, 0.08950620996642342, 0.09247639241939104, 0.19632443020565846, 0.0, 0.06826344941350267, 0.0, 0.0, 0.0)",4
17783,47,14,11,"(0.09033430006888621, 0.14970886995698662, 0.0, 0.0, 0.0, 0.04688669779969397, 0.0, 0.09523546217639671, 0.0, 0.030916350746117198)",1
17784,47,14,11,"(0.05595493401288263, 0.14970886995698662, 0.0, 0.0, 0.0, 0.04688669779969397, 0.0, 0.09523546217639671, 0.0, 0.031051048610206557)",109
17785,47,14,11,"(0.07591066107413313, 0.14970886995698662, 0.0, 0.0, 0.0, 0.04688669779969397, 0.0, 0.09523546217639671, 0.0, 0.031051048610206557)",2
17786,47,14,11,"(0.09033430006888621, 0.14970886995698662, 0.0, 0.0, 0.0, 0.0734804722508903, 0.0, 0.0667627657965167, 0.0, 0.01809335134817434)",1
17787,47,14,11,"(0.09033430006888621, 0.14970886995698662, 0.0, 0.0, 0.0, 0.04688669779969397, 0.0, 0.09523546217639671, 0.0, 0.010213360878918875)",12
17788,47,14,11,"(0.09033430006888621, 0.14970886995698662, 0.0, 0.0, 0.0, 0.04688669779969397, 0.0, 0.09523546217639671, 0.0, 0.031051048610206557)",399
17789,47,14,11,"(0.09033430006888621, 0.14970886995698662, 0.0, 0.0, 0.0, 0.04688669779969397, 0.0, 0.0667627657965167, 0.0, 0.031051048610206557)",57
17790,47,14,11,"(0.12422178307490396, 0.15494350999214007, 0.0, 0.0, 0.0, 0.04688669779969397, 0.0, 0.09523546217639671, 0.0, 0.031051048610206557)",1
17791,47,14,13,"(0.0, 0.0, 0.11679612853536596, 0.06920069129515957, 0.1557023322621433, 0.07489992963210028, 0.0, 0.0, 0.14899621190854193, 0.0)",1
17792,47,14,13,"(0.0, 0.0, 0.11679612853536596, 0.11881053868174331, 0.09172770611919409, 0.07489992963210028, 0.0, 0.0, 0.18377341732155902, 0.0)",72
17793,47,14,13,"(0.0, 0.0, 0.11679612853536596, 0.06920069129515957, 0.0888336841990943, 0.07489992963210028, 0.0, 0.0, 0.14899621190854193, 0.0)",1
17794,47,14,13,"(0.0, 0.0, 0.11679612853536596, 0.06920069129515957, 0.09251193314430553, 0.07489992963210028, 0.0, 0.0, 0.14350924711540414, 0.0)",2
17795,47,14,13,"(0.0, 0.0, 0.11679612853536596, 0.08995495543564734, 0.09172770611919409, 0.07489992963210028, 0.0, 0.0, 0.14899621190854193, 0.0)",1
17796,47,14,13,"(0.0, 0.0, 0.07833643355026748, 0.11881053868174331, 0.09172770611919409, 0.07489992963210028, 0.0, 0.0, 0.217763210852308, 0.0)",1
17797,47,14,13,"(0.0, 0.0, 0.11679612853536596, 0.06920069129515957, 0.09172770611919409, 0.07489992963210028, 0.0, 0.0, 0.14899621190854193, 0.0)",99
17798,47,14,13,"(0.0, 0.0, 0.11679612853536596, 0.11881053868174331, 0.09172770611919409, 0.0577143739865714, 0.0, 0.0, 0.18377341732155902, 0.0)",1
17799,47,15,8,"(0.10029883076133461, 0.0, 0.09549754475350926, 0.09247639241939104, 0.09173902283359818, 0.0, 0.06826344941350267, 0.0, 0.0, 0.0)",5
17800,47,15,8,"(0.08829965453524319, 0.0, 0.08950620996642342, 0.09247639241939104, 0.06731939121970937, 0.0, 0.06826344941350267, 0.0, 0.0, 0.0)",11
17801,47,15,8,"(0.08829965453524319, 0.0, 0.08950620996642342, 0.09247639241939104, 0.09173902283359818, 0.0, 0.06826344941350267, 0.0, 0.0, 0.0)",340
17802,47,15,8,"(0.08829965453524319, 0.0, 0.08950620996642342, 0.13462432762820417, 0.09173902283359818, 0.0, 0.06826344941350267, 0.0, 0.0, 0.0)",1
17803,47,15,8,"(0.0700012072946227, 0.0, 0.08950620996642342, 0.09247639241939104, 0.09173902283359818, 0.0, 0.06826344941350267, 0.0, 0.0, 0.0)",1
17804,47,15,8,"(0.08829965453524319, 0.0, 0.07030194364129673, 0.09247639241939104, 0.09173902283359818, 0.0, 0.06826344941350267, 0.0, 0.0, 0.0)",1
17805,47,15,8,"(0.08829965453524319, 0.0, 0.08950620996642342, 0.057863895557649835, 0.09173902283359818, 0.0, 0.035457450947667495, 0.0, 0.0, 0.0)",2
17806,47,15,11,"(0.05595493401288263, 0.14970886995698662, 0.0, 0.0, 0.0, 0.04688669779969397, 0.0, 0.09523546217639671, 0.0, 0.031051048610206557)",218
17807,47,15,11,"(0.04728474773507852, 0.251151720261035, 0.0, 0.0, 0.0, 0.03705525868528604, 0.0, 0.09523546217639671, 0.0, 0.031051048610206557)",1
17808,47,15,11,"(0.05595493401288263, 0.21051179003972237, 0.0, 0.0, 0.0, 0.04688669779969397, 0.0, 0.09523546217639671, 0.0, 0.031051048610206557)",1
17809,47,15,11,"(0.09033430006888621, 0.14970886995698662, 0.0, 0.0, 0.0, 0.020801736928370246, 0.0, 0.09523546217639671, 0.0, 0.031051048610206557)",1
17810,47,15,11,"(0.09033430006888621, 0.09950731712740148, 0.0, 0.0, 0.0, 0.04688669779969397, 0.0, 0.13635786553969723, 0.0, 0.031051048610206557)",69
17811,47,15,11,"(0.09033430006888621, 0.14970886995698662, 0.0, 0.0, 0.0, 0.04688669779969397, 0.0, 0.09523546217639671, 0.0, 0.031051048610206557)",122
17812,47,15,11,"(0.09033430006888621, 0.14970886995698662, 0.0, 0.0, 0.0, 0.04688669779969397, 0.0, 0.09523546217639671, 0.0, 0.023477102045304968)",1
17813,47,15,11,"(0.05595493401288263, 0.14970886995698662, 0.0, 0.0, 0.0, 0.03705525868528604, 0.0, 0.09523546217639671, 0.0, 0.031051048610206557)",15
17814,47,15,11,"(0.05595493401288263, 0.14970886995698662, 0.0, 0.0, 0.0, 0.0669150705085867, 0.0, 0.060021176902865236, 0.0, 0.031051048610206557)",98
17815,47,15,11,"(0.05595493401288263, 0.14970886995698662, 0.0, 0.0, 0.0, 0.04688669779969397, 0.0, 0.09121742894963365, 0.0, 0.031051048610206557)",2
17816,47,15,13,"(0.0, 0.0, 0.11679612853536596, 0.11566245524900162, 0.09172770611919409, 0.07489992963210028, 0.0, 0.0, 0.14899621190854193, 0.0)",113
17817,47,15,13,"(0.0, 0.0, 0.11679612853536596, 0.11566245524900162, 0.05258434159181685, 0.12260675968003236, 0.0, 0.0, 0.14899621190854193, 0.0)",26
17818,47,15,13,"(0.0, 0.0, 0.11679612853536596, 0.11566245524900162, 0.09172770611919409, 0.07489992963210028, 0.0, 0.0, 0.10832573963795375, 0.0)",1
17819,47,15,13,"(0.0, 0.0, 0.15735608687848415, 0.11566245524900162, 0.09172770611919409, 0.07489992963210028, 0.0, 0.0, 0.14899621190854193, 0.0)",1
17820,47,15,13,"(0.0, 0.0, 0.11679612853536596, 0.11566245524900162, 0.09172770611919409, 0.07489992963210028, 0.0, 0.0, 0.11495505988588889, 0.0)",6
17821,47,16,8,"(0.08829965453524319, 0.0, 0.08950620996642342, 0.09247639241939104, 0.09173902283359818, 0.0, 0.06826344941350267, 0.0, 0.0, 0.0)",307
17822,47,16,11,"(0.09033430006888621, 0.09214136948793543, 0.0, 0.0, 0.0, 0.04688669779969397, 0.0, 0.13635786553969723, 0.0, 0.031051048610206557)",1
17823,47,16,11,"(0.09033430006888621, 0.11111913634826513, 0.0, 0.0, 0.0, 0.04688669779969397, 0.0, 0.13635786553969723, 0.0, 0.031051048610206557)",3
17824,47,16,11,"(0.09033430006888621, 0.14970886995698662, 0.0, 0.0, 0.0, 0.04688669779969397, 0.0, 0.09523546217639671, 0.0, 0.031051048610206557)",9
17825,47,16,11,"(0.09033430006888621, 0.09950731712740148, 0.0, 0.0, 0.0, 0.04688669779969397, 0.0, 0.13635786553969723, 0.0, 0.031051048610206557)",247
17826,47,16,11,"(0.09033430006888621, 0.09950731712740148, 0.0, 0.0, 0.0, 0.04688669779969397, 0.0, 0.09871950377126085, 0.0, 0.031051048610206557)",1
17827,47,16,11,"(0.09033430006888621, 0.09950731712740148, 0.0, 0.0, 0.0, 0.03446009082164187, 0.0, 0.13635786553969723, 0.0, 0.031051048610206557)",1
17828,47,16,11,"(0.09033430006888621, 0.09950731712740148, 0.0, 0.0, 0.0, 0.04688669779969397, 0.0, 0.28333321299708697, 0.0, 0.031051048610206557)",1
17829,47,16,11,"(0.05595493401288263, 0.14970886995698662, 0.0, 0.0, 0.0, 0.04688669779969397, 0.0, 0.09523546217639671, 0.0, 0.031051048610206557)",261
17830,47,16,13,"(0.0, 0.0, 0.11679612853536596, 0.11566245524900162, 0.09172770611919409, 0.05928008837540955, 0.0, 0.0, 0.14899621190854193, 0.0)",5
17831,47,16,13,"(0.0, 0.0, 0.11679612853536596, 0.11566245524900162, 0.09172770611919409, 0.07489992963210028, 0.0, 0.0, 0.14899621190854193, 0.0)",141
17832,47,17,8,"(0.10516691469604077, 0.0, 0.08950620996642342, 0.09247639241939104, 0.09173902283359818, 0.0, 0.06826344941350267, 0.0, 0.0, 0.0)",2
17833,47,17,8,"(0.08829965453524319, 0.0, 0.08950620996642342, 0.09247639241939104, 0.09173902283359818, 0.0, 0.06826344941350267, 0.0, 0.0, 0.0)",342
17834,47,17,8,"(0.08829965453524319, 0.0, 0.07136825454522454, 0.09247639241939104, 0.08338351631300392, 0.0, 0.06826344941350267, 0.0, 0.0, 0.0)",1
17835,47,17,8,"(0.10687107804854261, 0.0, 0.08950620996642342, 0.09247639241939104, 0.09173902283359818, 0.0, 0.06826344941350267, 0.0, 0.0, 0.0)",1
17836,47,17,11,"(0.05595493401288263, 0.14970886995698662, 0.0, 0.0, 0.0, 0.04688669779969397, 0.0, 0.09523546217639671, 0.0, 0.038533361042863874)",2
17837,47,17,11,"(0.05595493401288263, 0.14970886995698662, 0.0, 0.0, 0.0, 0.04688669779969397, 0.0, 0.0790812932423329, 0.0, 0.031051048610206557)",1
17838,47,17,11,"(0.09033430006888621, 0.09950731712740148, 0.0, 0.0, 0.0, 0.04688669779969397, 0.0, 0.13635786553969723, 0.0, 0.031051048610206557)",151
17839,47,17,11,"(0.05595493401288263, 0.14970886995698662, 0.0, 0.0, 0.0, 0.04688669779969397, 0.0, 0.09523546217639671, 0.0, 0.031051048610206557)",336
17840,47,17,11,"(0.05595493401288263, 0.17698678492846562, 0.0, 0.0, 0.0, 0.04688669779969397, 0.0, 0.09523546217639671, 0.0, 0.031051048610206557)",3
17841,47,17,11,"(0.05595493401288263, 0.14970886995698662, 0.0, 0.0, 0.0, 0.04688669779969397, 0.0, 0.09523546217639671, 0.0, 0.04609485219154987)",1
17842,47,17,11,"(0.09033430006888621, 0.11076257624078624, 0.0, 0.0, 0.0, 0.04688669779969397, 0.0, 0.13635786553969723, 0.0, 0.031051048610206557)",1
17843,47,17,13,"(0.0, 0.0, 0.10515740217922936, 0.11566245524900162, 0.051820020469820365, 0.06539100199239863, 0.0, 0.0, 0.14899621190854193, 0.0)",1
17844,47,17,13,"(0.0, 0.0, 0.11679612853536596, 0.11566245524900162, 0.09172770611919409, 0.07489992963210028, 0.0, 0.0, 0.14899621190854193, 0.0)",155
17845,47,17,13,"(0.0, 0.0, 0.11679612853536596, 0.11566245524900162, 0.09107171055401728, 0.07489992963210028, 0.0, 0.0, 0.14899621190854193, 0.0)",1
17846,47,18,8,"(0.08829965453524319, 0.0, 0.08950620996642342, 0.09247639241939104, 0.09173902283359818, 0.0, 0.06826344941350267, 0.0, 0.0, 0.0)",375
17847,47,18,8,"(0.08829965453524319, 0.0, 0.08950620996642342, 0.09247639241939104, 0.1164938773377248, 0.0, 0.06826344941350267, 0.0, 0.0, 0.0)",1
17848,47,18,8,"(0.08829965453524319, 0.0, 0.08950620996642342, 0.10750240599567999, 0.09173902283359818, 0.0, 0.06826344941350267, 0.0, 0.0, 0.0)",1
17849,47,18,8,"(0.08829965453524319, 0.0, 0.08950620996642342, 0.09247639241939104, 0.0614692438863808, 0.0, 0.06826344941350267, 0.0, 0.0, 0.0)",2
17850,47,18,8,"(0.08829965453524319, 0.0, 0.08950620996642342, 0.09247639241939104, 0.0531963340886536, 0.0, 0.06826344941350267, 0.0, 0.0, 0.0)",2
17851,47,18,11,"(0.05595493401288263, 0.14970886995698662, 0.0, 0.0, 0.0, 0.04688669779969397, 0.0, 0.09641670302986957, 0.0, 0.031051048610206557)",1
17852,47,18,11,"(0.05595493401288263, 0.14970886995698662, 0.0, 0.0, 0.0, 0.04688669779969397, 0.0, 0.09523546217639671, 0.0, 0.031051048610206557)",251
17853,47,18,11,"(0.05595493401288263, 0.14970886995698662, 0.0, 0.0, 0.0, 0.04688669779969397, 0.0, 0.07894829356850407, 0.0, 0.031051048610206557)",1
17854,47,18,11,"(0.05595493401288263, 0.14970886995698662, 0.0, 0.0, 0.0, 0.04688669779969397, 0.0, 0.10799434467818049, 0.0, 0.031051048610206557)",1
17855,47,18,11,"(0.05595493401288263, 0.14970886995698662, 0.0, 0.0, 0.0, 0.04688669779969397, 0.0, 0.09523546217639671, 0.0, 0.024802823988291325)",1
17856,47,18,11,"(0.09033430006888621, 0.09950731712740148, 0.0, 0.0, 0.0, 0.04688669779969397, 0.0, 0.13635786553969723, 0.0, 0.031051048610206557)",87
17857,47,18,11,"(0.09033430006888621, 0.14970886995698662, 0.0, 0.0, 0.0, 0.04688669779969397, 0.0, 0.09523546217639671, 0.0, 0.031051048610206557)",76
17858,47,18,11,"(0.05595493401288263, 0.14970886995698662, 0.0, 0.0, 0.0, 0.08957341568481778, 0.0, 0.09523546217639671, 0.0, 0.031051048610206557)",1
17859,47,18,13,"(0.0, 0.0, 0.1790818986573767, 0.11566245524900162, 0.09172770611919409, 0.0703372945413539, 0.0, 0.0, 0.14899621190854193, 0.0)",1
17860,47,18,13,"(0.0, 0.0, 0.11679612853536596, 0.11566245524900162, 0.09172770611919409, 0.07489992963210028, 0.0, 0.0, 0.14899621190854193, 0.0)",175
17861,47,19,8,"(0.08829965453524319, 0.0, 0.08950620996642342, 0.09247639241939104, 0.09173902283359818, 0.0, 0.06826344941350267, 0.0, 0.0, 0.0)",272
17862,47,19,8,"(0.08829965453524319, 0.0, 0.08950620996642342, 0.15589493692815434, 0.09173902283359818, 0.0, 0.06826344941350267, 0.0, 0.0, 0.0)",2
17863,47,19,8,"(0.04779083650028503, 0.0, 0.04532546638489401, 0.09247639241939104, 0.09173902283359818, 0.0, 0.06826344941350267, 0.0, 0.0, 0.0)",1
17864,47,19,8,"(0.08829965453524319, 0.0, 0.08950620996642342, 0.09247639241939104, 0.08962935729323786, 0.0, 0.06826344941350267, 0.0, 0.0, 0.0)",8
17865,47,19,8,"(0.08829965453524319, 0.0, 0.08950620996642342, 0.09247639241939104, 0.1217887082413381, 0.0, 0.06826344941350267, 0.0, 0.0, 0.0)",1
17866,47,19,8,"(0.0943110224296223, 0.0, 0.08950620996642342, 0.09247639241939104, 0.09173902283359818, 0.0, 0.06826344941350267, 0.0, 0.0, 0.0)",8
17867,47,19,11,"(0.05595493401288263, 0.051115179185086984, 0.0, 0.0, 0.0, 0.04688669779969397, 0.0, 0.09523546217639671, 0.0, 0.031051048610206557)",1
17868,47,19,11,"(0.09033430006888621, 0.14970886995698662, 0.0, 0.0, 0.0, 0.04688669779969397, 0.0, 0.09523546217639671, 0.0, 0.031051048610206557)",166
17869,47,19,11,"(0.05595493401288263, 0.14970886995698662, 0.0, 0.0, 0.0, 0.04688669779969397, 0.0, 0.09523546217639671, 0.0, 0.031051048610206557)",255
17870,47,19,11,"(0.047070567628798084, 0.14970886995698662, 0.0, 0.0, 0.0, 0.04688669779969397, 0.0, 0.044636715544619114, 0.0, 0.03059123081228617)",2
17871,47,19,11,"(0.04008792268888047, 0.14970886995698662, 0.0, 0.0, 0.0, 0.04688669779969397, 0.0, 0.15860333021464673, 0.0, 0.031051048610206557)",1
17872,47,19,11,"(0.05595493401288263, 0.14970886995698662, 0.0, 0.0, 0.0, 0.04688669779969397, 0.0, 0.09523546217639671, 0.0, 0.024993305434295583)",1
17873,47,19,11,"(0.09033430006888621, 0.14970886995698662, 0.0, 0.0, 0.0, 0.04688669779969397, 0.0, 0.09523546217639671, 0.0, 0.019090949980904288)",11
17874,47,19,11,"(0.05595493401288263, 0.14970886995698662, 0.0, 0.0, 0.0, 0.04688669779969397, 0.0, 0.11138545669541189, 0.0, 0.031051048610206557)",35
17875,47,19,11,"(0.12181114406972068, 0.14970886995698662, 0.0, 0.0, 0.0, 0.04688669779969397, 0.0, 0.09523546217639671, 0.0, 0.031051048610206557)",1
17876,47,19,11,"(0.09033430006888621, 0.09950731712740148, 0.0, 0.0, 0.0, 0.04688669779969397, 0.0, 0.13635786553969723, 0.0, 0.031051048610206557)",96
17877,47,19,11,"(0.05595493401288263, 0.14970886995698662, 0.0, 0.0, 0.0, 0.04688669779969397, 0.0, 0.11596805646587188, 0.0, 0.031051048610206557)",1
17878,47,19,11,"(0.08761940901068022, 0.14970886995698662, 0.0, 0.0, 0.0, 0.04688669779969397, 0.0, 0.09523546217639671, 0.0, 0.031051048610206557)",1
17879,47,19,11,"(0.12170785997937943, 0.14970886995698662, 0.0, 0.0, 0.0, 0.04688669779969397, 0.0, 0.09523546217639671, 0.0, 0.031051048610206557)",1
17880,47,19,11,"(0.05595493401288263, 0.14970886995698662, 0.0, 0.0, 0.0, 0.04688669779969397, 0.0, 0.06367134275491994, 0.0, 0.031051048610206557)",1
17881,47,19,13,"(0.0, 0.0, 0.11679612853536596, 0.11617672246461853, 0.06889381373614935, 0.07489992963210028, 0.0, 0.0, 0.14899621190854193, 0.0)",12
17882,47,19,13,"(0.0, 0.0, 0.11679612853536596, 0.11566245524900162, 0.09172770611919409, 0.07489992963210028, 0.0, 0.0, 0.14899621190854193, 0.0)",147
17883,47,20,8,"(0.08829965453524319, 0.0, 0.08950620996642342, 0.09247639241939104, 0.058324530575720845, 0.0, 0.06826344941350267, 0.0, 0.0, 0.0)",1
17884,47,20,8,"(0.08829965453524319, 0.0, 0.08950620996642342, 0.09247639241939104, 0.09173902283359818, 0.0, 0.06826344941350267, 0.0, 0.0, 0.0)",265
17885,47,20,8,"(0.08829965453524319, 0.0, 0.08950620996642342, 0.09247639241939104, 0.09173902283359818, 0.0, 0.03758874664458255, 0.0, 0.0, 0.0)",1
17886,47,20,8,"(0.08829965453524319, 0.0, 0.08950620996642342, 0.04910435095578463, 0.09173902283359818, 0.0, 0.06826344941350267, 0.0, 0.0, 0.0)",2
17887,47,20,11,"(0.09033430006888621, 0.11649844651258634, 0.0, 0.0, 0.0, 0.04688669779969397, 0.0, 0.13635786553969723, 0.0, 0.031051048610206557)",1
17888,47,20,11,"(0.09033430006888621, 0.14970886995698662, 0.0, 0.0, 0.0, 0.04688669779969397, 0.0, 0.09523546217639671, 0.0, 0.031051048610206557)",210
17889,47,20,11,"(0.05595493401288263, 0.22097190326280128, 0.0, 0.0, 0.0, 0.04688669779969397, 0.0, 0.09523546217639671, 0.0, 0.031051048610206557)",1
17890,47,20,11,"(0.10663044949348964, 0.09950731712740148, 0.0, 0.0, 0.0, 0.04688669779969397, 0.0, 0.13635786553969723, 0.0, 0.031051048610206557)",1
17891,47,20,11,"(0.09033430006888621, 0.18445036197671785, 0.0, 0.0, 0.0, 0.04688669779969397, 0.0, 0.09523546217639671, 0.0, 0.031051048610206557)",2
17892,47,20,11,"(0.09033430006888621, 0.07529851230857049, 0.0, 0.0, 0.0, 0.035326021689022, 0.0, 0.13635786553969723, 0.0, 0.031051048610206557)",1
17893,47,20,11,"(0.09033430006888621, 0.14970886995698662, 0.0, 0.0, 0.0, 0.04688669779969397, 0.0, 0.07640034806122366, 0.0, 0.031051048610206557)",1
17894,47,20,11,"(0.05595493401288263, 0.14970886995698662, 0.0, 0.0, 0.0, 0.04688669779969397, 0.0, 0.09523546217639671, 0.0, 0.031051048610206557)",204
17895,47,20,11,"(0.05595493401288263, 0.14970886995698662, 0.0, 0.0, 0.0, 0.04688669779969397, 0.0, 0.09523546217639671, 0.0, 0.020137355844367807)",2
17896,47,20,11,"(0.06393841644779005, 0.09950731712740148, 0.0, 0.0, 0.0, 0.05222694824694126, 0.0, 0.13635786553969723, 0.0, 0.031051048610206557)",1
17897,47,20,11,"(0.09033430006888621, 0.08855264542611048, 0.0, 0.0, 0.0, 0.04688669779969397, 0.0, 0.13635786553969723, 0.0, 0.031051048610206557)",25
17898,47,20,11,"(0.05595493401288263, 0.14970886995698662, 0.0, 0.0, 0.0, 0.04688669779969397, 0.0, 0.25084361423082097, 0.0, 0.031051048610206557)",2
17899,47,20,11,"(0.09033430006888621, 0.09950731712740148, 0.0, 0.0, 0.0, 0.04688669779969397, 0.0, 0.13635786553969723, 0.0, 0.031051048610206557)",125
17900,47,20,13,"(0.0, 0.0, 0.11679612853536596, 0.11566245524900162, 0.09172770611919409, 0.07489992963210028, 0.0, 0.0, 0.14899621190854193, 0.0)",147
17901,47,20,13,"(0.0, 0.0, 0.11679612853536596, 0.11566245524900162, 0.11442676538023829, 0.07489992963210028, 0.0, 0.0, 0.14899621190854193, 0.0)",1
17902,48,0,8,"(0.06911615208363377, 0.0, 0.08950620996642342, 0.09247639241939104, 0.11895922578184095, 0.0, 0.050236505075029914, 0.0, 0.0, 0.0)",1
17903,48,0,8,"(0.08829965453524319, 0.0, 0.08950620996642342, 0.09247639241939104, 0.07966658416970394, 0.0, 0.06826344941350267, 0.0, 0.0, 0.0)",1
17904,48,0,8,"(0.08829965453524319, 0.0, 0.09099886058333632, 0.09247639241939104, 0.09173902283359818, 0.0, 0.06826344941350267, 0.0, 0.0, 0.0)",2
17905,48,0,8,"(0.08829965453524319, 0.0, 0.14114994356209112, 0.09247639241939104, 0.09173902283359818, 0.0, 0.06826344941350267, 0.0, 0.0, 0.0)",2
17906,48,0,8,"(0.08829965453524319, 0.0, 0.08950620996642342, 0.09247639241939104, 0.09173902283359818, 0.0, 0.06826344941350267, 0.0, 0.0, 0.0)",306
17907,48,0,11,"(0.09033430006888621, 0.09950731712740148, 0.0, 0.0, 0.0, 0.04688669779969397, 0.0, 0.13635786553969723, 0.0, 0.031051048610206557)",343
17908,48,0,11,"(0.09033430006888621, 0.14970886995698662, 0.0, 0.0, 0.0, 0.030720117527052115, 0.0, 0.09523546217639671, 0.0, 0.031051048610206557)",1
17909,48,0,11,"(0.09033430006888621, 0.11998871379766857, 0.0, 0.0, 0.0, 0.04688669779969397, 0.0, 0.13635786553969723, 0.0, 0.031051048610206557)",2
17910,48,0,11,"(0.09033430006888621, 0.09950731712740148, 0.0, 0.0, 0.0, 0.036996212748679196, 0.0, 0.13635786553969723, 0.0, 0.027880591108614124)",1
17911,48,0,11,"(0.1260130424955627, 0.14970886995698662, 0.0, 0.0, 0.0, 0.04688669779969397, 0.0, 0.20942868054993258, 0.0, 0.031051048610206557)",2
17912,48,0,11,"(0.09033430006888621, 0.09950731712740148, 0.0, 0.0, 0.0, 0.06005488996532068, 0.0, 0.13635786553969723, 0.0, 0.031051048610206557)",7
17913,48,0,11,"(0.09033430006888621, 0.11268156938469659, 0.0, 0.0, 0.0, 0.05559890689520212, 0.0, 0.13635786553969723, 0.0, 0.027849148778699154)",1
17914,48,0,11,"(0.036944070822823145, 0.09561607157403279, 0.0, 0.0, 0.0, 0.04688669779969397, 0.0, 0.12379855549940787, 0.0, 0.031051048610206557)",2
17915,48,0,11,"(0.09033430006888621, 0.14970886995698662, 0.0, 0.0, 0.0, 0.04688669779969397, 0.0, 0.09523546217639671, 0.0, 0.031051048610206557)",211
17916,48,0,13,"(0.0, 0.0, 0.11679612853536596, 0.11566245524900162, 0.09172770611919409, 0.0452333148422431, 0.0, 0.0, 0.22313340435643256, 0.0)",2
17917,48,0,13,"(0.0, 0.0, 0.11679612853536596, 0.11566245524900162, 0.11123313649249288, 0.07489992963210028, 0.0, 0.0, 0.14899621190854193, 0.0)",1
17918,48,0,13,"(0.0, 0.0, 0.11679612853536596, 0.11566245524900162, 0.09172770611919409, 0.07489992963210028, 0.0, 0.0, 0.14899621190854193, 0.0)",134
17919,48,0,13,"(0.0, 0.0, 0.11679612853536596, 0.11566245524900162, 0.09172770611919409, 0.0949245698107113, 0.0, 0.0, 0.14899621190854193, 0.0)",1
17920,48,0,13,"(0.0, 0.0, 0.11679612853536596, 0.09866956748847248, 0.09172770611919409, 0.07489992963210028, 0.0, 0.0, 0.14899621190854193, 0.0)",26
17921,48,1,8,"(0.07845755695019196, 0.0, 0.12442523753435307, 0.046694421952888684, 0.09173902283359818, 0.0, 0.027611497476242246, 0.0, 0.0, 0.0)",1
17922,48,1,8,"(0.08829965453524319, 0.0, 0.08950620996642342, 0.040713213127917654, 0.09173902283359818, 0.0, 0.06826344941350267, 0.0, 0.0, 0.0)",1
17923,48,1,8,"(0.08829965453524319, 0.0, 0.03560940064979138, 0.13158537917768406, 0.13946231367759462, 0.0, 0.06826344941350267, 0.0, 0.0, 0.0)",1
17924,48,1,8,"(0.08829965453524319, 0.0, 0.08950620996642342, 0.09247639241939104, 0.06588646277270238, 0.0, 0.06826344941350267, 0.0, 0.0, 0.0)",2
17925,48,1,8,"(0.08829965453524319, 0.0, 0.08950620996642342, 0.09247639241939104, 0.09173902283359818, 0.0, 0.06826344941350267, 0.0, 0.0, 0.0)",331
17926,48,1,8,"(0.1388317217716708, 0.0, 0.08950620996642342, 0.09247639241939104, 0.09173902283359818, 0.0, 0.06826344941350267, 0.0, 0.0, 0.0)",6
17927,48,1,11,"(0.09033430006888621, 0.09950731712740148, 0.0, 0.0, 0.0, 0.04688669779969397, 0.0, 0.13635786553969723, 0.0, 0.031051048610206557)",84
17928,48,1,11,"(0.09033430006888621, 0.14970886995698662, 0.0, 0.0, 0.0, 0.04688669779969397, 0.0, 0.09523546217639671, 0.0, 0.03136002186397078)",1
17929,48,1,11,"(0.09033430006888621, 0.09950731712740148, 0.0, 0.0, 0.0, 0.04688669779969397, 0.0, 0.08058693358298137, 0.0, 0.031051048610206557)",1
17930,48,1,11,"(0.09033430006888621, 0.09950731712740148, 0.0, 0.0, 0.0, 0.03611657284033255, 0.0, 0.13635786553969723, 0.0, 0.031051048610206557)",7
17931,48,1,11,"(0.09033430006888621, 0.16150227130843206, 0.0, 0.0, 0.0, 0.04688669779969397, 0.0, 0.09523546217639671, 0.0, 0.031051048610206557)",1
17932,48,1,11,"(0.09033430006888621, 0.10938090903947688, 0.0, 0.0, 0.0, 0.04688669779969397, 0.0, 0.09523546217639671, 0.0, 0.031051048610206557)",1
17933,48,1,11,"(0.09033430006888621, 0.14970886995698662, 0.0, 0.0, 0.0, 0.04688669779969397, 0.0, 0.09523546217639671, 0.0, 0.031051048610206557)",309
17934,48,1,11,"(0.1720250645541541, 0.14970886995698662, 0.0, 0.0, 0.0, 0.04674026316268516, 0.0, 0.09523546217639671, 0.0, 0.031051048610206557)",1
17935,48,1,11,"(0.0912508955069852, 0.14970886995698662, 0.0, 0.0, 0.0, 0.04688669779969397, 0.0, 0.09523546217639671, 0.0, 0.031051048610206557)",2
17936,48,1,11,"(0.09033430006888621, 0.14970886995698662, 0.0, 0.0, 0.0, 0.054895570124081895, 0.0, 0.09523546217639671, 0.0, 0.031051048610206557)",3
17937,48,1,11,"(0.11897557525072792, 0.14970886995698662, 0.0, 0.0, 0.0, 0.04688669779969397, 0.0, 0.09523546217639671, 0.0, 0.031051048610206557)",1
17938,48,1,13,"(0.0, 0.0, 0.07494469358793443, 0.11566245524900162, 0.09830857175245832, 0.07489992963210028, 0.0, 0.0, 0.14899621190854193, 0.0)",6
17939,48,1,13,"(0.0, 0.0, 0.11679612853536596, 0.11566245524900162, 0.09172770611919409, 0.07489992963210028, 0.0, 0.0, 0.14899621190854193, 0.0)",132
17940,48,2,8,"(0.08829965453524319, 0.0, 0.08950620996642342, 0.09247639241939104, 0.09173902283359818, 0.0, 0.06826344941350267, 0.0, 0.0, 0.0)",312
17941,48,2,8,"(0.09207702576294004, 0.0, 0.08950620996642342, 0.09247639241939104, 0.09173902283359818, 0.0, 0.06826344941350267, 0.0, 0.0, 0.0)",1
17942,48,2,8,"(0.08829965453524319, 0.0, 0.12710814512942045, 0.09247639241939104, 0.04010560379068208, 0.0, 0.06826344941350267, 0.0, 0.0, 0.0)",1
17943,48,2,8,"(0.08829965453524319, 0.0, 0.09551569420175016, 0.09247639241939104, 0.09173902283359818, 0.0, 0.06826344941350267, 0.0, 0.0, 0.0)",9
17944,48,2,8,"(0.08829965453524319, 0.0, 0.08950620996642342, 0.09247639241939104, 0.09173902283359818, 0.0, 0.07429726990953399, 0.0, 0.0, 0.0)",2
17945,48,2,11,"(0.09033430006888621, 0.09950731712740148, 0.0, 0.0, 0.0, 0.04688669779969397, 0.0, 0.12600017819105255, 0.0, 0.031051048610206557)",14
17946,48,2,11,"(0.09033430006888621, 0.14970886995698662, 0.0, 0.0, 0.0, 0.052504472376148775, 0.0, 0.09523546217639671, 0.0, 0.031051048610206557)",1
17947,48,2,11,"(0.09033430006888621, 0.06810673672732513, 0.0, 0.0, 0.0, 0.04688669779969397, 0.0, 0.13635786553969723, 0.0, 0.031051048610206557)",1
17948,48,2,11,"(0.09033430006888621, 0.09950731712740148, 0.0, 0.0, 0.0, 0.04688669779969397, 0.0, 0.13635786553969723, 0.0, 0.031051048610206557)",116
17949,48,2,11,"(0.09033430006888621, 0.14970886995698662, 0.0, 0.0, 0.0, 0.04688669779969397, 0.0, 0.09523546217639671, 0.0, 0.031051048610206557)",227
17950,48,2,11,"(0.25212178873838575, 0.10570306381268431, 0.0, 0.0, 0.0, 0.04688669779969397, 0.0, 0.09523546217639671, 0.0, 0.031051048610206557)",1
17951,48,2,11,"(0.10235250519978606, 0.14970886995698662, 0.0, 0.0, 0.0, 0.04688669779969397, 0.0, 0.09523546217639671, 0.0, 0.031051048610206557)",2
17952,48,2,11,"(0.09033430006888621, 0.09950731712740148, 0.0, 0.0, 0.0, 0.08791084395475329, 0.0, 0.12600017819105255, 0.0, 0.031051048610206557)",2
17953,48,2,11,"(0.09033430006888621, 0.08020409284321883, 0.0, 0.0, 0.0, 0.04688669779969397, 0.0, 0.13635786553969723, 0.0, 0.031051048610206557)",17
17954,48,2,11,"(0.13902543748350266, 0.09950731712740148, 0.0, 0.0, 0.0, 0.04688669779969397, 0.0, 0.13635786553969723, 0.0, 0.031051048610206557)",37
17955,48,2,11,"(0.09033430006888621, 0.2187123563902923, 0.0, 0.0, 0.0, 0.056527619437700814, 0.0, 0.09523546217639671, 0.0, 0.031051048610206557)",5
17956,48,2,13,"(0.0, 0.0, 0.11679612853536596, 0.11566245524900162, 0.09172770611919409, 0.07489992963210028, 0.0, 0.0, 0.12128025068171712, 0.0)",2
17957,48,2,13,"(0.0, 0.0, 0.11679612853536596, 0.11566245524900162, 0.09172770611919409, 0.07489992963210028, 0.0, 0.0, 0.14899621190854193, 0.0)",140
17958,48,2,13,"(0.0, 0.0, 0.11679612853536596, 0.11566245524900162, 0.09172770611919409, 0.05998951618764801, 0.0, 0.0, 0.14899621190854193, 0.0)",2
17959,48,3,8,"(0.08829965453524319, 0.0, 0.08950620996642342, 0.09247639241939104, 0.09173902283359818, 0.0, 0.06826344941350267, 0.0, 0.0, 0.0)",308
17960,48,3,8,"(0.08829965453524319, 0.0, 0.08950620996642342, 0.08183770975644819, 0.09173902283359818, 0.0, 0.06826344941350267, 0.0, 0.0, 0.0)",1
17961,48,3,8,"(0.08829965453524319, 0.0, 0.08950620996642342, 0.09247639241939104, 0.09173902283359818, 0.0, 0.046690809579197565, 0.0, 0.0, 0.0)",4
17962,48,3,11,"(0.09033430006888621, 0.14970886995698662, 0.0, 0.0, 0.0, 0.04688669779969397, 0.0, 0.12998366764827138, 0.0, 0.031051048610206557)",1
17963,48,3,11,"(0.09033430006888621, 0.09950731712740148, 0.0, 0.0, 0.0, 0.057614760260444244, 0.0, 0.13635786553969723, 0.0, 0.031051048610206557)",2
17964,48,3,11,"(0.09033430006888621, 0.14970886995698662, 0.0, 0.0, 0.0, 0.04688669779969397, 0.0, 0.09523546217639671, 0.0, 0.031051048610206557)",250
17965,48,3,11,"(0.09033430006888621, 0.09950731712740148, 0.0, 0.0, 0.0, 0.04447130982296225, 0.0, 0.13635786553969723, 0.0, 0.031051048610206557)",2
17966,48,3,11,"(0.09033430006888621, 0.09950731712740148, 0.0, 0.0, 0.0, 0.04688669779969397, 0.0, 0.13635786553969723, 0.0, 0.031051048610206557)",231
17967,48,3,11,"(0.09033430006888621, 0.14970886995698662, 0.0, 0.0, 0.0, 0.0383413194241234, 0.0, 0.09523546217639671, 0.0, 0.031051048610206557)",1
17968,48,3,11,"(0.12452057699724862, 0.09950731712740148, 0.0, 0.0, 0.0, 0.04688669779969397, 0.0, 0.13635786553969723, 0.0, 0.031051048610206557)",2
17969,48,3,13,"(0.0, 0.0, 0.11679612853536596, 0.11566245524900162, 0.09172770611919409, 0.07489992963210028, 0.0, 0.0, 0.14899621190854193, 0.0)",132
17970,48,3,13,"(0.0, 0.0, 0.11679612853536596, 0.11566245524900162, 0.06795546454944668, 0.07489992963210028, 0.0, 0.0, 0.14899621190854193, 0.0)",2
17971,48,3,13,"(0.0, 0.0, 0.11679612853536596, 0.11566245524900162, 0.11109266959551767, 0.07489992963210028, 0.0, 0.0, 0.14899621190854193, 0.0)",12
17972,48,3,13,"(0.0, 0.0, 0.11679612853536596, 0.11566245524900162, 0.09172770611919409, 0.07489992963210028, 0.0, 0.0, 0.1272049850554588, 0.0)",1
17973,48,4,8,"(0.047416881372300206, 0.0, 0.12695320676827374, 0.09247639241939104, 0.09173902283359818, 0.0, 0.06826344941350267, 0.0, 0.0, 0.0)",60
17974,48,4,8,"(0.08829965453524319, 0.0, 0.08950620996642342, 0.09247639241939104, 0.09173902283359818, 0.0, 0.0543417520391348, 0.0, 0.0, 0.0)",3
17975,48,4,8,"(0.08829965453524319, 0.0, 0.08950620996642342, 0.20633324815175474, 0.09173902283359818, 0.0, 0.06826344941350267, 0.0, 0.0, 0.0)",2
17976,48,4,8,"(0.08829965453524319, 0.0, 0.08950620996642342, 0.09247639241939104, 0.09173902283359818, 0.0, 0.06826344941350267, 0.0, 0.0, 0.0)",188
17977,48,4,8,"(0.08829965453524319, 0.0, 0.07733210741864263, 0.09389419562820826, 0.11573421178585674, 0.0, 0.06826344941350267, 0.0, 0.0, 0.0)",10
17978,48,4,8,"(0.08829965453524319, 0.0, 0.07733210741864263, 0.09389419562820826, 0.09235265226308434, 0.0, 0.06826344941350267, 0.0, 0.0, 0.0)",2
17979,48,4,8,"(0.08829965453524319, 0.0, 0.08950620996642342, 0.09247639241939104, 0.09173902283359818, 0.0, 0.05944561452519818, 0.0, 0.0, 0.0)",6
17980,48,4,8,"(0.047416881372300206, 0.0, 0.12695320676827374, 0.17272338743353163, 0.09173902283359818, 0.0, 0.06826344941350267, 0.0, 0.0, 0.0)",1
17981,48,4,8,"(0.08829965453524319, 0.0, 0.08950620996642342, 0.09247639241939104, 0.09173902283359818, 0.0, 0.06815983418378398, 0.0, 0.0, 0.0)",1
17982,48,4,8,"(0.08829965453524319, 0.0, 0.08950620996642342, 0.09247639241939104, 0.12051567454443152, 0.0, 0.06826344941350267, 0.0, 0.0, 0.0)",3
17983,48,4,11,"(0.09033430006888621, 0.09950731712740148, 0.0, 0.0, 0.0, 0.04688669779969397, 0.0, 0.13635786553969723, 0.0, 0.010278629553747167)",29
17984,48,4,11,"(0.09033430006888621, 0.14970886995698662, 0.0, 0.0, 0.0, 0.04688669779969397, 0.0, 0.09523546217639671, 0.0, 0.031051048610206557)",187
17985,48,4,11,"(0.09033430006888621, 0.09950731712740148, 0.0, 0.0, 0.0, 0.0334335643767844, 0.0, 0.13635786553969723, 0.0, 0.031051048610206557)",1
17986,48,4,11,"(0.09033430006888621, 0.09950731712740148, 0.0, 0.0, 0.0, 0.04688669779969397, 0.0, 0.21249925131259656, 0.0, 0.038158942381335735)",3
17987,48,4,11,"(0.09033430006888621, 0.09950731712740148, 0.0, 0.0, 0.0, 0.04688669779969397, 0.0, 0.13635786553969723, 0.0, 0.031051048610206557)",317
17988,48,4,11,"(0.09033430006888621, 0.09950731712740148, 0.0, 0.0, 0.0, 0.019477589483730396, 0.0, 0.13635786553969723, 0.0, 0.031051048610206557)",2
17989,48,4,11,"(0.09033430006888621, 0.14709918724343726, 0.0, 0.0, 0.0, 0.04688669779969397, 0.0, 0.09523546217639671, 0.0, 0.031051048610206557)",1
17990,48,4,11,"(0.05968791532634932, 0.09950731712740148, 0.0, 0.0, 0.0, 0.04688669779969397, 0.0, 0.13635786553969723, 0.0, 0.031051048610206557)",1
17991,48,4,13,"(0.0, 0.0, 0.10260077288926098, 0.11566245524900162, 0.09172770611919409, 0.07226955640690141, 0.0, 0.0, 0.14899621190854193, 0.0)",1
17992,48,4,13,"(0.0, 0.0, 0.11679612853536596, 0.11566245524900162, 0.09172770611919409, 0.07226955640690141, 0.0, 0.0, 0.14899621190854193, 0.0)",4
17993,48,4,13,"(0.0, 0.0, 0.11679612853536596, 0.07920130285805116, 0.09172770611919409, 0.07226955640690141, 0.0, 0.0, 0.14899621190854193, 0.0)",1
17994,48,4,13,"(0.0, 0.0, 0.11679612853536596, 0.11566245524900162, 0.09172770611919409, 0.07489992963210028, 0.0, 0.0, 0.14899621190854193, 0.0)",126
17995,48,4,13,"(0.0, 0.0, 0.11679612853536596, 0.11566245524900162, 0.052504117725805224, 0.07489992963210028, 0.0, 0.0, 0.14899621190854193, 0.0)",24
17996,48,4,13,"(0.0, 0.0, 0.11679612853536596, 0.11566245524900162, 0.09172770611919409, 0.07489992963210028, 0.0, 0.0, 0.18856725365018223, 0.0)",5
17997,48,5,8,"(0.08829965453524319, 0.0, 0.08950620996642342, 0.09306890010931121, 0.09173902283359818, 0.0, 0.06826344941350267, 0.0, 0.0, 0.0)",10
17998,48,5,8,"(0.1043971351267771, 0.0, 0.08950620996642342, 0.09247639241939104, 0.09173902283359818, 0.0, 0.03093451253654997, 0.0, 0.0, 0.0)",4
17999,48,5,8,"(0.08829965453524319, 0.0, 0.08950620996642342, 0.09247639241939104, 0.09173902283359818, 0.0, 0.06826344941350267, 0.0, 0.0, 0.0)",360
18000,48,5,8,"(0.08829965453524319, 0.0, 0.17956722174590845, 0.12055568511541129, 0.09173902283359818, 0.0, 0.06826344941350267, 0.0, 0.0, 0.0)",3
18001,48,5,8,"(0.08829965453524319, 0.0, 0.04574369784379474, 0.09247639241939104, 0.09173902283359818, 0.0, 0.06826344941350267, 0.0, 0.0, 0.0)",2
18002,48,5,8,"(0.08829965453524319, 0.0, 0.08950620996642342, 0.16658967674252054, 0.09173902283359818, 0.0, 0.06826344941350267, 0.0, 0.0, 0.0)",3
18003,48,5,8,"(0.08829965453524319, 0.0, 0.10012197419016555, 0.08797594044182575, 0.09173902283359818, 0.0, 0.06826344941350267, 0.0, 0.0, 0.0)",3
18004,48,5,8,"(0.09888331994448096, 0.0, 0.08950620996642342, 0.09247639241939104, 0.09173902283359818, 0.0, 0.09009222100100228, 0.0, 0.0, 0.0)",10
18005,48,5,8,"(0.08829965453524319, 0.0, 0.08950620996642342, 0.09247639241939104, 0.09173902283359818, 0.0, 0.03246058390209672, 0.0, 0.0, 0.0)",4
18006,48,5,11,"(0.09033430006888621, 0.09950731712740148, 0.0, 0.0, 0.0, 0.020964175298792725, 0.0, 0.13635786553969723, 0.0, 0.016886594089372375)",3
18007,48,5,11,"(0.09033430006888621, 0.09950731712740148, 0.0, 0.0, 0.0, 0.04688669779969397, 0.0, 0.11363259115560857, 0.0, 0.031051048610206557)",2
18008,48,5,11,"(0.14632835368291067, 0.09950731712740148, 0.0, 0.0, 0.0, 0.07620715533987606, 0.0, 0.13635786553969723, 0.0, 0.031051048610206557)",3
18009,48,5,11,"(0.09033430006888621, 0.14970886995698662, 0.0, 0.0, 0.0, 0.04688669779969397, 0.0, 0.03470302763879516, 0.0, 0.03394354023314256)",1
18010,48,5,11,"(0.09033430006888621, 0.14970886995698662, 0.0, 0.0, 0.0, 0.04688669779969397, 0.0, 0.09523546217639671, 0.0, 0.031051048610206557)",160
18011,48,5,11,"(0.09033430006888621, 0.09950731712740148, 0.0, 0.0, 0.0, 0.029362691477197164, 0.0, 0.13635786553969723, 0.0, 0.031051048610206557)",1
18012,48,5,11,"(0.09033430006888621, 0.09950731712740148, 0.0, 0.0, 0.0, 0.04688669779969397, 0.0, 0.13635786553969723, 0.0, 0.031051048610206557)",268
18013,48,5,13,"(0.0, 0.0, 0.11679612853536596, 0.11566245524900162, 0.11109266959551767, 0.07489992963210028, 0.0, 0.0, 0.14899621190854193, 0.0)",49
18014,48,5,13,"(0.0, 0.0, 0.11679612853536596, 0.11566245524900162, 0.09172770611919409, 0.07489992963210028, 0.0, 0.0, 0.14899621190854193, 0.0)",101
18015,48,6,8,"(0.08829965453524319, 0.0, 0.08950620996642342, 0.1246905268699969, 0.2040042883207042, 0.0, 0.06826344941350267, 0.0, 0.0, 0.0)",1
18016,48,6,8,"(0.0618522015621557, 0.0, 0.08950620996642342, 0.08283170883628363, 0.09173902283359818, 0.0, 0.06826344941350267, 0.0, 0.0, 0.0)",2
18017,48,6,8,"(0.08829965453524319, 0.0, 0.08950620996642342, 0.04583249003604035, 0.09173902283359818, 0.0, 0.06826344941350267, 0.0, 0.0, 0.0)",1
18018,48,6,8,"(0.08829965453524319, 0.0, 0.08950620996642342, 0.09247639241939104, 0.09173902283359818, 0.0, 0.06826344941350267, 0.0, 0.0, 0.0)",399
18019,48,6,11,"(0.05595493401288263, 0.14970886995698662, 0.0, 0.0, 0.0, 0.04688669779969397, 0.0, 0.09523546217639671, 0.0, 0.031051048610206557)",145
18020,48,6,11,"(0.09033430006888621, 0.06628598276685173, 0.0, 0.0, 0.0, 0.04688669779969397, 0.0, 0.2199268715010664, 0.0, 0.031051048610206557)",2
18021,48,6,11,"(0.09033430006888621, 0.14970886995698662, 0.0, 0.0, 0.0, 0.04688669779969397, 0.0, 0.09523546217639671, 0.0, 0.031051048610206557)",78
18022,48,6,11,"(0.09033430006888621, 0.09950731712740148, 0.0, 0.0, 0.0, 0.04688669779969397, 0.0, 0.11566081627673203, 0.0, 0.031051048610206557)",1
18023,48,6,11,"(0.09033430006888621, 0.07038650464287743, 0.0, 0.0, 0.0, 0.04688669779969397, 0.0, 0.13635786553969723, 0.0, 0.031051048610206557)",2
18024,48,6,11,"(0.10227821691804427, 0.14970886995698662, 0.0, 0.0, 0.0, 0.04688669779969397, 0.0, 0.09523546217639671, 0.0, 0.031051048610206557)",1
18025,48,6,11,"(0.05595493401288263, 0.14970886995698662, 0.0, 0.0, 0.0, 0.04688669779969397, 0.0, 0.09523546217639671, 0.0, 0.032642873142388264)",1
18026,48,6,11,"(0.09033430006888621, 0.2937731342181379, 0.0, 0.0, 0.0, 0.04688669779969397, 0.0, 0.09523546217639671, 0.0, 0.031051048610206557)",3
18027,48,6,11,"(0.09033430006888621, 0.09950731712740148, 0.0, 0.0, 0.0, 0.04688669779969397, 0.0, 0.10644035889654495, 0.0, 0.031051048610206557)",1
18028,48,6,11,"(0.09033430006888621, 0.09950731712740148, 0.0, 0.0, 0.0, 0.04688669779969397, 0.0, 0.13635786553969723, 0.0, 0.031051048610206557)",195
18029,48,6,13,"(0.0, 0.0, 0.11679612853536596, 0.11566245524900162, 0.09172770611919409, 0.07489992963210028, 0.0, 0.0, 0.14899621190854193, 0.0)",150
18030,48,7,8,"(0.08829965453524319, 0.0, 0.14551031781464915, 0.09450973716389989, 0.09173902283359818, 0.0, 0.06826344941350267, 0.0, 0.0, 0.0)",1
18031,48,7,8,"(0.08829965453524319, 0.0, 0.08950620996642342, 0.09247639241939104, 0.07736316595531208, 0.0, 0.06826344941350267, 0.0, 0.0, 0.0)",1
18032,48,7,8,"(0.08829965453524319, 0.0, 0.08950620996642342, 0.10539340454432951, 0.09173902283359818, 0.0, 0.06826344941350267, 0.0, 0.0, 0.0)",4
18033,48,7,8,"(0.08829965453524319, 0.0, 0.08950620996642342, 0.09247639241939104, 0.09173902283359818, 0.0, 0.06826344941350267, 0.0, 0.0, 0.0)",290
18034,48,7,8,"(0.08829965453524319, 0.0, 0.08950620996642342, 0.10539340454432951, 0.09173902283359818, 0.0, 0.05293250933538787, 0.0, 0.0, 0.0)",1
18035,48,7,8,"(0.08829965453524319, 0.0, 0.05167429076198626, 0.09247639241939104, 0.15113257788222378, 0.0, 0.1115831018113012, 0.0, 0.0, 0.0)",10
18036,48,7,11,"(0.09033430006888621, 0.14970886995698662, 0.0, 0.0, 0.0, 0.04688669779969397, 0.0, 0.09523546217639671, 0.0, 0.031051048610206557)",37
18037,48,7,11,"(0.09033430006888621, 0.073398026275182, 0.0, 0.0, 0.0, 0.04688669779969397, 0.0, 0.13635786553969723, 0.0, 0.031051048610206557)",1
18038,48,7,11,"(0.05595493401288263, 0.14970886995698662, 0.0, 0.0, 0.0, 0.06804755963279943, 0.0, 0.09523546217639671, 0.0, 0.031051048610206557)",1
18039,48,7,11,"(0.05595493401288263, 0.14970886995698662, 0.0, 0.0, 0.0, 0.04968349061411304, 0.0, 0.09523546217639671, 0.0, 0.031051048610206557)",1
18040,48,7,11,"(0.09033430006888621, 0.15065295722414182, 0.0, 0.0, 0.0, 0.04688669779969397, 0.0, 0.09523546217639671, 0.0, 0.031051048610206557)",20
18041,48,7,11,"(0.09033430006888621, 0.09950731712740148, 0.0, 0.0, 0.0, 0.04688669779969397, 0.0, 0.13635786553969723, 0.0, 0.031051048610206557)",132
18042,48,7,11,"(0.09033430006888621, 0.0732501903586983, 0.0, 0.0, 0.0, 0.04688669779969397, 0.0, 0.13635786553969723, 0.0, 0.031051048610206557)",1
18043,48,7,11,"(0.05595493401288263, 0.14970886995698662, 0.0, 0.0, 0.0, 0.04688669779969397, 0.0, 0.09523546217639671, 0.0, 0.031051048610206557)",301
18044,48,7,11,"(0.05595493401288263, 0.14784279225335553, 0.0, 0.0, 0.0, 0.04688669779969397, 0.0, 0.09523546217639671, 0.0, 0.031051048610206557)",10
18045,48,7,11,"(0.05595493401288263, 0.14970886995698662, 0.0, 0.0, 0.0, 0.04688669779969397, 0.0, 0.08422647271319657, 0.0, 0.031051048610206557)",1
18046,48,7,11,"(0.05595493401288263, 0.14970886995698662, 0.0, 0.0, 0.0, 0.036151038731521395, 0.0, 0.09523546217639671, 0.0, 0.031051048610206557)",2
18047,48,7,13,"(0.0, 0.0, 0.11679612853536596, 0.11566245524900162, 0.09172770611919409, 0.07489992963210028, 0.0, 0.0, 0.14899621190854193, 0.0)",131
18048,48,7,13,"(0.0, 0.0, 0.11679612853536596, 0.17659433710854763, 0.1526628576101901, 0.07489992963210028, 0.0, 0.0, 0.14899621190854193, 0.0)",1
18049,48,8,8,"(0.08829965453524319, 0.0, 0.08950620996642342, 0.05795824633659981, 0.059481004656362274, 0.0, 0.05760054478602594, 0.0, 0.0, 0.0)",1
18050,48,8,8,"(0.055274105708895974, 0.0, 0.08950620996642342, 0.09247639241939104, 0.039165163876486664, 0.0, 0.06826344941350267, 0.0, 0.0, 0.0)",1
18051,48,8,8,"(0.08829965453524319, 0.0, 0.08950620996642342, 0.033789303133677936, 0.09173902283359818, 0.0, 0.0595071413917149, 0.0, 0.0, 0.0)",2
18052,48,8,8,"(0.08829965453524319, 0.0, 0.08950620996642342, 0.09247639241939104, 0.09173902283359818, 0.0, 0.06826344941350267, 0.0, 0.0, 0.0)",341
18053,48,8,11,"(0.10581084316611636, 0.1894166441623211, 0.0, 0.0, 0.0, 0.04688669779969397, 0.0, 0.09523546217639671, 0.0, 0.031051048610206557)",1
18054,48,8,11,"(0.09033430006888621, 0.09950731712740148, 0.0, 0.0, 0.0, 0.04688669779969397, 0.0, 0.12516435212458357, 0.0, 0.031051048610206557)",2
18055,48,8,11,"(0.05595493401288263, 0.14970886995698662, 0.0, 0.0, 0.0, 0.04688669779969397, 0.0, 0.09523546217639671, 0.0, 0.031051048610206557)",97
18056,48,8,11,"(0.05595493401288263, 0.14970886995698662, 0.0, 0.0, 0.0, 0.04885961776464933, 0.0, 0.10449357967372455, 0.0, 0.031051048610206557)",1
18057,48,8,11,"(0.06608732488997711, 0.12887015829706266, 0.0, 0.0, 0.0, 0.04688669779969397, 0.0, 0.13635786553969723, 0.0, 0.031051048610206557)",1
18058,48,8,11,"(0.09033430006888621, 0.14970886995698662, 0.0, 0.0, 0.0, 0.04688669779969397, 0.0, 0.09523546217639671, 0.0, 0.031051048610206557)",93
18059,48,8,11,"(0.09033430006888621, 0.09950731712740148, 0.0, 0.0, 0.0, 0.04688669779969397, 0.0, 0.0704715024050914, 0.0, 0.031051048610206557)",1
18060,48,8,11,"(0.09033430006888621, 0.09950731712740148, 0.0, 0.0, 0.0, 0.04688669779969397, 0.0, 0.13635786553969723, 0.0, 0.031051048610206557)",232
18061,48,8,11,"(0.06925642628747669, 0.14970886995698662, 0.0, 0.0, 0.0, 0.04688669779969397, 0.0, 0.16583566532284724, 0.0, 0.031051048610206557)",1
18062,48,8,11,"(0.14740011127064598, 0.12599878848356594, 0.0, 0.0, 0.0, 0.04688669779969397, 0.0, 0.23198961457207734, 0.0, 0.023049399458935835)",2
18063,48,8,11,"(0.09033430006888621, 0.09950731712740148, 0.0, 0.0, 0.0, 0.04688669779969397, 0.0, 0.19540836621905902, 0.0, 0.031051048610206557)",1
18064,48,8,11,"(0.09033430006888621, 0.09950731712740148, 0.0, 0.0, 0.0, 0.04688669779969397, 0.0, 0.13635786553969723, 0.0, 0.01764027019836504)",1
18065,48,8,11,"(0.10535799036607864, 0.1443248941618584, 0.0, 0.0, 0.0, 0.04688669779969397, 0.0, 0.13635786553969723, 0.0, 0.031051048610206557)",1
18066,48,8,11,"(0.0749180553103753, 0.09950731712740148, 0.0, 0.0, 0.0, 0.04688669779969397, 0.0, 0.13635786553969723, 0.0, 0.031051048610206557)",1
18067,48,8,13,"(0.0, 0.0, 0.11679612853536596, 0.11566245524900162, 0.07935770266369196, 0.06618344835573187, 0.0, 0.0, 0.14899621190854193, 0.0)",2
18068,48,8,13,"(0.0, 0.0, 0.11679612853536596, 0.11566245524900162, 0.09172770611919409, 0.047432024970450945, 0.0, 0.0, 0.14899621190854193, 0.0)",1
18069,48,8,13,"(0.0, 0.0, 0.11679612853536596, 0.11566245524900162, 0.09172770611919409, 0.07489992963210028, 0.0, 0.0, 0.14899621190854193, 0.0)",151
18070,48,9,8,"(0.08829965453524319, 0.0, 0.08950620996642342, 0.09247639241939104, 0.09173902283359818, 0.0, 0.06826344941350267, 0.0, 0.0, 0.0)",224
18071,48,9,8,"(0.09781359499694187, 0.0, 0.09520788529955507, 0.09247639241939104, 0.09173902283359818, 0.0, 0.06826344941350267, 0.0, 0.0, 0.0)",2
18072,48,9,8,"(0.08829965453524319, 0.0, 0.04516910194187278, 0.09247639241939104, 0.09173902283359818, 0.0, 0.06826344941350267, 0.0, 0.0, 0.0)",9
18073,48,9,8,"(0.08829965453524319, 0.0, 0.08950620996642342, 0.09247639241939104, 0.07551969728524052, 0.0, 0.1828255538503215, 0.0, 0.0, 0.0)",2
18074,48,9,8,"(0.11614160996269024, 0.0, 0.08950620996642342, 0.09247639241939104, 0.09173902283359818, 0.0, 0.06826344941350267, 0.0, 0.0, 0.0)",1
18075,48,9,8,"(0.10208477549162939, 0.0, 0.08950620996642342, 0.09247639241939104, 0.09173902283359818, 0.0, 0.06826344941350267, 0.0, 0.0, 0.0)",2
18076,48,9,8,"(0.12341694511093491, 0.0, 0.08950620996642342, 0.09247639241939104, 0.09173902283359818, 0.0, 0.05228628486006166, 0.0, 0.0, 0.0)",4
18077,48,9,8,"(0.08829965453524319, 0.0, 0.08950620996642342, 0.09247639241939104, 0.0924623949635824, 0.0, 0.06826344941350267, 0.0, 0.0, 0.0)",19
18078,48,9,11,"(0.09033430006888621, 0.14970886995698662, 0.0, 0.0, 0.0, 0.04637568931344803, 0.0, 0.09523546217639671, 0.0, 0.031051048610206557)",1
18079,48,9,11,"(0.09033430006888621, 0.09950731712740148, 0.0, 0.0, 0.0, 0.04688669779969397, 0.0, 0.13635786553969723, 0.0, 0.031051048610206557)",225
18080,48,9,11,"(0.09033430006888621, 0.14789257043396054, 0.0, 0.0, 0.0, 0.04688669779969397, 0.0, 0.09523546217639671, 0.0, 0.031051048610206557)",1
18081,48,9,11,"(0.09033430006888621, 0.14970886995698662, 0.0, 0.0, 0.0, 0.0775070872390934, 0.0, 0.09523546217639671, 0.0, 0.03998584504313026)",1
18082,48,9,11,"(0.09033430006888621, 0.14970886995698662, 0.0, 0.0, 0.0, 0.04688669779969397, 0.0, 0.09523546217639671, 0.0, 0.031051048610206557)",358
18083,48,9,13,"(0.0, 0.0, 0.11679612853536596, 0.11566245524900162, 0.09172770611919409, 0.07489992963210028, 0.0, 0.0, 0.14899621190854193, 0.0)",118
18084,48,9,13,"(0.0, 0.0, 0.11679612853536596, 0.0685753617156956, 0.12563375969832874, 0.0631089577892953, 0.0, 0.0, 0.14899621190854193, 0.0)",1
18085,48,9,13,"(0.0, 0.0, 0.0879686747437539, 0.11566245524900162, 0.09399969046512256, 0.07489992963210028, 0.0, 0.0, 0.14899621190854193, 0.0)",4
18086,48,9,13,"(0.0, 0.0, 0.11679612853536596, 0.11566245524900162, 0.11109266959551767, 0.07489992963210028, 0.0, 0.0, 0.14899621190854193, 0.0)",26
18087,48,10,8,"(0.08829965453524319, 0.0, 0.08950620996642342, 0.16824949064433997, 0.09173902283359818, 0.0, 0.06826344941350267, 0.0, 0.0, 0.0)",3
18088,48,10,8,"(0.08829965453524319, 0.0, 0.11496624667340109, 0.09247639241939104, 0.09173902283359818, 0.0, 0.06826344941350267, 0.0, 0.0, 0.0)",1
18089,48,10,8,"(0.08829965453524319, 0.0, 0.08950620996642342, 0.09247639241939104, 0.09173902283359818, 0.0, 0.03478656857931993, 0.0, 0.0, 0.0)",1
18090,48,10,8,"(0.08829965453524319, 0.0, 0.08950620996642342, 0.09247639241939104, 0.09173902283359818, 0.0, 0.06826344941350267, 0.0, 0.0, 0.0)",285
18091,48,10,8,"(0.08829965453524319, 0.0, 0.08950620996642342, 0.18549936772103773, 0.09173902283359818, 0.0, 0.06826344941350267, 0.0, 0.0, 0.0)",1
18092,48,10,8,"(0.08829965453524319, 0.0, 0.08950620996642342, 0.09247639241939104, 0.1275287791144082, 0.0, 0.06826344941350267, 0.0, 0.0, 0.0)",1
18093,48,10,8,"(0.08829965453524319, 0.0, 0.06053828684941233, 0.09247639241939104, 0.2443697156388683, 0.0, 0.09151235673335462, 0.0, 0.0, 0.0)",1
18094,48,10,11,"(0.09033430006888621, 0.07867472072884084, 0.0, 0.0, 0.0, 0.04688669779969397, 0.0, 0.06616443672348671, 0.0, 0.031051048610206557)",19
18095,48,10,11,"(0.09033430006888621, 0.14970886995698662, 0.0, 0.0, 0.0, 0.04688669779969397, 0.0, 0.09523546217639671, 0.0, 0.031051048610206557)",153
18096,48,10,11,"(0.09033430006888621, 0.0981672589564707, 0.0, 0.0, 0.0, 0.04688669779969397, 0.0, 0.15419348147340659, 0.0, 0.031051048610206557)",1
18097,48,10,11,"(0.09033430006888621, 0.14970886995698662, 0.0, 0.0, 0.0, 0.04688669779969397, 0.0, 0.17415345425979015, 0.0, 0.031051048610206557)",1
18098,48,10,11,"(0.09033430006888621, 0.09950731712740148, 0.0, 0.0, 0.0, 0.04688669779969397, 0.0, 0.1704149357430704, 0.0, 0.031051048610206557)",2
18099,48,10,11,"(0.09033430006888621, 0.161403143660754, 0.0, 0.0, 0.0, 0.04688669779969397, 0.0, 0.06157091333862836, 0.0, 0.031051048610206557)",1
18100,48,10,11,"(0.09033430006888621, 0.13653230533627406, 0.0, 0.0, 0.0, 0.04688669779969397, 0.0, 0.13635786553969723, 0.0, 0.031051048610206557)",1
18101,48,10,11,"(0.09033430006888621, 0.09950731712740148, 0.0, 0.0, 0.0, 0.04688669779969397, 0.0, 0.13635786553969723, 0.0, 0.037597594419984726)",1
18102,48,10,11,"(0.09033430006888621, 0.09950731712740148, 0.0, 0.0, 0.0, 0.0350965081447576, 0.0, 0.13635786553969723, 0.0, 0.06781453378917962)",2
18103,48,10,11,"(0.10334028673761342, 0.09950731712740148, 0.0, 0.0, 0.0, 0.04688669779969397, 0.0, 0.13635786553969723, 0.0, 0.031051048610206557)",2
18104,48,10,11,"(0.09033430006888621, 0.09950731712740148, 0.0, 0.0, 0.0, 0.04688669779969397, 0.0, 0.13635786553969723, 0.0, 0.031051048610206557)",341
18105,48,10,13,"(0.0, 0.0, 0.11679612853536596, 0.07944707010076252, 0.09172770611919409, 0.07489992963210028, 0.0, 0.0, 0.14899621190854193, 0.0)",1
18106,48,10,13,"(0.0, 0.0, 0.11679612853536596, 0.11566245524900162, 0.09172770611919409, 0.07489992963210028, 0.0, 0.0, 0.14899621190854193, 0.0)",134
18107,48,11,8,"(0.08829965453524319, 0.0, 0.08063823192287999, 0.09247639241939104, 0.09173902283359818, 0.0, 0.06826344941350267, 0.0, 0.0, 0.0)",3
18108,48,11,8,"(0.08829965453524319, 0.0, 0.08950620996642342, 0.09247639241939104, 0.09173902283359818, 0.0, 0.04745264961209056, 0.0, 0.0, 0.0)",1
18109,48,11,8,"(0.08829965453524319, 0.0, 0.08950620996642342, 0.09247639241939104, 0.09173902283359818, 0.0, 0.06826344941350267, 0.0, 0.0, 0.0)",345
18110,48,11,11,"(0.11188734499774003, 0.10400079018736741, 0.0, 0.0, 0.0, 0.04688669779969397, 0.0, 0.09523546217639671, 0.0, 0.031051048610206557)",1
18111,48,11,11,"(0.03676391660686839, 0.29026652028277417, 0.0, 0.0, 0.0, 0.04688669779969397, 0.0, 0.09523546217639671, 0.0, 0.031051048610206557)",1
18112,48,11,11,"(0.09033430006888621, 0.09950731712740148, 0.0, 0.0, 0.0, 0.04688669779969397, 0.0, 0.11525465570952498, 0.0, 0.031051048610206557)",3
18113,48,11,11,"(0.09033430006888621, 0.14970886995698662, 0.0, 0.0, 0.0, 0.04688669779969397, 0.0, 0.09523546217639671, 0.0, 0.031051048610206557)",237
18114,48,11,11,"(0.09033430006888621, 0.08182129987387052, 0.0, 0.0, 0.0, 0.04688669779969397, 0.0, 0.09523546217639671, 0.0, 0.04073161958518358)",2
18115,48,11,11,"(0.09033430006888621, 0.14970886995698662, 0.0, 0.0, 0.0, 0.04688669779969397, 0.0, 0.043704843427566524, 0.0, 0.031051048610206557)",2
18116,48,11,11,"(0.11356595476722547, 0.09950731712740148, 0.0, 0.0, 0.0, 0.04688669779969397, 0.0, 0.08828687384140164, 0.0, 0.031051048610206557)",1
18117,48,11,11,"(0.09033430006888621, 0.14970886995698662, 0.0, 0.0, 0.0, 0.05988110267628302, 0.0, 0.09523546217639671, 0.0, 0.031051048610206557)",1
18118,48,11,11,"(0.09033430006888621, 0.09950731712740148, 0.0, 0.0, 0.0, 0.04688669779969397, 0.0, 0.13635786553969723, 0.0, 0.031051048610206557)",234
18119,48,11,13,"(0.0, 0.0, 0.1330248072491053, 0.11566245524900162, 0.09172770611919409, 0.07489992963210028, 0.0, 0.0, 0.14899621190854193, 0.0)",1
18120,48,11,13,"(0.0, 0.0, 0.11679612853536596, 0.15219213848021032, 0.17092805343189613, 0.0596501891972455, 0.0, 0.0, 0.14899621190854193, 0.0)",1
18121,48,11,13,"(0.0, 0.0, 0.11679612853536596, 0.11566245524900162, 0.11109266959551767, 0.07489992963210028, 0.0, 0.0, 0.14899621190854193, 0.0)",26
18122,48,11,13,"(0.0, 0.0, 0.11679612853536596, 0.11566245524900162, 0.09172770611919409, 0.05368392795546395, 0.0, 0.0, 0.14899621190854193, 0.0)",10
18123,48,11,13,"(0.0, 0.0, 0.11679612853536596, 0.11566245524900162, 0.09172770611919409, 0.07489992963210028, 0.0, 0.0, 0.1831552046424869, 0.0)",4
18124,48,11,13,"(0.0, 0.0, 0.11679612853536596, 0.11566245524900162, 0.09172770611919409, 0.07489992963210028, 0.0, 0.0, 0.14899621190854193, 0.0)",103
18125,48,12,8,"(0.10416911711583463, 0.0, 0.08950620996642342, 0.09247639241939104, 0.09173902283359818, 0.0, 0.06826344941350267, 0.0, 0.0, 0.0)",1
18126,48,12,8,"(0.08829965453524319, 0.0, 0.08950620996642342, 0.09247639241939104, 0.09173902283359818, 0.0, 0.06826344941350267, 0.0, 0.0, 0.0)",359
18127,48,12,8,"(0.08829965453524319, 0.0, 0.0669422041897075, 0.09247639241939104, 0.09173902283359818, 0.0, 0.06826344941350267, 0.0, 0.0, 0.0)",1
18128,48,12,8,"(0.08829965453524319, 0.0, 0.057648408121602074, 0.09247639241939104, 0.09173902283359818, 0.0, 0.06826344941350267, 0.0, 0.0, 0.0)",5
18129,48,12,11,"(0.05595493401288263, 0.14970886995698662, 0.0, 0.0, 0.0, 0.04688669779969397, 0.0, 0.09523546217639671, 0.0, 0.02312507271081651)",1
18130,48,12,11,"(0.09033430006888621, 0.09950731712740148, 0.0, 0.0, 0.0, 0.04688669779969397, 0.0, 0.13635786553969723, 0.0, 0.031051048610206557)",154
18131,48,12,11,"(0.09033430006888621, 0.09950731712740148, 0.0, 0.0, 0.0, 0.04688669779969397, 0.0, 0.13635786553969723, 0.0, 0.023908820727569686)",1
18132,48,12,11,"(0.09033430006888621, 0.09950731712740148, 0.0, 0.0, 0.0, 0.04688669779969397, 0.0, 0.13635786553969723, 0.0, 0.02510385292686803)",2
18133,48,12,11,"(0.05595493401288263, 0.12920893484274965, 0.0, 0.0, 0.0, 0.04688669779969397, 0.0, 0.09523546217639671, 0.0, 0.031051048610206557)",3
18134,48,12,11,"(0.05595493401288263, 0.14970886995698662, 0.0, 0.0, 0.0, 0.04688669779969397, 0.0, 0.09523546217639671, 0.0, 0.031051048610206557)",343
18135,48,12,11,"(0.05595493401288263, 0.16764535494791746, 0.0, 0.0, 0.0, 0.04688669779969397, 0.0, 0.09523546217639671, 0.0, 0.031051048610206557)",1
18136,48,12,11,"(0.04988230797723353, 0.14970886995698662, 0.0, 0.0, 0.0, 0.03032357733692491, 0.0, 0.09523546217639671, 0.0, 0.03722890036557337)",11
18137,48,12,11,"(0.0943702635713698, 0.14970886995698662, 0.0, 0.0, 0.0, 0.04688669779969397, 0.0, 0.09664589276880635, 0.0, 0.031051048610206557)",2
18138,48,12,13,"(0.0, 0.0, 0.11679612853536596, 0.11566245524900162, 0.09172770611919409, 0.07489992963210028, 0.0, 0.0, 0.14899621190854193, 0.0)",154
18139,48,12,13,"(0.0, 0.0, 0.11679612853536596, 0.11566245524900162, 0.09172770611919409, 0.07489992963210028, 0.0, 0.0, 0.082983015583591, 0.0)",1
18140,48,12,13,"(0.0, 0.0, 0.10941824627614251, 0.11566245524900162, 0.09172770611919409, 0.07489992963210028, 0.0, 0.0, 0.14899621190854193, 0.0)",1
18141,48,13,8,"(0.06448500357381223, 0.0, 0.08950620996642342, 0.09247639241939104, 0.09173902283359818, 0.0, 0.06826344941350267, 0.0, 0.0, 0.0)",2
18142,48,13,8,"(0.060289751479200376, 0.0, 0.08950620996642342, 0.09247639241939104, 0.09173902283359818, 0.0, 0.06826344941350267, 0.0, 0.0, 0.0)",2
18143,48,13,8,"(0.08829965453524319, 0.0, 0.08950620996642342, 0.09247639241939104, 0.09173902283359818, 0.0, 0.06826344941350267, 0.0, 0.0, 0.0)",310
18144,48,13,8,"(0.08829965453524319, 0.0, 0.08950620996642342, 0.06587400518240363, 0.09173902283359818, 0.0, 0.06826344941350267, 0.0, 0.0, 0.0)",1
18145,48,13,11,"(0.09033430006888621, 0.09950731712740148, 0.0, 0.0, 0.0, 0.04688669779969397, 0.0, 0.13635786553969723, 0.0, 0.031051048610206557)",219
18146,48,13,11,"(0.05595493401288263, 0.14970886995698662, 0.0, 0.0, 0.0, 0.02294564405574104, 0.0, 0.09523546217639671, 0.0, 0.031051048610206557)",1
18147,48,13,11,"(0.05595493401288263, 0.14970886995698662, 0.0, 0.0, 0.0, 0.047269031310673004, 0.0, 0.09523546217639671, 0.0, 0.031051048610206557)",1
18148,48,13,11,"(0.05595493401288263, 0.14970886995698662, 0.0, 0.0, 0.0, 0.04769054449849238, 0.0, 0.09523546217639671, 0.0, 0.031051048610206557)",1
18149,48,13,11,"(0.10423911213072466, 0.14970886995698662, 0.0, 0.0, 0.0, 0.050010957978194985, 0.0, 0.09523546217639671, 0.0, 0.031051048610206557)",13
18150,48,13,11,"(0.09033430006888621, 0.09950731712740148, 0.0, 0.0, 0.0, 0.057473807959212364, 0.0, 0.13635786553969723, 0.0, 0.031051048610206557)",2
18151,48,13,11,"(0.05595493401288263, 0.14970886995698662, 0.0, 0.0, 0.0, 0.04688669779969397, 0.0, 0.09523546217639671, 0.0, 0.031051048610206557)",294
18152,48,13,11,"(0.07686040056988953, 0.09675135298588375, 0.0, 0.0, 0.0, 0.04688669779969397, 0.0, 0.13205240292092793, 0.0, 0.031051048610206557)",1
18153,48,13,13,"(0.0, 0.0, 0.1319216376597743, 0.11566245524900162, 0.09172770611919409, 0.04384478605906639, 0.0, 0.0, 0.14899621190854193, 0.0)",14
18154,48,13,13,"(0.0, 0.0, 0.11679612853536596, 0.11566245524900162, 0.09172770611919409, 0.05928008837540955, 0.0, 0.0, 0.14899621190854193, 0.0)",4
18155,48,13,13,"(0.0, 0.0, 0.11679612853536596, 0.1409959682299565, 0.09172770611919409, 0.07489992963210028, 0.0, 0.0, 0.14899621190854193, 0.0)",3
18156,48,13,13,"(0.0, 0.0, 0.11679612853536596, 0.11566245524900162, 0.09172770611919409, 0.07489992963210028, 0.0, 0.0, 0.14899621190854193, 0.0)",108
18157,48,14,8,"(0.08829965453524319, 0.0, 0.08950620996642342, 0.09247639241939104, 0.05089550858226893, 0.0, 0.06826344941350267, 0.0, 0.0, 0.0)",23
18158,48,14,8,"(0.13867890295099652, 0.0, 0.09653779783137634, 0.09247639241939104, 0.09173902283359818, 0.0, 0.06826344941350267, 0.0, 0.0, 0.0)",1
18159,48,14,8,"(0.08829965453524319, 0.0, 0.08950620996642342, 0.09247639241939104, 0.09173902283359818, 0.0, 0.06826344941350267, 0.0, 0.0, 0.0)",279
18160,48,14,8,"(0.08829965453524319, 0.0, 0.08950620996642342, 0.09247639241939104, 0.09173902283359818, 0.0, 0.08163015983711396, 0.0, 0.0, 0.0)",1
18161,48,14,11,"(0.09033430006888621, 0.09950731712740148, 0.0, 0.0, 0.0, 0.04688669779969397, 0.0, 0.08562367370338267, 0.0, 0.031051048610206557)",2
18162,48,14,11,"(0.06107641809606743, 0.14970886995698662, 0.0, 0.0, 0.0, 0.04688669779969397, 0.0, 0.09523546217639671, 0.0, 0.031051048610206557)",2
18163,48,14,11,"(0.09033430006888621, 0.09950731712740148, 0.0, 0.0, 0.0, 0.04688669779969397, 0.0, 0.13635786553969723, 0.0, 0.031051048610206557)",214
18164,48,14,11,"(0.09640573461301231, 0.09950731712740148, 0.0, 0.0, 0.0, 0.08912248810073357, 0.0, 0.13635786553969723, 0.0, 0.031051048610206557)",2
18165,48,14,11,"(0.05595493401288263, 0.14970886995698662, 0.0, 0.0, 0.0, 0.04688669779969397, 0.0, 0.09523546217639671, 0.0, 0.031051048610206557)",317
18166,48,14,11,"(0.12426049006199089, 0.09950731712740148, 0.0, 0.0, 0.0, 0.04688669779969397, 0.0, 0.13635786553969723, 0.0, 0.031051048610206557)",2
18167,48,14,11,"(0.05595493401288263, 0.1234332756319133, 0.0, 0.0, 0.0, 0.04688669779969397, 0.0, 0.09523546217639671, 0.0, 0.031051048610206557)",3
18168,48,14,11,"(0.07443852784741097, 0.20126040718023966, 0.0, 0.0, 0.0, 0.04688669779969397, 0.0, 0.09523546217639671, 0.0, 0.031051048610206557)",1
18169,48,14,11,"(0.09033430006888621, 0.09950731712740148, 0.0, 0.0, 0.0, 0.04688669779969397, 0.0, 0.18300691538964897, 0.0, 0.031051048610206557)",1
18170,48,14,11,"(0.08306853746312512, 0.14970886995698662, 0.0, 0.0, 0.0, 0.04688669779969397, 0.0, 0.09523546217639671, 0.0, 0.031051048610206557)",1
18171,48,14,11,"(0.05595493401288263, 0.25719687059357377, 0.0, 0.0, 0.0, 0.04688669779969397, 0.0, 0.09796302189397647, 0.0, 0.031051048610206557)",1
18172,48,14,11,"(0.09033430006888621, 0.14970886995698662, 0.0, 0.0, 0.0, 0.04688669779969397, 0.0, 0.09523546217639671, 0.0, 0.031051048610206557)",36
18173,48,14,11,"(0.05595493401288263, 0.14970886995698662, 0.0, 0.0, 0.0, 0.04688669779969397, 0.0, 0.10970466576981022, 0.0, 0.025320786789506177)",2
18174,48,14,11,"(0.05595493401288263, 0.14970886995698662, 0.0, 0.0, 0.0, 0.04688669779969397, 0.0, 0.09523546217639671, 0.0, 0.06194675280649426)",1
18175,48,14,11,"(0.09033430006888621, 0.11144712225947528, 0.0, 0.0, 0.0, 0.04688669779969397, 0.0, 0.13635786553969723, 0.0, 0.031051048610206557)",1
18176,48,14,13,"(0.0, 0.0, 0.11679612853536596, 0.11566245524900162, 0.09172770611919409, 0.06579139092951926, 0.0, 0.0, 0.14899621190854193, 0.0)",1
18177,48,14,13,"(0.0, 0.0, 0.11679612853536596, 0.11566245524900162, 0.09172770611919409, 0.17725022192389353, 0.0, 0.0, 0.14899621190854193, 0.0)",1
18178,48,14,13,"(0.0, 0.0, 0.11679612853536596, 0.11566245524900162, 0.09172770611919409, 0.07489992963210028, 0.0, 0.0, 0.14899621190854193, 0.0)",160
18179,48,15,8,"(0.08829965453524319, 0.0, 0.25037286689810223, 0.09247639241939104, 0.0803893632380949, 0.0, 0.06826344941350267, 0.0, 0.0, 0.0)",7
18180,48,15,8,"(0.08829965453524319, 0.0, 0.08950620996642342, 0.13890788356180953, 0.09173902283359818, 0.0, 0.06826344941350267, 0.0, 0.0, 0.0)",1
18181,48,15,8,"(0.08829965453524319, 0.0, 0.08950620996642342, 0.09247639241939104, 0.09173902283359818, 0.0, 0.06826344941350267, 0.0, 0.0, 0.0)",273
18182,48,15,8,"(0.08829965453524319, 0.0, 0.08950620996642342, 0.09247639241939104, 0.09173902283359818, 0.0, 0.07085527151960076, 0.0, 0.0, 0.0)",1
18183,48,15,8,"(0.05308023638177081, 0.0, 0.08950620996642342, 0.08011682421941463, 0.09173902283359818, 0.0, 0.06826344941350267, 0.0, 0.0, 0.0)",2
18184,48,15,8,"(0.08829965453524319, 0.0, 0.08950620996642342, 0.1699123669558347, 0.09173902283359818, 0.0, 0.06826344941350267, 0.0, 0.0, 0.0)",1
18185,48,15,11,"(0.09033430006888621, 0.14970886995698662, 0.0, 0.0, 0.0, 0.04688669779969397, 0.0, 0.048491875781407116, 0.0, 0.031051048610206557)",1
18186,48,15,11,"(0.05595493401288263, 0.14970886995698662, 0.0, 0.0, 0.0, 0.04688669779969397, 0.0, 0.07324630333446729, 0.0, 0.031051048610206557)",2
18187,48,15,11,"(0.09033430006888621, 0.14970886995698662, 0.0, 0.0, 0.0, 0.04688669779969397, 0.0, 0.09523546217639671, 0.0, 0.031051048610206557)",159
18188,48,15,11,"(0.09033430006888621, 0.09950731712740148, 0.0, 0.0, 0.0, 0.04688669779969397, 0.0, 0.13635786553969723, 0.0, 0.02519567461515196)",2
18189,48,15,11,"(0.06416712169105002, 0.14970886995698662, 0.0, 0.0, 0.0, 0.049680430576739654, 0.0, 0.09523546217639671, 0.0, 0.031051048610206557)",1
18190,48,15,11,"(0.11105187598362047, 0.14970886995698662, 0.0, 0.0, 0.0, 0.03856208331045173, 0.0, 0.09523546217639671, 0.0, 0.031051048610206557)",1
18191,48,15,11,"(0.05595493401288263, 0.14970886995698662, 0.0, 0.0, 0.0, 0.04688669779969397, 0.0, 0.09523546217639671, 0.0, 0.031051048610206557)",164
18192,48,15,11,"(0.08008549570880369, 0.20850738370145663, 0.0, 0.0, 0.0, 0.04688669779969397, 0.0, 0.09523546217639671, 0.0, 0.031051048610206557)",2
18193,48,15,11,"(0.09033430006888621, 0.09950731712740148, 0.0, 0.0, 0.0, 0.04688669779969397, 0.0, 0.1716844839775811, 0.0, 0.031051048610206557)",7
18194,48,15,11,"(0.0567558304085031, 0.09950731712740148, 0.0, 0.0, 0.0, 0.04688669779969397, 0.0, 0.13635786553969723, 0.0, 0.031051048610206557)",17
18195,48,15,11,"(0.16095550462828045, 0.09950731712740148, 0.0, 0.0, 0.0, 0.04688669779969397, 0.0, 0.13635786553969723, 0.0, 0.031051048610206557)",2
18196,48,15,11,"(0.05595493401288263, 0.14970886995698662, 0.0, 0.0, 0.0, 0.049680430576739654, 0.0, 0.09523546217639671, 0.0, 0.031051048610206557)",59
18197,48,15,11,"(0.09033430006888621, 0.09950731712740148, 0.0, 0.0, 0.0, 0.04688669779969397, 0.0, 0.13635786553969723, 0.0, 0.031051048610206557)",118
18198,48,15,13,"(0.0, 0.0, 0.11679612853536596, 0.11566245524900162, 0.05672094688145556, 0.07489992963210028, 0.0, 0.0, 0.14899621190854193, 0.0)",2
18199,48,15,13,"(0.0, 0.0, 0.11679612853536596, 0.11566245524900162, 0.09172770611919409, 0.07489992963210028, 0.0, 0.0, 0.14899621190854193, 0.0)",157
18200,48,16,8,"(0.08829965453524319, 0.0, 0.09135847943582777, 0.09247639241939104, 0.11253680362872402, 0.0, 0.07778897303700184, 0.0, 0.0, 0.0)",1
18201,48,16,8,"(0.08829965453524319, 0.0, 0.08950620996642342, 0.09247639241939104, 0.09173902283359818, 0.0, 0.06826344941350267, 0.0, 0.0, 0.0)",323
18202,48,16,8,"(0.08829965453524319, 0.0, 0.08950620996642342, 0.1189955701440766, 0.05916822009712055, 0.0, 0.06826344941350267, 0.0, 0.0, 0.0)",10
18203,48,16,11,"(0.05595493401288263, 0.14970886995698662, 0.0, 0.0, 0.0, 0.04688669779969397, 0.0, 0.09523546217639671, 0.0, 0.031051048610206557)",115
18204,48,16,11,"(0.05595493401288263, 0.14970886995698662, 0.0, 0.0, 0.0, 0.04688669779969397, 0.0, 0.11438735987552887, 0.0, 0.031051048610206557)",1
18205,48,16,11,"(0.09033430006888621, 0.09950731712740148, 0.0, 0.0, 0.0, 0.08781788676112395, 0.0, 0.13635786553969723, 0.0, 0.031051048610206557)",2
18206,48,16,11,"(0.05595493401288263, 0.14970886995698662, 0.0, 0.0, 0.0, 0.038380020862711, 0.0, 0.09523546217639671, 0.0, 0.031051048610206557)",2
18207,48,16,11,"(0.09033430006888621, 0.14970886995698662, 0.0, 0.0, 0.0, 0.02613835338415346, 0.0, 0.09523546217639671, 0.0, 0.031051048610206557)",1
18208,48,16,11,"(0.09033430006888621, 0.14973881041994389, 0.0, 0.0, 0.0, 0.04688669779969397, 0.0, 0.13635786553969723, 0.0, 0.031051048610206557)",1
18209,48,16,11,"(0.05595493401288263, 0.18247872890847003, 0.0, 0.0, 0.0, 0.06778703693000276, 0.0, 0.09523546217639671, 0.0, 0.04814900061745197)",1
18210,48,16,11,"(0.09033430006888621, 0.0531455460940834, 0.0, 0.0, 0.0, 0.030707566993090667, 0.0, 0.13635786553969723, 0.0, 0.031051048610206557)",1
18211,48,16,11,"(0.09033430006888621, 0.14970886995698662, 0.0, 0.0, 0.0, 0.04688669779969397, 0.0, 0.09523546217639671, 0.0, 0.031051048610206557)",155
18212,48,16,11,"(0.05595493401288263, 0.14970886995698662, 0.0, 0.0, 0.0, 0.049680430576739654, 0.0, 0.09523546217639671, 0.0, 0.031051048610206557)",22
18213,48,16,11,"(0.09033430006888621, 0.14970886995698662, 0.0, 0.0, 0.0, 0.04688669779969397, 0.0, 0.09523546217639671, 0.0, 0.02568042474722833)",1
18214,48,16,11,"(0.09033430006888621, 0.09950731712740148, 0.0, 0.0, 0.0, 0.04688669779969397, 0.0, 0.13635786553969723, 0.0, 0.031051048610206557)",112
18215,48,16,11,"(0.05595493401288263, 0.14970886995698662, 0.0, 0.0, 0.0, 0.04688669779969397, 0.0, 0.09523546217639671, 0.0, 0.012604234362354852)",1
18216,48,16,11,"(0.06685999230833822, 0.14970886995698662, 0.0, 0.0, 0.0, 0.04688669779969397, 0.0, 0.09523546217639671, 0.0, 0.031051048610206557)",2
18217,48,16,13,"(0.0, 0.0, 0.11679612853536596, 0.11566245524900162, 0.09172770611919409, 0.07489992963210028, 0.0, 0.0, 0.14899621190854193, 0.0)",130
18218,48,16,13,"(0.0, 0.0, 0.12599764378476797, 0.11566245524900162, 0.08132040598641903, 0.07489992963210028, 0.0, 0.0, 0.14899621190854193, 0.0)",1
18219,48,16,13,"(0.0, 0.0, 0.11679612853536596, 0.11566245524900162, 0.09172770611919409, 0.0602483249452802, 0.0, 0.0, 0.14899621190854193, 0.0)",26
18220,48,16,13,"(0.0, 0.0, 0.13376412859855474, 0.11566245524900162, 0.09172770611919409, 0.07489992963210028, 0.0, 0.0, 0.14899621190854193, 0.0)",2
18221,48,17,8,"(0.08829965453524319, 0.0, 0.08950620996642342, 0.09247639241939104, 0.13557463366478234, 0.0, 0.06826344941350267, 0.0, 0.0, 0.0)",1
18222,48,17,8,"(0.08829965453524319, 0.0, 0.08950620996642342, 0.09247639241939104, 0.09173902283359818, 0.0, 0.08445286714041174, 0.0, 0.0, 0.0)",1
18223,48,17,8,"(0.08829965453524319, 0.0, 0.08950620996642342, 0.09247639241939104, 0.09173902283359818, 0.0, 0.06826344941350267, 0.0, 0.0, 0.0)",318
18224,48,17,11,"(0.09033430006888621, 0.09950731712740148, 0.0, 0.0, 0.0, 0.04331437275888816, 0.0, 0.13635786553969723, 0.0, 0.031051048610206557)",1
18225,48,17,11,"(0.05595493401288263, 0.2927665157408118, 0.0, 0.0, 0.0, 0.049680430576739654, 0.0, 0.09523546217639671, 0.0, 0.031051048610206557)",4
18226,48,17,11,"(0.0567558304085031, 0.09950731712740148, 0.0, 0.0, 0.0, 0.04688669779969397, 0.0, 0.13635786553969723, 0.0, 0.031051048610206557)",53
18227,48,17,11,"(0.05595493401288263, 0.14970886995698662, 0.0, 0.0, 0.0, 0.05468636255251819, 0.0, 0.09523546217639671, 0.0, 0.031051048610206557)",1
18228,48,17,11,"(0.05577197747487912, 0.14970886995698662, 0.0, 0.0, 0.0, 0.04688669779969397, 0.0, 0.09523546217639671, 0.0, 0.024517938631571323)",2
18229,48,17,11,"(0.09033430006888621, 0.09950731712740148, 0.0, 0.0, 0.0, 0.035734164727279125, 0.0, 0.13635786553969723, 0.0, 0.031051048610206557)",1
18230,48,17,11,"(0.09033430006888621, 0.09950731712740148, 0.0, 0.0, 0.0, 0.04688669779969397, 0.0, 0.13635786553969723, 0.0, 0.031051048610206557)",230
18231,48,17,11,"(0.0567558304085031, 0.09950731712740148, 0.0, 0.0, 0.0, 0.09762192246489333, 0.0, 0.13635786553969723, 0.0, 0.031051048610206557)",1
18232,48,17,11,"(0.09033430006888621, 0.14970886995698662, 0.0, 0.0, 0.0, 0.04688669779969397, 0.0, 0.09523546217639671, 0.0, 0.031051048610206557)",110
18233,48,17,11,"(0.05595493401288263, 0.14970886995698662, 0.0, 0.0, 0.0, 0.04688669779969397, 0.0, 0.09523546217639671, 0.0, 0.031051048610206557)",130
18234,48,17,11,"(0.0567558304085031, 0.16951386945526004, 0.0, 0.0, 0.0, 0.04688669779969397, 0.0, 0.13635786553969723, 0.0, 0.031051048610206557)",1
18235,48,17,11,"(0.09033430006888621, 0.09950731712740148, 0.0, 0.0, 0.0, 0.054424677342185326, 0.0, 0.13635786553969723, 0.0, 0.038873677991043826)",1
18236,48,17,11,"(0.09033430006888621, 0.13598989912592913, 0.0, 0.0, 0.0, 0.031737175045896356, 0.0, 0.13635786553969723, 0.0, 0.031051048610206557)",1
18237,48,17,11,"(0.10058307021953783, 0.09950731712740148, 0.0, 0.0, 0.0, 0.04688669779969397, 0.0, 0.13635786553969723, 0.0, 0.031051048610206557)",1
18238,48,17,11,"(0.08554248136145569, 0.14970886995698662, 0.0, 0.0, 0.0, 0.04688669779969397, 0.0, 0.09523546217639671, 0.0, 0.031051048610206557)",3
18239,48,17,11,"(0.09033430006888621, 0.15661768506516274, 0.0, 0.0, 0.0, 0.04688669779969397, 0.0, 0.13635786553969723, 0.0, 0.031051048610206557)",1
18240,48,17,11,"(0.05595493401288263, 0.14970886995698662, 0.0, 0.0, 0.0, 0.04968089939148283, 0.0, 0.09523546217639671, 0.0, 0.031051048610206557)",2
18241,48,17,11,"(0.0567558304085031, 0.09950731712740148, 0.0, 0.0, 0.0, 0.04688669779969397, 0.0, 0.12347346037394238, 0.0, 0.031051048610206557)",2
18242,48,17,13,"(0.0, 0.0, 0.11679612853536596, 0.11566245524900162, 0.05604222386074479, 0.07489992963210028, 0.0, 0.0, 0.14899621190854193, 0.0)",1
18243,48,17,13,"(0.0, 0.0, 0.11679612853536596, 0.11566245524900162, 0.09172770611919409, 0.06382585101939263, 0.0, 0.0, 0.14899621190854193, 0.0)",1
18244,48,17,13,"(0.0, 0.0, 0.11679612853536596, 0.10312946905799376, 0.09172770611919409, 0.08449142060397942, 0.0, 0.0, 0.0373893764053218, 0.0)",5
18245,48,17,13,"(0.0, 0.0, 0.11679612853536596, 0.11566245524900162, 0.09172770611919409, 0.09205105702828605, 0.0, 0.0, 0.14899621190854193, 0.0)",15
18246,48,17,13,"(0.0, 0.0, 0.11679612853536596, 0.11566245524900162, 0.09172770611919409, 0.07489992963210028, 0.0, 0.0, 0.14899621190854193, 0.0)",149
18247,48,18,8,"(0.08829965453524319, 0.0, 0.08950620996642342, 0.09247639241939104, 0.05110482791495, 0.0, 0.06826344941350267, 0.0, 0.0, 0.0)",1
18248,48,18,8,"(0.09901334036877846, 0.0, 0.08950620996642342, 0.09247639241939104, 0.049241469984802354, 0.0, 0.053941461264995556, 0.0, 0.0, 0.0)",2
18249,48,18,8,"(0.09901334036877846, 0.0, 0.08950620996642342, 0.09247639241939104, 0.049241469984802354, 0.0, 0.06826344941350267, 0.0, 0.0, 0.0)",26
18250,48,18,8,"(0.08829965453524319, 0.0, 0.08950620996642342, 0.09247639241939104, 0.09173902283359818, 0.0, 0.06826344941350267, 0.0, 0.0, 0.0)",255
18251,48,18,8,"(0.04978083022800179, 0.0, 0.08950620996642342, 0.09247639241939104, 0.09173902283359818, 0.0, 0.06826344941350267, 0.0, 0.0, 0.0)",1
18252,48,18,8,"(0.08154495070922288, 0.0, 0.08950620996642342, 0.09247639241939104, 0.09173902283359818, 0.0, 0.12991088810693827, 0.0, 0.0, 0.0)",13
18253,48,18,8,"(0.07690467193040196, 0.0, 0.08950620996642342, 0.09247639241939104, 0.09173902283359818, 0.0, 0.06826344941350267, 0.0, 0.0, 0.0)",1
18254,48,18,11,"(0.05595493401288263, 0.14970886995698662, 0.0, 0.0, 0.0, 0.04688669779969397, 0.0, 0.2262077041454576, 0.0, 0.031051048610206557)",1
18255,48,18,11,"(0.05595493401288263, 0.14970886995698662, 0.0, 0.0, 0.0, 0.04688669779969397, 0.0, 0.09523546217639671, 0.0, 0.01745505721307433)",2
18256,48,18,11,"(0.09033430006888621, 0.14970886995698662, 0.0, 0.0, 0.0, 0.05809740083022649, 0.0, 0.09523546217639671, 0.0, 0.031051048610206557)",1
18257,48,18,11,"(0.05595493401288263, 0.14970886995698662, 0.0, 0.0, 0.0, 0.04688669779969397, 0.0, 0.09523546217639671, 0.0, 0.031051048610206557)",307
18258,48,18,11,"(0.05595493401288263, 0.14970886995698662, 0.0, 0.0, 0.0, 0.0525088806400164, 0.0, 0.09523546217639671, 0.0, 0.031051048610206557)",2
18259,48,18,11,"(0.03402061099758968, 0.14970886995698662, 0.0, 0.0, 0.0, 0.04688669779969397, 0.0, 0.09523546217639671, 0.0, 0.031051048610206557)",1
18260,48,18,11,"(0.05595493401288263, 0.14970886995698662, 0.0, 0.0, 0.0, 0.04688669779969397, 0.0, 0.09523546217639671, 0.0, 0.024693723332782275)",1
18261,48,18,11,"(0.04632539609183784, 0.14970886995698662, 0.0, 0.0, 0.0, 0.04688669779969397, 0.0, 0.09523546217639671, 0.0, 0.031051048610206557)",1
18262,48,18,11,"(0.09033430006888621, 0.14970886995698662, 0.0, 0.0, 0.0, 0.04688669779969397, 0.0, 0.09523546217639671, 0.0, 0.031051048610206557)",219
18263,48,18,11,"(0.05595493401288263, 0.14970886995698662, 0.0, 0.0, 0.0, 0.07361373406575748, 0.0, 0.09523546217639671, 0.0, 0.031051048610206557)",1
18264,48,18,11,"(0.09033430006888621, 0.14970886995698662, 0.0, 0.0, 0.0, 0.04688669779969397, 0.0, 0.06016237589602636, 0.0, 0.031051048610206557)",1
18265,48,18,13,"(0.0, 0.0, 0.11679612853536596, 0.06920069129515957, 0.09172770611919409, 0.09884859494798798, 0.0, 0.0, 0.14899621190854193, 0.0)",1
18266,48,18,13,"(0.0, 0.0, 0.11679612853536596, 0.06920069129515957, 0.09172770611919409, 0.07489992963210028, 0.0, 0.0, 0.14899621190854193, 0.0)",131
18267,48,18,13,"(0.0, 0.0, 0.11679612853536596, 0.11881053868174331, 0.09172770611919409, 0.07489992963210028, 0.0, 0.0, 0.18377341732155902, 0.0)",42
18268,48,18,13,"(0.0, 0.0, 0.11679612853536596, 0.11456152623817505, 0.09172770611919409, 0.07489992963210028, 0.0, 0.0, 0.14899621190854193, 0.0)",2
18269,48,18,13,"(0.0, 0.0, 0.11679612853536596, 0.10259096734418588, 0.055007657299137806, 0.10476346965897602, 0.0, 0.0, 0.14899621190854193, 0.0)",2
18270,48,19,8,"(0.08829965453524319, 0.0, 0.09850217721931143, 0.09247639241939104, 0.09173902283359818, 0.0, 0.06826344941350267, 0.0, 0.0, 0.0)",1
18271,48,19,8,"(0.09901334036877846, 0.0, 0.08950620996642342, 0.09247639241939104, 0.049241469984802354, 0.0, 0.06826344941350267, 0.0, 0.0, 0.0)",16
18272,48,19,8,"(0.09812877654436167, 0.0, 0.08950620996642342, 0.09247639241939104, 0.09709991458270822, 0.0, 0.06826344941350267, 0.0, 0.0, 0.0)",1
18273,48,19,8,"(0.08829965453524319, 0.0, 0.08950620996642342, 0.09247639241939104, 0.09173902283359818, 0.0, 0.06826344941350267, 0.0, 0.0, 0.0)",255
18274,48,19,8,"(0.08829965453524319, 0.0, 0.06487883553972972, 0.09148489376057042, 0.09173902283359818, 0.0, 0.06826344941350267, 0.0, 0.0, 0.0)",3
18275,48,19,8,"(0.08829965453524319, 0.0, 0.08950620996642342, 0.028651315368682075, 0.08919362258348593, 0.0, 0.06826344941350267, 0.0, 0.0, 0.0)",5
18276,48,19,11,"(0.05595493401288263, 0.1822777740764329, 0.0, 0.0, 0.0, 0.04688669779969397, 0.0, 0.09523546217639671, 0.0, 0.031051048610206557)",1
18277,48,19,11,"(0.05595493401288263, 0.14970886995698662, 0.0, 0.0, 0.0, 0.04688669779969397, 0.0, 0.09523546217639671, 0.0, 0.045534384783071036)",1
18278,48,19,11,"(0.08723876473802245, 0.14970886995698662, 0.0, 0.0, 0.0, 0.04688669779969397, 0.0, 0.09523546217639671, 0.0, 0.031051048610206557)",1
18279,48,19,11,"(0.05595493401288263, 0.14970886995698662, 0.0, 0.0, 0.0, 0.04688669779969397, 0.0, 0.09523546217639671, 0.0, 0.02263155142860496)",2
18280,48,19,11,"(0.05595493401288263, 0.14970886995698662, 0.0, 0.0, 0.0, 0.04947144128984248, 0.0, 0.09523546217639671, 0.0, 0.02283304373808189)",1
18281,48,19,11,"(0.05595493401288263, 0.14970886995698662, 0.0, 0.0, 0.0, 0.04688669779969397, 0.0, 0.09523546217639671, 0.0, 0.031051048610206557)",113
18282,48,19,11,"(0.09033430006888621, 0.14970886995698662, 0.0, 0.0, 0.0, 0.04688669779969397, 0.0, 0.09523546217639671, 0.0, 0.031051048610206557)",301
18283,48,19,11,"(0.09033430006888621, 0.14970886995698662, 0.0, 0.0, 0.0, 0.034221275853295756, 0.0, 0.09523546217639671, 0.0, 0.031051048610206557)",1
18284,48,19,11,"(0.09033430006888621, 0.14970886995698662, 0.0, 0.0, 0.0, 0.054970980015900485, 0.0, 0.09523546217639671, 0.0, 0.031051048610206557)",1
18285,48,19,13,"(0.0, 0.0, 0.11679612853536596, 0.06920069129515957, 0.09172770611919409, 0.07489992963210028, 0.0, 0.0, 0.14899621190854193, 0.0)",85
18286,48,19,13,"(0.0, 0.0, 0.11679612853536596, 0.11881053868174331, 0.09172770611919409, 0.07489992963210028, 0.0, 0.0, 0.18377341732155902, 0.0)",89
18287,48,20,8,"(0.09901334036877846, 0.0, 0.08950620996642342, 0.09247639241939104, 0.049241469984802354, 0.0, 0.06826344941350267, 0.0, 0.0, 0.0)",82
18288,48,20,8,"(0.10965876705494747, 0.0, 0.08950620996642342, 0.09247639241939104, 0.09173902283359818, 0.0, 0.06826344941350267, 0.0, 0.0, 0.0)",1
18289,48,20,8,"(0.08829965453524319, 0.0, 0.08950620996642342, 0.09247639241939104, 0.09173902283359818, 0.0, 0.06826344941350267, 0.0, 0.0, 0.0)",185
18290,48,20,11,"(0.09033430006888621, 0.14970886995698662, 0.0, 0.0, 0.0, 0.04688669779969397, 0.0, 0.09523546217639671, 0.0, 0.031051048610206557)",91
18291,48,20,11,"(0.05595493401288263, 0.17382896268863365, 0.0, 0.0, 0.0, 0.04688669779969397, 0.0, 0.09523546217639671, 0.0, 0.04223340485211191)",1
18292,48,20,11,"(0.05595493401288263, 0.16376956212740423, 0.0, 0.0, 0.0, 0.04688669779969397, 0.0, 0.09523546217639671, 0.0, 0.031051048610206557)",1
18293,48,20,11,"(0.05595493401288263, 0.25582808302304944, 0.0, 0.0, 0.0, 0.04688669779969397, 0.0, 0.09523546217639671, 0.0, 0.031051048610206557)",1
18294,48,20,11,"(0.05595493401288263, 0.10198050148630844, 0.0, 0.0, 0.0, 0.06423751862750779, 0.0, 0.09523546217639671, 0.0, 0.031051048610206557)",3
18295,48,20,11,"(0.09033430006888621, 0.14970886995698662, 0.0, 0.0, 0.0, 0.03396735031180599, 0.0, 0.09523546217639671, 0.0, 0.031051048610206557)",2
18296,48,20,11,"(0.09033430006888621, 0.16365792003547577, 0.0, 0.0, 0.0, 0.04688669779969397, 0.0, 0.09523546217639671, 0.0, 0.031051048610206557)",6
18297,48,20,11,"(0.05595493401288263, 0.15865869207659025, 0.0, 0.0, 0.0, 0.04688669779969397, 0.0, 0.09523546217639671, 0.0, 0.031051048610206557)",1
18298,48,20,11,"(0.05595493401288263, 0.14970886995698662, 0.0, 0.0, 0.0, 0.08522991349323394, 0.0, 0.09523546217639671, 0.0, 0.031051048610206557)",1
18299,48,20,11,"(0.05595493401288263, 0.14970886995698662, 0.0, 0.0, 0.0, 0.04927603678171096, 0.0, 0.09523546217639671, 0.0, 0.031051048610206557)",1
18300,48,20,11,"(0.05595493401288263, 0.14970886995698662, 0.0, 0.0, 0.0, 0.04688669779969397, 0.0, 0.09299692455609991, 0.0, 0.031051048610206557)",1
18301,48,20,11,"(0.05595493401288263, 0.14970886995698662, 0.0, 0.0, 0.0, 0.04688669779969397, 0.0, 0.09523546217639671, 0.0, 0.031051048610206557)",536
18302,48,20,11,"(0.05595493401288263, 0.14970886995698662, 0.0, 0.0, 0.0, 0.05133131760629324, 0.0, 0.09523546217639671, 0.0, 0.031051048610206557)",2
18303,48,20,13,"(0.0, 0.0, 0.11679612853536596, 0.06920069129515957, 0.09172770611919409, 0.07489992963210028, 0.0, 0.0, 0.14899621190854193, 0.0)",151
18304,48,20,13,"(0.0, 0.0, 0.11679612853536596, 0.06920069129515957, 0.09172770611919409, 0.06457977024698963, 0.0, 0.0, 0.10403009045462529, 0.0)",1
18305,48,20,13,"(0.0, 0.0, 0.11679612853536596, 0.06920069129515957, 0.09172770611919409, 0.09746318987842403, 0.0, 0.0, 0.32860120791029646, 0.0)",1
18306,48,20,13,"(0.0, 0.0, 0.11679612853536596, 0.06682166894331325, 0.12415583689554056, 0.07489992963210028, 0.0, 0.0, 0.14899621190854193, 0.0)",3
18307,49,0,8,"(0.08829965453524319, 0.0, 0.08950620996642342, 0.0728298530014659, 0.09173902283359818, 0.0, 0.034983370778408115, 0.0, 0.0, 0.0)",4
18308,49,0,8,"(0.08829965453524319, 0.0, 0.08950620996642342, 0.10167265667395968, 0.09173902283359818, 0.0, 0.06826344941350267, 0.0, 0.0, 0.0)",2
18309,49,0,8,"(0.08829965453524319, 0.0, 0.0774779811055621, 0.09247639241939104, 0.0640834608248989, 0.0, 0.06826344941350267, 0.0, 0.0, 0.0)",2
18310,49,0,8,"(0.08829965453524319, 0.0, 0.08950620996642342, 0.14068937321445804, 0.09173902283359818, 0.0, 0.06157976843806565, 0.0, 0.0, 0.0)",1
18311,49,0,8,"(0.08829965453524319, 0.0, 0.08950620996642342, 0.09247639241939104, 0.14750359654301426, 0.0, 0.06826344941350267, 0.0, 0.0, 0.0)",3
18312,49,0,8,"(0.08829965453524319, 0.0, 0.08950620996642342, 0.09247639241939104, 0.09173902283359818, 0.0, 0.06826344941350267, 0.0, 0.0, 0.0)",388
18313,49,0,8,"(0.08829965453524319, 0.0, 0.08950620996642342, 0.13867646396426206, 0.09173902283359818, 0.0, 0.06826344941350267, 0.0, 0.0, 0.0)",1
18314,49,0,11,"(0.08260216491811836, 0.14970886995698662, 0.0, 0.0, 0.0, 0.04688669779969397, 0.0, 0.09523546217639671, 0.0, 0.031051048610206557)",3
18315,49,0,11,"(0.09033430006888621, 0.09950731712740148, 0.0, 0.0, 0.0, 0.04688669779969397, 0.0, 0.20859570687509343, 0.0, 0.031051048610206557)",2
18316,49,0,11,"(0.09033430006888621, 0.09950731712740148, 0.0, 0.0, 0.0, 0.04688669779969397, 0.0, 0.13635786553969723, 0.0, 0.0936039343464209)",1
18317,49,0,11,"(0.09033430006888621, 0.07867472072884084, 0.0, 0.0, 0.0, 0.04688669779969397, 0.0, 0.06616443672348671, 0.0, 0.031051048610206557)",38
18318,49,0,11,"(0.09033430006888621, 0.14970886995698662, 0.0, 0.0, 0.0, 0.04688669779969397, 0.0, 0.09523546217639671, 0.0, 0.031051048610206557)",105
18319,49,0,11,"(0.09033430006888621, 0.09950731712740148, 0.0, 0.0, 0.0, 0.04688669779969397, 0.0, 0.13635786553969723, 0.0, 0.031051048610206557)",290
18320,49,0,13,"(0.0, 0.0, 0.11679612853536596, 0.11566245524900162, 0.09172770611919409, 0.07489992963210028, 0.0, 0.0, 0.14899621190854193, 0.0)",151
18321,49,0,13,"(0.0, 0.0, 0.11679612853536596, 0.11057764630161117, 0.09172770611919409, 0.07489992963210028, 0.0, 0.0, 0.14899621190854193, 0.0)",2
18322,49,1,8,"(0.08829965453524319, 0.0, 0.08950620996642342, 0.09247639241939104, 0.08430244775278713, 0.0, 0.06826344941350267, 0.0, 0.0, 0.0)",2
18323,49,1,8,"(0.08829965453524319, 0.0, 0.08950620996642342, 0.12233633072516614, 0.09173902283359818, 0.0, 0.06826344941350267, 0.0, 0.0, 0.0)",1
18324,49,1,8,"(0.08829965453524319, 0.0, 0.08950620996642342, 0.09247639241939104, 0.09173902283359818, 0.0, 0.10517836536530993, 0.0, 0.0, 0.0)",2
18325,49,1,8,"(0.08829965453524319, 0.0, 0.08950620996642342, 0.09247639241939104, 0.09173902283359818, 0.0, 0.06826344941350267, 0.0, 0.0, 0.0)",299
18326,49,1,8,"(0.08829965453524319, 0.0, 0.08950620996642342, 0.23287822134129774, 0.09173902283359818, 0.0, 0.06826344941350267, 0.0, 0.0, 0.0)",1
18327,49,1,11,"(0.08612354695396911, 0.07867472072884084, 0.0, 0.0, 0.0, 0.04688669779969397, 0.0, 0.06616443672348671, 0.0, 0.031051048610206557)",2
18328,49,1,11,"(0.09033430006888621, 0.09950731712740148, 0.0, 0.0, 0.0, 0.024824426442453324, 0.0, 0.13635786553969723, 0.0, 0.022733051632159443)",1
18329,49,1,11,"(0.09033430006888621, 0.09950731712740148, 0.0, 0.0, 0.0, 0.04397524273975908, 0.0, 0.13635786553969723, 0.0, 0.031051048610206557)",3
18330,49,1,11,"(0.09033430006888621, 0.10999758557161728, 0.0, 0.0, 0.0, 0.04688669779969397, 0.0, 0.08685794540078823, 0.0, 0.031051048610206557)",1
18331,49,1,11,"(0.09033430006888621, 0.09950731712740148, 0.0, 0.0, 0.0, 0.04688669779969397, 0.0, 0.13635786553969723, 0.0, 0.031051048610206557)",415
18332,49,1,11,"(0.09033430006888621, 0.07867472072884084, 0.0, 0.0, 0.0, 0.04688669779969397, 0.0, 0.06616443672348671, 0.0, 0.031051048610206557)",63
18333,49,1,11,"(0.10334028673761342, 0.09950731712740148, 0.0, 0.0, 0.0, 0.04688669779969397, 0.0, 0.13635786553969723, 0.0, 0.031051048610206557)",10
18334,49,1,11,"(0.09033430006888621, 0.14970886995698662, 0.0, 0.0, 0.0, 0.04688669779969397, 0.0, 0.09523546217639671, 0.0, 0.031051048610206557)",80
18335,49,1,13,"(0.0, 0.0, 0.11679612853536596, 0.11566245524900162, 0.09172770611919409, 0.07489992963210028, 0.0, 0.0, 0.14899621190854193, 0.0)",148
18336,49,2,8,"(0.08223294872533428, 0.0, 0.0635678894755827, 0.09247639241939104, 0.09173902283359818, 0.0, 0.06826344941350267, 0.0, 0.0, 0.0)",1
18337,49,2,8,"(0.06235119009823347, 0.0, 0.08950620996642342, 0.09247639241939104, 0.09173902283359818, 0.0, 0.06826344941350267, 0.0, 0.0, 0.0)",2
18338,49,2,8,"(0.08829965453524319, 0.0, 0.05689348650776066, 0.09247639241939104, 0.09173902283359818, 0.0, 0.06826344941350267, 0.0, 0.0, 0.0)",1
18339,49,2,8,"(0.08829965453524319, 0.0, 0.08950620996642342, 0.09247639241939104, 0.09173902283359818, 0.0, 0.06826344941350267, 0.0, 0.0, 0.0)",297
18340,49,2,8,"(0.10103040783351687, 0.0, 0.07302232801701172, 0.09247639241939104, 0.13039933878502213, 0.0, 0.09223307793676556, 0.0, 0.0, 0.0)",1
18341,49,2,11,"(0.09033430006888621, 0.08175621499146578, 0.0, 0.0, 0.0, 0.04688669779969397, 0.0, 0.06616443672348671, 0.0, 0.031051048610206557)",1
18342,49,2,11,"(0.09033430006888621, 0.09950731712740148, 0.0, 0.0, 0.0, 0.038919422072362854, 0.0, 0.13635786553969723, 0.0, 0.031051048610206557)",1
18343,49,2,11,"(0.09033430006888621, 0.14970886995698662, 0.0, 0.0, 0.0, 0.04652920433252092, 0.0, 0.09523546217639671, 0.0, 0.031051048610206557)",3
18344,49,2,11,"(0.09033430006888621, 0.07867472072884084, 0.0, 0.0, 0.0, 0.043934829333832116, 0.0, 0.06616443672348671, 0.0, 0.031051048610206557)",1
18345,49,2,11,"(0.09033430006888621, 0.09950731712740148, 0.0, 0.0, 0.0, 0.0350965081447576, 0.0, 0.13635786553969723, 0.0, 0.06781453378917962)",4
18346,49,2,11,"(0.08201808067710437, 0.09950731712740148, 0.0, 0.0, 0.0, 0.04688669779969397, 0.0, 0.13635786553969723, 0.0, 0.031051048610206557)",3
18347,49,2,11,"(0.09033430006888621, 0.07867472072884084, 0.0, 0.0, 0.0, 0.04688669779969397, 0.0, 0.06616443672348671, 0.0, 0.031051048610206557)",92
18348,49,2,11,"(0.09033430006888621, 0.09950731712740148, 0.0, 0.0, 0.0, 0.04688669779969397, 0.0, 0.13635786553969723, 0.0, 0.02034936951593246)",1
18349,49,2,11,"(0.09033430006888621, 0.09950731712740148, 0.0, 0.0, 0.0, 0.053065577948962515, 0.0, 0.13635786553969723, 0.0, 0.031051048610206557)",1
18350,49,2,11,"(0.09033430006888621, 0.14970886995698662, 0.0, 0.0, 0.0, 0.04688669779969397, 0.0, 0.09523546217639671, 0.0, 0.031051048610206557)",56
18351,49,2,11,"(0.09033430006888621, 0.09950731712740148, 0.0, 0.0, 0.0, 0.04211407303237823, 0.0, 0.13635786553969723, 0.0, 0.031051048610206557)",2
18352,49,2,11,"(0.09033430006888621, 0.09950731712740148, 0.0, 0.0, 0.0, 0.04688669779969397, 0.0, 0.21806011876858278, 0.0, 0.031051048610206557)",7
18353,49,2,11,"(0.09033430006888621, 0.09950731712740148, 0.0, 0.0, 0.0, 0.04688669779969397, 0.0, 0.13635786553969723, 0.0, 0.031051048610206557)",370
18354,49,2,13,"(0.0, 0.0, 0.11679612853536596, 0.1085779012079006, 0.09172770611919409, 0.07489992963210028, 0.0, 0.0, 0.14899621190854193, 0.0)",1
18355,49,2,13,"(0.0, 0.0, 0.11679612853536596, 0.11376889697235437, 0.09172770611919409, 0.07489992963210028, 0.0, 0.0, 0.15767095852230084, 0.0)",3
18356,49,2,13,"(0.0, 0.0, 0.11495642679705881, 0.14740909769365718, 0.09172770611919409, 0.05929008051481116, 0.0, 0.0, 0.14899621190854193, 0.0)",1
18357,49,2,13,"(0.0, 0.0, 0.11679612853536596, 0.09156045620437724, 0.09172770611919409, 0.07489992963210028, 0.0, 0.0, 0.14899621190854193, 0.0)",1
18358,49,2,13,"(0.0, 0.0, 0.11679612853536596, 0.11566245524900162, 0.04705346531540542, 0.07489992963210028, 0.0, 0.0, 0.14899621190854193, 0.0)",1
18359,49,2,13,"(0.0, 0.0, 0.11679612853536596, 0.11566245524900162, 0.09172770611919409, 0.055816301028278364, 0.0, 0.0, 0.14899621190854193, 0.0)",1
18360,49,2,13,"(0.0, 0.0, 0.11679612853536596, 0.11566245524900162, 0.09172770611919409, 0.07489992963210028, 0.0, 0.0, 0.14899621190854193, 0.0)",167
18361,49,3,8,"(0.08829965453524319, 0.0, 0.08950620996642342, 0.09247639241939104, 0.09173902283359818, 0.0, 0.06826344941350267, 0.0, 0.0, 0.0)",238
18362,49,3,8,"(0.08829965453524319, 0.0, 0.08950620996642342, 0.09247639241939104, 0.09173902283359818, 0.0, 0.13038800612351664, 0.0, 0.0, 0.0)",1
18363,49,3,8,"(0.08829965453524319, 0.0, 0.08950620996642342, 0.14525211348394013, 0.09173902283359818, 0.0, 0.06826344941350267, 0.0, 0.0, 0.0)",1
18364,49,3,8,"(0.08829965453524319, 0.0, 0.08950620996642342, 0.10539340454432951, 0.09173902283359818, 0.0, 0.06826344941350267, 0.0, 0.0, 0.0)",11
18365,49,3,11,"(0.05595493401288263, 0.14970886995698662, 0.0, 0.0, 0.0, 0.03789497154547095, 0.0, 0.14445836531599046, 0.0, 0.025897446157115058)",1
18366,49,3,11,"(0.05595493401288263, 0.14784279225335553, 0.0, 0.0, 0.0, 0.04688669779969397, 0.0, 0.09523546217639671, 0.0, 0.031051048610206557)",47
18367,49,3,11,"(0.05595493401288263, 0.14970886995698662, 0.0, 0.0, 0.0, 0.04688669779969397, 0.0, 0.08908910636872382, 0.0, 0.031051048610206557)",1
18368,49,3,11,"(0.04012449190912566, 0.14970886995698662, 0.0, 0.0, 0.0, 0.04688669779969397, 0.0, 0.09523546217639671, 0.0, 0.031051048610206557)",1
18369,49,3,11,"(0.09033430006888621, 0.15065295722414182, 0.0, 0.0, 0.0, 0.04688669779969397, 0.0, 0.09523546217639671, 0.0, 0.031051048610206557)",9
18370,49,3,11,"(0.09033430006888621, 0.09950731712740148, 0.0, 0.0, 0.0, 0.04688669779969397, 0.0, 0.13635786553969723, 0.0, 0.025361035931382194)",1
18371,49,3,11,"(0.05595493401288263, 0.15620406221651692, 0.0, 0.0, 0.0, 0.13475950229541633, 0.0, 0.09523546217639671, 0.0, 0.02056399480527271)",1
18372,49,3,11,"(0.05595493401288263, 0.14970886995698662, 0.0, 0.0, 0.0, 0.042711829004065165, 0.0, 0.09523546217639671, 0.0, 0.031051048610206557)",2
18373,49,3,11,"(0.09033430006888621, 0.14970886995698662, 0.0, 0.0, 0.0, 0.04688669779969397, 0.0, 0.09523546217639671, 0.0, 0.031051048610206557)",22
18374,49,3,11,"(0.05595493401288263, 0.14970886995698662, 0.0, 0.0, 0.0, 0.04688669779969397, 0.0, 0.0654595996563886, 0.0, 0.031051048610206557)",1
18375,49,3,11,"(0.05595493401288263, 0.14970886995698662, 0.0, 0.0, 0.0, 0.04688669779969397, 0.0, 0.09523546217639671, 0.0, 0.031051048610206557)",337
18376,49,3,11,"(0.09033430006888621, 0.09950731712740148, 0.0, 0.0, 0.0, 0.04688669779969397, 0.0, 0.13635786553969723, 0.0, 0.031051048610206557)",169
18377,49,3,13,"(0.0, 0.0, 0.11679612853536596, 0.11566245524900162, 0.09172770611919409, 0.07489992963210028, 0.0, 0.0, 0.14899621190854193, 0.0)",173
18378,49,3,13,"(0.0, 0.0, 0.12506161438907815, 0.11566245524900162, 0.09172770611919409, 0.07489992963210028, 0.0, 0.0, 0.14899621190854193, 0.0)",5
18379,49,4,8,"(0.08829965453524319, 0.0, 0.08950620996642342, 0.09247639241939104, 0.09173902283359818, 0.0, 0.11865416333307366, 0.0, 0.0, 0.0)",1
18380,49,4,8,"(0.08829965453524319, 0.0, 0.08950620996642342, 0.09247639241939104, 0.07305026578909284, 0.0, 0.06826344941350267, 0.0, 0.0, 0.0)",1
18381,49,4,8,"(0.08829965453524319, 0.0, 0.08950620996642342, 0.09247639241939104, 0.09173902283359818, 0.0, 0.06826344941350267, 0.0, 0.0, 0.0)",291
18382,49,4,8,"(0.08829965453524319, 0.0, 0.06009239873054973, 0.09247639241939104, 0.09173902283359818, 0.0, 0.06826344941350267, 0.0, 0.0, 0.0)",1
18383,49,4,11,"(0.09033430006888621, 0.19642725356805213, 0.0, 0.0, 0.0, 0.04688669779969397, 0.0, 0.13635786553969723, 0.0, 0.031051048610206557)",1
18384,49,4,11,"(0.05595493401288263, 0.14970886995698662, 0.0, 0.0, 0.0, 0.04688669779969397, 0.0, 0.0833548621809992, 0.0, 0.031051048610206557)",2
18385,49,4,11,"(0.05595493401288263, 0.14970886995698662, 0.0, 0.0, 0.0, 0.04688669779969397, 0.0, 0.09523546217639671, 0.0, 0.031051048610206557)",322
18386,49,4,11,"(0.09033430006888621, 0.09950731712740148, 0.0, 0.0, 0.0, 0.06895489827742184, 0.0, 0.13635786553969723, 0.0, 0.031051048610206557)",1
18387,49,4,11,"(0.09033430006888621, 0.09950731712740148, 0.0, 0.0, 0.0, 0.04688669779969397, 0.0, 0.13635786553969723, 0.0, 0.022583543155631276)",1
18388,49,4,11,"(0.09033430006888621, 0.09950731712740148, 0.0, 0.0, 0.0, 0.04688669779969397, 0.0, 0.13635786553969723, 0.0, 0.031051048610206557)",179
18389,49,4,11,"(0.05595493401288263, 0.14970886995698662, 0.0, 0.0, 0.0, 0.04688669779969397, 0.0, 0.09523546217639671, 0.0, 0.01708217092803619)",6
18390,49,4,11,"(0.04308903841947913, 0.14970886995698662, 0.0, 0.0, 0.0, 0.04688669779969397, 0.0, 0.09523546217639671, 0.0, 0.031051048610206557)",3
18391,49,4,11,"(0.05595493401288263, 0.1471050496490572, 0.0, 0.0, 0.0, 0.04688669779969397, 0.0, 0.09523546217639671, 0.0, 0.031051048610206557)",1
18392,49,4,11,"(0.07217578721326291, 0.14970886995698662, 0.0, 0.0, 0.0, 0.04688669779969397, 0.0, 0.10723245419092825, 0.0, 0.031051048610206557)",2
18393,49,4,11,"(0.09033430006888621, 0.15065295722414182, 0.0, 0.0, 0.0, 0.04688669779969397, 0.0, 0.09523546217639671, 0.0, 0.031051048610206557)",11
18394,49,4,11,"(0.05595493401288263, 0.14970886995698662, 0.0, 0.0, 0.0, 0.04688669779969397, 0.0, 0.09523546217639671, 0.0, 0.030479518867185827)",1
18395,49,4,11,"(0.09033430006888621, 0.09950731712740148, 0.0, 0.0, 0.0, 0.05037468788766022, 0.0, 0.13635786553969723, 0.0, 0.031051048610206557)",1
18396,49,4,13,"(0.0, 0.0, 0.11679612853536596, 0.21869767014386474, 0.09172770611919409, 0.07489992963210028, 0.0, 0.0, 0.14899621190854193, 0.0)",1
18397,49,4,13,"(0.0, 0.0, 0.11679612853536596, 0.11566245524900162, 0.09172770611919409, 0.07489992963210028, 0.0, 0.0, 0.14899621190854193, 0.0)",138
18398,49,4,13,"(0.0, 0.0, 0.10303489503838821, 0.11566245524900162, 0.09172770611919409, 0.07489992963210028, 0.0, 0.0, 0.14899621190854193, 0.0)",1
18399,49,5,8,"(0.08829965453524319, 0.0, 0.08950620996642342, 0.09247639241939104, 0.09173902283359818, 0.0, 0.0521626865923377, 0.0, 0.0, 0.0)",4
18400,49,5,8,"(0.08829965453524319, 0.0, 0.09483928224711743, 0.09247639241939104, 0.08415798120535753, 0.0, 0.06826344941350267, 0.0, 0.0, 0.0)",1
18401,49,5,8,"(0.08829965453524319, 0.0, 0.08950620996642342, 0.09247639241939104, 0.07736316595531208, 0.0, 0.06826344941350267, 0.0, 0.0, 0.0)",55
18402,49,5,8,"(0.08829965453524319, 0.0, 0.08950620996642342, 0.09247639241939104, 0.09173902283359818, 0.0, 0.04186569827561715, 0.0, 0.0, 0.0)",2
18403,49,5,8,"(0.08829965453524319, 0.0, 0.08950620996642342, 0.09247639241939104, 0.09173902283359818, 0.0, 0.06826344941350267, 0.0, 0.0, 0.0)",272
18404,49,5,11,"(0.05595493401288263, 0.14970886995698662, 0.0, 0.0, 0.0, 0.04688669779969397, 0.0, 0.09523546217639671, 0.0, 0.05664566230649867)",2
18405,49,5,11,"(0.09033430006888621, 0.15065295722414182, 0.0, 0.0, 0.0, 0.04688669779969397, 0.0, 0.09523546217639671, 0.0, 0.031051048610206557)",21
18406,49,5,11,"(0.05595493401288263, 0.14970886995698662, 0.0, 0.0, 0.0, 0.04688669779969397, 0.0, 0.09523546217639671, 0.0, 0.031051048610206557)",368
18407,49,5,11,"(0.08514790540740536, 0.14970886995698662, 0.0, 0.0, 0.0, 0.02437771576172348, 0.0, 0.09523546217639671, 0.0, 0.031051048610206557)",1
18408,49,5,11,"(0.05595493401288263, 0.14784279225335553, 0.0, 0.0, 0.0, 0.04688669779969397, 0.0, 0.09523546217639671, 0.0, 0.031051048610206557)",2
18409,49,5,11,"(0.09033430006888621, 0.09950731712740148, 0.0, 0.0, 0.0, 0.04688669779969397, 0.0, 0.13635786553969723, 0.0, 0.031051048610206557)",89
18410,49,5,11,"(0.05595493401288263, 0.10553410104876838, 0.0, 0.0, 0.0, 0.04688669779969397, 0.0, 0.09523546217639671, 0.0, 0.031051048610206557)",1
18411,49,5,11,"(0.05595493401288263, 0.14970886995698662, 0.0, 0.0, 0.0, 0.04688669779969397, 0.0, 0.09523546217639671, 0.0, 0.02583474739357153)",3
18412,49,5,13,"(0.0, 0.0, 0.11679612853536596, 0.11566245524900162, 0.09172770611919409, 0.108512809030144, 0.0, 0.0, 0.14899621190854193, 0.0)",6
18413,49,5,13,"(0.0, 0.0, 0.06581769259941796, 0.11566245524900162, 0.09172770611919409, 0.07489992963210028, 0.0, 0.0, 0.1659008626558247, 0.0)",1
18414,49,5,13,"(0.0, 0.0, 0.11679612853536596, 0.11566245524900162, 0.09172770611919409, 0.04599978443925913, 0.0, 0.0, 0.14899621190854193, 0.0)",1
18415,49,5,13,"(0.0, 0.0, 0.08791325080092069, 0.12610665990131045, 0.09172770611919409, 0.07489992963210028, 0.0, 0.0, 0.14899621190854193, 0.0)",1
18416,49,5,13,"(0.0, 0.0, 0.11679612853536596, 0.11566245524900162, 0.09172770611919409, 0.07489992963210028, 0.0, 0.0, 0.14899621190854193, 0.0)",147
18417,49,6,8,"(0.08829965453524319, 0.0, 0.09551569420175016, 0.09247639241939104, 0.09173902283359818, 0.0, 0.06826344941350267, 0.0, 0.0, 0.0)",12
18418,49,6,8,"(0.08829965453524319, 0.0, 0.08950620996642342, 0.09247639241939104, 0.09173902283359818, 0.0, 0.06826344941350267, 0.0, 0.0, 0.0)",309
18419,49,6,8,"(0.08829965453524319, 0.0, 0.08950620996642342, 0.09247639241939104, 0.09173902283359818, 0.0, 0.027145967857876832, 0.0, 0.0, 0.0)",1
18420,49,6,8,"(0.08194664169084716, 0.0, 0.08950620996642342, 0.09247639241939104, 0.09173902283359818, 0.0, 0.06826344941350267, 0.0, 0.0, 0.0)",3
18421,49,6,8,"(0.08426207795541892, 0.0, 0.08950620996642342, 0.09247639241939104, 0.09173902283359818, 0.0, 0.06826344941350267, 0.0, 0.0, 0.0)",2
18422,49,6,11,"(0.09033430006888621, 0.14970886995698662, 0.0, 0.0, 0.0, 0.04688669779969397, 0.0, 0.09523546217639671, 0.0, 0.031051048610206557)",160
18423,49,6,11,"(0.09033430006888621, 0.09950731712740148, 0.0, 0.0, 0.0, 0.04688669779969397, 0.0, 0.13635786553969723, 0.0, 0.022968360746118684)",2
18424,49,6,11,"(0.09033430006888621, 0.11753719130409583, 0.0, 0.0, 0.0, 0.04688669779969397, 0.0, 0.09523546217639671, 0.0, 0.026665448548989626)",1
18425,49,6,11,"(0.09033430006888621, 0.15580940519781236, 0.0, 0.0, 0.0, 0.04688669779969397, 0.0, 0.09523546217639671, 0.0, 0.031051048610206557)",1
18426,49,6,11,"(0.13902543748350266, 0.09950731712740148, 0.0, 0.0, 0.0, 0.04688669779969397, 0.0, 0.13635786553969723, 0.0, 0.031051048610206557)",62
18427,49,6,11,"(0.09033430006888621, 0.046261061475285026, 0.0, 0.0, 0.0, 0.04688669779969397, 0.0, 0.14903059888611356, 0.0, 0.031051048610206557)",24
18428,49,6,11,"(0.10552171709731484, 0.09950731712740148, 0.0, 0.0, 0.0, 0.028775635550625803, 0.0, 0.1131958123210622, 0.0, 0.022517964506276213)",13
18429,49,6,11,"(0.09033430006888621, 0.08020409284321883, 0.0, 0.0, 0.0, 0.04688669779969397, 0.0, 0.13635786553969723, 0.0, 0.031051048610206557)",6
18430,49,6,11,"(0.09033430006888621, 0.09950731712740148, 0.0, 0.0, 0.0, 0.04688669779969397, 0.0, 0.08357377001032286, 0.0, 0.031051048610206557)",26
18431,49,6,11,"(0.09033430006888621, 0.09950731712740148, 0.0, 0.0, 0.0, 0.04688669779969397, 0.0, 0.12600017819105255, 0.0, 0.031051048610206557)",124
18432,49,6,11,"(0.09033430006888621, 0.09950731712740148, 0.0, 0.0, 0.0, 0.04688669779969397, 0.0, 0.13635786553969723, 0.0, 0.031051048610206557)",107
18433,49,6,11,"(0.09033430006888621, 0.07636163334626064, 0.0, 0.0, 0.0, 0.04688669779969397, 0.0, 0.09523546217639671, 0.0, 0.031051048610206557)",1
18434,49,6,13,"(0.0, 0.0, 0.11679612853536596, 0.11566245524900162, 0.09172770611919409, 0.07489992963210028, 0.0, 0.0, 0.14899621190854193, 0.0)",144
18435,49,6,13,"(0.0, 0.0, 0.16104691938389679, 0.11566245524900162, 0.09172770611919409, 0.07489992963210028, 0.0, 0.0, 0.14899621190854193, 0.0)",2
18436,49,7,8,"(0.08829965453524319, 0.0, 0.08950620996642342, 0.09247639241939104, 0.09173902283359818, 0.0, 0.06826344941350267, 0.0, 0.0, 0.0)",352
18437,49,7,8,"(0.08829965453524319, 0.0, 0.08950620996642342, 0.09247639241939104, 0.04682983442938877, 0.0, 0.06826344941350267, 0.0, 0.0, 0.0)",4
18438,49,7,8,"(0.0886574346740594, 0.0, 0.08950620996642342, 0.09247639241939104, 0.09173902283359818, 0.0, 0.06826344941350267, 0.0, 0.0, 0.0)",1
18439,49,7,8,"(0.22879306498055657, 0.0, 0.09636631522006996, 0.09247639241939104, 0.09173902283359818, 0.0, 0.06826344941350267, 0.0, 0.0, 0.0)",2
18440,49,7,8,"(0.08829965453524319, 0.0, 0.08950620996642342, 0.09191876008829437, 0.09173902283359818, 0.0, 0.06826344941350267, 0.0, 0.0, 0.0)",1
18441,49,7,11,"(0.09033430006888621, 0.14970886995698662, 0.0, 0.0, 0.0, 0.04688669779969397, 0.0, 0.06900975164932376, 0.0, 0.031051048610206557)",3
18442,49,7,11,"(0.09033430006888621, 0.14970886995698662, 0.0, 0.0, 0.0, 0.04688669779969397, 0.0, 0.09523546217639671, 0.0, 0.031051048610206557)",236
18443,49,7,11,"(0.13902543748350266, 0.09950731712740148, 0.0, 0.0, 0.0, 0.04688669779969397, 0.0, 0.13635786553969723, 0.0, 0.031051048610206557)",26
18444,49,7,11,"(0.09033430006888621, 0.07548907794556714, 0.0, 0.0, 0.0, 0.04688669779969397, 0.0, 0.13635786553969723, 0.0, 0.03112357375841956)",2
18445,49,7,11,"(0.09033430006888621, 0.14970886995698662, 0.0, 0.0, 0.0, 0.04688669779969397, 0.0, 0.09523546217639671, 0.0, 0.052212545540596705)",1
18446,49,7,11,"(0.09033430006888621, 0.09950731712740148, 0.0, 0.0, 0.0, 0.04688669779969397, 0.0, 0.12600017819105255, 0.0, 0.031051048610206557)",22
18447,49,7,11,"(0.09033430006888621, 0.09950731712740148, 0.0, 0.0, 0.0, 0.04688669779969397, 0.0, 0.13635786553969723, 0.0, 0.031051048610206557)",185
18448,49,7,11,"(0.1012229904992963, 0.10794457978340147, 0.0, 0.0, 0.0, 0.04688669779969397, 0.0, 0.12600017819105255, 0.0, 0.031051048610206557)",1
18449,49,7,11,"(0.09033430006888621, 0.17959980629096398, 0.0, 0.0, 0.0, 0.04688669779969397, 0.0, 0.09523546217639671, 0.0, 0.031051048610206557)",2
18450,49,7,13,"(0.0, 0.0, 0.11679612853536596, 0.11566245524900162, 0.09172770611919409, 0.07489992963210028, 0.0, 0.0, 0.14899621190854193, 0.0)",139
18451,49,7,13,"(0.0, 0.0, 0.10657901948930074, 0.11566245524900162, 0.1343498728814909, 0.07489992963210028, 0.0, 0.0, 0.14899621190854193, 0.0)",2
18452,49,7,13,"(0.0, 0.0, 0.13857717383797324, 0.11566245524900162, 0.09172770611919409, 0.07489992963210028, 0.0, 0.0, 0.14899621190854193, 0.0)",2
18453,49,7,13,"(0.0, 0.0, 0.07256632879353601, 0.11566245524900162, 0.09172770611919409, 0.07489992963210028, 0.0, 0.0, 0.10722962988833336, 0.0)",1
18454,49,8,8,"(0.08829965453524319, 0.0, 0.14310192845016753, 0.1433463562537395, 0.09173902283359818, 0.0, 0.10150129252621577, 0.0, 0.0, 0.0)",1
18455,49,8,8,"(0.08829965453524319, 0.0, 0.08950620996642342, 0.09247639241939104, 0.09173902283359818, 0.0, 0.06826344941350267, 0.0, 0.0, 0.0)",356
18456,49,8,8,"(0.08829965453524319, 0.0, 0.08950620996642342, 0.09247639241939104, 0.09173902283359818, 0.0, 0.05450896689730331, 0.0, 0.0, 0.0)",1
18457,49,8,8,"(0.08829965453524319, 0.0, 0.08950620996642342, 0.05483435128558657, 0.1089363328151481, 0.0, 0.07753814934208435, 0.0, 0.0, 0.0)",2
18458,49,8,8,"(0.08829965453524319, 0.0, 0.09551569420175016, 0.09247639241939104, 0.09173902283359818, 0.0, 0.06826344941350267, 0.0, 0.0, 0.0)",4
18459,49,8,11,"(0.09033430006888621, 0.08020409284321883, 0.0, 0.0, 0.0, 0.04688669779969397, 0.0, 0.13635786553969723, 0.0, 0.031051048610206557)",97
18460,49,8,11,"(0.09033430006888621, 0.14970886995698662, 0.0, 0.0, 0.0, 0.04688669779969397, 0.0, 0.09523546217639671, 0.0, 0.012154750363459407)",1
18461,49,8,11,"(0.09033430006888621, 0.3236137426315258, 0.0, 0.0, 0.0, 0.04688669779969397, 0.0, 0.062337938307845675, 0.0, 0.031051048610206557)",1
18462,49,8,11,"(0.09033430006888621, 0.09950731712740148, 0.0, 0.0, 0.0, 0.04110388435584338, 0.0, 0.13635786553969723, 0.0, 0.031051048610206557)",1
18463,49,8,11,"(0.09033430006888621, 0.09950731712740148, 0.0, 0.0, 0.0, 0.04688669779969397, 0.0, 0.12600017819105255, 0.0, 0.031051048610206557)",27
18464,49,8,11,"(0.09033430006888621, 0.09950731712740148, 0.0, 0.0, 0.0, 0.04688669779969397, 0.0, 0.13635786553969723, 0.0, 0.031051048610206557)",79
18465,49,8,11,"(0.03331481754168647, 0.05830511797812487, 0.0, 0.0, 0.0, 0.04688669779969397, 0.0, 0.13635786553969723, 0.0, 0.031051048610206557)",1
18466,49,8,11,"(0.13902543748350266, 0.09950731712740148, 0.0, 0.0, 0.0, 0.04688669779969397, 0.0, 0.13635786553969723, 0.0, 0.031051048610206557)",38
18467,49,8,11,"(0.05746045114801042, 0.14970886995698662, 0.0, 0.0, 0.0, 0.04688669779969397, 0.0, 0.09523546217639671, 0.0, 0.031051048610206557)",1
18468,49,8,11,"(0.09033430006888621, 0.14970886995698662, 0.0, 0.0, 0.0, 0.04688669779969397, 0.0, 0.09523546217639671, 0.0, 0.031051048610206557)",223
18469,49,8,11,"(0.09826966489740394, 0.09950731712740148, 0.0, 0.0, 0.0, 0.04688669779969397, 0.0, 0.13635786553969723, 0.0, 0.031051048610206557)",1
18470,49,8,13,"(0.0, 0.0, 0.11679612853536596, 0.09128503613551675, 0.09172770611919409, 0.07489992963210028, 0.0, 0.0, 0.14899621190854193, 0.0)",2
18471,49,8,13,"(0.0, 0.0, 0.11679612853536596, 0.11566245524900162, 0.09172770611919409, 0.07489992963210028, 0.0, 0.0, 0.14899621190854193, 0.0)",125
18472,49,8,13,"(0.0, 0.0, 0.11679612853536596, 0.11566245524900162, 0.09172770611919409, 0.05998951618764801, 0.0, 0.0, 0.14899621190854193, 0.0)",13
18473,49,9,8,"(0.14772166901463912, 0.0, 0.08950620996642342, 0.11818893061756566, 0.09173902283359818, 0.0, 0.06826344941350267, 0.0, 0.0, 0.0)",1
18474,49,9,8,"(0.08829965453524319, 0.0, 0.08950620996642342, 0.09247639241939104, 0.06681292982139503, 0.0, 0.06826344941350267, 0.0, 0.0, 0.0)",1
18475,49,9,8,"(0.07154655346399097, 0.0, 0.08950620996642342, 0.09247639241939104, 0.09173902283359818, 0.0, 0.06826344941350267, 0.0, 0.0, 0.0)",1
18476,49,9,8,"(0.07106794568526772, 0.0, 0.08950620996642342, 0.09247639241939104, 0.09173902283359818, 0.0, 0.06826344941350267, 0.0, 0.0, 0.0)",4
18477,49,9,8,"(0.08829965453524319, 0.0, 0.08950620996642342, 0.09247639241939104, 0.09173902283359818, 0.0, 0.06826344941350267, 0.0, 0.0, 0.0)",290
18478,49,9,11,"(0.09033430006888621, 0.09950731712740148, 0.0, 0.0, 0.0, 0.04688669779969397, 0.0, 0.13635786553969723, 0.0, 0.031051048610206557)",327
18479,49,9,11,"(0.09033430006888621, 0.09950731712740148, 0.0, 0.0, 0.0, 0.04688669779969397, 0.0, 0.13635786553969723, 0.0, 0.034345706368836916)",2
18480,49,9,11,"(0.11957839411881531, 0.09950731712740148, 0.0, 0.0, 0.0, 0.04688669779969397, 0.0, 0.13635786553969723, 0.0, 0.031051048610206557)",1
18481,49,9,11,"(0.09033430006888621, 0.14970886995698662, 0.0, 0.0, 0.0, 0.04688669779969397, 0.0, 0.09523546217639671, 0.0, 0.031051048610206557)",203
18482,49,9,11,"(0.09033430006888621, 0.09950731712740148, 0.0, 0.0, 0.0, 0.04688669779969397, 0.0, 0.09529529387267623, 0.0, 0.031051048610206557)",1
18483,49,9,11,"(0.12100312389750136, 0.09950731712740148, 0.0, 0.0, 0.0, 0.04688669779969397, 0.0, 0.13635786553969723, 0.0, 0.031051048610206557)",2
18484,49,9,13,"(0.0, 0.0, 0.06346210069175379, 0.11566245524900162, 0.09172770611919409, 0.07489992963210028, 0.0, 0.0, 0.14899621190854193, 0.0)",1
18485,49,9,13,"(0.0, 0.0, 0.11679612853536596, 0.11566245524900162, 0.09172770611919409, 0.14154540665451282, 0.0, 0.0, 0.14899621190854193, 0.0)",2
18486,49,9,13,"(0.0, 0.0, 0.12856165056746208, 0.06157085943633216, 0.09172770611919409, 0.07489992963210028, 0.0, 0.0, 0.14761714227433453, 0.0)",1
18487,49,9,13,"(0.0, 0.0, 0.04452470295854697, 0.11566245524900162, 0.09172770611919409, 0.07489992963210028, 0.0, 0.0, 0.14899621190854193, 0.0)",2
18488,49,9,13,"(0.0, 0.0, 0.11679612853536596, 0.11566245524900162, 0.09172770611919409, 0.07489992963210028, 0.0, 0.0, 0.14899621190854193, 0.0)",148
18489,49,10,8,"(0.08829965453524319, 0.0, 0.09430948671934608, 0.09247639241939104, 0.09173902283359818, 0.0, 0.09095827300460327, 0.0, 0.0, 0.0)",1
18490,49,10,8,"(0.08829965453524319, 0.0, 0.08950620996642342, 0.09247639241939104, 0.09173902283359818, 0.0, 0.05859487753037986, 0.0, 0.0, 0.0)",4
18491,49,10,8,"(0.08829965453524319, 0.0, 0.10989301990834084, 0.09247639241939104, 0.09173902283359818, 0.0, 0.06826344941350267, 0.0, 0.0, 0.0)",1
18492,49,10,8,"(0.08829965453524319, 0.0, 0.08913393909232213, 0.09247639241939104, 0.09173902283359818, 0.0, 0.06826344941350267, 0.0, 0.0, 0.0)",1
18493,49,10,8,"(0.08829965453524319, 0.0, 0.08950620996642342, 0.09247639241939104, 0.09173902283359818, 0.0, 0.06063058857166336, 0.0, 0.0, 0.0)",2
18494,49,10,8,"(0.08829965453524319, 0.0, 0.08950620996642342, 0.09247639241939104, 0.09173902283359818, 0.0, 0.06826344941350267, 0.0, 0.0, 0.0)",270
18495,49,10,11,"(0.09033430006888621, 0.14970886995698662, 0.0, 0.0, 0.0, 0.04688669779969397, 0.0, 0.10908006851906114, 0.0, 0.031051048610206557)",1
18496,49,10,11,"(0.09033430006888621, 0.09950731712740148, 0.0, 0.0, 0.0, 0.04688669779969397, 0.0, 0.13635786553969723, 0.0, 0.033465848631790196)",1
18497,49,10,11,"(0.11068641304910785, 0.09950731712740148, 0.0, 0.0, 0.0, 0.04688669779969397, 0.0, 0.13635786553969723, 0.0, 0.031051048610206557)",3
18498,49,10,11,"(0.09033430006888621, 0.09950731712740148, 0.0, 0.0, 0.0, 0.05378909505124112, 0.0, 0.13635786553969723, 0.0, 0.031051048610206557)",1
18499,49,10,11,"(0.09033430006888621, 0.09950731712740148, 0.0, 0.0, 0.0, 0.06005488996532068, 0.0, 0.13635786553969723, 0.0, 0.031051048610206557)",19
18500,49,10,11,"(0.1260130424955627, 0.14970886995698662, 0.0, 0.0, 0.0, 0.04688669779969397, 0.0, 0.20942868054993258, 0.0, 0.031051048610206557)",5
18501,49,10,11,"(0.09033430006888621, 0.14970886995698662, 0.0, 0.0, 0.0, 0.04688669779969397, 0.0, 0.09523546217639671, 0.0, 0.031051048610206557)",204
18502,49,10,11,"(0.09033430006888621, 0.09950731712740148, 0.0, 0.0, 0.0, 0.04688669779969397, 0.0, 0.13635786553969723, 0.0, 0.031051048610206557)",300
18503,49,10,13,"(0.0, 0.0, 0.11679612853536596, 0.11566245524900162, 0.09172770611919409, 0.07489992963210028, 0.0, 0.0, 0.14899621190854193, 0.0)",98
18504,49,10,13,"(0.0, 0.0, 0.11679612853536596, 0.21123885846157475, 0.09172770611919409, 0.07489992963210028, 0.0, 0.0, 0.14899621190854193, 0.0)",1
18505,49,10,13,"(0.0, 0.0, 0.11679612853536596, 0.09866956748847248, 0.09172770611919409, 0.07489992963210028, 0.0, 0.0, 0.14899621190854193, 0.0)",44
18506,49,11,8,"(0.08829965453524319, 0.0, 0.1392940662741716, 0.10230801761762746, 0.09173902283359818, 0.0, 0.08048537111887752, 0.0, 0.0, 0.0)",3
18507,49,11,8,"(0.08829965453524319, 0.0, 0.08950620996642342, 0.09247639241939104, 0.09173902283359818, 0.0, 0.06826344941350267, 0.0, 0.0, 0.0)",238
18508,49,11,11,"(0.09033430006888621, 0.11893984825924848, 0.0, 0.0, 0.0, 0.04688669779969397, 0.0, 0.13635786553969723, 0.0, 0.031051048610206557)",1
18509,49,11,11,"(0.09033430006888621, 0.09950731712740148, 0.0, 0.0, 0.0, 0.04688669779969397, 0.0, 0.13635786553969723, 0.0, 0.031051048610206557)",282
18510,49,11,11,"(0.09033430006888621, 0.14970886995698662, 0.0, 0.0, 0.0, 0.04688669779969397, 0.0, 0.09523546217639671, 0.0, 0.031051048610206557)",215
18511,49,11,11,"(0.09033430006888621, 0.04841421223482285, 0.0, 0.0, 0.0, 0.04688669779969397, 0.0, 0.13635786553969723, 0.0, 0.031051048610206557)",1
18512,49,11,11,"(0.09033430006888621, 0.09950731712740148, 0.0, 0.0, 0.0, 0.04688669779969397, 0.0, 0.13635786553969723, 0.0, 0.027267350634978895)",14
18513,49,11,11,"(0.09033430006888621, 0.14970886995698662, 0.0, 0.0, 0.0, 0.04688669779969397, 0.0, 0.09523546217639671, 0.0, 0.02034559694237522)",4
18514,49,11,11,"(0.09033430006888621, 0.09950731712740148, 0.0, 0.0, 0.0, 0.04688669779969397, 0.0, 0.07929122239370888, 0.0, 0.031051048610206557)",4
18515,49,11,11,"(0.09033430006888621, 0.09185446301786572, 0.0, 0.0, 0.0, 0.04688669779969397, 0.0, 0.13159391294992454, 0.0, 0.031051048610206557)",1
18516,49,11,11,"(0.05899459600973398, 0.09950731712740148, 0.0, 0.0, 0.0, 0.04688669779969397, 0.0, 0.13635786553969723, 0.0, 0.031051048610206557)",3
18517,49,11,11,"(0.09033430006888621, 0.14970886995698662, 0.0, 0.0, 0.0, 0.04688669779969397, 0.0, 0.07906962611498354, 0.0, 0.031051048610206557)",2
18518,49,11,11,"(0.22978430993846397, 0.3771815516219846, 0.0, 0.0, 0.0, 0.04688669779969397, 0.0, 0.06970968443035472, 0.0, 0.031051048610206557)",1
18519,49,11,11,"(0.09033430006888621, 0.14970886995698662, 0.0, 0.0, 0.0, 0.04688669779969397, 0.0, 0.0716209794057172, 0.0, 0.031051048610206557)",1
18520,49,11,11,"(0.09033430006888621, 0.14970886995698662, 0.0, 0.0, 0.0, 0.04688669779969397, 0.0, 0.09340129535963722, 0.0, 0.031051048610206557)",1
18521,49,11,13,"(0.0, 0.0, 0.11679612853536596, 0.11566245524900162, 0.09172770611919409, 0.07489992963210028, 0.0, 0.0, 0.14899621190854193, 0.0)",166
18522,49,11,13,"(0.0, 0.0, 0.11679612853536596, 0.09576003520620789, 0.09172770611919409, 0.07489992963210028, 0.0, 0.0, 0.14899621190854193, 0.0)",1
18523,49,11,13,"(0.0, 0.0, 0.11679612853536596, 0.11566245524900162, 0.09151657400690001, 0.05030091300317323, 0.0, 0.0, 0.14899621190854193, 0.0)",1
18524,49,12,8,"(0.08829965453524319, 0.0, 0.08950620996642342, 0.09247639241939104, 0.09173902283359818, 0.0, 0.06826344941350267, 0.0, 0.0, 0.0)",327
18525,49,12,8,"(0.08829965453524319, 0.0, 0.08950620996642342, 0.08664909015085254, 0.09173902283359818, 0.0, 0.06826344941350267, 0.0, 0.0, 0.0)",2
18526,49,12,8,"(0.08829965453524319, 0.0, 0.08950620996642342, 0.09247639241939104, 0.11090114936227863, 0.0, 0.06826344941350267, 0.0, 0.0, 0.0)",1
18527,49,12,8,"(0.08829965453524319, 0.0, 0.08950620996642342, 0.09247639241939104, 0.10793595127761466, 0.0, 0.06826344941350267, 0.0, 0.0, 0.0)",1
18528,49,12,8,"(0.08829965453524319, 0.0, 0.10012197419016555, 0.08797594044182575, 0.09173902283359818, 0.0, 0.06826344941350267, 0.0, 0.0, 0.0)",35
18529,49,12,8,"(0.08829965453524319, 0.0, 0.17956722174590845, 0.12055568511541129, 0.09173902283359818, 0.0, 0.06826344941350267, 0.0, 0.0, 0.0)",3
18530,49,12,8,"(0.08829965453524319, 0.0, 0.10012197419016555, 0.08797594044182575, 0.04508196222182726, 0.0, 0.06826344941350267, 0.0, 0.0, 0.0)",1
18531,49,12,8,"(0.1017591013593985, 0.0, 0.08950620996642342, 0.09247639241939104, 0.09173902283359818, 0.0, 0.06826344941350267, 0.0, 0.0, 0.0)",3
18532,49,12,8,"(0.08829965453524319, 0.0, 0.08950620996642342, 0.06971012131044839, 0.09173902283359818, 0.0, 0.06826344941350267, 0.0, 0.0, 0.0)",2
18533,49,12,11,"(0.09033430006888621, 0.14970886995698662, 0.0, 0.0, 0.0, 0.04688669779969397, 0.0, 0.09523546217639671, 0.0, 0.031051048610206557)",234
18534,49,12,11,"(0.09033430006888621, 0.09950731712740148, 0.0, 0.0, 0.0, 0.04688669779969397, 0.0, 0.13635786553969723, 0.0, 0.03711406020531683)",1
18535,49,12,11,"(0.09033430006888621, 0.09950731712740148, 0.0, 0.0, 0.0, 0.04688669779969397, 0.0, 0.13635786553969723, 0.0, 0.031051048610206557)",234
18536,49,12,11,"(0.09033430006888621, 0.15155659003224803, 0.0, 0.0, 0.0, 0.04688669779969397, 0.0, 0.09523546217639671, 0.0, 0.031051048610206557)",2
18537,49,12,11,"(0.09033430006888621, 0.09950731712740148, 0.0, 0.0, 0.0, 0.06812606168420492, 0.0, 0.14483891998622922, 0.0, 0.031051048610206557)",2
18538,49,12,11,"(0.07920934888310792, 0.14970886995698662, 0.0, 0.0, 0.0, 0.04688669779969397, 0.0, 0.09523546217639671, 0.0, 0.031051048610206557)",1
18539,49,12,11,"(0.09033430006888621, 0.09950731712740148, 0.0, 0.0, 0.0, 0.055504193302288854, 0.0, 0.13635786553969723, 0.0, 0.04062083525941692)",1
18540,49,12,13,"(0.0, 0.0, 0.11679612853536596, 0.11566245524900162, 0.09172770611919409, 0.07489992963210028, 0.0, 0.0, 0.14899621190854193, 0.0)",103
18541,49,12,13,"(0.0, 0.0, 0.11679612853536596, 0.11566245524900162, 0.11109266959551767, 0.07489992963210028, 0.0, 0.0, 0.14899621190854193, 0.0)",31
18542,49,13,8,"(0.08829965453524319, 0.0, 0.08950620996642342, 0.11278807753604847, 0.09173902283359818, 0.0, 0.06826344941350267, 0.0, 0.0, 0.0)",2
18543,49,13,8,"(0.08829965453524319, 0.0, 0.08950620996642342, 0.09247639241939104, 0.10520559710602066, 0.0, 0.06826344941350267, 0.0, 0.0, 0.0)",1
18544,49,13,8,"(0.08829965453524319, 0.0, 0.08950620996642342, 0.09247639241939104, 0.09173902283359818, 0.0, 0.03246058390209672, 0.0, 0.0, 0.0)",40
18545,49,13,8,"(0.08829965453524319, 0.0, 0.08950620996642342, 0.09247639241939104, 0.09173902283359818, 0.0, 0.04089654085528311, 0.0, 0.0, 0.0)",1
18546,49,13,8,"(0.08829965453524319, 0.0, 0.10346348348924125, 0.09247639241939104, 0.07833816453904968, 0.0, 0.06826344941350267, 0.0, 0.0, 0.0)",18
18547,49,13,8,"(0.12357002561589057, 0.0, 0.06685038641349225, 0.09247639241939104, 0.09173902283359818, 0.0, 0.06826344941350267, 0.0, 0.0, 0.0)",1
18548,49,13,8,"(0.04836942592934969, 0.0, 0.08950620996642342, 0.08394107524950731, 0.09173902283359818, 0.0, 0.06826344941350267, 0.0, 0.0, 0.0)",3
18549,49,13,8,"(0.09888331994448096, 0.0, 0.08950620996642342, 0.09247639241939104, 0.09173902283359818, 0.0, 0.09009222100100228, 0.0, 0.0, 0.0)",31
18550,49,13,8,"(0.08829965453524319, 0.0, 0.08950620996642342, 0.09247639241939104, 0.09173902283359818, 0.0, 0.06383832100027265, 0.0, 0.0, 0.0)",1
18551,49,13,8,"(0.08829965453524319, 0.0, 0.08950620996642342, 0.09247639241939104, 0.09173902283359818, 0.0, 0.06826344941350267, 0.0, 0.0, 0.0)",254
18552,49,13,11,"(0.09033430006888621, 0.09950731712740148, 0.0, 0.0, 0.0, 0.05102599487397503, 0.0, 0.060323992061831706, 0.0, 0.049680787845450325)",1
18553,49,13,11,"(0.09033430006888621, 0.09950731712740148, 0.0, 0.0, 0.0, 0.04688669779969397, 0.0, 0.11363259115560857, 0.0, 0.031051048610206557)",66
18554,49,13,11,"(0.09033430006888621, 0.09950731712740148, 0.0, 0.0, 0.0, 0.04688669779969397, 0.0, 0.19189108618442924, 0.0, 0.031051048610206557)",2
18555,49,13,11,"(0.09033430006888621, 0.14970886995698662, 0.0, 0.0, 0.0, 0.04688669779969397, 0.0, 0.09523546217639671, 0.0, 0.031051048610206557)",40
18556,49,13,11,"(0.09033430006888621, 0.09950731712740148, 0.0, 0.0, 0.0, 0.04688669779969397, 0.0, 0.21794184053248014, 0.0, 0.031051048610206557)",1
18557,49,13,11,"(0.09190964431759072, 0.09950731712740148, 0.0, 0.0, 0.0, 0.018276676415804726, 0.0, 0.13635786553969723, 0.0, 0.023426239998236457)",1
18558,49,13,11,"(0.09033430006888621, 0.09950731712740148, 0.0, 0.0, 0.0, 0.04688669779969397, 0.0, 0.13635786553969723, 0.0, 0.031051048610206557)",402
18559,49,13,13,"(0.0, 0.0, 0.11679612853536596, 0.0633852484102788, 0.06319073780070489, 0.07489992963210028, 0.0, 0.0, 0.14899621190854193, 0.0)",1
18560,49,13,13,"(0.0, 0.0, 0.11679612853536596, 0.11566245524900162, 0.11109266959551767, 0.07489992963210028, 0.0, 0.0, 0.14899621190854193, 0.0)",4
18561,49,13,13,"(0.0, 0.0, 0.12086382591361312, 0.11566245524900162, 0.09172770611919409, 0.07489992963210028, 0.0, 0.0, 0.14899621190854193, 0.0)",4
18562,49,13,13,"(0.0, 0.0, 0.11679612853536596, 0.16522490280278435, 0.09172770611919409, 0.07489992963210028, 0.0, 0.0, 0.14899621190854193, 0.0)",1
18563,49,13,13,"(0.0, 0.0, 0.11679612853536596, 0.11566245524900162, 0.09172770611919409, 0.07489992963210028, 0.0, 0.0, 0.14899621190854193, 0.0)",144
18564,49,13,13,"(0.0, 0.0, 0.11679612853536596, 0.11566245524900162, 0.08166065721315038, 0.07008982594261912, 0.0, 0.0, 0.1710573110072926, 0.0)",1
18565,49,14,8,"(0.08829965453524319, 0.0, 0.08950620996642342, 0.11849475902070963, 0.09173902283359818, 0.0, 0.06826344941350267, 0.0, 0.0, 0.0)",14
18566,49,14,8,"(0.08829965453524319, 0.0, 0.14359433124656118, 0.09247639241939104, 0.09173902283359818, 0.0, 0.06826344941350267, 0.0, 0.0, 0.0)",1
18567,49,14,8,"(0.08829965453524319, 0.0, 0.08950620996642342, 0.09247639241939104, 0.09173902283359818, 0.0, 0.06826344941350267, 0.0, 0.0, 0.0)",400
18568,49,14,11,"(0.09033430006888621, 0.13161861614833945, 0.0, 0.0, 0.0, 0.04688669779969397, 0.0, 0.09523546217639671, 0.0, 0.031051048610206557)",2
18569,49,14,11,"(0.09033430006888621, 0.11764712322946666, 0.0, 0.0, 0.0, 0.04688669779969397, 0.0, 0.09523546217639671, 0.0, 0.025964071693019623)",1
18570,49,14,11,"(0.09033430006888621, 0.14970886995698662, 0.0, 0.0, 0.0, 0.04688669779969397, 0.0, 0.09523546217639671, 0.0, 0.031051048610206557)",181
18571,49,14,11,"(0.0691287063999572, 0.17775468303276362, 0.0, 0.0, 0.0, 0.04688669779969397, 0.0, 0.09523546217639671, 0.0, 0.031051048610206557)",6
18572,49,14,11,"(0.09033430006888621, 0.14970886995698662, 0.0, 0.0, 0.0, 0.04688669779969397, 0.0, 0.03470302763879516, 0.0, 0.03394354023314256)",16
18573,49,14,11,"(0.09033430006888621, 0.09950731712740148, 0.0, 0.0, 0.0, 0.04688669779969397, 0.0, 0.13635786553969723, 0.0, 0.031051048610206557)",154
18574,49,14,11,"(0.14632835368291067, 0.09950731712740148, 0.0, 0.0, 0.0, 0.07620715533987606, 0.0, 0.13635786553969723, 0.0, 0.031051048610206557)",10
18575,49,14,13,"(0.0, 0.0, 0.11679612853536596, 0.11566245524900162, 0.11109266959551767, 0.09992644972290367, 0.0, 0.0, 0.14899621190854193, 0.0)",1
18576,49,14,13,"(0.0, 0.0, 0.11679612853536596, 0.11566245524900162, 0.09172770611919409, 0.07489992963210028, 0.0, 0.0, 0.14899621190854193, 0.0)",101
18577,49,14,13,"(0.0, 0.0, 0.11679612853536596, 0.11566245524900162, 0.11109266959551767, 0.07489992963210028, 0.0, 0.0, 0.14899621190854193, 0.0)",35
18578,49,15,8,"(0.08829965453524319, 0.0, 0.08950620996642342, 0.09247639241939104, 0.09173902283359818, 0.0, 0.06826344941350267, 0.0, 0.0, 0.0)",333
18579,49,15,8,"(0.08829965453524319, 0.0, 0.08950620996642342, 0.09247639241939104, 0.09173902283359818, 0.0, 0.08516447304467697, 0.0, 0.0, 0.0)",1
18580,49,15,8,"(0.08829965453524319, 0.0, 0.08950620996642342, 0.09529815457510751, 0.09173902283359818, 0.0, 0.06826344941350267, 0.0, 0.0, 0.0)",1
18581,49,15,8,"(0.052617412770269975, 0.0, 0.08950620996642342, 0.09247639241939104, 0.09173902283359818, 0.0, 0.06826344941350267, 0.0, 0.0, 0.0)",4
18582,49,15,8,"(0.08829965453524319, 0.0, 0.08950620996642342, 0.09247639241939104, 0.0766426973245548, 0.0, 0.06826344941350267, 0.0, 0.0, 0.0)",3
18583,49,15,8,"(0.08829965453524319, 0.0, 0.08950620996642342, 0.0371270595130979, 0.1135536975973777, 0.0, 0.06826344941350267, 0.0, 0.0, 0.0)",2
18584,49,15,8,"(0.08829965453524319, 0.0, 0.08950620996642342, 0.06218775975369135, 0.09173902283359818, 0.0, 0.06826344941350267, 0.0, 0.0, 0.0)",1
18585,49,15,8,"(0.04278377025943463, 0.0, 0.08950620996642342, 0.09247639241939104, 0.09173902283359818, 0.0, 0.06826344941350267, 0.0, 0.0, 0.0)",1
18586,49,15,11,"(0.09033430006888621, 0.14970886995698662, 0.0, 0.0, 0.0, 0.04688669779969397, 0.0, 0.09523546217639671, 0.0, 0.031051048610206557)",195
18587,49,15,11,"(0.1264397687007855, 0.14970886995698662, 0.0, 0.0, 0.0, 0.04688669779969397, 0.0, 0.09523546217639671, 0.0, 0.031051048610206557)",1
18588,49,15,11,"(0.09033430006888621, 0.09950731712740148, 0.0, 0.0, 0.0, 0.04688669779969397, 0.0, 0.2086905646107657, 0.0, 0.031051048610206557)",1
18589,49,15,11,"(0.09033430006888621, 0.14970886995698662, 0.0, 0.0, 0.0, 0.04688669779969397, 0.0, 0.057670384840292584, 0.0, 0.02717238194674173)",1
18590,49,15,11,"(0.09033430006888621, 0.09950731712740148, 0.0, 0.0, 0.0, 0.04822464652261415, 0.0, 0.13635786553969723, 0.0, 0.031051048610206557)",2
18591,49,15,11,"(0.09033430006888621, 0.0776577209095541, 0.0, 0.0, 0.0, 0.04729843366048393, 0.0, 0.17001670809047573, 0.0, 0.031051048610206557)",1
18592,49,15,11,"(0.09033430006888621, 0.14970886995698662, 0.0, 0.0, 0.0, 0.026254172662681315, 0.0, 0.09523546217639671, 0.0, 0.031051048610206557)",3
18593,49,15,11,"(0.09033430006888621, 0.08746173843508791, 0.0, 0.0, 0.0, 0.05218309827312931, 0.0, 0.13635786553969723, 0.0, 0.0393311165669313)",1
18594,49,15,11,"(0.09033430006888621, 0.09950731712740148, 0.0, 0.0, 0.0, 0.04688669779969397, 0.0, 0.13635786553969723, 0.0, 0.031051048610206557)",316
18595,49,15,11,"(0.09033430006888621, 0.17633343767866946, 0.0, 0.0, 0.0, 0.04688669779969397, 0.0, 0.09523546217639671, 0.0, 0.031051048610206557)",1
18596,49,15,11,"(0.07341621524017734, 0.09950731712740148, 0.0, 0.0, 0.0, 0.04688669779969397, 0.0, 0.13635786553969723, 0.0, 0.031051048610206557)",1
18597,49,15,11,"(0.04869949246718056, 0.09950731712740148, 0.0, 0.0, 0.0, 0.04688669779969397, 0.0, 0.13635786553969723, 0.0, 0.031051048610206557)",1
18598,49,15,13,"(0.0, 0.0, 0.11679612853536596, 0.11566245524900162, 0.09172770611919409, 0.07489992963210028, 0.0, 0.0, 0.14899621190854193, 0.0)",150
18599,49,15,13,"(0.0, 0.0, 0.11679612853536596, 0.11566245524900162, 0.09172770611919409, 0.07489992963210028, 0.0, 0.0, 0.07766045745743157, 0.0)",1
18600,49,16,8,"(0.08829965453524319, 0.0, 0.08950620996642342, 0.07591836907120181, 0.09173902283359818, 0.0, 0.06826344941350267, 0.0, 0.0, 0.0)",2
18601,49,16,8,"(0.08829965453524319, 0.0, 0.05908061343938863, 0.14150396880871727, 0.04805533313590978, 0.0, 0.06826344941350267, 0.0, 0.0, 0.0)",1
18602,49,16,8,"(0.06742335503548855, 0.0, 0.08950620996642342, 0.09247639241939104, 0.09173902283359818, 0.0, 0.06826344941350267, 0.0, 0.0, 0.0)",1
18603,49,16,8,"(0.08829965453524319, 0.0, 0.08950620996642342, 0.09247639241939104, 0.09173902283359818, 0.0, 0.06826344941350267, 0.0, 0.0, 0.0)",310
18604,49,16,8,"(0.08829965453524319, 0.0, 0.1803140579017733, 0.1125733817548749, 0.09173902283359818, 0.0, 0.06254340127673488, 0.0, 0.0, 0.0)",4
18605,49,16,8,"(0.08829965453524319, 0.0, 0.1029079468204739, 0.09247639241939104, 0.09173902283359818, 0.0, 0.06826344941350267, 0.0, 0.0, 0.0)",4
18606,49,16,8,"(0.08829965453524319, 0.0, 0.08950620996642342, 0.08129659501734604, 0.09173902283359818, 0.0, 0.06826344941350267, 0.0, 0.0, 0.0)",1
18607,49,16,8,"(0.12222154093358327, 0.0, 0.08950620996642342, 0.09247639241939104, 0.09173902283359818, 0.0, 0.06540842904065566, 0.0, 0.0, 0.0)",1
18608,49,16,11,"(0.09033430006888621, 0.09950731712740148, 0.0, 0.0, 0.0, 0.03768896450750614, 0.0, 0.13635786553969723, 0.0, 0.031051048610206557)",1
18609,49,16,11,"(0.09033430006888621, 0.09950731712740148, 0.0, 0.0, 0.0, 0.04688669779969397, 0.0, 0.12482485867780208, 0.0, 0.031051048610206557)",2
18610,49,16,11,"(0.09033430006888621, 0.09950731712740148, 0.0, 0.0, 0.0, 0.04688669779969397, 0.0, 0.09802018617497167, 0.0, 0.03534393826939836)",2
18611,49,16,11,"(0.09033430006888621, 0.09950731712740148, 0.0, 0.0, 0.0, 0.04688669779969397, 0.0, 0.13635786553969723, 0.0, 0.04252895287509193)",1
18612,49,16,11,"(0.09033430006888621, 0.16889569683158653, 0.0, 0.0, 0.0, 0.04688669779969397, 0.0, 0.13635786553969723, 0.0, 0.031051048610206557)",3
18613,49,16,11,"(0.09033430006888621, 0.09950731712740148, 0.0, 0.0, 0.0, 0.04688669779969397, 0.0, 0.07059541774044187, 0.0, 0.031051048610206557)",1
18614,49,16,11,"(0.09033430006888621, 0.16172425763652903, 0.0, 0.0, 0.0, 0.04688669779969397, 0.0, 0.09523546217639671, 0.0, 0.031051048610206557)",3
18615,49,16,11,"(0.09033430006888621, 0.14970886995698662, 0.0, 0.0, 0.0, 0.04688669779969397, 0.0, 0.09523546217639671, 0.0, 0.031051048610206557)",212
18616,49,16,11,"(0.04774035466995311, 0.09950731712740148, 0.0, 0.0, 0.0, 0.04688669779969397, 0.0, 0.1846226687591889, 0.0, 0.031051048610206557)",20
18617,49,16,11,"(0.09033430006888621, 0.09950731712740148, 0.0, 0.0, 0.0, 0.04688669779969397, 0.0, 0.13635786553969723, 0.0, 0.031051048610206557)",230
18618,49,16,13,"(0.0, 0.0, 0.11679612853536596, 0.11566245524900162, 0.09172770611919409, 0.07489992963210028, 0.0, 0.0, 0.14899621190854193, 0.0)",133
18619,49,16,13,"(0.0, 0.0, 0.11679612853536596, 0.11566245524900162, 0.11109266959551767, 0.07489992963210028, 0.0, 0.0, 0.14899621190854193, 0.0)",26
18620,49,16,13,"(0.0, 0.0, 0.10369685226688868, 0.11566245524900162, 0.11109266959551767, 0.095962049980324, 0.0, 0.0, 0.14899621190854193, 0.0)",2
18621,49,16,13,"(0.0, 0.0, 0.11679612853536596, 0.11566245524900162, 0.09172770611919409, 0.16708965243013152, 0.0, 0.0, 0.14899621190854193, 0.0)",1
18622,49,16,13,"(0.0, 0.0, 0.11679612853536596, 0.17395541449647983, 0.05645807640398836, 0.07489992963210028, 0.0, 0.0, 0.2110900905091363, 0.0)",1
18623,49,16,13,"(0.0, 0.0, 0.11679612853536596, 0.243906832610727, 0.09172770611919409, 0.07489992963210028, 0.0, 0.0, 0.14899621190854193, 0.0)",1
18624,49,17,8,"(0.08829965453524319, 0.0, 0.08950620996642342, 0.09247639241939104, 0.09173902283359818, 0.0, 0.06826344941350267, 0.0, 0.0, 0.0)",243
18625,49,17,8,"(0.08829965453524319, 0.0, 0.08950620996642342, 0.09247639241939104, 0.09173902283359818, 0.0, 0.046690809579197565, 0.0, 0.0, 0.0)",22
18626,49,17,11,"(0.09033430006888621, 0.09950731712740148, 0.0, 0.0, 0.0, 0.04688669779969397, 0.0, 0.13635786553969723, 0.0, 0.031051048610206557)",334
18627,49,17,11,"(0.09033430006888621, 0.14970886995698662, 0.0, 0.0, 0.0, 0.04688669779969397, 0.0, 0.09523546217639671, 0.0, 0.031051048610206557)",213
18628,49,17,13,"(0.0, 0.0, 0.11679612853536596, 0.11566245524900162, 0.09172770611919409, 0.07489992963210028, 0.0, 0.0, 0.14899621190854193, 0.0)",137
18629,49,17,13,"(0.0, 0.0, 0.11654375206816393, 0.11566245524900162, 0.09172770611919409, 0.07489992963210028, 0.0, 0.0, 0.14899621190854193, 0.0)",1
18630,49,17,13,"(0.0, 0.0, 0.11679612853536596, 0.11566245524900162, 0.09172770611919409, 0.07880622632994978, 0.0, 0.0, 0.14899621190854193, 0.0)",4
18631,49,17,13,"(0.0, 0.0, 0.11679612853536596, 0.11566245524900162, 0.09172770611919409, 0.07489992963210028, 0.0, 0.0, 0.08291050183306316, 0.0)",1
18632,49,17,13,"(0.0, 0.0, 0.11679612853536596, 0.11566245524900162, 0.09172770611919409, 0.05179676043682908, 0.0, 0.0, 0.14899621190854193, 0.0)",1
18633,49,18,8,"(0.08829965453524319, 0.0, 0.08950620996642342, 0.09247639241939104, 0.05418700090740381, 0.0, 0.06826344941350267, 0.0, 0.0, 0.0)",1
18634,49,18,8,"(0.08829965453524319, 0.0, 0.08950620996642342, 0.08040615744739721, 0.09495093480016796, 0.0, 0.06826344941350267, 0.0, 0.0, 0.0)",1
18635,49,18,8,"(0.08829965453524319, 0.0, 0.08950620996642342, 0.09247639241939104, 0.09173902283359818, 0.0, 0.06826344941350267, 0.0, 0.0, 0.0)",317
18636,49,18,11,"(0.05595493401288263, 0.2720058747870544, 0.0, 0.0, 0.0, 0.04688669779969397, 0.0, 0.09523546217639671, 0.0, 0.031051048610206557)",1
18637,49,18,11,"(0.09033430006888621, 0.09950731712740148, 0.0, 0.0, 0.0, 0.04688669779969397, 0.0, 0.13635786553969723, 0.0, 0.031051048610206557)",126
18638,49,18,11,"(0.09033430006888621, 0.14970886995698662, 0.0, 0.0, 0.0, 0.04688669779969397, 0.0, 0.09523546217639671, 0.0, 0.031051048610206557)",3
18639,49,18,11,"(0.05595493401288263, 0.14970886995698662, 0.0, 0.0, 0.0, 0.04688669779969397, 0.0, 0.09523546217639671, 0.0, 0.05586614035890446)",1
18640,49,18,11,"(0.05595493401288263, 0.14970886995698662, 0.0, 0.0, 0.0, 0.04688669779969397, 0.0, 0.09523546217639671, 0.0, 0.06669052045266867)",1
18641,49,18,11,"(0.05595493401288263, 0.14970886995698662, 0.0, 0.0, 0.0, 0.04688669779969397, 0.0, 0.09523546217639671, 0.0, 0.031051048610206557)",426
18642,49,18,11,"(0.05595493401288263, 0.14970886995698662, 0.0, 0.0, 0.0, 0.04688669779969397, 0.0, 0.09523546217639671, 0.0, 0.03970619568821325)",1
18643,49,18,11,"(0.05595493401288263, 0.14970886995698662, 0.0, 0.0, 0.0, 0.04688669779969397, 0.0, 0.0572025467813813, 0.0, 0.031051048610206557)",1
18644,49,18,11,"(0.09033430006888621, 0.10021234738011219, 0.0, 0.0, 0.0, 0.04688669779969397, 0.0, 0.13635786553969723, 0.0, 0.031051048610206557)",1
18645,49,18,11,"(0.05595493401288263, 0.14970886995698662, 0.0, 0.0, 0.0, 0.0279115590106081, 0.0, 0.09523546217639671, 0.0, 0.031051048610206557)",1
18646,49,18,11,"(0.05595493401288263, 0.14970886995698662, 0.0, 0.0, 0.0, 0.061765607138092184, 0.0, 0.09523546217639671, 0.0, 0.031051048610206557)",1
18647,49,18,13,"(0.0, 0.0, 0.11679612853536596, 0.11566245524900162, 0.09172770611919409, 0.07489992963210028, 0.0, 0.0, 0.14899621190854193, 0.0)",147
18648,49,18,13,"(0.0, 0.0, 0.11679612853536596, 0.11566245524900162, 0.09172770611919409, 0.07489992963210028, 0.0, 0.0, 0.13425682581445184, 0.0)",2
18649,49,19,8,"(0.08829965453524319, 0.0, 0.08950620996642342, 0.09247639241939104, 0.14969885757828633, 0.0, 0.06826344941350267, 0.0, 0.0, 0.0)",1
18650,49,19,8,"(0.11409703482741584, 0.0, 0.08950620996642342, 0.07709441591564103, 0.09173902283359818, 0.0, 0.06826344941350267, 0.0, 0.0, 0.0)",2
18651,49,19,8,"(0.08829965453524319, 0.0, 0.06029697331101909, 0.09247639241939104, 0.09173902283359818, 0.0, 0.06826344941350267, 0.0, 0.0, 0.0)",2
18652,49,19,8,"(0.08829965453524319, 0.0, 0.08950620996642342, 0.09247639241939104, 0.09173902283359818, 0.0, 0.06826344941350267, 0.0, 0.0, 0.0)",241
18653,49,19,8,"(0.13867890295099652, 0.0, 0.09653779783137634, 0.09247639241939104, 0.09173902283359818, 0.0, 0.06826344941350267, 0.0, 0.0, 0.0)",10
18654,49,19,8,"(0.08829965453524319, 0.0, 0.08950620996642342, 0.09247639241939104, 0.05089550858226893, 0.0, 0.06826344941350267, 0.0, 0.0, 0.0)",3
18655,49,19,8,"(0.08829965453524319, 0.0, 0.08950620996642342, 0.13077913564203644, 0.09173902283359818, 0.0, 0.06826344941350267, 0.0, 0.0, 0.0)",3
18656,49,19,11,"(0.05595493401288263, 0.14970886995698662, 0.0, 0.0, 0.0, 0.04688669779969397, 0.0, 0.09523546217639671, 0.0, 0.031051048610206557)",256
18657,49,19,11,"(0.09033430006888621, 0.09950731712740148, 0.0, 0.0, 0.0, 0.05800416554281284, 0.0, 0.13635786553969723, 0.0, 0.031051048610206557)",2
18658,49,19,11,"(0.06107641809606743, 0.14970886995698662, 0.0, 0.0, 0.0, 0.04688669779969397, 0.0, 0.09523546217639671, 0.0, 0.031051048610206557)",42
18659,49,19,11,"(0.08306853746312512, 0.14970886995698662, 0.0, 0.0, 0.0, 0.04688669779969397, 0.0, 0.09523546217639671, 0.0, 0.031051048610206557)",17
18660,49,19,11,"(0.09033430006888621, 0.14970886995698662, 0.0, 0.0, 0.0, 0.04688669779969397, 0.0, 0.09523546217639671, 0.0, 0.031051048610206557)",26
18661,49,19,11,"(0.09033430006888621, 0.09950731712740148, 0.0, 0.0, 0.0, 0.04688669779969397, 0.0, 0.13635786553969723, 0.0, 0.031051048610206557)",218
18662,49,19,13,"(0.0, 0.0, 0.11679612853536596, 0.11566245524900162, 0.1146948090480226, 0.07489992963210028, 0.0, 0.0, 0.1925444299397921, 0.0)",1
18663,49,19,13,"(0.0, 0.0, 0.11679612853536596, 0.11566245524900162, 0.09172770611919409, 0.07489992963210028, 0.0, 0.0, 0.14899621190854193, 0.0)",154
18664,49,19,13,"(0.0, 0.0, 0.11679612853536596, 0.1492363800563429, 0.09172770611919409, 0.07489992963210028, 0.0, 0.0, 0.14899621190854193, 0.0)",1
18665,49,19,13,"(0.0, 0.0, 0.12039956154862912, 0.08240961865802243, 0.09172770611919409, 0.07489992963210028, 0.0, 0.0, 0.14899621190854193, 0.0)",3
18666,49,20,8,"(0.08829965453524319, 0.0, 0.08950620996642342, 0.09247639241939104, 0.11204570465411878, 0.0, 0.06826344941350267, 0.0, 0.0, 0.0)",2
18667,49,20,8,"(0.08829965453524319, 0.0, 0.08950620996642342, 0.09247639241939104, 0.09173902283359818, 0.0, 0.06826344941350267, 0.0, 0.0, 0.0)",301
18668,49,20,8,"(0.04053345508205028, 0.0, 0.08950620996642342, 0.09247639241939104, 0.05089550858226893, 0.0, 0.06826344941350267, 0.0, 0.0, 0.0)",1
18669,49,20,8,"(0.08829965453524319, 0.0, 0.08950620996642342, 0.09247639241939104, 0.09173902283359818, 0.0, 0.037834217988707015, 0.0, 0.0, 0.0)",1
18670,49,20,8,"(0.08829965453524319, 0.0, 0.08950620996642342, 0.09247639241939104, 0.05089550858226893, 0.0, 0.06826344941350267, 0.0, 0.0, 0.0)",68
18671,49,20,8,"(0.0979835287490123, 0.0, 0.08950620996642342, 0.09247639241939104, 0.09173902283359818, 0.0, 0.06826344941350267, 0.0, 0.0, 0.0)",2
18672,49,20,8,"(0.08829965453524319, 0.0, 0.05445487168856249, 0.09247639241939104, 0.09173902283359818, 0.0, 0.06826344941350267, 0.0, 0.0, 0.0)",1
18673,49,20,8,"(0.08829965453524319, 0.0, 0.08950620996642342, 0.05278077480268079, 0.09173902283359818, 0.0, 0.06826344941350267, 0.0, 0.0, 0.0)",3
18674,49,20,11,"(0.19361907962399333, 0.09950731712740148, 0.0, 0.0, 0.0, 0.04688669779969397, 0.0, 0.13635786553969723, 0.0, 0.031051048610206557)",1
18675,49,20,11,"(0.02901090744192767, 0.14970886995698662, 0.0, 0.0, 0.0, 0.04688669779969397, 0.0, 0.09523546217639671, 0.0, 0.031051048610206557)",1
18676,49,20,11,"(0.072753760651203, 0.09950731712740148, 0.0, 0.0, 0.0, 0.04688669779969397, 0.0, 0.13635786553969723, 0.0, 0.031051048610206557)",9
18677,49,20,11,"(0.05595493401288263, 0.14970886995698662, 0.0, 0.0, 0.0, 0.04688669779969397, 0.0, 0.09523546217639671, 0.0, 0.031051048610206557)",122
18678,49,20,11,"(0.09033430006888621, 0.09598239664354438, 0.0, 0.0, 0.0, 0.04688669779969397, 0.0, 0.13635786553969723, 0.0, 0.04873907036988389)",1
18679,49,20,11,"(0.09033430006888621, 0.09950731712740148, 0.0, 0.0, 0.0, 0.042272848317265084, 0.0, 0.13635786553969723, 0.0, 0.031051048610206557)",1
18680,49,20,11,"(0.09033430006888621, 0.09950731712740148, 0.0, 0.0, 0.0, 0.04688669779969397, 0.0, 0.13635786553969723, 0.0, 0.031051048610206557)",236
18681,49,20,11,"(0.09033430006888621, 0.14970886995698662, 0.0, 0.0, 0.0, 0.04688669779969397, 0.0, 0.09523546217639671, 0.0, 0.031051048610206557)",54
18682,49,20,11,"(0.09033430006888621, 0.16546057227509198, 0.0, 0.0, 0.0, 0.04688669779969397, 0.0, 0.13635786553969723, 0.0, 0.031051048610206557)",1
18683,49,20,13,"(0.0, 0.0, 0.11679612853536596, 0.11566245524900162, 0.09172770611919409, 0.07489992963210028, 0.0, 0.0, 0.14899621190854193, 0.0)",143
18684,49,20,13,"(0.0, 0.0, 0.11679612853536596, 0.11566245524900162, 0.09172770611919409, 0.07489992963210028, 0.0, 0.0, 0.1300838842018627, 0.0)",1
