,round,tube,tox,amount
0,0.0,0.0,0.0,187.86291040234633
1,0.0,0.0,1.0,338.62234885199643
2,0.0,0.0,2.0,216.8048670655067
3,0.0,0.0,3.0,550.7833072476302
4,0.0,0.0,4.0,505.7690157387716
5,0.0,0.0,5.0,334.1549615031839
6,0.0,0.0,6.0,271.62434949032746
7,0.0,0.0,7.0,156.7785734139469
8,0.0,0.0,8.0,539.6956717695452
9,0.0,0.0,9.0,566.796934262131
10,0.0,1.0,0.0,129.34808424164697
11,0.0,1.0,1.0,422.54699944629954
12,0.0,1.0,2.0,383.2496120308513
13,0.0,1.0,3.0,550.6601636886564
14,0.0,1.0,4.0,579.8935817537637
15,0.0,1.0,5.0,404.64514588889267
16,0.0,1.0,6.0,255.17663705959066
17,0.0,1.0,7.0,179.75339544960607
18,0.0,1.0,8.0,566.5008973400835
19,0.0,1.0,9.0,524.8879052320648
20,0.0,2.0,0.0,73.39214018804878
21,0.0,2.0,1.0,350.66043317020916
22,0.0,2.0,2.0,257.8956954438557
23,0.0,2.0,3.0,539.2905135324341
24,0.0,2.0,4.0,598.9559548264624
25,0.0,2.0,5.0,328.7673687081587
26,0.0,2.0,6.0,246.5723920919555
27,0.0,2.0,7.0,13.232850353713138
28,0.0,2.0,8.0,596.9028216041952
29,0.0,2.0,9.0,583.0604495422416
30,0.0,3.0,0.0,219.1076785455976
31,0.0,3.0,1.0,387.2280579486906
32,0.0,3.0,2.0,216.8876745964405
33,0.0,3.0,3.0,542.539634327207
34,0.0,3.0,4.0,563.7898242538243
35,0.0,3.0,5.0,345.52947791126803
36,0.0,3.0,6.0,238.35864943041926
37,0.0,3.0,7.0,165.04874727116984
38,0.0,3.0,8.0,537.0685521951576
39,0.0,3.0,9.0,554.5953050696338
40,0.0,4.0,0.0,161.6673649473612
41,0.0,4.0,1.0,390.7141991936648
42,0.0,4.0,2.0,339.6755192477527
43,0.0,4.0,3.0,536.5425840454191
44,0.0,4.0,4.0,565.5481859819542
45,0.0,4.0,5.0,370.19048089960097
46,0.0,4.0,6.0,300.532954570377
47,0.0,4.0,7.0,187.55050383199097
48,0.0,4.0,8.0,548.6599932651757
49,0.0,4.0,9.0,515.2380099371994
50,0.0,5.0,0.0,103.35848876397482
51,0.0,5.0,1.0,359.0265173459965
52,0.0,5.0,2.0,341.0830208951976
53,0.0,5.0,3.0,545.1937207306154
54,0.0,5.0,4.0,531.9949607100631
55,0.0,5.0,5.0,362.96825469300666
56,0.0,5.0,6.0,290.96514678481066
57,0.0,5.0,7.0,163.86355065005233
58,0.0,5.0,8.0,544.2025905128525
59,0.0,5.0,9.0,518.0133129592605
60,0.0,6.0,0.0,60.40132782576051
61,0.0,6.0,1.0,378.7232250654388
62,0.0,6.0,2.0,292.00653861681127
63,0.0,6.0,3.0,538.4209873501923
64,0.0,6.0,4.0,578.3574523141017
65,0.0,6.0,5.0,373.2452269638904
66,0.0,6.0,6.0,217.3472081085578
67,0.0,6.0,7.0,60.241708918901026
68,0.0,6.0,8.0,572.5572855979372
69,0.0,6.0,9.0,541.6978656568347
70,0.0,7.0,0.0,238.38784044490646
71,0.0,7.0,1.0,353.67768289430876
72,0.0,7.0,2.0,179.48549716686145
73,0.0,7.0,3.0,539.8307429525061
74,0.0,7.0,4.0,561.2782677729914
75,0.0,7.0,5.0,301.7327340823564
76,0.0,7.0,6.0,259.86611082500167
77,0.0,7.0,7.0,137.63015559389427
78,0.0,7.0,8.0,545.6094644462713
79,0.0,7.0,9.0,574.1117936013657
80,0.0,8.0,0.0,285.6878095246273
81,0.0,8.0,1.0,314.5511579839212
82,0.0,8.0,2.0,163.66036263136579
83,0.0,8.0,3.0,540.7864233816914
84,0.0,8.0,4.0,523.1313334969727
85,0.0,8.0,5.0,287.3060558255772
86,0.0,8.0,6.0,361.8038465381594
87,0.0,8.0,7.0,199.48658542695412
88,0.0,8.0,8.0,535.4936445889105
89,0.0,8.0,9.0,569.5387705654359
90,0.0,9.0,0.0,221.7775731933798
91,0.0,9.0,1.0,366.13230995464465
92,0.0,9.0,2.0,222.8556009150931
93,0.0,9.0,3.0,524.0021569245283
94,0.0,9.0,4.0,540.2067618778524
95,0.0,9.0,5.0,349.3034155483309
96,0.0,9.0,6.0,278.15299324263
97,0.0,9.0,7.0,192.99549370012602
98,0.0,9.0,8.0,521.1652494876265
99,0.0,9.0,9.0,524.9248846627291
100,1.0,0.0,0.0,476.853376331035
101,1.0,0.0,1.0,503.8164252342285
102,1.0,0.0,2.0,312.84938934589167
103,1.0,0.0,3.0,596.322933284137
104,1.0,0.0,4.0,558.9105804070051
105,1.0,0.0,5.0,448.60039437961325
106,1.0,0.0,6.0,306.06735742556145
107,1.0,0.0,7.0,435.44514584180484
108,1.0,0.0,8.0,507.16726582216876
109,1.0,0.0,9.0,536.2846233912576
110,1.0,1.0,0.0,363.24231887345604
111,1.0,1.0,1.0,515.0409768517941
112,1.0,1.0,2.0,574.8339111354269
113,1.0,1.0,3.0,567.5660219927764
114,1.0,1.0,4.0,578.578262264802
115,1.0,1.0,5.0,545.5756257279064
116,1.0,1.0,6.0,423.8495514129752
117,1.0,1.0,7.0,529.796114338115
118,1.0,1.0,8.0,518.1418758061648
119,1.0,1.0,9.0,416.3492588785973
120,1.0,2.0,0.0,218.67827957626344
121,1.0,2.0,1.0,482.34613135859655
122,1.0,2.0,2.0,445.1732462541371
123,1.0,2.0,3.0,582.1543620641529
124,1.0,2.0,4.0,565.5313702692999
125,1.0,2.0,5.0,488.14273556975604
126,1.0,2.0,6.0,244.83153067700084
127,1.0,2.0,7.0,308.67542616284715
128,1.0,2.0,8.0,535.9553531183598
129,1.0,2.0,9.0,479.1127748369734
130,1.0,3.0,0.0,355.09490572743476
131,1.0,3.0,1.0,520.1866576158155
132,1.0,3.0,2.0,334.9698084821179
133,1.0,3.0,3.0,556.1341518072143
134,1.0,3.0,4.0,569.6307340577266
135,1.0,3.0,5.0,455.57788714701013
136,1.0,3.0,6.0,219.84627144796846
137,1.0,3.0,7.0,371.21605630159314
138,1.0,3.0,8.0,491.2683021305811
139,1.0,3.0,9.0,479.64693073898087
140,1.0,4.0,0.0,310.46933975875436
141,1.0,4.0,1.0,547.6783081963458
142,1.0,4.0,2.0,576.5903152312127
143,1.0,4.0,3.0,576.940446125783
144,1.0,4.0,4.0,622.5177757365717
145,1.0,4.0,5.0,532.654945485541
146,1.0,4.0,6.0,352.6753778804374
147,1.0,4.0,7.0,446.76763401811735
148,1.0,4.0,8.0,529.9760239841825
149,1.0,4.0,9.0,448.4727279513919
150,1.0,5.0,0.0,415.7395833969564
151,1.0,5.0,1.0,498.96711758884396
152,1.0,5.0,2.0,407.88218627887215
153,1.0,5.0,3.0,582.1796791839723
154,1.0,5.0,4.0,607.1877237606521
155,1.0,5.0,5.0,456.84427302789857
156,1.0,5.0,6.0,351.16810863793086
157,1.0,5.0,7.0,442.26724675408923
158,1.0,5.0,8.0,510.1708104023279
159,1.0,5.0,9.0,486.4193133437237
160,1.0,6.0,0.0,353.93603351527236
161,1.0,6.0,1.0,504.1897380937805
162,1.0,6.0,2.0,332.63965774353375
163,1.0,6.0,3.0,569.9184328769416
164,1.0,6.0,4.0,568.2891490423043
165,1.0,6.0,5.0,449.8762552946907
166,1.0,6.0,6.0,246.67392982385846
167,1.0,6.0,7.0,355.46213160319195
168,1.0,6.0,8.0,510.09352915904446
169,1.0,6.0,9.0,492.91474295600176
170,1.0,7.0,0.0,487.39083518524444
171,1.0,7.0,1.0,514.6678685922038
172,1.0,7.0,2.0,198.09934022923312
173,1.0,7.0,3.0,581.767964323121
174,1.0,7.0,4.0,565.2411826511997
175,1.0,7.0,5.0,427.51489217265555
176,1.0,7.0,6.0,187.4229907907933
177,1.0,7.0,7.0,367.89972451371125
178,1.0,7.0,8.0,483.72664982232266
179,1.0,7.0,9.0,551.0622031752447
180,1.0,8.0,0.0,527.3563173711632
181,1.0,8.0,1.0,392.2929878326624
182,1.0,8.0,2.0,290.7112236139679
183,1.0,8.0,3.0,598.6557328473268
184,1.0,8.0,4.0,491.2807222308899
185,1.0,8.0,5.0,348.5278795831796
186,1.0,8.0,6.0,504.4433424396124
187,1.0,8.0,7.0,543.0520472594674
188,1.0,8.0,8.0,478.5335437574332
189,1.0,8.0,9.0,494.26046592146486
190,1.0,9.0,0.0,490.1905022565658
191,1.0,9.0,1.0,418.5439038059926
192,1.0,9.0,2.0,169.48114115609093
193,1.0,9.0,3.0,591.2242118075151
194,1.0,9.0,4.0,531.4928436693037
195,1.0,9.0,5.0,355.7677308701441
196,1.0,9.0,6.0,328.9971659393347
197,1.0,9.0,7.0,391.3977234668277
198,1.0,9.0,8.0,485.6406159035037
199,1.0,9.0,9.0,538.1240412405735
200,2.0,0.0,0.0,388.7617003961548
201,2.0,0.0,1.0,588.862360885254
202,2.0,0.0,2.0,408.6836723895576
203,2.0,0.0,3.0,567.1148397669874
204,2.0,0.0,4.0,634.2582750859391
205,2.0,0.0,5.0,539.0709017592557
206,2.0,0.0,6.0,202.78350269819498
207,2.0,0.0,7.0,377.8461410930602
208,2.0,0.0,8.0,517.8138125220978
209,2.0,0.0,9.0,495.31339568484753
210,2.0,1.0,0.0,273.7384552518453
211,2.0,1.0,1.0,556.3321173206026
212,2.0,1.0,2.0,611.7078119681836
213,2.0,1.0,3.0,571.4066971376425
214,2.0,1.0,4.0,615.8608960955631
215,2.0,1.0,5.0,573.622481783093
216,2.0,1.0,6.0,324.3928589020574
217,2.0,1.0,7.0,438.2603187607072
218,2.0,1.0,8.0,542.2665407690317
219,2.0,1.0,9.0,431.4478537387985
220,2.0,2.0,0.0,169.4074968444845
221,2.0,2.0,1.0,533.9455907762915
222,2.0,2.0,2.0,597.6934622093655
223,2.0,2.0,3.0,577.3709337895895
224,2.0,2.0,4.0,558.681216538994
225,2.0,2.0,5.0,585.0221324568562
226,2.0,2.0,6.0,244.83937060914667
227,2.0,2.0,7.0,366.85601368524294
228,2.0,2.0,8.0,547.1482307815638
229,2.0,2.0,9.0,454.59073326593995
230,2.0,3.0,0.0,459.57534546153266
231,2.0,3.0,1.0,556.8837828554234
232,2.0,3.0,2.0,217.22926756803236
233,2.0,3.0,3.0,565.9100891216259
234,2.0,3.0,4.0,608.2245597171104
235,2.0,3.0,5.0,440.557160837998
236,2.0,3.0,6.0,137.97118648855118
237,2.0,3.0,7.0,337.4478344177228
238,2.0,3.0,8.0,491.5468077934606
239,2.0,3.0,9.0,539.6344206138857
240,2.0,4.0,0.0,275.93029582499986
241,2.0,4.0,1.0,584.2510260523354
242,2.0,4.0,2.0,597.2387268177299
243,2.0,4.0,3.0,561.2108913833055
244,2.0,4.0,4.0,635.193775929511
245,2.0,4.0,5.0,558.5357750160337
246,2.0,4.0,6.0,277.9925275140872
247,2.0,4.0,7.0,422.1332180643216
248,2.0,4.0,8.0,521.7369357360642
249,2.0,4.0,9.0,428.51392124033373
250,2.0,5.0,0.0,398.55416733467683
251,2.0,5.0,1.0,595.3430627526149
252,2.0,5.0,2.0,425.5567680588738
253,2.0,5.0,3.0,568.3132294439629
254,2.0,5.0,4.0,648.1445295029305
255,2.0,5.0,5.0,530.3038289845066
256,2.0,5.0,6.0,206.49037618132581
257,2.0,5.0,7.0,394.150644194802
258,2.0,5.0,8.0,514.1098376592007
259,2.0,5.0,9.0,497.2737939637864
260,2.0,6.0,0.0,500.94022154313654
261,2.0,6.0,1.0,519.3722802549141
262,2.0,6.0,2.0,321.72444835786393
263,2.0,6.0,3.0,570.5236298689853
264,2.0,6.0,4.0,582.3283782231986
265,2.0,6.0,5.0,434.54242123125664
266,2.0,6.0,6.0,292.3023146887428
267,2.0,6.0,7.0,455.83524112251666
268,2.0,6.0,8.0,495.7819670005038
269,2.0,6.0,9.0,490.60896581688377
270,2.0,7.0,0.0,622.0079680051718
271,2.0,7.0,1.0,522.6738985724456
272,2.0,7.0,2.0,122.72391256766748
273,2.0,7.0,3.0,570.3807649862174
274,2.0,7.0,4.0,574.2223535746466
275,2.0,7.0,5.0,427.08787148185485
276,2.0,7.0,6.0,214.06660786515533
277,2.0,7.0,7.0,430.3022708915065
278,2.0,7.0,8.0,464.35275717023256
279,2.0,7.0,9.0,549.7924998027847
280,2.0,8.0,0.0,601.9745068322117
281,2.0,8.0,1.0,491.8049827372082
282,2.0,8.0,2.0,372.0249435159674
283,2.0,8.0,3.0,591.631263960264
284,2.0,8.0,4.0,541.9344727371152
285,2.0,8.0,5.0,423.05600312947007
286,2.0,8.0,6.0,500.45274966169944
287,2.0,8.0,7.0,613.5854327801168
288,2.0,8.0,8.0,494.2319976268391
289,2.0,8.0,9.0,493.9478657006757
290,2.0,9.0,0.0,668.5042896033655
291,2.0,9.0,1.0,468.2555669310819
292,2.0,9.0,2.0,72.24813540613262
293,2.0,9.0,3.0,607.3427342228457
294,2.0,9.0,4.0,532.4412985254156
295,2.0,9.0,5.0,338.8676396100507
296,2.0,9.0,6.0,264.141373154282
297,2.0,9.0,7.0,448.7739932813426
298,2.0,9.0,8.0,469.801842764985
299,2.0,9.0,9.0,602.4743082252601
300,3.0,0.0,0.0,371.6760822000796
301,3.0,0.0,1.0,595.8825927823989
302,3.0,0.0,2.0,445.7444255233732
303,3.0,0.0,3.0,561.6476265825185
304,3.0,0.0,4.0,642.0532334236602
305,3.0,0.0,5.0,555.7560365171288
306,3.0,0.0,6.0,222.010169485712
307,3.0,0.0,7.0,388.6140453692983
308,3.0,0.0,8.0,519.1286496050824
309,3.0,0.0,9.0,478.4710584773548
310,3.0,1.0,0.0,313.63240668419667
311,3.0,1.0,1.0,555.1633021155013
312,3.0,1.0,2.0,610.6103447170486
313,3.0,1.0,3.0,571.41741434027
314,3.0,1.0,4.0,615.0531827423997
315,3.0,1.0,5.0,578.4556534577127
316,3.0,1.0,6.0,369.7318790383983
317,3.0,1.0,7.0,475.50263367652235
318,3.0,1.0,8.0,541.9655834593115
319,3.0,1.0,9.0,431.2417525849511
320,3.0,2.0,0.0,306.4776133563589
321,3.0,2.0,1.0,550.9288580493176
322,3.0,2.0,2.0,583.9802888152674
323,3.0,2.0,3.0,578.4710313387137
324,3.0,2.0,4.0,602.4850839920103
325,3.0,2.0,5.0,562.4349656535197
326,3.0,2.0,6.0,296.55332603947323
327,3.0,2.0,7.0,442.5141496298494
328,3.0,2.0,8.0,538.7245398283483
329,3.0,2.0,9.0,449.5793282345742
330,3.0,3.0,0.0,354.21146783713675
331,3.0,3.0,1.0,521.7069962945495
332,3.0,3.0,2.0,458.8133794341009
333,3.0,3.0,3.0,571.260578296467
334,3.0,3.0,4.0,597.3381467831963
335,3.0,3.0,5.0,460.3408869272565
336,3.0,3.0,6.0,312.21719868787176
337,3.0,3.0,7.0,435.43833370733756
338,3.0,3.0,8.0,516.3130653042027
339,3.0,3.0,9.0,466.0734254603409
340,3.0,4.0,0.0,340.8424977296413
341,3.0,4.0,1.0,576.4345275779322
342,3.0,4.0,2.0,506.0213924864229
343,3.0,4.0,3.0,569.2867221621547
344,3.0,4.0,4.0,625.3373133010434
345,3.0,4.0,5.0,519.0807713457531
346,3.0,4.0,6.0,262.3453091820073
347,3.0,4.0,7.0,415.6548398181297
348,3.0,4.0,8.0,518.3570188215967
349,3.0,4.0,9.0,463.96091269828605
350,3.0,5.0,0.0,399.58558756716945
351,3.0,5.0,1.0,573.8910169633159
352,3.0,5.0,2.0,435.5521305817011
353,3.0,5.0,3.0,558.2015447661689
354,3.0,5.0,4.0,643.5136421344497
355,3.0,5.0,5.0,522.8504554707126
356,3.0,5.0,6.0,241.5624589651267
357,3.0,5.0,7.0,425.03958391518756
358,3.0,5.0,8.0,494.6979410029572
359,3.0,5.0,9.0,468.0095179549636
360,3.0,6.0,0.0,433.6461953931099
361,3.0,6.0,1.0,529.4935561291651
362,3.0,6.0,2.0,368.65038103316624
363,3.0,6.0,3.0,564.1909402502524
364,3.0,6.0,4.0,599.8836633328355
365,3.0,6.0,5.0,455.84417653347947
366,3.0,6.0,6.0,313.5174010676958
367,3.0,6.0,7.0,434.7581144259785
368,3.0,6.0,8.0,506.0029914801534
369,3.0,6.0,9.0,471.8699199768141
370,3.0,7.0,0.0,561.3943167536078
371,3.0,7.0,1.0,593.4582931711498
372,3.0,7.0,2.0,108.13578210701301
373,3.0,7.0,3.0,544.6715763062704
374,3.0,7.0,4.0,629.1850586581512
375,3.0,7.0,5.0,469.6540476438824
376,3.0,7.0,6.0,64.66283726510346
377,3.0,7.0,7.0,333.33062620068137
378,3.0,7.0,8.0,462.7553608999502
379,3.0,7.0,9.0,541.5377469967766
380,3.0,8.0,0.0,596.0000013305156
381,3.0,8.0,1.0,548.2777915115566
382,3.0,8.0,2.0,289.2839702577813
383,3.0,8.0,3.0,562.2806491990477
384,3.0,8.0,4.0,592.3183703647242
385,3.0,8.0,5.0,478.2224534582136
386,3.0,8.0,6.0,343.8235672847698
387,3.0,8.0,7.0,522.0957719830635
388,3.0,8.0,8.0,484.821572696356
389,3.0,8.0,9.0,497.25245902956146
390,3.0,9.0,0.0,662.9036192125543
391,3.0,9.0,1.0,470.79301360715993
392,3.0,9.0,2.0,114.81081405259538
393,3.0,9.0,3.0,608.4745937124318
394,3.0,9.0,4.0,530.6420863779989
395,3.0,9.0,5.0,363.2752350109155
396,3.0,9.0,6.0,300.6262645662514
397,3.0,9.0,7.0,472.91397422817136
398,3.0,9.0,8.0,476.313071805958
399,3.0,9.0,9.0,592.9420028142672
400,4.0,0.0,0.0,438.1192574479494
401,4.0,0.0,1.0,578.3000767793857
402,4.0,0.0,2.0,378.5656426582076
403,4.0,0.0,3.0,548.6622546794983
404,4.0,0.0,4.0,629.9419571565686
405,4.0,0.0,5.0,536.823176458666
406,4.0,0.0,6.0,248.238188727517
407,4.0,0.0,7.0,423.7987647690139
408,4.0,0.0,8.0,494.025799535197
409,4.0,0.0,9.0,466.219909446124
410,4.0,1.0,0.0,257.94325455461126
411,4.0,1.0,1.0,605.8274422589027
412,4.0,1.0,2.0,658.9889130088536
413,4.0,1.0,3.0,568.7030708454173
414,4.0,1.0,4.0,652.8486559084056
415,4.0,1.0,5.0,617.2536063706905
416,4.0,1.0,6.0,309.19338386316616
417,4.0,1.0,7.0,426.37636700225073
418,4.0,1.0,8.0,562.7255399511242
419,4.0,1.0,9.0,435.9634765075582
420,4.0,2.0,0.0,378.83155442910675
421,4.0,2.0,1.0,498.7568692232601
422,4.0,2.0,2.0,509.58815474117927
423,4.0,2.0,3.0,600.3322259764244
424,4.0,2.0,4.0,561.5983546487245
425,4.0,2.0,5.0,508.28542528613474
426,4.0,2.0,6.0,334.51933658094794
427,4.0,2.0,7.0,470.3238036593793
428,4.0,2.0,8.0,530.027442986667
429,4.0,2.0,9.0,485.65335036416343
430,4.0,3.0,0.0,338.82678624597105
431,4.0,3.0,1.0,532.5604632148038
432,4.0,3.0,2.0,557.5544632129374
433,4.0,3.0,3.0,576.0478572094739
434,4.0,3.0,4.0,626.93060857878
435,4.0,3.0,5.0,485.8404184636089
436,4.0,3.0,6.0,363.6915238143397
437,4.0,3.0,7.0,471.93573034323714
438,4.0,3.0,8.0,529.8479271869099
439,4.0,3.0,9.0,447.15324063730253
440,4.0,4.0,0.0,281.64265905094953
441,4.0,4.0,1.0,579.8604760798876
442,4.0,4.0,2.0,607.913679226875
443,4.0,4.0,3.0,565.7067985538371
444,4.0,4.0,4.0,623.2854301750889
445,4.0,4.0,5.0,565.8941366859233
446,4.0,4.0,6.0,293.6349806517732
447,4.0,4.0,7.0,434.9398665632699
448,4.0,4.0,8.0,518.6925830103356
449,4.0,4.0,9.0,430.6622790046154
450,4.0,5.0,0.0,390.97770230352506
451,4.0,5.0,1.0,540.3362686960315
452,4.0,5.0,2.0,475.84872986842277
453,4.0,5.0,3.0,564.0944757700586
454,4.0,5.0,4.0,629.561173881299
455,4.0,5.0,5.0,505.2602746516505
456,4.0,5.0,6.0,305.71855227173205
457,4.0,5.0,7.0,464.8923434566118
458,4.0,5.0,8.0,491.50893958189806
459,4.0,5.0,9.0,453.097939764788
460,4.0,6.0,0.0,442.5992537166379
461,4.0,6.0,1.0,503.8046743093042
462,4.0,6.0,2.0,452.35003842340257
463,4.0,6.0,3.0,603.6185668484386
464,4.0,6.0,4.0,565.0973990805595
465,4.0,6.0,5.0,467.5597019500789
466,4.0,6.0,6.0,390.34281076215643
467,4.0,6.0,7.0,494.03618536199116
468,4.0,6.0,8.0,529.809898610345
469,4.0,6.0,9.0,506.08563043957105
470,4.0,7.0,0.0,492.0975676767839
471,4.0,7.0,1.0,556.1698600703808
472,4.0,7.0,2.0,329.9318968135381
473,4.0,7.0,3.0,563.4635345152363
474,4.0,7.0,4.0,603.8605966673315
475,4.0,7.0,5.0,509.27932103172435
476,4.0,7.0,6.0,251.37113503456993
477,4.0,7.0,7.0,441.92526424853037
478,4.0,7.0,8.0,483.2354988844166
479,4.0,7.0,9.0,495.96279626831443
480,4.0,8.0,0.0,598.3126732518842
481,4.0,8.0,1.0,513.7216660420949
482,4.0,8.0,2.0,237.79590812212555
483,4.0,8.0,3.0,562.7776513438989
484,4.0,8.0,4.0,561.430627070519
485,4.0,8.0,5.0,413.58147274482604
486,4.0,8.0,6.0,335.2668363052252
487,4.0,8.0,7.0,516.1515621582503
488,4.0,8.0,8.0,463.6560789568023
489,4.0,8.0,9.0,492.59194939350476
490,4.0,9.0,0.0,641.6895396591809
491,4.0,9.0,1.0,499.108153639872
492,4.0,9.0,2.0,130.84329944690893
493,4.0,9.0,3.0,587.7780547091256
494,4.0,9.0,4.0,547.0352524053285
495,4.0,9.0,5.0,379.354153672393
496,4.0,9.0,6.0,275.4721410251613
497,4.0,9.0,7.0,465.16485175320736
498,4.0,9.0,8.0,469.314261130692
499,4.0,9.0,9.0,562.1942585513463
500,5.0,0.0,0.0,510.5675610837857
501,5.0,0.0,1.0,595.1102664787071
502,5.0,0.0,2.0,205.33918429021398
503,5.0,0.0,3.0,566.4720083816526
504,5.0,0.0,4.0,634.5095873369789
505,5.0,0.0,5.0,489.0172662813461
506,5.0,0.0,6.0,117.10218050916387
507,5.0,0.0,7.0,338.6608943316211
508,5.0,0.0,8.0,494.55051972833934
509,5.0,0.0,9.0,553.7836720468314
510,5.0,1.0,0.0,232.8945849913671
511,5.0,1.0,1.0,591.9412186389908
512,5.0,1.0,2.0,647.4170708224032
513,5.0,1.0,3.0,564.7419951723682
514,5.0,1.0,4.0,643.3799555457545
515,5.0,1.0,5.0,603.0800619314729
516,5.0,1.0,6.0,284.37636404165164
517,5.0,1.0,7.0,407.1842784015223
518,5.0,1.0,8.0,553.9924943741048
519,5.0,1.0,9.0,425.86056416925675
520,5.0,2.0,0.0,321.00580179562695
521,5.0,2.0,1.0,539.2234370993715
522,5.0,2.0,2.0,589.0062555057115
523,5.0,2.0,3.0,590.0644566742129
524,5.0,2.0,4.0,593.0169066318975
525,5.0,2.0,5.0,555.6236437182783
526,5.0,2.0,6.0,340.01098524261647
527,5.0,2.0,7.0,462.6218902843901
528,5.0,2.0,8.0,544.9963556863371
529,5.0,2.0,9.0,463.0683806073182
530,5.0,3.0,0.0,250.13489022382328
531,5.0,3.0,1.0,601.6550693951334
532,5.0,3.0,2.0,656.3147196801493
533,5.0,3.0,3.0,565.2751921450034
534,5.0,3.0,4.0,665.019237408582
535,5.0,3.0,5.0,576.2564360662794
536,5.0,3.0,6.0,305.22533401984015
537,5.0,3.0,7.0,422.71838249590525
538,5.0,3.0,8.0,559.1668105163382
539,5.0,3.0,9.0,430.3198037429195
540,5.0,4.0,0.0,323.8241920471231
541,5.0,4.0,1.0,552.1621095928474
542,5.0,4.0,2.0,565.9049838744971
543,5.0,4.0,3.0,573.7940418848375
544,5.0,4.0,4.0,596.0144347189229
545,5.0,4.0,5.0,521.1597369736415
546,5.0,4.0,6.0,326.2507002285513
547,5.0,4.0,7.0,460.78236210960824
548,5.0,4.0,8.0,507.1306294037041
549,5.0,4.0,9.0,441.0116353440673
550,5.0,5.0,0.0,426.667037141588
551,5.0,5.0,1.0,570.1232529546141
552,5.0,5.0,2.0,416.8067808338308
553,5.0,5.0,3.0,589.5808060873113
554,5.0,5.0,4.0,642.9244889233904
555,5.0,5.0,5.0,501.0668977122495
556,5.0,5.0,6.0,248.30628505557755
557,5.0,5.0,7.0,414.1596533518684
558,5.0,5.0,8.0,516.5107172025188
559,5.0,5.0,9.0,527.7514448656447
560,5.0,6.0,0.0,328.7447260402563
561,5.0,6.0,1.0,563.8250743771082
562,5.0,6.0,2.0,571.136812340175
563,5.0,6.0,3.0,577.9901238229841
564,5.0,6.0,4.0,614.2521769317698
565,5.0,6.0,5.0,527.4141043725419
566,5.0,6.0,6.0,342.3130984947883
567,5.0,6.0,7.0,454.8445745991057
568,5.0,6.0,8.0,544.771180010283
569,5.0,6.0,9.0,454.2922345856779
570,5.0,7.0,0.0,466.33182269106055
571,5.0,7.0,1.0,549.0425903754874
572,5.0,7.0,2.0,334.91981430044984
573,5.0,7.0,3.0,573.2048924126138
574,5.0,7.0,4.0,597.8543441000706
575,5.0,7.0,5.0,499.412214216411
576,5.0,7.0,6.0,231.99047379720176
577,5.0,7.0,7.0,418.65238354933655
578,5.0,7.0,8.0,494.26605494312145
579,5.0,7.0,9.0,508.5915673162769
580,5.0,8.0,0.0,602.8623095844116
581,5.0,8.0,1.0,514.7398104850495
582,5.0,8.0,2.0,268.6062814067954
583,5.0,8.0,3.0,571.41808356199
584,5.0,8.0,4.0,562.9217898278401
585,5.0,8.0,5.0,428.2674000722224
586,5.0,8.0,6.0,367.6478150174362
587,5.0,8.0,7.0,534.0282700363499
588,5.0,8.0,8.0,475.5878840963993
589,5.0,8.0,9.0,500.68385113795114
590,5.0,9.0,0.0,605.9087268313597
591,5.0,9.0,1.0,520.4220256551407
592,5.0,9.0,2.0,165.79403622595123
593,5.0,9.0,3.0,556.3361569201493
594,5.0,9.0,4.0,568.4452184503153
595,5.0,9.0,5.0,420.23226418592895
596,5.0,9.0,6.0,255.3065372760583
597,5.0,9.0,7.0,465.4701541754418
598,5.0,9.0,8.0,456.33228200654685
599,5.0,9.0,9.0,507.9661371344362
600,6.0,0.0,0.0,421.59888254820027
601,6.0,0.0,1.0,638.50735412807
602,6.0,0.0,2.0,342.2173877770316
603,6.0,0.0,3.0,532.1878632481055
604,6.0,0.0,4.0,674.5220752563865
605,6.0,0.0,5.0,562.2211474387675
606,6.0,0.0,6.0,136.61548732748605
607,6.0,0.0,7.0,353.5169097749311
608,6.0,0.0,8.0,495.8699600577734
609,6.0,0.0,9.0,474.5510776737445
610,6.0,1.0,0.0,220.62642320027393
611,6.0,1.0,1.0,631.1116121159422
612,6.0,1.0,2.0,683.1883192249737
613,6.0,1.0,3.0,567.1927552796973
614,6.0,1.0,4.0,672.3275034763428
615,6.0,1.0,5.0,635.2891830420259
616,6.0,1.0,6.0,270.1742077129278
617,6.0,1.0,7.0,393.1302094346207
618,6.0,1.0,8.0,575.2692333700002
619,6.0,1.0,9.0,438.0283539025511
620,6.0,2.0,0.0,256.7400771318476
621,6.0,2.0,1.0,587.6467907994208
622,6.0,2.0,2.0,640.7200527078387
623,6.0,2.0,3.0,572.209150373465
624,6.0,2.0,4.0,630.4510865055383
625,6.0,2.0,5.0,598.9034886705011
626,6.0,2.0,6.0,278.4727872575219
627,6.0,2.0,7.0,421.53632084277774
628,6.0,2.0,8.0,552.796907108636
629,6.0,2.0,9.0,439.00960033215296
630,6.0,3.0,0.0,241.99146936212782
631,6.0,3.0,1.0,625.1490260133503
632,6.0,3.0,2.0,679.5901639537292
633,6.0,3.0,3.0,561.671282247471
634,6.0,3.0,4.0,675.5506448525005
635,6.0,3.0,5.0,604.8385477842207
636,6.0,3.0,6.0,299.07111789902143
637,6.0,3.0,7.0,418.934112051174
638,6.0,3.0,8.0,563.8413746448354
639,6.0,3.0,9.0,427.28959074283097
640,6.0,4.0,0.0,447.9867173927568
641,6.0,4.0,1.0,518.1249238462268
642,6.0,4.0,2.0,472.80237115770325
643,6.0,4.0,3.0,578.2380480170112
644,6.0,4.0,4.0,561.205332216683
645,6.0,4.0,5.0,460.8362272271906
646,6.0,4.0,6.0,407.15544622889684
647,6.0,4.0,7.0,535.0678658259937
648,6.0,4.0,8.0,482.6775133926995
649,6.0,4.0,9.0,454.887653011021
650,6.0,5.0,0.0,421.5023218543045
651,6.0,5.0,1.0,590.8562981003208
652,6.0,5.0,2.0,384.87903915426193
653,6.0,5.0,3.0,593.1432430896608
654,6.0,5.0,4.0,652.0092923298106
655,6.0,5.0,5.0,503.9834238460876
656,6.0,5.0,6.0,187.58247847110002
657,6.0,5.0,7.0,368.84942943757096
658,6.0,5.0,8.0,524.0655687149479
659,6.0,5.0,9.0,551.8359723045039
660,6.0,6.0,0.0,289.06442091807486
661,6.0,6.0,1.0,594.4583902041431
662,6.0,6.0,2.0,608.7963545902245
663,6.0,6.0,3.0,567.165940590996
664,6.0,6.0,4.0,641.4449705423283
665,6.0,6.0,5.0,564.6664076207766
666,6.0,6.0,6.0,308.3391677710399
667,6.0,6.0,7.0,430.4469089685971
668,6.0,6.0,8.0,552.507172277986
669,6.0,6.0,9.0,440.2287002626969
670,6.0,7.0,0.0,515.8458012993196
671,6.0,7.0,1.0,541.0090129569785
672,6.0,7.0,2.0,279.46320438529034
673,6.0,7.0,3.0,559.8621449232301
674,6.0,7.0,4.0,592.5073765565281
675,6.0,7.0,5.0,487.70235369213606
676,6.0,7.0,6.0,241.0198362017692
677,6.0,7.0,7.0,440.3577737950202
678,6.0,7.0,8.0,474.4758555668316
679,6.0,7.0,9.0,496.77664560154807
680,6.0,8.0,0.0,577.7083079180818
681,6.0,8.0,1.0,508.09319476307365
682,6.0,8.0,2.0,286.7088409523061
683,6.0,8.0,3.0,552.4962184609552
684,6.0,8.0,4.0,557.7548829723394
685,6.0,8.0,5.0,421.4703823920239
686,6.0,8.0,6.0,373.90716474768305
687,6.0,8.0,7.0,546.5218062268782
688,6.0,8.0,8.0,458.45157387083987
689,6.0,8.0,9.0,457.0469653899935
690,6.0,9.0,0.0,584.0152631271385
691,6.0,9.0,1.0,553.3489004190156
692,6.0,9.0,2.0,202.2988722724235
693,6.0,9.0,3.0,535.9202658286425
694,6.0,9.0,4.0,599.3008878074436
695,6.0,9.0,5.0,474.2449646215138
696,6.0,9.0,6.0,235.40628667523586
697,6.0,9.0,7.0,461.1136913970455
698,6.0,9.0,8.0,457.20801790634647
699,6.0,9.0,9.0,479.4573561899657
700,7.0,0.0,0.0,352.9780746999935
701,7.0,0.0,1.0,651.043803949711
702,7.0,0.0,2.0,429.1305655085591
703,7.0,0.0,3.0,554.7681411952609
704,7.0,0.0,4.0,681.9821403548584
705,7.0,0.0,5.0,581.2237525335808
706,7.0,0.0,6.0,130.01225872031497
707,7.0,0.0,7.0,326.5912406000367
708,7.0,0.0,8.0,529.2537452067113
709,7.0,0.0,9.0,496.0010042915813
710,7.0,1.0,0.0,261.1772735302583
711,7.0,1.0,1.0,603.8513059461645
712,7.0,1.0,2.0,654.6448258400402
713,7.0,1.0,3.0,575.657948645526
714,7.0,1.0,4.0,650.8166462096353
715,7.0,1.0,5.0,612.3839251731997
716,7.0,1.0,6.0,308.89132240581984
717,7.0,1.0,7.0,422.02407422309193
718,7.0,1.0,8.0,569.2167225759318
719,7.0,1.0,9.0,448.60201660766757
720,7.0,2.0,0.0,313.9171965330544
721,7.0,2.0,1.0,540.6003696541999
722,7.0,2.0,2.0,594.1113017399396
723,7.0,2.0,3.0,579.4256627064321
724,7.0,2.0,4.0,595.1175150186763
725,7.0,2.0,5.0,561.2741030684062
726,7.0,2.0,6.0,338.68218026627767
727,7.0,2.0,7.0,467.279709840251
728,7.0,2.0,8.0,537.4887706612537
729,7.0,2.0,9.0,443.41686636937635
730,7.0,3.0,0.0,195.43793321971862
731,7.0,3.0,1.0,643.8317351516562
732,7.0,3.0,2.0,700.0
733,7.0,3.0,3.0,553.5067929730493
734,7.0,3.0,4.0,684.0498020388529
735,7.0,3.0,5.0,621.8402986255649
736,7.0,3.0,6.0,253.29990419455223
737,7.0,3.0,7.0,384.1160824721007
738,7.0,3.0,8.0,567.616453721495
739,7.0,3.0,9.0,414.8668397724133
740,7.0,4.0,0.0,441.333497488571
741,7.0,4.0,1.0,548.4470972900643
742,7.0,4.0,2.0,402.04910289473446
743,7.0,4.0,3.0,576.9097581757043
744,7.0,4.0,4.0,584.2885883827703
745,7.0,4.0,5.0,459.8742445982924
746,7.0,4.0,6.0,292.7564794590157
747,7.0,4.0,7.0,455.14060907969116
748,7.0,4.0,8.0,486.9886400816541
749,7.0,4.0,9.0,487.44201366561646
750,7.0,5.0,0.0,403.66269363021814
751,7.0,5.0,1.0,587.4542502322909
752,7.0,5.0,2.0,376.3341738875436
753,7.0,5.0,3.0,576.5618199431577
754,7.0,5.0,4.0,650.326845302747
755,7.0,5.0,5.0,503.42603150987594
756,7.0,5.0,6.0,165.9261155232784
757,7.0,5.0,7.0,361.4708792948263
758,7.0,5.0,8.0,505.220245563084
759,7.0,5.0,9.0,523.2118410126427
760,7.0,6.0,0.0,262.7826431578888
761,7.0,6.0,1.0,602.2195280006005
762,7.0,6.0,2.0,652.8520766687421
763,7.0,6.0,3.0,565.6609230280025
764,7.0,6.0,4.0,648.3192336523774
765,7.0,6.0,5.0,579.7072107956217
766,7.0,6.0,6.0,319.2206105517563
767,7.0,6.0,7.0,434.12019657966357
768,7.0,6.0,8.0,559.5783493262746
769,7.0,6.0,9.0,428.77314068973544
770,7.0,7.0,0.0,445.96963877411054
771,7.0,7.0,1.0,511.36826496731044
772,7.0,7.0,2.0,402.7507100836112
773,7.0,7.0,3.0,579.5770423400986
774,7.0,7.0,4.0,571.1058202489965
775,7.0,7.0,5.0,496.43730169133505
776,7.0,7.0,6.0,315.7223102720901
777,7.0,7.0,7.0,470.1707339830359
778,7.0,7.0,8.0,497.7896856835112
779,7.0,7.0,9.0,483.8156870524766
780,7.0,8.0,0.0,589.1014182734269
781,7.0,8.0,1.0,481.95144919128626
782,7.0,8.0,2.0,334.72667609131224
783,7.0,8.0,3.0,574.3877835771857
784,7.0,8.0,4.0,538.0109948610873
785,7.0,8.0,5.0,419.34743081657683
786,7.0,8.0,6.0,456.6286509455119
787,7.0,8.0,7.0,592.2699042667142
788,7.0,8.0,8.0,473.78420469460536
789,7.0,8.0,9.0,470.95100997185426
790,7.0,9.0,0.0,602.136187941926
791,7.0,9.0,1.0,532.4369590205434
792,7.0,9.0,2.0,166.28033580019593
793,7.0,9.0,3.0,549.5307664964615
794,7.0,9.0,4.0,585.600243205607
795,7.0,9.0,5.0,459.55622078561703
796,7.0,9.0,6.0,230.76348239753025
797,7.0,9.0,7.0,452.0330991003003
798,7.0,9.0,8.0,458.4028317686642
799,7.0,9.0,9.0,506.1687975665892
800,8.0,0.0,0.0,414.32576879379627
801,8.0,0.0,1.0,663.0615840140985
802,8.0,0.0,2.0,321.69954077561283
803,8.0,0.0,3.0,544.0618116355324
804,8.0,0.0,4.0,689.510535015865
805,8.0,0.0,5.0,563.30787969818
806,8.0,0.0,6.0,75.71549595851296
807,8.0,0.0,7.0,305.36130200232765
808,8.0,0.0,8.0,511.7493607257355
809,8.0,0.0,9.0,512.4854432961558
810,8.0,1.0,0.0,290.7367819855237
811,8.0,1.0,1.0,555.8684087710388
812,8.0,1.0,2.0,611.5515347522233
813,8.0,1.0,3.0,570.6329053895453
814,8.0,1.0,4.0,616.4021736887332
815,8.0,1.0,5.0,576.1119958632758
816,8.0,1.0,6.0,346.64587727586456
817,8.0,1.0,7.0,454.9538870783048
818,8.0,1.0,8.0,544.4222263800832
819,8.0,1.0,9.0,429.9094331016994
820,8.0,2.0,0.0,311.8371626982036
821,8.0,2.0,1.0,576.4178573948751
822,8.0,2.0,2.0,622.8786294088899
823,8.0,2.0,3.0,592.6546459228181
824,8.0,2.0,4.0,620.1028456461586
825,8.0,2.0,5.0,586.4393505068323
826,8.0,2.0,6.0,327.99642633379125
827,8.0,2.0,7.0,451.31441324405836
828,8.0,2.0,8.0,563.4277694893852
829,8.0,2.0,9.0,475.11485850969797
830,8.0,3.0,0.0,199.17380215228
831,8.0,3.0,1.0,643.7190789206502
832,8.0,3.0,2.0,700.0
833,8.0,3.0,3.0,553.2129727417091
834,8.0,3.0,4.0,684.0178108568049
835,8.0,3.0,5.0,622.7805575299423
836,8.0,3.0,6.0,257.7809549600543
837,8.0,3.0,7.0,387.9161566917079
838,8.0,3.0,8.0,565.7329423535309
839,8.0,3.0,9.0,414.29495051692663
840,8.0,4.0,0.0,401.5304272154842
841,8.0,4.0,1.0,612.1310067770326
842,8.0,4.0,2.0,399.96878876227186
843,8.0,4.0,3.0,554.3423513407599
844,8.0,4.0,4.0,640.5078527025694
845,8.0,4.0,5.0,526.2954392927928
846,8.0,4.0,6.0,177.41167366116596
847,8.0,4.0,7.0,382.9692951914885
848,8.0,4.0,8.0,490.77379355339207
849,8.0,4.0,9.0,482.1266796992766
850,8.0,5.0,0.0,368.70956346263745
851,8.0,5.0,1.0,608.1480127079213
852,8.0,5.0,2.0,402.25727854010125
853,8.0,5.0,3.0,573.8661947058596
854,8.0,5.0,4.0,659.1814724207209
855,8.0,5.0,5.0,526.2962711708183
856,8.0,5.0,6.0,133.92101651372204
857,8.0,5.0,7.0,335.79133106638466
858,8.0,5.0,8.0,512.2187177959971
859,8.0,5.0,9.0,519.8473928608563
860,8.0,6.0,0.0,239.23592166283245
861,8.0,6.0,1.0,628.369928262888
862,8.0,6.0,2.0,677.5076896812798
863,8.0,6.0,3.0,566.9163439296696
864,8.0,6.0,4.0,667.8329578134623
865,8.0,6.0,5.0,599.1803481306796
866,8.0,6.0,6.0,291.48493663817527
867,8.0,6.0,7.0,410.8010875021332
868,8.0,6.0,8.0,572.3402022079291
869,8.0,6.0,9.0,436.3155701117802
870,8.0,7.0,0.0,331.80346118871313
871,8.0,7.0,1.0,551.8175866402116
872,8.0,7.0,2.0,605.4964397902813
873,8.0,7.0,3.0,575.09481353629
874,8.0,7.0,4.0,603.7988847030463
875,8.0,7.0,5.0,576.0048233499953
876,8.0,7.0,6.0,360.9671636647216
877,8.0,7.0,7.0,488.08582824602405
878,8.0,7.0,8.0,533.857842544805
879,8.0,7.0,9.0,437.6645966159858
880,8.0,8.0,0.0,619.2761317887023
881,8.0,8.0,1.0,448.3232017383112
882,8.0,8.0,2.0,286.42489465816357
883,8.0,8.0,3.0,600.0232653261583
884,8.0,8.0,4.0,509.7776072692708
885,8.0,8.0,5.0,373.65347676235547
886,8.0,8.0,6.0,467.9819987723321
887,8.0,8.0,7.0,588.6159804585163
888,8.0,8.0,8.0,476.9436730099523
889,8.0,8.0,9.0,513.9445409213525
890,8.0,9.0,0.0,590.1831433268644
891,8.0,9.0,1.0,597.5357750973602
892,8.0,9.0,2.0,150.97553036837073
893,8.0,9.0,3.0,526.3983720546704
894,8.0,9.0,4.0,634.5474986970586
895,8.0,9.0,5.0,498.42375768406686
896,8.0,9.0,6.0,142.91722630239332
897,8.0,9.0,7.0,403.4001613388317
898,8.0,9.0,8.0,459.2254287257383
899,8.0,9.0,9.0,499.0511553247231
900,9.0,0.0,0.0,398.9250253095844
901,9.0,0.0,1.0,658.6491347078851
902,9.0,0.0,2.0,377.23935672679994
903,9.0,0.0,3.0,541.3035553467357
904,9.0,0.0,4.0,688.2575242611682
905,9.0,0.0,5.0,579.2083890484422
906,9.0,0.0,6.0,124.26883061761474
907,9.0,0.0,7.0,336.94477535921914
908,9.0,0.0,8.0,514.3761442408683
909,9.0,0.0,9.0,490.0860400313129
910,9.0,1.0,0.0,344.31054254527925
911,9.0,1.0,1.0,527.0895518995194
912,9.0,1.0,2.0,577.3424912924064
913,9.0,1.0,3.0,590.9299051820468
914,9.0,1.0,4.0,591.7269660329549
915,9.0,1.0,5.0,547.6931262073846
916,9.0,1.0,6.0,390.03826074485164
917,9.0,1.0,7.0,483.46687949798786
918,9.0,1.0,8.0,546.0949609557397
919,9.0,1.0,9.0,462.3407649302295
920,9.0,2.0,0.0,269.6375482887559
921,9.0,2.0,1.0,578.2669115077302
922,9.0,2.0,2.0,632.3768698084294
923,9.0,2.0,3.0,571.0014504278861
924,9.0,2.0,4.0,623.6771265546197
925,9.0,2.0,5.0,592.9798328049874
926,9.0,2.0,6.0,293.83974354942364
927,9.0,2.0,7.0,434.86038722930124
928,9.0,2.0,8.0,547.7257343871554
929,9.0,2.0,9.0,434.93353648147064
930,9.0,3.0,0.0,205.22039182789587
931,9.0,3.0,1.0,646.971557194863
932,9.0,3.0,2.0,700.0
933,9.0,3.0,3.0,561.6958050752643
934,9.0,3.0,4.0,684.9414226592714
935,9.0,3.0,5.0,621.952769804472
936,9.0,3.0,6.0,257.40671228690195
937,9.0,3.0,7.0,384.5706368777254
938,9.0,3.0,8.0,576.933248794573
939,9.0,3.0,9.0,430.80586484554686
940,9.0,4.0,0.0,329.2044348030959
941,9.0,4.0,1.0,611.292155744073
942,9.0,4.0,2.0,501.1726674405486
943,9.0,4.0,3.0,561.5643363397579
944,9.0,4.0,4.0,641.0298924582419
945,9.0,4.0,5.0,544.6717923623919
946,9.0,4.0,6.0,200.5448030575821
947,9.0,4.0,7.0,384.2151918946918
948,9.0,4.0,8.0,506.97593848452266
949,9.0,4.0,9.0,466.4676946789109
950,9.0,5.0,0.0,392.8950722381258
951,9.0,5.0,1.0,670.8810226899199
952,9.0,5.0,2.0,324.79142391856215
953,9.0,5.0,3.0,565.5534625939221
954,9.0,5.0,4.0,686.3632212628106
955,9.0,5.0,5.0,557.3323636435862
956,9.0,5.0,6.0,20.22037688265465
957,9.0,5.0,7.0,265.12421614934595
958,9.0,5.0,8.0,519.3855048320852
959,9.0,5.0,9.0,553.2697102396139
960,9.0,6.0,0.0,203.3450293148124
961,9.0,6.0,1.0,648.2717024673433
962,9.0,6.0,2.0,700.0
963,9.0,6.0,3.0,565.0867314476667
964,9.0,6.0,4.0,685.3106271296308
965,9.0,6.0,5.0,620.6300789162746
966,9.0,6.0,6.0,252.39590769551793
967,9.0,6.0,7.0,379.22495653229333
968,9.0,6.0,8.0,581.3664106604933
969,9.0,6.0,9.0,437.4059357449761
970,9.0,7.0,0.0,366.89010035057987
971,9.0,7.0,1.0,521.8622668415252
972,9.0,7.0,2.0,574.4027876020477
973,9.0,7.0,3.0,585.4907889722379
974,9.0,7.0,4.0,580.7181731764807
975,9.0,7.0,5.0,549.1097160274021
976,9.0,7.0,6.0,394.855278032453
977,9.0,7.0,7.0,510.317615013167
978,9.0,7.0,8.0,533.8127315710253
979,9.0,7.0,9.0,451.1461707780689
980,9.0,8.0,0.0,595.0762402201003
981,9.0,8.0,1.0,411.6860688320106
982,9.0,8.0,2.0,391.68492650509666
983,9.0,8.0,3.0,597.4903948299991
984,9.0,8.0,4.0,492.72387419470215
985,9.0,8.0,5.0,426.71703127580093
986,9.0,8.0,6.0,574.6540171864574
987,9.0,8.0,7.0,661.111457727732
988,9.0,8.0,8.0,481.5054958315732
989,9.0,8.0,9.0,469.55793850499776
990,9.0,9.0,0.0,623.4809439393713
991,9.0,9.0,1.0,510.3535454175856
992,9.0,9.0,2.0,119.31765273187129
993,9.0,9.0,3.0,565.2537586400123
994,9.0,9.0,4.0,567.4381040271625
995,9.0,9.0,5.0,427.45439708573457
996,9.0,9.0,6.0,223.3107196074103
997,9.0,9.0,7.0,440.1449352549571
998,9.0,9.0,8.0,458.1035990927163
999,9.0,9.0,9.0,537.0997664102796
1000,10.0,0.0,0.0,368.7102724810646
1001,10.0,0.0,1.0,659.1636007918116
1002,10.0,0.0,2.0,410.14236314308806
1003,10.0,0.0,3.0,547.8289813004714
1004,10.0,0.0,4.0,688.4036180724171
1005,10.0,0.0,5.0,584.1457967703931
1006,10.0,0.0,6.0,122.20040015362673
1007,10.0,0.0,7.0,327.31118656759173
1008,10.0,0.0,8.0,523.887858133
1009,10.0,0.0,9.0,492.6976809772464
1010,10.0,1.0,0.0,374.7144013454789
1011,10.0,1.0,1.0,519.6405335118369
1012,10.0,1.0,2.0,571.1165141612474
1013,10.0,1.0,3.0,588.8565336919808
1014,10.0,1.0,4.0,586.6081743177998
1015,10.0,1.0,5.0,546.5377573202617
1016,10.0,1.0,6.0,426.2360760920918
1017,10.0,1.0,7.0,514.0563444262779
1018,10.0,1.0,8.0,541.3279479117529
1019,10.0,1.0,9.0,457.01761259615375
1020,10.0,2.0,0.0,249.2779268477183
1021,10.0,2.0,1.0,596.5388156263681
1022,10.0,2.0,2.0,647.8868678781657
1023,10.0,2.0,3.0,575.4235204300519
1024,10.0,2.0,4.0,636.6610712015568
1025,10.0,2.0,5.0,604.1611093072955
1026,10.0,2.0,6.0,267.9978023890167
1027,10.0,2.0,7.0,411.16075195477725
1028,10.0,2.0,8.0,559.183215130975
1029,10.0,2.0,9.0,446.7481522117547
1030,10.0,3.0,0.0,208.72669522713105
1031,10.0,3.0,1.0,646.470654070242
1032,10.0,3.0,2.0,700.0
1033,10.0,3.0,3.0,560.3893928986784
1034,10.0,3.0,4.0,684.7991803447085
1035,10.0,3.0,5.0,623.1055702287722
1036,10.0,3.0,6.0,262.48987146518704
1037,10.0,3.0,7.0,389.2297016867292
1038,10.0,3.0,8.0,576.1778664243061
1039,10.0,3.0,9.0,428.2630750464196
1040,10.0,4.0,0.0,415.03178377137044
1041,10.0,4.0,1.0,592.6071023808177
1042,10.0,4.0,2.0,399.1235900771447
1043,10.0,4.0,3.0,555.5415853131677
1044,10.0,4.0,4.0,624.040716404245
1045,10.0,4.0,5.0,508.3344562465752
1046,10.0,4.0,6.0,213.8047927678931
1047,10.0,4.0,7.0,409.5520087467703
1048,10.0,4.0,8.0,483.78304174027556
1049,10.0,4.0,9.0,474.184857526072
1050,10.0,5.0,0.0,426.32356605491145
1051,10.0,5.0,1.0,667.3194855748002
1052,10.0,5.0,2.0,291.9138574815319
1053,10.0,5.0,3.0,550.4743745229598
1054,10.0,5.0,4.0,684.6858058543735
1055,10.0,5.0,5.0,554.5056229424046
1056,10.0,5.0,6.0,30.81497541634038
1057,10.0,5.0,7.0,286.68491300729227
1058,10.0,5.0,8.0,499.8424394409159
1059,10.0,5.0,9.0,534.1002987882906
1060,10.0,6.0,0.0,207.58531800266684
1061,10.0,6.0,1.0,646.9023490113202
1062,10.0,6.0,2.0,700.0
1063,10.0,6.0,3.0,561.5153022808959
1064,10.0,6.0,4.0,684.9217694933599
1065,10.0,6.0,5.0,622.5465429596022
1066,10.0,6.0,6.0,260.23868448386446
1067,10.0,6.0,7.0,386.9703823612324
1068,10.0,6.0,8.0,578.2259377798629
1069,10.0,6.0,9.0,430.45453570727386
1070,10.0,7.0,0.0,355.9439705213136
1071,10.0,7.0,1.0,515.1935211333207
1072,10.0,7.0,2.0,570.3617305380991
1073,10.0,7.0,3.0,579.3621320306337
1074,10.0,7.0,4.0,576.4411317447783
1075,10.0,7.0,5.0,544.6308828371315
1076,10.0,7.0,6.0,386.31782873568966
1077,10.0,7.0,7.0,506.5923959532263
1078,10.0,7.0,8.0,526.2000071798038
1079,10.0,7.0,9.0,438.38169558325296
1080,10.0,8.0,0.0,583.0373750000376
1081,10.0,8.0,1.0,401.7506499803838
1082,10.0,8.0,2.0,457.90289040487295
1083,10.0,8.0,3.0,596.9620873089333
1084,10.0,8.0,4.0,491.2210813823679
1085,10.0,8.0,5.0,466.96921365783487
1086,10.0,8.0,6.0,632.4204147544837
1087,10.0,8.0,7.0,700.0
1088,10.0,8.0,8.0,489.4392268130153
1089,10.0,8.0,9.0,449.38112216978936
1090,10.0,9.0,0.0,620.4815487147984
1091,10.0,9.0,1.0,509.46998069495066
1092,10.0,9.0,2.0,289.67014628233466
1093,10.0,9.0,3.0,589.4302049173788
1094,10.0,9.0,4.0,567.058618661514
1095,10.0,9.0,5.0,477.3645783582609
1096,10.0,9.0,6.0,393.82344309259446
1097,10.0,9.0,7.0,543.6391689854281
1098,10.0,9.0,8.0,498.13928193244317
1099,10.0,9.0,9.0,531.9818649801233
1100,11.0,0.0,0.0,329.10279226084975
1101,11.0,0.0,1.0,658.8840983480579
1102,11.0,0.0,2.0,478.36853551097283
1103,11.0,0.0,3.0,557.8485666174319
1104,11.0,0.0,4.0,688.324247286787
1105,11.0,0.0,5.0,598.3754638758146
1106,11.0,0.0,6.0,146.99879013307643
1107,11.0,0.0,7.0,332.57670052260806
1108,11.0,0.0,8.0,540.1874294078352
1109,11.0,0.0,9.0,491.27881188285346
1110,11.0,1.0,0.0,356.035254280847
1111,11.0,1.0,1.0,537.7071715179493
1112,11.0,1.0,2.0,590.8277615996434
1113,11.0,1.0,3.0,581.0325321322629
1114,11.0,1.0,4.0,601.2475153630484
1115,11.0,1.0,5.0,564.0639469693948
1116,11.0,1.0,6.0,411.74294002364894
1117,11.0,1.0,7.0,504.9069887092566
1118,11.0,1.0,8.0,543.7681258862046
1119,11.0,1.0,9.0,445.8654131970004
1120,11.0,2.0,0.0,234.53386539769298
1121,11.0,2.0,1.0,619.3562654836027
1122,11.0,2.0,2.0,672.1925016716407
1123,11.0,2.0,3.0,567.1836166684908
1124,11.0,2.0,4.0,654.2825791763129
1125,11.0,2.0,5.0,626.7604615674878
1126,11.0,2.0,6.0,256.4885880077388
1127,11.0,2.0,7.0,406.1269112618424
1128,11.0,2.0,8.0,562.9913793521206
1129,11.0,2.0,9.0,435.73658341912096
1130,11.0,3.0,0.0,206.0137364912143
1131,11.0,3.0,1.0,647.5351409807904
1132,11.0,3.0,2.0,700.0
1133,11.0,3.0,3.0,563.1656955276688
1134,11.0,3.0,4.0,685.1014645081253
1135,11.0,3.0,5.0,621.7505519991669
1136,11.0,3.0,6.0,257.0537566000981
1137,11.0,3.0,7.0,383.7533697770278
1138,11.0,3.0,8.0,578.5491470522824
1139,11.0,3.0,9.0,433.66684740159116
1140,11.0,4.0,0.0,428.3683888713483
1141,11.0,4.0,1.0,637.7207595146316
1142,11.0,4.0,2.0,376.3103626985114
1143,11.0,4.0,3.0,545.673130378284
1144,11.0,4.0,4.0,662.5386955507938
1145,11.0,4.0,5.0,555.0826034634455
1146,11.0,4.0,6.0,155.70553575468722
1147,11.0,4.0,7.0,377.0723474430188
1148,11.0,4.0,8.0,490.58071601954924
1149,11.0,4.0,9.0,486.9602432515025
1150,11.0,5.0,0.0,309.68584391519244
1151,11.0,5.0,1.0,656.5142662308282
1152,11.0,5.0,2.0,519.4917993930325
1153,11.0,5.0,3.0,558.1464600850899
1154,11.0,5.0,4.0,679.6224453250164
1155,11.0,5.0,5.0,608.5729276119746
1156,11.0,5.0,6.0,146.73819687712626
1157,11.0,5.0,7.0,345.9979466480982
1158,11.0,5.0,8.0,524.044465752959
1159,11.0,5.0,9.0,479.2485716285251
1160,11.0,6.0,0.0,190.31123587198348
1161,11.0,6.0,1.0,646.9394445129793
1162,11.0,6.0,2.0,700.0
1163,11.0,6.0,3.0,561.6120515577168
1164,11.0,6.0,4.0,684.9323035662304
1165,11.0,6.0,5.0,618.5298853024772
1166,11.0,6.0,6.0,240.593284189394
1167,11.0,6.0,7.0,370.73698415487655
1168,11.0,6.0,8.0,578.311012540103
1169,11.0,6.0,9.0,430.64284769531474
1170,11.0,7.0,0.0,365.0119203064073
1171,11.0,7.0,1.0,509.91861255535986
1172,11.0,7.0,2.0,564.2812154007797
1173,11.0,7.0,3.0,582.5536195613885
1174,11.0,7.0,4.0,572.235827466732
1175,11.0,7.0,5.0,539.5821911362941
1176,11.0,7.0,6.0,394.5777178692633
1177,11.0,7.0,7.0,511.6771818190491
1178,11.0,7.0,8.0,526.3012365742486
1179,11.0,7.0,9.0,443.33610325238743
1180,11.0,8.0,0.0,589.6869261599226
1181,11.0,8.0,1.0,416.8737870224132
1182,11.0,8.0,2.0,469.9515800524167
1183,11.0,8.0,3.0,602.8199916766511
1184,11.0,8.0,4.0,501.7427356874842
1185,11.0,8.0,5.0,478.5666905036145
1186,11.0,8.0,6.0,636.2624447145165
1187,11.0,8.0,7.0,700.0
1188,11.0,8.0,8.0,500.59911016427327
1189,11.0,8.0,9.0,463.27462025007134
1190,11.0,9.0,0.0,700.0
1191,11.0,9.0,1.0,464.9797227489593
1192,11.0,9.0,2.0,134.08223170192633
1193,11.0,9.0,3.0,645.487437249345
1194,11.0,9.0,4.0,527.1782570611119
1195,11.0,9.0,5.0,387.12255601200116
1196,11.0,9.0,6.0,349.8884304944365
1197,11.0,9.0,7.0,489.63468645659685
1198,11.0,9.0,8.0,509.7543825987661
1199,11.0,9.0,9.0,654.52354433419
1200,12.0,0.0,0.0,320.56116309928626
1201,12.0,0.0,1.0,660.7769638043759
1202,12.0,0.0,2.0,453.63506150277675
1203,12.0,0.0,3.0,558.8887874994099
1204,12.0,0.0,4.0,688.8617675186044
1205,12.0,0.0,5.0,589.051846810343
1206,12.0,0.0,6.0,108.09610492726286
1207,12.0,0.0,7.0,304.3302603607054
1208,12.0,0.0,8.0,538.8342389006385
1209,12.0,0.0,9.0,500.88777364983986
1210,12.0,1.0,0.0,396.6900124772755
1211,12.0,1.0,1.0,512.3933801529399
1212,12.0,1.0,2.0,569.3628431334444
1213,12.0,1.0,3.0,574.8433815119483
1214,12.0,1.0,4.0,583.7041972286362
1215,12.0,1.0,5.0,550.4440585698278
1216,12.0,1.0,6.0,463.0540396209489
1217,12.0,1.0,7.0,549.4317130115107
1218,12.0,1.0,8.0,528.1765423455867
1219,12.0,1.0,9.0,429.37986285762685
1220,12.0,2.0,0.0,218.91856102450814
1221,12.0,2.0,1.0,625.6919171825773
1222,12.0,2.0,2.0,680.3870213016744
1223,12.0,2.0,3.0,560.8660150512127
1224,12.0,2.0,4.0,659.5876225836124
1225,12.0,2.0,5.0,633.4011466788314
1226,12.0,2.0,6.0,242.78223843459705
1227,12.0,2.0,7.0,398.2418189222042
1228,12.0,2.0,8.0,560.974399387103
1229,12.0,2.0,9.0,425.1347186580804
1230,12.0,3.0,0.0,201.13114657588025
1231,12.0,3.0,1.0,647.0370825421833
1232,12.0,3.0,2.0,700.0
1233,12.0,3.0,3.0,561.866702614938
1234,12.0,3.0,4.0,684.9600300039007
1235,12.0,3.0,5.0,620.9631014806321
1236,12.0,3.0,6.0,252.6301131515031
1237,12.0,3.0,7.0,380.57087355096905
1238,12.0,3.0,8.0,578.5349354297592
1239,12.0,3.0,9.0,431.138498395946
1240,12.0,4.0,0.0,350.4505767541328
1241,12.0,4.0,1.0,641.5682479642859
1242,12.0,4.0,2.0,443.35986510065436
1243,12.0,4.0,3.0,554.0243773745856
1244,12.0,4.0,4.0,666.0568148918957
1245,12.0,4.0,5.0,565.8712024401879
1246,12.0,4.0,6.0,131.35582564490875
1247,12.0,4.0,7.0,343.69281567810594
1248,12.0,4.0,8.0,506.69335372157724
1249,12.0,4.0,9.0,485.1240975991528
1250,12.0,5.0,0.0,222.93069488857654
1251,12.0,5.0,1.0,648.2236715779645
1252,12.0,5.0,2.0,675.5689494602294
1253,12.0,5.0,3.0,561.1125191810503
1254,12.0,5.0,4.0,675.7374460118242
1255,12.0,5.0,5.0,645.0393950290056
1256,12.0,5.0,6.0,220.02700846595667
1257,12.0,5.0,7.0,382.79402217550853
1258,12.0,5.0,8.0,537.9921440515333
1259,12.0,5.0,9.0,437.16211124169064
1260,12.0,6.0,0.0,215.05515095610986
1261,12.0,6.0,1.0,647.3483016334611
1262,12.0,6.0,2.0,700.0
1263,12.0,6.0,3.0,562.6783973128682
1264,12.0,6.0,4.0,685.0484074200197
1265,12.0,6.0,5.0,623.9674352622159
1266,12.0,6.0,6.0,267.70810027769926
1267,12.0,6.0,7.0,392.71294558808836
1268,12.0,6.0,8.0,579.248684762916
1269,12.0,6.0,9.0,432.7183742076491
1270,12.0,7.0,0.0,413.37468952369886
1271,12.0,7.0,1.0,491.54749681484947
1272,12.0,7.0,2.0,544.0655760767131
1273,12.0,7.0,3.0,590.9894688091154
1274,12.0,7.0,4.0,557.863883037922
1275,12.0,7.0,5.0,525.8514600866351
1276,12.0,7.0,6.0,444.03699279684554
1277,12.0,7.0,7.0,547.8970594288467
1278,12.0,7.0,8.0,524.609678260196
1279,12.0,7.0,9.0,455.574887456435
1280,12.0,8.0,0.0,569.8849320176669
1281,12.0,8.0,1.0,465.75350211998
1282,12.0,8.0,2.0,521.945006962512
1283,12.0,8.0,3.0,585.3754777258105
1284,12.0,8.0,4.0,539.4704862836762
1285,12.0,8.0,5.0,528.6130094280578
1286,12.0,8.0,6.0,624.8210928196848
1287,12.0,8.0,7.0,700.0
1288,12.0,8.0,8.0,508.9149710440473
1289,12.0,8.0,9.0,440.07323143620914
1290,12.0,9.0,0.0,700.0
1291,12.0,9.0,1.0,481.45333086750975
1292,12.0,9.0,2.0,8.291542960368881
1293,12.0,9.0,3.0,623.2416480162567
1294,12.0,9.0,4.0,539.292095495993
1295,12.0,9.0,5.0,360.6561113121284
1296,12.0,9.0,6.0,207.01295757066117
1297,12.0,9.0,7.0,403.787641465431
1298,12.0,9.0,8.0,481.83702925914935
1299,12.0,9.0,9.0,657.7111897493941
1300,13.0,0.0,0.0,195.70746151397753
1301,13.0,0.0,1.0,646.8432656697702
1302,13.0,0.0,2.0,700.0
1303,13.0,0.0,3.0,561.3612062231147
1304,13.0,0.0,4.0,684.9049914960965
1305,13.0,0.0,5.0,648.7689293740478
1306,13.0,0.0,6.0,246.91811401849893
1307,13.0,0.0,7.0,376.04197470040344
1308,13.0,0.0,8.0,564.8261725421208
1309,13.0,0.0,9.0,430.1546044215475
1310,13.0,1.0,0.0,352.729082784916
1311,13.0,1.0,1.0,542.9790878429145
1312,13.0,1.0,2.0,595.7348695501964
1313,13.0,1.0,3.0,581.1040380458835
1314,13.0,1.0,4.0,605.111834394423
1315,13.0,1.0,5.0,568.2870627503908
1316,13.0,1.0,6.0,407.93779724485734
1317,13.0,1.0,7.0,501.74383010633284
1318,13.0,1.0,8.0,546.151232644444
1319,13.0,1.0,9.0,447.0194031010088
1320,13.0,2.0,0.0,210.52450937357014
1321,13.0,2.0,1.0,636.9158926568377
1322,13.0,2.0,2.0,688.4736427600259
1323,13.0,2.0,3.0,567.5984756827011
1324,13.0,2.0,4.0,667.1525900538114
1325,13.0,2.0,5.0,638.8167647988464
1326,13.0,2.0,6.0,229.03657729635458
1327,13.0,2.0,7.0,383.26679434613334
1328,13.0,2.0,8.0,571.0764806053384
1329,13.0,2.0,9.0,439.911072747287
1330,13.0,3.0,0.0,206.77683193916067
1331,13.0,3.0,1.0,646.8666390096805
1332,13.0,3.0,2.0,700.0
1333,13.0,3.0,3.0,561.422166545311
1334,13.0,3.0,4.0,684.9116288632929
1335,13.0,3.0,5.0,622.3841650910118
1336,13.0,3.0,6.0,259.40236103430254
1337,13.0,3.0,7.0,386.31412912141406
1338,13.0,3.0,8.0,578.144040523004
1339,13.0,3.0,9.0,430.2732570858518
1340,13.0,4.0,0.0,397.099657164623
1341,13.0,4.0,1.0,576.4522048849924
1342,13.0,4.0,2.0,447.0764640151292
1343,13.0,4.0,3.0,565.3390967260267
1344,13.0,4.0,4.0,610.2554015882228
1345,13.0,4.0,5.0,509.4809789637069
1346,13.0,4.0,6.0,259.9652064286281
1347,13.0,4.0,7.0,433.0870255465816
1348,13.0,4.0,8.0,491.2638639364774
1349,13.0,4.0,9.0,469.6031904252848
1350,13.0,5.0,0.0,208.28777327196866
1351,13.0,5.0,1.0,648.1251914550518
1352,13.0,5.0,2.0,700.0
1353,13.0,5.0,3.0,564.7046141059029
1354,13.0,5.0,4.0,675.6912979095589
1355,13.0,5.0,5.0,650.0662639664673
1356,13.0,5.0,6.0,228.32567932845583
1357,13.0,5.0,7.0,384.2456282172626
1358,13.0,5.0,8.0,543.7867988380315
1359,13.0,5.0,9.0,436.662185727852
1360,13.0,6.0,0.0,204.6503386339411
1361,13.0,6.0,1.0,647.2526543660691
1362,13.0,6.0,2.0,700.0
1363,13.0,6.0,3.0,562.4289383883029
1364,13.0,6.0,4.0,685.021246302376
1365,13.0,6.0,5.0,621.628768299161
1366,13.0,6.0,6.0,256.1369529789949
1367,13.0,6.0,7.0,383.2611786405168
1368,13.0,6.0,8.0,579.0293274830026
1369,13.0,6.0,9.0,432.23282943085303
1370,13.0,7.0,0.0,365.4554785920575
1371,13.0,7.0,1.0,517.287253366752
1372,13.0,7.0,2.0,568.1973419211945
1373,13.0,7.0,3.0,590.8559182453056
1374,13.0,7.0,4.0,576.8052261395418
1375,13.0,7.0,5.0,542.0254340375902
1376,13.0,7.0,6.0,389.8522134712287
1377,13.0,7.0,7.0,503.2908209193361
1378,13.0,7.0,8.0,535.8953631652636
1379,13.0,7.0,9.0,460.3055004801447
1380,13.0,8.0,0.0,592.6636734755925
1381,13.0,8.0,1.0,423.5390903061311
1382,13.0,8.0,2.0,475.24731020702745
1383,13.0,8.0,3.0,605.4423492888841
1384,13.0,8.0,4.0,506.3758527753076
1385,13.0,8.0,5.0,483.6641002341508
1386,13.0,8.0,6.0,637.9823731871699
1387,13.0,8.0,7.0,700.0
1388,13.0,8.0,8.0,505.5486202702341
1389,13.0,8.0,9.0,469.47393546439764
1390,13.0,9.0,0.0,700.0
1391,13.0,9.0,1.0,567.0892960828688
1392,13.0,9.0,2.0,0.0
1393,13.0,9.0,3.0,595.1583710646489
1394,13.0,9.0,4.0,602.264350230268
1395,13.0,9.0,5.0,385.6409212642381
1396,13.0,9.0,6.0,26.64572340923214
1397,13.0,9.0,7.0,295.4135885287927
1398,13.0,9.0,8.0,475.27970791001496
1399,13.0,9.0,9.0,674.2817606850889
1400,14.0,0.0,0.0,207.31385841104452
1401,14.0,0.0,1.0,645.6071905021138
1402,14.0,0.0,2.0,700.0
1403,14.0,0.0,3.0,558.1373819528579
1404,14.0,0.0,4.0,684.5539811226732
1405,14.0,0.0,5.0,651.0233191363421
1406,14.0,0.0,6.0,262.807123572474
1407,14.0,0.0,7.0,390.2975357637404
1408,14.0,0.0,8.0,561.6829205432355
1409,14.0,0.0,9.0,423.87977966446726
1410,14.0,1.0,0.0,244.18466823561954
1411,14.0,1.0,1.0,592.5712663780432
1412,14.0,1.0,2.0,647.4954568814652
1413,14.0,1.0,3.0,566.1667350222881
1414,14.0,1.0,4.0,644.1644982928931
1415,14.0,1.0,5.0,604.5839427710679
1416,14.0,1.0,6.0,297.72762667779614
1417,14.0,1.0,7.0,416.21691120955234
1418,14.0,1.0,8.0,557.4903540142059
1419,14.0,1.0,9.0,428.6498765478809
1420,14.0,2.0,0.0,192.13693490382138
1421,14.0,2.0,1.0,644.245583041361
1422,14.0,2.0,2.0,698.5590441196308
1423,14.0,2.0,3.0,558.6027276934699
1424,14.0,2.0,4.0,673.4625056694852
1425,14.0,2.0,5.0,647.3170679234847
1426,14.0,2.0,6.0,213.87700064684478
1427,14.0,2.0,7.0,375.63178337697883
1428,14.0,2.0,8.0,567.4560115068077
1429,14.0,2.0,9.0,424.48752876624803
1430,14.0,3.0,0.0,203.77501867936124
1431,14.0,3.0,1.0,646.7724469847832
1432,14.0,3.0,2.0,700.0
1433,14.0,3.0,3.0,561.1765030582745
1434,14.0,3.0,4.0,684.8848809933432
1435,14.0,3.0,5.0,621.7550107780849
1436,14.0,3.0,6.0,256.21193566394845
1437,14.0,3.0,7.0,383.77139001670827
1438,14.0,3.0,8.0,577.9280206937503
1439,14.0,3.0,9.0,429.79509971710536
1440,14.0,4.0,0.0,395.7715166536023
1441,14.0,4.0,1.0,609.9167631165734
1442,14.0,4.0,2.0,427.3058983075295
1443,14.0,4.0,3.0,573.2028223078829
1444,14.0,4.0,4.0,636.6231597719008
1445,14.0,4.0,5.0,531.0867332552843
1446,14.0,4.0,6.0,198.25502065585906
1447,14.0,4.0,7.0,384.970549049479
1448,14.0,4.0,8.0,511.15714851304557
1449,14.0,4.0,9.0,506.35523253875374
1450,14.0,5.0,0.0,208.39145852296213
1451,14.0,5.0,1.0,649.9187307512509
1452,14.0,5.0,2.0,700.0
1453,14.0,5.0,3.0,569.3823680678335
1454,14.0,5.0,4.0,676.531756190981
1455,14.0,5.0,5.0,649.2974346298832
1456,14.0,5.0,6.0,225.49758956769614
1457,14.0,5.0,7.0,379.38396066612694
1458,14.0,5.0,8.0,549.1877732749069
1459,14.0,5.0,9.0,445.7669271489806
1460,14.0,6.0,0.0,210.23988968462788
1461,14.0,6.0,1.0,646.2123092031643
1462,14.0,6.0,2.0,700.0
1463,14.0,6.0,3.0,559.7156001760524
1464,14.0,6.0,4.0,684.7258177122094
1465,14.0,6.0,5.0,623.6319263467503
1466,14.0,6.0,6.0,264.77722453433773
1467,14.0,6.0,7.0,391.3569799341885
1468,14.0,6.0,8.0,576.6434016606925
1469,14.0,6.0,9.0,426.9516104929476
1470,14.0,7.0,0.0,419.8672612216745
1471,14.0,7.0,1.0,503.7895363354072
1472,14.0,7.0,2.0,555.8197274949291
1473,14.0,7.0,3.0,590.1541504797648
1474,14.0,7.0,4.0,566.9514772764444
1475,14.0,7.0,5.0,538.2642449851672
1476,14.0,7.0,6.0,451.91586796536905
1477,14.0,7.0,7.0,554.8453875578496
1478,14.0,7.0,8.0,529.3884054747026
1479,14.0,7.0,9.0,456.3798407317618
1480,14.0,8.0,0.0,572.831579194294
1481,14.0,8.0,1.0,454.76139981831733
1482,14.0,8.0,2.0,510.7287891006591
1483,14.0,8.0,3.0,587.9713187007953
1484,14.0,8.0,4.0,531.1219735656764
1485,14.0,8.0,5.0,517.8168290337369
1486,14.0,8.0,6.0,626.5236297972993
1487,14.0,8.0,7.0,700.0
1488,14.0,8.0,8.0,506.0324033083093
1489,14.0,8.0,9.0,442.8061918139567
1490,14.0,9.0,0.0,700.0
1491,14.0,9.0,1.0,569.8405437560674
1492,14.0,9.0,2.0,0.0
1493,14.0,9.0,3.0,568.8971856074925
1494,14.0,9.0,4.0,604.2874753141965
1495,14.0,9.0,5.0,339.360484915123
1496,14.0,9.0,6.0,0.0
1497,14.0,9.0,7.0,194.07103125469305
1498,14.0,9.0,8.0,434.9367806961819
1499,14.0,9.0,9.0,674.8141274846664
1500,15.0,0.0,0.0,192.64759570420713
1501,15.0,0.0,1.0,647.4883943009708
1502,15.0,0.0,2.0,700.0
1503,15.0,0.0,3.0,563.0437748832776
1504,15.0,0.0,4.0,685.0881897737332
1505,15.0,0.0,5.0,648.0350116433964
1506,15.0,0.0,6.0,242.02029947481628
1507,15.0,0.0,7.0,371.4010695651152
1508,15.0,0.0,8.0,566.4666891649131
1509,15.0,0.0,9.0,433.4295420729828
1510,15.0,1.0,0.0,280.60189134499154
1511,15.0,1.0,1.0,598.0381567162915
1512,15.0,1.0,2.0,649.9376090575579
1513,15.0,1.0,3.0,573.6176620503114
1514,15.0,1.0,4.0,646.8950620906257
1515,15.0,1.0,5.0,611.0635357229638
1516,15.0,1.0,6.0,332.62689548889875
1517,15.0,1.0,7.0,442.32585982356727
1518,15.0,1.0,8.0,565.196918051549
1519,15.0,1.0,9.0,443.65734672114434
1520,15.0,2.0,0.0,212.99588513289865
1521,15.0,2.0,1.0,650.3529440864578
1522,15.0,2.0,2.0,700.0
1523,15.0,2.0,3.0,570.5148457076555
1524,15.0,2.0,4.0,676.7352299560957
1525,15.0,2.0,5.0,649.7875535423876
1526,15.0,2.0,6.0,229.99903323293032
1527,15.0,2.0,7.0,382.4832118259561
1528,15.0,2.0,8.0,579.2462067100568
1529,15.0,2.0,9.0,447.97117221182646
1530,15.0,3.0,0.0,207.36688200301217
1531,15.0,3.0,1.0,646.4606226317134
1532,15.0,3.0,2.0,700.0
1533,15.0,3.0,3.0,560.3632297689251
1534,15.0,3.0,4.0,684.7963317000012
1535,15.0,3.0,5.0,622.798239185176
1536,15.0,3.0,6.0,260.9721471260458
1537,15.0,3.0,7.0,387.98761743715056
1538,15.0,3.0,8.0,577.2128832542322
1539,15.0,3.0,9.0,428.2121513481862
1540,15.0,4.0,0.0,415.1130348513677
1541,15.0,4.0,1.0,576.9394856880082
1542,15.0,4.0,2.0,449.9948264714989
1543,15.0,4.0,3.0,577.6922733373535
1544,15.0,4.0,4.0,608.9960284494085
1545,15.0,4.0,5.0,506.9044795083325
1546,15.0,4.0,6.0,280.4636798283945
1547,15.0,4.0,7.0,442.30783905863177
1548,15.0,4.0,8.0,504.03265464883003
1549,15.0,4.0,9.0,490.6107224272314
1550,15.0,5.0,0.0,201.77929196655398
1551,15.0,5.0,1.0,646.5638684599743
1552,15.0,5.0,2.0,700.0
1553,15.0,5.0,3.0,560.632506602291
1554,15.0,5.0,4.0,674.9596569335469
1555,15.0,5.0,5.0,649.7877398245759
1556,15.0,5.0,6.0,223.5189215705043
1557,15.0,5.0,7.0,382.484389775376
1558,15.0,5.0,8.0,539.0851089436486
1559,15.0,5.0,9.0,428.7362695379108
1560,15.0,6.0,0.0,219.32629081008787
1561,15.0,6.0,1.0,648.6181815574151
1562,15.0,6.0,2.0,700.0
1563,15.0,6.0,3.0,565.9903882227062
1564,15.0,6.0,4.0,685.4090173877415
1565,15.0,6.0,5.0,624.0856345694608
1566,15.0,6.0,6.0,269.7254602929436
1567,15.0,6.0,7.0,393.19065033317924
1568,15.0,6.0,8.0,582.1610252147499
1569,15.0,6.0,9.0,439.1648057790029
1570,15.0,7.0,0.0,370.96225835016145
1571,15.0,7.0,1.0,510.952950061862
1572,15.0,7.0,2.0,564.7955394571211
1573,15.0,7.0,3.0,583.8176436704749
1574,15.0,7.0,4.0,572.8671475486211
1575,15.0,7.0,5.0,540.7440791010134
1576,15.0,7.0,6.0,400.52058365230283
1577,15.0,7.0,7.0,515.8938275415994
1578,15.0,7.0,8.0,527.7232138047948
1579,15.0,7.0,9.0,445.90275373388755
1580,15.0,8.0,0.0,577.022698730392
1581,15.0,8.0,1.0,423.2465294736062
1582,15.0,8.0,2.0,479.9167779859497
1583,15.0,8.0,3.0,591.6634742833023
1584,15.0,8.0,4.0,507.5699542011324
1585,15.0,8.0,5.0,488.15870056267727
1586,15.0,8.0,6.0,628.9452078010765
1587,15.0,8.0,7.0,700.0
1588,15.0,8.0,8.0,494.9067394755699
1589,15.0,8.0,9.0,443.62051407098494
1590,15.0,9.0,0.0,700.0
1591,15.0,9.0,1.0,514.1509605521147
1592,15.0,9.0,2.0,0.0
1593,15.0,9.0,3.0,615.8414071811213
1594,15.0,9.0,4.0,563.3362393382184
1595,15.0,9.0,5.0,376.3647133789151
1596,15.0,9.0,6.0,159.48428155959874
1597,15.0,9.0,7.0,375.22993100333434
1598,15.0,9.0,8.0,484.5914669668402
1599,15.0,9.0,9.0,664.0381855478909
1600,16.0,0.0,0.0,201.78923114402704
1601,16.0,0.0,1.0,646.2838962958843
1602,16.0,0.0,2.0,700.0
1603,16.0,0.0,3.0,559.9023074354386
1604,16.0,0.0,4.0,684.7461464210182
1605,16.0,0.0,5.0,649.9116123067764
1606,16.0,0.0,6.0,255.04783140954686
1607,16.0,0.0,7.0,383.26769342748156
1608,16.0,0.0,8.0,563.4037356640182
1609,16.0,0.0,9.0,427.315015950351
1610,16.0,1.0,0.0,215.91746116706622
1611,16.0,1.0,1.0,633.1996885763617
1612,16.0,1.0,2.0,685.90273623316
1613,16.0,1.0,3.0,565.0724315590742
1614,16.0,1.0,4.0,674.2299233461836
1615,16.0,1.0,5.0,637.5619859249072
1616,16.0,1.0,6.0,266.6464578033864
1617,16.0,1.0,7.0,390.9804731912845
1618,16.0,1.0,8.0,574.6882229165274
1619,16.0,1.0,9.0,434.4627267512414
1620,16.0,2.0,0.0,200.53970197231945
1621,16.0,2.0,1.0,647.3290808501112
1622,16.0,2.0,2.0,700.0
1623,16.0,2.0,3.0,562.6282673292898
1624,16.0,2.0,4.0,675.3182379201472
1625,16.0,2.0,5.0,649.2701301897921
1626,16.0,2.0,6.0,220.858374684895
1627,16.0,2.0,7.0,379.21130191849716
1628,16.0,2.0,8.0,571.8914310952707
1629,16.0,2.0,9.0,432.6208016243881
1630,16.0,3.0,0.0,214.08090471799463
1631,16.0,3.0,1.0,647.4234005294679
1632,16.0,3.0,2.0,700.0
1633,16.0,3.0,3.0,562.8742637536403
1634,16.0,3.0,4.0,685.0697333815963
1635,16.0,3.0,5.0,623.6909575966912
1636,16.0,3.0,6.0,266.43800359407385
1637,16.0,3.0,7.0,391.59555585195716
1638,16.0,3.0,8.0,579.420916442938
1639,16.0,3.0,9.0,433.09960701955583
1640,16.0,4.0,0.0,455.6492333832235
1641,16.0,4.0,1.0,540.5237247869117
1642,16.0,4.0,2.0,346.01783259260577
1643,16.0,4.0,3.0,611.4808948877435
1644,16.0,4.0,4.0,571.6033935146901
1645,16.0,4.0,5.0,418.09178640822415
1646,16.0,4.0,6.0,252.897079956082
1647,16.0,4.0,7.0,407.93613197992454
1648,16.0,4.0,8.0,512.9284258636195
1649,16.0,4.0,9.0,558.9960347621475
1650,16.0,5.0,0.0,206.36749599102126
1651,16.0,5.0,1.0,648.2167019398767
1652,16.0,5.0,2.0,700.0
1653,16.0,5.0,3.0,564.9432838322106
1654,16.0,5.0,4.0,675.7341800170051
1655,16.0,5.0,5.0,649.7426784896281
1656,16.0,5.0,6.0,226.0006636893302
1657,16.0,5.0,7.0,382.1994458749523
1658,16.0,5.0,8.0,544.0623689302453
1659,16.0,5.0,9.0,437.1267304988609
1660,16.0,6.0,0.0,217.5443535016019
1661,16.0,6.0,1.0,647.5718562220812
1662,16.0,6.0,2.0,700.0
1663,16.0,6.0,3.0,563.2614530423078
1664,16.0,6.0,4.0,685.1118905978104
1665,16.0,6.0,5.0,624.389656029271
1666,16.0,6.0,6.0,270.0307435341891
1667,16.0,6.0,7.0,394.4193588370332
1668,16.0,6.0,8.0,579.761384475188
1669,16.0,6.0,9.0,433.8532290319649
1670,16.0,7.0,0.0,283.49408821000736
1671,16.0,7.0,1.0,585.0234638751527
1672,16.0,7.0,2.0,637.3347173250256
1673,16.0,7.0,3.0,574.8036222732638
1674,16.0,7.0,4.0,628.2566779013432
1675,16.0,7.0,5.0,599.1609112946197
1676,16.0,7.0,6.0,307.13820867521974
1677,16.0,7.0,7.0,443.76950829989335
1678,16.0,7.0,8.0,553.6157410918006
1679,16.0,7.0,9.0,443.35935670286943
1680,16.0,8.0,0.0,581.3032380687832
1681,16.0,8.0,1.0,427.4967816903824
1682,16.0,8.0,2.0,482.54077004571377
1683,16.0,8.0,3.0,595.4344040022613
1684,16.0,8.0,4.0,510.30969747995493
1685,16.0,8.0,5.0,490.68442643385885
1686,16.0,8.0,6.0,631.4184514814032
1687,16.0,8.0,7.0,700.0
1688,16.0,8.0,8.0,499.66409318812373
1689,16.0,8.0,9.0,451.50287336033585
1690,16.0,9.0,0.0,700.0
1691,16.0,9.0,1.0,490.07424115261347
1692,16.0,9.0,2.0,0.0
1693,16.0,9.0,3.0,619.0397508306182
1694,16.0,9.0,4.0,545.6314665435382
1695,16.0,9.0,5.0,360.6188156745009
1696,16.0,9.0,6.0,180.02591560578267
1697,16.0,9.0,7.0,387.57241740823105
1698,16.0,9.0,8.0,479.0012349199281
1699,16.0,9.0,9.0,659.3793370640216
1700,17.0,0.0,0.0,204.5502415957763
1701,17.0,0.0,1.0,647.1472164355613
1702,17.0,0.0,2.0,700.0
1703,17.0,0.0,3.0,562.1539443035838
1704,17.0,0.0,4.0,684.9913049134309
1705,17.0,0.0,5.0,649.941898025165
1706,17.0,0.0,6.0,256.2577147721513
1707,17.0,0.0,7.0,383.4592041924157
1708,17.0,0.0,8.0,565.5990979087463
1709,17.0,0.0,9.0,431.69758323062723
1710,17.0,1.0,0.0,223.50504589118975
1711,17.0,1.0,1.0,607.7705135785742
1712,17.0,1.0,2.0,662.7008938025084
1713,17.0,1.0,3.0,563.4239119360038
1714,17.0,1.0,4.0,655.8159279059673
1715,17.0,1.0,5.0,616.6258726075786
1716,17.0,1.0,6.0,276.6429603495889
1717,17.0,1.0,7.0,399.81334958844246
1718,17.0,1.0,8.0,562.2680924213965
1719,17.0,1.0,9.0,426.45581936127536
1720,17.0,2.0,0.0,216.79402845523833
1721,17.0,2.0,1.0,646.2058092854122
1722,17.0,2.0,2.0,700.0
1723,17.0,2.0,3.0,559.6986476531365
1724,17.0,2.0,4.0,674.7918692529875
1725,17.0,2.0,5.0,652.1615845139637
1726,17.0,2.0,6.0,241.11126338179773
1727,17.0,2.0,7.0,397.4953202233605
1728,17.0,2.0,8.0,569.1593596796279
1729,17.0,2.0,9.0,426.9186142432851
1730,17.0,3.0,0.0,203.85145403449687
1731,17.0,3.0,1.0,645.786516805044
1732,17.0,3.0,2.0,700.0
1733,17.0,3.0,3.0,558.6050852955102
1734,17.0,3.0,4.0,684.6049047187477
1735,17.0,3.0,5.0,622.4471066961701
1736,17.0,3.0,6.0,258.4877341811887
1737,17.0,3.0,7.0,386.56850881405865
1738,17.0,3.0,8.0,575.6668901010261
1739,17.0,3.0,9.0,424.79011356216745
1740,17.0,4.0,0.0,462.1416710249161
1741,17.0,4.0,1.0,582.9502111645443
1742,17.0,4.0,2.0,365.8275585977805
1743,17.0,4.0,3.0,561.4182181934053
1744,17.0,4.0,4.0,614.4303644750622
1745,17.0,4.0,5.0,496.94336324110196
1746,17.0,4.0,6.0,242.30422827222768
1747,17.0,4.0,7.0,432.56065985760347
1748,17.0,4.0,8.0,482.543236900287
1749,17.0,4.0,9.0,488.51253236332326
1750,17.0,5.0,0.0,201.84432567048418
1751,17.0,5.0,1.0,647.3859563154235
1752,17.0,5.0,2.0,700.0
1753,17.0,5.0,3.0,562.7766049953574
1754,17.0,5.0,4.0,675.3448899460784
1755,17.0,5.0,5.0,649.4379242635608
1756,17.0,5.0,6.0,222.24246495107587
1757,17.0,5.0,7.0,380.27234234047245
1758,17.0,5.0,8.0,541.5607031508983
1759,17.0,5.0,9.0,432.9095248243577
1760,17.0,6.0,0.0,196.7511438616525
1761,17.0,6.0,1.0,646.0104516540324
1762,17.0,6.0,2.0,700.0
1763,17.0,6.0,3.0,559.189132787133
1764,17.0,6.0,4.0,684.6684958797248
1765,17.0,6.0,5.0,620.6533518924845
1766,17.0,6.0,6.0,249.94933632008215
1767,17.0,6.0,7.0,379.3190147076486
1768,17.0,6.0,8.0,576.1804619017794
1769,17.0,6.0,9.0,425.9268987441501
1770,17.0,7.0,0.0,271.8960032842475
1771,17.0,7.0,1.0,604.822196291436
1772,17.0,7.0,2.0,657.5349130441288
1773,17.0,7.0,3.0,570.1342073417403
1774,17.0,7.0,4.0,643.2932053510735
1775,17.0,7.0,5.0,617.674624335539
1776,17.0,7.0,6.0,296.9435516114151
1777,17.0,7.0,7.0,437.888663249518
1778,17.0,7.0,8.0,558.8124557018733
1779,17.0,7.0,9.0,438.44833513306764
1780,17.0,8.0,0.0,584.1396598317565
1781,17.0,8.0,1.0,430.3607471171808
1782,17.0,8.0,2.0,484.3240606181913
1783,17.0,8.0,3.0,597.9331421929307
1784,17.0,8.0,4.0,512.160150720593
1785,17.0,8.0,5.0,492.40093434705057
1786,17.0,8.0,6.0,633.0573015527244
1787,17.0,8.0,7.0,700.0
1788,17.0,8.0,8.0,502.83753185409716
1789,17.0,8.0,9.0,456.73518889103224
1790,17.0,9.0,0.0,700.0
1791,17.0,9.0,1.0,484.76393596239274
1792,17.0,9.0,2.0,10.659257079657921
1793,17.0,9.0,3.0,623.1266555237995
1794,17.0,9.0,4.0,541.7265430652502
1795,17.0,9.0,5.0,363.424230820569
1796,17.0,9.0,6.0,206.27440850996678
1797,17.0,9.0,7.0,403.34388262324364
1798,17.0,9.0,8.0,483.1196970772943
1799,17.0,9.0,9.0,658.3517922862701
1800,18.0,0.0,0.0,201.56258762181403
1801,18.0,0.0,1.0,644.7985182340201
1802,18.0,0.0,2.0,700.0
1803,18.0,0.0,3.0,556.0282729336169
1804,18.0,0.0,4.0,684.3243410795525
1805,18.0,0.0,5.0,650.5275547243587
1806,18.0,0.0,6.0,258.0894031058116
1807,18.0,0.0,7.0,387.1625854697565
1808,18.0,0.0,8.0,559.6265239828649
1809,18.0,0.0,9.0,419.7746274043358
1810,18.0,1.0,0.0,226.45066001641862
1811,18.0,1.0,1.0,629.7320116166256
1812,18.0,1.0,2.0,683.8626868534806
1813,18.0,1.0,3.0,561.7148439734452
1814,18.0,1.0,4.0,672.2610584840234
1815,18.0,1.0,5.0,637.7166629226178
1816,18.0,1.0,6.0,281.4339447662873
1817,18.0,1.0,7.0,404.37565415145656
1818,18.0,1.0,8.0,570.7711906859852
1819,18.0,1.0,9.0,427.5056550541704
1820,18.0,2.0,0.0,198.52947278914118
1821,18.0,2.0,1.0,647.7229276557867
1822,18.0,2.0,2.0,700.0
1823,18.0,2.0,3.0,563.6554644805017
1824,18.0,2.0,4.0,675.5027957997223
1825,18.0,2.0,5.0,648.8010786776034
1826,18.0,2.0,6.0,217.93496349625812
1827,18.0,2.0,7.0,376.245269786125
1828,18.0,2.0,8.0,572.8493629380631
1829,18.0,2.0,9.0,434.6201296194943
1830,18.0,3.0,0.0,200.34339058243305
1831,18.0,3.0,1.0,645.5943104340729
1832,18.0,3.0,2.0,700.0
1833,18.0,3.0,3.0,558.1037892741605
1834,18.0,3.0,4.0,684.5503235477854
1835,18.0,3.0,5.0,621.768027846232
1836,18.0,3.0,6.0,254.94161514402214
1837,18.0,3.0,7.0,383.82399874484594
1838,18.0,3.0,8.0,575.2260843376462
1839,18.0,3.0,9.0,423.814395153937
1840,18.0,4.0,0.0,406.3801180268931
1841,18.0,4.0,1.0,579.9782976441862
1842,18.0,4.0,2.0,484.08511291332746
1843,18.0,4.0,3.0,576.4367714458555
1844,18.0,4.0,4.0,612.458039788263
1845,18.0,4.0,5.0,522.3090281352358
1846,18.0,4.0,6.0,302.8910590516976
1847,18.0,4.0,7.0,457.47411563841337
1848,18.0,4.0,8.0,507.19804656227
1849,18.0,4.0,9.0,480.647468700336
1850,18.0,5.0,0.0,211.03121273483094
1851,18.0,5.0,1.0,648.5392682272253
1852,18.0,5.0,2.0,700.0
1853,18.0,5.0,3.0,565.7845733048371
1854,18.0,5.0,4.0,675.8853356164857
1855,18.0,5.0,5.0,650.2903655103642
1856,18.0,5.0,6.0,230.75261086916015
1857,18.0,5.0,7.0,385.66272711330964
1858,18.0,5.0,8.0,545.0337288975818
1859,18.0,5.0,9.0,438.76420933398583
1860,18.0,6.0,0.0,200.81604593566783
1861,18.0,6.0,1.0,645.7559409386265
1862,18.0,6.0,2.0,700.0
1863,18.0,6.0,3.0,558.5253399670548
1864,18.0,6.0,4.0,684.5962220378161
1865,18.0,6.0,5.0,621.7666728429293
1866,18.0,6.0,6.0,255.118004206651
1867,18.0,6.0,7.0,383.81852247326515
1868,18.0,6.0,8.0,575.5967674611317
1869,18.0,6.0,9.0,424.6348979178574
1870,18.0,7.0,0.0,243.90070816052796
1871,18.0,7.0,1.0,613.3912542165028
1872,18.0,7.0,2.0,666.5820296731231
1873,18.0,7.0,3.0,567.2650228690862
1874,18.0,7.0,4.0,649.8878929231555
1875,18.0,7.0,5.0,622.7296983205159
1876,18.0,7.0,6.0,267.0453490236977
1877,18.0,7.0,7.0,414.7875423868885
1878,18.0,7.0,8.0,560.4144950891452
1879,18.0,7.0,9.0,434.734761621241
1880,18.0,8.0,0.0,584.7672035721182
1881,18.0,8.0,1.0,431.4935132123642
1882,18.0,8.0,2.0,485.18562278409854
1883,18.0,8.0,3.0,598.4859751780763
1884,18.0,8.0,4.0,512.9365872176935
1885,18.0,8.0,5.0,493.23023176964136
1886,18.0,8.0,6.0,633.4198887099211
1887,18.0,8.0,7.0,700.0
1888,18.0,8.0,8.0,503.7604592485273
1889,18.0,8.0,9.0,457.98939324156964
1890,18.0,9.0,0.0,700.0
1891,18.0,9.0,1.0,494.4241278658073
1892,18.0,9.0,2.0,15.673981332416066
1893,18.0,9.0,3.0,622.4927017217248
1894,18.0,9.0,4.0,548.8301480026621
1895,18.0,9.0,5.0,370.9474249218066
1896,18.0,9.0,6.0,202.2027863106271
1897,18.0,9.0,7.0,400.89743938858004
1898,18.0,9.0,8.0,486.39020641403215
1899,18.0,9.0,9.0,660.2210407356271
1900,19.0,0.0,0.0,201.42011760895193
1901,19.0,0.0,1.0,645.3945989056984
1902,19.0,0.0,2.0,700.0
1903,19.0,0.0,3.0,557.5829189508416
1904,19.0,0.0,4.0,684.4936111244746
1905,19.0,0.0,5.0,650.245907122478
1906,19.0,0.0,6.0,256.60447154103554
1907,19.0,0.0,7.0,385.3815959292165
1908,19.0,0.0,8.0,561.1423151028355
1909,19.0,0.0,9.0,422.80057748709237
1910,19.0,1.0,0.0,225.14482966523354
1911,19.0,1.0,1.0,631.5193998946534
1912,19.0,1.0,2.0,684.9627252526063
1913,19.0,1.0,3.0,563.3102686114789
1914,19.0,1.0,4.0,673.2992970541906
1915,19.0,1.0,5.0,638.3152233010804
1916,19.0,1.0,6.0,278.59678088430707
1917,19.0,1.0,7.0,401.4650722518915
1918,19.0,1.0,8.0,572.694230519763
1919,19.0,1.0,9.0,430.83846905802966
1920,19.0,2.0,0.0,209.41198322169015
1921,19.0,2.0,1.0,647.7002332636442
1922,19.0,2.0,2.0,700.0
1923,19.0,2.0,3.0,563.5962749311085
1924,19.0,2.0,4.0,675.4921611345893
1925,19.0,2.0,5.0,650.4180746508574
1926,19.0,2.0,6.0,230.29676089473082
1927,19.0,2.0,7.0,386.4702917505779
1928,19.0,2.0,8.0,572.7941646209173
1929,19.0,2.0,9.0,434.50492357265165
1930,19.0,3.0,0.0,199.86594029772573
1931,19.0,3.0,1.0,645.4346706913304
1932,19.0,3.0,2.0,700.0
1933,19.0,3.0,3.0,557.687430713922
1934,19.0,3.0,4.0,684.5049903777806
1935,19.0,3.0,5.0,621.7669131515022
1936,19.0,3.0,6.0,254.75537534468427
1937,19.0,3.0,7.0,383.8194936849259
1938,19.0,3.0,8.0,574.8599668239027
1939,19.0,3.0,9.0,423.00399831385164
1940,19.0,4.0,0.0,387.9299379055525
1941,19.0,4.0,1.0,610.2874603701888
1942,19.0,4.0,2.0,447.78919377253476
1943,19.0,4.0,3.0,589.9941812001616
1944,19.0,4.0,4.0,635.0325491950977
1945,19.0,4.0,5.0,528.7881746805155
1946,19.0,4.0,6.0,207.05483346242895
1947,19.0,4.0,7.0,379.55615375739586
1948,19.0,4.0,8.0,529.9201536909352
1949,19.0,4.0,9.0,530.2168865551237
1950,19.0,5.0,0.0,207.57772457603866
1951,19.0,5.0,1.0,648.3001599174886
1952,19.0,5.0,2.0,700.0
1953,19.0,5.0,3.0,565.1609517061502
1954,19.0,5.0,4.0,675.7732886936774
1955,19.0,5.0,5.0,649.8849108137468
1956,19.0,5.0,6.0,227.2341945348598
1957,19.0,5.0,7.0,383.09884739618263
1958,19.0,5.0,8.0,544.3136901054178
1959,19.0,5.0,9.0,437.55039743902944
1960,19.0,6.0,0.0,210.64849493777055
1961,19.0,6.0,1.0,648.6322024065624
1962,19.0,6.0,2.0,700.0
1963,19.0,6.0,3.0,566.0269561879517
1964,19.0,6.0,4.0,685.4129989121858
1965,19.0,6.0,5.0,622.0709857647922
1966,19.0,6.0,6.0,259.8666568932369
1967,19.0,6.0,7.0,385.04840892653914
1968,19.0,6.0,8.0,582.193180606272
1969,19.0,6.0,9.0,439.23598136253435
1970,19.0,7.0,0.0,271.8177529743097
1971,19.0,7.0,1.0,596.5763233549374
1972,19.0,7.0,2.0,647.5469538517075
1973,19.0,7.0,3.0,576.4688334775653
1974,19.0,7.0,4.0,636.581742969757
1975,19.0,7.0,5.0,606.9872640257014
1976,19.0,7.0,6.0,292.86610995575745
1977,19.0,7.0,7.0,431.10079124525066
1978,19.0,7.0,8.0,559.9973196408833
1979,19.0,7.0,9.0,448.7124451293269
1980,19.0,8.0,0.0,590.5649194638855
1981,19.0,8.0,1.0,423.9140031313299
1982,19.0,8.0,2.0,476.2613987130161
1983,19.0,8.0,3.0,603.5934575371953
1984,19.0,8.0,4.0,506.8406398024323
1985,19.0,8.0,5.0,484.64021201989823
1986,19.0,8.0,6.0,636.7697385900616
1987,19.0,8.0,7.0,700.0
1988,19.0,8.0,8.0,504.3038935852058
1989,19.0,8.0,9.0,466.08498586914646
1990,19.0,9.0,0.0,700.0
1991,19.0,9.0,1.0,515.5867151730276
1992,19.0,9.0,2.0,20.722076412777334
1993,19.0,9.0,3.0,620.1684611171471
1994,19.0,9.0,4.0,564.3920189454976
1995,19.0,9.0,5.0,385.6916934331132
1996,19.0,9.0,6.0,187.2751533960036
1997,19.0,9.0,7.0,391.9281380227883
1998,19.0,9.0,8.0,492.0745191152837
1999,19.0,9.0,9.0,664.316004262636
2000,20.0,0.0,0.0,206.54797606407084
2001,20.0,0.0,1.0,648.2413594893446
2002,20.0,0.0,2.0,700.0
2003,20.0,0.0,3.0,565.0075935186288
2004,20.0,0.0,4.0,685.30201058242
2005,20.0,0.0,5.0,649.7585505123513
2006,20.0,0.0,6.0,256.09064534599037
2007,20.0,0.0,7.0,382.2998120995136
2008,20.0,0.0,8.0,568.3814265493195
2009,20.0,0.0,9.0,437.25190233784235
2010,20.0,1.0,0.0,201.38974021225377
2011,20.0,1.0,1.0,643.2744187581193
2012,20.0,1.0,2.0,697.7941425800514
2013,20.0,1.0,3.0,558.2019352461093
2014,20.0,1.0,4.0,682.8274095701959
2015,20.0,1.0,5.0,648.0144042251877
2016,20.0,1.0,6.0,256.04305532969505
2017,20.0,1.0,7.0,384.69706225014556
2018,20.0,1.0,8.0,574.2693910415767
2019,20.0,1.0,9.0,423.5492446947327
2020,20.0,2.0,0.0,211.50529720686617
2021,20.0,2.0,1.0,646.9675835582377
2022,20.0,2.0,2.0,700.0
2023,20.0,2.0,3.0,561.6854413801308
2024,20.0,2.0,4.0,675.1488391267602
2025,20.0,2.0,5.0,651.0475214034115
2026,20.0,2.0,6.0,233.8706793368527
2027,20.0,2.0,7.0,390.45057802016305
2028,20.0,2.0,8.0,571.0121811890148
2029,20.0,2.0,9.0,430.78569303550506
2030,20.0,3.0,0.0,209.69321932764606
2031,20.0,3.0,1.0,647.320178362195
2032,20.0,3.0,2.0,700.0
2033,20.0,3.0,3.0,562.6050486308147
2034,20.0,3.0,4.0,685.040421206715
2035,20.0,3.0,5.0,622.7477662244644
2036,20.0,3.0,6.0,261.6981186183543
2037,20.0,3.0,7.0,387.7836300078399
2038,20.0,3.0,8.0,579.1841869005582
2039,20.0,3.0,9.0,432.57560894271376
2040,20.0,4.0,0.0,433.5922310100686
2041,20.0,4.0,1.0,549.1020775350564
2042,20.0,4.0,2.0,441.7328492950206
2043,20.0,4.0,3.0,581.9884154003425
2044,20.0,4.0,4.0,584.9990769678014
2045,20.0,4.0,5.0,476.12043364682654
2046,20.0,4.0,6.0,323.6244160220182
2047,20.0,4.0,7.0,472.4046895454264
2048,20.0,4.0,8.0,495.9867816269824
2049,20.0,4.0,9.0,485.7393918041878
2050,20.0,5.0,0.0,195.964546013168
2051,20.0,5.0,1.0,649.0864483113311
2052,20.0,5.0,2.0,700.0
2053,20.0,5.0,3.0,567.2116810418884
2054,20.0,5.0,4.0,676.141745963385
2055,20.0,5.0,5.0,647.8261677683955
2056,20.0,5.0,6.0,212.79086603327698
2057,20.0,5.0,7.0,370.0804520469862
2058,20.0,5.0,8.0,546.6814796064077
2059,20.0,5.0,9.0,441.54191996855417
2060,20.0,6.0,0.0,197.96303329231847
2061,20.0,6.0,1.0,645.8329529669718
2062,20.0,6.0,2.0,700.0
2063,20.0,6.0,3.0,558.7261960740113
2064,20.0,6.0,4.0,684.6180912748453
2065,20.0,6.0,5.0,621.0547860344369
2066,20.0,6.0,6.0,251.71594208293754
2067,20.0,6.0,7.0,380.94141841646194
2068,20.0,6.0,8.0,575.7733867155958
2069,20.0,6.0,9.0,425.0258425745397
2070,20.0,7.0,0.0,262.47126076003025
2071,20.0,7.0,1.0,580.8058123320008
2072,20.0,7.0,2.0,633.9942163244564
2073,20.0,7.0,3.0,573.1149417138924
2074,20.0,7.0,4.0,625.3279452750149
2075,20.0,7.0,5.0,593.1240414669409
2076,20.0,7.0,6.0,284.3930329828296
2077,20.0,7.0,7.0,425.9280485155195
2078,20.0,7.0,8.0,550.4614404967829
2079,20.0,7.0,9.0,439.38169268311105
2080,20.0,8.0,0.0,587.6750521661183
2081,20.0,8.0,1.0,425.49806596259765
2082,20.0,8.0,2.0,478.6568747609293
2083,20.0,8.0,3.0,601.0476366451264
2084,20.0,8.0,4.0,508.265851618365
2085,20.0,8.0,5.0,486.945979602347
2086,20.0,8.0,6.0,635.1000083373609
2087,20.0,8.0,7.0,700.0
2088,20.0,8.0,8.0,503.0623945241153
2089,20.0,8.0,9.0,461.62521617521935
2090,20.0,9.0,0.0,700.0
2091,20.0,9.0,1.0,511.26825332788826
2092,20.0,9.0,2.0,11.278690045031361
2093,20.0,9.0,3.0,619.3172966748067
2094,20.0,9.0,4.0,561.2164457072154
2095,20.0,9.0,5.0,380.22203827237615
2096,20.0,9.0,6.0,181.80847738998855
2097,20.0,9.0,7.0,388.6434736123275
2098,20.0,9.0,8.0,488.81695436646476
2099,20.0,9.0,9.0,663.4803813072805
2100,21.0,0.0,0.0,196.29464140272802
2101,21.0,0.0,1.0,646.3500347919917
2102,21.0,0.0,2.0,700.0
2103,21.0,0.0,3.0,560.0748041367139
2104,21.0,0.0,4.0,684.7649278825536
2105,21.0,0.0,5.0,649.0712832186322
2106,21.0,0.0,6.0,248.67830737070238
2107,21.0,0.0,7.0,377.95389949987316
2108,21.0,0.0,8.0,563.5719211963649
2109,21.0,0.0,9.0,427.65076209559254
2110,21.0,1.0,0.0,199.43229132409317
2111,21.0,1.0,1.0,645.2329644576461
2112,21.0,1.0,2.0,700.0
2113,21.0,1.0,3.0,557.161357972857
2114,21.0,1.0,4.0,684.4477115146017
2115,21.0,1.0,5.0,650.0230221161893
2116,21.0,1.0,6.0,254.7121485250101
2117,21.0,1.0,7.0,383.9721897695538
2118,21.0,1.0,8.0,574.3973740915799
2119,21.0,1.0,9.0,421.98005470435805
2120,21.0,2.0,0.0,207.22101491082387
2121,21.0,2.0,1.0,646.1790675706669
2122,21.0,2.0,2.0,700.0
2123,21.0,2.0,3.0,559.628902227229
2124,21.0,2.0,4.0,674.7793379994686
2125,21.0,2.0,5.0,650.7595820177748
2126,21.0,2.0,6.0,230.31366975183371
2127,21.0,2.0,7.0,388.6298025876559
2128,21.0,2.0,8.0,569.094317283154
2129,21.0,2.0,9.0,426.7828623261552
2130,21.0,3.0,0.0,208.46003410053902
2131,21.0,3.0,1.0,648.3433553590419
2132,21.0,3.0,2.0,700.0
2133,21.0,3.0,3.0,565.2736103182552
2134,21.0,3.0,4.0,685.3309745234864
2135,21.0,3.0,5.0,621.7629171424021
2136,21.0,3.0,6.0,258.02958630669264
2137,21.0,3.0,7.0,383.80334373825514
2138,21.0,3.0,8.0,581.5307392801133
2139,21.0,3.0,9.0,437.76967522499666
2140,21.0,4.0,0.0,528.135469341262
2141,21.0,4.0,1.0,500.3532441641556
2142,21.0,4.0,2.0,348.81796190467753
2143,21.0,4.0,3.0,589.7295482514696
2144,21.0,4.0,4.0,541.214280772411
2145,21.0,4.0,5.0,401.4899656183338
2146,21.0,4.0,6.0,387.8224081701811
2147,21.0,4.0,7.0,525.9807432218817
2148,21.0,4.0,8.0,474.85712440153924
2149,21.0,4.0,9.0,499.1517545904182
2150,21.0,5.0,0.0,204.44844811392048
2151,21.0,5.0,1.0,648.7764555176282
2152,21.0,5.0,2.0,700.0
2153,21.0,5.0,3.0,566.40318466716
2154,21.0,5.0,4.0,675.9964823434576
2155,21.0,5.0,5.0,649.2145572049349
2156,21.0,5.0,6.0,222.90804877010814
2157,21.0,5.0,7.0,378.85988793838123
2158,21.0,5.0,8.0,545.7479828283047
2159,21.0,5.0,9.0,439.9682693465383
2160,21.0,6.0,0.0,209.12596547466524
2161,21.0,6.0,1.0,647.2374848488188
2162,21.0,6.0,2.0,700.0
2163,21.0,6.0,3.0,562.3893745663299
2164,21.0,6.0,4.0,685.0169385886918
2165,21.0,6.0,5.0,622.6732660556718
2166,21.0,6.0,6.0,261.23931828708305
2167,21.0,6.0,7.0,387.48253616074555
2168,21.0,6.0,8.0,578.9945377380128
2169,21.0,6.0,9.0,432.1558227366933
2170,21.0,7.0,0.0,291.63098880096703
2171,21.0,7.0,1.0,568.3066735038846
2172,21.0,7.0,2.0,622.2266008989542
2173,21.0,7.0,3.0,573.3172459414267
2174,21.0,7.0,4.0,616.1160350844182
2175,21.0,7.0,5.0,586.0693608630962
2176,21.0,7.0,6.0,317.2892607563293
2177,21.0,7.0,7.0,452.9434711738721
2178,21.0,7.0,8.0,545.0860179963418
2179,21.0,7.0,9.0,437.34186160722567
2180,21.0,8.0,0.0,588.2011820141936
2181,21.0,8.0,1.0,415.00748961850604
2182,21.0,8.0,2.0,468.6749039746575
2183,21.0,8.0,3.0,601.5111293322151
2184,21.0,8.0,4.0,500.50422120852744
2185,21.0,8.0,5.0,477.3378248190883
2186,21.0,8.0,6.0,635.4039997783725
2187,21.0,8.0,7.0,700.0
2188,21.0,8.0,8.0,498.774855070441
2189,21.0,8.0,9.0,460.46303926745253
2190,21.0,9.0,0.0,700.0
2191,21.0,9.0,1.0,473.6955375609351
2192,21.0,9.0,2.0,56.632259639985676
2193,21.0,9.0,3.0,632.0009521929668
2194,21.0,9.0,4.0,533.5874159837236
2195,21.0,9.0,5.0,369.9323427384072
2196,21.0,9.0,6.0,263.2703334550446
2197,21.0,9.0,7.0,437.5900106180994
2198,21.0,9.0,8.0,492.2670833867487
2199,21.0,9.0,9.0,656.2100556876971
2200,22.0,0.0,0.0,208.46635535145666
2201,22.0,0.0,1.0,648.6172618342334
2202,22.0,0.0,2.0,700.0
2203,22.0,0.0,3.0,565.9879894803057
2204,22.0,0.0,4.0,685.4087562123809
2205,22.0,0.0,5.0,649.8775013368602
2206,22.0,0.0,6.0,257.42854225381467
2207,22.0,0.0,7.0,383.0519938076969
2208,22.0,0.0,8.0,569.3373197084693
2209,22.0,0.0,9.0,439.1601368867372
2210,22.0,1.0,0.0,206.9350911089498
2211,22.0,1.0,1.0,645.3039305145827
2212,22.0,1.0,2.0,700.0
2213,22.0,1.0,3.0,557.3464455004628
2214,22.0,1.0,4.0,684.4678638668188
2215,22.0,1.0,5.0,651.0999709282798
2216,22.0,1.0,6.0,263.0515484008678
2217,22.0,1.0,7.0,390.78224090162615
2218,22.0,1.0,8.0,574.5601275255265
2219,22.0,1.0,9.0,422.34030752929044
2220,22.0,2.0,0.0,205.40154608621089
2221,22.0,2.0,1.0,647.746448367647
2222,22.0,2.0,2.0,700.0
2223,22.0,2.0,3.0,563.716809165462
2224,22.0,2.0,4.0,675.5138176809324
2225,22.0,2.0,5.0,649.8056282576405
2226,22.0,2.0,6.0,225.67901139012054
2227,22.0,2.0,7.0,382.59750670579547
2228,22.0,2.0,8.0,572.9065710670387
2229,22.0,2.0,9.0,434.7395304042885
2230,22.0,3.0,0.0,207.0505475395683
2231,22.0,3.0,1.0,647.3481463745154
2232,22.0,3.0,2.0,700.0
2233,22.0,3.0,3.0,562.6779923799224
2234,22.0,3.0,4.0,685.0483633308718
2235,22.0,3.0,5.0,622.1180289874326
2236,22.0,3.0,6.0,258.64317021754925
2237,22.0,3.0,7.0,385.238535004295
2238,22.0,3.0,8.0,579.2483286923145
2239,22.0,3.0,9.0,432.71758604953123
2240,22.0,4.0,0.0,474.10329842973516
2241,22.0,4.0,1.0,516.5120257498234
2242,22.0,4.0,2.0,457.71629935739946
2243,22.0,4.0,3.0,589.4787018698952
2244,22.0,4.0,4.0,557.1266167131233
2245,22.0,4.0,5.0,451.2476976812276
2246,22.0,4.0,6.0,421.7976201085246
2247,22.0,4.0,7.0,542.0603930239471
2248,22.0,4.0,8.0,491.38986421381867
2249,22.0,4.0,9.0,477.2774594028512
2250,22.0,5.0,0.0,206.8038766379846
2251,22.0,5.0,1.0,647.1720647354575
2252,22.0,5.0,2.0,700.0
2253,22.0,5.0,3.0,562.2187514887576
2254,22.0,5.0,4.0,675.2446596639263
2255,22.0,5.0,5.0,650.2638396560402
2256,22.0,5.0,6.0,228.2104667844259
2257,22.0,5.0,7.0,385.4949917277078
2258,22.0,5.0,8.0,540.9166007562056
2259,22.0,5.0,9.0,431.8237233970501
2260,22.0,6.0,0.0,200.4500667799416
2261,22.0,6.0,1.0,645.2694428670209
2262,22.0,6.0,2.0,700.0
2263,22.0,6.0,3.0,557.2564978029881
2264,22.0,6.0,4.0,684.4580703507232
2265,22.0,6.0,5.0,622.0149048300286
2266,22.0,6.0,6.0,255.7837875864212
2267,22.0,6.0,7.0,384.8217567635932
2268,22.0,6.0,8.0,574.4810336134245
2269,22.0,6.0,9.0,422.1652340787418
2270,22.0,7.0,0.0,220.3537114720747
2271,22.0,7.0,1.0,638.4740375403818
2272,22.0,7.0,2.0,690.6332775124829
2273,22.0,7.0,3.0,565.6424503888784
2274,22.0,7.0,4.0,668.4984217622554
2275,22.0,7.0,5.0,642.6749421650965
2276,22.0,7.0,6.0,241.39990499176434
2277,22.0,7.0,7.0,394.51889328396965
2278,22.0,7.0,8.0,570.2734935094728
2279,22.0,7.0,9.0,436.55050329079836
2280,22.0,8.0,0.0,593.1262803765507
2281,22.0,8.0,1.0,419.79637276312803
2282,22.0,8.0,2.0,471.5991676735704
2283,22.0,8.0,3.0,605.8498816050508
2284,22.0,8.0,4.0,503.5819716863938
2285,22.0,8.0,5.0,480.15257742133645
2286,22.0,8.0,6.0,638.2496618402618
2287,22.0,8.0,7.0,700.0
2288,22.0,8.0,8.0,504.20371981349024
2289,22.0,8.0,9.0,469.5127011432363
2290,22.0,9.0,0.0,700.0
2291,22.0,9.0,1.0,473.2854084361226
2292,22.0,9.0,2.0,95.16599217696262
2293,22.0,9.0,3.0,638.1321302897065
2294,22.0,9.0,4.0,533.2858282611272
2295,22.0,9.0,5.0,380.9465273943803
2296,22.0,9.0,6.0,302.6483461195082
2297,22.0,9.0,7.0,461.2503769195463
2298,22.0,9.0,8.0,501.78864369288823
2299,22.0,9.0,9.0,656.1306956461722
2300,23.0,0.0,0.0,195.18159311687626
2301,23.0,0.0,1.0,645.4733069519549
2302,23.0,0.0,2.0,700.0
2303,23.0,0.0,3.0,557.7881984649243
2304,23.0,0.0,4.0,684.5159619826023
2305,23.0,0.0,5.0,649.2902220786686
2306,23.0,0.0,6.0,249.3645252948762
2307,23.0,0.0,7.0,379.3383523307845
2308,23.0,0.0,8.0,561.3424641149644
2309,23.0,0.0,9.0,423.2001318266294
2310,23.0,1.0,0.0,218.48431713297973
2311,23.0,1.0,1.0,647.7524864520598
2312,23.0,1.0,2.0,700.0
2313,23.0,1.0,3.0,563.7325571746331
2314,23.0,1.0,4.0,685.1631844722738
2315,23.0,1.0,5.0,651.7349856228029
2316,23.0,1.0,6.0,270.69417436300074
2317,23.0,1.0,7.0,394.79773587294653
2318,23.0,1.0,8.0,580.1756415365589
2319,23.0,1.0,9.0,434.77018219841096
2320,23.0,2.0,0.0,208.08404549786064
2321,23.0,2.0,1.0,648.5725177467191
2322,23.0,2.0,2.0,700.0
2323,23.0,2.0,3.0,565.8712918238404
2324,23.0,2.0,4.0,675.9009164482363
2325,23.0,2.0,5.0,649.8406060143179
2326,23.0,2.0,6.0,227.360315953311
2327,23.0,2.0,7.0,382.81868742375025
2328,23.0,2.0,8.0,574.9157740138821
2329,23.0,2.0,9.0,438.9329975384056
2330,23.0,3.0,0.0,203.23171762170648
2331,23.0,3.0,1.0,646.6079138822324
2332,23.0,3.0,2.0,700.0
2333,23.0,3.0,3.0,560.7473820605032
2334,23.0,3.0,4.0,684.8381582476088
2335,23.0,3.0,5.0,621.7420282103415
2336,23.0,3.0,6.0,255.9619849497449
2337,23.0,3.0,7.0,383.71892072260556
2338,23.0,3.0,8.0,577.5506807569685
2339,23.0,3.0,9.0,428.95986217471204
2340,23.0,4.0,0.0,438.6030912108858
2341,23.0,4.0,1.0,525.9025179849305
2342,23.0,4.0,2.0,447.90124008794595
2343,23.0,4.0,3.0,579.9476428715167
2344,23.0,4.0,4.0,566.0754192891607
2345,23.0,4.0,5.0,456.9971136345899
2346,23.0,4.0,6.0,362.5213153124458
2347,23.0,4.0,7.0,501.5236052236554
2348,23.0,4.0,8.0,484.8935280824896
2349,23.0,4.0,9.0,468.28379730228585
2350,23.0,5.0,0.0,204.67577708254154
2351,23.0,5.0,1.0,647.2345203953399
2352,23.0,5.0,2.0,700.0
2353,23.0,5.0,3.0,562.3816429353409
2354,23.0,5.0,4.0,675.2739265869769
2355,23.0,5.0,5.0,649.9222669016593
2356,23.0,5.0,6.0,225.6978073124676
2357,23.0,5.0,7.0,383.3350674151117
2358,23.0,5.0,8.0,541.1046766033196
2359,23.0,5.0,9.0,432.1407739544165
2360,23.0,6.0,0.0,215.44226766318278
2361,23.0,6.0,1.0,647.9251496912955
2362,23.0,6.0,2.0,700.0
2363,23.0,6.0,3.0,564.1828824912442
2364,23.0,6.0,4.0,685.2122159467885
2365,23.0,6.0,5.0,623.6622824546001
2366,23.0,6.0,6.0,266.86563530706945
2367,23.0,6.0,7.0,391.479664720591
2368,23.0,6.0,8.0,580.5716271149477
2369,23.0,6.0,9.0,435.64669165070364
2370,23.0,7.0,0.0,212.24161095764944
2371,23.0,7.0,1.0,629.3751483989266
2372,23.0,7.0,2.0,682.541860181372
2373,23.0,7.0,3.0,564.465824193844
2374,23.0,7.0,4.0,661.927909348371
2375,23.0,7.0,5.0,633.8858275923238
2376,23.0,7.0,6.0,232.95379341387937
2377,23.0,7.0,7.0,388.1909125228717
2378,23.0,7.0,8.0,565.3503415810688
2379,23.0,7.0,9.0,432.5869873505981
2380,23.0,8.0,0.0,582.0960068518422
2381,23.0,8.0,1.0,429.34041514511847
2382,23.0,8.0,2.0,484.0152496329867
2383,23.0,8.0,3.0,596.1327915483092
2384,23.0,8.0,4.0,511.59398242171767
2385,23.0,8.0,5.0,492.10368806090673
2386,23.0,8.0,6.0,631.8765036630699
2387,23.0,8.0,7.0,700.0
2388,23.0,8.0,8.0,501.01256612576617
2389,23.0,8.0,9.0,453.1671379017721
2390,23.0,9.0,0.0,700.0
2391,23.0,9.0,1.0,548.3674513551284
2392,23.0,9.0,2.0,0.0
2393,23.0,9.0,3.0,601.6184510666264
2394,23.0,9.0,4.0,588.4972750028686
2395,23.0,9.0,5.0,380.773730905681
2396,23.0,9.0,6.0,68.13613652683412
2397,23.0,9.0,7.0,320.34319533057794
2398,23.0,9.0,8.0,477.2204560282054
2399,23.0,9.0,9.0,670.6590811797209
2400,24.0,0.0,0.0,200.4409940217833
2401,24.0,0.0,1.0,645.8084427894532
2402,24.0,0.0,2.0,700.0
2403,24.0,0.0,3.0,558.6622707503576
2404,24.0,0.0,4.0,684.6111310779341
2405,24.0,0.0,5.0,649.9203812662445
2406,24.0,0.0,6.0,254.57667590436048
2407,24.0,0.0,7.0,383.3231436602892
2408,24.0,0.0,8.0,562.1946909201615
2409,24.0,0.0,9.0,424.9014188560487
2410,24.0,1.0,0.0,201.37091032042906
2411,24.0,1.0,1.0,645.4640978896447
2412,24.0,1.0,2.0,700.0
2413,24.0,1.0,3.0,557.764180185649
2414,24.0,1.0,4.0,684.5133468694728
2415,24.0,1.0,5.0,650.2082552644179
2416,24.0,1.0,6.0,256.394423041689
2417,24.0,1.0,7.0,385.14350561727855
2418,24.0,1.0,8.0,574.9274551103299
2419,24.0,1.0,9.0,423.15338284753307
2420,24.0,2.0,0.0,213.23417225297152
2421,24.0,2.0,1.0,648.9723328943303
2422,24.0,2.0,2.0,700.0
2423,24.0,2.0,3.0,566.9140550879317
2424,24.0,2.0,4.0,676.0882711120345
2425,24.0,2.0,5.0,650.4263501512231
2426,24.0,2.0,6.0,232.53626106805203
2427,24.0,2.0,7.0,386.5226216106443
2428,24.0,2.0,8.0,575.888222325277
2429,24.0,2.0,9.0,440.96262328620315
2430,24.0,3.0,0.0,217.42820451536252
2431,24.0,3.0,1.0,648.138043918607
2432,24.0,3.0,2.0,700.0
2433,24.0,3.0,3.0,564.7381347889703
2434,24.0,3.0,4.0,685.2726718835983
2435,24.0,3.0,5.0,623.9755129342993
2436,24.0,3.0,6.0,268.6419973858455
2437,24.0,3.0,7.0,392.745591653225
2438,24.0,3.0,8.0,581.059878372775
2439,24.0,3.0,9.0,436.72743010668665
2440,24.0,4.0,0.0,417.56974743985626
2441,24.0,4.0,1.0,527.6774204806948
2442,24.0,4.0,2.0,468.86231008662594
2443,24.0,4.0,3.0,598.9337099406953
2444,24.0,4.0,4.0,565.3589096651311
2445,24.0,4.0,5.0,453.12993820863176
2446,24.0,4.0,6.0,354.85707037099803
2447,24.0,4.0,7.0,481.364822473305
2448,24.0,4.0,8.0,506.46839475733185
2449,24.0,4.0,9.0,496.5817832810038
2450,24.0,5.0,0.0,205.45807647868398
2451,24.0,5.0,1.0,646.351276863559
2452,24.0,5.0,2.0,700.0
2453,24.0,5.0,3.0,560.0780436002751
2454,24.0,5.0,4.0,674.8600358278662
2455,24.0,5.0,5.0,650.4239497697405
2456,24.0,5.0,6.0,228.03431061079172
2457,24.0,5.0,7.0,386.50744287563407
2458,24.0,5.0,8.0,538.4449212543311
2459,24.0,5.0,9.0,427.65706736053505
2460,24.0,6.0,0.0,200.90977511358201
2461,24.0,6.0,1.0,647.4387371361587
2462,24.0,6.0,2.0,700.0
2463,24.0,6.0,3.0,562.9142633638295
2464,24.0,6.0,4.0,685.0740885439537
2465,24.0,6.0,5.0,620.637196548318
2466,24.0,6.0,6.0,251.4875436451095
2467,24.0,6.0,7.0,379.2537225773756
2468,24.0,6.0,8.0,579.4560893905644
2469,24.0,6.0,9.0,433.1774619282743
2470,24.0,7.0,0.0,203.4424224598613
2471,24.0,7.0,1.0,640.2919129907268
2472,24.0,7.0,2.0,694.5530211133158
2473,24.0,7.0,3.0,559.4576408949692
2474,24.0,7.0,4.0,670.4677451143518
2475,24.0,7.0,5.0,644.9872932017121
2476,24.0,7.0,6.0,226.1422255855143
2477,24.0,7.0,7.0,385.28282595618225
2478,24.0,7.0,8.0,566.359107700899
2479,24.0,7.0,9.0,425.3230616336355
2480,24.0,8.0,0.0,587.1491054460303
2481,24.0,8.0,1.0,425.8457883521865
2482,24.0,8.0,2.0,479.1484486451833
2483,24.0,8.0,3.0,600.5843052841499
2484,24.0,8.0,4.0,508.56893591020304
2485,24.0,8.0,5.0,487.4191444781463
2486,24.0,8.0,6.0,634.7961227054782
2487,24.0,8.0,7.0,700.0
2488,24.0,8.0,8.0,502.862737255216
2489,24.0,8.0,9.0,460.82505149574973
2490,24.0,9.0,0.0,700.0
2491,24.0,9.0,1.0,530.5085501016973
2492,24.0,9.0,2.0,0.0
2493,24.0,9.0,3.0,594.9152316910719
2494,24.0,9.0,4.0,575.3647637247248
2495,24.0,9.0,5.0,352.2438629214503
2496,24.0,9.0,6.0,25.084140108132
2497,24.0,9.0,7.0,294.47530773668973
2498,24.0,9.0,8.0,458.7111641238466
2499,24.0,9.0,9.0,667.2033813541938
