,round,tube,sp,st,final_pop
0,0,0,6,"(0.03426039533065134, 0.011572197494497125, 0.0, 0.030181603934096246, 0.005422768956954101, 0.0, 0.019795240631728064, 0.0, 0.028146417112716555, 0.05874522297052942)",210
1,0,0,6,"(0.03426039533065134, 0.006763586936806937, 0.0, 0.030181603934096246, 0.005422768956954101, 0.0, 0.019795240631728064, 0.0, 0.028146417112716555, 0.05874522297052942)",1
2,0,0,9,"(0.0, 0.07729969519914591, 0.15595526318820407, 0.0, 0.011606672883087865, 0.12323288550615832, 0.0, 0.15698253177577456, 0.11904252315628215, 0.0)",21
3,0,0,11,"(0.0, 0.0, 0.09719514602472673, 0.01650583712158267, 0.0, 0.030645849071221472, 0.16773790467281977, 0.08028238650273146, 0.026121609841380632, 0.0)",4
4,0,0,11,"(0.0, 0.0, 0.09864539577037362, 0.01650583712158267, 0.0, 0.031090482353732077, 0.16773790467281977, 0.08028238650273146, 0.026121609841380632, 0.0)",6
5,0,0,11,"(0.0, 0.0, 0.09864539577037362, 0.01650583712158267, 0.0, 0.030645849071221472, 0.16773790467281977, 0.08028238650273146, 0.014930534135169106, 0.0)",1
6,0,0,11,"(0.0, 0.0, 0.09864539577037362, 0.01650583712158267, 0.0, 0.030645849071221472, 0.16773790467281977, 0.08028238650273146, 0.026121609841380632, 0.0)",273
7,0,0,11,"(0.0, 0.0, 0.1137642781813507, 0.01650583712158267, 0.0, 0.030645849071221472, 0.1481678284042277, 0.08028238650273146, 0.026121609841380632, 0.0)",21
8,0,0,11,"(0.0, 0.0, 0.05307798808571368, 0.01650583712158267, 0.0, 0.030645849071221472, 0.16773790467281977, 0.08028238650273146, 0.026121609841380632, 0.0)",1
9,0,1,4,"(0.18133528319020414, 0.03459178595702372, 0.27515118758613866, 0.2245834099047765, 0.008517090718657762, 0.0, 0.0, 0.0, 0.0, 0.17724391245611096)",16
10,0,1,6,"(0.03426039533065134, 0.011572197494497125, 0.0, 0.030181603934096246, 0.005422768956954101, 0.0, 0.011486813742761066, 0.0, 0.028146417112716555, 0.05874522297052942)",1
11,0,1,6,"(0.03426039533065134, 0.011572197494497125, 0.0, 0.030181603934096246, 0.005422768956954101, 0.0, 0.019795240631728064, 0.0, 0.028146417112716555, 0.05874522297052942)",236
12,0,1,6,"(0.03426039533065134, 0.011572197494497125, 0.0, 0.030181603934096246, 0.005422768956954101, 0.0, 0.024208949283842523, 0.0, 0.028146417112716555, 0.05874522297052942)",1
13,0,1,6,"(0.03426039533065134, 0.011572197494497125, 0.0, 0.030181603934096246, 0.005422768956954101, 0.0, 0.033976723612149304, 0.0, 0.028146417112716555, 0.05874522297052942)",1
14,0,1,6,"(0.03426039533065134, 0.011572197494497125, 0.0, 0.030181603934096246, 0.005422768956954101, 0.0, 0.021803008057269094, 0.0, 0.028146417112716555, 0.0500610360720034)",1
15,0,1,6,"(0.03426039533065134, 0.011572197494497125, 0.0, 0.030181603934096246, 0.0051218216143278095, 0.0, 0.021938415155413643, 0.0, 0.028146417112716555, 0.05874522297052942)",8
16,0,1,7,"(0.0, 0.0, 0.0, 0.0, 0.3818677736561376, 0.16154918232038468, 0.0, 0.0, 0.2477574097883513, 0.0)",3
17,0,1,8,"(0.19235562551390653, 0.046525949225991035, 0.0, 0.0, 0.07022106556493442, 0.0, 0.08319516954615302, 0.11008749143386862, 0.0, 0.0)",2
18,0,1,8,"(0.09433983779771606, 0.032251602099453006, 0.0, 0.0, 0.07022106556493442, 0.0, 0.06601051452588381, 0.1116381245929446, 0.0, 0.0)",5
19,0,1,8,"(0.19235562551390653, 0.046525949225991035, 0.0, 0.0, 0.07022106556493442, 0.0, 0.08319516954615302, 0.1116381245929446, 0.0, 0.0)",173
20,0,1,8,"(0.1665156186969574, 0.046525949225991035, 0.0, 0.0, 0.07022106556493442, 0.0, 0.08319516954615302, 0.1116381245929446, 0.0, 0.0)",1
21,0,1,8,"(0.19235562551390653, 0.046525949225991035, 0.0, 0.0, 0.06799063218448022, 0.0, 0.08319516954615302, 0.1116381245929446, 0.0, 0.0)",2
22,0,2,8,"(0.19235562551390653, 0.05848432148894432, 0.0, 0.0, 0.07022106556493442, 0.0, 0.06720350150960251, 0.1116381245929446, 0.0, 0.0)",1
23,0,2,8,"(0.19235562551390653, 0.046525949225991035, 0.0, 0.0, 0.05719836093089894, 0.0, 0.08319516954615302, 0.1116381245929446, 0.0, 0.0)",1
24,0,2,8,"(0.19235562551390653, 0.020089441359107632, 0.0, 0.0, 0.07022106556493442, 0.0, 0.08319516954615302, 0.1116381245929446, 0.0, 0.0)",3
25,0,2,8,"(0.19235562551390653, 0.046525949225991035, 0.0, 0.0, 0.07022106556493442, 0.0, 0.08319516954615302, 0.1116381245929446, 0.0, 0.0)",44
26,0,2,9,"(0.0, 0.07729969519914591, 0.15595526318820407, 0.0, 0.011606672883087865, 0.12323288550615832, 0.0, 0.15698253177577456, 0.11904252315628215, 0.0)",3
27,0,2,13,"(0.0, 0.018971224506581636, 0.013102375250968286, 0.0, 0.01667983287752908, 0.022173256981297827, 0.0, 0.0, 0.01089208668844536, 0.00476393156717078)",1
28,0,2,13,"(0.0, 0.02461978404713738, 0.012488192435894057, 0.0, 0.01810411441758469, 0.022173256981297827, 0.0, 0.0, 0.01089208668844536, 0.003979559839136606)",7
29,0,2,13,"(0.0, 0.02461978404713738, 0.023035932332134326, 0.0, 0.01810411441758469, 0.022173256981297827, 0.0, 0.0, 0.01089208668844536, 0.00476393156717078)",354
30,0,2,13,"(0.0, 0.02461978404713738, 0.012488192435894057, 0.0, 0.01810411441758469, 0.022173256981297827, 0.0, 0.0, 0.01089208668844536, 0.00476393156717078)",21
31,0,2,13,"(0.0, 0.02461978404713738, 0.012488192435894057, 0.0, 0.01810411441758469, 0.025902942973352733, 0.0, 0.0, 0.01089208668844536, 0.00476393156717078)",24
32,0,2,13,"(0.0, 0.01789027360395543, 0.023035932332134326, 0.0, 0.01415353609320777, 0.022173256981297827, 0.0, 0.0, 0.01089208668844536, 0.00476393156717078)",1
33,0,2,13,"(0.0, 0.02461978404713738, 0.012488192435894057, 0.0, 0.014121256691389096, 0.025781892187436116, 0.0, 0.0, 0.01089208668844536, 0.005747244093124394)",1
34,0,2,13,"(0.0, 0.02461978404713738, 0.028150721226631738, 0.0, 0.01810411441758469, 0.022173256981297827, 0.0, 0.0, 0.01089208668844536, 0.00476393156717078)",20
35,0,3,5,"(0.13228796752154168, 0.07907080207865028, 0.0534257482445832, 0.17977192363034628, 0.0, 0.0, 0.15570506977525858, 0.0, 0.0, 0.1654301297616405)",15
36,0,3,8,"(0.19235562551390653, 0.03568065170890193, 0.0, 0.0, 0.034291732068676445, 0.0, 0.0968411118391247, 0.1116381245929446, 0.0, 0.0)",2
37,0,3,8,"(0.19235562551390653, 0.046525949225991035, 0.0, 0.0, 0.07022106556493442, 0.0, 0.08319516954615302, 0.1116381245929446, 0.0, 0.0)",45
38,0,3,8,"(0.19235562551390653, 0.046525949225991035, 0.0, 0.0, 0.07022106556493442, 0.0, 0.08319516954615302, 0.0804185023032305, 0.0, 0.0)",1
39,0,3,13,"(0.0, 0.02461978404713738, 0.023035932332134326, 0.0, 0.01810411441758469, 0.022173256981297827, 0.0, 0.0, 0.01089208668844536, 0.004955203407523134)",1
40,0,3,13,"(0.0, 0.02461978404713738, 0.023035932332134326, 0.0, 0.01810411441758469, 0.0494867471410013, 0.0, 0.0, 0.008820060516451126, 0.008566391048487644)",1
41,0,3,13,"(0.0, 0.041817242647547395, 0.023035932332134326, 0.0, 0.01810411441758469, 0.022173256981297827, 0.0, 0.0, 0.01089208668844536, 0.00476393156717078)",1
42,0,3,13,"(0.0, 0.02461978404713738, 0.023035932332134326, 0.0, 0.015302961176001894, 0.022173256981297827, 0.0, 0.0, 0.005582328760326079, 0.004833263410257093)",3
43,0,3,13,"(0.0, 0.02461978404713738, 0.023035932332134326, 0.0, 0.02064046923084676, 0.022173256981297827, 0.0, 0.0, 0.01089208668844536, 0.00476393156717078)",6
44,0,3,13,"(0.0, 0.02461978404713738, 0.023035932332134326, 0.0, 0.01810411441758469, 0.022173256981297827, 0.0, 0.0, 0.01802519481541352, 0.00476393156717078)",1
45,0,3,13,"(0.0, 0.02461978404713738, 0.023035932332134326, 0.0, 0.01810411441758469, 0.022173256981297827, 0.0, 0.0, 0.01089208668844536, 0.00476393156717078)",415
46,0,3,13,"(0.0, 0.02461978404713738, 0.030563163321632864, 0.0, 0.01810411441758469, 0.022173256981297827, 0.0, 0.0, 0.01089208668844536, 0.00476393156717078)",3
47,0,3,13,"(0.0, 0.026388681147824278, 0.023035932332134326, 0.0, 0.01810411441758469, 0.022173256981297827, 0.0, 0.0, 0.01089208668844536, 0.00476393156717078)",4
48,0,4,2,"(0.0, 0.15023190704395425, 0.0, 0.4040474799620638, 0.0, 0.0, 0.2640465549621217, 0.0, 0.0, 0.0)",1
49,0,4,3,"(0.10658025739662867, 0.13631318100447085, 0.10626440874649026, 0.17986179034481845, 0.0, 0.13886227364948178, 0.0, 0.24212485066826203, 0.0, 0.0)",1
50,0,4,4,"(0.18133528319020414, 0.03459178595702372, 0.27515118758613866, 0.2245834099047765, 0.008517090718657762, 0.0, 0.0, 0.0, 0.0, 0.17724391245611096)",20
51,0,4,11,"(0.0, 0.0, 0.09864539577037362, 0.01650583712158267, 0.0, 0.030645849071221472, 0.16773790467281977, 0.08028238650273146, 0.033823848288406476, 0.0)",1
52,0,4,11,"(0.0, 0.0, 0.09864539577037362, 0.023470076109822016, 0.0, 0.030645849071221472, 0.12279836044812303, 0.08028238650273146, 0.026121609841380632, 0.0)",1
53,0,4,11,"(0.0, 0.0, 0.0739794706927719, 0.01650583712158267, 0.0, 0.030645849071221472, 0.16773790467281977, 0.08028238650273146, 0.026121609841380632, 0.0)",32
54,0,4,11,"(0.0, 0.0, 0.09864539577037362, 0.01650583712158267, 0.0, 0.030645849071221472, 0.16773790467281977, 0.11345169468521286, 0.026121609841380632, 0.0)",1
55,0,4,11,"(0.0, 0.0, 0.09864539577037362, 0.01650583712158267, 0.0, 0.030645849071221472, 0.21659819195513932, 0.08028238650273146, 0.02696710101728423, 0.0)",1
56,0,4,11,"(0.0, 0.0, 0.09864539577037362, 0.01650583712158267, 0.0, 0.030645849071221472, 0.16773790467281977, 0.08028238650273146, 0.026121609841380632, 0.0)",645
57,0,4,11,"(0.0, 0.0, 0.09864539577037362, 0.01650583712158267, 0.0, 0.030645849071221472, 0.09866674114595259, 0.08028238650273146, 0.026121609841380632, 0.0)",2
58,0,4,11,"(0.0, 0.0, 0.09864539577037362, 0.01650583712158267, 0.0, 0.030645849071221472, 0.16773790467281977, 0.1447810296100429, 0.026121609841380632, 0.0)",1
59,0,4,11,"(0.0, 0.0, 0.09864539577037362, 0.01650583712158267, 0.0, 0.030645849071221472, 0.21602645298438025, 0.12064308858274694, 0.04689668384203179, 0.0)",1
60,0,4,11,"(0.0, 0.0, 0.09400952918401932, 0.01650583712158267, 0.0, 0.030645849071221472, 0.16773790467281977, 0.0630518071841715, 0.026121609841380632, 0.0)",1
61,0,4,11,"(0.0, 0.0, 0.09864539577037362, 0.016529264424256777, 0.0, 0.030645849071221472, 0.16773790467281977, 0.08028238650273146, 0.017579589817086686, 0.0)",19
62,0,4,11,"(0.0, 0.0, 0.0739794706927719, 0.01650583712158267, 0.0, 0.030645849071221472, 0.16773790467281977, 0.08028238650273146, 0.03271935668483573, 0.0)",1
63,0,4,11,"(0.0, 0.0, 0.0739794706927719, 0.01650583712158267, 0.0, 0.030645849071221472, 0.16773790467281977, 0.08028238650273146, 0.04230073937337349, 0.0)",1
64,0,5,0,"(0.07400250769571483, 0.0, 0.0, 0.0, 0.0, 0.017098731129875016, 0.06369188810910974, 0.036754718250176746, 0.0, 0.0)",2
65,0,5,0,"(0.0806457994927415, 0.0, 0.0, 0.0, 0.0, 0.017098731129875016, 0.08376827244076622, 0.0691048466035698, 0.0, 0.0)",1
66,0,5,0,"(0.07400250769571483, 0.0, 0.0, 0.0, 0.0, 0.01759199169444947, 0.08380840797570269, 0.0691048466035698, 0.0, 0.0)",13
67,0,5,0,"(0.11096691282912467, 0.0, 0.0, 0.0, 0.0, 0.017098731129875016, 0.08380840797570269, 0.0691048466035698, 0.0, 0.0)",1
68,0,5,0,"(0.07400250769571483, 0.0, 0.0, 0.0, 0.0, 0.017098731129875016, 0.08380840797570269, 0.0691048466035698, 0.0, 0.0)",255
69,0,5,0,"(0.07400250769571483, 0.0, 0.0, 0.0, 0.0, 0.017098731129875016, 0.08380840797570269, 0.1364142334817361, 0.0, 0.0)",1
70,0,5,0,"(0.03984382298365323, 0.0, 0.0, 0.0, 0.0, 0.01759199169444947, 0.08380840797570269, 0.0691048466035698, 0.0, 0.0)",1
71,0,5,0,"(0.07400250769571483, 0.0, 0.0, 0.0, 0.0, 0.017403279305487452, 0.08380840797570269, 0.0691048466035698, 0.0, 0.0)",1
72,0,5,0,"(0.07400250769571483, 0.0, 0.0, 0.0, 0.0, 0.017098731129875016, 0.05406169524768847, 0.0691048466035698, 0.0, 0.0)",1
73,0,5,0,"(0.07400250769571483, 0.0, 0.0, 0.0, 0.0, 0.024564535893597497, 0.08380840797570269, 0.0691048466035698, 0.0, 0.0)",1
74,0,5,6,"(0.03298201709758412, 0.011572197494497125, 0.0, 0.030181603934096246, 0.005422768956954101, 0.0, 0.019795240631728064, 0.0, 0.028146417112716555, 0.05874522297052942)",1
75,0,5,6,"(0.03426039533065134, 0.011572197494497125, 0.0, 0.030181603934096246, 0.005422768956954101, 0.0, 0.019795240631728064, 0.0, 0.028146417112716555, 0.05874522297052942)",285
76,0,5,6,"(0.03426039533065134, 0.011572197494497125, 0.0, 0.030181603934096246, 0.005422768956954101, 0.0, 0.022025102012727563, 0.0, 0.028146417112716555, 0.05874522297052942)",4
77,0,5,6,"(0.03426039533065134, 0.011572197494497125, 0.0, 0.030181603934096246, 0.005422768956954101, 0.0, 0.0433742875580295, 0.0, 0.028146417112716555, 0.05874522297052942)",1
78,0,5,9,"(0.0, 0.07729969519914591, 0.15595526318820407, 0.0, 0.011606672883087865, 0.12323288550615832, 0.0, 0.15698253177577456, 0.11904252315628215, 0.0)",12
79,0,5,14,"(0.0, 0.017248724174617657, 0.0, 0.0, 0.0, 0.0, 0.1096916615896246, 0.07609886892949795, 0.03621416498310447, 0.0)",112
80,0,6,0,"(0.07400250769571483, 0.0, 0.0, 0.0, 0.0, 0.017098731129875016, 0.08380840797570269, 0.0691048466035698, 0.0, 0.0)",117
81,0,6,0,"(0.0800750424694292, 0.0, 0.0, 0.0, 0.0, 0.017098731129875016, 0.08380840797570269, 0.03545183569511176, 0.0, 0.0)",3
82,0,6,1,"(0.0, 0.0, 0.10922905711608999, 0.0, 0.0, 0.07577624578880941, 0.0, 0.0, 0.0, 0.09965925051150999)",97
83,0,6,4,"(0.18133528319020414, 0.03459178595702372, 0.27515118758613866, 0.2245834099047765, 0.008517090718657762, 0.0, 0.0, 0.0, 0.0, 0.17724391245611096)",38
84,0,6,11,"(0.0, 0.0, 0.09864539577037362, 0.01712279816073971, 0.0, 0.030645849071221472, 0.16773790467281977, 0.08028238650273146, 0.026121609841380632, 0.0)",2
85,0,6,11,"(0.0, 0.0, 0.09864539577037362, 0.01650583712158267, 0.0, 0.030645849071221472, 0.1918321342600846, 0.08028238650273146, 0.026121609841380632, 0.0)",17
86,0,6,11,"(0.0, 0.0, 0.09227232367454606, 0.01650583712158267, 0.0, 0.030645849071221472, 0.16773790467281977, 0.08028238650273146, 0.026121609841380632, 0.0)",9
87,0,6,11,"(0.0, 0.0, 0.09864539577037362, 0.01650583712158267, 0.0, 0.054791043781365824, 0.16773790467281977, 0.08631044202451794, 0.026121609841380632, 0.0)",1
88,0,6,11,"(0.0, 0.0, 0.09864539577037362, 0.01650583712158267, 0.0, 0.030645849071221472, 0.16773790467281977, 0.0522389147852674, 0.026121609841380632, 0.0)",1
89,0,6,11,"(0.0, 0.0, 0.09864539577037362, 0.01650583712158267, 0.0, 0.030645849071221472, 0.16773790467281977, 0.08028238650273146, 0.026121609841380632, 0.0)",250
90,0,6,11,"(0.0, 0.0, 0.09864539577037362, 0.01650583712158267, 0.0, 0.030645849071221472, 0.18446673801505858, 0.08028238650273146, 0.026121609841380632, 0.0)",3
91,0,6,11,"(0.0, 0.0, 0.09864539577037362, 0.022893748539071456, 0.0, 0.030645849071221472, 0.16773790467281977, 0.08028238650273146, 0.026121609841380632, 0.0)",3
92,0,7,1,"(0.0, 0.0, 0.1429506657822877, 0.0, 0.0, 0.08470064406059954, 0.0, 0.0, 0.0, 0.05552085708917116)",1
93,0,7,1,"(0.0, 0.0, 0.10922905711608999, 0.0, 0.0, 0.06314710383895572, 0.0, 0.0, 0.0, 0.09965925051150999)",1
94,0,7,1,"(0.0, 0.0, 0.10922905711608999, 0.0, 0.0, 0.07577624578880941, 0.0, 0.0, 0.0, 0.09965925051150999)",174
95,0,7,1,"(0.0, 0.0, 0.12555764134435438, 0.0, 0.0, 0.061896268916813005, 0.0, 0.0, 0.0, 0.09965925051150999)",8
96,0,7,8,"(0.19235562551390653, 0.046525949225991035, 0.0, 0.0, 0.07022106556493442, 0.0, 0.08319516954615302, 0.1116381245929446, 0.0, 0.0)",75
97,0,7,13,"(0.0, 0.01826237432216826, 0.023035932332134326, 0.0, 0.01810411441758469, 0.022173256981297827, 0.0, 0.0, 0.00790093040401894, 0.00476393156717078)",1
98,0,7,13,"(0.0, 0.02461978404713738, 0.023035932332134326, 0.0, 0.01810411441758469, 0.022173256981297827, 0.0, 0.0, 0.01089208668844536, 0.00476393156717078)",443
99,0,7,13,"(0.0, 0.014280816172570125, 0.023035932332134326, 0.0, 0.01810411441758469, 0.022173256981297827, 0.0, 0.0, 0.01089208668844536, 0.00476393156717078)",2
100,0,7,13,"(0.0, 0.02024036488351147, 0.014832840709046339, 0.0, 0.01810411441758469, 0.022173256981297827, 0.0, 0.0, 0.009704937359715346, 0.00476393156717078)",1
101,0,7,13,"(0.0, 0.02461978404713738, 0.023035932332134326, 0.0, 0.01810411441758469, 0.022173256981297827, 0.0, 0.0, 0.011347627442234852, 0.00476393156717078)",1
102,0,7,13,"(0.0, 0.02461978404713738, 0.023035932332134326, 0.0, 0.04091979765908402, 0.022173256981297827, 0.0, 0.0, 0.01089208668844536, 0.00476393156717078)",1
103,0,7,13,"(0.0, 0.02461978404713738, 0.023035932332134326, 0.0, 0.01810411441758469, 0.022173256981297827, 0.0, 0.0, 0.008848983895398932, 0.00476393156717078)",1
104,0,7,13,"(0.0, 0.02461978404713738, 0.023035932332134326, 0.0, 0.0420884194656151, 0.02951321676936701, 0.0, 0.0, 0.01089208668844536, 0.004339610232878973)",2
105,0,7,13,"(0.0, 0.02461978404713738, 0.0328136997121426, 0.0, 0.01810411441758469, 0.022173256981297827, 0.0, 0.0, 0.01089208668844536, 0.00476393156717078)",2
106,0,8,6,"(0.03426039533065134, 0.011572197494497125, 0.0, 0.030181603934096246, 0.005422768956954101, 0.0, 0.019795240631728064, 0.0, 0.028146417112716555, 0.07615380329661092)",1
107,0,8,6,"(0.03426039533065134, 0.011572197494497125, 0.0, 0.030181603934096246, 0.005422768956954101, 0.0, 0.019795240631728064, 0.0, 0.028146417112716555, 0.05874522297052942)",194
108,0,8,6,"(0.03426039533065134, 0.01084816785988605, 0.0, 0.030181603934096246, 0.005422768956954101, 0.0, 0.019795240631728064, 0.0, 0.028146417112716555, 0.05874522297052942)",3
109,0,8,6,"(0.03426039533065134, 0.010129899439099345, 0.0, 0.030181603934096246, 0.005422768956954101, 0.0, 0.019795240631728064, 0.0, 0.028146417112716555, 0.05874522297052942)",1
110,0,8,7,"(0.0, 0.0, 0.0, 0.0, 0.3818677736561376, 0.16154918232038468, 0.0, 0.0, 0.2477574097883513, 0.0)",2
111,0,8,10,"(0.07734904686468291, 0.06927916245295945, 0.09682940930282144, 0.0017773360538905325, 0.0, 0.06291875767155253, 0.0, 0.10994488928074131, 0.0, 0.0)",51
112,0,8,11,"(0.0, 0.0, 0.09864539577037362, 0.01650583712158267, 0.0, 0.034742696505162075, 0.15898210063123455, 0.06362653257980555, 0.03338348512052012, 0.0)",1
113,0,8,11,"(0.0, 0.0, 0.12155410282318369, 0.01650583712158267, 0.0, 0.030645849071221472, 0.16773790467281977, 0.08028238650273146, 0.026121609841380632, 0.0)",1
114,0,8,11,"(0.0, 0.0, 0.09864539577037362, 0.02633132884746791, 0.0, 0.030645849071221472, 0.16773790467281977, 0.08028238650273146, 0.026121609841380632, 0.0)",1
115,0,8,11,"(0.0, 0.0, 0.09864539577037362, 0.01650583712158267, 0.0, 0.030645849071221472, 0.16773790467281977, 0.08028238650273146, 0.026121609841380632, 0.0)",307
116,0,9,4,"(0.18133528319020414, 0.03459178595702372, 0.27515118758613866, 0.2245834099047765, 0.008517090718657762, 0.0, 0.0, 0.0, 0.0, 0.17724391245611096)",16
117,0,9,8,"(0.2738816357899353, 0.053568916384810206, 0.0, 0.0, 0.07022106556493442, 0.0, 0.08319516954615302, 0.09751076662359107, 0.0, 0.0)",2
118,0,9,8,"(0.19235562551390653, 0.046525949225991035, 0.0, 0.0, 0.07022106556493442, 0.0, 0.08319516954615302, 0.1116381245929446, 0.0, 0.0)",132
119,0,9,8,"(0.19235562551390653, 0.06883259335465627, 0.0, 0.0, 0.07022106556493442, 0.0, 0.08319516954615302, 0.10439443981662479, 0.0, 0.0)",4
120,0,9,11,"(0.0, 0.0, 0.09864539577037362, 0.01650583712158267, 0.0, 0.030645849071221472, 0.16773790467281977, 0.08028238650273146, 0.026121609841380632, 0.0)",530
121,0,9,11,"(0.0, 0.0, 0.09864539577037362, 0.0291324545897099, 0.0, 0.030645849071221472, 0.16773790467281977, 0.08028238650273146, 0.023157520245914127, 0.0)",3
122,0,9,11,"(0.0, 0.0, 0.09864539577037362, 0.01650583712158267, 0.0, 0.030645849071221472, 0.16773790467281977, 0.08028238650273146, 0.012138070553018424, 0.0)",1
123,0,9,11,"(0.0, 0.0, 0.09864539577037362, 0.01650583712158267, 0.0, 0.03776762344863127, 0.16773790467281977, 0.08028238650273146, 0.026121609841380632, 0.0)",1
124,0,9,11,"(0.0, 0.0, 0.09864539577037362, 0.01650583712158267, 0.0, 0.030645849071221472, 0.13623608776805954, 0.08028238650273146, 0.026121609841380632, 0.0)",2
125,0,9,11,"(0.0, 0.0, 0.09864539577037362, 0.008131898855497893, 0.0, 0.030645849071221472, 0.16773790467281977, 0.08028238650273146, 0.026121609841380632, 0.0)",1
126,0,9,11,"(0.0, 0.0, 0.09864539577037362, 0.01650583712158267, 0.0, 0.030645849071221472, 0.16773790467281977, 0.23630332319272762, 0.026121609841380632, 0.0)",1
127,0,9,11,"(0.0, 0.0, 0.09864539577037362, 0.01650583712158267, 0.0, 0.030645849071221472, 0.16773790467281977, 0.05076687146823569, 0.026121609841380632, 0.0)",2
128,0,9,11,"(0.0, 0.0, 0.14911610924859361, 0.01650583712158267, 0.0, 0.030645849071221472, 0.16773790467281977, 0.08028238650273146, 0.026121609841380632, 0.0)",3
129,0,9,11,"(0.0, 0.0, 0.12120230948109413, 0.01650583712158267, 0.0, 0.021272635691641666, 0.16773790467281977, 0.07807570383900489, 0.01831530820496648, 0.0)",1
130,0,9,11,"(0.0, 0.0, 0.09864539577037362, 0.014722592215250432, 0.0, 0.030645849071221472, 0.16773790467281977, 0.08028238650273146, 0.026121609841380632, 0.0)",4
131,0,9,11,"(0.0, 0.0, 0.09864539577037362, 0.01650583712158267, 0.0, 0.030645849071221472, 0.1071756034025123, 0.08028238650273146, 0.026121609841380632, 0.0)",2
132,0,9,11,"(0.0, 0.0, 0.09864539577037362, 0.01650583712158267, 0.0, 0.030645849071221472, 0.16773790467281977, 0.09065747916743001, 0.026121609841380632, 0.0)",8
133,0,9,12,"(0.05589117275961022, 0.0, 0.0, 0.38606904502592293, 0.0, 0.21562137735691253, 0.2516707664860597, 0.0, 0.0, 0.0)",3
134,0,10,7,"(0.0, 0.0, 0.0, 0.0, 0.3818677736561376, 0.16154918232038468, 0.0, 0.0, 0.2477574097883513, 0.0)",3
135,0,10,10,"(0.07734904686468291, 0.06927916245295945, 0.09682940930282144, 0.0017773360538905325, 0.0, 0.06291875767155253, 0.0, 0.10994488928074131, 0.0, 0.0)",57
136,0,10,13,"(0.0, 0.02461978404713738, 0.023035932332134326, 0.0, 0.01810411441758469, 0.022173256981297827, 0.0, 0.0, 0.007708675354651835, 0.00476393156717078)",2
137,0,10,13,"(0.0, 0.02461978404713738, 0.023035932332134326, 0.0, 0.01810411441758469, 0.022173256981297827, 0.0, 0.0, 0.011753974829370017, 0.00476393156717078)",1
138,0,10,13,"(0.0, 0.02461978404713738, 0.023035932332134326, 0.0, 0.01810411441758469, 0.022173256981297827, 0.0, 0.0, 0.01089208668844536, 0.002986459822934546)",1
139,0,10,13,"(0.0, 0.02461978404713738, 0.023035932332134326, 0.0, 0.01810411441758469, 0.022173256981297827, 0.0, 0.0, 0.01089208668844536, 0.005211588718121503)",7
140,0,10,13,"(0.0, 0.02461978404713738, 0.023035932332134326, 0.0, 0.01810411441758469, 0.033889867640755154, 0.0, 0.0, 0.01089208668844536, 0.00476393156717078)",2
141,0,10,13,"(0.0, 0.02461978404713738, 0.023035932332134326, 0.0, 0.01810411441758469, 0.022173256981297827, 0.0, 0.0, 0.01089208668844536, 0.00476393156717078)",352
142,0,10,13,"(0.0, 0.033991954297281544, 0.023035932332134326, 0.0, 0.01810411441758469, 0.022173256981297827, 0.0, 0.0, 0.01089208668844536, 0.00476393156717078)",1
143,0,10,13,"(0.0, 0.02461978404713738, 0.023035932332134326, 0.0, 0.01810411441758469, 0.034019598511436044, 0.0, 0.0, 0.01089208668844536, 0.00476393156717078)",2
144,0,10,13,"(0.0, 0.03725761443669447, 0.023035932332134326, 0.0, 0.015262276833767841, 0.022173256981297827, 0.0, 0.0, 0.01041259762543365, 0.00476393156717078)",1
145,0,10,14,"(0.0, 0.017248724174617657, 0.0, 0.0, 0.0, 0.0, 0.1096916615896246, 0.07609886892949795, 0.03621416498310447, 0.0)",75
146,0,11,8,"(0.19235562551390653, 0.046525949225991035, 0.0, 0.0, 0.07022106556493442, 0.0, 0.08319516954615302, 0.1116381245929446, 0.0, 0.0)",51
147,0,11,9,"(0.0, 0.07729969519914591, 0.15595526318820407, 0.0, 0.011606672883087865, 0.12323288550615832, 0.0, 0.15698253177577456, 0.11904252315628215, 0.0)",13
148,0,11,10,"(0.07734904686468291, 0.06129848649232387, 0.09682940930282144, 0.0017773360538905325, 0.0, 0.06291875767155253, 0.0, 0.10994488928074131, 0.0, 0.0)",1
149,0,11,10,"(0.07734904686468291, 0.06927916245295945, 0.09682940930282144, 0.0017773360538905325, 0.0, 0.06291875767155253, 0.0, 0.10994488928074131, 0.0, 0.0)",48
150,0,11,13,"(0.0, 0.02461978404713738, 0.015877355719011728, 0.0, 0.01810411441758469, 0.016175633048948812, 0.0, 0.0, 0.01089208668844536, 0.00476393156717078)",1
151,0,11,13,"(0.0, 0.02461978404713738, 0.023035932332134326, 0.0, 0.01810411441758469, 0.022173256981297827, 0.0, 0.0, 0.010568824370031683, 0.00476393156717078)",1
152,0,11,13,"(0.0, 0.03786646426535597, 0.023035932332134326, 0.0, 0.01810411441758469, 0.022173256981297827, 0.0, 0.0, 0.011140046691862063, 0.00476393156717078)",1
153,0,11,13,"(0.0, 0.02461978404713738, 0.023035932332134326, 0.0, 0.01810411441758469, 0.022173256981297827, 0.0, 0.0, 0.01089208668844536, 0.00476393156717078)",305
154,0,11,13,"(0.0, 0.02461978404713738, 0.01569914683197239, 0.0, 0.01810411441758469, 0.022173256981297827, 0.0, 0.0, 0.01089208668844536, 0.00476393156717078)",2
155,0,11,13,"(0.0, 0.02461978404713738, 0.023035932332134326, 0.0, 0.01810411441758469, 0.022173256981297827, 0.0, 0.0, 0.01089208668844536, 0.004987257781972911)",1
156,0,11,13,"(0.0, 0.018370536792817683, 0.023035932332134326, 0.0, 0.01810411441758469, 0.022173256981297827, 0.0, 0.0, 0.012703791157390933, 0.00476393156717078)",4
157,0,11,13,"(0.0, 0.02461978404713738, 0.023035932332134326, 0.0, 0.01810411441758469, 0.022173256981297827, 0.0, 0.0, 0.012513586960328033, 0.0037449239316219235)",83
158,0,11,13,"(0.0, 0.033512534992413565, 0.023035932332134326, 0.0, 0.03338749816441725, 0.022173256981297827, 0.0, 0.0, 0.01089208668844536, 0.00476393156717078)",1
159,0,11,13,"(0.0, 0.02461978404713738, 0.023035932332134326, 0.0, 0.016973567656639824, 0.022173256981297827, 0.0, 0.0, 0.01089208668844536, 0.004436641746586963)",33
160,0,12,2,"(0.0, 0.15023190704395425, 0.0, 0.4040474799620638, 0.0, 0.0, 0.2640465549621217, 0.0, 0.0, 0.0)",2
161,0,12,7,"(0.0, 0.0, 0.0, 0.0, 0.3818677736561376, 0.16154918232038468, 0.0, 0.0, 0.2477574097883513, 0.0)",5
162,0,12,8,"(0.19235562551390653, 0.046525949225991035, 0.0, 0.0, 0.07022106556493442, 0.0, 0.07416494085739539, 0.1116381245929446, 0.0, 0.0)",3
163,0,12,8,"(0.19235562551390653, 0.046525949225991035, 0.0, 0.0, 0.07022106556493442, 0.0, 0.08319516954615302, 0.11895675534453393, 0.0, 0.0)",1
164,0,12,8,"(0.1912180256982616, 0.046525949225991035, 0.0, 0.0, 0.07022106556493442, 0.0, 0.08319516954615302, 0.1116381245929446, 0.0, 0.0)",1
165,0,12,8,"(0.3401953379493698, 0.046525949225991035, 0.0, 0.0, 0.07022106556493442, 0.0, 0.08319516954615302, 0.1116381245929446, 0.0, 0.0)",1
166,0,12,8,"(0.19235562551390653, 0.046525949225991035, 0.0, 0.0, 0.07022106556493442, 0.0, 0.08319516954615302, 0.1116381245929446, 0.0, 0.0)",273
167,0,12,10,"(0.07734904686468291, 0.06927916245295945, 0.09682940930282144, 0.0017773360538905325, 0.0, 0.06291875767155253, 0.0, 0.10994488928074131, 0.0, 0.0)",213
168,0,12,10,"(0.07734904686468291, 0.07510128647755966, 0.09682940930282144, 0.0039474473081524035, 0.0, 0.06291875767155253, 0.0, 0.10597993691243651, 0.0, 0.0)",1
169,0,12,10,"(0.07734904686468291, 0.07956261566595159, 0.09682940930282144, 0.0017773360538905325, 0.0, 0.06291875767155253, 0.0, 0.11864054285284716, 0.0, 0.0)",2
170,0,13,2,"(0.0, 0.15023190704395425, 0.0, 0.4040474799620638, 0.0, 0.0, 0.2640465549621217, 0.0, 0.0, 0.0)",5
171,0,13,5,"(0.13228796752154168, 0.07907080207865028, 0.0534257482445832, 0.17977192363034628, 0.0, 0.0, 0.15570506977525858, 0.0, 0.0, 0.1654301297616405)",10
172,0,13,6,"(0.03426039533065134, 0.011572197494497125, 0.0, 0.030181603934096246, 0.005422768956954101, 0.0, 0.019795240631728064, 0.0, 0.028146417112716555, 0.05874522297052942)",194
173,0,13,6,"(0.03426039533065134, 0.011572197494497125, 0.0, 0.030181603934096246, 0.005422768956954101, 0.0, 0.019795240631728064, 0.0, 0.028146417112716555, 0.07582965506955082)",1
174,0,13,6,"(0.03020119607505675, 0.011572197494497125, 0.0, 0.030181603934096246, 0.005422768956954101, 0.0, 0.019795240631728064, 0.0, 0.028146417112716555, 0.05874522297052942)",1
175,0,13,6,"(0.01935900923230186, 0.011572197494497125, 0.0, 0.030181603934096246, 0.005422768956954101, 0.0, 0.019795240631728064, 0.0, 0.028146417112716555, 0.05874522297052942)",1
176,0,13,14,"(0.0, 0.028505281621621147, 0.0, 0.0, 0.0, 0.0, 0.1096916615896246, 0.07609886892949795, 0.03621416498310447, 0.0)",1
177,0,13,14,"(0.0, 0.017248724174617657, 0.0, 0.0, 0.0, 0.0, 0.1096916615896246, 0.07609886892949795, 0.03621416498310447, 0.0)",147
178,0,13,14,"(0.0, 0.017248724174617657, 0.0, 0.0, 0.0, 0.0, 0.1096916615896246, 0.03673403320942046, 0.03621416498310447, 0.0)",2
179,0,13,14,"(0.0, 0.017248724174617657, 0.0, 0.0, 0.0, 0.0, 0.043788854491167234, 0.07609886892949795, 0.03621416498310447, 0.0)",1
180,0,13,14,"(0.0, 0.008987464329694715, 0.0, 0.0, 0.0, 0.0, 0.2939674844680848, 0.055782899937661314, 0.029090134988374844, 0.0)",2
181,0,14,5,"(0.13228796752154168, 0.07907080207865028, 0.0534257482445832, 0.17977192363034628, 0.0, 0.0, 0.15570506977525858, 0.0, 0.0, 0.1654301297616405)",10
182,0,14,7,"(0.0, 0.0, 0.0, 0.0, 0.3818677736561376, 0.16154918232038468, 0.0, 0.0, 0.2477574097883513, 0.0)",7
183,0,14,11,"(0.0, 0.0, 0.09864539577037362, 0.01650583712158267, 0.0, 0.030645849071221472, 0.16773790467281977, 0.08278679229418888, 0.026121609841380632, 0.0)",1
184,0,14,11,"(0.0, 0.0, 0.09864539577037362, 0.01650583712158267, 0.0, 0.030645849071221472, 0.16773790467281977, 0.1386819729604062, 0.026121609841380632, 0.0)",1
185,0,14,11,"(0.0, 0.0, 0.09864539577037362, 0.019055962814182995, 0.0, 0.04524149782113019, 0.16773790467281977, 0.08028238650273146, 0.026121609841380632, 0.0)",1
186,0,14,11,"(0.0, 0.0, 0.09864539577037362, 0.01650583712158267, 0.0, 0.030645849071221472, 0.16773790467281977, 0.08028238650273146, 0.026121609841380632, 0.0)",228
187,0,14,11,"(0.0, 0.0, 0.09864539577037362, 0.01650583712158267, 0.0, 0.030645849071221472, 0.10587469065083657, 0.08028238650273146, 0.026121609841380632, 0.0)",1
188,0,14,11,"(0.0, 0.0, 0.09864539577037362, 0.021208741663778695, 0.0, 0.030645849071221472, 0.16773790467281977, 0.08688679404470499, 0.026121609841380632, 0.0)",3
189,0,14,13,"(0.0, 0.02461978404713738, 0.023035932332134326, 0.0, 0.01810411441758469, 0.022173256981297827, 0.0, 0.0, 0.011071418476254806, 0.00476393156717078)",1
190,0,14,13,"(0.0, 0.02461978404713738, 0.023035932332134326, 0.0, 0.01810411441758469, 0.022173256981297827, 0.0, 0.0, 0.01089208668844536, 0.00476393156717078)",354
191,0,14,13,"(0.0, 0.02461978404713738, 0.023035932332134326, 0.0, 0.01810411441758469, 0.03259504472076451, 0.0, 0.0, 0.01089208668844536, 0.00476393156717078)",1
192,0,14,13,"(0.0, 0.02461978404713738, 0.01775614563727797, 0.0, 0.01810411441758469, 0.022173256981297827, 0.0, 0.0, 0.01089208668844536, 0.005149762466505213)",1
193,0,14,13,"(0.0, 0.02461978404713738, 0.023035932332134326, 0.0, 0.023503545053885164, 0.022173256981297827, 0.0, 0.0, 0.01089208668844536, 0.00476393156717078)",1
194,0,14,13,"(0.0, 0.02461978404713738, 0.023035932332134326, 0.0, 0.01810411441758469, 0.022173256981297827, 0.0, 0.0, 0.01089208668844536, 0.010179108892407512)",1
195,0,15,6,"(0.03426039533065134, 0.011572197494497125, 0.0, 0.021829892052312814, 0.005422768956954101, 0.0, 0.019795240631728064, 0.0, 0.028146417112716555, 0.05874522297052942)",2
196,0,15,6,"(0.03426039533065134, 0.011572197494497125, 0.0, 0.030181603934096246, 0.005422768956954101, 0.0, 0.019795240631728064, 0.0, 0.028146417112716555, 0.05874522297052942)",207
197,0,15,6,"(0.03426039533065134, 0.011572197494497125, 0.0, 0.03538806378314011, 0.005422768956954101, 0.0, 0.01482101606856923, 0.0, 0.02868619649841526, 0.0631658232468404)",1
198,0,15,6,"(0.03426039533065134, 0.011572197494497125, 0.0, 0.0282557772953809, 0.005422768956954101, 0.0, 0.019795240631728064, 0.0, 0.028146417112716555, 0.05874522297052942)",1
199,0,15,6,"(0.03426039533065134, 0.011572197494497125, 0.0, 0.030181603934096246, 0.005422768956954101, 0.0, 0.019795240631728064, 0.0, 0.023562043702408532, 0.05874522297052942)",1
200,0,15,11,"(0.0, 0.0, 0.09864539577037362, 0.01650583712158267, 0.0, 0.030645849071221472, 0.17854584249675787, 0.14307682797163926, 0.026121609841380632, 0.0)",1
201,0,15,11,"(0.0, 0.0, 0.09864539577037362, 0.01650583712158267, 0.0, 0.030645849071221472, 0.16773790467281977, 0.08028238650273146, 0.02578610077804152, 0.0)",2
202,0,15,11,"(0.0, 0.0, 0.1454416314917197, 0.01650583712158267, 0.0, 0.030645849071221472, 0.16773790467281977, 0.08028238650273146, 0.026121609841380632, 0.0)",1
203,0,15,11,"(0.0, 0.0, 0.09864539577037362, 0.01650583712158267, 0.0, 0.030645849071221472, 0.16773790467281977, 0.08028238650273146, 0.026121609841380632, 0.0)",263
204,0,15,11,"(0.0, 0.0, 0.11839367174953695, 0.01650583712158267, 0.0, 0.030645849071221472, 0.16773790467281977, 0.0404147798164449, 0.026121609841380632, 0.0)",27
205,0,15,11,"(0.0, 0.0, 0.08139261274652002, 0.01650583712158267, 0.0, 0.030645849071221472, 0.16773790467281977, 0.08028238650273146, 0.026121609841380632, 0.0)",1
206,0,15,14,"(0.0, 0.017248724174617657, 0.0, 0.0, 0.0, 0.0, 0.1096916615896246, 0.19620382091498972, 0.03621416498310447, 0.0)",2
207,0,15,14,"(0.0, 0.017248724174617657, 0.0, 0.0, 0.0, 0.0, 0.1096916615896246, 0.07609886892949795, 0.03621416498310447, 0.0)",154
208,0,15,14,"(0.0, 0.017248724174617657, 0.0, 0.0, 0.0, 0.0, 0.20681724730632722, 0.07609886892949795, 0.03621416498310447, 0.0)",2
209,0,16,1,"(0.0, 0.0, 0.10922905711608999, 0.0, 0.0, 0.07577624578880941, 0.0, 0.0, 0.0, 0.09965925051150999)",626
210,0,16,1,"(0.0, 0.0, 0.2084403189291549, 0.0, 0.0, 0.08048672888990936, 0.0, 0.0, 0.0, 0.11679638870721834)",2
211,0,16,1,"(0.0, 0.0, 0.10922905711608999, 0.0, 0.0, 0.06265988409363764, 0.0, 0.0, 0.0, 0.09965925051150999)",2
212,0,16,1,"(0.0, 0.0, 0.21176011529378327, 0.0, 0.0, 0.050168846733031146, 0.0, 0.0, 0.0, 0.09965925051150999)",4
213,0,16,3,"(0.10658025739662867, 0.13631318100447085, 0.10626440874649026, 0.17986179034481845, 0.0, 0.13886227364948178, 0.0, 0.24212485066826203, 0.0, 0.0)",1
214,0,16,5,"(0.13228796752154168, 0.07907080207865028, 0.0534257482445832, 0.17977192363034628, 0.0, 0.0, 0.15570506977525858, 0.0, 0.0, 0.1654301297616405)",4
215,0,16,8,"(0.19235562551390653, 0.046525949225991035, 0.0, 0.0, 0.07022106556493442, 0.0, 0.08319516954615302, 0.09119935130552678, 0.0, 0.0)",19
216,0,16,8,"(0.11354475666995278, 0.046525949225991035, 0.0, 0.0, 0.050503141583363366, 0.0, 0.08319516954615302, 0.1116381245929446, 0.0, 0.0)",3
217,0,16,8,"(0.19235562551390653, 0.046525949225991035, 0.0, 0.0, 0.07022106556493442, 0.0, 0.08319516954615302, 0.1116381245929446, 0.0, 0.0)",221
218,0,16,8,"(0.19235562551390653, 0.046525949225991035, 0.0, 0.0, 0.11681688207999662, 0.0, 0.08319516954615302, 0.1116381245929446, 0.0, 0.0)",3
219,0,17,1,"(0.0, 0.0, 0.14681852779464655, 0.0, 0.0, 0.07577624578880941, 0.0, 0.0, 0.0, 0.09965925051150999)",1
220,0,17,1,"(0.0, 0.0, 0.10922905711608999, 0.0, 0.0, 0.05546366523469296, 0.0, 0.0, 0.0, 0.10428213019246178)",4
221,0,17,1,"(0.0, 0.0, 0.06859726930220929, 0.0, 0.0, 0.07577624578880941, 0.0, 0.0, 0.0, 0.11774905839632097)",1
222,0,17,1,"(0.0, 0.0, 0.10922905711608999, 0.0, 0.0, 0.0812686056657157, 0.0, 0.0, 0.0, 0.09965925051150999)",3
223,0,17,1,"(0.0, 0.0, 0.07543119804143869, 0.0, 0.0, 0.07577624578880941, 0.0, 0.0, 0.0, 0.12200582226710283)",1
224,0,17,1,"(0.0, 0.0, 0.09008418084383865, 0.0, 0.0, 0.07577624578880941, 0.0, 0.0, 0.0, 0.09965925051150999)",1
225,0,17,1,"(0.0, 0.0, 0.18953166084494458, 0.0, 0.0, 0.05468113747883874, 0.0, 0.0, 0.0, 0.09965925051150999)",1
226,0,17,1,"(0.0, 0.0, 0.10922905711608999, 0.0, 0.0, 0.051327332616435115, 0.0, 0.0, 0.0, 0.09965925051150999)",1
227,0,17,1,"(0.0, 0.0, 0.1680900890311223, 0.0, 0.0, 0.07577624578880941, 0.0, 0.0, 0.0, 0.09965925051150999)",5
228,0,17,1,"(0.0, 0.0, 0.10922905711608999, 0.0, 0.0, 0.07577624578880941, 0.0, 0.0, 0.0, 0.09965925051150999)",746
229,0,17,1,"(0.0, 0.0, 0.10922905711608999, 0.0, 0.0, 0.06156728151854434, 0.0, 0.0, 0.0, 0.13620185122911677)",14
230,0,17,1,"(0.0, 0.0, 0.05410497913130575, 0.0, 0.0, 0.07577624578880941, 0.0, 0.0, 0.0, 0.15554933716296718)",3
231,0,17,1,"(0.0, 0.0, 0.10922905711608999, 0.0, 0.0, 0.07577624578880941, 0.0, 0.0, 0.0, 0.12909152253186937)",1
232,0,17,1,"(0.0, 0.0, 0.1680900890311223, 0.0, 0.0, 0.057535971054849484, 0.0, 0.0, 0.0, 0.09965925051150999)",1
233,0,17,1,"(0.0, 0.0, 0.17365863959893435, 0.0, 0.0, 0.08233044284965128, 0.0, 0.0, 0.0, 0.250587796422967)",1
234,0,17,4,"(0.18133528319020414, 0.03459178595702372, 0.27515118758613866, 0.2245834099047765, 0.008517090718657762, 0.0, 0.0, 0.0, 0.0, 0.17724391245611096)",25
235,0,17,4,"(0.18133528319020414, 0.01645526967342578, 0.27515118758613866, 0.19172606559724695, 0.008517090718657762, 0.0, 0.0, 0.0, 0.0, 0.17724391245611096)",1
236,0,17,8,"(0.19235562551390653, 0.046525949225991035, 0.0, 0.0, 0.04066626112251719, 0.0, 0.052656078448802546, 0.1116381245929446, 0.0, 0.0)",21
237,0,17,8,"(0.19235562551390653, 0.046525949225991035, 0.0, 0.0, 0.12001980266603922, 0.0, 0.08319516954615302, 0.1116381245929446, 0.0, 0.0)",1
238,0,17,8,"(0.20264898618676594, 0.046525949225991035, 0.0, 0.0, 0.07022106556493442, 0.0, 0.08319516954615302, 0.1116381245929446, 0.0, 0.0)",4
239,0,17,8,"(0.19235562551390653, 0.046525949225991035, 0.0, 0.0, 0.07022106556493442, 0.0, 0.08319516954615302, 0.1116381245929446, 0.0, 0.0)",208
240,0,17,12,"(0.05589117275961022, 0.0, 0.0, 0.38606904502592293, 0.0, 0.21562137735691253, 0.2516707664860597, 0.0, 0.0, 0.0)",4
241,0,18,1,"(0.0, 0.0, 0.10922905711608999, 0.0, 0.0, 0.04318446189397468, 0.0, 0.0, 0.0, 0.07336401871976005)",2
242,0,18,1,"(0.0, 0.0, 0.10922905711608999, 0.0, 0.0, 0.07577624578880941, 0.0, 0.0, 0.0, 0.09965925051150999)",160
243,0,18,10,"(0.07734904686468291, 0.06927916245295945, 0.09682940930282144, 0.0017773360538905325, 0.0, 0.06291875767155253, 0.0, 0.10994488928074131, 0.0, 0.0)",114
244,0,18,10,"(0.07734904686468291, 0.06488600879343648, 0.09682940930282144, 0.0017773360538905325, 0.0, 0.06291875767155253, 0.0, 0.10994488928074131, 0.0, 0.0)",1
245,0,18,11,"(0.0, 0.0, 0.09864539577037362, 0.019794049302930293, 0.0, 0.030645849071221472, 0.16773790467281977, 0.08028238650273146, 0.026121609841380632, 0.0)",1
246,0,18,11,"(0.0, 0.0, 0.09864539577037362, 0.01650583712158267, 0.0, 0.030645849071221472, 0.16773790467281977, 0.08028238650273146, 0.026121609841380632, 0.0)",494
247,0,18,11,"(0.0, 0.0, 0.09864539577037362, 0.01650583712158267, 0.0, 0.030645849071221472, 0.16773790467281977, 0.08028238650273146, 0.027789166992738572, 0.0)",2
248,0,18,11,"(0.0, 0.0, 0.09864539577037362, 0.01650583712158267, 0.0, 0.02548838218555382, 0.16773790467281977, 0.08028238650273146, 0.026121609841380632, 0.0)",1
249,0,18,12,"(0.05589117275961022, 0.0, 0.0, 0.38606904502592293, 0.0, 0.21562137735691253, 0.2516707664860597, 0.0, 0.0, 0.0)",3
250,0,19,0,"(0.07400250769571483, 0.0, 0.0, 0.0, 0.0, 0.017098731129875016, 0.05713047657827877, 0.0691048466035698, 0.0, 0.0)",1
251,0,19,0,"(0.07400250769571483, 0.0, 0.0, 0.0, 0.0, 0.017098731129875016, 0.08380840797570269, 0.0691048466035698, 0.0, 0.0)",225
252,0,19,0,"(0.11856111526929813, 0.0, 0.0, 0.0, 0.0, 0.017098731129875016, 0.08380840797570269, 0.08485581482866963, 0.0, 0.0)",1
253,0,19,0,"(0.07400250769571483, 0.0, 0.0, 0.0, 0.0, 0.017098731129875016, 0.1104770135737104, 0.0691048466035698, 0.0, 0.0)",1
254,0,19,9,"(0.0, 0.07729969519914591, 0.15595526318820407, 0.0, 0.011606672883087865, 0.12323288550615832, 0.0, 0.15698253177577456, 0.11904252315628215, 0.0)",14
255,0,19,13,"(0.0, 0.02461978404713738, 0.023035932332134326, 0.0, 0.01810411441758469, 0.015078364821139802, 0.0, 0.0, 0.01089208668844536, 0.00476393156717078)",3
256,0,19,13,"(0.0, 0.02461978404713738, 0.023035932332134326, 0.0, 0.015380236694099152, 0.022173256981297827, 0.0, 0.0, 0.01089208668844536, 0.00476393156717078)",4
257,0,19,13,"(0.0, 0.02461978404713738, 0.023035932332134326, 0.0, 0.01810411441758469, 0.022173256981297827, 0.0, 0.0, 0.01089208668844536, 0.00476393156717078)",219
258,0,19,13,"(0.0, 0.02461978404713738, 0.023035932332134326, 0.0, 0.01810411441758469, 0.022173256981297827, 0.0, 0.0, 0.01089208668844536, 0.004308100542245784)",1
259,0,19,13,"(0.0, 0.029810236493571993, 0.023035932332134326, 0.0, 0.01810411441758469, 0.022173256981297827, 0.0, 0.0, 0.01089208668844536, 0.00476393156717078)",1
260,0,20,2,"(0.0, 0.15023190704395425, 0.0, 0.4040474799620638, 0.0, 0.0, 0.2640465549621217, 0.0, 0.0, 0.0)",2
261,0,20,4,"(0.18133528319020414, 0.03459178595702372, 0.27515118758613866, 0.2245834099047765, 0.008517090718657762, 0.0, 0.0, 0.0, 0.0, 0.17724391245611096)",18
262,0,20,10,"(0.07734904686468291, 0.09737732855153267, 0.09682940930282144, 0.0017773360538905325, 0.0, 0.06291875767155253, 0.0, 0.10994488928074131, 0.0, 0.0)",9
263,0,20,10,"(0.07734904686468291, 0.06927916245295945, 0.09682940930282144, 0.0036173195758481564, 0.0, 0.06291875767155253, 0.0, 0.10994488928074131, 0.0, 0.0)",3
264,0,20,10,"(0.07734904686468291, 0.06927916245295945, 0.09682940930282144, 0.0017773360538905325, 0.0, 0.06291875767155253, 0.0, 0.10994488928074131, 0.0, 0.0)",144
265,0,20,10,"(0.07734904686468291, 0.06927916245295945, 0.09682940930282144, 0.0017773360538905325, 0.0, 0.06291875767155253, 0.0, 0.18139027504172534, 0.0, 0.0)",1
266,0,20,10,"(0.07734904686468291, 0.06927916245295945, 0.06923403037543766, 0.0017773360538905325, 0.0, 0.06291875767155253, 0.0, 0.10994488928074131, 0.0, 0.0)",2
267,0,20,11,"(0.0, 0.0, 0.09864539577037362, 0.01650583712158267, 0.0, 0.030645849071221472, 0.16773790467281977, 0.08028238650273146, 0.03322594440505469, 0.0)",8
268,0,20,11,"(0.0, 0.0, 0.09864539577037362, 0.01650583712158267, 0.0, 0.030645849071221472, 0.16773790467281977, 0.12187236134100761, 0.02625120218139566, 0.0)",2
269,0,20,11,"(0.0, 0.0, 0.09864539577037362, 0.01650583712158267, 0.0, 0.030645849071221472, 0.09572491856946197, 0.08028238650273146, 0.036485718580663774, 0.0)",2
270,0,20,11,"(0.0, 0.0, 0.09864539577037362, 0.01650583712158267, 0.0, 0.030645849071221472, 0.15736192795119822, 0.08028238650273146, 0.026121609841380632, 0.0)",1
271,0,20,11,"(0.0, 0.0, 0.09864539577037362, 0.01458862661790057, 0.0, 0.030645849071221472, 0.16773790467281977, 0.08028238650273146, 0.026121609841380632, 0.0)",1
272,0,20,11,"(0.0, 0.0, 0.09864539577037362, 0.01650583712158267, 0.0, 0.030645849071221472, 0.1457064878653638, 0.08028238650273146, 0.026121609841380632, 0.0)",2
273,0,20,11,"(0.0, 0.0, 0.09864539577037362, 0.01650583712158267, 0.0, 0.030645849071221472, 0.16773790467281977, 0.08028238650273146, 0.026121609841380632, 0.0)",668
274,1,0,6,"(0.03426039533065134, 0.011572197494497125, 0.0, 0.030181603934096246, 0.005422768956954101, 0.0, 0.012505115840873082, 0.0, 0.028146417112716555, 0.05874522297052942)",1
275,1,0,6,"(0.03426039533065134, 0.011572197494497125, 0.0, 0.030181603934096246, 0.007529254116401348, 0.0, 0.019795240631728064, 0.0, 0.028146417112716555, 0.05874522297052942)",1
276,1,0,6,"(0.03426039533065134, 0.011572197494497125, 0.0, 0.03505361396684334, 0.005422768956954101, 0.0, 0.019795240631728064, 0.0, 0.028146417112716555, 0.05874522297052942)",2
277,1,0,6,"(0.03426039533065134, 0.011572197494497125, 0.0, 0.030181603934096246, 0.005422768956954101, 0.0, 0.019795240631728064, 0.0, 0.028146417112716555, 0.05874522297052942)",164
278,1,0,11,"(0.0, 0.0, 0.09864539577037362, 0.01650583712158267, 0.0, 0.030645849071221472, 0.16773790467281977, 0.08028238650273146, 0.015517484193043711, 0.0)",26
279,1,0,11,"(0.0, 0.0, 0.08497890096960765, 0.01650583712158267, 0.0, 0.030645849071221472, 0.16773790467281977, 0.04721417123101362, 0.026121609841380632, 0.0)",1
280,1,0,11,"(0.0, 0.0, 0.056341934418133156, 0.019753960747260137, 0.0, 0.030645849071221472, 0.16773790467281977, 0.08028238650273146, 0.026121609841380632, 0.0)",1
281,1,0,11,"(0.0, 0.0, 0.13063019779811413, 0.01650583712158267, 0.0, 0.033109527485218, 0.16773790467281977, 0.08028238650273146, 0.026121609841380632, 0.0)",1
282,1,0,11,"(0.0, 0.0, 0.09864539577037362, 0.013619269466734326, 0.0, 0.030645849071221472, 0.16773790467281977, 0.08261849392516868, 0.026121609841380632, 0.0)",1
283,1,0,11,"(0.0, 0.0, 0.09864539577037362, 0.010891782309610949, 0.0, 0.030645849071221472, 0.16773790467281977, 0.08028238650273146, 0.026121609841380632, 0.0)",2
284,1,0,11,"(0.0, 0.0, 0.09864539577037362, 0.01650583712158267, 0.0, 0.030645849071221472, 0.16773790467281977, 0.08028238650273146, 0.050389064422714826, 0.0)",1
285,1,0,11,"(0.0, 0.0, 0.09864539577037362, 0.01650583712158267, 0.0, 0.030645849071221472, 0.16773790467281977, 0.08028238650273146, 0.026121609841380632, 0.0)",359
286,1,1,6,"(0.03426039533065134, 0.011572197494497125, 0.0, 0.030181603934096246, 0.005422768956954101, 0.0, 0.019795240631728064, 0.0, 0.028146417112716555, 0.05874522297052942)",291
287,1,1,6,"(0.041028750735222136, 0.011572197494497125, 0.0, 0.030181603934096246, 0.005422768956954101, 0.0, 0.019795240631728064, 0.0, 0.028146417112716555, 0.05874522297052942)",1
288,1,1,6,"(0.03426039533065134, 0.011572197494497125, 0.0, 0.030181603934096246, 0.005422768956954101, 0.0, 0.019795240631728064, 0.0, 0.028146417112716555, 0.07288579422011021)",2
289,1,1,6,"(0.03426039533065134, 0.011572197494497125, 0.0, 0.02935272939270906, 0.005422768956954101, 0.0, 0.019795240631728064, 0.0, 0.028146417112716555, 0.05874522297052942)",1
290,1,1,6,"(0.03426039533065134, 0.011572197494497125, 0.0, 0.030181603934096246, 0.005422768956954101, 0.0, 0.019795240631728064, 0.0, 0.028146417112716555, 0.073694319052284)",1
291,1,1,6,"(0.03426039533065134, 0.011572197494497125, 0.0, 0.030181603934096246, 0.005422768956954101, 0.0, 0.021803008057269094, 0.0, 0.028146417112716555, 0.0500610360720034)",12
292,1,1,6,"(0.03426039533065134, 0.011572197494497125, 0.0, 0.030181603934096246, 0.005422768956954101, 0.0, 0.033976723612149304, 0.0, 0.028146417112716555, 0.05874522297052942)",5
293,1,1,6,"(0.03426039533065134, 0.011572197494497125, 0.0, 0.030181603934096246, 0.005422768956954101, 0.0, 0.019795240631728064, 0.0, 0.021885924170511974, 0.05874522297052942)",1
294,1,1,6,"(0.03426039533065134, 0.011572197494497125, 0.0, 0.026641405118185628, 0.005422768956954101, 0.0, 0.019795240631728064, 0.0, 0.028146417112716555, 0.05874522297052942)",1
295,1,1,8,"(0.19235562551390653, 0.057303657843962, 0.0, 0.0, 0.07022106556493442, 0.0, 0.08319516954615302, 0.1116381245929446, 0.0, 0.0)",5
296,1,1,8,"(0.19235562551390653, 0.046525949225991035, 0.0, 0.0, 0.07022106556493442, 0.0, 0.08319516954615302, 0.1116381245929446, 0.0, 0.0)",130
297,1,1,8,"(0.19235562551390653, 0.046525949225991035, 0.0, 0.0, 0.07022106556493442, 0.0, 0.07708408863690742, 0.1116381245929446, 0.0, 0.0)",1
298,1,2,8,"(0.19235562551390653, 0.046525949225991035, 0.0, 0.0, 0.07022106556493442, 0.0, 0.08319516954615302, 0.1116381245929446, 0.0, 0.0)",5
299,1,2,13,"(0.0, 0.02461978404713738, 0.023035932332134326, 0.0, 0.011024674356983925, 0.022173256981297827, 0.0, 0.0, 0.01089208668844536, 0.00476393156717078)",1
300,1,2,13,"(0.0, 0.02461978404713738, 0.028150721226631738, 0.0, 0.01810411441758469, 0.022173256981297827, 0.0, 0.0, 0.01089208668844536, 0.00476393156717078)",76
301,1,2,13,"(0.0, 0.02461978404713738, 0.023035932332134326, 0.0, 0.01810411441758469, 0.022173256981297827, 0.0, 0.0, 0.011442714425459036, 0.00476393156717078)",1
302,1,2,13,"(0.0, 0.02461978404713738, 0.023035932332134326, 0.0, 0.01810411441758469, 0.022173256981297827, 0.0, 0.0, 0.01089208668844536, 0.006976532183915609)",1
303,1,2,13,"(0.0, 0.02461978404713738, 0.012488192435894057, 0.0, 0.01810411441758469, 0.025902942973352733, 0.0, 0.0, 0.01089208668844536, 0.00476393156717078)",24
304,1,2,13,"(0.0, 0.02461978404713738, 0.02606000193293502, 0.0, 0.01810411441758469, 0.022173256981297827, 0.0, 0.0, 0.01089208668844536, 0.00476393156717078)",1
305,1,2,13,"(0.0, 0.02461978404713738, 0.028150721226631738, 0.0, 0.01810411441758469, 0.022022691778479722, 0.0, 0.0, 0.01089208668844536, 0.00476393156717078)",1
306,1,2,13,"(0.0, 0.02461978404713738, 0.023035932332134326, 0.0, 0.01810411441758469, 0.022173256981297827, 0.0, 0.0, 0.01089208668844536, 0.00476393156717078)",214
307,1,3,8,"(0.19235562551390653, 0.046525949225991035, 0.0, 0.0, 0.07022106556493442, 0.0, 0.08319516954615302, 0.1116381245929446, 0.0, 0.0)",18
308,1,3,13,"(0.0, 0.026358287238472982, 0.023035932332134326, 0.0, 0.01810411441758469, 0.022173256981297827, 0.0, 0.0, 0.01089208668844536, 0.00476393156717078)",1
309,1,3,13,"(0.0, 0.02461978404713738, 0.023035932332134326, 0.0, 0.01810411441758469, 0.022173256981297827, 0.0, 0.0, 0.01089208668844536, 0.005078066375371274)",1
310,1,3,13,"(0.0, 0.02461978404713738, 0.025086607163867517, 0.0, 0.01810411441758469, 0.022173256981297827, 0.0, 0.0, 0.01089208668844536, 0.00476393156717078)",1
311,1,3,13,"(0.0, 0.02461978404713738, 0.023035932332134326, 0.0, 0.01810411441758469, 0.022173256981297827, 0.0, 0.0, 0.01089208668844536, 0.00476393156717078)",359
312,1,3,13,"(0.0, 0.02461978404713738, 0.02338573376189328, 0.0, 0.01810411441758469, 0.022173256981297827, 0.0, 0.0, 0.01089208668844536, 0.00476393156717078)",1
313,1,3,13,"(0.0, 0.02461978404713738, 0.023035932332134326, 0.0, 0.01810411441758469, 0.022173256981297827, 0.0, 0.0, 0.013503276119689305, 0.00476393156717078)",1
314,1,3,13,"(0.0, 0.02461978404713738, 0.023035932332134326, 0.0, 0.0272013171758518, 0.022173256981297827, 0.0, 0.0, 0.01089208668844536, 0.00476393156717078)",4
315,1,4,4,"(0.18133528319020414, 0.03459178595702372, 0.27515118758613866, 0.2245834099047765, 0.008517090718657762, 0.0, 0.0, 0.0, 0.0, 0.17724391245611096)",2
316,1,4,11,"(0.0, 0.0, 0.09864539577037362, 0.01650583712158267, 0.0, 0.02789232834064051, 0.16773790467281977, 0.08028238650273146, 0.026121609841380632, 0.0)",1
317,1,4,11,"(0.0, 0.0, 0.0739794706927719, 0.01650583712158267, 0.0, 0.030645849071221472, 0.16773790467281977, 0.08028238650273146, 0.026121609841380632, 0.0)",12
318,1,4,11,"(0.0, 0.0, 0.09864539577037362, 0.012459595532227603, 0.0, 0.030645849071221472, 0.16773790467281977, 0.08028238650273146, 0.026121609841380632, 0.0)",1
319,1,4,11,"(0.0, 0.0, 0.11030611339602317, 0.016529264424256777, 0.0, 0.030645849071221472, 0.16773790467281977, 0.08028238650273146, 0.017579589817086686, 0.0)",1
320,1,4,11,"(0.0, 0.0, 0.09864539577037362, 0.01650583712158267, 0.0, 0.030645849071221472, 0.16773790467281977, 0.08028238650273146, 0.026121609841380632, 0.0)",436
321,1,4,11,"(0.0, 0.0, 0.15970237938907045, 0.01787187664300345, 0.0, 0.02142571656757006, 0.16773790467281977, 0.08028238650273146, 0.026121609841380632, 0.0)",5
322,1,4,11,"(0.0, 0.0, 0.09864539577037362, 0.017787456251545646, 0.0, 0.030645849071221472, 0.17222301702547735, 0.08028238650273146, 0.026121609841380632, 0.0)",1
323,1,4,11,"(0.0, 0.0, 0.10333923893261594, 0.01650583712158267, 0.0, 0.030645849071221472, 0.16773790467281977, 0.08028238650273146, 0.026121609841380632, 0.0)",2
324,1,4,11,"(0.0, 0.0, 0.09864539577037362, 0.009386224611688558, 0.0, 0.030645849071221472, 0.16773790467281977, 0.08028238650273146, 0.026121609841380632, 0.0)",8
325,1,4,11,"(0.0, 0.0, 0.09864539577037362, 0.016529264424256777, 0.0, 0.024721910036588447, 0.16773790467281977, 0.08028238650273146, 0.015089325455431705, 0.0)",18
326,1,4,11,"(0.0, 0.0, 0.09864539577037362, 0.01650583712158267, 0.0, 0.030645849071221472, 0.16773790467281977, 0.05748202092537062, 0.026121609841380632, 0.0)",9
327,1,4,11,"(0.0, 0.0, 0.09864539577037362, 0.016529264424256777, 0.0, 0.030645849071221472, 0.16773790467281977, 0.05698100191380203, 0.017579589817086686, 0.0)",1
328,1,4,11,"(0.0, 0.0, 0.09864539577037362, 0.016529264424256777, 0.0, 0.030645849071221472, 0.16773790467281977, 0.08028238650273146, 0.017579589817086686, 0.0)",33
329,1,4,11,"(0.0, 0.0, 0.09864539577037362, 0.01650583712158267, 0.0, 0.030645849071221472, 0.16773790467281977, 0.1455768899860025, 0.026121609841380632, 0.0)",1
330,1,4,11,"(0.0, 0.0, 0.09864539577037362, 0.01650583712158267, 0.0, 0.030645849071221472, 0.16773790467281977, 0.08028238650273146, 0.026243088672039654, 0.0)",1
331,1,5,0,"(0.07400250769571483, 0.0, 0.0, 0.0, 0.0, 0.017098731129875016, 0.08380840797570269, 0.09207370414657039, 0.0, 0.0)",1
332,1,5,0,"(0.07400250769571483, 0.0, 0.0, 0.0, 0.0, 0.017098731129875016, 0.08380840797570269, 0.0691048466035698, 0.0, 0.0)",242
333,1,5,0,"(0.07400250769571483, 0.0, 0.0, 0.0, 0.0, 0.024624525901190665, 0.08380840797570269, 0.0691048466035698, 0.0, 0.0)",2
334,1,5,0,"(0.07400250769571483, 0.0, 0.0, 0.0, 0.0, 0.017098731129875016, 0.13207989409890028, 0.0691048466035698, 0.0, 0.0)",1
335,1,5,0,"(0.039330477706265715, 0.0, 0.0, 0.0, 0.0, 0.017098731129875016, 0.08380840797570269, 0.0691048466035698, 0.0, 0.0)",2
336,1,5,0,"(0.07400250769571483, 0.0, 0.0, 0.0, 0.0, 0.017098731129875016, 0.08192686611592134, 0.0691048466035698, 0.0, 0.0)",2
337,1,5,0,"(0.07400250769571483, 0.0, 0.0, 0.0, 0.0, 0.007680296678102972, 0.08416527252755968, 0.0691048466035698, 0.0, 0.0)",1
338,1,5,0,"(0.07400250769571483, 0.0, 0.0, 0.0, 0.0, 0.024855991890450832, 0.08380840797570269, 0.0691048466035698, 0.0, 0.0)",2
339,1,5,0,"(0.07400250769571483, 0.0, 0.0, 0.0, 0.0, 0.01759199169444947, 0.08380840797570269, 0.0691048466035698, 0.0, 0.0)",28
340,1,5,0,"(0.10154677450590352, 0.0, 0.0, 0.0, 0.0, 0.01759199169444947, 0.08380840797570269, 0.0691048466035698, 0.0, 0.0)",1
341,1,5,6,"(0.03298201709758412, 0.011572197494497125, 0.0, 0.030181603934096246, 0.005422768956954101, 0.0, 0.019795240631728064, 0.0, 0.028146417112716555, 0.05874522297052942)",17
342,1,5,6,"(0.03426039533065134, 0.011572197494497125, 0.0, 0.030181603934096246, 0.0077799866403786815, 0.0, 0.019795240631728064, 0.0, 0.028146417112716555, 0.05874522297052942)",5
343,1,5,6,"(0.03426039533065134, 0.011572197494497125, 0.0, 0.030181603934096246, 0.005422768956954101, 0.0, 0.019795240631728064, 0.0, 0.032777262847040585, 0.05874522297052942)",1
344,1,5,6,"(0.03426039533065134, 0.011572197494497125, 0.0, 0.030181603934096246, 0.005422768956954101, 0.0, 0.019795240631728064, 0.0, 0.028146417112716555, 0.05874522297052942)",204
345,1,5,6,"(0.03426039533065134, 0.011572197494497125, 0.0, 0.030181603934096246, 0.005422768956954101, 0.0, 0.023633834491007855, 0.0, 0.03747849107117303, 0.05874522297052942)",1
346,1,5,6,"(0.015296970156151793, 0.011572197494497125, 0.0, 0.030181603934096246, 0.005422768956954101, 0.0, 0.019795240631728064, 0.0, 0.028146417112716555, 0.05874522297052942)",6
347,1,5,6,"(0.03298201709758412, 0.011572197494497125, 0.0, 0.030181603934096246, 0.005422768956954101, 0.0, 0.019795240631728064, 0.0, 0.028146417112716555, 0.048900680962271216)",1
348,1,5,6,"(0.03298201709758412, 0.011572197494497125, 0.0, 0.030181603934096246, 0.005854313314121995, 0.0, 0.019795240631728064, 0.0, 0.028146417112716555, 0.05874522297052942)",1
349,1,5,14,"(0.0, 0.017248724174617657, 0.0, 0.0, 0.0, 0.0, 0.1096916615896246, 0.07609886892949795, 0.03621416498310447, 0.0)",38
350,1,6,0,"(0.07400250769571483, 0.0, 0.0, 0.0, 0.0, 0.017098731129875016, 0.08380840797570269, 0.0691048466035698, 0.0, 0.0)",138
351,1,6,0,"(0.07400250769571483, 0.0, 0.0, 0.0, 0.0, 0.017098731129875016, 0.08380840797570269, 0.11507395038351338, 0.0, 0.0)",2
352,1,6,0,"(0.07400250769571483, 0.0, 0.0, 0.0, 0.0, 0.017098731129875016, 0.08380840797570269, 0.06856084415474932, 0.0, 0.0)",1
353,1,6,1,"(0.0, 0.0, 0.10922905711608999, 0.0, 0.0, 0.07577624578880941, 0.0, 0.0, 0.0, 0.09965925051150999)",24
354,1,6,11,"(0.0, 0.0, 0.09864539577037362, 0.01650583712158267, 0.0, 0.030645849071221472, 0.17301512196643215, 0.08028238650273146, 0.026121609841380632, 0.0)",1
355,1,6,11,"(0.0, 0.0, 0.09864539577037362, 0.012193121891684047, 0.0, 0.030645849071221472, 0.16773790467281977, 0.08028238650273146, 0.026121609841380632, 0.0)",1
356,1,6,11,"(0.0, 0.0, 0.09864539577037362, 0.01650583712158267, 0.0, 0.030645849071221472, 0.1918321342600846, 0.08028238650273146, 0.026121609841380632, 0.0)",10
357,1,6,11,"(0.0, 0.0, 0.09864539577037362, 0.01650583712158267, 0.0, 0.030645849071221472, 0.16773790467281977, 0.08028238650273146, 0.026121609841380632, 0.0)",252
358,1,6,11,"(0.0, 0.0, 0.14648130808785245, 0.01650583712158267, 0.0, 0.030645849071221472, 0.16773790467281977, 0.08028238650273146, 0.026121609841380632, 0.0)",2
359,1,6,11,"(0.0, 0.0, 0.09864539577037362, 0.01650583712158267, 0.0, 0.030645849071221472, 0.16773790467281977, 0.06571225096537332, 0.026121609841380632, 0.0)",3
360,1,6,11,"(0.0, 0.0, 0.09864539577037362, 0.01650583712158267, 0.0, 0.030645849071221472, 0.22966828805063197, 0.08028238650273146, 0.026121609841380632, 0.0)",2
361,1,6,11,"(0.0, 0.0, 0.09864539577037362, 0.023184844229105325, 0.0, 0.061268851770736224, 0.16773790467281977, 0.08028238650273146, 0.02098221569808714, 0.0)",3
362,1,6,11,"(0.0, 0.0, 0.09864539577037362, 0.02197202979659282, 0.0, 0.030645849071221472, 0.16773790467281977, 0.08028238650273146, 0.026121609841380632, 0.0)",5
363,1,7,1,"(0.0, 0.0, 0.10922905711608999, 0.0, 0.0, 0.07577624578880941, 0.0, 0.0, 0.0, 0.09965925051150999)",132
364,1,7,1,"(0.0, 0.0, 0.10922905711608999, 0.0, 0.0, 0.07577624578880941, 0.0, 0.0, 0.0, 0.05397382840497481)",1
365,1,7,8,"(0.19235562551390653, 0.046525949225991035, 0.0, 0.0, 0.07022106556493442, 0.0, 0.08319516954615302, 0.1116381245929446, 0.0, 0.0)",72
366,1,7,8,"(0.19235562551390653, 0.046525949225991035, 0.0, 0.0, 0.0711014016419403, 0.0, 0.08319516954615302, 0.1116381245929446, 0.0, 0.0)",1
367,1,7,13,"(0.0, 0.02461978404713738, 0.02500502104416399, 0.0, 0.01810411441758469, 0.022173256981297827, 0.0, 0.0, 0.01089208668844536, 0.00476393156717078)",2
368,1,7,13,"(0.0, 0.02461978404713738, 0.023035932332134326, 0.0, 0.01810411441758469, 0.022173256981297827, 0.0, 0.0, 0.004652553667291002, 0.003684038896349891)",2
369,1,7,13,"(0.0, 0.02461978404713738, 0.04030696799625117, 0.0, 0.01810411441758469, 0.022173256981297827, 0.0, 0.0, 0.01089208668844536, 0.007972916052723768)",1
370,1,7,13,"(0.0, 0.02461978404713738, 0.023035932332134326, 0.0, 0.01810411441758469, 0.013092499323604588, 0.0, 0.0, 0.01089208668844536, 0.00476393156717078)",1
371,1,7,13,"(0.0, 0.02461978404713738, 0.023035932332134326, 0.0, 0.01810411441758469, 0.022173256981297827, 0.0, 0.0, 0.01089208668844536, 0.00476393156717078)",264
372,1,8,6,"(0.03426039533065134, 0.011572197494497125, 0.0, 0.030181603934096246, 0.005422768956954101, 0.0, 0.019795240631728064, 0.0, 0.028146417112716555, 0.05874522297052942)",182
373,1,8,10,"(0.07734904686468291, 0.06927916245295945, 0.09682940930282144, 0.0017773360538905325, 0.0, 0.06291875767155253, 0.0, 0.10994488928074131, 0.0, 0.0)",32
374,1,8,11,"(0.0, 0.0, 0.09864539577037362, 0.01650583712158267, 0.0, 0.030645849071221472, 0.24577197916672142, 0.08028238650273146, 0.026121609841380632, 0.0)",1
375,1,8,11,"(0.0, 0.0, 0.09864539577037362, 0.010067381489701313, 0.0, 0.030645849071221472, 0.16773790467281977, 0.08028238650273146, 0.026121609841380632, 0.0)",2
376,1,8,11,"(0.0, 0.0, 0.09864539577037362, 0.01650583712158267, 0.0, 0.031211978481304123, 0.13855135743719746, 0.08028238650273146, 0.026121609841380632, 0.0)",2
377,1,8,11,"(0.0, 0.0, 0.09864539577037362, 0.01650583712158267, 0.0, 0.030645849071221472, 0.16773790467281977, 0.08028238650273146, 0.026121609841380632, 0.0)",348
378,1,8,11,"(0.0, 0.0, 0.09864539577037362, 0.01650583712158267, 0.0, 0.030645849071221472, 0.16773790467281977, 0.08655270735256092, 0.026121609841380632, 0.0)",3
379,1,9,8,"(0.19235562551390653, 0.046525949225991035, 0.0, 0.0, 0.07022106556493442, 0.0, 0.08319516954615302, 0.1116381245929446, 0.0, 0.0)",46
380,1,9,8,"(0.2738816357899353, 0.053568916384810206, 0.0, 0.0, 0.07022106556493442, 0.0, 0.08319516954615302, 0.09751076662359107, 0.0, 0.0)",2
381,1,9,11,"(0.0, 0.0, 0.09864539577037362, 0.01650583712158267, 0.0, 0.030645849071221472, 0.2019474030392473, 0.08028238650273146, 0.027487929068651985, 0.0)",5
382,1,9,11,"(0.0, 0.0, 0.09864539577037362, 0.01650583712158267, 0.0, 0.030645849071221472, 0.16773790467281977, 0.08028238650273146, 0.02571567398663792, 0.0)",4
383,1,9,11,"(0.0, 0.0, 0.09864539577037362, 0.01650583712158267, 0.0, 0.030645849071221472, 0.16773790467281977, 0.08028238650273146, 0.026121609841380632, 0.0)",470
384,1,9,11,"(0.0, 0.0, 0.09864539577037362, 0.024017549557951833, 0.0, 0.05777082515580535, 0.16773790467281977, 0.08028238650273146, 0.026121609841380632, 0.0)",1
385,1,9,11,"(0.0, 0.0, 0.09864539577037362, 0.014764695210633156, 0.0, 0.030645849071221472, 0.16773790467281977, 0.08028238650273146, 0.026121609841380632, 0.0)",1
386,1,9,11,"(0.0, 0.0, 0.12965497550967092, 0.01650583712158267, 0.0, 0.030645849071221472, 0.16773790467281977, 0.08028238650273146, 0.026121609841380632, 0.0)",1
387,1,9,11,"(0.0, 0.0, 0.09864539577037362, 0.01650583712158267, 0.0, 0.030645849071221472, 0.16773790467281977, 0.08028238650273146, 0.02276333802846445, 0.0)",1
388,1,10,10,"(0.07734904686468291, 0.06927916245295945, 0.09682940930282144, 0.0017773360538905325, 0.0, 0.06291875767155253, 0.0, 0.10994488928074131, 0.0, 0.0)",24
389,1,10,13,"(0.0, 0.02461978404713738, 0.023035932332134326, 0.0, 0.01810411441758469, 0.022173256981297827, 0.0, 0.0, 0.01089208668844536, 0.0050680911837139965)",7
390,1,10,13,"(0.0, 0.02461978404713738, 0.023035932332134326, 0.0, 0.032939267331931345, 0.022173256981297827, 0.0, 0.0, 0.01089208668844536, 0.00476393156717078)",1
391,1,10,13,"(0.0, 0.02461978404713738, 0.023725968171502687, 0.0, 0.01810411441758469, 0.022173256981297827, 0.0, 0.0, 0.01089208668844536, 0.00476393156717078)",1
392,1,10,13,"(0.0, 0.02461978404713738, 0.023035932332134326, 0.0, 0.01810411441758469, 0.022173256981297827, 0.0, 0.0, 0.01089208668844536, 0.0033010130037314173)",1
393,1,10,13,"(0.0, 0.025728738087402423, 0.023035932332134326, 0.0, 0.01810411441758469, 0.022173256981297827, 0.0, 0.0, 0.01089208668844536, 0.00476393156717078)",1
394,1,10,13,"(0.0, 0.02461978404713738, 0.023035932332134326, 0.0, 0.020248423727127277, 0.022173256981297827, 0.0, 0.0, 0.01089208668844536, 0.00476393156717078)",1
395,1,10,13,"(0.0, 0.02461978404713738, 0.022623247536894098, 0.0, 0.01810411441758469, 0.022173256981297827, 0.0, 0.0, 0.01089208668844536, 0.00476393156717078)",1
396,1,10,13,"(0.0, 0.02461978404713738, 0.023035932332134326, 0.0, 0.018015776885229966, 0.022173256981297827, 0.0, 0.0, 0.01089208668844536, 0.00476393156717078)",3
397,1,10,13,"(0.0, 0.02461978404713738, 0.025916096948332867, 0.0, 0.01810411441758469, 0.022173256981297827, 0.0, 0.0, 0.01089208668844536, 0.00476393156717078)",1
398,1,10,13,"(0.0, 0.024331800009342378, 0.023035932332134326, 0.0, 0.032939267331931345, 0.022173256981297827, 0.0, 0.0, 0.01089208668844536, 0.00476393156717078)",2
399,1,10,13,"(0.0, 0.02461978404713738, 0.024530692906339403, 0.0, 0.019303337720771047, 0.022173256981297827, 0.0, 0.0, 0.01089208668844536, 0.00476393156717078)",3
400,1,10,13,"(0.0, 0.02461978404713738, 0.023035932332134326, 0.0, 0.01810411441758469, 0.027872594293217656, 0.0, 0.0, 0.01089208668844536, 0.00476393156717078)",4
401,1,10,13,"(0.0, 0.024331800009342378, 0.02626700379758475, 0.0, 0.032939267331931345, 0.022173256981297827, 0.0, 0.0, 0.01089208668844536, 0.00476393156717078)",1
402,1,10,13,"(0.0, 0.02461978404713738, 0.023035932332134326, 0.0, 0.01810411441758469, 0.022173256981297827, 0.0, 0.0, 0.01089208668844536, 0.00476393156717078)",321
403,1,10,13,"(0.0, 0.02461978404713738, 0.030313323294953884, 0.0, 0.01810411441758469, 0.022173256981297827, 0.0, 0.0, 0.01089208668844536, 0.00476393156717078)",3
404,1,10,14,"(0.0, 0.017248724174617657, 0.0, 0.0, 0.0, 0.0, 0.1096916615896246, 0.07609886892949795, 0.03621416498310447, 0.0)",13
405,1,10,14,"(0.0, 0.017248724174617657, 0.0, 0.0, 0.0, 0.0, 0.1096916615896246, 0.0546432055886052, 0.03621416498310447, 0.0)",3
406,1,11,8,"(0.19235562551390653, 0.046525949225991035, 0.0, 0.0, 0.07022106556493442, 0.0, 0.08319516954615302, 0.1116381245929446, 0.0, 0.0)",40
407,1,11,10,"(0.07734904686468291, 0.06927916245295945, 0.09682940930282144, 0.0017773360538905325, 0.0, 0.06291875767155253, 0.0, 0.10994488928074131, 0.0, 0.0)",17
408,1,11,13,"(0.0, 0.02461978404713738, 0.039261864146456674, 0.0, 0.01810411441758469, 0.022173256981297827, 0.0, 0.0, 0.01089208668844536, 0.00476393156717078)",1
409,1,11,13,"(0.0, 0.02461978404713738, 0.023035932332134326, 0.0, 0.01810411441758469, 0.03591902035745059, 0.0, 0.0, 0.01089208668844536, 0.00476393156717078)",2
410,1,11,13,"(0.0, 0.0469702418551532, 0.023035932332134326, 0.0, 0.03322381810519264, 0.022173256981297827, 0.0, 0.0, 0.019292264174504952, 0.00476393156717078)",1
411,1,11,13,"(0.0, 0.02845518976248334, 0.023035932332134326, 0.0, 0.016973567656639824, 0.022173256981297827, 0.0, 0.0, 0.01089208668844536, 0.004436641746586963)",1
412,1,11,13,"(0.0, 0.02461978404713738, 0.023035932332134326, 0.0, 0.018432915770520385, 0.022173256981297827, 0.0, 0.0, 0.01089208668844536, 0.00476393156717078)",1
413,1,11,13,"(0.0, 0.02461978404713738, 0.023035932332134326, 0.0, 0.016973567656639824, 0.022173256981297827, 0.0, 0.0, 0.01089208668844536, 0.004436641746586963)",59
414,1,11,13,"(0.0, 0.03218805610269935, 0.023035932332134326, 0.0, 0.01810411441758469, 0.022173256981297827, 0.0, 0.0, 0.01089208668844536, 0.00476393156717078)",3
415,1,11,13,"(0.0, 0.02461978404713738, 0.023035932332134326, 0.0, 0.01810411441758469, 0.022173256981297827, 0.0, 0.0, 0.018137284745846628, 0.002753998501891521)",1
416,1,11,13,"(0.0, 0.02461978404713738, 0.023035932332134326, 0.0, 0.01810411441758469, 0.022173256981297827, 0.0, 0.0, 0.01089208668844536, 0.00476393156717078)",296
417,1,11,13,"(0.0, 0.02461978404713738, 0.023035932332134326, 0.0, 0.01810411441758469, 0.022173256981297827, 0.0, 0.0, 0.012513586960328033, 0.0037449239316219235)",30
418,1,12,8,"(0.19235562551390653, 0.046525949225991035, 0.0, 0.0, 0.07022106556493442, 0.0, 0.08319516954615302, 0.1116381245929446, 0.0, 0.0)",192
419,1,12,8,"(0.11624721400109761, 0.046525949225991035, 0.0, 0.0, 0.052771123082577184, 0.0, 0.12313275688063408, 0.06496015973995667, 0.0, 0.0)",1
420,1,12,8,"(0.19235562551390653, 0.046525949225991035, 0.0, 0.0, 0.07022106556493442, 0.0, 0.10381446889135487, 0.1116381245929446, 0.0, 0.0)",4
421,1,12,8,"(0.23514287526230285, 0.046525949225991035, 0.0, 0.0, 0.07022106556493442, 0.0, 0.08319516954615302, 0.1116381245929446, 0.0, 0.0)",2
422,1,12,8,"(0.19235562551390653, 0.046525949225991035, 0.0, 0.0, 0.07022106556493442, 0.0, 0.08319516954615302, 0.055908626190790636, 0.0, 0.0)",1
423,1,12,10,"(0.07734904686468291, 0.07956261566595159, 0.09682940930282144, 0.0017773360538905325, 0.0, 0.06291875767155253, 0.0, 0.11864054285284716, 0.0, 0.0)",21
424,1,12,10,"(0.07734904686468291, 0.06927916245295945, 0.09682940930282144, 0.0017773360538905325, 0.0, 0.06291875767155253, 0.0, 0.0772861018200627, 0.0, 0.0)",4
425,1,12,10,"(0.04097985433012349, 0.06927916245295945, 0.09682940930282144, 0.0017773360538905325, 0.0, 0.06291875767155253, 0.0, 0.10994488928074131, 0.0, 0.0)",1
426,1,12,10,"(0.07734904686468291, 0.06927916245295945, 0.09682940930282144, 0.0017773360538905325, 0.0, 0.06291875767155253, 0.0, 0.10994488928074131, 0.0, 0.0)",247
427,1,12,10,"(0.07734904686468291, 0.06927916245295945, 0.09921396511515868, 0.0017773360538905325, 0.0, 0.04613313957482759, 0.0, 0.10994488928074131, 0.0, 0.0)",3
428,1,13,6,"(0.03426039533065134, 0.011572197494497125, 0.0, 0.030181603934096246, 0.005422768956954101, 0.0, 0.01881431508521025, 0.0, 0.028146417112716555, 0.05874522297052942)",1
429,1,13,6,"(0.03426039533065134, 0.011572197494497125, 0.0, 0.030181603934096246, 0.006787619041881473, 0.0, 0.019795240631728064, 0.0, 0.028146417112716555, 0.05874522297052942)",1
430,1,13,6,"(0.03426039533065134, 0.012891880038055472, 0.0, 0.030181603934096246, 0.005422768956954101, 0.0, 0.019795240631728064, 0.0, 0.028146417112716555, 0.05874522297052942)",2
431,1,13,6,"(0.03426039533065134, 0.011572197494497125, 0.0, 0.030181603934096246, 0.002874052363148998, 0.0, 0.019795240631728064, 0.0, 0.028146417112716555, 0.05874522297052942)",1
432,1,13,6,"(0.024935533045014995, 0.007625036843086125, 0.0, 0.030181603934096246, 0.003628187456930806, 0.0, 0.019795240631728064, 0.0, 0.028146417112716555, 0.05874522297052942)",1
433,1,13,6,"(0.03426039533065134, 0.011572197494497125, 0.0, 0.030181603934096246, 0.005422768956954101, 0.0, 0.019795240631728064, 0.0, 0.028146417112716555, 0.05874522297052942)",219
434,1,13,6,"(0.03426039533065134, 0.011572197494497125, 0.0, 0.028909871955697695, 0.005422768956954101, 0.0, 0.019795240631728064, 0.0, 0.028146417112716555, 0.05874522297052942)",1
435,1,13,14,"(0.0, 0.01626477993371741, 0.0, 0.0, 0.0, 0.0, 0.1096916615896246, 0.07609886892949795, 0.03621416498310447, 0.0)",4
436,1,13,14,"(0.0, 0.029095239849600427, 0.0, 0.0, 0.0, 0.0, 0.1096916615896246, 0.1424741345980853, 0.02791796126488043, 0.0)",1
437,1,13,14,"(0.0, 0.017248724174617657, 0.0, 0.0, 0.0, 0.0, 0.1096916615896246, 0.07609886892949795, 0.03621416498310447, 0.0)",303
438,1,13,14,"(0.0, 0.017248724174617657, 0.0, 0.0, 0.0, 0.0, 0.1096916615896246, 0.07609886892949795, 0.03849745423402481, 0.0)",1
439,1,14,11,"(0.0, 0.0, 0.09864539577037362, 0.01650583712158267, 0.0, 0.030645849071221472, 0.16773790467281977, 0.08028238650273146, 0.02821718910217306, 0.0)",2
440,1,14,11,"(0.0, 0.0, 0.09864539577037362, 0.01650583712158267, 0.0, 0.020053979456781418, 0.16773790467281977, 0.08028238650273146, 0.026121609841380632, 0.0)",2
441,1,14,11,"(0.0, 0.0, 0.09864539577037362, 0.01650583712158267, 0.0, 0.030645849071221472, 0.16773790467281977, 0.08028238650273146, 0.026121609841380632, 0.0)",179
442,1,14,11,"(0.0, 0.0, 0.09864539577037362, 0.01650583712158267, 0.0, 0.03851635592602685, 0.16773790467281977, 0.08028238650273146, 0.026121609841380632, 0.0)",1
443,1,14,13,"(0.0, 0.02461978404713738, 0.023035932332134326, 0.0, 0.01810411441758469, 0.022173256981297827, 0.0, 0.0, 0.01089208668844536, 0.0060913559145501775)",2
444,1,14,13,"(0.0, 0.02461978404713738, 0.023035932332134326, 0.0, 0.01810411441758469, 0.027038682174559524, 0.0, 0.0, 0.01089208668844536, 0.00476393156717078)",1
445,1,14,13,"(0.0, 0.018939261559692094, 0.023035932332134326, 0.0, 0.01810411441758469, 0.03719583712292299, 0.0, 0.0, 0.009326481948102143, 0.00476393156717078)",2
446,1,14,13,"(0.0, 0.02461978404713738, 0.01766136096088788, 0.0, 0.01810411441758469, 0.03419968048213696, 0.0, 0.0, 0.01089208668844536, 0.00476393156717078)",1
447,1,14,13,"(0.0, 0.02461978404713738, 0.023035932332134326, 0.0, 0.01810411441758469, 0.02110998439869187, 0.0, 0.0, 0.01089208668844536, 0.0041999805306371105)",3
448,1,14,13,"(0.0, 0.02461978404713738, 0.023035932332134326, 0.0, 0.01810411441758469, 0.022173256981297827, 0.0, 0.0, 0.01089208668844536, 0.00476393156717078)",315
449,1,14,13,"(0.0, 0.02461978404713738, 0.023035932332134326, 0.0, 0.01810411441758469, 0.022173256981297827, 0.0, 0.0, 0.01089208668844536, 0.005760026525250137)",1
450,1,14,13,"(0.0, 0.02461978404713738, 0.023035932332134326, 0.0, 0.01810411441758469, 0.022173256981297827, 0.0, 0.0, 0.010586980459510542, 0.005092564543415373)",1
451,1,14,13,"(0.0, 0.02461978404713738, 0.023035932332134326, 0.0, 0.01810411441758469, 0.022173256981297827, 0.0, 0.0, 0.01089208668844536, 0.006649935446452358)",2
452,1,14,13,"(0.0, 0.05045267170872691, 0.023035932332134326, 0.0, 0.01810411441758469, 0.022173256981297827, 0.0, 0.0, 0.009843099253819453, 0.00476393156717078)",3
453,1,15,6,"(0.03426039533065134, 0.011572197494497125, 0.0, 0.030181603934096246, 0.005422768956954101, 0.0, 0.019795240631728064, 0.0, 0.028146417112716555, 0.05874522297052942)",200
454,1,15,6,"(0.03426039533065134, 0.011572197494497125, 0.0, 0.030181603934096246, 0.005422768956954101, 0.0, 0.019795240631728064, 0.0, 0.028146417112716555, 0.06546420020200988)",1
455,1,15,11,"(0.0, 0.0, 0.11839367174953695, 0.01650583712158267, 0.0, 0.030645849071221472, 0.16773790467281977, 0.0404147798164449, 0.026121609841380632, 0.0)",37
456,1,15,11,"(0.0, 0.0, 0.09864539577037362, 0.01650583712158267, 0.0, 0.030645849071221472, 0.16773790467281977, 0.08028238650273146, 0.026121609841380632, 0.0)",217
457,1,15,11,"(0.0, 0.0, 0.09864539577037362, 0.01650583712158267, 0.0, 0.028729952569871153, 0.16773790467281977, 0.08028238650273146, 0.026121609841380632, 0.0)",1
458,1,15,14,"(0.0, 0.017248724174617657, 0.0, 0.0, 0.0, 0.0, 0.08950810758565038, 0.048224418957756726, 0.03621416498310447, 0.0)",1
459,1,15,14,"(0.0, 0.017248724174617657, 0.0, 0.0, 0.0, 0.0, 0.1096916615896246, 0.07609886892949795, 0.03621416498310447, 0.0)",127
460,1,15,14,"(0.0, 0.02649248227049786, 0.0, 0.0, 0.0, 0.0, 0.1096916615896246, 0.07609886892949795, 0.03621416498310447, 0.0)",5
461,1,15,14,"(0.0, 0.019719551825287694, 0.0, 0.0, 0.0, 0.0, 0.07338465047805963, 0.07609886892949795, 0.03621416498310447, 0.0)",2
462,1,16,1,"(0.0, 0.0, 0.10922905711608999, 0.0, 0.0, 0.08025021389487351, 0.0, 0.0, 0.0, 0.09965925051150999)",2
463,1,16,1,"(0.0, 0.0, 0.0757543435993538, 0.0, 0.0, 0.07577624578880941, 0.0, 0.0, 0.0, 0.09965925051150999)",1
464,1,16,1,"(0.0, 0.0, 0.10922905711608999, 0.0, 0.0, 0.1003947520116243, 0.0, 0.0, 0.0, 0.09965925051150999)",1
465,1,16,1,"(0.0, 0.0, 0.0999536902072669, 0.0, 0.0, 0.07577624578880941, 0.0, 0.0, 0.0, 0.09965925051150999)",1
466,1,16,1,"(0.0, 0.0, 0.10922905711608999, 0.0, 0.0, 0.07577624578880941, 0.0, 0.0, 0.0, 0.07348691686893775)",1
467,1,16,1,"(0.0, 0.0, 0.10922905711608999, 0.0, 0.0, 0.05351689763418209, 0.0, 0.0, 0.0, 0.09965925051150999)",3
468,1,16,1,"(0.0, 0.0, 0.10922905711608999, 0.0, 0.0, 0.07577624578880941, 0.0, 0.0, 0.0, 0.09965925051150999)",604
469,1,16,1,"(0.0, 0.0, 0.041406372128065916, 0.0, 0.0, 0.04312130671885245, 0.0, 0.0, 0.0, 0.09965925051150999)",13
470,1,16,8,"(0.19235562551390653, 0.046525949225991035, 0.0, 0.0, 0.07022106556493442, 0.0, 0.08319516954615302, 0.1116381245929446, 0.0, 0.0)",242
471,1,17,1,"(0.0, 0.0, 0.08763850442755462, 0.0, 0.0, 0.07577624578880941, 0.0, 0.0, 0.0, 0.09965925051150999)",3
472,1,17,1,"(0.0, 0.0, 0.11658936198307206, 0.0, 0.0, 0.07577624578880941, 0.0, 0.0, 0.0, 0.09965925051150999)",4
473,1,17,1,"(0.0, 0.0, 0.10922905711608999, 0.0, 0.0, 0.07577624578880941, 0.0, 0.0, 0.0, 0.09965925051150999)",551
474,1,17,1,"(0.0, 0.0, 0.10922905711608999, 0.0, 0.0, 0.0773971778212816, 0.0, 0.0, 0.0, 0.09965925051150999)",1
475,1,17,1,"(0.0, 0.0, 0.5356895112895498, 0.0, 0.0, 0.070468143206426, 0.0, 0.0, 0.0, 0.09965925051150999)",1
476,1,17,1,"(0.0, 0.0, 0.10127794389694403, 0.0, 0.0, 0.07577624578880941, 0.0, 0.0, 0.0, 0.09965925051150999)",2
477,1,17,1,"(0.0, 0.0, 0.10506416377443338, 0.0, 0.0, 0.07577624578880941, 0.0, 0.0, 0.0, 0.09965925051150999)",3
478,1,17,1,"(0.0, 0.0, 0.10922905711608999, 0.0, 0.0, 0.08668505726409123, 0.0, 0.0, 0.0, 0.09965925051150999)",1
479,1,17,1,"(0.0, 0.0, 0.1680900890311223, 0.0, 0.0, 0.07577624578880941, 0.0, 0.0, 0.0, 0.09965925051150999)",3
480,1,17,1,"(0.0, 0.0, 0.10922905711608999, 0.0, 0.0, 0.0812686056657157, 0.0, 0.0, 0.0, 0.09965925051150999)",32
481,1,17,1,"(0.0, 0.0, 0.10922905711608999, 0.0, 0.0, 0.07577624578880941, 0.0, 0.0, 0.0, 0.10235886602915976)",1
482,1,17,1,"(0.0, 0.0, 0.10922905711608999, 0.0, 0.0, 0.09241117194992964, 0.0, 0.0, 0.0, 0.10874207466258733)",3
483,1,17,1,"(0.0, 0.0, 0.10922905711608999, 0.0, 0.0, 0.09281495782938001, 0.0, 0.0, 0.0, 0.08245316169654471)",1
484,1,17,1,"(0.0, 0.0, 0.13723878511689697, 0.0, 0.0, 0.07577624578880941, 0.0, 0.0, 0.0, 0.09965925051150999)",1
485,1,17,1,"(0.0, 0.0, 0.10922905711608999, 0.0, 0.0, 0.026679332519589337, 0.0, 0.0, 0.0, 0.09965925051150999)",2
486,1,17,8,"(0.19235562551390653, 0.046525949225991035, 0.0, 0.0, 0.07022106556493442, 0.0, 0.07647875331827184, 0.1116381245929446, 0.0, 0.0)",3
487,1,17,8,"(0.19235562551390653, 0.046525949225991035, 0.0, 0.0, 0.07022106556493442, 0.0, 0.08319516954615302, 0.1116381245929446, 0.0, 0.0)",193
488,1,18,1,"(0.0, 0.0, 0.10922905711608999, 0.0, 0.0, 0.07577624578880941, 0.0, 0.0, 0.0, 0.09965925051150999)",73
489,1,18,10,"(0.07734904686468291, 0.06927916245295945, 0.09682940930282144, 0.0017773360538905325, 0.0, 0.07457084987620398, 0.0, 0.10994488928074131, 0.0, 0.0)",1
490,1,18,10,"(0.07587065281738802, 0.06927916245295945, 0.09682940930282144, 0.0017773360538905325, 0.0, 0.06291875767155253, 0.0, 0.10994488928074131, 0.0, 0.0)",2
491,1,18,10,"(0.07734904686468291, 0.06927916245295945, 0.09682940930282144, 0.0017773360538905325, 0.0, 0.06291875767155253, 0.0, 0.10994488928074131, 0.0, 0.0)",160
492,1,18,11,"(0.0, 0.0, 0.09864539577037362, 0.01650583712158267, 0.0, 0.049340972996375555, 0.16773790467281977, 0.08028238650273146, 0.026121609841380632, 0.0)",1
493,1,18,11,"(0.0, 0.0, 0.09864539577037362, 0.01650583712158267, 0.0, 0.030645849071221472, 0.16773790467281977, 0.08028238650273146, 0.026121609841380632, 0.0)",365
494,1,18,11,"(0.0, 0.0, 0.09864539577037362, 0.01650583712158267, 0.0, 0.030645849071221472, 0.09571724740593365, 0.08028238650273146, 0.026121609841380632, 0.0)",1
495,1,19,0,"(0.08246543347930813, 0.0, 0.0, 0.0, 0.0, 0.017098731129875016, 0.14949354157432054, 0.0691048466035698, 0.0, 0.0)",1
496,1,19,0,"(0.07400250769571483, 0.0, 0.0, 0.0, 0.0, 0.017098731129875016, 0.08380840797570269, 0.0691048466035698, 0.0, 0.0)",187
497,1,19,13,"(0.0, 0.02461978404713738, 0.023035932332134326, 0.0, 0.015380236694099152, 0.022173256981297827, 0.0, 0.0, 0.01089208668844536, 0.00476393156717078)",2
498,1,19,13,"(0.0, 0.02461978404713738, 0.023035932332134326, 0.0, 0.015016271176836082, 0.022173256981297827, 0.0, 0.0, 0.01089208668844536, 0.00476393156717078)",1
499,1,19,13,"(0.0, 0.02461978404713738, 0.023035932332134326, 0.0, 0.01810411441758469, 0.022173256981297827, 0.0, 0.0, 0.01089208668844536, 0.00476393156717078)",171
500,1,19,13,"(0.0, 0.02461978404713738, 0.023035932332134326, 0.0, 0.01810411441758469, 0.022173256981297827, 0.0, 0.0, 0.01089208668844536, 0.005777984181696757)",1
501,1,20,10,"(0.07734904686468291, 0.06927916245295945, 0.09682940930282144, 0.0017773360538905325, 0.0, 0.06291875767155253, 0.0, 0.10994488928074131, 0.0, 0.0)",113
502,1,20,10,"(0.07734904686468291, 0.06927916245295945, 0.08518450087893115, 0.0017773360538905325, 0.0, 0.06291875767155253, 0.0, 0.10994488928074131, 0.0, 0.0)",4
503,1,20,10,"(0.07734904686468291, 0.09737732855153267, 0.09682940930282144, 0.0017773360538905325, 0.0, 0.06291875767155253, 0.0, 0.10994488928074131, 0.0, 0.0)",36
504,1,20,11,"(0.0, 0.0, 0.13521392442682456, 0.01650583712158267, 0.0, 0.030645849071221472, 0.17233001685814567, 0.08028238650273146, 0.026121609841380632, 0.0)",1
505,1,20,11,"(0.0, 0.0, 0.19224953978803797, 0.01650583712158267, 0.0, 0.030645849071221472, 0.16773790467281977, 0.10099387877372146, 0.026121609841380632, 0.0)",2
506,1,20,11,"(0.0, 0.0, 0.09864539577037362, 0.01650583712158267, 0.0, 0.025157143602426775, 0.16773790467281977, 0.08028238650273146, 0.026121609841380632, 0.0)",4
507,1,20,11,"(0.0, 0.0, 0.09864539577037362, 0.01650583712158267, 0.0, 0.030645849071221472, 0.09572491856946197, 0.08028238650273146, 0.036485718580663774, 0.0)",10
508,1,20,11,"(0.0, 0.0, 0.09864539577037362, 0.01650583712158267, 0.0, 0.030645849071221472, 0.16773790467281977, 0.08028238650273146, 0.019162648242865246, 0.0)",2
509,1,20,11,"(0.0, 0.0, 0.09864539577037362, 0.01650583712158267, 0.0, 0.030645849071221472, 0.16773790467281977, 0.08028238650273146, 0.026121609841380632, 0.0)",566
510,1,20,11,"(0.0, 0.0, 0.09864539577037362, 0.01650583712158267, 0.0, 0.030645849071221472, 0.1767894435017664, 0.08028238650273146, 0.026121609841380632, 0.0)",2
511,1,20,11,"(0.0, 0.0, 0.09864539577037362, 0.01650583712158267, 0.0, 0.030361211331812212, 0.16773790467281977, 0.09404728017857315, 0.026121609841380632, 0.0)",3
512,2,0,6,"(0.03426039533065134, 0.011572197494497125, 0.0, 0.030181603934096246, 0.005422768956954101, 0.0, 0.019795240631728064, 0.0, 0.028146417112716555, 0.03238958672895282)",8
513,2,0,6,"(0.03426039533065134, 0.011572197494497125, 0.0, 0.03505361396684334, 0.005422768956954101, 0.0, 0.019795240631728064, 0.0, 0.028146417112716555, 0.05874522297052942)",15
514,2,0,6,"(0.03426039533065134, 0.011572197494497125, 0.0, 0.030181603934096246, 0.005422768956954101, 0.0, 0.019795240631728064, 0.0, 0.028146417112716555, 0.06108234140019731)",2
515,2,0,6,"(0.03426039533065134, 0.011572197494497125, 0.0, 0.030181603934096246, 0.005422768956954101, 0.0, 0.019795240631728064, 0.0, 0.028146417112716555, 0.05874522297052942)",145
516,2,0,6,"(0.0700142891474275, 0.011572197494497125, 0.0, 0.030181603934096246, 0.005422768956954101, 0.0, 0.019795240631728064, 0.0, 0.028146417112716555, 0.06248758536908772)",1
517,2,0,6,"(0.048629532609293424, 0.011572197494497125, 0.0, 0.030181603934096246, 0.005422768956954101, 0.0, 0.01754167207894096, 0.0, 0.028146417112716555, 0.05874522297052942)",1
518,2,0,11,"(0.0, 0.0, 0.09864539577037362, 0.01650583712158267, 0.0, 0.030645849071221472, 0.19958990124823703, 0.08028238650273146, 0.026121609841380632, 0.0)",2
519,2,0,11,"(0.0, 0.0, 0.09864539577037362, 0.01650583712158267, 0.0, 0.030645849071221472, 0.16773790467281977, 0.08028238650273146, 0.015517484193043711, 0.0)",19
520,2,0,11,"(0.0, 0.0, 0.23645395673972575, 0.01650583712158267, 0.0, 0.030645849071221472, 0.16773790467281977, 0.08028238650273146, 0.026121609841380632, 0.0)",2
521,2,0,11,"(0.0, 0.0, 0.09864539577037362, 0.01650583712158267, 0.0, 0.030645849071221472, 0.11188695188687159, 0.08028238650273146, 0.026121609841380632, 0.0)",1
522,2,0,11,"(0.0, 0.0, 0.09864539577037362, 0.01650583712158267, 0.0, 0.030645849071221472, 0.2858810841901185, 0.08028238650273146, 0.026121609841380632, 0.0)",1
523,2,0,11,"(0.0, 0.0, 0.06436562098329342, 0.01650583712158267, 0.0, 0.030645849071221472, 0.16773790467281977, 0.08028238650273146, 0.026121609841380632, 0.0)",1
524,2,0,11,"(0.0, 0.0, 0.09864539577037362, 0.01650583712158267, 0.0, 0.030645849071221472, 0.16773790467281977, 0.07527749900165373, 0.026121609841380632, 0.0)",1
525,2,0,11,"(0.0, 0.0, 0.09864539577037362, 0.007018525108855788, 0.0, 0.030645849071221472, 0.16773790467281977, 0.08028238650273146, 0.026121609841380632, 0.0)",2
526,2,0,11,"(0.0, 0.0, 0.09864539577037362, 0.010295272642920981, 0.0, 0.030645849071221472, 0.16773790467281977, 0.08028238650273146, 0.026121609841380632, 0.0)",1
527,2,0,11,"(0.0, 0.0, 0.09864539577037362, 0.01650583712158267, 0.0, 0.030645849071221472, 0.16773790467281977, 0.08028238650273146, 0.026121609841380632, 0.0)",354
528,2,1,6,"(0.03356445697169167, 0.011572197494497125, 0.0, 0.030181603934096246, 0.00597357465247645, 0.0, 0.019795240631728064, 0.0, 0.028146417112716555, 0.05874522297052942)",1
529,2,1,6,"(0.03426039533065134, 0.011572197494497125, 0.0, 0.01960706687849997, 0.005422768956954101, 0.0, 0.019795240631728064, 0.0, 0.028146417112716555, 0.05874522297052942)",1
530,2,1,6,"(0.03426039533065134, 0.011572197494497125, 0.0, 0.030181603934096246, 0.005422768956954101, 0.0, 0.019795240631728064, 0.0, 0.02998409463419298, 0.05874522297052942)",3
531,2,1,6,"(0.03426039533065134, 0.011572197494497125, 0.0, 0.030181603934096246, 0.005422768956954101, 0.0, 0.019795240631728064, 0.0, 0.028146417112716555, 0.05874522297052942)",234
532,2,1,6,"(0.03426039533065134, 0.011572197494497125, 0.0, 0.030181603934096246, 0.005422768956954101, 0.0, 0.021803008057269094, 0.0, 0.028146417112716555, 0.0500610360720034)",7
533,2,1,6,"(0.03426039533065134, 0.014857961652900828, 0.0, 0.030181603934096246, 0.005422768956954101, 0.0, 0.011239079764446026, 0.0, 0.028146417112716555, 0.05874522297052942)",1
534,2,1,8,"(0.19235562551390653, 0.03768982985007171, 0.0, 0.0, 0.07022106556493442, 0.0, 0.08319516954615302, 0.1116381245929446, 0.0, 0.0)",1
535,2,1,8,"(0.19235562551390653, 0.046525949225991035, 0.0, 0.0, 0.045307821416577944, 0.0, 0.08319516954615302, 0.1116381245929446, 0.0, 0.0)",1
536,2,1,8,"(0.19235562551390653, 0.046525949225991035, 0.0, 0.0, 0.07022106556493442, 0.0, 0.08319516954615302, 0.1116381245929446, 0.0, 0.0)",220
537,2,2,13,"(0.0, 0.01623578168062865, 0.012488192435894057, 0.0, 0.01810411441758469, 0.025902942973352733, 0.0, 0.0, 0.01089208668844536, 0.00476393156717078)",1
538,2,2,13,"(0.0, 0.02461978404713738, 0.028150721226631738, 0.0, 0.01810411441758469, 0.022173256981297827, 0.0, 0.0, 0.01089208668844536, 0.00476393156717078)",48
539,2,2,13,"(0.0, 0.02461978404713738, 0.023035932332134326, 0.0, 0.01810411441758469, 0.022173256981297827, 0.0, 0.0, 0.01089208668844536, 0.00476393156717078)",82
540,2,2,13,"(0.0, 0.02461978404713738, 0.012488192435894057, 0.0, 0.01810411441758469, 0.025902942973352733, 0.0, 0.0, 0.01089208668844536, 0.00476393156717078)",29
541,2,2,13,"(0.0, 0.02461978404713738, 0.012488192435894057, 0.0, 0.01810411441758469, 0.032934083410565904, 0.0, 0.0, 0.01089208668844536, 0.00476393156717078)",1
542,2,3,8,"(0.19235562551390653, 0.046525949225991035, 0.0, 0.0, 0.07022106556493442, 0.0, 0.08319516954615302, 0.1116381245929446, 0.0, 0.0)",27
543,2,3,13,"(0.0, 0.02461978404713738, 0.0347715369919196, 0.0, 0.01810411441758469, 0.022173256981297827, 0.0, 0.0, 0.01089208668844536, 0.00476393156717078)",1
544,2,3,13,"(0.0, 0.01124359577090087, 0.023035932332134326, 0.0, 0.01810411441758469, 0.022173256981297827, 0.0, 0.0, 0.009191000665547283, 0.00476393156717078)",2
545,2,3,13,"(0.0, 0.02461978404713738, 0.023035932332134326, 0.0, 0.01810411441758469, 0.016913261400845724, 0.0, 0.0, 0.01089208668844536, 0.00476393156717078)",1
546,2,3,13,"(0.0, 0.02461978404713738, 0.023035932332134326, 0.0, 0.01810411441758469, 0.022173256981297827, 0.0, 0.0, 0.01089208668844536, 0.00476393156717078)",329
547,2,3,13,"(0.0, 0.01933704535264718, 0.023035932332134326, 0.0, 0.01810411441758469, 0.022173256981297827, 0.0, 0.0, 0.01089208668844536, 0.0074097153994828495)",1
548,2,3,13,"(0.0, 0.02461978404713738, 0.023035932332134326, 0.0, 0.01810411441758469, 0.022173256981297827, 0.0, 0.0, 0.01089208668844536, 0.010431618206826844)",16
549,2,3,13,"(0.0, 0.02461978404713738, 0.07324463497861232, 0.0, 0.02934623630177991, 0.022173256981297827, 0.0, 0.0, 0.006507342288207766, 0.00476393156717078)",1
550,2,4,11,"(0.0, 0.0, 0.09864539577037362, 0.01650583712158267, 0.0, 0.014592145937184818, 0.1614087272767868, 0.08028238650273146, 0.026121609841380632, 0.0)",4
551,2,4,11,"(0.0, 0.0, 0.09864539577037362, 0.01650583712158267, 0.0, 0.030645849071221472, 0.11435548826637802, 0.08028238650273146, 0.026121609841380632, 0.0)",7
552,2,4,11,"(0.0, 0.0, 0.09864539577037362, 0.028205501218156334, 0.0, 0.030645849071221472, 0.16773790467281977, 0.08028238650273146, 0.026121609841380632, 0.0)",3
553,2,4,11,"(0.0, 0.0, 0.11796287183814627, 0.016529264424256777, 0.0, 0.024721910036588447, 0.16773790467281977, 0.08028238650273146, 0.015089325455431705, 0.0)",1
554,2,4,11,"(0.0, 0.0, 0.09864539577037362, 0.01650583712158267, 0.0, 0.030645849071221472, 0.16773790467281977, 0.08093467200842591, 0.026121609841380632, 0.0)",1
555,2,4,11,"(0.0, 0.0, 0.09864539577037362, 0.016529264424256777, 0.0, 0.030645849071221472, 0.08976873639025804, 0.08028238650273146, 0.017579589817086686, 0.0)",1
556,2,4,11,"(0.0, 0.0, 0.09864539577037362, 0.01650583712158267, 0.0, 0.030645849071221472, 0.16773790467281977, 0.08028238650273146, 0.026121609841380632, 0.0)",393
557,2,4,11,"(0.0, 0.0, 0.09864539577037362, 0.01650583712158267, 0.0, 0.024677518324037827, 0.1614087272767868, 0.08028238650273146, 0.026121609841380632, 0.0)",6
558,2,4,11,"(0.0, 0.0, 0.0947807532427266, 0.011017336967494719, 0.0, 0.030645849071221472, 0.16773790467281977, 0.0841404903212061, 0.026121609841380632, 0.0)",1
559,2,4,11,"(0.0, 0.0, 0.09864539577037362, 0.016529264424256777, 0.0, 0.024721910036588447, 0.16773790467281977, 0.08028238650273146, 0.015089325455431705, 0.0)",10
560,2,4,11,"(0.0, 0.0, 0.09864539577037362, 0.016529264424256777, 0.0, 0.04622033871889369, 0.16773790467281977, 0.08028238650273146, 0.017579589817086686, 0.0)",1
561,2,4,11,"(0.0, 0.0, 0.09864539577037362, 0.01650583712158267, 0.0, 0.030645849071221472, 0.15537531235585564, 0.08028238650273146, 0.026121609841380632, 0.0)",1
562,2,4,11,"(0.0, 0.0, 0.09864539577037362, 0.01650583712158267, 0.0, 0.030645849071221472, 0.1204348172258985, 0.08028238650273146, 0.026121609841380632, 0.0)",1
563,2,4,11,"(0.0, 0.0, 0.09864539577037362, 0.016529264424256777, 0.0, 0.030645849071221472, 0.16773790467281977, 0.08028238650273146, 0.017579589817086686, 0.0)",95
564,2,4,11,"(0.0, 0.0, 0.09864539577037362, 0.01650583712158267, 0.0, 0.030645849071221472, 0.1536398937924212, 0.08028238650273146, 0.026121609841380632, 0.0)",3
565,2,4,11,"(0.0, 0.0, 0.0739794706927719, 0.01650583712158267, 0.0, 0.030645849071221472, 0.16773790467281977, 0.08028238650273146, 0.026121609841380632, 0.0)",30
566,2,4,11,"(0.0, 0.0, 0.09864539577037362, 0.010918923561302665, 0.0, 0.030645849071221472, 0.16773790467281977, 0.06626645766503055, 0.026121609841380632, 0.0)",3
567,2,4,11,"(0.0, 0.0, 0.09864539577037362, 0.007407786864632287, 0.0, 0.030645849071221472, 0.12947370791693394, 0.08028238650273146, 0.026121609841380632, 0.0)",1
568,2,5,0,"(0.07400250769571483, 0.0, 0.0, 0.0, 0.0, 0.017098731129875016, 0.08380840797570269, 0.0691048466035698, 0.0, 0.0)",226
569,2,5,0,"(0.07400250769571483, 0.0, 0.0, 0.0, 0.0, 0.017098731129875016, 0.08863472468015696, 0.0691048466035698, 0.0, 0.0)",3
570,2,5,0,"(0.04622044389891424, 0.0, 0.0, 0.0, 0.0, 0.008647092794079147, 0.08380840797570269, 0.0691048466035698, 0.0, 0.0)",1
571,2,5,0,"(0.07400250769571483, 0.0, 0.0, 0.0, 0.0, 0.01759199169444947, 0.08380840797570269, 0.04676485397328821, 0.0, 0.0)",10
572,2,5,0,"(0.07400250769571483, 0.0, 0.0, 0.0, 0.0, 0.017098731129875016, 0.08380840797570269, 0.08096434122865154, 0.0, 0.0)",1
573,2,5,0,"(0.04050106570977842, 0.0, 0.0, 0.0, 0.0, 0.01759199169444947, 0.08380840797570269, 0.0691048466035698, 0.0, 0.0)",1
574,2,5,0,"(0.07400250769571483, 0.0, 0.0, 0.0, 0.0, 0.017098731129875016, 0.08380840797570269, 0.09152343169494513, 0.0, 0.0)",6
575,2,5,0,"(0.07400250769571483, 0.0, 0.0, 0.0, 0.0, 0.01759199169444947, 0.08380840797570269, 0.0691048466035698, 0.0, 0.0)",55
576,2,5,6,"(0.03426039533065134, 0.011572197494497125, 0.0, 0.030181603934096246, 0.005422768956954101, 0.0, 0.019795240631728064, 0.0, 0.03481799146615741, 0.05874522297052942)",3
577,2,5,6,"(0.04683922548140645, 0.021395810718416435, 0.0, 0.030181603934096246, 0.005422768956954101, 0.0, 0.019795240631728064, 0.0, 0.028146417112716555, 0.05874522297052942)",3
578,2,5,6,"(0.03426039533065134, 0.011572953153698008, 0.0, 0.030181603934096246, 0.005422768956954101, 0.0, 0.019795240631728064, 0.0, 0.028146417112716555, 0.05874522297052942)",1
579,2,5,6,"(0.03426039533065134, 0.006932285742577961, 0.0, 0.030181603934096246, 0.005422768956954101, 0.0, 0.01541196124177551, 0.0, 0.028146417112716555, 0.05874522297052942)",1
580,2,5,6,"(0.03426039533065134, 0.011572197494497125, 0.0, 0.030181603934096246, 0.005422768956954101, 0.0, 0.019795240631728064, 0.0, 0.028146417112716555, 0.05874522297052942)",265
581,2,5,14,"(0.0, 0.017248724174617657, 0.0, 0.0, 0.0, 0.0, 0.1096916615896246, 0.07609886892949795, 0.03621416498310447, 0.0)",36
582,2,6,0,"(0.06276301939280221, 0.0, 0.0, 0.0, 0.0, 0.017098731129875016, 0.13144899586597697, 0.06804325467764917, 0.0, 0.0)",2
583,2,6,0,"(0.07400250769571483, 0.0, 0.0, 0.0, 0.0, 0.017098731129875016, 0.08380840797570269, 0.0691048466035698, 0.0, 0.0)",133
584,2,6,1,"(0.0, 0.0, 0.10922905711608999, 0.0, 0.0, 0.049304815746074766, 0.0, 0.0, 0.0, 0.09387788257384776)",1
585,2,6,1,"(0.0, 0.0, 0.10922905711608999, 0.0, 0.0, 0.07577624578880941, 0.0, 0.0, 0.0, 0.09965925051150999)",70
586,2,6,1,"(0.0, 0.0, 0.10922905711608999, 0.0, 0.0, 0.07577624578880941, 0.0, 0.0, 0.0, 0.04297156910683223)",4
587,2,6,11,"(0.0, 0.0, 0.09864539577037362, 0.01650583712158267, 0.0, 0.030645849071221472, 0.16773790467281977, 0.08028238650273146, 0.026121609841380632, 0.0)",192
588,2,6,11,"(0.0, 0.0, 0.09864539577037362, 0.01650583712158267, 0.0, 0.030645849071221472, 0.1918321342600846, 0.08028238650273146, 0.026121609841380632, 0.0)",15
589,2,6,11,"(0.0, 0.0, 0.09864539577037362, 0.01650583712158267, 0.0, 0.030645849071221472, 0.16773790467281977, 0.06300177664865877, 0.026121609841380632, 0.0)",3
590,2,7,1,"(0.0, 0.0, 0.10922905711608999, 0.0, 0.0, 0.0626639314186051, 0.0, 0.0, 0.0, 0.09965925051150999)",3
591,2,7,1,"(0.0, 0.0, 0.10922905711608999, 0.0, 0.0, 0.07577624578880941, 0.0, 0.0, 0.0, 0.12150088173299482)",1
592,2,7,1,"(0.0, 0.0, 0.10709285482501185, 0.0, 0.0, 0.07577624578880941, 0.0, 0.0, 0.0, 0.09965925051150999)",1
593,2,7,1,"(0.0, 0.0, 0.10922905711608999, 0.0, 0.0, 0.07577624578880941, 0.0, 0.0, 0.0, 0.09965925051150999)",185
594,2,7,8,"(0.19235562551390653, 0.046525949225991035, 0.0, 0.0, 0.07022106556493442, 0.0, 0.08319516954615302, 0.1116381245929446, 0.0, 0.0)",78
595,2,7,8,"(0.19235562551390653, 0.05018432132147803, 0.0, 0.0, 0.07022106556493442, 0.0, 0.08319516954615302, 0.1116381245929446, 0.0, 0.0)",1
596,2,7,13,"(0.0, 0.011155869857998204, 0.023035932332134326, 0.0, 0.01810411441758469, 0.022173256981297827, 0.0, 0.0, 0.01089208668844536, 0.0034404166877584665)",1
597,2,7,13,"(0.0, 0.02461978404713738, 0.023035932332134326, 0.0, 0.017620369392665668, 0.022173256981297827, 0.0, 0.0, 0.01089208668844536, 0.00476393156717078)",1
598,2,7,13,"(0.0, 0.02461978404713738, 0.023035932332134326, 0.0, 0.01810411441758469, 0.022173256981297827, 0.0, 0.0, 0.014754821059492931, 0.00476393156717078)",1
599,2,7,13,"(0.0, 0.02461978404713738, 0.01271966182863614, 0.0, 0.03306792311840996, 0.019391761275435116, 0.0, 0.0, 0.01089208668844536, 0.00476393156717078)",1
600,2,7,13,"(0.0, 0.02461978404713738, 0.023035932332134326, 0.0, 0.01810411441758469, 0.022173256981297827, 0.0, 0.0, 0.008499788602716734, 0.00476393156717078)",1
601,2,7,13,"(0.0, 0.02461978404713738, 0.023035932332134326, 0.0, 0.01810411441758469, 0.022173256981297827, 0.0, 0.0, 0.01089208668844536, 0.00476393156717078)",235
602,2,8,6,"(0.03426039533065134, 0.011572197494497125, 0.0, 0.030181603934096246, 0.005422768956954101, 0.0, 0.019795240631728064, 0.0, 0.028146417112716555, 0.05874522297052942)",151
603,2,8,6,"(0.03426039533065134, 0.011572197494497125, 0.0, 0.030181603934096246, 0.005422768956954101, 0.0, 0.019795240631728064, 0.0, 0.042852089566703624, 0.05874522297052942)",1
604,2,8,6,"(0.0452713644600423, 0.02467761827621469, 0.0, 0.030181603934096246, 0.005422768956954101, 0.0, 0.03683289341501747, 0.0, 0.028146417112716555, 0.05874522297052942)",8
605,2,8,6,"(0.03426039533065134, 0.011572197494497125, 0.0, 0.030181603934096246, 0.005422768956954101, 0.0, 0.009742549336352553, 0.0, 0.028146417112716555, 0.05874522297052942)",1
606,2,8,6,"(0.03426039533065134, 0.011572197494497125, 0.0, 0.030181603934096246, 0.005422768956954101, 0.0, 0.04291987542828147, 0.0, 0.028146417112716555, 0.05874522297052942)",1
607,2,8,10,"(0.07734904686468291, 0.06927916245295945, 0.09682940930282144, 0.0017773360538905325, 0.0, 0.06291875767155253, 0.0, 0.10994488928074131, 0.0, 0.0)",20
608,2,8,10,"(0.07734904686468291, 0.06927916245295945, 0.11491964976374791, 0.0017773360538905325, 0.0, 0.06291875767155253, 0.0, 0.10994488928074131, 0.0, 0.0)",10
609,2,8,11,"(0.0, 0.0, 0.09864539577037362, 0.01650583712158267, 0.0, 0.030645849071221472, 0.16773790467281977, 0.08028238650273146, 0.026121609841380632, 0.0)",339
610,2,8,11,"(0.0, 0.0, 0.09864539577037362, 0.01650583712158267, 0.0, 0.030645849071221472, 0.16773790467281977, 0.08597472682350672, 0.026121609841380632, 0.0)",1
611,2,8,11,"(0.0, 0.0, 0.08774229008190791, 0.01650583712158267, 0.0, 0.030645849071221472, 0.16773790467281977, 0.08028238650273146, 0.026121609841380632, 0.0)",2
612,2,8,11,"(0.0, 0.0, 0.09864539577037362, 0.01650583712158267, 0.0, 0.030645849071221472, 0.16773790467281977, 0.04145142782084371, 0.026121609841380632, 0.0)",2
613,2,8,11,"(0.0, 0.0, 0.09864539577037362, 0.01650583712158267, 0.0, 0.030645849071221472, 0.16773790467281977, 0.10552789450686603, 0.026121609841380632, 0.0)",3
614,2,8,11,"(0.0, 0.0, 0.09864539577037362, 0.01650583712158267, 0.0, 0.030645849071221472, 0.16773790467281977, 0.06491022350535791, 0.026121609841380632, 0.0)",2
615,2,8,11,"(0.0, 0.0, 0.05767575592624981, 0.01650583712158267, 0.0, 0.030645849071221472, 0.16773790467281977, 0.08028238650273146, 0.026121609841380632, 0.0)",2
616,2,8,11,"(0.0, 0.0, 0.06747212595228679, 0.01650583712158267, 0.0, 0.030645849071221472, 0.16773790467281977, 0.06491022350535791, 0.026121609841380632, 0.0)",1
617,2,8,11,"(0.0, 0.0, 0.09864539577037362, 0.01650583712158267, 0.0, 0.031211978481304123, 0.13855135743719746, 0.08028238650273146, 0.026121609841380632, 0.0)",12
618,2,8,11,"(0.0, 0.0, 0.09864539577037362, 0.01650583712158267, 0.0, 0.05199835334030225, 0.16773790467281977, 0.08028238650273146, 0.026121609841380632, 0.0)",3
619,2,9,8,"(0.19235562551390653, 0.046525949225991035, 0.0, 0.0, 0.07022106556493442, 0.0, 0.08319516954615302, 0.1116381245929446, 0.0, 0.0)",25
620,2,9,11,"(0.0, 0.0, 0.09864539577037362, 0.01650583712158267, 0.0, 0.030645849071221472, 0.2019474030392473, 0.08028238650273146, 0.027487929068651985, 0.0)",1
621,2,9,11,"(0.0, 0.0, 0.09864539577037362, 0.01650583712158267, 0.0, 0.030645849071221472, 0.16773790467281977, 0.08028238650273146, 0.050228531100358395, 0.0)",31
622,2,9,11,"(0.0, 0.0, 0.09024861545078704, 0.01650583712158267, 0.0, 0.030645849071221472, 0.16773790467281977, 0.08028238650273146, 0.050228531100358395, 0.0)",1
623,2,9,11,"(0.0, 0.0, 0.09864539577037362, 0.01650583712158267, 0.0, 0.030645849071221472, 0.16773790467281977, 0.08028238650273146, 0.02101184372380998, 0.0)",17
624,2,9,11,"(0.0, 0.0, 0.09864539577037362, 0.03227189995707624, 0.0, 0.030645849071221472, 0.16773790467281977, 0.08028238650273146, 0.026121609841380632, 0.0)",1
625,2,9,11,"(0.0, 0.0, 0.09864539577037362, 0.01650583712158267, 0.0, 0.023132304150099297, 0.16773790467281977, 0.08028238650273146, 0.050228531100358395, 0.0)",1
626,2,9,11,"(0.0, 0.0, 0.09864539577037362, 0.01650583712158267, 0.0, 0.030645849071221472, 0.16773790467281977, 0.08028238650273146, 0.026121609841380632, 0.0)",466
627,2,9,11,"(0.0, 0.0, 0.09864539577037362, 0.01650583712158267, 0.0, 0.026486477731311697, 0.16773790467281977, 0.08028238650273146, 0.026121609841380632, 0.0)",2
628,2,9,11,"(0.0, 0.0, 0.09864539577037362, 0.01650583712158267, 0.0, 0.030645849071221472, 0.16773790467281977, 0.08028238650273146, 0.018340007012685636, 0.0)",2
629,2,10,10,"(0.07734904686468291, 0.06927916245295945, 0.09682940930282144, 0.0017773360538905325, 0.0, 0.06291875767155253, 0.0, 0.10994488928074131, 0.0, 0.0)",40
630,2,10,13,"(0.0, 0.02461978404713738, 0.023035932332134326, 0.0, 0.01810411441758469, 0.022173256981297827, 0.0, 0.0, 0.01089208668844536, 0.0050680911837139965)",20
631,2,10,13,"(0.0, 0.031582930206670246, 0.023035932332134326, 0.0, 0.01810411441758469, 0.022173256981297827, 0.0, 0.0, 0.01089208668844536, 0.004460801643203115)",1
632,2,10,13,"(0.0, 0.025728738087402423, 0.023035932332134326, 0.0, 0.01810411441758469, 0.022173256981297827, 0.0, 0.0, 0.01089208668844536, 0.00476393156717078)",19
633,2,10,13,"(0.0, 0.02461978404713738, 0.02007064381965546, 0.0, 0.009949221039321485, 0.022173256981297827, 0.0, 0.0, 0.01089208668844536, 0.00476393156717078)",1
634,2,10,13,"(0.0, 0.01843746922036084, 0.023035932332134326, 0.0, 0.007560881492523747, 0.009862716474527442, 0.0, 0.0, 0.01089208668844536, 0.00476393156717078)",1
635,2,10,13,"(0.0, 0.024805004419815795, 0.023035932332134326, 0.0, 0.01810411441758469, 0.022173256981297827, 0.0, 0.0, 0.01089208668844536, 0.00476393156717078)",2
636,2,10,13,"(0.0, 0.025728738087402423, 0.023035932332134326, 0.0, 0.011674430021070787, 0.022173256981297827, 0.0, 0.0, 0.01089208668844536, 0.00509498988734464)",3
637,2,10,13,"(0.0, 0.02461978404713738, 0.023035932332134326, 0.0, 0.01810411441758469, 0.022173256981297827, 0.0, 0.0, 0.01089208668844536, 0.00476393156717078)",292
638,2,10,13,"(0.0, 0.03484124880390322, 0.023035932332134326, 0.0, 0.01810411441758469, 0.022173256981297827, 0.0, 0.0, 0.01089208668844536, 0.00476393156717078)",1
639,2,10,13,"(0.0, 0.02461978404713738, 0.023035932332134326, 0.0, 0.02338445575657886, 0.022173256981297827, 0.0, 0.0, 0.01089208668844536, 0.00476393156717078)",2
640,2,11,8,"(0.19235562551390653, 0.046525949225991035, 0.0, 0.0, 0.07022106556493442, 0.0, 0.08319516954615302, 0.1116381245929446, 0.0, 0.0)",35
641,2,11,13,"(0.0, 0.023996314401811162, 0.023035932332134326, 0.0, 0.016973567656639824, 0.022173256981297827, 0.0, 0.0, 0.01089208668844536, 0.004436641746586963)",1
642,2,11,13,"(0.0, 0.02461978404713738, 0.023035932332134326, 0.0, 0.01810411441758469, 0.03591902035745059, 0.0, 0.0, 0.01089208668844536, 0.00476393156717078)",5
643,2,11,13,"(0.0, 0.02461978404713738, 0.023035932332134326, 0.0, 0.01810411441758469, 0.022173256981297827, 0.0, 0.0, 0.012505077394590896, 0.00476393156717078)",1
644,2,11,13,"(0.0, 0.02461978404713738, 0.023035932332134326, 0.0, 0.01810411441758469, 0.022173256981297827, 0.0, 0.0, 0.01089208668844536, 0.00539166270785733)",1
645,2,11,13,"(0.0, 0.02461978404713738, 0.023035932332134326, 0.0, 0.01810411441758469, 0.022173256981297827, 0.0, 0.0, 0.01089208668844536, 0.003630250360157078)",23
646,2,11,13,"(0.0, 0.02461978404713738, 0.023035932332134326, 0.0, 0.01810411441758469, 0.022173256981297827, 0.0, 0.0, 0.018556062032984485, 0.0037449239316219235)",1
647,2,11,13,"(0.0, 0.02461978404713738, 0.023035932332134326, 0.0, 0.01810411441758469, 0.022173256981297827, 0.0, 0.0, 0.01089208668844536, 0.004608237836971478)",1
648,2,11,13,"(0.0, 0.01954093890229361, 0.01317591915505651, 0.0, 0.01810411441758469, 0.022173256981297827, 0.0, 0.0, 0.012513586960328033, 0.0037449239316219235)",4
649,2,11,13,"(0.0, 0.02461978404713738, 0.023035932332134326, 0.0, 0.01810411441758469, 0.022173256981297827, 0.0, 0.0, 0.01089208668844536, 0.00476393156717078)",196
650,2,11,13,"(0.0, 0.02461978404713738, 0.023035932332134326, 0.0, 0.016973567656639824, 0.022173256981297827, 0.0, 0.0, 0.01089208668844536, 0.004436641746586963)",72
651,2,11,13,"(0.0, 0.02461978404713738, 0.023035932332134326, 0.0, 0.021650775797212866, 0.022173256981297827, 0.0, 0.0, 0.01484426126354341, 0.00476393156717078)",1
652,2,11,13,"(0.0, 0.02461978404713738, 0.023035932332134326, 0.0, 0.01810411441758469, 0.022173256981297827, 0.0, 0.0, 0.012513586960328033, 0.0037449239316219235)",79
653,2,12,8,"(0.23514287526230285, 0.046525949225991035, 0.0, 0.0, 0.07022106556493442, 0.0, 0.08319516954615302, 0.1116381245929446, 0.0, 0.0)",23
654,2,12,8,"(0.19235562551390653, 0.046525949225991035, 0.0, 0.0, 0.11684363477912528, 0.0, 0.08319516954615302, 0.1116381245929446, 0.0, 0.0)",2
655,2,12,8,"(0.19235562551390653, 0.046525949225991035, 0.0, 0.0, 0.07022106556493442, 0.0, 0.08319516954615302, 0.1116381245929446, 0.0, 0.0)",139
656,2,12,10,"(0.07734904686468291, 0.06927916245295945, 0.09682940930282144, 0.0017773360538905325, 0.0, 0.03497066303838251, 0.0, 0.10994488928074131, 0.0, 0.0)",4
657,2,12,10,"(0.05776913618522457, 0.07956261566595159, 0.09682940930282144, 0.0016292407547173443, 0.0, 0.06291875767155253, 0.0, 0.11864054285284716, 0.0, 0.0)",1
658,2,12,10,"(0.07734904686468291, 0.06927916245295945, 0.09682940930282144, 0.0017773360538905325, 0.0, 0.06291875767155253, 0.0, 0.07234436750659202, 0.0, 0.0)",1
659,2,12,10,"(0.07734904686468291, 0.07956261566595159, 0.09682940930282144, 0.0017773360538905325, 0.0, 0.06291875767155253, 0.0, 0.11864054285284716, 0.0, 0.0)",29
660,2,12,10,"(0.07734904686468291, 0.06927916245295945, 0.09682940930282144, 0.0017773360538905325, 0.0, 0.06291875767155253, 0.0, 0.10994488928074131, 0.0, 0.0)",206
661,2,12,10,"(0.07734904686468291, 0.06927916245295945, 0.09682940930282144, 0.0017773360538905325, 0.0, 0.02692960154167509, 0.0, 0.10994488928074131, 0.0, 0.0)",1
662,2,13,6,"(0.03426039533065134, 0.011572197494497125, 0.0, 0.030181603934096246, 0.002874052363148998, 0.0, 0.019795240631728064, 0.0, 0.028146417112716555, 0.05874522297052942)",65
663,2,13,6,"(0.01311665882456802, 0.011572197494497125, 0.0, 0.030181603934096246, 0.005422768956954101, 0.0, 0.019795240631728064, 0.0, 0.028382446161500288, 0.05874522297052942)",2
664,2,13,6,"(0.03426039533065134, 0.011572197494497125, 0.0, 0.030181603934096246, 0.005422768956954101, 0.0, 0.019795240631728064, 0.0, 0.028146417112716555, 0.05874522297052942)",168
665,2,13,6,"(0.03426039533065134, 0.011572197494497125, 0.0, 0.027537031712953693, 0.005422768956954101, 0.0, 0.019795240631728064, 0.0, 0.028146417112716555, 0.05874522297052942)",1
666,2,13,14,"(0.0, 0.017248724174617657, 0.0, 0.0, 0.0, 0.0, 0.1096916615896246, 0.08304019650365926, 0.03621416498310447, 0.0)",1
667,2,13,14,"(0.0, 0.017248724174617657, 0.0, 0.0, 0.0, 0.0, 0.1096916615896246, 0.07609886892949795, 0.03621416498310447, 0.0)",242
668,2,13,14,"(0.0, 0.014293757359684672, 0.0, 0.0, 0.0, 0.0, 0.1096916615896246, 0.07609886892949795, 0.03621416498310447, 0.0)",1
669,2,14,11,"(0.0, 0.0, 0.09864539577037362, 0.01650583712158267, 0.0, 0.030645849071221472, 0.16773790467281977, 0.08028238650273146, 0.026121609841380632, 0.0)",214
670,2,14,11,"(0.0, 0.0, 0.10465383918645284, 0.01650583712158267, 0.0, 0.030645849071221472, 0.16773790467281977, 0.08028238650273146, 0.026121609841380632, 0.0)",2
671,2,14,11,"(0.0, 0.0, 0.09864539577037362, 0.01650583712158267, 0.0, 0.030645849071221472, 0.16773790467281977, 0.101842933048497, 0.014553207761714525, 0.0)",1
672,2,14,11,"(0.0, 0.0, 0.12802681823231785, 0.01571062000231154, 0.0, 0.030645849071221472, 0.16773790467281977, 0.08028238650273146, 0.026121609841380632, 0.0)",1
673,2,14,11,"(0.0, 0.0, 0.09864539577037362, 0.01650583712158267, 0.0, 0.030645849071221472, 0.16773790467281977, 0.06276767880443491, 0.026121609841380632, 0.0)",1
674,2,14,13,"(0.0, 0.02461978404713738, 0.023035932332134326, 0.0, 0.01810411441758469, 0.029535684930759722, 0.0, 0.0, 0.01089208668844536, 0.007848212786581083)",2
675,2,14,13,"(0.0, 0.02461978404713738, 0.020314345076984677, 0.0, 0.01810411441758469, 0.022173256981297827, 0.0, 0.0, 0.01089208668844536, 0.00476393156717078)",1
676,2,14,13,"(0.0, 0.02461978404713738, 0.023610585396042046, 0.0, 0.01810411441758469, 0.022173256981297827, 0.0, 0.0, 0.01089208668844536, 0.00476393156717078)",1
677,2,14,13,"(0.0, 0.02461978404713738, 0.023035932332134326, 0.0, 0.01810411441758469, 0.022173256981297827, 0.0, 0.0, 0.01089208668844536, 0.00476393156717078)",364
678,2,14,13,"(0.0, 0.02461978404713738, 0.023035932332134326, 0.0, 0.01810411441758469, 0.02110998439869187, 0.0, 0.0, 0.01089208668844536, 0.0041999805306371105)",5
679,2,14,13,"(0.0, 0.02461978404713738, 0.023035932332134326, 0.0, 0.01810411441758469, 0.029535684930759722, 0.0, 0.0, 0.01089208668844536, 0.0134569847079335)",1
680,2,14,13,"(0.0, 0.02461978404713738, 0.023035932332134326, 0.0, 0.01810411441758469, 0.04650498953710813, 0.0, 0.0, 0.01089208668844536, 0.00476393156717078)",1
681,2,14,13,"(0.0, 0.02461978404713738, 0.023035932332134326, 0.0, 0.01810411441758469, 0.022173256981297827, 0.0, 0.0, 0.01089208668844536, 0.006649935446452358)",8
682,2,15,6,"(0.03426039533065134, 0.011572197494497125, 0.0, 0.030181603934096246, 0.005422768956954101, 0.0, 0.019795240631728064, 0.0, 0.028146417112716555, 0.05874522297052942)",185
683,2,15,6,"(0.03426039533065134, 0.011572197494497125, 0.0, 0.030181603934096246, 0.004325323408017815, 0.0, 0.019795240631728064, 0.0, 0.028146417112716555, 0.05874522297052942)",3
684,2,15,6,"(0.03426039533065134, 0.011572197494497125, 0.0, 0.030181603934096246, 0.005035509586668844, 0.0, 0.019795240631728064, 0.0, 0.06207819645835829, 0.05874522297052942)",2
685,2,15,6,"(0.03426039533065134, 0.011572197494497125, 0.0, 0.059475527299673904, 0.005422768956954101, 0.0, 0.019795240631728064, 0.0, 0.028146417112716555, 0.05874522297052942)",1
686,2,15,11,"(0.0, 0.0, 0.11839367174953695, 0.01650583712158267, 0.0, 0.030645849071221472, 0.27388113021383076, 0.0404147798164449, 0.026121609841380632, 0.0)",8
687,2,15,11,"(0.0, 0.0, 0.11839367174953695, 0.01650583712158267, 0.0, 0.030645849071221472, 0.16773790467281977, 0.0404147798164449, 0.06264006314738178, 0.0)",1
688,2,15,11,"(0.0, 0.0, 0.09864539577037362, 0.01650583712158267, 0.0, 0.030645849071221472, 0.16773790467281977, 0.060781936747660685, 0.026121609841380632, 0.0)",1
689,2,15,11,"(0.0, 0.0, 0.11839367174953695, 0.01650583712158267, 0.0, 0.030645849071221472, 0.16773790467281977, 0.0404147798164449, 0.026121609841380632, 0.0)",131
690,2,15,11,"(0.0, 0.0, 0.09864539577037362, 0.01650583712158267, 0.0, 0.030645849071221472, 0.16773790467281977, 0.08028238650273146, 0.026121609841380632, 0.0)",183
691,2,15,11,"(0.0, 0.0, 0.09864539577037362, 0.01401825173951944, 0.0, 0.030645849071221472, 0.16773790467281977, 0.08028238650273146, 0.03257322242707568, 0.0)",1
692,2,15,14,"(0.0, 0.017248724174617657, 0.0, 0.0, 0.0, 0.0, 0.1096916615896246, 0.07609886892949795, 0.03621416498310447, 0.0)",68
693,2,15,14,"(0.0, 0.017248724174617657, 0.0, 0.0, 0.0, 0.0, 0.1096916615896246, 0.12496031769919974, 0.03621416498310447, 0.0)",8
694,2,16,1,"(0.0, 0.0, 0.10922905711608999, 0.0, 0.0, 0.10430336104135504, 0.0, 0.0, 0.0, 0.0981710849060412)",1
695,2,16,1,"(0.0, 0.0, 0.13643770638295913, 0.0, 0.0, 0.06310162497051108, 0.0, 0.0, 0.0, 0.09471598406855074)",2
696,2,16,1,"(0.0, 0.0, 0.17393176453200343, 0.0, 0.0, 0.07577624578880941, 0.0, 0.0, 0.0, 0.1610705401051739)",1
697,2,16,1,"(0.0, 0.0, 0.09883226386028758, 0.0, 0.0, 0.07577624578880941, 0.0, 0.0, 0.0, 0.09965925051150999)",2
698,2,16,1,"(0.0, 0.0, 0.041406372128065916, 0.0, 0.0, 0.0199117526153351, 0.0, 0.0, 0.0, 0.09965925051150999)",11
699,2,16,1,"(0.0, 0.0, 0.16889136592143605, 0.0, 0.0, 0.05883466097462414, 0.0, 0.0, 0.0, 0.09965925051150999)",7
700,2,16,1,"(0.0, 0.0, 0.11117306768641858, 0.0, 0.0, 0.07577624578880941, 0.0, 0.0, 0.0, 0.09965925051150999)",2
701,2,16,1,"(0.0, 0.0, 0.10170731708728463, 0.0, 0.0, 0.04312130671885245, 0.0, 0.0, 0.0, 0.09965925051150999)",1
702,2,16,1,"(0.0, 0.0, 0.10170731708728463, 0.0, 0.0, 0.04312130671885245, 0.0, 0.0, 0.0, 0.09633350912698606)",1
703,2,16,1,"(0.0, 0.0, 0.06878086266000352, 0.0, 0.0, 0.0754761731485138, 0.0, 0.0, 0.0, 0.09965925051150999)",1
704,2,16,1,"(0.0, 0.0, 0.10922905711608999, 0.0, 0.0, 0.049664564103504796, 0.0, 0.0, 0.0, 0.09965925051150999)",1
705,2,16,1,"(0.0, 0.0, 0.041406372128065916, 0.0, 0.0, 0.04312130671885245, 0.0, 0.0, 0.0, 0.09965925051150999)",86
706,2,16,1,"(0.0, 0.0, 0.10922905711608999, 0.0, 0.0, 0.07577624578880941, 0.0, 0.0, 0.0, 0.09965925051150999)",526
707,2,16,8,"(0.19235562551390653, 0.046525949225991035, 0.0, 0.0, 0.07022106556493442, 0.0, 0.08319516954615302, 0.1116381245929446, 0.0, 0.0)",181
708,2,16,8,"(0.22257135676715645, 0.046525949225991035, 0.0, 0.0, 0.07022106556493442, 0.0, 0.08319516954615302, 0.1116381245929446, 0.0, 0.0)",1
709,2,17,1,"(0.0, 0.0, 0.10922905711608999, 0.0, 0.0, 0.07577624578880941, 0.0, 0.0, 0.0, 0.1292584958381677)",1
710,2,17,1,"(0.0, 0.0, 0.15778308511707514, 0.0, 0.0, 0.03934716934873306, 0.0, 0.0, 0.0, 0.09965925051150999)",2
711,2,17,1,"(0.0, 0.0, 0.10127794389694403, 0.0, 0.0, 0.07577624578880941, 0.0, 0.0, 0.0, 0.09965925051150999)",40
712,2,17,1,"(0.0, 0.0, 0.132728032257171, 0.0, 0.0, 0.07577624578880941, 0.0, 0.0, 0.0, 0.06096825029723521)",8
713,2,17,1,"(0.0, 0.0, 0.10506416377443338, 0.0, 0.0, 0.07577624578880941, 0.0, 0.0, 0.0, 0.09965925051150999)",8
714,2,17,1,"(0.0, 0.0, 0.1523772163041662, 0.0, 0.0, 0.07577624578880941, 0.0, 0.0, 0.0, 0.09965925051150999)",2
715,2,17,1,"(0.0, 0.0, 0.10922905711608999, 0.0, 0.0, 0.05277905877493897, 0.0, 0.0, 0.0, 0.09965925051150999)",1
716,2,17,1,"(0.0, 0.0, 0.10922905711608999, 0.0, 0.0, 0.07577624578880941, 0.0, 0.0, 0.0, 0.09965925051150999)",474
717,2,17,1,"(0.0, 0.0, 0.10922905711608999, 0.0, 0.0, 0.07577624578880941, 0.0, 0.0, 0.0, 0.06096825029723521)",18
718,2,17,1,"(0.0, 0.0, 0.16171591104608957, 0.0, 0.0, 0.07577624578880941, 0.0, 0.0, 0.0, 0.09965925051150999)",1
719,2,17,1,"(0.0, 0.0, 0.13651999814857077, 0.0, 0.0, 0.050322418478556286, 0.0, 0.0, 0.0, 0.14015868375056834)",2
720,2,17,1,"(0.0, 0.0, 0.10017176502524118, 0.0, 0.0, 0.07577624578880941, 0.0, 0.0, 0.0, 0.055736634960028064)",12
721,2,17,1,"(0.0, 0.0, 0.10922905711608999, 0.0, 0.0, 0.0812686056657157, 0.0, 0.0, 0.0, 0.09965925051150999)",4
722,2,17,1,"(0.0, 0.0, 0.10127794389694403, 0.0, 0.0, 0.046699084931413296, 0.0, 0.0, 0.0, 0.09965925051150999)",2
723,2,17,1,"(0.0, 0.0, 0.10669832451742096, 0.0, 0.0, 0.07577624578880941, 0.0, 0.0, 0.0, 0.09965925051150999)",2
724,2,17,8,"(0.19235562551390653, 0.046525949225991035, 0.0, 0.0, 0.07022106556493442, 0.0, 0.08319516954615302, 0.1116381245929446, 0.0, 0.0)",259
725,2,17,8,"(0.19235562551390653, 0.016663150380231643, 0.0, 0.0, 0.07022106556493442, 0.0, 0.08319516954615302, 0.1116381245929446, 0.0, 0.0)",13
726,2,18,1,"(0.0, 0.0, 0.10922905711608999, 0.0, 0.0, 0.07577624578880941, 0.0, 0.0, 0.0, 0.09965925051150999)",81
727,2,18,1,"(0.0, 0.0, 0.11853253921244898, 0.0, 0.0, 0.11193311889158955, 0.0, 0.0, 0.0, 0.09965925051150999)",1
728,2,18,1,"(0.0, 0.0, 0.10922905711608999, 0.0, 0.0, 0.05237458820164713, 0.0, 0.0, 0.0, 0.09965925051150999)",1
729,2,18,1,"(0.0, 0.0, 0.10922905711608999, 0.0, 0.0, 0.07577624578880941, 0.0, 0.0, 0.0, 0.1664225298574013)",1
730,2,18,10,"(0.07734904686468291, 0.06927916245295945, 0.09682940930282144, 0.0017773360538905325, 0.0, 0.06291875767155253, 0.0, 0.10994488928074131, 0.0, 0.0)",156
731,2,18,11,"(0.0, 0.0, 0.0951856547754528, 0.01650583712158267, 0.0, 0.03904126311093076, 0.16773790467281977, 0.08028238650273146, 0.026121609841380632, 0.0)",3
732,2,18,11,"(0.0, 0.0, 0.09864539577037362, 0.019166986749545267, 0.0, 0.030645849071221472, 0.16773790467281977, 0.08028238650273146, 0.026121609841380632, 0.0)",3
733,2,18,11,"(0.0, 0.0, 0.09864539577037362, 0.01650583712158267, 0.0, 0.03738734384010814, 0.16773790467281977, 0.08028238650273146, 0.026121609841380632, 0.0)",1
734,2,18,11,"(0.0, 0.0, 0.09864539577037362, 0.01650583712158267, 0.0, 0.045835762408719304, 0.11645558366662558, 0.08028238650273146, 0.022484774245982785, 0.0)",3
735,2,18,11,"(0.0, 0.0, 0.09864539577037362, 0.01650583712158267, 0.0, 0.030645849071221472, 0.16773790467281977, 0.08028238650273146, 0.017338830260590913, 0.0)",5
736,2,18,11,"(0.0, 0.0, 0.09864539577037362, 0.01650583712158267, 0.0, 0.030645849071221472, 0.16773790467281977, 0.08028238650273146, 0.025403524141988463, 0.0)",1
737,2,18,11,"(0.0, 0.0, 0.09864539577037362, 0.01650583712158267, 0.0, 0.030645849071221472, 0.16773790467281977, 0.08028238650273146, 0.026121609841380632, 0.0)",465
738,2,19,0,"(0.07400250769571483, 0.0, 0.0, 0.0, 0.0, 0.017098731129875016, 0.08380840797570269, 0.0691048466035698, 0.0, 0.0)",186
739,2,19,13,"(0.0, 0.02461978404713738, 0.023035932332134326, 0.0, 0.015380236694099152, 0.022173256981297827, 0.0, 0.0, 0.01089208668844536, 0.00476393156717078)",19
740,2,19,13,"(0.0, 0.02461978404713738, 0.023035932332134326, 0.0, 0.01810411441758469, 0.022173256981297827, 0.0, 0.0, 0.01089208668844536, 0.003678980468814099)",3
741,2,19,13,"(0.0, 0.02461978404713738, 0.023035932332134326, 0.0, 0.01810411441758469, 0.022173256981297827, 0.0, 0.0, 0.01089208668844536, 0.00476393156717078)",127
742,2,19,13,"(0.0, 0.02461978404713738, 0.023035932332134326, 0.0, 0.015016271176836082, 0.022173256981297827, 0.0, 0.0, 0.01089208668844536, 0.00476393156717078)",12
743,2,19,13,"(0.0, 0.02461978404713738, 0.023035932332134326, 0.0, 0.015380236694099152, 0.022173256981297827, 0.0, 0.0, 0.01089208668844536, 0.007370969098025066)",3
744,2,20,10,"(0.07734904686468291, 0.06927916245295945, 0.09682940930282144, 0.0017773360538905325, 0.0, 0.06291875767155253, 0.0, 0.10994488928074131, 0.0, 0.0)",144
745,2,20,10,"(0.07734904686468291, 0.09398572096482029, 0.09682940930282144, 0.0017773360538905325, 0.0, 0.06291875767155253, 0.0, 0.10994488928074131, 0.0, 0.0)",12
746,2,20,10,"(0.07734904686468291, 0.06927916245295945, 0.09682940930282144, 0.0017773360538905325, 0.0, 0.08236472842812313, 0.0, 0.10994488928074131, 0.0, 0.0)",4
747,2,20,10,"(0.07734904686468291, 0.09737732855153267, 0.09682940930282144, 0.0017773360538905325, 0.0, 0.06291875767155253, 0.0, 0.10994488928074131, 0.0, 0.0)",25
748,2,20,11,"(0.0, 0.0, 0.09864539577037362, 0.01650583712158267, 0.0, 0.030645849071221472, 0.16773790467281977, 0.04541553900208064, 0.026121609841380632, 0.0)",3
749,2,20,11,"(0.0, 0.0, 0.09864539577037362, 0.009760161673024102, 0.0, 0.030645849071221472, 0.16773790467281977, 0.08028238650273146, 0.026121609841380632, 0.0)",1
750,2,20,11,"(0.0, 0.0, 0.09864539577037362, 0.01650583712158267, 0.0, 0.011009171525630737, 0.16773790467281977, 0.08028238650273146, 0.026121609841380632, 0.0)",11
751,2,20,11,"(0.0, 0.0, 0.2510401621302769, 0.01650583712158267, 0.0, 0.07965390870331607, 0.22119964404282833, 0.08028238650273146, 0.026121609841380632, 0.0)",3
752,2,20,11,"(0.0, 0.0, 0.09864539577037362, 0.01650583712158267, 0.0, 0.029816207105132116, 0.16773790467281977, 0.08028238650273146, 0.026121609841380632, 0.0)",1
753,2,20,11,"(0.0, 0.0, 0.09864539577037362, 0.01650583712158267, 0.0, 0.019727585783019683, 0.16773790467281977, 0.08028238650273146, 0.012863196225198865, 0.0)",1
754,2,20,11,"(0.0, 0.0, 0.09864539577037362, 0.01650583712158267, 0.0, 0.030645849071221472, 0.16773790467281977, 0.08028238650273146, 0.019162648242865246, 0.0)",26
755,2,20,11,"(0.0, 0.0, 0.09864539577037362, 0.020533415302201964, 0.0, 0.030645849071221472, 0.16773790467281977, 0.08028238650273146, 0.026121609841380632, 0.0)",2
756,2,20,11,"(0.0, 0.0, 0.09864539577037362, 0.01650583712158267, 0.0, 0.030645849071221472, 0.16773790467281977, 0.08028238650273146, 0.026121609841380632, 0.0)",458
757,2,20,11,"(0.0, 0.0, 0.08723035488905097, 0.01650583712158267, 0.0, 0.026463072864997557, 0.16773790467281977, 0.08028238650273146, 0.022360395817360743, 0.0)",1
758,2,20,11,"(0.0, 0.0, 0.09864539577037362, 0.01650583712158267, 0.0, 0.030645849071221472, 0.09572491856946197, 0.08028238650273146, 0.036485718580663774, 0.0)",68
759,2,20,11,"(0.0, 0.0, 0.09864539577037362, 0.014373425546632793, 0.0, 0.030645849071221472, 0.23677567644173608, 0.08028238650273146, 0.018554042385239514, 0.0)",2
760,2,20,11,"(0.0, 0.0, 0.09864539577037362, 0.01650583712158267, 0.0, 0.030645849071221472, 0.15933819575413788, 0.10390424894104408, 0.01803970758581811, 0.0)",1
761,3,0,6,"(0.03426039533065134, 0.011572197494497125, 0.0, 0.030181603934096246, 0.005422768956954101, 0.0, 0.019795240631728064, 0.0, 0.028146417112716555, 0.03238958672895282)",16
762,3,0,6,"(0.03426039533065134, 0.011572197494497125, 0.0, 0.030181603934096246, 0.004668541178666998, 0.0, 0.019795240631728064, 0.0, 0.028146417112716555, 0.05874522297052942)",1
763,3,0,6,"(0.03426039533065134, 0.011572197494497125, 0.0, 0.030181603934096246, 0.0030380738605516244, 0.0, 0.019795240631728064, 0.0, 0.028146417112716555, 0.05874522297052942)",1
764,3,0,6,"(0.03426039533065134, 0.011572197494497125, 0.0, 0.030181603934096246, 0.004075445855826059, 0.0, 0.019795240631728064, 0.0, 0.028146417112716555, 0.05874522297052942)",1
765,3,0,6,"(0.03426039533065134, 0.011572197494497125, 0.0, 0.030181603934096246, 0.005422768956954101, 0.0, 0.019795240631728064, 0.0, 0.028146417112716555, 0.05874522297052942)",155
766,3,0,6,"(0.03426039533065134, 0.011572197494497125, 0.0, 0.03505361396684334, 0.005422768956954101, 0.0, 0.019795240631728064, 0.0, 0.028146417112716555, 0.05874522297052942)",6
767,3,0,11,"(0.0, 0.0, 0.09864539577037362, 0.01650583712158267, 0.0, 0.01534083918716701, 0.16773790467281977, 0.10290933236926712, 0.026121609841380632, 0.0)",2
768,3,0,11,"(0.0, 0.0, 0.09864539577037362, 0.01650583712158267, 0.0, 0.030645849071221472, 0.16773790467281977, 0.08028238650273146, 0.02537504486894643, 0.0)",2
769,3,0,11,"(0.0, 0.0, 0.09864539577037362, 0.01650583712158267, 0.0, 0.030645849071221472, 0.21946021150433156, 0.08028238650273146, 0.026121609841380632, 0.0)",2
770,3,0,11,"(0.0, 0.0, 0.09864539577037362, 0.01650583712158267, 0.0, 0.030645849071221472, 0.16773790467281977, 0.08028238650273146, 0.026121609841380632, 0.0)",347
771,3,0,11,"(0.0, 0.0, 0.09864539577037362, 0.01650583712158267, 0.0, 0.030645849071221472, 0.19958990124823703, 0.08028238650273146, 0.026121609841380632, 0.0)",6
772,3,1,6,"(0.03426039533065134, 0.011572197494497125, 0.0, 0.030181603934096246, 0.005422768956954101, 0.0, 0.019795240631728064, 0.0, 0.028146417112716555, 0.034240473034266236)",1
773,3,1,6,"(0.018517111832499256, 0.011572197494497125, 0.0, 0.030181603934096246, 0.005422768956954101, 0.0, 0.019795240631728064, 0.0, 0.028146417112716555, 0.05874522297052942)",16
774,3,1,6,"(0.03426039533065134, 0.011572197494497125, 0.0, 0.030181603934096246, 0.011548009958101561, 0.0, 0.019795240631728064, 0.0, 0.028146417112716555, 0.05874522297052942)",2
775,3,1,6,"(0.03426039533065134, 0.011572197494497125, 0.0, 0.030181603934096246, 0.005422768956954101, 0.0, 0.019795240631728064, 0.0, 0.028146417112716555, 0.05874522297052942)",217
776,3,1,6,"(0.03426039533065134, 0.011572197494497125, 0.0, 0.030181603934096246, 0.004376571332585454, 0.0, 0.015915843704863764, 0.0, 0.025349807293327312, 0.05874522297052942)",3
777,3,1,6,"(0.03426039533065134, 0.011572197494497125, 0.0, 0.030181603934096246, 0.005422768956954101, 0.0, 0.019795240631728064, 0.0, 0.02998409463419298, 0.05874522297052942)",36
778,3,1,6,"(0.03426039533065134, 0.011572197494497125, 0.0, 0.030181603934096246, 0.005422768956954101, 0.0, 0.019795240631728064, 0.0, 0.028146417112716555, 0.05796831307961215)",1
779,3,1,6,"(0.03426039533065134, 0.017751878579143093, 0.0, 0.030181603934096246, 0.005422768956954101, 0.0, 0.019795240631728064, 0.0, 0.028146417112716555, 0.05874522297052942)",4
780,3,1,8,"(0.19235562551390653, 0.046525949225991035, 0.0, 0.0, 0.07022106556493442, 0.0, 0.07532162935495235, 0.1116381245929446, 0.0, 0.0)",1
781,3,1,8,"(0.19235562551390653, 0.046525949225991035, 0.0, 0.0, 0.07022106556493442, 0.0, 0.08319516954615302, 0.1116381245929446, 0.0, 0.0)",108
782,3,1,8,"(0.19235562551390653, 0.046525949225991035, 0.0, 0.0, 0.07022106556493442, 0.0, 0.08319516954615302, 0.18064087848062083, 0.0, 0.0)",1
783,3,1,8,"(0.19235562551390653, 0.09215496934147283, 0.0, 0.0, 0.07022106556493442, 0.0, 0.08319516954615302, 0.1116381245929446, 0.0, 0.0)",1
784,3,1,8,"(0.19235562551390653, 0.029547175099704216, 0.0, 0.0, 0.07022106556493442, 0.0, 0.08319516954615302, 0.1116381245929446, 0.0, 0.0)",3
785,3,2,13,"(0.0, 0.02461978404713738, 0.028150721226631738, 0.0, 0.01810411441758469, 0.022173256981297827, 0.0, 0.0, 0.01089208668844536, 0.00476393156717078)",7
786,3,2,13,"(0.0, 0.02461978404713738, 0.023035932332134326, 0.0, 0.01810411441758469, 0.022173256981297827, 0.0, 0.0, 0.01089208668844536, 0.004613491609952818)",1
787,3,2,13,"(0.0, 0.02461978404713738, 0.01284796747020816, 0.0, 0.01810411441758469, 0.022173256981297827, 0.0, 0.0, 0.01089208668844536, 0.00476393156717078)",1
788,3,2,13,"(0.0, 0.02461978404713738, 0.023035932332134326, 0.0, 0.01810411441758469, 0.022173256981297827, 0.0, 0.0, 0.00826869089736272, 0.00476393156717078)",2
789,3,2,13,"(0.0, 0.02461978404713738, 0.012488192435894057, 0.0, 0.01810411441758469, 0.025902942973352733, 0.0, 0.0, 0.01089208668844536, 0.00476393156717078)",113
790,3,2,13,"(0.0, 0.02991032332202029, 0.02210128141795796, 0.0, 0.01810411441758469, 0.022173256981297827, 0.0, 0.0, 0.01089208668844536, 0.007181109597383836)",1
791,3,2,13,"(0.0, 0.02461978404713738, 0.023035932332134326, 0.0, 0.01810411441758469, 0.022173256981297827, 0.0, 0.0, 0.01089208668844536, 0.00476393156717078)",275
792,3,2,13,"(0.0, 0.02461978404713738, 0.016330155716030626, 0.0, 0.01810411441758469, 0.022173256981297827, 0.0, 0.0, 0.01089208668844536, 0.0030337436289868936)",1
793,3,2,13,"(0.0, 0.016529202094980606, 0.023035932332134326, 0.0, 0.01810411441758469, 0.026547121326495664, 0.0, 0.0, 0.01089208668844536, 0.00476393156717078)",3
794,3,3,13,"(0.0, 0.02461978404713738, 0.04160005830013554, 0.0, 0.01810411441758469, 0.01489866710344641, 0.0, 0.0, 0.01089208668844536, 0.00476393156717078)",1
795,3,3,13,"(0.0, 0.02461978404713738, 0.03747712944998897, 0.0, 0.01810411441758469, 0.021078085862406004, 0.0, 0.0, 0.01089208668844536, 0.00476393156717078)",1
796,3,3,13,"(0.0, 0.031603944625404515, 0.023035932332134326, 0.0, 0.01810411441758469, 0.022173256981297827, 0.0, 0.0, 0.01089208668844536, 0.00476393156717078)",1
797,3,3,13,"(0.0, 0.02461978404713738, 0.023035932332134326, 0.0, 0.01810411441758469, 0.022173256981297827, 0.0, 0.0, 0.01089208668844536, 0.00476393156717078)",280
798,3,3,13,"(0.0, 0.02461978404713738, 0.023035932332134326, 0.0, 0.01810411441758469, 0.022173256981297827, 0.0, 0.0, 0.01089208668844536, 0.006810333533898451)",1
799,3,3,13,"(0.0, 0.02461978404713738, 0.023035932332134326, 0.0, 0.026901618853059604, 0.022173256981297827, 0.0, 0.0, 0.01089208668844536, 0.00476393156717078)",3
800,3,3,13,"(0.0, 0.02154611541366824, 0.023035932332134326, 0.0, 0.01810411441758469, 0.022173256981297827, 0.0, 0.0, 0.01089208668844536, 0.00476393156717078)",1
801,3,3,13,"(0.0, 0.02461978404713738, 0.023035932332134326, 0.0, 0.01810411441758469, 0.019133286093042944, 0.0, 0.0, 0.01089208668844536, 0.00476393156717078)",1
802,3,3,13,"(0.0, 0.01580800980527113, 0.03613009579096756, 0.0, 0.01810411441758469, 0.022173256981297827, 0.0, 0.0, 0.01089208668844536, 0.00476393156717078)",7
803,3,3,13,"(0.0, 0.02461978404713738, 0.02393063245314873, 0.0, 0.01810411441758469, 0.022173256981297827, 0.0, 0.0, 0.01089208668844536, 0.00476393156717078)",1
804,3,3,13,"(0.0, 0.02461978404713738, 0.020053137666414592, 0.0, 0.01810411441758469, 0.022173256981297827, 0.0, 0.0, 0.01089208668844536, 0.00476393156717078)",1
805,3,3,13,"(0.0, 0.02461978404713738, 0.023035932332134326, 0.0, 0.01810411441758469, 0.017668959648816547, 0.0, 0.0, 0.01089208668844536, 0.00476393156717078)",1
806,3,3,13,"(0.0, 0.02461978404713738, 0.023035932332134326, 0.0, 0.01810411441758469, 0.022173256981297827, 0.0, 0.0, 0.01089208668844536, 0.007812436405390002)",3
807,3,3,13,"(0.0, 0.02461978404713738, 0.023035932332134326, 0.0, 0.01810411441758469, 0.022173256981297827, 0.0, 0.0, 0.01365881718010793, 0.00476393156717078)",1
808,3,3,13,"(0.0, 0.02461978404713738, 0.023035932332134326, 0.0, 0.01810411441758469, 0.022173256981297827, 0.0, 0.0, 0.01089208668844536, 0.004961609105730681)",2
809,3,3,13,"(0.0, 0.02697426012603973, 0.023035932332134326, 0.0, 0.01810411441758469, 0.022173256981297827, 0.0, 0.0, 0.007744377527347127, 0.00476393156717078)",1
810,3,3,13,"(0.0, 0.02461978404713738, 0.023035932332134326, 0.0, 0.020827993890917308, 0.022173256981297827, 0.0, 0.0, 0.01089208668844536, 0.00476393156717078)",1
811,3,4,11,"(0.0, 0.0, 0.09864539577037362, 0.01650583712158267, 0.0, 0.022271924960702776, 0.16773790467281977, 0.08028238650273146, 0.026121609841380632, 0.0)",2
812,3,4,11,"(0.0, 0.0, 0.09864539577037362, 0.01650583712158267, 0.0, 0.030645849071221472, 0.08153022673827125, 0.07240876560513207, 0.026121609841380632, 0.0)",1
813,3,4,11,"(0.0, 0.0, 0.09864539577037362, 0.01650583712158267, 0.0, 0.030645849071221472, 0.1144771606486229, 0.08028238650273146, 0.026121609841380632, 0.0)",1
814,3,4,11,"(0.0, 0.0, 0.0739794706927719, 0.01650583712158267, 0.0, 0.030645849071221472, 0.16773790467281977, 0.08028238650273146, 0.026121609841380632, 0.0)",19
815,3,4,11,"(0.0, 0.0, 0.09864539577037362, 0.01650583712158267, 0.0, 0.030645849071221472, 0.16773790467281977, 0.08028238650273146, 0.026231875719341772, 0.0)",1
816,3,4,11,"(0.0, 0.0, 0.09864539577037362, 0.01650583712158267, 0.0, 0.031020342813904315, 0.16773790467281977, 0.08028238650273146, 0.026121609841380632, 0.0)",5
817,3,4,11,"(0.0, 0.0, 0.09864539577037362, 0.01650583712158267, 0.0, 0.036229199902374144, 0.16773790467281977, 0.08028238650273146, 0.026121609841380632, 0.0)",2
818,3,4,11,"(0.0, 0.0, 0.09864539577037362, 0.01650583712158267, 0.0, 0.030645849071221472, 0.16773790467281977, 0.08028238650273146, 0.026121609841380632, 0.0)",432
819,3,4,11,"(0.0, 0.0, 0.09864539577037362, 0.016529264424256777, 0.0, 0.030645849071221472, 0.16773790467281977, 0.08028238650273146, 0.017579589817086686, 0.0)",68
820,3,4,11,"(0.0, 0.0, 0.09864539577037362, 0.01650583712158267, 0.0, 0.030645849071221472, 0.14653834072222008, 0.08028238650273146, 0.026121609841380632, 0.0)",1
821,3,4,11,"(0.0, 0.0, 0.09864539577037362, 0.01650583712158267, 0.0, 0.021573895955897957, 0.16773790467281977, 0.08028238650273146, 0.026121609841380632, 0.0)",1
822,3,4,11,"(0.0, 0.0, 0.09864539577037362, 0.016529264424256777, 0.0, 0.024721910036588447, 0.16773790467281977, 0.08028238650273146, 0.015089325455431705, 0.0)",18
823,3,4,11,"(0.0, 0.0, 0.09864539577037362, 0.016529264424256777, 0.0, 0.030645849071221472, 0.16773790467281977, 0.0669005964986289, 0.017579589817086686, 0.0)",3
824,3,4,11,"(0.0, 0.0, 0.13245283119558884, 0.016529264424256777, 0.0, 0.030645849071221472, 0.16773790467281977, 0.08028238650273146, 0.017579589817086686, 0.0)",1
825,3,4,11,"(0.0, 0.0, 0.09864539577037362, 0.02589583438352582, 0.0, 0.030645849071221472, 0.16773790467281977, 0.08028238650273146, 0.017579589817086686, 0.0)",1
826,3,4,11,"(0.0, 0.0, 0.09864539577037362, 0.016529264424256777, 0.0, 0.030645849071221472, 0.13235997723678405, 0.08028238650273146, 0.017579589817086686, 0.0)",1
827,3,5,0,"(0.0814704432838308, 0.0, 0.0, 0.0, 0.0, 0.0118644630695084, 0.08380840797570269, 0.0691048466035698, 0.0, 0.0)",1
828,3,5,0,"(0.07400250769571483, 0.0, 0.0, 0.0, 0.0, 0.01759199169444947, 0.08380840797570269, 0.0691048466035698, 0.0, 0.0)",26
829,3,5,0,"(0.06268834202461891, 0.0, 0.0, 0.0, 0.0, 0.017098731129875016, 0.08380840797570269, 0.0691048466035698, 0.0, 0.0)",1
830,3,5,0,"(0.07312817234682971, 0.0, 0.0, 0.0, 0.0, 0.017098731129875016, 0.08380840797570269, 0.0691048466035698, 0.0, 0.0)",1
831,3,5,0,"(0.07400250769571483, 0.0, 0.0, 0.0, 0.0, 0.017098731129875016, 0.08380840797570269, 0.0691048466035698, 0.0, 0.0)",176
832,3,5,0,"(0.07400250769571483, 0.0, 0.0, 0.0, 0.0, 0.01759199169444947, 0.10082294420673965, 0.0691048466035698, 0.0, 0.0)",16
833,3,5,0,"(0.052216633054969756, 0.0, 0.0, 0.0, 0.0, 0.017098731129875016, 0.13595291391988237, 0.0691048466035698, 0.0, 0.0)",2
834,3,5,0,"(0.07400250769571483, 0.0, 0.0, 0.0, 0.0, 0.017098731129875016, 0.13933825585550547, 0.0691048466035698, 0.0, 0.0)",1
835,3,5,0,"(0.07400250769571483, 0.0, 0.0, 0.0, 0.0, 0.01257401766150783, 0.08380840797570269, 0.0691048466035698, 0.0, 0.0)",37
836,3,5,6,"(0.03426039533065134, 0.010867067250624465, 0.0, 0.030181603934096246, 0.005422768956954101, 0.0, 0.019795240631728064, 0.0, 0.028146417112716555, 0.05874522297052942)",1
837,3,5,6,"(0.025695264265980188, 0.011572197494497125, 0.0, 0.030181603934096246, 0.005422768956954101, 0.0, 0.019795240631728064, 0.0, 0.028146417112716555, 0.05874522297052942)",1
838,3,5,6,"(0.03426039533065134, 0.011572197494497125, 0.0, 0.030181603934096246, 0.005422768956954101, 0.0, 0.022507429128182026, 0.0, 0.048338730966228, 0.05851397281375213)",1
839,3,5,6,"(0.05046059433157994, 0.011572197494497125, 0.0, 0.030181603934096246, 0.005422768956954101, 0.0, 0.019795240631728064, 0.0, 0.028146417112716555, 0.05874522297052942)",1
840,3,5,6,"(0.03426039533065134, 0.011572197494497125, 0.0, 0.030181603934096246, 0.005422768956954101, 0.0, 0.019795240631728064, 0.0, 0.028146417112716555, 0.05874522297052942)",263
841,3,5,14,"(0.0, 0.017248724174617657, 0.0, 0.0, 0.0, 0.0, 0.1096916615896246, 0.07609886892949795, 0.03621416498310447, 0.0)",12
842,3,6,0,"(0.07400250769571483, 0.0, 0.0, 0.0, 0.0, 0.011144613679423166, 0.08380840797570269, 0.05865400408829987, 0.0, 0.0)",1
843,3,6,0,"(0.07400250769571483, 0.0, 0.0, 0.0, 0.0, 0.03140931931711202, 0.08380840797570269, 0.0691048466035698, 0.0, 0.0)",1
844,3,6,0,"(0.07400250769571483, 0.0, 0.0, 0.0, 0.0, 0.017098731129875016, 0.07367102011678471, 0.15171482612351228, 0.0, 0.0)",1
845,3,6,0,"(0.07400250769571483, 0.0, 0.0, 0.0, 0.0, 0.017098731129875016, 0.08380840797570269, 0.0691048466035698, 0.0, 0.0)",141
846,3,6,0,"(0.07400250769571483, 0.0, 0.0, 0.0, 0.0, 0.025706688535182817, 0.08380840797570269, 0.0691048466035698, 0.0, 0.0)",4
847,3,6,0,"(0.07400250769571483, 0.0, 0.0, 0.0, 0.0, 0.017098731129875016, 0.04977873814113479, 0.0691048466035698, 0.0, 0.0)",2
848,3,6,0,"(0.13671744359997598, 0.0, 0.0, 0.0, 0.0, 0.025706688535182817, 0.08380840797570269, 0.0691048466035698, 0.0, 0.0)",1
849,3,6,1,"(0.0, 0.0, 0.10922905711608999, 0.0, 0.0, 0.07577624578880941, 0.0, 0.0, 0.0, 0.09965925051150999)",54
850,3,6,1,"(0.0, 0.0, 0.10922905711608999, 0.0, 0.0, 0.08668204139272576, 0.0, 0.0, 0.0, 0.09965925051150999)",1
851,3,6,1,"(0.0, 0.0, 0.05499992005489659, 0.0, 0.0, 0.08773526448799222, 0.0, 0.0, 0.0, 0.10336392809115193)",1
852,3,6,11,"(0.0, 0.0, 0.09864539577037362, 0.01650583712158267, 0.0, 0.030645849071221472, 0.16773790467281977, 0.08028238650273146, 0.026121609841380632, 0.0)",253
853,3,6,11,"(0.0, 0.0, 0.09864539577037362, 0.0254119870434027, 0.0, 0.030645849071221472, 0.16773790467281977, 0.08028238650273146, 0.026121609841380632, 0.0)",1
854,3,6,11,"(0.0, 0.0, 0.09864539577037362, 0.01650583712158267, 0.0, 0.030645849071221472, 0.16773790467281977, 0.08028238650273146, 0.02422280059152047, 0.0)",3
855,3,7,1,"(0.0, 0.0, 0.10922905711608999, 0.0, 0.0, 0.2664906622962816, 0.0, 0.0, 0.0, 0.05942687749874313)",4
856,3,7,1,"(0.0, 0.0, 0.10922905711608999, 0.0, 0.0, 0.07577624578880941, 0.0, 0.0, 0.0, 0.14989012201432253)",1
857,3,7,1,"(0.0, 0.0, 0.10922905711608999, 0.0, 0.0, 0.06270251180715165, 0.0, 0.0, 0.0, 0.09965925051150999)",1
858,3,7,1,"(0.0, 0.0, 0.10922905711608999, 0.0, 0.0, 0.07577624578880941, 0.0, 0.0, 0.0, 0.09965925051150999)",168
859,3,7,1,"(0.0, 0.0, 0.10922905711608999, 0.0, 0.0, 0.07577624578880941, 0.0, 0.0, 0.0, 0.12150088173299482)",32
860,3,7,8,"(0.19235562551390653, 0.046525949225991035, 0.0, 0.0, 0.07022106556493442, 0.0, 0.08319516954615302, 0.1116381245929446, 0.0, 0.0)",49
861,3,7,8,"(0.19235562551390653, 0.046525949225991035, 0.0, 0.0, 0.07022106556493442, 0.0, 0.08319516954615302, 0.13677944146956025, 0.0, 0.0)",1
862,3,7,8,"(0.19235562551390653, 0.046525949225991035, 0.0, 0.0, 0.07022106556493442, 0.0, 0.10379748001426105, 0.1116381245929446, 0.0, 0.0)",2
863,3,7,8,"(0.19235562551390653, 0.046525949225991035, 0.0, 0.0, 0.07022106556493442, 0.0, 0.08319516954615302, 0.1005082900351894, 0.0, 0.0)",3
864,3,7,13,"(0.0, 0.02461978404713738, 0.023035932332134326, 0.0, 0.01810411441758469, 0.0117628625444787, 0.0, 0.0, 0.01089208668844536, 0.00476393156717078)",3
865,3,7,13,"(0.0, 0.02461978404713738, 0.023035932332134326, 0.0, 0.01810411441758469, 0.04167189143696512, 0.0, 0.0, 0.006747039759319388, 0.00476393156717078)",1
866,3,7,13,"(0.0, 0.040714059766294594, 0.023035932332134326, 0.0, 0.01810411441758469, 0.022173256981297827, 0.0, 0.0, 0.01089208668844536, 0.00476393156717078)",2
867,3,7,13,"(0.0, 0.02461978404713738, 0.023035932332134326, 0.0, 0.01810411441758469, 0.022173256981297827, 0.0, 0.0, 0.01089208668844536, 0.00476393156717078)",350
868,3,7,13,"(0.0, 0.02461978404713738, 0.023035932332134326, 0.0, 0.01810411441758469, 0.022173256981297827, 0.0, 0.0, 0.01323790593252809, 0.00476393156717078)",2
869,3,7,13,"(0.0, 0.02461978404713738, 0.032111836394471245, 0.0, 0.01810411441758469, 0.05096699317916094, 0.0, 0.0, 0.01089208668844536, 0.00476393156717078)",4
870,3,7,13,"(0.0, 0.02461978404713738, 0.023035932332134326, 0.0, 0.01810411441758469, 0.022173256981297827, 0.0, 0.0, 0.009940161005259953, 0.00476393156717078)",2
871,3,7,13,"(0.0, 0.02461978404713738, 0.023035932332134326, 0.0, 0.01810411441758469, 0.022173256981297827, 0.0, 0.0, 0.01089208668844536, 0.0029970783328092305)",1
872,3,8,6,"(0.018053126648875234, 0.011572197494497125, 0.0, 0.06324290925335425, 0.005422768956954101, 0.0, 0.015156984372760182, 0.0, 0.028146417112716555, 0.05874522297052942)",1
873,3,8,6,"(0.03426039533065134, 0.011572197494497125, 0.0, 0.030181603934096246, 0.005422768956954101, 0.0, 0.019795240631728064, 0.0, 0.028146417112716555, 0.05874522297052942)",166
874,3,8,6,"(0.03426039533065134, 0.011572197494497125, 0.0, 0.050807999863030376, 0.005422768956954101, 0.0, 0.019795240631728064, 0.0, 0.028146417112716555, 0.05874522297052942)",4
875,3,8,6,"(0.017232472862302887, 0.011572197494497125, 0.0, 0.030181603934096246, 0.005422768956954101, 0.0, 0.019795240631728064, 0.0, 0.028146417112716555, 0.05874522297052942)",1
876,3,8,6,"(0.03426039533065134, 0.011572197494497125, 0.0, 0.030181603934096246, 0.00663039138127489, 0.0, 0.019795240631728064, 0.0, 0.028146417112716555, 0.05874522297052942)",1
877,3,8,6,"(0.03426039533065134, 0.011572197494497125, 0.0, 0.02495906451293161, 0.010078357459353704, 0.0, 0.019795240631728064, 0.0, 0.028146417112716555, 0.05874522297052942)",1
878,3,8,10,"(0.07734904686468291, 0.06927916245295945, 0.09682940930282144, 0.0017773360538905325, 0.0, 0.06291875767155253, 0.0, 0.10994488928074131, 0.0, 0.0)",23
879,3,8,11,"(0.0, 0.0, 0.09864539577037362, 0.01650583712158267, 0.0, 0.030645849071221472, 0.16773790467281977, 0.08597472682350672, 0.026121609841380632, 0.0)",38
880,3,8,11,"(0.0, 0.0, 0.1727561122225792, 0.01650583712158267, 0.0, 0.030645849071221472, 0.16773790467281977, 0.08028238650273146, 0.026121609841380632, 0.0)",1
881,3,8,11,"(0.0, 0.0, 0.09864539577037362, 0.01650583712158267, 0.0, 0.030645849071221472, 0.16773790467281977, 0.08028238650273146, 0.026121609841380632, 0.0)",268
882,3,8,11,"(0.0, 0.0, 0.09864539577037362, 0.01650583712158267, 0.0, 0.030645849071221472, 0.16773790467281977, 0.08028238650273146, 0.015733998904718816, 0.0)",6
883,3,8,11,"(0.0, 0.0, 0.15124620661611962, 0.01650583712158267, 0.0, 0.02175605132554466, 0.16773790467281977, 0.08597472682350672, 0.04637709574945225, 0.0)",3
884,3,8,11,"(0.0, 0.0, 0.09864539577037362, 0.01650583712158267, 0.0, 0.031211978481304123, 0.13855135743719746, 0.08028238650273146, 0.026121609841380632, 0.0)",33
885,3,8,11,"(0.0, 0.0, 0.09864539577037362, 0.01650583712158267, 0.0, 0.030645849071221472, 0.16773790467281977, 0.10588311447179342, 0.026121609841380632, 0.0)",1
886,3,9,8,"(0.19235562551390653, 0.046525949225991035, 0.0, 0.0, 0.07022106556493442, 0.0, 0.08319516954615302, 0.1116381245929446, 0.0, 0.0)",41
887,3,9,8,"(0.19235562551390653, 0.05233349310823587, 0.0, 0.0, 0.07022106556493442, 0.0, 0.08319516954615302, 0.1116381245929446, 0.0, 0.0)",2
888,3,9,11,"(0.0, 0.0, 0.09864539577037362, 0.01650583712158267, 0.0, 0.0196388383475503, 0.16773790467281977, 0.08028238650273146, 0.026121609841380632, 0.0)",8
889,3,9,11,"(0.0, 0.0, 0.09864539577037362, 0.01650583712158267, 0.0, 0.030645849071221472, 0.16773790467281977, 0.08028238650273146, 0.02101184372380998, 0.0)",12
890,3,9,11,"(0.0, 0.0, 0.09864539577037362, 0.01650583712158267, 0.0, 0.030645849071221472, 0.16773790467281977, 0.08028238650273146, 0.050228531100358395, 0.0)",8
891,3,9,11,"(0.0, 0.0, 0.09864539577037362, 0.01650583712158267, 0.0, 0.030645849071221472, 0.16773790467281977, 0.08028238650273146, 0.01945669219809604, 0.0)",1
892,3,9,11,"(0.0, 0.0, 0.09864539577037362, 0.01650583712158267, 0.0, 0.030645849071221472, 0.2545002198831255, 0.08028238650273146, 0.026121609841380632, 0.0)",2
893,3,9,11,"(0.0, 0.0, 0.09864539577037362, 0.01650583712158267, 0.0, 0.030645849071221472, 0.16773790467281977, 0.08028238650273146, 0.026121609841380632, 0.0)",502
894,3,10,13,"(0.0, 0.02461978404713738, 0.023035932332134326, 0.0, 0.01810411441758469, 0.022173256981297827, 0.0, 0.0, 0.01089208668844536, 0.00476393156717078)",157
895,3,10,13,"(0.0, 0.031582930206670246, 0.023035932332134326, 0.0, 0.01810411441758469, 0.022173256981297827, 0.0, 0.0, 0.01089208668844536, 0.004460801643203115)",16
896,3,10,13,"(0.0, 0.025728738087402423, 0.023035932332134326, 0.0, 0.01810411441758469, 0.022173256981297827, 0.0, 0.0, 0.01089208668844536, 0.00476393156717078)",9
897,3,10,13,"(0.0, 0.02461978404713738, 0.023035932332134326, 0.0, 0.01585892719009943, 0.022173256981297827, 0.0, 0.0, 0.01089208668844536, 0.00476393156717078)",1
898,3,10,13,"(0.0, 0.031582930206670246, 0.017533634242626463, 0.0, 0.01810411441758469, 0.022173256981297827, 0.0, 0.0, 0.009871791548309186, 0.004460801643203115)",2
899,3,10,13,"(0.0, 0.02461978404713738, 0.058309562981524315, 0.0, 0.01810411441758469, 0.022173256981297827, 0.0, 0.0, 0.008066080406003165, 0.00476393156717078)",6
900,3,10,13,"(0.0, 0.024533481732125807, 0.023035932332134326, 0.0, 0.01810411441758469, 0.018454149795133268, 0.0, 0.0, 0.01089208668844536, 0.00371871273358551)",1
901,3,10,13,"(0.0, 0.02461978404713738, 0.023035932332134326, 0.0, 0.01810411441758469, 0.022173256981297827, 0.0, 0.0, 0.0049901479395249885, 0.00476393156717078)",1
902,3,10,13,"(0.0, 0.025728738087402423, 0.023035932332134326, 0.0, 0.01810411441758469, 0.022173256981297827, 0.0, 0.0, 0.009261591708228132, 0.00476393156717078)",1
903,3,10,13,"(0.0, 0.02461978404713738, 0.023035932332134326, 0.0, 0.009424661605877916, 0.022173256981297827, 0.0, 0.0, 0.01089208668844536, 0.00476393156717078)",5
904,3,10,13,"(0.0, 0.027890277965681408, 0.023035932332134326, 0.0, 0.01810411441758469, 0.022173256981297827, 0.0, 0.0, 0.01089208668844536, 0.00476393156717078)",1
905,3,11,8,"(0.19235562551390653, 0.03144366474799255, 0.0, 0.0, 0.07022106556493442, 0.0, 0.08319516954615302, 0.1116381245929446, 0.0, 0.0)",2
906,3,11,8,"(0.19235562551390653, 0.046525949225991035, 0.0, 0.0, 0.07022106556493442, 0.0, 0.08319516954615302, 0.1116381245929446, 0.0, 0.0)",33
907,3,11,13,"(0.0, 0.02461978404713738, 0.023035932332134326, 0.0, 0.01810411441758469, 0.022173256981297827, 0.0, 0.0, 0.012513586960328033, 0.0037449239316219235)",23
908,3,11,13,"(0.0, 0.02461978404713738, 0.023035932332134326, 0.0, 0.01810411441758469, 0.022173256981297827, 0.0, 0.0, 0.01089208668844536, 0.003630250360157078)",96
909,3,11,13,"(0.0, 0.02461978404713738, 0.023035932332134326, 0.0, 0.016973567656639824, 0.022173256981297827, 0.0, 0.0, 0.01089208668844536, 0.004436641746586963)",116
910,3,11,13,"(0.0, 0.015426073937849352, 0.023035932332134326, 0.0, 0.01810411441758469, 0.022173256981297827, 0.0, 0.0, 0.01089208668844536, 0.00476393156717078)",9
911,3,11,13,"(0.0, 0.02461978404713738, 0.04712371073257256, 0.0, 0.01810411441758469, 0.022173256981297827, 0.0, 0.0, 0.01089208668844536, 0.00476393156717078)",1
912,3,11,13,"(0.0, 0.02461978404713738, 0.023035932332134326, 0.0, 0.01810411441758469, 0.022173256981297827, 0.0, 0.0, 0.01089208668844536, 0.00476393156717078)",181
913,3,12,8,"(0.10085029281344145, 0.046525949225991035, 0.0, 0.0, 0.07022106556493442, 0.0, 0.08319516954615302, 0.1116381245929446, 0.0, 0.0)",12
914,3,12,8,"(0.19235562551390653, 0.046525949225991035, 0.0, 0.0, 0.07022106556493442, 0.0, 0.11859793792735164, 0.1116381245929446, 0.0, 0.0)",32
915,3,12,8,"(0.19235562551390653, 0.046525949225991035, 0.0, 0.0, 0.07022106556493442, 0.0, 0.08319516954615302, 0.1116381245929446, 0.0, 0.0)",198
916,3,12,10,"(0.07734904686468291, 0.06927916245295945, 0.09682940930282144, 0.0017773360538905325, 0.0, 0.0554116273023886, 0.0, 0.1455956027514652, 0.0, 0.0)",7
917,3,12,10,"(0.1079736786254643, 0.06954264473177363, 0.09682940930282144, 0.0017773360538905325, 0.0, 0.06291875767155253, 0.0, 0.10994488928074131, 0.0, 0.0)",1
918,3,12,10,"(0.07734904686468291, 0.06927916245295945, 0.09682940930282144, 0.0017773360538905325, 0.0, 0.04042159650846251, 0.0, 0.10994488928074131, 0.0, 0.0)",1
919,3,12,10,"(0.07734904686468291, 0.06927916245295945, 0.09682940930282144, 0.0017773360538905325, 0.0, 0.06291875767155253, 0.0, 0.10994488928074131, 0.0, 0.0)",189
920,3,12,10,"(0.07734904686468291, 0.06927916245295945, 0.13192230957686654, 0.0017773360538905325, 0.0, 0.06291875767155253, 0.0, 0.10994488928074131, 0.0, 0.0)",1
921,3,12,10,"(0.07734904686468291, 0.06927916245295945, 0.07067412690060994, 0.0017773360538905325, 0.0, 0.06291875767155253, 0.0, 0.10994488928074131, 0.0, 0.0)",1
922,3,12,10,"(0.07734904686468291, 0.07956261566595159, 0.09682940930282144, 0.0017773360538905325, 0.0, 0.06291875767155253, 0.0, 0.11864054285284716, 0.0, 0.0)",19
923,3,13,6,"(0.03426039533065134, 0.011572197494497125, 0.0, 0.030181603934096246, 0.005422768956954101, 0.0, 0.019795240631728064, 0.0, 0.040344772264387145, 0.05874522297052942)",2
924,3,13,6,"(0.03426039533065134, 0.011572197494497125, 0.0, 0.030181603934096246, 0.002874052363148998, 0.0, 0.019795240631728064, 0.0, 0.028146417112716555, 0.05874522297052942)",5
925,3,13,6,"(0.03426039533065134, 0.011572197494497125, 0.0, 0.030181603934096246, 0.005422768956954101, 0.0, 0.019795240631728064, 0.0, 0.028146417112716555, 0.05874522297052942)",237
926,3,13,6,"(0.03426039533065134, 0.011572197494497125, 0.0, 0.030181603934096246, 0.006264294488962787, 0.0, 0.019795240631728064, 0.0, 0.028146417112716555, 0.05874522297052942)",1
927,3,13,6,"(0.03426039533065134, 0.006062640169232645, 0.0, 0.030181603934096246, 0.005422768956954101, 0.0, 0.019795240631728064, 0.0, 0.028146417112716555, 0.05874522297052942)",1
928,3,13,14,"(0.0, 0.009594944882610411, 0.0, 0.0, 0.0, 0.0, 0.1096916615896246, 0.07609886892949795, 0.03621416498310447, 0.0)",2
929,3,13,14,"(0.0, 0.02016284713980404, 0.0, 0.0, 0.0, 0.0, 0.1096916615896246, 0.06695374051372262, 0.06371912840142217, 0.0)",11
930,3,13,14,"(0.0, 0.023302593810783426, 0.0, 0.0, 0.0, 0.0, 0.1096916615896246, 0.04932436205543448, 0.03621416498310447, 0.0)",1
931,3,13,14,"(0.0, 0.017248724174617657, 0.0, 0.0, 0.0, 0.0, 0.1096916615896246, 0.07609886892949795, 0.03621416498310447, 0.0)",278
932,3,13,14,"(0.0, 0.017248724174617657, 0.0, 0.0, 0.0, 0.0, 0.1096916615896246, 0.07609886892949795, 0.02475387535622679, 0.0)",6
933,3,13,14,"(0.0, 0.017248724174617657, 0.0, 0.0, 0.0, 0.0, 0.05955899319271496, 0.07609886892949795, 0.029787801699588935, 0.0)",1
934,3,14,11,"(0.0, 0.0, 0.09864539577037362, 0.01650583712158267, 0.0, 0.030645849071221472, 0.16773790467281977, 0.08028238650273146, 0.026121609841380632, 0.0)",225
935,3,14,11,"(0.0, 0.0, 0.09864539577037362, 0.01650583712158267, 0.0, 0.06517809507159947, 0.16773790467281977, 0.08028238650273146, 0.026121609841380632, 0.0)",1
936,3,14,11,"(0.0, 0.0, 0.09864539577037362, 0.01650583712158267, 0.0, 0.030645849071221472, 0.33688145912101597, 0.08028238650273146, 0.026121609841380632, 0.0)",1
937,3,14,11,"(0.0, 0.0, 0.12802681823231785, 0.01571062000231154, 0.0, 0.030645849071221472, 0.16773790467281977, 0.08028238650273146, 0.026121609841380632, 0.0)",7
938,3,14,11,"(0.0, 0.0, 0.09864539577037362, 0.01650583712158267, 0.0, 0.02401093104920421, 0.16773790467281977, 0.08028238650273146, 0.03687443402785163, 0.0)",2
939,3,14,11,"(0.0, 0.0, 0.09864539577037362, 0.01650583712158267, 0.0, 0.030645849071221472, 0.16773790467281977, 0.08028238650273146, 0.021003432283597405, 0.0)",1
940,3,14,13,"(0.0, 0.02461978404713738, 0.023035932332134326, 0.0, 0.01810411441758469, 0.022173256981297827, 0.0, 0.0, 0.01089208668844536, 0.00476393156717078)",321
941,3,14,13,"(0.0, 0.02461978404713738, 0.023035932332134326, 0.0, 0.01810411441758469, 0.022173256981297827, 0.0, 0.0, 0.013000318816696308, 0.00476393156717078)",3
942,3,14,13,"(0.0, 0.02461978404713738, 0.023035932332134326, 0.0, 0.01634868437348384, 0.022173256981297827, 0.0, 0.0, 0.01089208668844536, 0.00476393156717078)",3
943,3,14,13,"(0.0, 0.02461978404713738, 0.024325615067517806, 0.0, 0.01810411441758469, 0.008678116725227739, 0.0, 0.0, 0.01089208668844536, 0.00476393156717078)",2
944,3,14,13,"(0.0, 0.02461978404713738, 0.023035932332134326, 0.0, 0.01810411441758469, 0.029535684930759722, 0.0, 0.0, 0.01089208668844536, 0.007848212786581083)",15
945,3,14,13,"(0.0, 0.02461978404713738, 0.02812683779937698, 0.0, 0.014307196289153345, 0.022173256981297827, 0.0, 0.0, 0.01089208668844536, 0.0038083507119675967)",1
946,3,14,13,"(0.0, 0.02461978404713738, 0.023035932332134326, 0.0, 0.029321286386462416, 0.022173256981297827, 0.0, 0.0, 0.01089208668844536, 0.00476393156717078)",1
947,3,14,13,"(0.0, 0.02461978404713738, 0.023035932332134326, 0.0, 0.01810411441758469, 0.022173256981297827, 0.0, 0.0, 0.01225366791041792, 0.00476393156717078)",12
948,3,15,6,"(0.03426039533065134, 0.011572197494497125, 0.0, 0.030181603934096246, 0.005422768956954101, 0.0, 0.019795240631728064, 0.0, 0.028146417112716555, 0.12001998354138067)",1
949,3,15,6,"(0.03426039533065134, 0.011572197494497125, 0.0, 0.030181603934096246, 0.005422768956954101, 0.0, 0.019795240631728064, 0.0, 0.028146417112716555, 0.05874522297052942)",198
950,3,15,6,"(0.03426039533065134, 0.011572197494497125, 0.0, 0.012861792008567048, 0.005422768956954101, 0.0, 0.019795240631728064, 0.0, 0.028146417112716555, 0.06645337865740886)",2
951,3,15,11,"(0.0, 0.0, 0.11839367174953695, 0.01650583712158267, 0.0, 0.030645849071221472, 0.16773790467281977, 0.0404147798164449, 0.04222430491026214, 0.0)",2
952,3,15,11,"(0.0, 0.0, 0.11839367174953695, 0.01650583712158267, 0.0, 0.030645849071221472, 0.16492932416065248, 0.0404147798164449, 0.026121609841380632, 0.0)",4
953,3,15,11,"(0.0, 0.0, 0.09864539577037362, 0.009306595116203584, 0.0, 0.030645849071221472, 0.16773790467281977, 0.08028238650273146, 0.02888359878928956, 0.0)",3
954,3,15,11,"(0.0, 0.0, 0.11839367174953695, 0.01650583712158267, 0.0, 0.030645849071221472, 0.16773790467281977, 0.0404147798164449, 0.026121609841380632, 0.0)",165
955,3,15,11,"(0.0, 0.0, 0.21619296900341053, 0.01650583712158267, 0.0, 0.030645849071221472, 0.16773790467281977, 0.08028238650273146, 0.03279479765174964, 0.0)",1
956,3,15,11,"(0.0, 0.0, 0.11839367174953695, 0.01650583712158267, 0.0, 0.030645849071221472, 0.27388113021383076, 0.0404147798164449, 0.026121609841380632, 0.0)",47
957,3,15,11,"(0.0, 0.0, 0.09864539577037362, 0.01650583712158267, 0.0, 0.030645849071221472, 0.16773790467281977, 0.08028238650273146, 0.05713435435134559, 0.0)",2
958,3,15,11,"(0.0, 0.0, 0.11839367174953695, 0.02196084610045592, 0.0, 0.030645849071221472, 0.16773790467281977, 0.0404147798164449, 0.026121609841380632, 0.0)",1
959,3,15,11,"(0.0, 0.0, 0.11839367174953695, 0.01650583712158267, 0.0, 0.030645849071221472, 0.16773790467281977, 0.0404147798164449, 0.022408490236068154, 0.0)",1
960,3,15,11,"(0.0, 0.0, 0.09864539577037362, 0.01650583712158267, 0.0, 0.030645849071221472, 0.16773790467281977, 0.08028238650273146, 0.026121609841380632, 0.0)",89
961,3,15,14,"(0.0, 0.017248724174617657, 0.0, 0.0, 0.0, 0.0, 0.1096916615896246, 0.12496031769919974, 0.03621416498310447, 0.0)",24
962,3,16,1,"(0.0, 0.0, 0.041406372128065916, 0.0, 0.0, 0.04312130671885245, 0.0, 0.0, 0.0, 0.09965925051150999)",77
963,3,16,1,"(0.0, 0.0, 0.10922905711608999, 0.0, 0.0, 0.07577624578880941, 0.0, 0.0, 0.0, 0.06698361663289233)",1
964,3,16,1,"(0.0, 0.0, 0.11256583371735855, 0.0, 0.0, 0.053251235158564, 0.0, 0.0, 0.0, 0.09965925051150999)",1
965,3,16,1,"(0.0, 0.0, 0.10922905711608999, 0.0, 0.0, 0.07577624578880941, 0.0, 0.0, 0.0, 0.1170695099443733)",1
966,3,16,1,"(0.0, 0.0, 0.15483719406673224, 0.0, 0.0, 0.07577624578880941, 0.0, 0.0, 0.0, 0.09965925051150999)",1
967,3,16,1,"(0.0, 0.0, 0.12891815898511746, 0.0, 0.0, 0.07577624578880941, 0.0, 0.0, 0.0, 0.09965925051150999)",2
968,3,16,1,"(0.0, 0.0, 0.10922905711608999, 0.0, 0.0, 0.07577624578880941, 0.0, 0.0, 0.0, 0.09965925051150999)",484
969,3,16,1,"(0.0, 0.0, 0.06075825607688167, 0.0, 0.0, 0.07577624578880941, 0.0, 0.0, 0.0, 0.09965925051150999)",1
970,3,16,1,"(0.0, 0.0, 0.041406372128065916, 0.0, 0.0, 0.0199117526153351, 0.0, 0.0, 0.0, 0.09965925051150999)",36
971,3,16,1,"(0.0, 0.0, 0.10922905711608999, 0.0, 0.0, 0.11327418025378712, 0.0, 0.0, 0.0, 0.09965925051150999)",1
972,3,16,8,"(0.19235562551390653, 0.046525949225991035, 0.0, 0.0, 0.07022106556493442, 0.0, 0.08319516954615302, 0.1116381245929446, 0.0, 0.0)",225
973,3,16,8,"(0.19235562551390653, 0.04464905112554197, 0.0, 0.0, 0.07022106556493442, 0.0, 0.08319516954615302, 0.1116381245929446, 0.0, 0.0)",5
974,3,16,8,"(0.19235562551390653, 0.046525949225991035, 0.0, 0.0, 0.07022106556493442, 0.0, 0.09582674709386393, 0.1116381245929446, 0.0, 0.0)",1
975,3,16,8,"(0.19235562551390653, 0.046525949225991035, 0.0, 0.0, 0.07022106556493442, 0.0, 0.08319516954615302, 0.06771991101536746, 0.0, 0.0)",6
976,3,17,1,"(0.0, 0.0, 0.10127794389694403, 0.0, 0.0, 0.07577624578880941, 0.0, 0.0, 0.0, 0.09965925051150999)",128
977,3,17,1,"(0.0, 0.0, 0.10922905711608999, 0.0, 0.0, 0.07577624578880941, 0.0, 0.0, 0.0, 0.09775290104908346)",7
978,3,17,1,"(0.0, 0.0, 0.10922905711608999, 0.0, 0.0, 0.07577624578880941, 0.0, 0.0, 0.0, 0.1925936595218733)",1
979,3,17,1,"(0.0, 0.0, 0.12863757779633098, 0.0, 0.0, 0.07577624578880941, 0.0, 0.0, 0.0, 0.09965925051150999)",3
980,3,17,1,"(0.0, 0.0, 0.12424634569889272, 0.0, 0.0, 0.07577624578880941, 0.0, 0.0, 0.0, 0.08848315834955421)",3
981,3,17,1,"(0.0, 0.0, 0.10922905711608999, 0.0, 0.0, 0.030018978917809972, 0.0, 0.0, 0.0, 0.0910060267578522)",14
982,3,17,1,"(0.0, 0.0, 0.1322898124665691, 0.0, 0.0, 0.07577624578880941, 0.0, 0.0, 0.0, 0.09965925051150999)",1
983,3,17,1,"(0.0, 0.0, 0.10922905711608999, 0.0, 0.0, 0.07577624578880941, 0.0, 0.0, 0.0, 0.11995317606236026)",1
984,3,17,1,"(0.0, 0.0, 0.10922905711608999, 0.0, 0.0, 0.07577624578880941, 0.0, 0.0, 0.0, 0.09965925051150999)",423
985,3,17,1,"(0.0, 0.0, 0.19227276324976184, 0.0, 0.0, 0.0564878153935797, 0.0, 0.0, 0.0, 0.09965925051150999)",2
986,3,17,8,"(0.19235562551390653, 0.04632028014141928, 0.0, 0.0, 0.07022106556493442, 0.0, 0.08319516954615302, 0.1116381245929446, 0.0, 0.0)",1
987,3,17,8,"(0.19235562551390653, 0.046525949225991035, 0.0, 0.0, 0.07022106556493442, 0.0, 0.08319516954615302, 0.1580472773051893, 0.0, 0.0)",1
988,3,17,8,"(0.19235562551390653, 0.036971920368268074, 0.0, 0.0, 0.07022106556493442, 0.0, 0.08319516954615302, 0.1116381245929446, 0.0, 0.0)",1
989,3,17,8,"(0.19235562551390653, 0.046525949225991035, 0.0, 0.0, 0.07022106556493442, 0.0, 0.08319516954615302, 0.1116381245929446, 0.0, 0.0)",193
990,3,17,8,"(0.19235562551390653, 0.046525949225991035, 0.0, 0.0, 0.07022106556493442, 0.0, 0.062202934975384004, 0.1116381245929446, 0.0, 0.0)",5
991,3,17,8,"(0.19235562551390653, 0.07242788034210607, 0.0, 0.0, 0.07022106556493442, 0.0, 0.08319516954615302, 0.1116381245929446, 0.0, 0.0)",3
992,3,18,1,"(0.0, 0.0, 0.10922905711608999, 0.0, 0.0, 0.07577624578880941, 0.0, 0.0, 0.0, 0.09965925051150999)",100
993,3,18,10,"(0.07734904686468291, 0.06927916245295945, 0.09682940930282144, 0.0017773360538905325, 0.0, 0.06291875767155253, 0.0, 0.10994488928074131, 0.0, 0.0)",180
994,3,18,10,"(0.07734904686468291, 0.06927916245295945, 0.20129619863034184, 0.0017773360538905325, 0.0, 0.06291875767155253, 0.0, 0.10994488928074131, 0.0, 0.0)",2
995,3,18,10,"(0.07734904686468291, 0.06927916245295945, 0.09682940930282144, 0.0019513708694796949, 0.0, 0.06291875767155253, 0.0, 0.10994488928074131, 0.0, 0.0)",2
996,3,18,11,"(0.0, 0.0, 0.09864539577037362, 0.01650583712158267, 0.0, 0.017917817934416533, 0.16773790467281977, 0.08028238650273146, 0.026121609841380632, 0.0)",9
997,3,18,11,"(0.0, 0.0, 0.09864539577037362, 0.01650583712158267, 0.0, 0.030645849071221472, 0.16773790467281977, 0.08028238650273146, 0.026121609841380632, 0.0)",285
998,3,18,11,"(0.0, 0.0, 0.09864539577037362, 0.023123865153740666, 0.0, 0.030645849071221472, 0.16773790467281977, 0.08028238650273146, 0.034935165236310746, 0.0)",1
999,3,18,11,"(0.0, 0.0, 0.08277617425262486, 0.01650583712158267, 0.0, 0.030645849071221472, 0.16773790467281977, 0.09035082899313368, 0.04055729032832736, 0.0)",1
1000,3,18,11,"(0.0, 0.0, 0.09864539577037362, 0.01650583712158267, 0.0, 0.030645849071221472, 0.12994068275162027, 0.08028238650273146, 0.026121609841380632, 0.0)",1
1001,3,18,11,"(0.0, 0.0, 0.09864539577037362, 0.02122836695355868, 0.0, 0.030645849071221472, 0.16773790467281977, 0.08028238650273146, 0.026121609841380632, 0.0)",1
1002,3,18,11,"(0.0, 0.0, 0.09864539577037362, 0.008943829857272175, 0.0, 0.04753672485559737, 0.16773790467281977, 0.08028238650273146, 0.026121609841380632, 0.0)",2
1003,3,19,0,"(0.07400250769571483, 0.0, 0.0, 0.0, 0.0, 0.017098731129875016, 0.08380840797570269, 0.0691048466035698, 0.0, 0.0)",238
1004,3,19,0,"(0.07400250769571483, 0.0, 0.0, 0.0, 0.0, 0.017098731129875016, 0.08380840797570269, 0.09990213563348341, 0.0, 0.0)",1
1005,3,19,13,"(0.0, 0.06258722748944034, 0.023035932332134326, 0.0, 0.01810411441758469, 0.03358493243174765, 0.0, 0.0, 0.01089208668844536, 0.00476393156717078)",1
1006,3,19,13,"(0.0, 0.02461978404713738, 0.023035932332134326, 0.0, 0.01810411441758469, 0.022173256981297827, 0.0, 0.0, 0.01089208668844536, 0.00476393156717078)",137
1007,3,19,13,"(0.0, 0.02461978404713738, 0.023035932332134326, 0.0, 0.015380236694099152, 0.022173256981297827, 0.0, 0.0, 0.01089208668844536, 0.00476393156717078)",17
1008,3,19,13,"(0.0, 0.02461978404713738, 0.023035932332134326, 0.0, 0.01810411441758469, 0.022173256981297827, 0.0, 0.0, 0.005216439625584916, 0.00476393156717078)",1
1009,3,19,13,"(0.0, 0.017507843564171583, 0.023035932332134326, 0.0, 0.01810411441758469, 0.022173256981297827, 0.0, 0.0, 0.01089208668844536, 0.00476393156717078)",1
1010,3,19,13,"(0.0, 0.02461978404713738, 0.023035932332134326, 0.0, 0.015380236694099152, 0.022173256981297827, 0.0, 0.0, 0.01089208668844536, 0.001858694551008111)",1
1011,3,19,13,"(0.0, 0.03257931405436475, 0.023035932332134326, 0.0, 0.01354952400410394, 0.022173256981297827, 0.0, 0.0, 0.013113595129502888, 0.00476393156717078)",1
1012,3,19,13,"(0.0, 0.02461978404713738, 0.02220268059228973, 0.0, 0.01810411441758469, 0.022173256981297827, 0.0, 0.0, 0.01089208668844536, 0.00476393156717078)",1
1013,3,19,13,"(0.0, 0.02461978404713738, 0.023035932332134326, 0.0, 0.01810411441758469, 0.012445999261527027, 0.0, 0.0, 0.01089208668844536, 0.00476393156717078)",1
1014,3,20,10,"(0.07734904686468291, 0.08135468747178735, 0.09682940930282144, 0.002717360766427608, 0.0, 0.06291875767155253, 0.0, 0.10994488928074131, 0.0, 0.0)",3
1015,3,20,10,"(0.07734904686468291, 0.06927916245295945, 0.09682940930282144, 0.0017773360538905325, 0.0, 0.06291875767155253, 0.0, 0.10994488928074131, 0.0, 0.0)",130
1016,3,20,11,"(0.0, 0.0, 0.09864539577037362, 0.01650583712158267, 0.0, 0.030645849071221472, 0.12751219369367178, 0.08028238650273146, 0.026121609841380632, 0.0)",1
1017,3,20,11,"(0.0, 0.0, 0.09864539577037362, 0.01650583712158267, 0.0, 0.030645849071221472, 0.09572491856946197, 0.08028238650273146, 0.036485718580663774, 0.0)",154
1018,3,20,11,"(0.0, 0.0, 0.09864539577037362, 0.01650583712158267, 0.0, 0.030645849071221472, 0.16773790467281977, 0.08028238650273146, 0.013941830670588032, 0.0)",1
1019,3,20,11,"(0.0, 0.0, 0.09864539577037362, 0.01650583712158267, 0.0, 0.005294848367566701, 0.16773790467281977, 0.08028238650273146, 0.026121609841380632, 0.0)",8
1020,3,20,11,"(0.0, 0.0, 0.09864539577037362, 0.01650583712158267, 0.0, 0.011009171525630737, 0.16773790467281977, 0.08028238650273146, 0.026121609841380632, 0.0)",73
1021,3,20,11,"(0.0, 0.0, 0.09864539577037362, 0.01650583712158267, 0.0, 0.030645849071221472, 0.16773790467281977, 0.04541553900208064, 0.026121609841380632, 0.0)",24
1022,3,20,11,"(0.0, 0.0, 0.09864539577037362, 0.01650583712158267, 0.0, 0.030645849071221472, 0.18972230171268953, 0.08028238650273146, 0.026121609841380632, 0.0)",4
1023,3,20,11,"(0.0, 0.0, 0.09864539577037362, 0.01650583712158267, 0.0, 0.030645849071221472, 0.16773790467281977, 0.08028238650273146, 0.026121609841380632, 0.0)",317
1024,3,20,11,"(0.0, 0.0, 0.09864539577037362, 0.01650583712158267, 0.0, 0.030645849071221472, 0.16323767529731495, 0.08028238650273146, 0.026121609841380632, 0.0)",1
1025,4,0,6,"(0.03426039533065134, 0.009862165060909285, 0.0, 0.030181603934096246, 0.005422768956954101, 0.0, 0.01500297623894021, 0.0, 0.028146417112716555, 0.05874522297052942)",1
1026,4,0,6,"(0.03426039533065134, 0.011572197494497125, 0.0, 0.030181603934096246, 0.005422768956954101, 0.0, 0.019795240631728064, 0.0, 0.028146417112716555, 0.029893907859621968)",1
1027,4,0,6,"(0.03426039533065134, 0.011572197494497125, 0.0, 0.030181603934096246, 0.005422768956954101, 0.0, 0.019795240631728064, 0.0, 0.028146417112716555, 0.03238958672895282)",2
1028,4,0,6,"(0.03426039533065134, 0.011572197494497125, 0.0, 0.030181603934096246, 0.005422768956954101, 0.0, 0.019795240631728064, 0.0, 0.028146417112716555, 0.05874522297052942)",221
1029,4,0,11,"(0.0, 0.0, 0.09864539577037362, 0.01650583712158267, 0.0, 0.030645849071221472, 0.16773790467281977, 0.08028238650273146, 0.026121609841380632, 0.0)",328
1030,4,0,11,"(0.0, 0.0, 0.09864539577037362, 0.01650583712158267, 0.0, 0.01534083918716701, 0.16773790467281977, 0.10290933236926712, 0.026121609841380632, 0.0)",3
1031,4,0,11,"(0.0, 0.0, 0.09864539577037362, 0.01650583712158267, 0.0, 0.028640972334076285, 0.16773790467281977, 0.08028238650273146, 0.014464008541976325, 0.0)",1
1032,4,1,6,"(0.03426039533065134, 0.011572197494497125, 0.0, 0.030181603934096246, 0.006139172506949998, 0.0, 0.019795240631728064, 0.0, 0.028146417112716555, 0.05874522297052942)",5
1033,4,1,6,"(0.03426039533065134, 0.01269647645206703, 0.0, 0.030181603934096246, 0.005422768956954101, 0.0, 0.019795240631728064, 0.0, 0.028146417112716555, 0.05796831307961215)",1
1034,4,1,6,"(0.03426039533065134, 0.011572197494497125, 0.0, 0.030181603934096246, 0.005422768956954101, 0.0, 0.021820634256668213, 0.0, 0.028146417112716555, 0.05874522297052942)",2
1035,4,1,6,"(0.03426039533065134, 0.011572197494497125, 0.0, 0.030181603934096246, 0.005422768956954101, 0.0, 0.019795240631728064, 0.0, 0.028146417112716555, 0.05796831307961215)",49
1036,4,1,6,"(0.03426039533065134, 0.011572197494497125, 0.0, 0.030181603934096246, 0.005422768956954101, 0.0, 0.019795240631728064, 0.0, 0.028146417112716555, 0.05874522297052942)",232
1037,4,1,6,"(0.034258208571759166, 0.011572197494497125, 0.0, 0.030181603934096246, 0.005422768956954101, 0.0, 0.019795240631728064, 0.0, 0.028146417112716555, 0.024258733040132843)",1
1038,4,1,6,"(0.03426039533065134, 0.009910599187378757, 0.0, 0.030181603934096246, 0.005422768956954101, 0.0, 0.019795240631728064, 0.0, 0.028146417112716555, 0.05796831307961215)",1
1039,4,1,8,"(0.19235562551390653, 0.046525949225991035, 0.0, 0.0, 0.07022106556493442, 0.0, 0.08319516954615302, 0.1116381245929446, 0.0, 0.0)",138
1040,4,1,8,"(0.12286793988833143, 0.046525949225991035, 0.0, 0.0, 0.07022106556493442, 0.0, 0.08319516954615302, 0.1116381245929446, 0.0, 0.0)",1
1041,4,2,13,"(0.0, 0.02461978404713738, 0.012488192435894057, 0.0, 0.009862548289128926, 0.025902942973352733, 0.0, 0.0, 0.01089208668844536, 0.00476393156717078)",1
1042,4,2,13,"(0.0, 0.02461978404713738, 0.023035932332134326, 0.0, 0.01810411441758469, 0.022173256981297827, 0.0, 0.0, 0.01089208668844536, 0.0039680375409064895)",1
1043,4,2,13,"(0.0, 0.02461978404713738, 0.023035932332134326, 0.0, 0.01810411441758469, 0.022173256981297827, 0.0, 0.0, 0.01089208668844536, 0.00476393156717078)",164
1044,4,2,13,"(0.0, 0.02461978404713738, 0.012488192435894057, 0.0, 0.02443139763315886, 0.025902942973352733, 0.0, 0.0, 0.01089208668844536, 0.00476393156717078)",5
1045,4,2,13,"(0.0, 0.04113368374111296, 0.023035932332134326, 0.0, 0.01810411441758469, 0.022173256981297827, 0.0, 0.0, 0.01089208668844536, 0.00476393156717078)",4
1046,4,2,13,"(0.0, 0.02461978404713738, 0.023035932332134326, 0.0, 0.01810411441758469, 0.022173256981297827, 0.0, 0.0, 0.01089208668844536, 0.004418286032526611)",1
1047,4,2,13,"(0.0, 0.02461978404713738, 0.015772952021082597, 0.0, 0.01810411441758469, 0.025902942973352733, 0.0, 0.0, 0.01089208668844536, 0.00476393156717078)",12
1048,4,2,13,"(0.0, 0.02461978404713738, 0.012488192435894057, 0.0, 0.01810411441758469, 0.025902942973352733, 0.0, 0.0, 0.01089208668844536, 0.00476393156717078)",128
1049,4,3,13,"(0.0, 0.02461978404713738, 0.023035932332134326, 0.0, 0.01810411441758469, 0.010810719516806608, 0.0, 0.0, 0.016537461080526773, 0.00476393156717078)",1
1050,4,3,13,"(0.0, 0.02461978404713738, 0.023035932332134326, 0.0, 0.01810411441758469, 0.022173256981297827, 0.0, 0.0, 0.01089208668844536, 0.004710072018992876)",1
1051,4,3,13,"(0.0, 0.02461978404713738, 0.023035932332134326, 0.0, 0.01810411441758469, 0.022173256981297827, 0.0, 0.0, 0.01089208668844536, 0.00476393156717078)",357
1052,4,3,13,"(0.0, 0.02461978404713738, 0.028145855523998616, 0.0, 0.01810411441758469, 0.022173256981297827, 0.0, 0.0, 0.01089208668844536, 0.00476393156717078)",1
1053,4,3,13,"(0.0, 0.025941620841867116, 0.023035932332134326, 0.0, 0.01810411441758469, 0.022173256981297827, 0.0, 0.0, 0.005449125657564914, 0.005091273698701591)",2
1054,4,3,13,"(0.0, 0.02461978404713738, 0.023035932332134326, 0.0, 0.01810411441758469, 0.022173256981297827, 0.0, 0.0, 0.01089208668844536, 0.004043895795183593)",1
1055,4,3,13,"(0.0, 0.038578663678548855, 0.022284552944144883, 0.0, 0.01810411441758469, 0.022173256981297827, 0.0, 0.0, 0.01089208668844536, 0.00476393156717078)",1
1056,4,3,13,"(0.0, 0.02461978404713738, 0.023035932332134326, 0.0, 0.01810411441758469, 0.016892335806187868, 0.0, 0.0, 0.01089208668844536, 0.00476393156717078)",1
1057,4,3,13,"(0.0, 0.02461978404713738, 0.023035932332134326, 0.0, 0.01810411441758469, 0.022173256981297827, 0.0, 0.0, 0.01291519686285428, 0.004291480109408194)",1
1058,4,4,11,"(0.0, 0.0, 0.09864539577037362, 0.01650583712158267, 0.0, 0.030645849071221472, 0.16990521784033172, 0.08028238650273146, 0.026121609841380632, 0.0)",1
1059,4,4,11,"(0.0, 0.0, 0.12522531688686275, 0.01650583712158267, 0.0, 0.030645849071221472, 0.16773790467281977, 0.08028238650273146, 0.026121609841380632, 0.0)",2
1060,4,4,11,"(0.0, 0.0, 0.09864539577037362, 0.03897986097087759, 0.0, 0.030645849071221472, 0.2141871718352179, 0.08028238650273146, 0.026121609841380632, 0.0)",1
1061,4,4,11,"(0.0, 0.0, 0.09864539577037362, 0.01650583712158267, 0.0, 0.030645849071221472, 0.08153022673827125, 0.07240876560513207, 0.026121609841380632, 0.0)",53
1062,4,4,11,"(0.0, 0.0, 0.09864539577037362, 0.016529264424256777, 0.0, 0.0263648640552511, 0.16773790467281977, 0.08028238650273146, 0.017579589817086686, 0.0)",1
1063,4,4,11,"(0.0, 0.0, 0.05437263305336651, 0.016529264424256777, 0.0, 0.030645849071221472, 0.16773790467281977, 0.08028238650273146, 0.017579589817086686, 0.0)",1
1064,4,4,11,"(0.0, 0.0, 0.09864539577037362, 0.01650583712158267, 0.0, 0.030645849071221472, 0.16773790467281977, 0.0727371888053793, 0.026121609841380632, 0.0)",1
1065,4,4,11,"(0.0, 0.0, 0.09864539577037362, 0.01650583712158267, 0.0, 0.030645849071221472, 0.16773790467281977, 0.08028238650273146, 0.026121609841380632, 0.0)",286
1066,4,4,11,"(0.0, 0.0, 0.09864539577037362, 0.016529264424256777, 0.0, 0.030645849071221472, 0.16773790467281977, 0.08028238650273146, 0.017579589817086686, 0.0)",245
1067,4,4,11,"(0.0, 0.0, 0.09864539577037362, 0.01650583712158267, 0.0, 0.030645849071221472, 0.08153022673827125, 0.07518559192581875, 0.026121609841380632, 0.0)",1
1068,4,4,11,"(0.0, 0.0, 0.09864539577037362, 0.01650583712158267, 0.0, 0.030645849071221472, 0.1657566439911372, 0.08028238650273146, 0.026121609841380632, 0.0)",1
1069,4,5,0,"(0.07400250769571483, 0.0, 0.0, 0.0, 0.0, 0.01759199169444947, 0.08380840797570269, 0.0691048466035698, 0.0, 0.0)",14
1070,4,5,0,"(0.07400250769571483, 0.0, 0.0, 0.0, 0.0, 0.017098731129875016, 0.05470467735031008, 0.0691048466035698, 0.0, 0.0)",1
1071,4,5,0,"(0.07400250769571483, 0.0, 0.0, 0.0, 0.0, 0.017098731129875016, 0.08380840797570269, 0.08400755477835915, 0.0, 0.0)",1
1072,4,5,0,"(0.07400250769571483, 0.0, 0.0, 0.0, 0.0, 0.01759199169444947, 0.10082294420673965, 0.0691048466035698, 0.0, 0.0)",78
1073,4,5,0,"(0.07400250769571483, 0.0, 0.0, 0.0, 0.0, 0.01257401766150783, 0.08380840797570269, 0.0691048466035698, 0.0, 0.0)",9
1074,4,5,0,"(0.07400250769571483, 0.0, 0.0, 0.0, 0.0, 0.006247618916047416, 0.14263468655211103, 0.0691048466035698, 0.0, 0.0)",7
1075,4,5,0,"(0.07400250769571483, 0.0, 0.0, 0.0, 0.0, 0.017098731129875016, 0.08380840797570269, 0.0691048466035698, 0.0, 0.0)",153
1076,4,5,0,"(0.07400250769571483, 0.0, 0.0, 0.0, 0.0, 0.017098731129875016, 0.06400328554197385, 0.08800739215206893, 0.0, 0.0)",1
1077,4,5,6,"(0.0338914771300283, 0.011572197494497125, 0.0, 0.030181603934096246, 0.005422768956954101, 0.0, 0.019795240631728064, 0.0, 0.028146417112716555, 0.05874522297052942)",1
1078,4,5,6,"(0.03426039533065134, 0.011572197494497125, 0.0, 0.030181603934096246, 0.004483929480614516, 0.0, 0.020764568998464492, 0.0, 0.028146417112716555, 0.05874522297052942)",1
1079,4,5,6,"(0.03426039533065134, 0.011572197494497125, 0.0, 0.030181603934096246, 0.005422768956954101, 0.0, 0.019795240631728064, 0.0, 0.028146417112716555, 0.05874522297052942)",294
1080,4,5,6,"(0.03426039533065134, 0.011572197494497125, 0.0, 0.030181603934096246, 0.005422768956954101, 0.0, 0.019795240631728064, 0.0, 0.028146417112716555, 0.0867036518991536)",1
1081,4,6,0,"(0.07400250769571483, 0.0, 0.0, 0.0, 0.0, 0.017098731129875016, 0.08380840797570269, 0.0691048466035698, 0.0, 0.0)",148
1082,4,6,0,"(0.07544522115164322, 0.0, 0.0, 0.0, 0.0, 0.017098731129875016, 0.08380840797570269, 0.0691048466035698, 0.0, 0.0)",7
1083,4,6,0,"(0.07400250769571483, 0.0, 0.0, 0.0, 0.0, 0.02228520364674407, 0.08380840797570269, 0.0691048466035698, 0.0, 0.0)",1
1084,4,6,11,"(0.0, 0.0, 0.09864539577037362, 0.01650583712158267, 0.0, 0.030645849071221472, 0.16773790467281977, 0.08028238650273146, 0.026121609841380632, 0.0)",238
1085,4,6,11,"(0.0, 0.0, 0.09864539577037362, 0.01650583712158267, 0.0, 0.030645849071221472, 0.12248698927636377, 0.08028238650273146, 0.026121609841380632, 0.0)",3
1086,4,6,11,"(0.0, 0.0, 0.09864539577037362, 0.01650583712158267, 0.0, 0.030645849071221472, 0.08608010228503568, 0.08028238650273146, 0.026121609841380632, 0.0)",1
1087,4,6,11,"(0.0, 0.0, 0.09864539577037362, 0.010850367955050351, 0.0, 0.030645849071221472, 0.16773790467281977, 0.08028238650273146, 0.026121609841380632, 0.0)",2
1088,4,6,11,"(0.0, 0.0, 0.09864539577037362, 0.01650583712158267, 0.0, 0.03542628378695148, 0.16773790467281977, 0.08028238650273146, 0.026121609841380632, 0.0)",1
1089,4,6,11,"(0.0, 0.0, 0.03737290374432978, 0.01650583712158267, 0.0, 0.030645849071221472, 0.16773790467281977, 0.09363260312760768, 0.026121609841380632, 0.0)",1
1090,4,6,11,"(0.0, 0.0, 0.09864539577037362, 0.01650583712158267, 0.0, 0.030645849071221472, 0.16773790467281977, 0.08028238650273146, 0.022048674135828283, 0.0)",1
1091,4,6,11,"(0.0, 0.0, 0.09864539577037362, 0.01650583712158267, 0.0, 0.030645849071221472, 0.16773790467281977, 0.08028238650273146, 0.019613012431465626, 0.0)",2
1092,4,7,1,"(0.0, 0.0, 0.10922905711608999, 0.0, 0.0, 0.06601571218339747, 0.0, 0.0, 0.0, 0.09965925051150999)",3
1093,4,7,1,"(0.0, 0.0, 0.10922905711608999, 0.0, 0.0, 0.07577624578880941, 0.0, 0.0, 0.0, 0.09965925051150999)",125
1094,4,7,1,"(0.0, 0.0, 0.10922905711608999, 0.0, 0.0, 0.07577624578880941, 0.0, 0.0, 0.0, 0.12150088173299482)",7
1095,4,7,13,"(0.0, 0.02461978404713738, 0.023035932332134326, 0.0, 0.01810411441758469, 0.022173256981297827, 0.0, 0.0, 0.01089208668844536, 0.00476393156717078)",188
1096,4,7,13,"(0.0, 0.02461978404713738, 0.016796757995723506, 0.0, 0.027823965881004966, 0.022173256981297827, 0.0, 0.0, 0.01089208668844536, 0.00476393156717078)",1
1097,4,7,13,"(0.0, 0.02461978404713738, 0.023035932332134326, 0.0, 0.01810411441758469, 0.014361069226884033, 0.0, 0.0, 0.01089208668844536, 0.00476393156717078)",1
1098,4,7,13,"(0.0, 0.02461978404713738, 0.023035932332134326, 0.0, 0.017870480751455493, 0.022173256981297827, 0.0, 0.0, 0.01089208668844536, 0.005019028802542739)",2
1099,4,7,13,"(0.0, 0.02461978404713738, 0.023035932332134326, 0.0, 0.013671124953562756, 0.022173256981297827, 0.0, 0.0, 0.01089208668844536, 0.00476393156717078)",2
1100,4,7,13,"(0.0, 0.02461978404713738, 0.023035932332134326, 0.0, 0.01810411441758469, 0.022173256981297827, 0.0, 0.0, 0.01089208668844536, 0.00270787228877724)",2
1101,4,7,13,"(0.0, 0.02461978404713738, 0.023035932332134326, 0.0, 0.011197552784270036, 0.022173256981297827, 0.0, 0.0, 0.01089208668844536, 0.00476393156717078)",2
1102,4,7,13,"(0.0, 0.02461978404713738, 0.023035932332134326, 0.0, 0.01810411441758469, 0.022173256981297827, 0.0, 0.0, 0.009940161005259953, 0.00476393156717078)",8
1103,4,8,6,"(0.03426039533065134, 0.011572197494497125, 0.0, 0.030181603934096246, 0.005422768956954101, 0.0, 0.019795240631728064, 0.0, 0.028146417112716555, 0.05874522297052942)",133
1104,4,8,6,"(0.03426039533065134, 0.011572197494497125, 0.0, 0.030181603934096246, 0.004772649854466624, 0.0, 0.019795240631728064, 0.0, 0.028146417112716555, 0.05874522297052942)",1
1105,4,8,6,"(0.05691288161382838, 0.011786812377538213, 0.0, 0.030181603934096246, 0.005422768956954101, 0.0, 0.019795240631728064, 0.0, 0.018799124573517977, 0.05956057839466031)",3
1106,4,8,6,"(0.03426039533065134, 0.008806413917401749, 0.0, 0.030181603934096246, 0.005422768956954101, 0.0, 0.019795240631728064, 0.0, 0.028146417112716555, 0.06763818856381795)",7
1107,4,8,11,"(0.0, 0.0, 0.09864539577037362, 0.01650583712158267, 0.0, 0.031211978481304123, 0.13855135743719746, 0.08028238650273146, 0.026121609841380632, 0.0)",23
1108,4,8,11,"(0.0, 0.0, 0.09864539577037362, 0.026315416768488746, 0.0, 0.030645849071221472, 0.16773790467281977, 0.08028238650273146, 0.026121609841380632, 0.0)",2
1109,4,8,11,"(0.0, 0.0, 0.09864539577037362, 0.022365158134726042, 0.0, 0.030645849071221472, 0.17395540428886927, 0.08028238650273146, 0.026121609841380632, 0.0)",4
1110,4,8,11,"(0.0, 0.0, 0.09864539577037362, 0.01650583712158267, 0.0, 0.05231078320020659, 0.16773790467281977, 0.08028238650273146, 0.026121609841380632, 0.0)",1
1111,4,8,11,"(0.0, 0.0, 0.09864539577037362, 0.01900974955281076, 0.0, 0.030645849071221472, 0.16773790467281977, 0.08028238650273146, 0.026121609841380632, 0.0)",2
1112,4,8,11,"(0.0, 0.0, 0.09864539577037362, 0.01650583712158267, 0.0, 0.030645849071221472, 0.16773790467281977, 0.08028238650273146, 0.026121609841380632, 0.0)",350
1113,4,8,11,"(0.0, 0.0, 0.09864539577037362, 0.01650583712158267, 0.0, 0.030645849071221472, 0.16773790467281977, 0.08028238650273146, 0.02449784523983042, 0.0)",8
1114,4,8,11,"(0.0, 0.0, 0.09864539577037362, 0.01650583712158267, 0.0, 0.030645849071221472, 0.16773790467281977, 0.0726032884396613, 0.026121609841380632, 0.0)",4
1115,4,9,8,"(0.19235562551390653, 0.046525949225991035, 0.0, 0.0, 0.07022106556493442, 0.0, 0.08319516954615302, 0.1116381245929446, 0.0, 0.0)",30
1116,4,9,11,"(0.0, 0.0, 0.09864539577037362, 0.01650583712158267, 0.0, 0.030645849071221472, 0.16773790467281977, 0.06370836598071306, 0.026121609841380632, 0.0)",5
1117,4,9,11,"(0.0, 0.0, 0.09864539577037362, 0.01650583712158267, 0.0, 0.030645849071221472, 0.16773790467281977, 0.0779758381831678, 0.026121609841380632, 0.0)",2
1118,4,9,11,"(0.0, 0.0, 0.09864539577037362, 0.01650583712158267, 0.0, 0.030645849071221472, 0.16773790467281977, 0.08028238650273146, 0.050228531100358395, 0.0)",5
1119,4,9,11,"(0.0, 0.0, 0.09864539577037362, 0.01793528026777539, 0.0, 0.030645849071221472, 0.16773790467281977, 0.08028238650273146, 0.026121609841380632, 0.0)",4
1120,4,9,11,"(0.0, 0.0, 0.09864539577037362, 0.01650583712158267, 0.0, 0.030645849071221472, 0.16773790467281977, 0.13524777150774323, 0.03143417266344353, 0.0)",2
1121,4,9,11,"(0.0, 0.0, 0.09864539577037362, 0.01650583712158267, 0.0, 0.030645849071221472, 0.16773790467281977, 0.08028238650273146, 0.026121609841380632, 0.0)",480
1122,4,9,11,"(0.0, 0.0, 0.09864539577037362, 0.01650583712158267, 0.0, 0.018625860740461155, 0.14902807798485515, 0.08028238650273146, 0.026121609841380632, 0.0)",1
1123,4,9,11,"(0.0, 0.0, 0.061256021903911356, 0.01650583712158267, 0.0, 0.030645849071221472, 0.16773790467281977, 0.08028238650273146, 0.0240114564184245, 0.0)",1
1124,4,9,11,"(0.0, 0.0, 0.09864539577037362, 0.01650583712158267, 0.0, 0.0442869463855117, 0.16773790467281977, 0.08028238650273146, 0.026121609841380632, 0.0)",1
1125,4,9,11,"(0.0, 0.0, 0.09864539577037362, 0.01650583712158267, 0.0, 0.030645849071221472, 0.16773790467281977, 0.07935463908570589, 0.026121609841380632, 0.0)",6
1126,4,10,13,"(0.0, 0.02461978404713738, 0.023035932332134326, 0.0, 0.03103760827908547, 0.022173256981297827, 0.0, 0.0, 0.01089208668844536, 0.00476393156717078)",1
1127,4,10,13,"(0.0, 0.041186454700720625, 0.058309562981524315, 0.0, 0.01810411441758469, 0.022173256981297827, 0.0, 0.0, 0.008066080406003165, 0.00476393156717078)",1
1128,4,10,13,"(0.0, 0.02461978404713738, 0.023035932332134326, 0.0, 0.01810411441758469, 0.022173256981297827, 0.0, 0.0, 0.01089208668844536, 0.0031818366182961486)",4
1129,4,10,13,"(0.0, 0.031582930206670246, 0.017533634242626463, 0.0, 0.01810411441758469, 0.022173256981297827, 0.0, 0.0, 0.009871791548309186, 0.004460801643203115)",12
1130,4,10,13,"(0.0, 0.02461978404713738, 0.058309562981524315, 0.0, 0.01810411441758469, 0.022173256981297827, 0.0, 0.0, 0.008066080406003165, 0.0013082077914194797)",1
1131,4,10,13,"(0.0, 0.02461978404713738, 0.023035932332134326, 0.0, 0.01810411441758469, 0.022173256981297827, 0.0, 0.0, 0.01089208668844536, 0.00476393156717078)",246
1132,4,10,13,"(0.0, 0.02461978404713738, 0.058309562981524315, 0.0, 0.01810411441758469, 0.022173256981297827, 0.0, 0.0, 0.008066080406003165, 0.00476393156717078)",146
1133,4,10,13,"(0.0, 0.02461978404713738, 0.023035932332134326, 0.0, 0.018019465060493872, 0.01590977810924122, 0.0, 0.0, 0.01089208668844536, 0.00476393156717078)",1
1134,4,10,13,"(0.0, 0.028300698929398536, 0.023035932332134326, 0.0, 0.01810411441758469, 0.022173256981297827, 0.0, 0.0, 0.01089208668844536, 0.00476393156717078)",1
1135,4,11,13,"(0.0, 0.02461978404713738, 0.023035932332134326, 0.0, 0.016973567656639824, 0.022173256981297827, 0.0, 0.0, 0.01089208668844536, 0.004436641746586963)",69
1136,4,11,13,"(0.0, 0.02461978404713738, 0.023035932332134326, 0.0, 0.01810411441758469, 0.022173256981297827, 0.0, 0.0, 0.009235458830145255, 0.00476393156717078)",1
1137,4,11,13,"(0.0, 0.02461978404713738, 0.023035932332134326, 0.0, 0.01810411441758469, 0.022173256981297827, 0.0, 0.0, 0.01089208668844536, 0.0048971113985405105)",1
1138,4,11,13,"(0.0, 0.02019981852464741, 0.023035932332134326, 0.0, 0.01810411441758469, 0.022173256981297827, 0.0, 0.0, 0.01089208668844536, 0.00476393156717078)",3
1139,4,11,13,"(0.0, 0.02461978404713738, 0.023035932332134326, 0.0, 0.01810411441758469, 0.022173256981297827, 0.0, 0.0, 0.01089208668844536, 0.00476393156717078)",214
1140,4,11,13,"(0.0, 0.03374024288576067, 0.02742068006619971, 0.0, 0.016973567656639824, 0.022173256981297827, 0.0, 0.0, 0.01089208668844536, 0.0028969596926412176)",1
1141,4,11,13,"(0.0, 0.02461978404713738, 0.023035932332134326, 0.0, 0.01810411441758469, 0.021291590420963118, 0.0, 0.0, 0.01089208668844536, 0.00411084640887122)",1
1142,4,11,13,"(0.0, 0.013750214647839988, 0.023035932332134326, 0.0, 0.016973567656639824, 0.022173256981297827, 0.0, 0.0, 0.01089208668844536, 0.004436641746586963)",3
1143,4,12,8,"(0.19235562551390653, 0.046525949225991035, 0.0, 0.0, 0.07022106556493442, 0.0, 0.1092194554298868, 0.1116381245929446, 0.0, 0.0)",1
1144,4,12,8,"(0.10085029281344145, 0.046525949225991035, 0.0, 0.0, 0.07022106556493442, 0.0, 0.1087439891414756, 0.1116381245929446, 0.0, 0.0)",1
1145,4,12,8,"(0.19235562551390653, 0.08100697829466394, 0.0, 0.0, 0.07022106556493442, 0.0, 0.08319516954615302, 0.1116381245929446, 0.0, 0.0)",2
1146,4,12,8,"(0.19235562551390653, 0.046525949225991035, 0.0, 0.0, 0.07022106556493442, 0.0, 0.08319516954615302, 0.1116381245929446, 0.0, 0.0)",131
1147,4,12,8,"(0.12319320513879517, 0.046525949225991035, 0.0, 0.0, 0.07022106556493442, 0.0, 0.08319516954615302, 0.1116381245929446, 0.0, 0.0)",1
1148,4,12,8,"(0.1382763532984673, 0.046525949225991035, 0.0, 0.0, 0.07022106556493442, 0.0, 0.08319516954615302, 0.14053586042435526, 0.0, 0.0)",1
1149,4,12,8,"(0.10085029281344145, 0.046525949225991035, 0.0, 0.0, 0.07022106556493442, 0.0, 0.08319516954615302, 0.1116381245929446, 0.0, 0.0)",31
1150,4,12,10,"(0.07734904686468291, 0.06927916245295945, 0.09682940930282144, 0.0012389050578716031, 0.0, 0.06291875767155253, 0.0, 0.10994488928074131, 0.0, 0.0)",3
1151,4,12,10,"(0.07699669194157954, 0.06927916245295945, 0.09682940930282144, 0.0017773360538905325, 0.0, 0.05538870648745415, 0.0, 0.10994488928074131, 0.0, 0.0)",4
1152,4,12,10,"(0.07734904686468291, 0.06927916245295945, 0.14477132928052022, 0.0017773360538905325, 0.0, 0.06291875767155253, 0.0, 0.10994488928074131, 0.0, 0.0)",1
1153,4,12,10,"(0.07734904686468291, 0.07956261566595159, 0.09682940930282144, 0.0017773360538905325, 0.0, 0.06291875767155253, 0.0, 0.11864054285284716, 0.0, 0.0)",4
1154,4,12,10,"(0.07734904686468291, 0.06927916245295945, 0.11563369670531147, 0.0017773360538905325, 0.0, 0.0517900286791978, 0.0, 0.10994488928074131, 0.0, 0.0)",37
1155,4,12,10,"(0.07734904686468291, 0.06481281641657306, 0.09682940930282144, 0.0017773360538905325, 0.0, 0.06291875767155253, 0.0, 0.10994488928074131, 0.0, 0.0)",3
1156,4,12,10,"(0.07734904686468291, 0.05035379143676797, 0.09682940930282144, 0.0017773360538905325, 0.0, 0.036922181883551335, 0.0, 0.10994488928074131, 0.0, 0.0)",1
1157,4,12,10,"(0.06446956063031373, 0.04178836733007954, 0.09682940930282144, 0.0011324889587204666, 0.0, 0.06291875767155253, 0.0, 0.10994488928074131, 0.0, 0.0)",6
1158,4,12,10,"(0.07734904686468291, 0.06927916245295945, 0.09682940930282144, 0.0017773360538905325, 0.0, 0.0425059730029784, 0.0, 0.10994488928074131, 0.0, 0.0)",1
1159,4,12,10,"(0.07734904686468291, 0.06927916245295945, 0.09682940930282144, 0.0017773360538905325, 0.0, 0.06291875767155253, 0.0, 0.10994488928074131, 0.0, 0.0)",213
1160,4,13,6,"(0.03426039533065134, 0.011572197494497125, 0.0, 0.030181603934096246, 0.005422768956954101, 0.0, 0.019795240631728064, 0.0, 0.028146417112716555, 0.05874522297052942)",232
1161,4,13,6,"(0.03426039533065134, 0.012006140644835028, 0.0, 0.030181603934096246, 0.005826978894036166, 0.0, 0.019795240631728064, 0.0, 0.028146417112716555, 0.05874522297052942)",1
1162,4,13,6,"(0.03426039533065134, 0.011572197494497125, 0.0, 0.030181603934096246, 0.005422768956954101, 0.0, 0.017689798734341927, 0.0, 0.028146417112716555, 0.05874522297052942)",3
1163,4,13,14,"(0.0, 0.017248724174617657, 0.0, 0.0, 0.0, 0.0, 0.1096916615896246, 0.07609886892949795, 0.025335705099927205, 0.0)",5
1164,4,13,14,"(0.0, 0.017248724174617657, 0.0, 0.0, 0.0, 0.0, 0.1096916615896246, 0.07609886892949795, 0.03621416498310447, 0.0)",198
1165,4,13,14,"(0.0, 0.017248724174617657, 0.0, 0.0, 0.0, 0.0, 0.11732907748280176, 0.07609886892949795, 0.03621416498310447, 0.0)",1
1166,4,13,14,"(0.0, 0.017248724174617657, 0.0, 0.0, 0.0, 0.0, 0.09073518049236018, 0.07609886892949795, 0.03621416498310447, 0.0)",6
1167,4,14,11,"(0.0, 0.0, 0.08442377878572423, 0.01650583712158267, 0.0, 0.030645849071221472, 0.16773790467281977, 0.08028238650273146, 0.026121609841380632, 0.0)",1
1168,4,14,11,"(0.0, 0.0, 0.09864539577037362, 0.01650583712158267, 0.0, 0.030645849071221472, 0.1857390976111267, 0.03381798140420712, 0.026121609841380632, 0.0)",1
1169,4,14,11,"(0.0, 0.0, 0.09864539577037362, 0.01650583712158267, 0.0, 0.030645849071221472, 0.16773790467281977, 0.08028238650273146, 0.026121609841380632, 0.0)",157
1170,4,14,11,"(0.0, 0.0, 0.09864539577037362, 0.015725005547760365, 0.0, 0.030645849071221472, 0.16773790467281977, 0.08028238650273146, 0.026121609841380632, 0.0)",1
1171,4,14,11,"(0.0, 0.0, 0.11718283567656826, 0.01650583712158267, 0.0, 0.048701043994261915, 0.16773790467281977, 0.08028238650273146, 0.026121609841380632, 0.0)",3
1172,4,14,13,"(0.0, 0.02461978404713738, 0.023035932332134326, 0.0, 0.01810411441758469, 0.022173256981297827, 0.0, 0.0, 0.01089208668844536, 0.00476393156717078)",327
1173,4,14,13,"(0.0, 0.02461978404713738, 0.023035932332134326, 0.0, 0.01810411441758469, 0.023445422355837162, 0.0, 0.0, 0.01089208668844536, 0.00476393156717078)",1
1174,4,14,13,"(0.0, 0.02333210868621737, 0.023035932332134326, 0.0, 0.01810411441758469, 0.022173256981297827, 0.0, 0.0, 0.01089208668844536, 0.00476393156717078)",1
1175,4,15,6,"(0.03426039533065134, 0.011572197494497125, 0.0, 0.01656801791347381, 0.0057762926915177655, 0.0, 0.019795240631728064, 0.0, 0.028146417112716555, 0.05874522297052942)",1
1176,4,15,6,"(0.03426039533065134, 0.011572197494497125, 0.0, 0.030181603934096246, 0.005422768956954101, 0.0, 0.019795240631728064, 0.0, 0.028146417112716555, 0.05874522297052942)",194
1177,4,15,6,"(0.03426039533065134, 0.011615976488445532, 0.0, 0.030181603934096246, 0.008779637223692108, 0.0, 0.010276509644921612, 0.0, 0.028146417112716555, 0.05874522297052942)",2
1178,4,15,6,"(0.03426039533065134, 0.005711446323361764, 0.0, 0.030181603934096246, 0.005422768956954101, 0.0, 0.015832186144492912, 0.0, 0.028146417112716555, 0.05963580511440683)",2
1179,4,15,6,"(0.03426039533065134, 0.011572197494497125, 0.0, 0.030181603934096246, 0.005327352869541586, 0.0, 0.019795240631728064, 0.0, 0.028146417112716555, 0.05874522297052942)",1
1180,4,15,11,"(0.0, 0.0, 0.11839367174953695, 0.01650583712158267, 0.0, 0.030645849071221472, 0.27388113021383076, 0.0404147798164449, 0.026121609841380632, 0.0)",38
1181,4,15,11,"(0.0, 0.0, 0.11839367174953695, 0.01650583712158267, 0.0, 0.030645849071221472, 0.16773790467281977, 0.0404147798164449, 0.026121609841380632, 0.0)",205
1182,4,15,11,"(0.0, 0.0, 0.09864539577037362, 0.01650583712158267, 0.0, 0.030645849071221472, 0.16773790467281977, 0.08028238650273146, 0.026121609841380632, 0.0)",100
1183,4,15,11,"(0.0, 0.0, 0.09864539577037362, 0.01650583712158267, 0.0, 0.030645849071221472, 0.16773790467281977, 0.07357108627773701, 0.026121609841380632, 0.0)",2
1184,4,15,11,"(0.0, 0.0, 0.11839367174953695, 0.013670748124447385, 0.0, 0.030645849071221472, 0.16773790467281977, 0.0404147798164449, 0.026121609841380632, 0.0)",2
1185,4,16,1,"(0.0, 0.0, 0.05257359493252866, 0.0, 0.0, 0.022020755505452377, 0.0, 0.0, 0.0, 0.09965925051150999)",5
1186,4,16,1,"(0.0, 0.0, 0.10922905711608999, 0.0, 0.0, 0.07577624578880941, 0.0, 0.0, 0.0, 0.1831515337100087)",1
1187,4,16,1,"(0.0, 0.0, 0.041406372128065916, 0.0, 0.0, 0.06370317758442484, 0.0, 0.0, 0.0, 0.09965925051150999)",12
1188,4,16,1,"(0.0, 0.0, 0.033475247920748664, 0.0, 0.0, 0.01340380225533151, 0.0, 0.0, 0.0, 0.09965925051150999)",2
1189,4,16,1,"(0.0, 0.0, 0.10922905711608999, 0.0, 0.0, 0.062048794106703324, 0.0, 0.0, 0.0, 0.09965925051150999)",1
1190,4,16,1,"(0.0, 0.0, 0.10922905711608999, 0.0, 0.0, 0.07577624578880941, 0.0, 0.0, 0.0, 0.17655248009515198)",1
1191,4,16,1,"(0.0, 0.0, 0.10922905711608999, 0.0, 0.0, 0.07577624578880941, 0.0, 0.0, 0.0, 0.09813178125653262)",4
1192,4,16,1,"(0.0, 0.0, 0.041406372128065916, 0.0, 0.0, 0.04312130671885245, 0.0, 0.0, 0.0, 0.09965925051150999)",9
1193,4,16,1,"(0.0, 0.0, 0.10922905711608999, 0.0, 0.0, 0.03854999984501788, 0.0, 0.0, 0.0, 0.09965925051150999)",13
1194,4,16,1,"(0.0, 0.0, 0.16686535165726743, 0.0, 0.0, 0.07577624578880941, 0.0, 0.0, 0.0, 0.09965925051150999)",2
1195,4,16,1,"(0.0, 0.0, 0.041406372128065916, 0.0, 0.0, 0.0199117526153351, 0.0, 0.0, 0.0, 0.09965925051150999)",126
1196,4,16,1,"(0.0, 0.0, 0.04395384382418028, 0.0, 0.0, 0.0199117526153351, 0.0, 0.0, 0.0, 0.09965925051150999)",1
1197,4,16,1,"(0.0, 0.0, 0.10922905711608999, 0.0, 0.0, 0.07577624578880941, 0.0, 0.0, 0.0, 0.09965925051150999)",397
1198,4,16,8,"(0.19235562551390653, 0.046525949225991035, 0.0, 0.0, 0.07022106556493442, 0.0, 0.08319516954615302, 0.1116381245929446, 0.0, 0.0)",264
1199,4,16,8,"(0.19235562551390653, 0.04334546018249462, 0.0, 0.0, 0.07022106556493442, 0.0, 0.08319516954615302, 0.1116381245929446, 0.0, 0.0)",4
1200,4,16,8,"(0.14593654661021266, 0.04904700654035262, 0.0, 0.0, 0.07022106556493442, 0.0, 0.0668099751067927, 0.1116381245929446, 0.0, 0.0)",2
1201,4,17,1,"(0.0, 0.0, 0.19227276324976184, 0.0, 0.0, 0.0564878153935797, 0.0, 0.0, 0.0, 0.061776542047650415)",3
1202,4,17,1,"(0.0, 0.0, 0.15377284425391038, 0.0, 0.0, 0.06586799644624959, 0.0, 0.0, 0.0, 0.1411395064949775)",1
1203,4,17,1,"(0.0, 0.0, 0.10922905711608999, 0.0, 0.0, 0.030018978917809972, 0.0, 0.0, 0.0, 0.1171413850012155)",1
1204,4,17,1,"(0.0, 0.0, 0.10922905711608999, 0.0, 0.0, 0.07577624578880941, 0.0, 0.0, 0.0, 0.08618551460020372)",1
1205,4,17,1,"(0.0, 0.0, 0.19227276324976184, 0.0, 0.0, 0.0564878153935797, 0.0, 0.0, 0.0, 0.09965925051150999)",20
1206,4,17,1,"(0.0, 0.0, 0.10922905711608999, 0.0, 0.0, 0.03965627041031223, 0.0, 0.0, 0.0, 0.09965925051150999)",1
1207,4,17,1,"(0.0, 0.0, 0.13407623951167724, 0.0, 0.0, 0.07577624578880941, 0.0, 0.0, 0.0, 0.14057385184198873)",1
1208,4,17,1,"(0.0, 0.0, 0.057763379565358444, 0.0, 0.0, 0.07577624578880941, 0.0, 0.0, 0.0, 0.09965925051150999)",1
1209,4,17,1,"(0.0, 0.0, 0.10127794389694403, 0.0, 0.0, 0.07577624578880941, 0.0, 0.0, 0.0, 0.09965925051150999)",72
1210,4,17,1,"(0.0, 0.0, 0.10922905711608999, 0.0, 0.0, 0.030018978917809972, 0.0, 0.0, 0.0, 0.0910060267578522)",34
1211,4,17,1,"(0.0, 0.0, 0.10922905711608999, 0.0, 0.0, 0.07577624578880941, 0.0, 0.0, 0.0, 0.09642836267446558)",1
1212,4,17,1,"(0.0, 0.0, 0.10922905711608999, 0.0, 0.0, 0.07577624578880941, 0.0, 0.0, 0.0, 0.09533116091272699)",1
1213,4,17,1,"(0.0, 0.0, 0.10922905711608999, 0.0, 0.0, 0.16565929443003252, 0.0, 0.0, 0.0, 0.09965925051150999)",1
1214,4,17,1,"(0.0, 0.0, 0.10922905711608999, 0.0, 0.0, 0.07577624578880941, 0.0, 0.0, 0.0, 0.09965925051150999)",477
1215,4,17,8,"(0.19235562551390653, 0.046525949225991035, 0.0, 0.0, 0.07022106556493442, 0.0, 0.08319516954615302, 0.1116381245929446, 0.0, 0.0)",284
1216,4,17,8,"(0.19235562551390653, 0.036971920368268074, 0.0, 0.0, 0.07022106556493442, 0.0, 0.08319516954615302, 0.1116381245929446, 0.0, 0.0)",9
1217,4,17,8,"(0.19235562551390653, 0.04632028014141928, 0.0, 0.0, 0.07022106556493442, 0.0, 0.08319516954615302, 0.1116381245929446, 0.0, 0.0)",8
1218,4,17,8,"(0.19235562551390653, 0.024217074807688466, 0.0, 0.0, 0.07022106556493442, 0.0, 0.08319516954615302, 0.1116381245929446, 0.0, 0.0)",1
1219,4,17,8,"(0.19235562551390653, 0.046525949225991035, 0.0, 0.0, 0.07195802839163322, 0.0, 0.08319516954615302, 0.1116381245929446, 0.0, 0.0)",2
1220,4,18,1,"(0.0, 0.0, 0.10922905711608999, 0.0, 0.0, 0.07577624578880941, 0.0, 0.0, 0.0, 0.10101036025724741)",1
1221,4,18,1,"(0.0, 0.0, 0.07785668593771873, 0.0, 0.0, 0.07577624578880941, 0.0, 0.0, 0.0, 0.1383329461464682)",1
1222,4,18,1,"(0.0, 0.0, 0.12361746910635608, 0.0, 0.0, 0.07577624578880941, 0.0, 0.0, 0.0, 0.09965925051150999)",1
1223,4,18,1,"(0.0, 0.0, 0.10922905711608999, 0.0, 0.0, 0.07577624578880941, 0.0, 0.0, 0.0, 0.09965925051150999)",152
1224,4,18,10,"(0.07734904686468291, 0.060896461712617395, 0.09682940930282144, 0.0017773360538905325, 0.0, 0.06291875767155253, 0.0, 0.10994488928074131, 0.0, 0.0)",16
1225,4,18,10,"(0.07734904686468291, 0.06927916245295945, 0.1484953111379086, 0.0017773360538905325, 0.0, 0.06291875767155253, 0.0, 0.10994488928074131, 0.0, 0.0)",2
1226,4,18,10,"(0.07734904686468291, 0.06927916245295945, 0.09682940930282144, 0.0017773360538905325, 0.0, 0.06291875767155253, 0.0, 0.10994488928074131, 0.0, 0.0)",114
1227,4,18,10,"(0.07734904686468291, 0.07859305371603462, 0.14323861724751816, 0.0017773360538905325, 0.0, 0.06291875767155253, 0.0, 0.10994488928074131, 0.0, 0.0)",2
1228,4,18,11,"(0.0, 0.0, 0.09864539577037362, 0.01650583712158267, 0.0, 0.03954907024492774, 0.16773790467281977, 0.08028238650273146, 0.026121609841380632, 0.0)",1
1229,4,18,11,"(0.0, 0.0, 0.09864539577037362, 0.01650583712158267, 0.0, 0.030645849071221472, 0.16773790467281977, 0.08028238650273146, 0.014544529647060619, 0.0)",1
1230,4,18,11,"(0.0, 0.0, 0.09864539577037362, 0.01650583712158267, 0.0, 0.030645849071221472, 0.16773790467281977, 0.08028238650273146, 0.026121609841380632, 0.0)",271
1231,4,18,11,"(0.0, 0.0, 0.09864539577037362, 0.01400288089967056, 0.0, 0.030645849071221472, 0.16773790467281977, 0.08028238650273146, 0.023174670565748137, 0.0)",1
1232,4,18,11,"(0.0, 0.0, 0.18855697498419563, 0.01726627752295197, 0.0, 0.030645849071221472, 0.27632210462942125, 0.08028238650273146, 0.026121609841380632, 0.0)",1
1233,4,19,0,"(0.11586894945789973, 0.0, 0.0, 0.0, 0.0, 0.017098731129875016, 0.07878439434405252, 0.0691048466035698, 0.0, 0.0)",1
1234,4,19,0,"(0.07400250769571483, 0.0, 0.0, 0.0, 0.0, 0.017098731129875016, 0.08380840797570269, 0.0691048466035698, 0.0, 0.0)",202
1235,4,19,13,"(0.0, 0.02461978404713738, 0.023035932332134326, 0.0, 0.015380236694099152, 0.022173256981297827, 0.0, 0.0, 0.01089208668844536, 0.00476393156717078)",14
1236,4,19,13,"(0.0, 0.02461978404713738, 0.023035932332134326, 0.0, 0.01810411441758469, 0.022173256981297827, 0.0, 0.0, 0.01089208668844536, 0.015094398246755545)",1
1237,4,19,13,"(0.0, 0.02461978404713738, 0.02951568279960028, 0.0, 0.01810411441758469, 0.022173256981297827, 0.0, 0.0, 0.02033082073163406, 0.00476393156717078)",1
1238,4,19,13,"(0.0, 0.02461978404713738, 0.033210599207144614, 0.0, 0.01810411441758469, 0.022173256981297827, 0.0, 0.0, 0.01089208668844536, 0.010764838245490665)",2
1239,4,19,13,"(0.0, 0.02461978404713738, 0.023035932332134326, 0.0, 0.015380236694099152, 0.06453690711318365, 0.0, 0.0, 0.01089208668844536, 0.00476393156717078)",1
1240,4,19,13,"(0.0, 0.02461978404713738, 0.023035932332134326, 0.0, 0.01810411441758469, 0.022173256981297827, 0.0, 0.0, 0.01089208668844536, 0.00476393156717078)",150
1241,4,19,13,"(0.0, 0.05015472471883966, 0.023035932332134326, 0.0, 0.01810411441758469, 0.022173256981297827, 0.0, 0.0, 0.01089208668844536, 0.00476393156717078)",1
1242,4,19,13,"(0.0, 0.02461978404713738, 0.023035932332134326, 0.0, 0.01810411441758469, 0.022173256981297827, 0.0, 0.0, 0.014193286966319186, 0.00476393156717078)",5
1243,4,19,13,"(0.0, 0.0409191868743143, 0.023035932332134326, 0.0, 0.015380236694099152, 0.022173256981297827, 0.0, 0.0, 0.01089208668844536, 0.00476393156717078)",1
1244,4,20,10,"(0.07734904686468291, 0.06927916245295945, 0.22666653463178774, 0.0017773360538905325, 0.0, 0.06291875767155253, 0.0, 0.10994488928074131, 0.0, 0.0)",1
1245,4,20,10,"(0.09967147800169966, 0.06927916245295945, 0.09682940930282144, 0.0017773360538905325, 0.0, 0.06291875767155253, 0.0, 0.10994488928074131, 0.0, 0.0)",1
1246,4,20,10,"(0.060775385411200734, 0.06927916245295945, 0.09682940930282144, 0.0017773360538905325, 0.0, 0.06291875767155253, 0.0, 0.10994488928074131, 0.0, 0.0)",1
1247,4,20,10,"(0.07734904686468291, 0.06927916245295945, 0.09682940930282144, 0.0017773360538905325, 0.0, 0.06291875767155253, 0.0, 0.10994488928074131, 0.0, 0.0)",166
1248,4,20,11,"(0.0, 0.0, 0.09864539577037362, 0.01650583712158267, 0.0, 0.030645849071221472, 0.16773790467281977, 0.08028238650273146, 0.013069140709783858, 0.0)",1
1249,4,20,11,"(0.0, 0.0, 0.09864539577037362, 0.01650583712158267, 0.0, 0.030645849071221472, 0.09572491856946197, 0.08028238650273146, 0.036485718580663774, 0.0)",199
1250,4,20,11,"(0.0, 0.0, 0.09864539577037362, 0.01650583712158267, 0.0, 0.030645849071221472, 0.16773790467281977, 0.04541553900208064, 0.026121609841380632, 0.0)",32
1251,4,20,11,"(0.0, 0.0, 0.09864539577037362, 0.01650583712158267, 0.0, 0.030645849071221472, 0.16773790467281977, 0.08028238650273146, 0.026121609841380632, 0.0)",243
1252,4,20,11,"(0.0, 0.0, 0.10541442109932193, 0.011544306542993849, 0.0, 0.030645849071221472, 0.16773790467281977, 0.08028238650273146, 0.026121609841380632, 0.0)",1
1253,4,20,11,"(0.0, 0.0, 0.09864539577037362, 0.01650583712158267, 0.0, 0.011009171525630737, 0.16773790467281977, 0.08028238650273146, 0.026121609841380632, 0.0)",52
1254,4,20,11,"(0.0, 0.0, 0.09864539577037362, 0.01650583712158267, 0.0, 0.030645849071221472, 0.09572491856946197, 0.08028238650273146, 0.04185248645283403, 0.0)",1
1255,5,0,6,"(0.03426039533065134, 0.011572197494497125, 0.0, 0.030181603934096246, 0.005422768956954101, 0.0, 0.019795240631728064, 0.0, 0.028146417112716555, 0.05874522297052942)",212
1256,5,0,11,"(0.0, 0.0, 0.09864539577037362, 0.01650583712158267, 0.0, 0.028640972334076285, 0.16773790467281977, 0.08028238650273146, 0.014464008541976325, 0.0)",81
1257,5,0,11,"(0.0, 0.0, 0.09864539577037362, 0.01650583712158267, 0.0, 0.030645849071221472, 0.16773790467281977, 0.08028238650273146, 0.026121609841380632, 0.0)",241
1258,5,0,11,"(0.0, 0.0, 0.09864539577037362, 0.01650583712158267, 0.0, 0.030645849071221472, 0.16773790467281977, 0.08028238650273146, 0.019777792850386115, 0.0)",1
1259,5,0,11,"(0.0, 0.0, 0.09864539577037362, 0.01650583712158267, 0.0, 0.030645849071221472, 0.16773790467281977, 0.08028238650273146, 0.03528402975849006, 0.0)",1
1260,5,0,11,"(0.0, 0.0, 0.09864539577037362, 0.01650583712158267, 0.0, 0.030637923170506648, 0.16773790467281977, 0.1020765638806802, 0.007693210170439864, 0.0)",1
1261,5,0,11,"(0.0, 0.0, 0.09864539577037362, 0.01650583712158267, 0.0, 0.041130032426206935, 0.16773790467281977, 0.08028238650273146, 0.026121609841380632, 0.0)",1
1262,5,0,11,"(0.0, 0.0, 0.09864539577037362, 0.01650583712158267, 0.0, 0.030645849071221472, 0.16773790467281977, 0.11478242665324007, 0.026121609841380632, 0.0)",1
1263,5,0,11,"(0.0, 0.0, 0.09864539577037362, 0.01650583712158267, 0.0, 0.030645849071221472, 0.1931306367575295, 0.08028238650273146, 0.026121609841380632, 0.0)",2
1264,5,0,11,"(0.0, 0.0, 0.07569760982581188, 0.014214957860619373, 0.0, 0.030645849071221472, 0.14820873794425218, 0.08028238650273146, 0.026121609841380632, 0.0)",1
1265,5,0,11,"(0.0, 0.0, 0.09864539577037362, 0.01650583712158267, 0.0, 0.030645849071221472, 0.09074001939509364, 0.08028238650273146, 0.026121609841380632, 0.0)",1
1266,5,0,11,"(0.0, 0.0, 0.0714751093962019, 0.01650583712158267, 0.0, 0.030645849071221472, 0.16773790467281977, 0.08028238650273146, 0.026121609841380632, 0.0)",7
1267,5,0,11,"(0.0, 0.0, 0.09864539577037362, 0.01650583712158267, 0.0, 0.030645849071221472, 0.2086149166656046, 0.08028238650273146, 0.026121609841380632, 0.0)",1
1268,5,0,11,"(0.0, 0.0, 0.09864539577037362, 0.01650583712158267, 0.0, 0.030645849071221472, 0.16773790467281977, 0.08028238650273146, 0.012313682895413423, 0.0)",5
1269,5,1,6,"(0.03128512407882453, 0.011572197494497125, 0.0, 0.030181603934096246, 0.005422768956954101, 0.0, 0.019795240631728064, 0.0, 0.028146417112716555, 0.05874522297052942)",3
1270,5,1,6,"(0.03426039533065134, 0.011572197494497125, 0.0, 0.030181603934096246, 0.006139172506949998, 0.0, 0.019795240631728064, 0.0, 0.028146417112716555, 0.05874522297052942)",5
1271,5,1,6,"(0.03426039533065134, 0.011572197494497125, 0.0, 0.03159772958061685, 0.007547881728300927, 0.0, 0.019795240631728064, 0.0, 0.01815374226772124, 0.05874522297052942)",10
1272,5,1,6,"(0.03426039533065134, 0.011572197494497125, 0.0, 0.030181603934096246, 0.005422768956954101, 0.0, 0.019795240631728064, 0.0, 0.028146417112716555, 0.03518444167653118)",3
1273,5,1,6,"(0.03426039533065134, 0.007709832576547827, 0.0, 0.030181603934096246, 0.005422768956954101, 0.0, 0.013649347049497114, 0.0, 0.028146417112716555, 0.05874522297052942)",2
1274,5,1,6,"(0.03426039533065134, 0.011572197494497125, 0.0, 0.030181603934096246, 0.005422768956954101, 0.0, 0.019795240631728064, 0.0, 0.028146417112716555, 0.05874522297052942)",226
1275,5,1,8,"(0.19235562551390653, 0.046525949225991035, 0.0, 0.0, 0.06545333456849688, 0.0, 0.08319516954615302, 0.1116381245929446, 0.0, 0.0)",6
1276,5,1,8,"(0.19235562551390653, 0.046525949225991035, 0.0, 0.0, 0.07022106556493442, 0.0, 0.08319516954615302, 0.1128623673759196, 0.0, 0.0)",3
1277,5,1,8,"(0.19235562551390653, 0.046525949225991035, 0.0, 0.0, 0.07022106556493442, 0.0, 0.08319516954615302, 0.1116381245929446, 0.0, 0.0)",168
1278,5,2,13,"(0.0, 0.028923925694349026, 0.023035932332134326, 0.0, 0.01810411441758469, 0.022173256981297827, 0.0, 0.0, 0.01089208668844536, 0.00476393156717078)",1
1279,5,2,13,"(0.0, 0.02461978404713738, 0.023035932332134326, 0.0, 0.00970885425506607, 0.022173256981297827, 0.0, 0.0, 0.01089208668844536, 0.00476393156717078)",1
1280,5,2,13,"(0.0, 0.02461978404713738, 0.012488192435894057, 0.0, 0.01810411441758469, 0.01930947887096476, 0.0, 0.0, 0.01089208668844536, 0.00476393156717078)",1
1281,5,2,13,"(0.0, 0.02461978404713738, 0.023035932332134326, 0.0, 0.01810411441758469, 0.022173256981297827, 0.0, 0.0, 0.01089208668844536, 0.004418286032526611)",7
1282,5,2,13,"(0.0, 0.02461978404713738, 0.023035932332134326, 0.0, 0.01810411441758469, 0.021255108523881686, 0.0, 0.0, 0.01089208668844536, 0.00476393156717078)",3
1283,5,2,13,"(0.0, 0.012289479584407386, 0.023035932332134326, 0.0, 0.01810411441758469, 0.022173256981297827, 0.0, 0.0, 0.01089208668844536, 0.00476393156717078)",1
1284,5,2,13,"(0.0, 0.02461978404713738, 0.023035932332134326, 0.0, 0.01810411441758469, 0.022173256981297827, 0.0, 0.0, 0.01089208668844536, 0.00476393156717078)",114
1285,5,2,13,"(0.0, 0.02461978404713738, 0.012488192435894057, 0.0, 0.01810411441758469, 0.025902942973352733, 0.0, 0.0, 0.01089208668844536, 0.00476393156717078)",55
1286,5,3,13,"(0.0, 0.02461978404713738, 0.017708393722053392, 0.0, 0.01810411441758469, 0.022173256981297827, 0.0, 0.0, 0.01089208668844536, 0.00476393156717078)",1
1287,5,3,13,"(0.0, 0.02461978404713738, 0.023035932332134326, 0.0, 0.01810411441758469, 0.022173256981297827, 0.0, 0.0, 0.01089208668844536, 0.004790132737907052)",1
1288,5,3,13,"(0.0, 0.02461978404713738, 0.023035932332134326, 0.0, 0.029957851487747416, 0.022173256981297827, 0.0, 0.0, 0.01089208668844536, 0.00476393156717078)",1
1289,5,3,13,"(0.0, 0.02461978404713738, 0.023035932332134326, 0.0, 0.020708523560722177, 0.022173256981297827, 0.0, 0.0, 0.01089208668844536, 0.00476393156717078)",1
1290,5,3,13,"(0.0, 0.02461978404713738, 0.023035932332134326, 0.0, 0.01810411441758469, 0.022173256981297827, 0.0, 0.0, 0.01089208668844536, 0.005944309698804356)",1
1291,5,3,13,"(0.0, 0.02461978404713738, 0.018019625596403376, 0.0, 0.01810411441758469, 0.022173256981297827, 0.0, 0.0, 0.01089208668844536, 0.00476393156717078)",1
1292,5,3,13,"(0.0, 0.02461978404713738, 0.023035932332134326, 0.0, 0.01810411441758469, 0.022173256981297827, 0.0, 0.0, 0.014823147664516997, 0.0032676145533181624)",1
1293,5,3,13,"(0.0, 0.02461978404713738, 0.023035932332134326, 0.0, 0.01810411441758469, 0.023929175018767082, 0.0, 0.0, 0.01089208668844536, 0.00476393156717078)",1
1294,5,3,13,"(0.0, 0.02461978404713738, 0.023035932332134326, 0.0, 0.01810411441758469, 0.022173256981297827, 0.0, 0.0, 0.007173511475945659, 0.00476393156717078)",1
1295,5,3,13,"(0.0, 0.02461978404713738, 0.023035932332134326, 0.0, 0.01810411441758469, 0.022173256981297827, 0.0, 0.0, 0.01089208668844536, 0.00476393156717078)",409
1296,5,3,13,"(0.0, 0.031504008598179256, 0.023035932332134326, 0.0, 0.01810411441758469, 0.022173256981297827, 0.0, 0.0, 0.025314124651608448, 0.00476393156717078)",1
1297,5,3,13,"(0.0, 0.02461978404713738, 0.023035932332134326, 0.0, 0.021500123839988703, 0.022173256981297827, 0.0, 0.0, 0.01089208668844536, 0.00476393156717078)",1
1298,5,3,13,"(0.0, 0.03570180812777115, 0.023035932332134326, 0.0, 0.01810411441758469, 0.032948631260801046, 0.0, 0.0, 0.01089208668844536, 0.00476393156717078)",2
1299,5,4,11,"(0.0, 0.0, 0.09864539577037362, 0.028322488528540947, 0.0, 0.030645849071221472, 0.16773790467281977, 0.08028238650273146, 0.026121609841380632, 0.0)",1
1300,5,4,11,"(0.0, 0.0, 0.09864539577037362, 0.010728227629888717, 0.0, 0.030645849071221472, 0.16773790467281977, 0.08028238650273146, 0.017579589817086686, 0.0)",4
1301,5,4,11,"(0.0, 0.0, 0.09864539577037362, 0.01650583712158267, 0.0, 0.030645849071221472, 0.16773790467281977, 0.07682301827257074, 0.026121609841380632, 0.0)",1
1302,5,4,11,"(0.0, 0.0, 0.09864539577037362, 0.01650583712158267, 0.0, 0.030645849071221472, 0.22919142895075137, 0.08028238650273146, 0.026121609841380632, 0.0)",1
1303,5,4,11,"(0.0, 0.0, 0.09864539577037362, 0.01650583712158267, 0.0, 0.030645849071221472, 0.08153022673827125, 0.07240876560513207, 0.026121609841380632, 0.0)",49
1304,5,4,11,"(0.0, 0.0, 0.09864539577037362, 0.01650583712158267, 0.0, 0.030645849071221472, 0.16773790467281977, 0.09158785803752069, 0.026121609841380632, 0.0)",1
1305,5,4,11,"(0.0, 0.0, 0.09864539577037362, 0.016529264424256777, 0.0, 0.030645849071221472, 0.16773790467281977, 0.08028238650273146, 0.017579589817086686, 0.0)",114
1306,5,4,11,"(0.0, 0.0, 0.09864539577037362, 0.01650583712158267, 0.0, 0.030645849071221472, 0.16773790467281977, 0.08028238650273146, 0.026121609841380632, 0.0)",372
1307,5,5,0,"(0.07400250769571483, 0.0, 0.0, 0.0, 0.0, 0.017098731129875016, 0.08709995783243239, 0.0897397093942576, 0.0, 0.0)",6
1308,5,5,0,"(0.07400250769571483, 0.0, 0.0, 0.0, 0.0, 0.01759199169444947, 0.10082294420673965, 0.0691048466035698, 0.0, 0.0)",54
1309,5,5,0,"(0.07400250769571483, 0.0, 0.0, 0.0, 0.0, 0.017098731129875016, 0.08380840797570269, 0.03800739919942451, 0.0, 0.0)",5
1310,5,5,0,"(0.07400250769571483, 0.0, 0.0, 0.0, 0.0, 0.017098731129875016, 0.15310771893994127, 0.0691048466035698, 0.0, 0.0)",1
1311,5,5,0,"(0.07400250769571483, 0.0, 0.0, 0.0, 0.0, 0.021991199484796994, 0.09494463248598348, 0.0691048466035698, 0.0, 0.0)",4
1312,5,5,0,"(0.11456420339378712, 0.0, 0.0, 0.0, 0.0, 0.017098731129875016, 0.08380840797570269, 0.0691048466035698, 0.0, 0.0)",2
1313,5,5,0,"(0.07400250769571483, 0.0, 0.0, 0.0, 0.0, 0.038664151314593, 0.08380840797570269, 0.05015325966666236, 0.0, 0.0)",2
1314,5,5,0,"(0.1121356161813414, 0.0, 0.0, 0.0, 0.0, 0.017098731129875016, 0.08380840797570269, 0.0691048466035698, 0.0, 0.0)",1
1315,5,5,0,"(0.07400250769571483, 0.0, 0.0, 0.0, 0.0, 0.017098731129875016, 0.1381061263678432, 0.04063557399789948, 0.0, 0.0)",2
1316,5,5,0,"(0.07400250769571483, 0.0, 0.0, 0.0, 0.0, 0.017098731129875016, 0.08380840797570269, 0.0691048466035698, 0.0, 0.0)",176
1317,5,5,0,"(0.07400250769571483, 0.0, 0.0, 0.0, 0.0, 0.017098731129875016, 0.04375353902351901, 0.0691048466035698, 0.0, 0.0)",2
1318,5,5,0,"(0.07400250769571483, 0.0, 0.0, 0.0, 0.0, 0.010163643710425795, 0.08380840797570269, 0.0691048466035698, 0.0, 0.0)",3
1319,5,5,0,"(0.07400250769571483, 0.0, 0.0, 0.0, 0.0, 0.01759199169444947, 0.08380840797570269, 0.0691048466035698, 0.0, 0.0)",13
1320,5,5,6,"(0.03426039533065134, 0.011572197494497125, 0.0, 0.030181603934096246, 0.005422768956954101, 0.0, 0.019795240631728064, 0.0, 0.028146417112716555, 0.04217857699026563)",1
1321,5,5,6,"(0.03426039533065134, 0.011572197494497125, 0.0, 0.030181603934096246, 0.005422768956954101, 0.0, 0.019795240631728064, 0.0, 0.031070911753135987, 0.05874522297052942)",1
1322,5,5,6,"(0.03426039533065134, 0.011572197494497125, 0.0, 0.030181603934096246, 0.005422768956954101, 0.0, 0.019795240631728064, 0.0, 0.028146417112716555, 0.05874522297052942)",286
1323,5,5,6,"(0.03426039533065134, 0.0090988781132424, 0.0, 0.030181603934096246, 0.005422768956954101, 0.0, 0.019795240631728064, 0.0, 0.028146417112716555, 0.05874522297052942)",1
1324,5,6,0,"(0.07400250769571483, 0.0, 0.0, 0.0, 0.0, 0.017098731129875016, 0.06859788203847944, 0.0691048466035698, 0.0, 0.0)",2
1325,5,6,0,"(0.07400250769571483, 0.0, 0.0, 0.0, 0.0, 0.017098731129875016, 0.08380840797570269, 0.0691048466035698, 0.0, 0.0)",126
1326,5,6,0,"(0.05396071015865829, 0.0, 0.0, 0.0, 0.0, 0.01912048589839196, 0.08380840797570269, 0.0691048466035698, 0.0, 0.0)",1
1327,5,6,0,"(0.059372701668531834, 0.0, 0.0, 0.0, 0.0, 0.017098731129875016, 0.08380840797570269, 0.0691048466035698, 0.0, 0.0)",1
1328,5,6,11,"(0.0, 0.0, 0.09864539577037362, 0.014925016906253951, 0.0, 0.030645849071221472, 0.16773790467281977, 0.08028238650273146, 0.026121609841380632, 0.0)",1
1329,5,6,11,"(0.0, 0.0, 0.09864539577037362, 0.03547605118029773, 0.0, 0.030645849071221472, 0.16773790467281977, 0.08028238650273146, 0.026121609841380632, 0.0)",1
1330,5,6,11,"(0.0, 0.0, 0.07170508161521724, 0.01650583712158267, 0.0, 0.030645849071221472, 0.16773790467281977, 0.08028238650273146, 0.026121609841380632, 0.0)",1
1331,5,6,11,"(0.0, 0.0, 0.09864539577037362, 0.01650583712158267, 0.0, 0.030645849071221472, 0.16773790467281977, 0.09957800386128425, 0.026121609841380632, 0.0)",1
1332,5,6,11,"(0.0, 0.0, 0.09864539577037362, 0.01650583712158267, 0.0, 0.030645849071221472, 0.16773790467281977, 0.08028238650273146, 0.026121609841380632, 0.0)",410
1333,5,6,11,"(0.0, 0.0, 0.09864539577037362, 0.01650583712158267, 0.0, 0.030645849071221472, 0.16773790467281977, 0.048270931962069184, 0.024897548943539655, 0.0)",1
1334,5,6,11,"(0.0, 0.0, 0.09864539577037362, 0.01650583712158267, 0.0, 0.030645849071221472, 0.16773790467281977, 0.08028238650273146, 0.027437732510425233, 0.0)",1
1335,5,7,1,"(0.0, 0.0, 0.1607906735655589, 0.0, 0.0, 0.07577624578880941, 0.0, 0.0, 0.0, 0.09965925051150999)",1
1336,5,7,1,"(0.0, 0.0, 0.10922905711608999, 0.0, 0.0, 0.06739882401916521, 0.0, 0.0, 0.0, 0.09965925051150999)",4
1337,5,7,1,"(0.0, 0.0, 0.10922905711608999, 0.0, 0.0, 0.04822353333938555, 0.0, 0.0, 0.0, 0.09965925051150999)",4
1338,5,7,1,"(0.0, 0.0, 0.10922905711608999, 0.0, 0.0, 0.13678763778521477, 0.0, 0.0, 0.0, 0.09965925051150999)",1
1339,5,7,1,"(0.0, 0.0, 0.10922905711608999, 0.0, 0.0, 0.07577624578880941, 0.0, 0.0, 0.0, 0.09965925051150999)",122
1340,5,7,1,"(0.0, 0.0, 0.21955716164827177, 0.0, 0.0, 0.03956231079973331, 0.0, 0.0, 0.0, 0.09965925051150999)",1
1341,5,7,13,"(0.0, 0.02461978404713738, 0.023035932332134326, 0.0, 0.015137614716607444, 0.022173256981297827, 0.0, 0.0, 0.01089208668844536, 0.00476393156717078)",2
1342,5,7,13,"(0.0, 0.02461978404713738, 0.023035932332134326, 0.0, 0.01810411441758469, 0.022173256981297827, 0.0, 0.0, 0.007367493717501645, 0.00476393156717078)",2
1343,5,7,13,"(0.0, 0.02192263262627613, 0.023035932332134326, 0.0, 0.01810411441758469, 0.027569464215209692, 0.0, 0.0, 0.01089208668844536, 0.00476393156717078)",1
1344,5,7,13,"(0.0, 0.02461978404713738, 0.023035932332134326, 0.0, 0.015137614716607444, 0.017068319593926563, 0.0, 0.0, 0.01089208668844536, 0.00476393156717078)",1
1345,5,7,13,"(0.0, 0.02461978404713738, 0.023035932332134326, 0.0, 0.01810411441758469, 0.022173256981297827, 0.0, 0.0, 0.009940161005259953, 0.00476393156717078)",14
1346,5,7,13,"(0.0, 0.02461978404713738, 0.023035932332134326, 0.0, 0.016292376180624048, 0.022173256981297827, 0.0, 0.0, 0.01089208668844536, 0.00476393156717078)",3
1347,5,7,13,"(0.0, 0.02461978404713738, 0.03141321886511172, 0.0, 0.015887050909354956, 0.022173256981297827, 0.0, 0.0, 0.01089208668844536, 0.00476393156717078)",1
1348,5,7,13,"(0.0, 0.02461978404713738, 0.023035932332134326, 0.0, 0.01810411441758469, 0.022173256981297827, 0.0, 0.0, 0.01742881705239104, 0.008457515449680595)",1
1349,5,7,13,"(0.0, 0.02461978404713738, 0.023035932332134326, 0.0, 0.01810411441758469, 0.022173256981297827, 0.0, 0.0, 0.01089208668844536, 0.00476393156717078)",274
1350,5,8,6,"(0.03426039533065134, 0.011572197494497125, 0.0, 0.030181603934096246, 0.005422768956954101, 0.0, 0.019795240631728064, 0.0, 0.028146417112716555, 0.05874522297052942)",146
1351,5,8,6,"(0.03426039533065134, 0.011572197494497125, 0.0, 0.030181603934096246, 0.0049532753187897524, 0.0, 0.019795240631728064, 0.0, 0.028146417112716555, 0.05874522297052942)",1
1352,5,8,6,"(0.05691288161382838, 0.011786812377538213, 0.0, 0.030181603934096246, 0.005422768956954101, 0.0, 0.019795240631728064, 0.0, 0.018799124573517977, 0.05956057839466031)",9
1353,5,8,11,"(0.0, 0.0, 0.09864539577037362, 0.01650583712158267, 0.0, 0.030645849071221472, 0.16773790467281977, 0.08028238650273146, 0.02449784523983042, 0.0)",19
1354,5,8,11,"(0.0, 0.0, 0.09864539577037362, 0.022365158134726042, 0.0, 0.030645849071221472, 0.17395540428886927, 0.08028238650273146, 0.026121609841380632, 0.0)",27
1355,5,8,11,"(0.0, 0.0, 0.09864539577037362, 0.01650583712158267, 0.0, 0.034703370226851035, 0.07548742268890471, 0.08028238650273146, 0.026121609841380632, 0.0)",2
1356,5,8,11,"(0.0, 0.0, 0.09864539577037362, 0.01650583712158267, 0.0, 0.031211978481304123, 0.13855135743719746, 0.08028238650273146, 0.026121609841380632, 0.0)",29
1357,5,8,11,"(0.0, 0.0, 0.09864539577037362, 0.01650583712158267, 0.0, 0.030645849071221472, 0.16773790467281977, 0.08028238650273146, 0.026121609841380632, 0.0)",290
1358,5,8,11,"(0.0, 0.0, 0.09864539577037362, 0.01650583712158267, 0.0, 0.030645849071221472, 0.16773790467281977, 0.07352679547990026, 0.026121609841380632, 0.0)",2
1359,5,9,8,"(0.19235562551390653, 0.046525949225991035, 0.0, 0.0, 0.07022106556493442, 0.0, 0.08319516954615302, 0.1116381245929446, 0.0, 0.0)",15
1360,5,9,11,"(0.0, 0.0, 0.09864539577037362, 0.01650583712158267, 0.0, 0.035175755861788456, 0.16773790467281977, 0.08028238650273146, 0.026121609841380632, 0.0)",1
1361,5,9,11,"(0.0, 0.0, 0.0855366262160614, 0.01650583712158267, 0.0, 0.030645849071221472, 0.16773790467281977, 0.08028238650273146, 0.026121609841380632, 0.0)",1
1362,5,9,11,"(0.0, 0.0, 0.09864539577037362, 0.01650583712158267, 0.0, 0.01382131411832841, 0.16773790467281977, 0.08028238650273146, 0.050228531100358395, 0.0)",1
1363,5,9,11,"(0.0, 0.0, 0.09864539577037362, 0.01650583712158267, 0.0, 0.055248032544967844, 0.16773790467281977, 0.08028238650273146, 0.026121609841380632, 0.0)",1
1364,5,9,11,"(0.0, 0.0, 0.09864539577037362, 0.013403117600591936, 0.0, 0.01382131411832841, 0.16773790467281977, 0.08028238650273146, 0.050228531100358395, 0.0)",1
1365,5,9,11,"(0.0, 0.0, 0.09864539577037362, 0.01650583712158267, 0.0, 0.030645849071221472, 0.2606451380929208, 0.08028238650273146, 0.026121609841380632, 0.0)",1
1366,5,9,11,"(0.0, 0.0, 0.09864539577037362, 0.01650583712158267, 0.0, 0.029043996911635967, 0.16773790467281977, 0.08028238650273146, 0.026121609841380632, 0.0)",1
1367,5,9,11,"(0.0, 0.0, 0.09864539577037362, 0.01650583712158267, 0.0, 0.025955691562994817, 0.16773790467281977, 0.08028238650273146, 0.026121609841380632, 0.0)",1
1368,5,9,11,"(0.0, 0.0, 0.09864539577037362, 0.01650583712158267, 0.0, 0.015047642517314023, 0.16773790467281977, 0.08028238650273146, 0.026121609841380632, 0.0)",1
1369,5,9,11,"(0.0, 0.0, 0.09864539577037362, 0.00933217668072711, 0.0, 0.030645849071221472, 0.16773790467281977, 0.08028238650273146, 0.026121609841380632, 0.0)",1
1370,5,9,11,"(0.0, 0.0, 0.09864539577037362, 0.01650583712158267, 0.0, 0.030645849071221472, 0.16773790467281977, 0.08028238650273146, 0.026121609841380632, 0.0)",514
1371,5,9,11,"(0.0, 0.0, 0.11755819882518005, 0.01650583712158267, 0.0, 0.02375279233445006, 0.16773790467281977, 0.08028238650273146, 0.026121609841380632, 0.0)",7
1372,5,9,11,"(0.0, 0.0, 0.09864539577037362, 0.01650583712158267, 0.0, 0.030645849071221472, 0.16773790467281977, 0.08028238650273146, 0.050228531100358395, 0.0)",66
1373,5,10,13,"(0.0, 0.023513220878387506, 0.023035932332134326, 0.0, 0.01810411441758469, 0.013143724974855773, 0.0, 0.0, 0.01089208668844536, 0.007081231364337379)",1
1374,5,10,13,"(0.0, 0.02461978404713738, 0.023035932332134326, 0.0, 0.01810411441758469, 0.01289112737472178, 0.0, 0.0, 0.01089208668844536, 0.00476393156717078)",2
1375,5,10,13,"(0.0, 0.02461978404713738, 0.058309562981524315, 0.0, 0.01810411441758469, 0.022173256981297827, 0.0, 0.0, 0.008066080406003165, 0.00476393156717078)",113
1376,5,10,13,"(0.0, 0.022944559650216828, 0.058309562981524315, 0.0, 0.01810411441758469, 0.018827196852481187, 0.0, 0.0, 0.008066080406003165, 0.00476393156717078)",1
1377,5,10,13,"(0.0, 0.02461978404713738, 0.023035932332134326, 0.0, 0.01810411441758469, 0.022173256981297827, 0.0, 0.0, 0.01089208668844536, 0.00476393156717078)",163
1378,5,10,13,"(0.0, 0.018722253319055877, 0.023035932332134326, 0.0, 0.01810411441758469, 0.022173256981297827, 0.0, 0.0, 0.01089208668844536, 0.00476393156717078)",1
1379,5,10,13,"(0.0, 0.02461978404713738, 0.023035932332134326, 0.0, 0.020632729898965044, 0.022173256981297827, 0.0, 0.0, 0.01089208668844536, 0.00476393156717078)",1
1380,5,10,13,"(0.0, 0.02761051449244269, 0.058309562981524315, 0.0, 0.01810411441758469, 0.022173256981297827, 0.0, 0.0, 0.008066080406003165, 0.00476393156717078)",1
1381,5,10,13,"(0.0, 0.02461978404713738, 0.023035932332134326, 0.0, 0.02000525484736957, 0.022173256981297827, 0.0, 0.0, 0.01089208668844536, 0.00476393156717078)",1
1382,5,11,13,"(0.0, 0.02461978404713738, 0.023035932332134326, 0.0, 0.016973567656639824, 0.010197041593145904, 0.0, 0.0, 0.01089208668844536, 0.004436641746586963)",6
1383,5,11,13,"(0.0, 0.02461978404713738, 0.023035932332134326, 0.0, 0.01810411441758469, 0.010128593026493129, 0.0, 0.0, 0.01089208668844536, 0.00476393156717078)",4
1384,5,11,13,"(0.0, 0.013750214647839988, 0.023035932332134326, 0.0, 0.016973567656639824, 0.022173256981297827, 0.0, 0.0, 0.01089208668844536, 0.004436641746586963)",12
1385,5,11,13,"(0.0, 0.02461978404713738, 0.023035932332134326, 0.0, 0.016973567656639824, 0.022173256981297827, 0.0, 0.0, 0.01089208668844536, 0.004436641746586963)",78
1386,5,11,13,"(0.0, 0.02461978404713738, 0.023035932332134326, 0.0, 0.016973567656639824, 0.01993314628693928, 0.0, 0.0, 0.01089208668844536, 0.004436641746586963)",1
1387,5,11,13,"(0.0, 0.02461978404713738, 0.023035932332134326, 0.0, 0.01810411441758469, 0.022173256981297827, 0.0, 0.0, 0.01089208668844536, 0.00476393156717078)",152
1388,5,12,8,"(0.19982707150804818, 0.046525949225991035, 0.0, 0.0, 0.07022106556493442, 0.0, 0.08319516954615302, 0.1116381245929446, 0.0, 0.0)",1
1389,5,12,8,"(0.19235562551390653, 0.046525949225991035, 0.0, 0.0, 0.0753843297456668, 0.0, 0.08319516954615302, 0.1116381245929446, 0.0, 0.0)",1
1390,5,12,8,"(0.19235562551390653, 0.0618566125917924, 0.0, 0.0, 0.07022106556493442, 0.0, 0.08319516954615302, 0.1116381245929446, 0.0, 0.0)",1
1391,5,12,8,"(0.19492463745967872, 0.046525949225991035, 0.0, 0.0, 0.07022106556493442, 0.0, 0.08319516954615302, 0.10298434238266496, 0.0, 0.0)",1
1392,5,12,8,"(0.19235562551390653, 0.06615145586054429, 0.0, 0.0, 0.07022106556493442, 0.0, 0.08319516954615302, 0.07171116668565235, 0.0, 0.0)",5
1393,5,12,8,"(0.19235562551390653, 0.046525949225991035, 0.0, 0.0, 0.07022106556493442, 0.0, 0.08319516954615302, 0.1116381245929446, 0.0, 0.0)",215
1394,5,12,10,"(0.08977937716310895, 0.06927916245295945, 0.09682940930282144, 0.0017773360538905325, 0.0, 0.06291875767155253, 0.0, 0.10994488928074131, 0.0, 0.0)",3
1395,5,12,10,"(0.07734904686468291, 0.06927916245295945, 0.11563369670531147, 0.0017773360538905325, 0.0, 0.0517900286791978, 0.0, 0.10994488928074131, 0.0, 0.0)",41
1396,5,12,10,"(0.07734904686468291, 0.19879519936981221, 0.09682940930282144, 0.003953451649317225, 0.0, 0.06291875767155253, 0.0, 0.09056340045469478, 0.0, 0.0)",1
1397,5,12,10,"(0.07734904686468291, 0.06927916245295945, 0.09682940930282144, 0.0017773360538905325, 0.0, 0.06291875767155253, 0.0, 0.10994488928074131, 0.0, 0.0)",154
1398,5,12,10,"(0.07734904686468291, 0.05035379143676797, 0.09682940930282144, 0.0017773360538905325, 0.0, 0.036922181883551335, 0.0, 0.10994488928074131, 0.0, 0.0)",10
1399,5,12,10,"(0.07734904686468291, 0.06927916245295945, 0.09682940930282144, 0.0012389050578716031, 0.0, 0.06291875767155253, 0.0, 0.10994488928074131, 0.0, 0.0)",21
1400,5,12,10,"(0.07734904686468291, 0.06927916245295945, 0.09682940930282144, 0.0017849036885736766, 0.0, 0.056510091813366616, 0.0, 0.10994488928074131, 0.0, 0.0)",5
1401,5,12,10,"(0.05730945375811498, 0.06927916245295945, 0.09682940930282144, 0.0012389050578716031, 0.0, 0.0555042320818894, 0.0, 0.10994488928074131, 0.0, 0.0)",1
1402,5,13,6,"(0.03426039533065134, 0.011572197494497125, 0.0, 0.030181603934096246, 0.005422768956954101, 0.0, 0.019795240631728064, 0.0, 0.028146417112716555, 0.05874522297052942)",199
1403,5,13,6,"(0.03426039533065134, 0.011572197494497125, 0.0, 0.01934666060519915, 0.005422768956954101, 0.0, 0.019795240631728064, 0.0, 0.028146417112716555, 0.05874522297052942)",1
1404,5,13,14,"(0.0, 0.017248724174617657, 0.0, 0.0, 0.0, 0.0, 0.1096916615896246, 0.07609886892949795, 0.03621416498310447, 0.0)",226
1405,5,13,14,"(0.0, 0.017248724174617657, 0.0, 0.0, 0.0, 0.0, 0.1096916615896246, 0.062341004357599546, 0.03621416498310447, 0.0)",2
1406,5,13,14,"(0.0, 0.017248724174617657, 0.0, 0.0, 0.0, 0.0, 0.1096916615896246, 0.06556396882981161, 0.03621416498310447, 0.0)",1
1407,5,13,14,"(0.0, 0.01115174943736138, 0.0, 0.0, 0.0, 0.0, 0.1096916615896246, 0.07609886892949795, 0.03621416498310447, 0.0)",1
1408,5,13,14,"(0.0, 0.02165849529373126, 0.0, 0.0, 0.0, 0.0, 0.1096916615896246, 0.07609886892949795, 0.03621416498310447, 0.0)",1
1409,5,14,11,"(0.0, 0.0, 0.08442377878572423, 0.01650583712158267, 0.0, 0.05750831865372061, 0.16773790467281977, 0.08028238650273146, 0.026121609841380632, 0.0)",3
1410,5,14,11,"(0.0, 0.0, 0.09864539577037362, 0.01650583712158267, 0.0, 0.030645849071221472, 0.16773790467281977, 0.08028238650273146, 0.026121609841380632, 0.0)",100
1411,5,14,11,"(0.0, 0.0, 0.08442377878572423, 0.01650583712158267, 0.0, 0.030645849071221472, 0.16773790467281977, 0.08028238650273146, 0.026121609841380632, 0.0)",75
1412,5,14,13,"(0.0, 0.02461978404713738, 0.015005874637528817, 0.0, 0.01810411441758469, 0.022173256981297827, 0.0, 0.0, 0.01089208668844536, 0.00476393156717078)",1
1413,5,14,13,"(0.0, 0.02461978404713738, 0.02142296036550638, 0.0, 0.01810411441758469, 0.022173256981297827, 0.0, 0.0, 0.01089208668844536, 0.00476393156717078)",8
1414,5,14,13,"(0.0, 0.02461978404713738, 0.023035932332134326, 0.0, 0.01810411441758469, 0.022173256981297827, 0.0, 0.0, 0.01089208668844536, 0.003476812067053547)",2
1415,5,14,13,"(0.0, 0.02461978404713738, 0.023035932332134326, 0.0, 0.01810411441758469, 0.01865541247224602, 0.0, 0.0, 0.01089208668844536, 0.00476393156717078)",1
1416,5,14,13,"(0.0, 0.048538102529598594, 0.023035932332134326, 0.0, 0.01810411441758469, 0.022173256981297827, 0.0, 0.0, 0.01089208668844536, 0.00476393156717078)",1
1417,5,14,13,"(0.0, 0.02461978404713738, 0.023035932332134326, 0.0, 0.01440981737677946, 0.022173256981297827, 0.0, 0.0, 0.01089208668844536, 0.00476393156717078)",1
1418,5,14,13,"(0.0, 0.02461978404713738, 0.023035932332134326, 0.0, 0.01810411441758469, 0.03335642670506923, 0.0, 0.0, 0.01089208668844536, 0.00476393156717078)",1
1419,5,14,13,"(0.0, 0.02461978404713738, 0.023035932332134326, 0.0, 0.0262225241482113, 0.022173256981297827, 0.0, 0.0, 0.01089208668844536, 0.004029241301392542)",1
1420,5,14,13,"(0.0, 0.02461978404713738, 0.023035932332134326, 0.0, 0.017329509316509114, 0.022173256981297827, 0.0, 0.0, 0.01089208668844536, 0.00476393156717078)",1
1421,5,14,13,"(0.0, 0.02461978404713738, 0.023035932332134326, 0.0, 0.01810411441758469, 0.022173256981297827, 0.0, 0.0, 0.01089208668844536, 0.00476393156717078)",312
1422,5,14,13,"(0.0, 0.02461978404713738, 0.023035932332134326, 0.0, 0.01810411441758469, 0.022173256981297827, 0.0, 0.0, 0.01089208668844536, 0.0028938536559359844)",2
1423,5,15,6,"(0.03426039533065134, 0.011572197494497125, 0.0, 0.030181603934096246, 0.005422768956954101, 0.0, 0.019795240631728064, 0.0, 0.028146417112716555, 0.05535112704365962)",1
1424,5,15,6,"(0.03426039533065134, 0.011572197494497125, 0.0, 0.030181603934096246, 0.005422768956954101, 0.0, 0.019795240631728064, 0.0, 0.028146417112716555, 0.034613967550919986)",3
1425,5,15,6,"(0.03426039533065134, 0.011572197494497125, 0.0, 0.030181603934096246, 0.004941469041294717, 0.0, 0.019795240631728064, 0.0, 0.028146417112716555, 0.05874522297052942)",3
1426,5,15,6,"(0.03426039533065134, 0.011572197494497125, 0.0, 0.030181603934096246, 0.005422768956954101, 0.0, 0.019795240631728064, 0.0, 0.021357288309710416, 0.05874522297052942)",1
1427,5,15,6,"(0.03426039533065134, 0.011572197494497125, 0.0, 0.030181603934096246, 0.005422768956954101, 0.0, 0.019795240631728064, 0.0, 0.028146417112716555, 0.05874522297052942)",150
1428,5,15,11,"(0.0, 0.0, 0.11839367174953695, 0.01650583712158267, 0.0, 0.030645849071221472, 0.166522774638829, 0.0404147798164449, 0.026121609841380632, 0.0)",2
1429,5,15,11,"(0.0, 0.0, 0.11839367174953695, 0.01650583712158267, 0.0, 0.030645849071221472, 0.27388113021383076, 0.0404147798164449, 0.026121609841380632, 0.0)",17
1430,5,15,11,"(0.0, 0.0, 0.11839367174953695, 0.01650583712158267, 0.0, 0.030645849071221472, 0.16773790467281977, 0.0401911735770737, 0.026121609841380632, 0.0)",1
1431,5,15,11,"(0.0, 0.0, 0.11839367174953695, 0.01650583712158267, 0.0, 0.030645849071221472, 0.15034857964739617, 0.0404147798164449, 0.03674988473225862, 0.0)",1
1432,5,15,11,"(0.0, 0.0, 0.11839367174953695, 0.01650583712158267, 0.0, 0.030645849071221472, 0.16773790467281977, 0.019944961523701763, 0.026121609841380632, 0.0)",1
1433,5,15,11,"(0.0, 0.0, 0.11839367174953695, 0.016975056347695094, 0.0, 0.030645849071221472, 0.16773790467281977, 0.0404147798164449, 0.026121609841380632, 0.0)",7
1434,5,15,11,"(0.0, 0.0, 0.09864539577037362, 0.01650583712158267, 0.0, 0.030645849071221472, 0.16773790467281977, 0.08028238650273146, 0.026121609841380632, 0.0)",72
1435,5,15,11,"(0.0, 0.0, 0.09864539577037362, 0.007869089289435052, 0.0, 0.030645849071221472, 0.16773790467281977, 0.08028238650273146, 0.026121609841380632, 0.0)",1
1436,5,15,11,"(0.0, 0.0, 0.11839367174953695, 0.01650583712158267, 0.0, 0.030645849071221472, 0.16773790467281977, 0.02561892220908178, 0.026121609841380632, 0.0)",5
1437,5,15,11,"(0.0, 0.0, 0.1659666214387858, 0.01650583712158267, 0.0, 0.030645849071221472, 0.16773790467281977, 0.0404147798164449, 0.026121609841380632, 0.0)",1
1438,5,15,11,"(0.0, 0.0, 0.11839367174953695, 0.01650583712158267, 0.0, 0.030645849071221472, 0.16773790467281977, 0.0404147798164449, 0.026121609841380632, 0.0)",251
1439,5,15,11,"(0.0, 0.0, 0.09864539577037362, 0.01650583712158267, 0.0, 0.030645849071221472, 0.16773790467281977, 0.08028238650273146, 0.027844963442055247, 0.0)",2
1440,5,16,1,"(0.0, 0.0, 0.10922905711608999, 0.0, 0.0, 0.07577624578880941, 0.0, 0.0, 0.0, 0.09965925051150999)",288
1441,5,16,1,"(0.0, 0.0, 0.10922905711608999, 0.0, 0.0, 0.07577624578880941, 0.0, 0.0, 0.0, 0.1395741282523311)",4
1442,5,16,1,"(0.0, 0.0, 0.10922905711608999, 0.0, 0.0, 0.1653324828573298, 0.0, 0.0, 0.0, 0.09965925051150999)",3
1443,5,16,1,"(0.0, 0.0, 0.10922905711608999, 0.0, 0.0, 0.06319575800651595, 0.0, 0.0, 0.0, 0.09965925051150999)",18
1444,5,16,1,"(0.0, 0.0, 0.041406372128065916, 0.0, 0.0, 0.0199117526153351, 0.0, 0.0, 0.0, 0.09965925051150999)",252
1445,5,16,1,"(0.0, 0.0, 0.045276185242870075, 0.0, 0.0, 0.0199117526153351, 0.0, 0.0, 0.0, 0.09965925051150999)",1
1446,5,16,1,"(0.0, 0.0, 0.041406372128065916, 0.0, 0.0, 0.06370317758442484, 0.0, 0.0, 0.0, 0.09965925051150999)",14
1447,5,16,1,"(0.0, 0.0, 0.10922905711608999, 0.0, 0.0, 0.07577624578880941, 0.0, 0.0, 0.0, 0.07900930926075476)",1
1448,5,16,8,"(0.14593654661021266, 0.04904700654035262, 0.0, 0.0, 0.07022106556493442, 0.0, 0.0668099751067927, 0.1116381245929446, 0.0, 0.0)",29
1449,5,16,8,"(0.19235562551390653, 0.04334546018249462, 0.0, 0.0, 0.07022106556493442, 0.0, 0.08319516954615302, 0.1116381245929446, 0.0, 0.0)",22
1450,5,16,8,"(0.19235562551390653, 0.046525949225991035, 0.0, 0.0, 0.07022106556493442, 0.0, 0.11366967012805985, 0.1116381245929446, 0.0, 0.0)",4
1451,5,16,8,"(0.19235562551390653, 0.046525949225991035, 0.0, 0.0, 0.07022106556493442, 0.0, 0.1015955625109285, 0.1116381245929446, 0.0, 0.0)",1
1452,5,16,8,"(0.19235562551390653, 0.046525949225991035, 0.0, 0.0, 0.07022106556493442, 0.0, 0.08319516954615302, 0.1116381245929446, 0.0, 0.0)",224
1453,5,17,1,"(0.0, 0.0, 0.17837290593972965, 0.0, 0.0, 0.07531766906448367, 0.0, 0.0, 0.0, 0.0910060267578522)",1
1454,5,17,1,"(0.0, 0.0, 0.10922905711608999, 0.0, 0.0, 0.07577624578880941, 0.0, 0.0, 0.0, 0.08106635768435251)",1
1455,5,17,1,"(0.0, 0.0, 0.10922905711608999, 0.0, 0.0, 0.07577624578880941, 0.0, 0.0, 0.0, 0.08205925883501788)",1
1456,5,17,1,"(0.0, 0.0, 0.10922905711608999, 0.0, 0.0, 0.07577624578880941, 0.0, 0.0, 0.0, 0.09965925051150999)",435
1457,5,17,1,"(0.0, 0.0, 0.10127794389694403, 0.0, 0.0, 0.07577624578880941, 0.0, 0.0, 0.0, 0.09965925051150999)",11
1458,5,17,1,"(0.0, 0.0, 0.10922905711608999, 0.0, 0.0, 0.030018978917809972, 0.0, 0.0, 0.0, 0.0910060267578522)",90
1459,5,17,1,"(0.0, 0.0, 0.19227276324976184, 0.0, 0.0, 0.0564878153935797, 0.0, 0.0, 0.0, 0.09965925051150999)",21
1460,5,17,1,"(0.0, 0.0, 0.10922905711608999, 0.0, 0.0, 0.11556359710341689, 0.0, 0.0, 0.0, 0.09965925051150999)",2
1461,5,17,8,"(0.19235562551390653, 0.046525949225991035, 0.0, 0.0, 0.07022106556493442, 0.0, 0.08319516954615302, 0.1116381245929446, 0.0, 0.0)",229
1462,5,17,8,"(0.2351823456836153, 0.046525949225991035, 0.0, 0.0, 0.07628135191921945, 0.0, 0.0762305127068032, 0.1116381245929446, 0.0, 0.0)",2
1463,5,17,8,"(0.2227793085880784, 0.046525949225991035, 0.0, 0.0, 0.07022106556493442, 0.0, 0.08319516954615302, 0.1116381245929446, 0.0, 0.0)",3
1464,5,17,8,"(0.19235562551390653, 0.04632028014141928, 0.0, 0.0, 0.07022106556493442, 0.0, 0.08319516954615302, 0.1116381245929446, 0.0, 0.0)",39
1465,5,18,1,"(0.0, 0.0, 0.10922905711608999, 0.0, 0.0, 0.07577624578880941, 0.0, 0.0, 0.0, 0.10367485643507554)",4
1466,5,18,1,"(0.0, 0.0, 0.10922905711608999, 0.0, 0.0, 0.2364108910495898, 0.0, 0.0, 0.0, 0.06296498806475766)",3
1467,5,18,1,"(0.0, 0.0, 0.12249985433218921, 0.0, 0.0, 0.07577624578880941, 0.0, 0.0, 0.0, 0.09965925051150999)",1
1468,5,18,1,"(0.0, 0.0, 0.10922905711608999, 0.0, 0.0, 0.07577624578880941, 0.0, 0.0, 0.0, 0.053752780467614635)",1
1469,5,18,1,"(0.0, 0.0, 0.10206150280306321, 0.0, 0.0, 0.07577624578880941, 0.0, 0.0, 0.0, 0.09965925051150999)",2
1470,5,18,1,"(0.0, 0.0, 0.10922905711608999, 0.0, 0.0, 0.07577624578880941, 0.0, 0.0, 0.0, 0.09965925051150999)",82
1471,5,18,10,"(0.07734904686468291, 0.06927916245295945, 0.12586896930449545, 0.0017773360538905325, 0.0, 0.06291875767155253, 0.0, 0.10994488928074131, 0.0, 0.0)",13
1472,5,18,10,"(0.07734904686468291, 0.06927916245295945, 0.09682940930282144, 0.0017773360538905325, 0.0, 0.06291875767155253, 0.0, 0.10994488928074131, 0.0, 0.0)",119
1473,5,18,10,"(0.07734904686468291, 0.06927916245295945, 0.1484953111379086, 0.0017773360538905325, 0.0, 0.06291875767155253, 0.0, 0.10994488928074131, 0.0, 0.0)",5
1474,5,18,10,"(0.07734904686468291, 0.060896461712617395, 0.09682940930282144, 0.0017773360538905325, 0.0, 0.06291875767155253, 0.0, 0.10994488928074131, 0.0, 0.0)",9
1475,5,18,10,"(0.07734904686468291, 0.06927916245295945, 0.09943240365545393, 0.0017773360538905325, 0.0, 0.06291875767155253, 0.0, 0.10994488928074131, 0.0, 0.0)",1
1476,5,18,11,"(0.0, 0.0, 0.09864539577037362, 0.01650583712158267, 0.0, 0.030645849071221472, 0.15170834725769283, 0.08028238650273146, 0.026121609841380632, 0.0)",1
1477,5,18,11,"(0.0, 0.0, 0.09864539577037362, 0.01650583712158267, 0.0, 0.030645849071221472, 0.16773790467281977, 0.08028238650273146, 0.04524567822340625, 0.0)",1
1478,5,18,11,"(0.0, 0.0, 0.09864539577037362, 0.010262003725350969, 0.0, 0.009422220905408752, 0.16773790467281977, 0.08028238650273146, 0.026121609841380632, 0.0)",14
1479,5,18,11,"(0.0, 0.0, 0.09864539577037362, 0.01650583712158267, 0.0, 0.030645849071221472, 0.20533873493084298, 0.08028238650273146, 0.026121609841380632, 0.0)",1
1480,5,18,11,"(0.0, 0.0, 0.09864539577037362, 0.01650583712158267, 0.0, 0.030645849071221472, 0.16773790467281977, 0.08028238650273146, 0.026121609841380632, 0.0)",325
1481,5,18,11,"(0.0, 0.0, 0.09864539577037362, 0.01650583712158267, 0.0, 0.030645849071221472, 0.16773790467281977, 0.08028238650273146, 0.029711003867564974, 0.0)",1
1482,5,18,11,"(0.0, 0.0, 0.09864539577037362, 0.01650583712158267, 0.0, 0.06098870200469474, 0.11616536576872423, 0.08028238650273146, 0.026121609841380632, 0.0)",1
1483,5,18,11,"(0.0, 0.0, 0.042981260792613676, 0.01650583712158267, 0.0, 0.030645849071221472, 0.16773790467281977, 0.08028238650273146, 0.026121609841380632, 0.0)",2
1484,5,18,11,"(0.0, 0.0, 0.2098873839125028, 0.01650583712158267, 0.0, 0.030645849071221472, 0.16773790467281977, 0.08028238650273146, 0.026121609841380632, 0.0)",3
1485,5,18,11,"(0.0, 0.0, 0.09864539577037362, 0.016591813785511535, 0.0, 0.008730228695729533, 0.16773790467281977, 0.050568434844060074, 0.026121609841380632, 0.0)",4
1486,5,18,11,"(0.0, 0.0, 0.09864539577037362, 0.01650583712158267, 0.0, 0.030645849071221472, 0.16773790467281977, 0.08028238650273146, 0.019019456809607305, 0.0)",8
1487,5,19,0,"(0.07400250769571483, 0.0, 0.0, 0.0, 0.0, 0.017098731129875016, 0.08380840797570269, 0.0691048466035698, 0.0, 0.0)",199
1488,5,19,13,"(0.0, 0.02461978404713738, 0.023035932332134326, 0.0, 0.01810411441758469, 0.022173256981297827, 0.0, 0.0, 0.01089208668844536, 0.00476393156717078)",152
1489,5,19,13,"(0.0, 0.02461978404713738, 0.023035932332134326, 0.0, 0.01810411441758469, 0.022173256981297827, 0.0, 0.0, 0.01089208668844536, 0.0026199729376045152)",3
1490,5,19,13,"(0.0, 0.02461978404713738, 0.020903287086620558, 0.0, 0.01810411441758469, 0.022173256981297827, 0.0, 0.0, 0.01089208668844536, 0.00476393156717078)",1
1491,5,20,10,"(0.07734904686468291, 0.06927916245295945, 0.09682940930282144, 0.0017773360538905325, 0.0, 0.06291875767155253, 0.0, 0.10994488928074131, 0.0, 0.0)",161
1492,5,20,11,"(0.0, 0.0, 0.1340935653792497, 0.01650583712158267, 0.0, 0.030645849071221472, 0.16773790467281977, 0.08028238650273146, 0.026121609841380632, 0.0)",2
1493,5,20,11,"(0.0, 0.0, 0.09864539577037362, 0.01708626755734886, 0.0, 0.030645849071221472, 0.09572491856946197, 0.08028238650273146, 0.036485718580663774, 0.0)",2
1494,5,20,11,"(0.0, 0.0, 0.09864539577037362, 0.022295820332129818, 0.0, 0.03843258166130808, 0.16773790467281977, 0.08028238650273146, 0.026121609841380632, 0.0)",1
1495,5,20,11,"(0.0, 0.0, 0.09864539577037362, 0.01650583712158267, 0.0, 0.011009171525630737, 0.16773790467281977, 0.08028238650273146, 0.026121609841380632, 0.0)",12
1496,5,20,11,"(0.0, 0.0, 0.09864539577037362, 0.018469348902755228, 0.0, 0.030645849071221472, 0.16773790467281977, 0.08028238650273146, 0.026121609841380632, 0.0)",2
1497,5,20,11,"(0.0, 0.0, 0.09864539577037362, 0.01650583712158267, 0.0, 0.030645849071221472, 0.16773790467281977, 0.08028238650273146, 0.026121609841380632, 0.0)",125
1498,5,20,11,"(0.0, 0.0, 0.10595933709933769, 0.01650583712158267, 0.0, 0.030645849071221472, 0.09572491856946197, 0.08028238650273146, 0.036485718580663774, 0.0)",1
1499,5,20,11,"(0.0, 0.0, 0.09864539577037362, 0.01650583712158267, 0.0, 0.030645849071221472, 0.07582184229163035, 0.08028238650273146, 0.036485718580663774, 0.0)",1
1500,5,20,11,"(0.0, 0.0, 0.09864539577037362, 0.007713144109466159, 0.0, 0.030645849071221472, 0.09572491856946197, 0.08028238650273146, 0.036485718580663774, 0.0)",2
1501,5,20,11,"(0.0, 0.0, 0.09864539577037362, 0.01650583712158267, 0.0, 0.030645849071221472, 0.09572491856946197, 0.08028238650273146, 0.03803229746114077, 0.0)",1
1502,5,20,11,"(0.0, 0.0, 0.09864539577037362, 0.015058258610751704, 0.0, 0.030645849071221472, 0.16773790467281977, 0.08028238650273146, 0.038008525394839024, 0.0)",10
1503,5,20,11,"(0.0, 0.0, 0.09864539577037362, 0.01650583712158267, 0.0, 0.030645849071221472, 0.12446227998138437, 0.08028238650273146, 0.036485718580663774, 0.0)",2
1504,5,20,11,"(0.0, 0.0, 0.09864539577037362, 0.01650583712158267, 0.0, 0.030645849071221472, 0.039157921471292594, 0.08028238650273146, 0.036485718580663774, 0.0)",2
1505,5,20,11,"(0.0, 0.0, 0.09864539577037362, 0.01650583712158267, 0.0, 0.030645849071221472, 0.16773790467281977, 0.04541553900208064, 0.026121609841380632, 0.0)",16
1506,5,20,11,"(0.0, 0.0, 0.10734006538905493, 0.01650583712158267, 0.0, 0.030645849071221472, 0.09572491856946197, 0.08028238650273146, 0.036485718580663774, 0.0)",1
1507,5,20,11,"(0.0, 0.0, 0.09864539577037362, 0.01650583712158267, 0.0, 0.022338466159011142, 0.09572491856946197, 0.08028238650273146, 0.036485718580663774, 0.0)",2
1508,5,20,11,"(0.0, 0.0, 0.09864539577037362, 0.01650583712158267, 0.0, 0.030645849071221472, 0.09572491856946197, 0.08028238650273146, 0.036485718580663774, 0.0)",369
1509,5,20,11,"(0.0, 0.0, 0.08014159865348675, 0.01650583712158267, 0.0, 0.030645849071221472, 0.09572491856946197, 0.08028238650273146, 0.036485718580663774, 0.0)",3
1510,5,20,11,"(0.0, 0.0, 0.09864539577037362, 0.01650583712158267, 0.0, 0.021203759654645726, 0.09572491856946197, 0.08028238650273146, 0.036485718580663774, 0.0)",1
1511,6,0,6,"(0.03426039533065134, 0.018442763590087903, 0.0, 0.030181603934096246, 0.005422768956954101, 0.0, 0.019795240631728064, 0.0, 0.030843048472506455, 0.05874522297052942)",1
1512,6,0,6,"(0.03426039533065134, 0.011572197494497125, 0.0, 0.030181603934096246, 0.005422768956954101, 0.0, 0.019795240631728064, 0.0, 0.028146417112716555, 0.05874522297052942)",182
1513,6,0,6,"(0.03426039533065134, 0.011572197494497125, 0.0, 0.030181603934096246, 0.005422768956954101, 0.0, 0.015936754149464365, 0.0, 0.028146417112716555, 0.08894625628860553)",2
1514,6,0,11,"(0.0, 0.0, 0.09864539577037362, 0.01650583712158267, 0.0, 0.030645849071221472, 0.16773790467281977, 0.08028238650273146, 0.019777792850386115, 0.0)",6
1515,6,0,11,"(0.0, 0.0, 0.09864539577037362, 0.01650583712158267, 0.0, 0.030645849071221472, 0.16773790467281977, 0.08028238650273146, 0.026121609841380632, 0.0)",188
1516,6,0,11,"(0.0, 0.0, 0.09864539577037362, 0.01650583712158267, 0.0, 0.028640972334076285, 0.16773790467281977, 0.08028238650273146, 0.014464008541976325, 0.0)",89
1517,6,0,11,"(0.0, 0.0, 0.09864539577037362, 0.01650583712158267, 0.0, 0.030645849071221472, 0.16773790467281977, 0.07663178418807758, 0.026121609841380632, 0.0)",1
1518,6,1,6,"(0.03426039533065134, 0.011572197494497125, 0.0, 0.03159772958061685, 0.007547881728300927, 0.0, 0.019795240631728064, 0.0, 0.01815374226772124, 0.05874522297052942)",74
1519,6,1,6,"(0.03426039533065134, 0.011572197494497125, 0.0, 0.03159772958061685, 0.007547881728300927, 0.0, 0.019795240631728064, 0.0, 0.01815374226772124, 0.0632203452721241)",2
1520,6,1,6,"(0.03426039533065134, 0.011572197494497125, 0.0, 0.029297162341302172, 0.007547881728300927, 0.0, 0.019795240631728064, 0.0, 0.01815374226772124, 0.05874522297052942)",1
1521,6,1,6,"(0.03426039533065134, 0.01139443874877123, 0.0, 0.030181603934096246, 0.005422768956954101, 0.0, 0.019795240631728064, 0.0, 0.028146417112716555, 0.05874522297052942)",1
1522,6,1,6,"(0.049829984921904574, 0.011572197494497125, 0.0, 0.030181603934096246, 0.005422768956954101, 0.0, 0.019795240631728064, 0.0, 0.028146417112716555, 0.05874522297052942)",1
1523,6,1,6,"(0.03426039533065134, 0.011572197494497125, 0.0, 0.030181603934096246, 0.005422768956954101, 0.0, 0.019795240631728064, 0.0, 0.028146417112716555, 0.05874522297052942)",251
1524,6,1,6,"(0.03426039533065134, 0.011572197494497125, 0.0, 0.05296742550792335, 0.005422768956954101, 0.0, 0.019795240631728064, 0.0, 0.028146417112716555, 0.05874522297052942)",4
1525,6,1,8,"(0.18917332026769443, 0.046525949225991035, 0.0, 0.0, 0.07022106556493442, 0.0, 0.08319516954615302, 0.1116381245929446, 0.0, 0.0)",1
1526,6,1,8,"(0.19235562551390653, 0.046525949225991035, 0.0, 0.0, 0.07022106556493442, 0.0, 0.08319516954615302, 0.1116381245929446, 0.0, 0.0)",188
1527,6,1,8,"(0.18727319433841358, 0.046525949225991035, 0.0, 0.0, 0.07977637056776457, 0.0, 0.08319516954615302, 0.1116381245929446, 0.0, 0.0)",1
1528,6,1,8,"(0.17030933471091128, 0.035855516976884994, 0.0, 0.0, 0.07022106556493442, 0.0, 0.08319516954615302, 0.1116381245929446, 0.0, 0.0)",1
1529,6,2,13,"(0.0, 0.02461978404713738, 0.023035932332134326, 0.0, 0.00970885425506607, 0.022173256981297827, 0.0, 0.0, 0.01610326789553237, 0.00476393156717078)",1
1530,6,2,13,"(0.0, 0.02461978404713738, 0.012488192435894057, 0.0, 0.01810411441758469, 0.028787592045001593, 0.0, 0.0, 0.01089208668844536, 0.00476393156717078)",1
1531,6,2,13,"(0.0, 0.02461978404713738, 0.023035932332134326, 0.0, 0.00970885425506607, 0.022173256981297827, 0.0, 0.0, 0.01089208668844536, 0.00476393156717078)",79
1532,6,2,13,"(0.0, 0.02461978404713738, 0.023035932332134326, 0.0, 0.01810411441758469, 0.022173256981297827, 0.0, 0.0, 0.008678805907500966, 0.00476393156717078)",1
1533,6,2,13,"(0.0, 0.02461978404713738, 0.012488192435894057, 0.0, 0.01810411441758469, 0.02725002618625837, 0.0, 0.0, 0.01089208668844536, 0.00476393156717078)",1
1534,6,2,13,"(0.0, 0.02461978404713738, 0.023035932332134326, 0.0, 0.015140184352822428, 0.022173256981297827, 0.0, 0.0, 0.01089208668844536, 0.00476393156717078)",1
1535,6,2,13,"(0.0, 0.02461978404713738, 0.012488192435894057, 0.0, 0.01810411441758469, 0.025902942973352733, 0.0, 0.0, 0.01089208668844536, 0.00476393156717078)",151
1536,6,2,13,"(0.0, 0.02461978404713738, 0.023035932332134326, 0.0, 0.01810411441758469, 0.022173256981297827, 0.0, 0.0, 0.01117187761370855, 0.00476393156717078)",1
1537,6,2,13,"(0.0, 0.02461978404713738, 0.012488192435894057, 0.0, 0.021653414046972595, 0.030518331418025214, 0.0, 0.0, 0.01089208668844536, 0.00476393156717078)",1
1538,6,2,13,"(0.0, 0.02461978404713738, 0.023035932332134326, 0.0, 0.012978696088057852, 0.022173256981297827, 0.0, 0.0, 0.009080332944210593, 0.00476393156717078)",2
1539,6,2,13,"(0.0, 0.02461978404713738, 0.023035932332134326, 0.0, 0.01810411441758469, 0.022173256981297827, 0.0, 0.0, 0.007826246230962133, 0.00476393156717078)",1
1540,6,2,13,"(0.0, 0.022709250925200833, 0.023035932332134326, 0.0, 0.01810411441758469, 0.022173256981297827, 0.0, 0.0, 0.01089208668844536, 0.007582541166551081)",1
1541,6,2,13,"(0.0, 0.02461978404713738, 0.023035932332134326, 0.0, 0.01810411441758469, 0.022173256981297827, 0.0, 0.0, 0.01089208668844536, 0.003043401495312953)",1
1542,6,2,13,"(0.0, 0.02461978404713738, 0.023035932332134326, 0.0, 0.01810411441758469, 0.022173256981297827, 0.0, 0.0, 0.01089208668844536, 0.00476393156717078)",129
1543,6,3,13,"(0.0, 0.02461978404713738, 0.023035932332134326, 0.0, 0.01810411441758469, 0.013113685412159147, 0.0, 0.0, 0.01089208668844536, 0.00476393156717078)",4
1544,6,3,13,"(0.0, 0.020020194690863222, 0.023035932332134326, 0.0, 0.0167662731510476, 0.022173256981297827, 0.0, 0.0, 0.01089208668844536, 0.00476393156717078)",1
1545,6,3,13,"(0.0, 0.02461978404713738, 0.023035932332134326, 0.0, 0.01810411441758469, 0.022173256981297827, 0.0, 0.0, 0.01089208668844536, 0.006064402150887288)",2
1546,6,3,13,"(0.0, 0.02461978404713738, 0.034364338989289665, 0.0, 0.01810411441758469, 0.022173256981297827, 0.0, 0.0, 0.01089208668844536, 0.00476393156717078)",31
1547,6,3,13,"(0.0, 0.019708701451294924, 0.023035932332134326, 0.0, 0.01810411441758469, 0.022173256981297827, 0.0, 0.0, 0.01089208668844536, 0.00476393156717078)",5
1548,6,3,13,"(0.0, 0.02461978404713738, 0.023035932332134326, 0.0, 0.01810411441758469, 0.024691895812330132, 0.0, 0.0, 0.01089208668844536, 0.00476393156717078)",1
1549,6,3,13,"(0.0, 0.02461978404713738, 0.032970745003653906, 0.0, 0.01810411441758469, 0.022173256981297827, 0.0, 0.0, 0.01089208668844536, 0.00476393156717078)",1
1550,6,3,13,"(0.0, 0.02461978404713738, 0.023035932332134326, 0.0, 0.01810411441758469, 0.022173256981297827, 0.0, 0.0, 0.01089208668844536, 0.00476393156717078)",306
1551,6,4,11,"(0.0, 0.0, 0.09864539577037362, 0.01650583712158267, 0.0, 0.030645849071221472, 0.16773790467281977, 0.08028238650273146, 0.026121609841380632, 0.0)",410
1552,6,4,11,"(0.0, 0.0, 0.09864539577037362, 0.017079966090036782, 0.0, 0.030645849071221472, 0.16773790467281977, 0.08028238650273146, 0.026121609841380632, 0.0)",1
1553,6,4,11,"(0.0, 0.0, 0.09864539577037362, 0.016529264424256777, 0.0, 0.02853704233759814, 0.16773790467281977, 0.08028238650273146, 0.017579589817086686, 0.0)",1
1554,6,4,11,"(0.0, 0.0, 0.09864539577037362, 0.01650583712158267, 0.0, 0.030645849071221472, 0.08153022673827125, 0.07240876560513207, 0.026121609841380632, 0.0)",54
1555,6,4,11,"(0.0, 0.0, 0.17654496377368004, 0.01650583712158267, 0.0, 0.030645849071221472, 0.16773790467281977, 0.08028238650273146, 0.026121609841380632, 0.0)",1
1556,6,4,11,"(0.0, 0.0, 0.09864539577037362, 0.01650583712158267, 0.0, 0.030645849071221472, 0.16773790467281977, 0.08028238650273146, 0.03198316869891428, 0.0)",3
1557,6,4,11,"(0.0, 0.0, 0.09864539577037362, 0.016529264424256777, 0.0, 0.030645849071221472, 0.16773790467281977, 0.08028238650273146, 0.017579589817086686, 0.0)",106
1558,6,4,11,"(0.0, 0.0, 0.09864539577037362, 0.01650583712158267, 0.0, 0.03607653347192021, 0.16773790467281977, 0.08028238650273146, 0.026121609841380632, 0.0)",7
1559,6,4,11,"(0.0, 0.0, 0.09864539577037362, 0.01650583712158267, 0.0, 0.030645849071221472, 0.08153022673827125, 0.07240876560513207, 0.029033921482509203, 0.0)",2
1560,6,5,0,"(0.07400250769571483, 0.0, 0.0, 0.0, 0.0, 0.01759199169444947, 0.10082294420673965, 0.0691048466035698, 0.0, 0.0)",13
1561,6,5,0,"(0.07400250769571483, 0.0, 0.0, 0.0, 0.0, 0.017098731129875016, 0.0634416067531542, 0.06375756528607128, 0.0, 0.0)",1
1562,6,5,0,"(0.07209091639932579, 0.0, 0.0, 0.0, 0.0, 0.017098731129875016, 0.08380840797570269, 0.0691048466035698, 0.0, 0.0)",3
1563,6,5,0,"(0.08395371260620696, 0.0, 0.0, 0.0, 0.0, 0.03583859058745669, 0.08380840797570269, 0.0691048466035698, 0.0, 0.0)",1
1564,6,5,0,"(0.07400250769571483, 0.0, 0.0, 0.0, 0.0, 0.017098731129875016, 0.08380840797570269, 0.0691048466035698, 0.0, 0.0)",170
1565,6,5,0,"(0.021605957343402805, 0.0, 0.0, 0.0, 0.0, 0.017098731129875016, 0.08380840797570269, 0.0691048466035698, 0.0, 0.0)",3
1566,6,5,0,"(0.07400250769571483, 0.0, 0.0, 0.0, 0.0, 0.017098731129875016, 0.1368491827204553, 0.047055624048006034, 0.0, 0.0)",1
1567,6,5,0,"(0.07400250769571483, 0.0, 0.0, 0.0, 0.0, 0.01759199169444947, 0.10082294420673965, 0.08970878796703591, 0.0, 0.0)",1
1568,6,5,0,"(0.07400250769571483, 0.0, 0.0, 0.0, 0.0, 0.038664151314593, 0.08380840797570269, 0.05015325966666236, 0.0, 0.0)",85
1569,6,5,0,"(0.021605957343402805, 0.0, 0.0, 0.0, 0.0, 0.017098731129875016, 0.09815674139437329, 0.10092032310427226, 0.0, 0.0)",1
1570,6,5,6,"(0.03653167837309954, 0.011572197494497125, 0.0, 0.030181603934096246, 0.005422768956954101, 0.0, 0.01036346293192005, 0.0, 0.028146417112716555, 0.05874522297052942)",1
1571,6,5,6,"(0.03426039533065134, 0.00574643145213052, 0.0, 0.030181603934096246, 0.005422768956954101, 0.0, 0.019795240631728064, 0.0, 0.028146417112716555, 0.05874522297052942)",2
1572,6,5,6,"(0.03426039533065134, 0.011572197494497125, 0.0, 0.030181603934096246, 0.0070597498550803535, 0.0, 0.019795240631728064, 0.0, 0.028146417112716555, 0.05874522297052942)",2
1573,6,5,6,"(0.03426039533065134, 0.011572197494497125, 0.0, 0.030181603934096246, 0.005422768956954101, 0.0, 0.019795240631728064, 0.0, 0.028146417112716555, 0.05874522297052942)",250
1574,6,6,0,"(0.07400250769571483, 0.0, 0.0, 0.0, 0.0, 0.017098731129875016, 0.08380840797570269, 0.0691048466035698, 0.0, 0.0)",107
1575,6,6,11,"(0.0, 0.0, 0.09864539577037362, 0.01650583712158267, 0.0, 0.030645849071221472, 0.16773790467281977, 0.08028238650273146, 0.026121609841380632, 0.0)",297
1576,6,6,11,"(0.0, 0.0, 0.07159204961654103, 0.01650583712158267, 0.0, 0.030645849071221472, 0.16773790467281977, 0.08028238650273146, 0.026121609841380632, 0.0)",1
1577,6,6,11,"(0.0, 0.0, 0.06415250765443388, 0.01650583712158267, 0.0, 0.030645849071221472, 0.16773790467281977, 0.08028238650273146, 0.026121609841380632, 0.0)",1
1578,6,6,11,"(0.0, 0.0, 0.09864539577037362, 0.03334603920052496, 0.0, 0.030645849071221472, 0.16259624325193703, 0.08028238650273146, 0.026121609841380632, 0.0)",3
1579,6,7,1,"(0.0, 0.0, 0.10922905711608999, 0.0, 0.0, 0.07577624578880941, 0.0, 0.0, 0.0, 0.09965925051150999)",87
1580,6,7,13,"(0.0, 0.02461978404713738, 0.02597991492900391, 0.0, 0.009113546892047818, 0.022173256981297827, 0.0, 0.0, 0.01089208668844536, 0.00476393156717078)",3
1581,6,7,13,"(0.0, 0.02461978404713738, 0.023035932332134326, 0.0, 0.022992242705193944, 0.022173256981297827, 0.0, 0.0, 0.01089208668844536, 0.00804995879970782)",24
1582,6,7,13,"(0.0, 0.04626658835822066, 0.023035932332134326, 0.0, 0.01810411441758469, 0.022173256981297827, 0.0, 0.0, 0.01089208668844536, 0.00476393156717078)",1
1583,6,7,13,"(0.0, 0.02461978404713738, 0.02017324069366168, 0.0, 0.01810411441758469, 0.022173256981297827, 0.0, 0.0, 0.01089208668844536, 0.00476393156717078)",1
1584,6,7,13,"(0.0, 0.02461978404713738, 0.023035932332134326, 0.0, 0.01810411441758469, 0.022173256981297827, 0.0, 0.0, 0.01580482387067796, 0.00476393156717078)",1
1585,6,7,13,"(0.0, 0.02461978404713738, 0.023035932332134326, 0.0, 0.01810411441758469, 0.022173256981297827, 0.0, 0.0, 0.01089208668844536, 0.00476393156717078)",195
1586,6,7,13,"(0.0, 0.02461978404713738, 0.023035932332134326, 0.0, 0.01810411441758469, 0.022173256981297827, 0.0, 0.0, 0.01742881705239104, 0.008457515449680595)",13
1587,6,8,6,"(0.03426039533065134, 0.011572197494497125, 0.0, 0.018004839246201394, 0.005422768956954101, 0.0, 0.019795240631728064, 0.0, 0.01363708904829687, 0.05874522297052942)",1
1588,6,8,6,"(0.03426039533065134, 0.011572197494497125, 0.0, 0.030181603934096246, 0.005422768956954101, 0.0, 0.019795240631728064, 0.0, 0.028146417112716555, 0.05874522297052942)",176
1589,6,8,6,"(0.03426039533065134, 0.015773818081630767, 0.0, 0.030181603934096246, 0.005422768956954101, 0.0, 0.019795240631728064, 0.0, 0.028146417112716555, 0.05874522297052942)",5
1590,6,8,6,"(0.03426039533065134, 0.011572197494497125, 0.0, 0.030181603934096246, 0.005422768956954101, 0.0, 0.019795240631728064, 0.0, 0.028146417112716555, 0.08417030094605481)",2
1591,6,8,11,"(0.0, 0.0, 0.09864539577037362, 0.013228380515542162, 0.0, 0.031211978481304123, 0.1529452210126223, 0.08028238650273146, 0.026121609841380632, 0.0)",1
1592,6,8,11,"(0.0, 0.0, 0.09864539577037362, 0.01650583712158267, 0.0, 0.030116115160342537, 0.16773790467281977, 0.08028238650273146, 0.026121609841380632, 0.0)",1
1593,6,8,11,"(0.0, 0.0, 0.09864539577037362, 0.022365158134726042, 0.0, 0.030645849071221472, 0.17395540428886927, 0.08028238650273146, 0.026121609841380632, 0.0)",16
1594,6,8,11,"(0.0, 0.0, 0.09864539577037362, 0.01650583712158267, 0.0, 0.030645849071221472, 0.17027306841115433, 0.08028238650273146, 0.014726998329576028, 0.0)",1
1595,6,8,11,"(0.0, 0.0, 0.09864539577037362, 0.01650583712158267, 0.0, 0.030645849071221472, 0.16773790467281977, 0.08028238650273146, 0.026121609841380632, 0.0)",234
1596,6,8,11,"(0.0, 0.0, 0.09864539577037362, 0.01650583712158267, 0.0, 0.031211978481304123, 0.13855135743719746, 0.08028238650273146, 0.03789106360611896, 0.0)",1
1597,6,8,11,"(0.0, 0.0, 0.09864539577037362, 0.01650583712158267, 0.0, 0.031211978481304123, 0.13855135743719746, 0.08028238650273146, 0.026121609841380632, 0.0)",113
1598,6,8,11,"(0.0, 0.0, 0.09864539577037362, 0.01650583712158267, 0.0, 0.030645849071221472, 0.16773790467281977, 0.05487587528261972, 0.026121609841380632, 0.0)",2
1599,6,9,8,"(0.19235562551390653, 0.046525949225991035, 0.0, 0.0, 0.07022106556493442, 0.0, 0.08319516954615302, 0.1116381245929446, 0.0, 0.0)",12
1600,6,9,11,"(0.0, 0.0, 0.09864539577037362, 0.01650583712158267, 0.0, 0.06695503686903578, 0.16773790467281977, 0.08028238650273146, 0.026121609841380632, 0.0)",1
1601,6,9,11,"(0.0, 0.0, 0.09864539577037362, 0.01650583712158267, 0.0, 0.030645849071221472, 0.16773790467281977, 0.06852608762739645, 0.026121609841380632, 0.0)",1
1602,6,9,11,"(0.0, 0.0, 0.06735344132190622, 0.01650583712158267, 0.0, 0.030645849071221472, 0.16773790467281977, 0.08028238650273146, 0.026121609841380632, 0.0)",2
1603,6,9,11,"(0.0, 0.0, 0.04292309479939515, 0.01650583712158267, 0.0, 0.030645849071221472, 0.16773790467281977, 0.08028238650273146, 0.026121609841380632, 0.0)",1
1604,6,9,11,"(0.0, 0.0, 0.09864539577037362, 0.01650583712158267, 0.0, 0.030645849071221472, 0.16773790467281977, 0.1068518958066698, 0.026121609841380632, 0.0)",1
1605,6,9,11,"(0.0, 0.0, 0.09864539577037362, 0.01650583712158267, 0.0, 0.030645849071221472, 0.16773790467281977, 0.08028238650273146, 0.026121609841380632, 0.0)",497
1606,6,9,11,"(0.0, 0.0, 0.09864539577037362, 0.01650583712158267, 0.0, 0.024086842845912546, 0.13031673419805354, 0.08028238650273146, 0.021420030454533168, 0.0)",1
1607,6,9,11,"(0.0, 0.0, 0.11755819882518005, 0.01650583712158267, 0.0, 0.02375279233445006, 0.16773790467281977, 0.08028238650273146, 0.026121609841380632, 0.0)",41
1608,6,9,11,"(0.0, 0.0, 0.09864539577037362, 0.01650583712158267, 0.0, 0.030645849071221472, 0.16243652964526273, 0.08028238650273146, 0.026121609841380632, 0.0)",13
1609,6,9,11,"(0.0, 0.0, 0.09864539577037362, 0.015882390479371022, 0.0, 0.030645849071221472, 0.16773790467281977, 0.08028238650273146, 0.026121609841380632, 0.0)",2
1610,6,9,11,"(0.0, 0.0, 0.09864539577037362, 0.022379138930405797, 0.0, 0.030645849071221472, 0.16773790467281977, 0.08028238650273146, 0.020902528883436862, 0.0)",1
1611,6,9,11,"(0.0, 0.0, 0.09864539577037362, 0.01650583712158267, 0.0, 0.043696934053348464, 0.16773790467281977, 0.08028238650273146, 0.026121609841380632, 0.0)",2
1612,6,9,11,"(0.0, 0.0, 0.09864539577037362, 0.01650583712158267, 0.0, 0.030645849071221472, 0.16773790467281977, 0.08028238650273146, 0.050228531100358395, 0.0)",12
1613,6,10,13,"(0.0, 0.014624344696008016, 0.058309562981524315, 0.0, 0.01810411441758469, 0.022173256981297827, 0.0, 0.0, 0.008066080406003165, 0.00476393156717078)",1
1614,6,10,13,"(0.0, 0.02461978404713738, 0.030617449771935524, 0.0, 0.01810411441758469, 0.022173256981297827, 0.0, 0.0, 0.01089208668844536, 0.00476393156717078)",4
1615,6,10,13,"(0.0, 0.02461978404713738, 0.023035932332134326, 0.0, 0.01810411441758469, 0.022173256981297827, 0.0, 0.0, 0.0071410403069225945, 0.00476393156717078)",3
1616,6,10,13,"(0.0, 0.02461978404713738, 0.030617449771935524, 0.0, 0.01810411441758469, 0.022173256981297827, 0.0, 0.0, 0.005141861317063007, 0.00476393156717078)",1
1617,6,10,13,"(0.0, 0.02461978404713738, 0.019913676440914276, 0.0, 0.01810411441758469, 0.022173256981297827, 0.0, 0.0, 0.01089208668844536, 0.00476393156717078)",3
1618,6,10,13,"(0.0, 0.02461978404713738, 0.058309562981524315, 0.0, 0.022552980595225182, 0.022173256981297827, 0.0, 0.0, 0.008066080406003165, 0.00476393156717078)",1
1619,6,10,13,"(0.0, 0.02461978404713738, 0.023035932332134326, 0.0, 0.0524258860414083, 0.022173256981297827, 0.0, 0.0, 0.007848065288363982, 0.00476393156717078)",1
1620,6,10,13,"(0.0, 0.02461978404713738, 0.023035932332134326, 0.0, 0.01810411441758469, 0.022173256981297827, 0.0, 0.0, 0.01089208668844536, 0.00476393156717078)",268
1621,6,10,13,"(0.0, 0.019493157937028206, 0.058309562981524315, 0.0, 0.01810411441758469, 0.022173256981297827, 0.0, 0.0, 0.008066080406003165, 0.00476393156717078)",1
1622,6,10,13,"(0.0, 0.02461978404713738, 0.058309562981524315, 0.0, 0.01810411441758469, 0.022173256981297827, 0.0, 0.0, 0.008066080406003165, 0.00476393156717078)",56
1623,6,11,13,"(0.0, 0.02461978404713738, 0.023035932332134326, 0.0, 0.013396769466686182, 0.022173256981297827, 0.0, 0.0, 0.008057831825404408, 0.00476393156717078)",1
1624,6,11,13,"(0.0, 0.02461978404713738, 0.026996077798034066, 0.0, 0.01810411441758469, 0.022173256981297827, 0.0, 0.0, 0.01089208668844536, 0.00476393156717078)",2
1625,6,11,13,"(0.0, 0.05223738454032589, 0.023035932332134326, 0.0, 0.01810411441758469, 0.022173256981297827, 0.0, 0.0, 0.01089208668844536, 0.00476393156717078)",2
1626,6,11,13,"(0.0, 0.02461978404713738, 0.023035932332134326, 0.0, 0.01810411441758469, 0.022173256981297827, 0.0, 0.0, 0.01089208668844536, 0.00476393156717078)",200
1627,6,11,13,"(0.0, 0.02461978404713738, 0.023035932332134326, 0.0, 0.016973567656639824, 0.022173256981297827, 0.0, 0.0, 0.01089208668844536, 0.004436641746586963)",76
1628,6,11,13,"(0.0, 0.02461978404713738, 0.023035932332134326, 0.0, 0.01810411441758469, 0.023229673555031822, 0.0, 0.0, 0.01089208668844536, 0.00476393156717078)",1
1629,6,11,13,"(0.0, 0.02461978404713738, 0.021226601044812776, 0.0, 0.01810411441758469, 0.022173256981297827, 0.0, 0.0, 0.01089208668844536, 0.00476393156717078)",1
1630,6,11,13,"(0.0, 0.02461978404713738, 0.023035932332134326, 0.0, 0.01810411441758469, 0.022173256981297827, 0.0, 0.0, 0.01089208668844536, 0.005201578818731086)",1
1631,6,11,13,"(0.0, 0.02461978404713738, 0.023035932332134326, 0.0, 0.01810411441758469, 0.010128593026493129, 0.0, 0.0, 0.01089208668844536, 0.00476393156717078)",48
1632,6,11,13,"(0.0, 0.02461978404713738, 0.023035932332134326, 0.0, 0.01775074336209569, 0.022173256981297827, 0.0, 0.0, 0.008057831825404408, 0.00476393156717078)",1
1633,6,12,8,"(0.1283657118736669, 0.046525949225991035, 0.0, 0.0, 0.07022106556493442, 0.0, 0.08319516954615302, 0.13465536479418658, 0.0, 0.0)",1
1634,6,12,8,"(0.23607712982602794, 0.046525949225991035, 0.0, 0.0, 0.0939758402275587, 0.0, 0.10227064051940461, 0.1116381245929446, 0.0, 0.0)",2
1635,6,12,8,"(0.19235562551390653, 0.046525949225991035, 0.0, 0.0, 0.07022106556493442, 0.0, 0.08319516954615302, 0.06463015551890883, 0.0, 0.0)",2
1636,6,12,8,"(0.19235562551390653, 0.046525949225991035, 0.0, 0.0, 0.09951198688469476, 0.0, 0.08319516954615302, 0.1116381245929446, 0.0, 0.0)",9
1637,6,12,8,"(0.19235562551390653, 0.046525949225991035, 0.0, 0.0, 0.07022106556493442, 0.0, 0.08319516954615302, 0.1116381245929446, 0.0, 0.0)",218
1638,6,12,10,"(0.07734904686468291, 0.06927916245295945, 0.11563369670531147, 0.0017773360538905325, 0.0, 0.0517900286791978, 0.0, 0.10994488928074131, 0.0, 0.0)",63
1639,6,12,10,"(0.07734904686468291, 0.06927916245295945, 0.09682940930282144, 0.0012389050578716031, 0.0, 0.06291875767155253, 0.0, 0.10994488928074131, 0.0, 0.0)",62
1640,6,12,10,"(0.07734904686468291, 0.12896379936460292, 0.11563369670531147, 0.0017773360538905325, 0.0, 0.0517900286791978, 0.0, 0.10994488928074131, 0.0, 0.0)",1
1641,6,12,10,"(0.07734904686468291, 0.06927916245295945, 0.09682940930282144, 0.0017773360538905325, 0.0, 0.06291875767155253, 0.0, 0.10994488928074131, 0.0, 0.0)",87
1642,6,12,10,"(0.12556065361839874, 0.06927916245295945, 0.09682940930282144, 0.0012389050578716031, 0.0, 0.04853411903834676, 0.0, 0.10994488928074131, 0.0, 0.0)",1
1643,6,12,10,"(0.07734904686468291, 0.06927916245295945, 0.06794838943145845, 0.0017773360538905325, 0.0, 0.06291875767155253, 0.0, 0.10994488928074131, 0.0, 0.0)",6
1644,6,13,6,"(0.0351043206748444, 0.011572197494497125, 0.0, 0.030181603934096246, 0.0036297164189055585, 0.0, 0.03140892548880974, 0.0, 0.028146417112716555, 0.05874522297052942)",4
1645,6,13,6,"(0.03426039533065134, 0.011572197494497125, 0.0, 0.030181603934096246, 0.005422768956954101, 0.0, 0.019795240631728064, 0.0, 0.028146417112716555, 0.0872042663869485)",7
1646,6,13,6,"(0.03426039533065134, 0.011572197494497125, 0.0, 0.030181603934096246, 0.005422768956954101, 0.0, 0.019795240631728064, 0.0, 0.028146417112716555, 0.05874522297052942)",237
1647,6,13,6,"(0.03426039533065134, 0.011572197494497125, 0.0, 0.030181603934096246, 0.0041814063558575625, 0.0, 0.019795240631728064, 0.0, 0.028146417112716555, 0.05874522297052942)",1
1648,6,13,6,"(0.03426039533065134, 0.011572197494497125, 0.0, 0.030181603934096246, 0.005422768956954101, 0.0, 0.020602290453516622, 0.0, 0.028146417112716555, 0.05874522297052942)",1
1649,6,13,6,"(0.03426039533065134, 0.011572197494497125, 0.0, 0.02937030979343045, 0.005422768956954101, 0.0, 0.019795240631728064, 0.0, 0.028146417112716555, 0.05874522297052942)",1
1650,6,13,14,"(0.0, 0.017248724174617657, 0.0, 0.0, 0.0, 0.0, 0.10431114960847565, 0.07609886892949795, 0.03621416498310447, 0.0)",2
1651,6,13,14,"(0.0, 0.017248724174617657, 0.0, 0.0, 0.0, 0.0, 0.1096916615896246, 0.07609886892949795, 0.03621416498310447, 0.0)",333
1652,6,13,14,"(0.0, 0.025739572062864823, 0.0, 0.0, 0.0, 0.0, 0.1096916615896246, 0.07609886892949795, 0.03621416498310447, 0.0)",1
1653,6,13,14,"(0.0, 0.017248724174617657, 0.0, 0.0, 0.0, 0.0, 0.04964550456751962, 0.07609886892949795, 0.03621416498310447, 0.0)",1
1654,6,13,14,"(0.0, 0.017248724174617657, 0.0, 0.0, 0.0, 0.0, 0.1096916615896246, 0.05534670766938514, 0.03621416498310447, 0.0)",1
1655,6,13,14,"(0.0, 0.017248724174617657, 0.0, 0.0, 0.0, 0.0, 0.1096916615896246, 0.07609886892949795, 0.03089284486976892, 0.0)",1
1656,6,13,14,"(0.0, 0.009392748300709587, 0.0, 0.0, 0.0, 0.0, 0.1096916615896246, 0.07609886892949795, 0.03621416498310447, 0.0)",3
1657,6,13,14,"(0.0, 0.022008627798038312, 0.0, 0.0, 0.0, 0.0, 0.1096916615896246, 0.056931420852592514, 0.04450409035934548, 0.0)",1
1658,6,13,14,"(0.0, 0.01115174943736138, 0.0, 0.0, 0.0, 0.0, 0.1096916615896246, 0.07609886892949795, 0.03621416498310447, 0.0)",3
1659,6,14,11,"(0.0, 0.0, 0.09864539577037362, 0.01650583712158267, 0.0, 0.030645849071221472, 0.16773790467281977, 0.08028238650273146, 0.02777488892678641, 0.0)",3
1660,6,14,11,"(0.0, 0.0, 0.10286767260702363, 0.013291816315063024, 0.0, 0.06351524709614079, 0.16773790467281977, 0.08028238650273146, 0.026121609841380632, 0.0)",3
1661,6,14,11,"(0.0, 0.0, 0.09864539577037362, 0.01650583712158267, 0.0, 0.030645849071221472, 0.16773790467281977, 0.08028238650273146, 0.026121609841380632, 0.0)",205
1662,6,14,11,"(0.0, 0.0, 0.09864539577037362, 0.01650583712158267, 0.0, 0.033400963100470166, 0.16773790467281977, 0.08028238650273146, 0.028657388266570216, 0.0)",6
1663,6,14,13,"(0.0, 0.02461978404713738, 0.027116372913020263, 0.0, 0.01810411441758469, 0.022173256981297827, 0.0, 0.0, 0.01089208668844536, 0.004075904790414578)",1
1664,6,14,13,"(0.0, 0.02461978404713738, 0.023035932332134326, 0.0, 0.01810411441758469, 0.022173256981297827, 0.0, 0.0, 0.01089208668844536, 0.006327509912736541)",1
1665,6,14,13,"(0.0, 0.02461978404713738, 0.023035932332134326, 0.0, 0.01810411441758469, 0.032396062862894565, 0.0, 0.0, 0.008463370916038477, 0.005007636924208761)",2
1666,6,14,13,"(0.0, 0.022890438277617227, 0.022193051599518187, 0.0, 0.022706008523924587, 0.022173256981297827, 0.0, 0.0, 0.01063959873287835, 0.00476393156717078)",1
1667,6,14,13,"(0.0, 0.02312228201889771, 0.023035932332134326, 0.0, 0.017817422750889485, 0.022173256981297827, 0.0, 0.0, 0.01089208668844536, 0.00476393156717078)",1
1668,6,14,13,"(0.0, 0.02461978404713738, 0.023035932332134326, 0.0, 0.01810411441758469, 0.022173256981297827, 0.0, 0.0, 0.01089208668844536, 0.00476393156717078)",346
1669,6,15,6,"(0.03426039533065134, 0.010462219670021148, 0.0, 0.030181603934096246, 0.005422768956954101, 0.0, 0.01628792358377068, 0.0, 0.021722059623180325, 0.05874522297052942)",1
1670,6,15,6,"(0.032986564193461514, 0.011572197494497125, 0.0, 0.030181603934096246, 0.005422768956954101, 0.0, 0.019795240631728064, 0.0, 0.028146417112716555, 0.05874522297052942)",6
1671,6,15,6,"(0.039807187589141056, 0.011572197494497125, 0.0, 0.03265133699179773, 0.005422768956954101, 0.0, 0.021380358375980256, 0.0, 0.028146417112716555, 0.05874522297052942)",3
1672,6,15,6,"(0.03426039533065134, 0.011572197494497125, 0.0, 0.030181603934096246, 0.006384083005543696, 0.0, 0.019795240631728064, 0.0, 0.028146417112716555, 0.05874522297052942)",1
1673,6,15,6,"(0.03426039533065134, 0.011572197494497125, 0.0, 0.030181603934096246, 0.005422768956954101, 0.0, 0.019795240631728064, 0.0, 0.028146417112716555, 0.05874522297052942)",182
1674,6,15,6,"(0.02679455192195261, 0.011572197494497125, 0.0, 0.030181603934096246, 0.005422768956954101, 0.0, 0.03642590462486263, 0.0, 0.028146417112716555, 0.05874522297052942)",1
1675,6,15,11,"(0.0, 0.0, 0.11839367174953695, 0.01650583712158267, 0.0, 0.030645849071221472, 0.16773790467281977, 0.0404147798164449, 0.026121609841380632, 0.0)",64
1676,6,15,11,"(0.0, 0.0, 0.11839367174953695, 0.01650583712158267, 0.0, 0.030645849071221472, 0.5012398622759306, 0.0404147798164449, 0.026121609841380632, 0.0)",1
1677,6,15,11,"(0.0, 0.0, 0.09864539577037362, 0.01650583712158267, 0.0, 0.030645849071221472, 0.16773790467281977, 0.08028238650273146, 0.026121609841380632, 0.0)",201
1678,6,15,11,"(0.0, 0.0, 0.11839367174953695, 0.01650583712158267, 0.0, 0.030645849071221472, 0.27388113021383076, 0.0404147798164449, 0.026121609841380632, 0.0)",50
1679,6,15,11,"(0.0, 0.0, 0.09864539577037362, 0.01650583712158267, 0.0, 0.030645849071221472, 0.13049626713566656, 0.08028238650273146, 0.026121609841380632, 0.0)",22
1680,6,15,11,"(0.0, 0.0, 0.11839367174953695, 0.016084902176861753, 0.0, 0.030645849071221472, 0.16773790467281977, 0.0404147798164449, 0.026121609841380632, 0.0)",1
1681,6,16,1,"(0.0, 0.0, 0.037405294994176115, 0.0, 0.0, 0.0199117526153351, 0.0, 0.0, 0.0, 0.09965925051150999)",1
1682,6,16,1,"(0.0, 0.0, 0.10922905711608999, 0.0, 0.0, 0.07577624578880941, 0.0, 0.0, 0.0, 0.09965925051150999)",181
1683,6,16,1,"(0.0, 0.0, 0.11785476033581177, 0.0, 0.0, 0.07577624578880941, 0.0, 0.0, 0.0, 0.09965925051150999)",4
1684,6,16,1,"(0.0, 0.0, 0.1344171354281773, 0.0, 0.0, 0.07753757716665209, 0.0, 0.0, 0.0, 0.09965925051150999)",2
1685,6,16,1,"(0.0, 0.0, 0.041406372128065916, 0.0, 0.0, 0.01584582045846309, 0.0, 0.0, 0.0, 0.09965925051150999)",7
1686,6,16,1,"(0.0, 0.0, 0.041406372128065916, 0.0, 0.0, 0.012196687258432556, 0.0, 0.0, 0.0, 0.058999959349676494)",3
1687,6,16,1,"(0.0, 0.0, 0.045276185242870075, 0.0, 0.0, 0.0199117526153351, 0.0, 0.0, 0.0, 0.09965925051150999)",32
1688,6,16,1,"(0.0, 0.0, 0.041406372128065916, 0.0, 0.0, 0.0199117526153351, 0.0, 0.0, 0.0, 0.09965925051150999)",387
1689,6,16,1,"(0.0, 0.0, 0.0487442921353454, 0.0, 0.0, 0.01584582045846309, 0.0, 0.0, 0.0, 0.11759141345338517)",1
1690,6,16,1,"(0.0, 0.0, 0.041406372128065916, 0.0, 0.0, 0.0199117526153351, 0.0, 0.0, 0.0, 0.161127615232538)",1
1691,6,16,8,"(0.19235562551390653, 0.04334546018249462, 0.0, 0.0, 0.07022106556493442, 0.0, 0.08319516954615302, 0.1116381245929446, 0.0, 0.0)",63
1692,6,16,8,"(0.19235562551390653, 0.046525949225991035, 0.0, 0.0, 0.07022106556493442, 0.0, 0.08319516954615302, 0.1116381245929446, 0.0, 0.0)",189
1693,6,16,8,"(0.14593654661021266, 0.04904700654035262, 0.0, 0.0, 0.07022106556493442, 0.0, 0.0668099751067927, 0.1116381245929446, 0.0, 0.0)",15
1694,6,16,8,"(0.19235562551390653, 0.046525949225991035, 0.0, 0.0, 0.07022106556493442, 0.0, 0.08180054902430285, 0.1116381245929446, 0.0, 0.0)",7
1695,6,17,1,"(0.0, 0.0, 0.10922905711608999, 0.0, 0.0, 0.09383999773263473, 0.0, 0.0, 0.0, 0.15099495185232414)",1
1696,6,17,1,"(0.0, 0.0, 0.10922905711608999, 0.0, 0.0, 0.030018978917809972, 0.0, 0.0, 0.0, 0.0910060267578522)",155
1697,6,17,1,"(0.0, 0.0, 0.19227276324976184, 0.0, 0.0, 0.0564878153935797, 0.0, 0.0, 0.0, 0.09965925051150999)",28
1698,6,17,1,"(0.0, 0.0, 0.14184818279133374, 0.0, 0.0, 0.06620233379896408, 0.0, 0.0, 0.0, 0.09965925051150999)",2
1699,6,17,1,"(0.0, 0.0, 0.10127794389694403, 0.0, 0.0, 0.07577624578880941, 0.0, 0.0, 0.0, 0.09965925051150999)",42
1700,6,17,1,"(0.0, 0.0, 0.10922905711608999, 0.0, 0.0, 0.07577624578880941, 0.0, 0.0, 0.0, 0.09965925051150999)",358
1701,6,17,1,"(0.0, 0.0, 0.10922905711608999, 0.0, 0.0, 0.030018978917809972, 0.0, 0.0, 0.0, 0.11753753549486651)",1
1702,6,17,1,"(0.0, 0.0, 0.10922905711608999, 0.0, 0.0, 0.0665765896034609, 0.0, 0.0, 0.0, 0.13624967957837353)",1
1703,6,17,1,"(0.0, 0.0, 0.1662325017522107, 0.0, 0.0, 0.030018978917809972, 0.0, 0.0, 0.0, 0.0910060267578522)",3
1704,6,17,1,"(0.0, 0.0, 0.19227276324976184, 0.0, 0.0, 0.0564878153935797, 0.0, 0.0, 0.0, 0.0585025393086501)",1
1705,6,17,8,"(0.19235562551390653, 0.046525949225991035, 0.0, 0.0, 0.07022106556493442, 0.0, 0.08319516954615302, 0.1116381245929446, 0.0, 0.0)",196
1706,6,17,8,"(0.17363646454704104, 0.04632028014141928, 0.0, 0.0, 0.07022106556493442, 0.0, 0.08319516954615302, 0.12572798040165467, 0.0, 0.0)",2
1707,6,17,8,"(0.19235562551390653, 0.046525949225991035, 0.0, 0.0, 0.07908770703614106, 0.0, 0.08319516954615302, 0.09825078482444861, 0.0, 0.0)",5
1708,6,17,8,"(0.19235562551390653, 0.04632028014141928, 0.0, 0.0, 0.07022106556493442, 0.0, 0.08319516954615302, 0.1116381245929446, 0.0, 0.0)",76
1709,6,17,8,"(0.19235562551390653, 0.046525949225991035, 0.0, 0.0, 0.07658787566525942, 0.0, 0.08319516954615302, 0.1116381245929446, 0.0, 0.0)",3
1710,6,17,8,"(0.19235562551390653, 0.046218252118237754, 0.0, 0.0, 0.07022106556493442, 0.0, 0.08319516954615302, 0.1116381245929446, 0.0, 0.0)",5
1711,6,18,1,"(0.0, 0.0, 0.10922905711608999, 0.0, 0.0, 0.07577624578880941, 0.0, 0.0, 0.0, 0.09965925051150999)",48
1712,6,18,1,"(0.0, 0.0, 0.10922905711608999, 0.0, 0.0, 0.07577624578880941, 0.0, 0.0, 0.0, 0.09489549985326161)",1
1713,6,18,1,"(0.0, 0.0, 0.10922905711608999, 0.0, 0.0, 0.07577624578880941, 0.0, 0.0, 0.0, 0.10367485643507554)",5
1714,6,18,1,"(0.0, 0.0, 0.10206150280306321, 0.0, 0.0, 0.07577624578880941, 0.0, 0.0, 0.0, 0.09965925051150999)",8
1715,6,18,10,"(0.07734904686468291, 0.06927916245295945, 0.09943240365545393, 0.0017773360538905325, 0.0, 0.06291875767155253, 0.0, 0.10994488928074131, 0.0, 0.0)",22
1716,6,18,10,"(0.07734904686468291, 0.08464166216675782, 0.09943240365545393, 0.0017773360538905325, 0.0, 0.06291875767155253, 0.0, 0.10994488928074131, 0.0, 0.0)",1
1717,6,18,10,"(0.07734904686468291, 0.06927916245295945, 0.09682940930282144, 0.0017773360538905325, 0.0, 0.06291875767155253, 0.0, 0.10994488928074131, 0.0, 0.0)",68
1718,6,18,10,"(0.07734904686468291, 0.06927916245295945, 0.09943240365545393, 0.0022161317010074913, 0.0, 0.06291875767155253, 0.0, 0.10994488928074131, 0.0, 0.0)",12
1719,6,18,10,"(0.07734904686468291, 0.060896461712617395, 0.09682940930282144, 0.0017773360538905325, 0.0, 0.06291875767155253, 0.0, 0.10994488928074131, 0.0, 0.0)",61
1720,6,18,11,"(0.0, 0.0, 0.09864539577037362, 0.01650583712158267, 0.0, 0.030645849071221472, 0.16773790467281977, 0.07796791947871436, 0.026121609841380632, 0.0)",3
1721,6,18,11,"(0.0, 0.0, 0.09864539577037362, 0.01650583712158267, 0.0, 0.030645849071221472, 0.16773790467281977, 0.0762774175218729, 0.026121609841380632, 0.0)",1
1722,6,18,11,"(0.0, 0.0, 0.09864539577037362, 0.01650583712158267, 0.0, 0.01680111632275689, 0.16773790467281977, 0.08028238650273146, 0.02278594935187792, 0.0)",2
1723,6,18,11,"(0.0, 0.0, 0.09902963908297548, 0.01650583712158267, 0.0, 0.030645849071221472, 0.16773790467281977, 0.07620755711372129, 0.0217140326444353, 0.0)",1
1724,6,18,11,"(0.0, 0.0, 0.09864539577037362, 0.01650583712158267, 0.0, 0.030645849071221472, 0.16773790467281977, 0.08028238650273146, 0.026121609841380632, 0.0)",478
1725,6,18,11,"(0.0, 0.0, 0.09864539577037362, 0.01650583712158267, 0.0, 0.030645849071221472, 0.16773790467281977, 0.08028238650273146, 0.029711003867564974, 0.0)",12
1726,6,19,0,"(0.07400250769571483, 0.0, 0.0, 0.0, 0.0, 0.017098731129875016, 0.08380840797570269, 0.0691048466035698, 0.0, 0.0)",214
1727,6,19,0,"(0.08018757377198243, 0.0, 0.0, 0.0, 0.0, 0.014860312554755685, 0.08380840797570269, 0.0691048466035698, 0.0, 0.0)",2
1728,6,19,0,"(0.07400250769571483, 0.0, 0.0, 0.0, 0.0, 0.017098731129875016, 0.08380840797570269, 0.05800001025437553, 0.0, 0.0)",1
1729,6,19,0,"(0.07400250769571483, 0.0, 0.0, 0.0, 0.0, 0.017098731129875016, 0.04538535078646325, 0.0691048466035698, 0.0, 0.0)",1
1730,6,19,0,"(0.12605432739829556, 0.0, 0.0, 0.0, 0.0, 0.017098731129875016, 0.08380840797570269, 0.0691048466035698, 0.0, 0.0)",1
1731,6,19,0,"(0.07400250769571483, 0.0, 0.0, 0.0, 0.0, 0.017098731129875016, 0.04648017342945579, 0.0691048466035698, 0.0, 0.0)",3
1732,6,19,0,"(0.07400250769571483, 0.0, 0.0, 0.0, 0.0, 0.017903294758335422, 0.08380840797570269, 0.0691048466035698, 0.0, 0.0)",2
1733,6,19,13,"(0.0, 0.02461978404713738, 0.023035932332134326, 0.0, 0.01810411441758469, 0.022173256981297827, 0.0, 0.0, 0.009792714253278522, 0.00476393156717078)",1
1734,6,19,13,"(0.0, 0.02461978404713738, 0.023035932332134326, 0.0, 0.01810411441758469, 0.020284910243902665, 0.0, 0.0, 0.0074271435832085455, 0.00476393156717078)",1
1735,6,19,13,"(0.0, 0.02461978404713738, 0.023035932332134326, 0.0, 0.01810411441758469, 0.030630038471618586, 0.0, 0.0, 0.01089208668844536, 0.00476393156717078)",1
1736,6,19,13,"(0.0, 0.02461978404713738, 0.023035932332134326, 0.0, 0.020844977751774463, 0.022173256981297827, 0.0, 0.0, 0.01089208668844536, 0.00476393156717078)",2
1737,6,19,13,"(0.0, 0.02461978404713738, 0.023035932332134326, 0.0, 0.01810411441758469, 0.022173256981297827, 0.0, 0.0, 0.008478336839290522, 0.00476393156717078)",1
1738,6,19,13,"(0.0, 0.02461978404713738, 0.023035932332134326, 0.0, 0.01810411441758469, 0.022173256981297827, 0.0, 0.0, 0.01089208668844536, 0.00476393156717078)",291
1739,6,19,13,"(0.0, 0.040679004844079825, 0.023035932332134326, 0.0, 0.021361342118677778, 0.022173256981297827, 0.0, 0.0, 0.0074355220609458594, 0.00476393156717078)",1
1740,6,19,13,"(0.0, 0.02461978404713738, 0.017919014536511946, 0.0, 0.01810411441758469, 0.014096073981663081, 0.0, 0.0, 0.01089208668844536, 0.00476393156717078)",1
1741,6,19,13,"(0.0, 0.02461978404713738, 0.023035932332134326, 0.0, 0.01810411441758469, 0.022173256981297827, 0.0, 0.0, 0.010340361577773202, 0.00476393156717078)",1
1742,6,20,10,"(0.07734904686468291, 0.06927916245295945, 0.09682940930282144, 0.0017773360538905325, 0.0, 0.06291875767155253, 0.0, 0.10994488928074131, 0.0, 0.0)",154
1743,6,20,10,"(0.07734904686468291, 0.06927916245295945, 0.09682940930282144, 0.001289246321023348, 0.0, 0.06291875767155253, 0.0, 0.10994488928074131, 0.0, 0.0)",1
1744,6,20,11,"(0.0, 0.0, 0.12894481822384002, 0.01650583712158267, 0.0, 0.015765010366643753, 0.09572491856946197, 0.08028238650273146, 0.036485718580663774, 0.0)",1
1745,6,20,11,"(0.0, 0.0, 0.09864539577037362, 0.01650583712158267, 0.0, 0.030645849071221472, 0.10256550906281885, 0.08028238650273146, 0.036485718580663774, 0.0)",1
1746,6,20,11,"(0.0, 0.0, 0.09864539577037362, 0.01650583712158267, 0.0, 0.030645849071221472, 0.16773790467281977, 0.08028238650273146, 0.026121609841380632, 0.0)",105
1747,6,20,11,"(0.0, 0.0, 0.09864539577037362, 0.01467917274627923, 0.0, 0.030645849071221472, 0.09572491856946197, 0.08028238650273146, 0.036485718580663774, 0.0)",2
1748,6,20,11,"(0.0, 0.0, 0.09864539577037362, 0.01650583712158267, 0.0, 0.030645849071221472, 0.09572491856946197, 0.08028238650273146, 0.036485718580663774, 0.0)",318
1749,6,20,11,"(0.0, 0.0, 0.08014159865348675, 0.01650583712158267, 0.0, 0.030645849071221472, 0.09572491856946197, 0.08028238650273146, 0.036485718580663774, 0.0)",15
1750,6,20,11,"(0.0, 0.0, 0.09864539577037362, 0.009661682117956717, 0.0, 0.030645849071221472, 0.09572491856946197, 0.08028238650273146, 0.036485718580663774, 0.0)",4
1751,6,20,11,"(0.0, 0.0, 0.09864539577037362, 0.01650583712158267, 0.0, 0.030645849071221472, 0.22846626624598432, 0.08028238650273146, 0.026121609841380632, 0.0)",1
1752,6,20,11,"(0.0, 0.0, 0.07415369192018806, 0.01650583712158267, 0.0, 0.030645849071221472, 0.09572491856946197, 0.08028238650273146, 0.036485718580663774, 0.0)",3
1753,6,20,11,"(0.0, 0.0, 0.09864539577037362, 0.01650583712158267, 0.0, 0.030645849071221472, 0.16773790467281977, 0.04541553900208064, 0.026121609841380632, 0.0)",97
1754,7,0,6,"(0.03426039533065134, 0.011572197494497125, 0.0, 0.030181603934096246, 0.005563883207858964, 0.0, 0.019795240631728064, 0.0, 0.028146417112716555, 0.03837437907115888)",5
1755,7,0,6,"(0.03426039533065134, 0.010415909675321758, 0.0, 0.04595121456144168, 0.005422768956954101, 0.0, 0.019795240631728064, 0.0, 0.028146417112716555, 0.05874522297052942)",1
1756,7,0,6,"(0.03426039533065134, 0.011572197494497125, 0.0, 0.030181603934096246, 0.005422768956954101, 0.0, 0.019795240631728064, 0.0, 0.028146417112716555, 0.05874522297052942)",177
1757,7,0,6,"(0.03426039533065134, 0.011572197494497125, 0.0, 0.030181603934096246, 0.005422768956954101, 0.0, 0.014381504063271027, 0.0, 0.02017950435747923, 0.06739906659389505)",7
1758,7,0,6,"(0.03426039533065134, 0.011572197494497125, 0.0, 0.030181603934096246, 0.005422768956954101, 0.0, 0.019795240631728064, 0.0, 0.022248464510114946, 0.05874522297052942)",1
1759,7,0,11,"(0.0, 0.0, 0.09864539577037362, 0.01650583712158267, 0.0, 0.028640972334076285, 0.16773790467281977, 0.056394276539190116, 0.014464008541976325, 0.0)",2
1760,7,0,11,"(0.0, 0.0, 0.09864539577037362, 0.01650583712158267, 0.0, 0.030645849071221472, 0.2105870203382738, 0.08028238650273146, 0.026121609841380632, 0.0)",1
1761,7,0,11,"(0.0, 0.0, 0.09864539577037362, 0.01650583712158267, 0.0, 0.0404800376537357, 0.16773790467281977, 0.08028238650273146, 0.026121609841380632, 0.0)",1
1762,7,0,11,"(0.0, 0.0, 0.09864539577037362, 0.01650583712158267, 0.0, 0.030645849071221472, 0.16773790467281977, 0.08028238650273146, 0.026121609841380632, 0.0)",230
1763,7,0,11,"(0.0, 0.0, 0.09864539577037362, 0.01650583712158267, 0.0, 0.021538470258919674, 0.16773790467281977, 0.08028238650273146, 0.026121609841380632, 0.0)",1
1764,7,0,11,"(0.0, 0.0, 0.0630723670041701, 0.01650583712158267, 0.0, 0.028640972334076285, 0.16773790467281977, 0.08028238650273146, 0.014464008541976325, 0.0)",1
1765,7,0,11,"(0.0, 0.0, 0.09864539577037362, 0.01650583712158267, 0.0, 0.030645849071221472, 0.16773790467281977, 0.11230105131835477, 0.026121609841380632, 0.0)",1
1766,7,0,11,"(0.0, 0.0, 0.05492350191967678, 0.01650583712158267, 0.0, 0.030645849071221472, 0.16773790467281977, 0.08028238650273146, 0.026121609841380632, 0.0)",2
1767,7,0,11,"(0.0, 0.0, 0.09864539577037362, 0.01650583712158267, 0.0, 0.028640972334076285, 0.16773790467281977, 0.08028238650273146, 0.014464008541976325, 0.0)",63
1768,7,1,6,"(0.03426039533065134, 0.011572197494497125, 0.0, 0.03159772958061685, 0.007547881728300927, 0.0, 0.019795240631728064, 0.0, 0.01815374226772124, 0.05874522297052942)",94
1769,7,1,6,"(0.03426039533065134, 0.011572197494497125, 0.0, 0.03159772958061685, 0.0040057480490333, 0.0, 0.019795240631728064, 0.0, 0.01815374226772124, 0.05874522297052942)",2
1770,7,1,6,"(0.049829984921904574, 0.011572197494497125, 0.0, 0.030181603934096246, 0.005422768956954101, 0.0, 0.019795240631728064, 0.0, 0.028146417112716555, 0.05874522297052942)",9
1771,7,1,6,"(0.03426039533065134, 0.011572197494497125, 0.0, 0.030181603934096246, 0.005422768956954101, 0.0, 0.019795240631728064, 0.0, 0.028146417112716555, 0.05874522297052942)",206
1772,7,1,6,"(0.03426039533065134, 0.011572197494497125, 0.0, 0.03679158318339033, 0.005422768956954101, 0.0, 0.019795240631728064, 0.0, 0.028146417112716555, 0.05874522297052942)",1
1773,7,1,6,"(0.03426039533065134, 0.011572197494497125, 0.0, 0.03159772958061685, 0.007547881728300927, 0.0, 0.019795240631728064, 0.0, 0.006515881623660148, 0.05874522297052942)",1
1774,7,1,8,"(0.19235562551390653, 0.05629838922922686, 0.0, 0.0, 0.07022106556493442, 0.0, 0.08319516954615302, 0.1116381245929446, 0.0, 0.0)",1
1775,7,1,8,"(0.19235562551390653, 0.046525949225991035, 0.0, 0.0, 0.07022106556493442, 0.0, 0.08319516954615302, 0.1116381245929446, 0.0, 0.0)",114
1776,7,1,8,"(0.19235562551390653, 0.046525949225991035, 0.0, 0.0, 0.07022106556493442, 0.0, 0.08319516954615302, 0.1564215120134038, 0.0, 0.0)",1
1777,7,2,13,"(0.0, 0.02461978404713738, 0.023035932332134326, 0.0, 0.00970885425506607, 0.022173256981297827, 0.0, 0.0, 0.01089208668844536, 0.00476393156717078)",96
1778,7,2,13,"(0.0, 0.02461978404713738, 0.023035932332134326, 0.0, 0.009331466768383045, 0.022173256981297827, 0.0, 0.0, 0.005126937213835292, 0.00476393156717078)",1
1779,7,2,13,"(0.0, 0.023803847290142826, 0.023035932332134326, 0.0, 0.010766940487623654, 0.022173256981297827, 0.0, 0.0, 0.01089208668844536, 0.00476393156717078)",3
1780,7,2,13,"(0.0, 0.02461978404713738, 0.012488192435894057, 0.0, 0.01810411441758469, 0.025902942973352733, 0.0, 0.0, 0.02438703634961922, 0.0026423859851253916)",10
1781,7,2,13,"(0.0, 0.02461978404713738, 0.012488192435894057, 0.0, 0.021485857001841063, 0.025902942973352733, 0.0, 0.0, 0.01089208668844536, 0.00476393156717078)",1
1782,7,2,13,"(0.0, 0.02461978404713738, 0.012488192435894057, 0.0, 0.021961232187505706, 0.025902942973352733, 0.0, 0.0, 0.01089208668844536, 0.00476393156717078)",11
1783,7,2,13,"(0.0, 0.02461978404713738, 0.012488192435894057, 0.0, 0.01810411441758469, 0.037640386093352324, 0.0, 0.0, 0.01089208668844536, 0.00476393156717078)",2
1784,7,2,13,"(0.0, 0.02461978404713738, 0.023035932332134326, 0.0, 0.01810411441758469, 0.022173256981297827, 0.0, 0.0, 0.01089208668844536, 0.00476393156717078)",53
1785,7,2,13,"(0.0, 0.02461978404713738, 0.012488192435894057, 0.0, 0.01810411441758469, 0.025902942973352733, 0.0, 0.0, 0.01089208668844536, 0.00476393156717078)",110
1786,7,2,13,"(0.0, 0.02461978404713738, 0.03154915095461936, 0.0, 0.01810411441758469, 0.022173256981297827, 0.0, 0.0, 0.01089208668844536, 0.00476393156717078)",1
1787,7,2,13,"(0.0, 0.02461978404713738, 0.012488192435894057, 0.0, 0.021629149936501328, 0.017053016383365604, 0.0, 0.0, 0.01089208668844536, 0.007047576174920651)",1
1788,7,2,13,"(0.0, 0.021661758597984655, 0.019377852243568944, 0.0, 0.01810411441758469, 0.025902942973352733, 0.0, 0.0, 0.01089208668844536, 0.00476393156717078)",1
1789,7,2,13,"(0.0, 0.02461978404713738, 0.045521824682524914, 0.0, 0.00970885425506607, 0.022173256981297827, 0.0, 0.0, 0.01089208668844536, 0.00476393156717078)",1
1790,7,2,13,"(0.0, 0.02461978404713738, 0.023035932332134326, 0.0, 0.00970885425506607, 0.022173256981297827, 0.0, 0.0, 0.016968097737875238, 0.00476393156717078)",34
1791,7,3,13,"(0.0, 0.02461978404713738, 0.023035932332134326, 0.0, 0.01810411441758469, 0.022173256981297827, 0.0, 0.0, 0.02647073660364575, 0.00476393156717078)",3
1792,7,3,13,"(0.0, 0.022699279314814767, 0.023035932332134326, 0.0, 0.01810411441758469, 0.022173256981297827, 0.0, 0.0, 0.01089208668844536, 0.00476393156717078)",1
1793,7,3,13,"(0.0, 0.020269460966215326, 0.023035932332134326, 0.0, 0.01810411441758469, 0.022173256981297827, 0.0, 0.0, 0.0060669268587568185, 0.00476393156717078)",1
1794,7,3,13,"(0.0, 0.02461978404713738, 0.023035932332134326, 0.0, 0.008850376916397914, 0.022173256981297827, 0.0, 0.0, 0.01089208668844536, 0.00476393156717078)",3
1795,7,3,13,"(0.0, 0.02461978404713738, 0.023035932332134326, 0.0, 0.01810411441758469, 0.022173256981297827, 0.0, 0.0, 0.01089208668844536, 0.00476393156717078)",387
1796,7,3,13,"(0.0, 0.018471506445635784, 0.03855090398488688, 0.0, 0.01810411441758469, 0.022173256981297827, 0.0, 0.0, 0.01089208668844536, 0.00476393156717078)",1
1797,7,3,13,"(0.0, 0.02493469715900778, 0.023035932332134326, 0.0, 0.01810411441758469, 0.022173256981297827, 0.0, 0.0, 0.008697719473223717, 0.005670117192562919)",1
1798,7,3,13,"(0.0, 0.02461978404713738, 0.014123150943591354, 0.0, 0.01810411441758469, 0.022173256981297827, 0.0, 0.0, 0.007555264411499215, 0.00476393156717078)",1
1799,7,4,11,"(0.0, 0.0, 0.09864539577037362, 0.01650583712158267, 0.0, 0.030645849071221472, 0.16773790467281977, 0.08036210620820097, 0.026121609841380632, 0.0)",1
1800,7,4,11,"(0.0, 0.0, 0.09864539577037362, 0.016529264424256777, 0.0, 0.030645849071221472, 0.16773790467281977, 0.08028238650273146, 0.017579589817086686, 0.0)",40
1801,7,4,11,"(0.0, 0.0, 0.09864539577037362, 0.01650583712158267, 0.0, 0.030645849071221472, 0.16773790467281977, 0.08028238650273146, 0.019393039433811852, 0.0)",4
1802,7,4,11,"(0.0, 0.0, 0.09864539577037362, 0.01650583712158267, 0.0, 0.030645849071221472, 0.08153022673827125, 0.19697468166699628, 0.026121609841380632, 0.0)",3
1803,7,4,11,"(0.0, 0.0, 0.09323826061938768, 0.01650583712158267, 0.0, 0.030645849071221472, 0.27872788975488927, 0.08028238650273146, 0.02426119273534444, 0.0)",2
1804,7,4,11,"(0.0, 0.0, 0.09864539577037362, 0.02019146615805031, 0.0, 0.024301878482000397, 0.16773790467281977, 0.0848638823983509, 0.026121609841380632, 0.0)",2
1805,7,4,11,"(0.0, 0.0, 0.09864539577037362, 0.016529264424256777, 0.0, 0.030645849071221472, 0.16773790467281977, 0.06382171455780339, 0.017579589817086686, 0.0)",1
1806,7,4,11,"(0.0, 0.0, 0.09864539577037362, 0.01650583712158267, 0.0, 0.030645849071221472, 0.16773790467281977, 0.08028238650273146, 0.03198316869891428, 0.0)",11
1807,7,4,11,"(0.0, 0.0, 0.09864539577037362, 0.016529264424256777, 0.0, 0.0190305982460046, 0.16773790467281977, 0.08028238650273146, 0.017579589817086686, 0.0)",1
1808,7,4,11,"(0.0, 0.0, 0.09864539577037362, 0.01650583712158267, 0.0, 0.030645849071221472, 0.16773790467281977, 0.08028238650273146, 0.026121609841380632, 0.0)",361
1809,7,4,11,"(0.0, 0.0, 0.09593118307855757, 0.01650583712158267, 0.0, 0.030645849071221472, 0.16773790467281977, 0.08028238650273146, 0.026121609841380632, 0.0)",3
1810,7,4,11,"(0.0, 0.0, 0.11967479811861305, 0.01650583712158267, 0.0, 0.030645849071221472, 0.16773790467281977, 0.08028238650273146, 0.026121609841380632, 0.0)",1
1811,7,4,11,"(0.0, 0.0, 0.09864539577037362, 0.01650583712158267, 0.0, 0.030645849071221472, 0.08153022673827125, 0.07240876560513207, 0.026121609841380632, 0.0)",132
1812,7,5,0,"(0.07400250769571483, 0.0, 0.0, 0.0, 0.0, 0.017098731129875016, 0.08380840797570269, 0.0691048466035698, 0.0, 0.0)",147
1813,7,5,0,"(0.07400250769571483, 0.0, 0.0, 0.0, 0.0, 0.017098731129875016, 0.08380840797570269, 0.09246614254384532, 0.0, 0.0)",1
1814,7,5,0,"(0.07400250769571483, 0.0, 0.0, 0.0, 0.0, 0.01759199169444947, 0.10082294420673965, 0.0691048466035698, 0.0, 0.0)",65
1815,7,5,0,"(0.07400250769571483, 0.0, 0.0, 0.0, 0.0, 0.038664151314593, 0.08380840797570269, 0.05015325966666236, 0.0, 0.0)",67
1816,7,5,6,"(0.03426039533065134, 0.011572197494497125, 0.0, 0.030181603934096246, 0.005422768956954101, 0.0, 0.019795240631728064, 0.0, 0.028146417112716555, 0.05874522297052942)",255
1817,7,5,6,"(0.03426039533065134, 0.011572197494497125, 0.0, 0.030181603934096246, 0.005422768956954101, 0.0, 0.013178093556354329, 0.0, 0.028146417112716555, 0.10740697232653706)",1
1818,7,5,6,"(0.03426039533065134, 0.011572197494497125, 0.0, 0.030181603934096246, 0.005422768956954101, 0.0, 0.010018731591172758, 0.0, 0.028146417112716555, 0.05874522297052942)",2
1819,7,5,6,"(0.03426039533065134, 0.011572197494497125, 0.0, 0.030181603934096246, 0.005422768956954101, 0.0, 0.019795240631728064, 0.0, 0.034890972659253776, 0.05874522297052942)",1
1820,7,5,6,"(0.03426039533065134, 0.011572197494497125, 0.0, 0.030181603934096246, 0.005265267641728427, 0.0, 0.019795240631728064, 0.0, 0.028146417112716555, 0.05874522297052942)",4
1821,7,5,6,"(0.03426039533065134, 0.021505057902954174, 0.0, 0.030181603934096246, 0.005422768956954101, 0.0, 0.019795240631728064, 0.0, 0.028146417112716555, 0.05874522297052942)",1
1822,7,5,6,"(0.03426039533065134, 0.011572197494497125, 0.0, 0.06389780840693592, 0.005422768956954101, 0.0, 0.019795240631728064, 0.0, 0.028146417112716555, 0.05874522297052942)",2
1823,7,6,0,"(0.07400250769571483, 0.0, 0.0, 0.0, 0.0, 0.017098731129875016, 0.08380840797570269, 0.0691048466035698, 0.0, 0.0)",167
1824,7,6,0,"(0.07400250769571483, 0.0, 0.0, 0.0, 0.0, 0.017098731129875016, 0.08966474809378, 0.04660404163632514, 0.0, 0.0)",2
1825,7,6,0,"(0.07400250769571483, 0.0, 0.0, 0.0, 0.0, 0.0342242324239487, 0.08380840797570269, 0.0691048466035698, 0.0, 0.0)",9
1826,7,6,0,"(0.07400250769571483, 0.0, 0.0, 0.0, 0.0, 0.017098731129875016, 0.08380840797570269, 0.03332522326291582, 0.0, 0.0)",13
1827,7,6,11,"(0.0, 0.0, 0.09864539577037362, 0.01650583712158267, 0.0, 0.030645849071221472, 0.16773790467281977, 0.11807658559792614, 0.026121609841380632, 0.0)",1
1828,7,6,11,"(0.0, 0.0, 0.07741410332017225, 0.01650583712158267, 0.0, 0.030645849071221472, 0.16773790467281977, 0.08028238650273146, 0.026121609841380632, 0.0)",2
1829,7,6,11,"(0.0, 0.0, 0.09864539577037362, 0.01650583712158267, 0.0, 0.030645849071221472, 0.15050624384382927, 0.08028238650273146, 0.026121609841380632, 0.0)",1
1830,7,6,11,"(0.0, 0.0, 0.09864539577037362, 0.01650583712158267, 0.0, 0.030645849071221472, 0.18636752059902437, 0.08028238650273146, 0.026121609841380632, 0.0)",2
1831,7,6,11,"(0.0, 0.0, 0.09864539577037362, 0.01650583712158267, 0.0, 0.030645849071221472, 0.16773790467281977, 0.08028238650273146, 0.026121609841380632, 0.0)",203
1832,7,6,11,"(0.0, 0.0, 0.09864539577037362, 0.01650583712158267, 0.0, 0.015218137034898454, 0.16773790467281977, 0.08028238650273146, 0.026121609841380632, 0.0)",1
1833,7,7,1,"(0.0, 0.0, 0.058388645238230806, 0.0, 0.0, 0.07577624578880941, 0.0, 0.0, 0.0, 0.09965925051150999)",1
1834,7,7,1,"(0.0, 0.0, 0.10922905711608999, 0.0, 0.0, 0.07577624578880941, 0.0, 0.0, 0.0, 0.05232211963457271)",1
1835,7,7,1,"(0.0, 0.0, 0.13017044507134617, 0.0, 0.0, 0.07577624578880941, 0.0, 0.0, 0.0, 0.09965925051150999)",1
1836,7,7,1,"(0.0, 0.0, 0.10922905711608999, 0.0, 0.0, 0.04894270977239542, 0.0, 0.0, 0.0, 0.09965925051150999)",1
1837,7,7,1,"(0.0, 0.0, 0.10922905711608999, 0.0, 0.0, 0.07577624578880941, 0.0, 0.0, 0.0, 0.09965925051150999)",127
1838,7,7,13,"(0.0, 0.02461978404713738, 0.024979793863930858, 0.0, 0.01810411441758469, 0.022173256981297827, 0.0, 0.0, 0.01089208668844536, 0.00476393156717078)",13
1839,7,7,13,"(0.0, 0.02461978404713738, 0.023035932332134326, 0.0, 0.01810411441758469, 0.04852095936739265, 0.0, 0.0, 0.01089208668844536, 0.00476393156717078)",1
1840,7,7,13,"(0.0, 0.02461978404713738, 0.03231017497339018, 0.0, 0.01810411441758469, 0.022173256981297827, 0.0, 0.0, 0.01089208668844536, 0.00476393156717078)",2
1841,7,7,13,"(0.0, 0.02461978404713738, 0.023035932332134326, 0.0, 0.01810411441758469, 0.022173256981297827, 0.0, 0.0, 0.010249302321657376, 0.00476393156717078)",1
1842,7,7,13,"(0.0, 0.02461978404713738, 0.023035932332134326, 0.0, 0.01810411441758469, 0.022173256981297827, 0.0, 0.0, 0.01089208668844536, 0.00476393156717078)",251
1843,7,7,13,"(0.0, 0.02461978404713738, 0.012684204569319263, 0.0, 0.022992242705193944, 0.022173256981297827, 0.0, 0.0, 0.01089208668844536, 0.00804995879970782)",2
1844,7,7,13,"(0.0, 0.02461978404713738, 0.023035932332134326, 0.0, 0.022992242705193944, 0.022173256981297827, 0.0, 0.0, 0.01089208668844536, 0.00804995879970782)",24
1845,7,7,13,"(0.0, 0.02461978404713738, 0.023035932332134326, 0.0, 0.01810411441758469, 0.022173256981297827, 0.0, 0.0, 0.010662309924155372, 0.00476393156717078)",1
1846,7,7,13,"(0.0, 0.01572853399709811, 0.023035932332134326, 0.0, 0.01810411441758469, 0.022173256981297827, 0.0, 0.0, 0.01089208668844536, 0.00476393156717078)",1
1847,7,7,13,"(0.0, 0.03423181262449714, 0.023035932332134326, 0.0, 0.01810411441758469, 0.022173256981297827, 0.0, 0.0, 0.01089208668844536, 0.00476393156717078)",2
1848,7,8,6,"(0.0667080964939701, 0.011572197494497125, 0.0, 0.030181603934096246, 0.007203344642882917, 0.0, 0.019795240631728064, 0.0, 0.028146417112716555, 0.05874522297052942)",1
1849,7,8,6,"(0.03656180599521727, 0.011572197494497125, 0.0, 0.030181603934096246, 0.005422768956954101, 0.0, 0.019795240631728064, 0.0, 0.028146417112716555, 0.05874522297052942)",10
1850,7,8,6,"(0.03426039533065134, 0.011572197494497125, 0.0, 0.030181603934096246, 0.005422768956954101, 0.0, 0.019795240631728064, 0.0, 0.028146417112716555, 0.05874522297052942)",225
1851,7,8,11,"(0.0, 0.0, 0.09864539577037362, 0.019278132989896345, 0.0, 0.030645849071221472, 0.14831930129519041, 0.08028238650273146, 0.026121609841380632, 0.0)",1
1852,7,8,11,"(0.0, 0.0, 0.09864539577037362, 0.022365158134726042, 0.0, 0.030645849071221472, 0.17395540428886927, 0.08028238650273146, 0.026121609841380632, 0.0)",13
1853,7,8,11,"(0.0, 0.0, 0.09864539577037362, 0.017631761897736572, 0.0, 0.030645849071221472, 0.16773790467281977, 0.08028238650273146, 0.026121609841380632, 0.0)",1
1854,7,8,11,"(0.0, 0.0, 0.09864539577037362, 0.01650583712158267, 0.0, 0.030645849071221472, 0.3309722538683726, 0.08028238650273146, 0.026121609841380632, 0.0)",1
1855,7,8,11,"(0.0, 0.0, 0.09864539577037362, 0.01650583712158267, 0.0, 0.030645849071221472, 0.16773790467281977, 0.08624037178107717, 0.026121609841380632, 0.0)",11
1856,7,8,11,"(0.0, 0.0, 0.09864539577037362, 0.01650583712158267, 0.0, 0.031211978481304123, 0.13855135743719746, 0.08028238650273146, 0.026121609841380632, 0.0)",154
1857,7,8,11,"(0.0, 0.0, 0.09864539577037362, 0.01650583712158267, 0.0, 0.030645849071221472, 0.16773790467281977, 0.05487587528261972, 0.026121609841380632, 0.0)",27
1858,7,8,11,"(0.0, 0.0, 0.09864539577037362, 0.01650583712158267, 0.0, 0.030645849071221472, 0.16773790467281977, 0.08028238650273146, 0.026121609841380632, 0.0)",133
1859,7,9,11,"(0.0, 0.0, 0.09864539577037362, 0.01650583712158267, 0.0, 0.030645849071221472, 0.16773790467281977, 0.06852608762739645, 0.026121609841380632, 0.0)",49
1860,7,9,11,"(0.0, 0.0, 0.09864539577037362, 0.01650583712158267, 0.0, 0.030645849071221472, 0.16773790467281977, 0.08028238650273146, 0.050228531100358395, 0.0)",24
1861,7,9,11,"(0.0, 0.0, 0.09864539577037362, 0.01650583712158267, 0.0, 0.030645849071221472, 0.16773790467281977, 0.08028238650273146, 0.026121609841380632, 0.0)",374
1862,7,9,11,"(0.0, 0.0, 0.09864539577037362, 0.01650583712158267, 0.0, 0.030645849071221472, 0.16243652964526273, 0.08028238650273146, 0.026121609841380632, 0.0)",53
1863,7,9,11,"(0.0, 0.0, 0.11755819882518005, 0.01650583712158267, 0.0, 0.02375279233445006, 0.16773790467281977, 0.08028238650273146, 0.026121609841380632, 0.0)",72
1864,7,9,11,"(0.0, 0.0, 0.09864539577037362, 0.01650583712158267, 0.0, 0.030645849071221472, 0.16773790467281977, 0.06538330359077905, 0.026121609841380632, 0.0)",1
1865,7,10,13,"(0.0, 0.02461978404713738, 0.023035932332134326, 0.0, 0.01810411441758469, 0.022173256981297827, 0.0, 0.0, 0.01089208668844536, 0.00476393156717078)",197
1866,7,10,13,"(0.0, 0.02461978404713738, 0.023035932332134326, 0.0, 0.01810411441758469, 0.029442821049638895, 0.0, 0.0, 0.006297871303939285, 0.005989260223381558)",2
1867,7,10,13,"(0.0, 0.02461978404713738, 0.023035932332134326, 0.0, 0.01810411441758469, 0.022173256981297827, 0.0, 0.0, 0.015319416720885251, 0.00476393156717078)",2
1868,7,10,13,"(0.0, 0.02461978404713738, 0.023035932332134326, 0.0, 0.01810411441758469, 0.02381609208023825, 0.0, 0.0, 0.01089208668844536, 0.00476393156717078)",1
1869,7,10,13,"(0.0, 0.02461978404713738, 0.023035932332134326, 0.0, 0.01742594786099837, 0.022173256981297827, 0.0, 0.0, 0.01089208668844536, 0.00476393156717078)",1
1870,7,10,13,"(0.0, 0.02461978404713738, 0.058309562981524315, 0.0, 0.01810411441758469, 0.022173256981297827, 0.0, 0.0, 0.008066080406003165, 0.00476393156717078)",28
1871,7,10,13,"(0.0, 0.025122737865954772, 0.023035932332134326, 0.0, 0.01810411441758469, 0.022173256981297827, 0.0, 0.0, 0.01089208668844536, 0.00476393156717078)",1
1872,7,10,13,"(0.0, 0.02461978404713738, 0.025613628069882148, 0.0, 0.047400673545188184, 0.022173256981297827, 0.0, 0.0, 0.01089208668844536, 0.00476393156717078)",1
1873,7,10,13,"(0.0, 0.01580957432973339, 0.023035932332134326, 0.0, 0.01810411441758469, 0.01712073545126663, 0.0, 0.0, 0.01089208668844536, 0.00476393156717078)",1
1874,7,11,13,"(0.0, 0.02461978404713738, 0.023035932332134326, 0.0, 0.01810411441758469, 0.010128593026493129, 0.0, 0.0, 0.01089208668844536, 0.00476393156717078)",40
1875,7,11,13,"(0.0, 0.02461978404713738, 0.023035932332134326, 0.0, 0.01810411441758469, 0.022173256981297827, 0.0, 0.0, 0.01089208668844536, 0.00476393156717078)",197
1876,7,11,13,"(0.0, 0.02461978404713738, 0.023035932332134326, 0.0, 0.016973567656639824, 0.022173256981297827, 0.0, 0.0, 0.017763866401343656, 0.004436641746586963)",1
1877,7,11,13,"(0.0, 0.02461978404713738, 0.023035932332134326, 0.0, 0.01810411441758469, 0.04229368428508261, 0.0, 0.0, 0.01089208668844536, 0.00476393156717078)",1
1878,7,11,13,"(0.0, 0.028769632173314515, 0.023035932332134326, 0.0, 0.01810411441758469, 0.010128593026493129, 0.0, 0.0, 0.01089208668844536, 0.007081442338368511)",1
1879,7,11,13,"(0.0, 0.02461978404713738, 0.023035932332134326, 0.0, 0.01810411441758469, 0.030168961039735456, 0.0, 0.0, 0.01089208668844536, 0.00476393156717078)",3
1880,7,11,13,"(0.0, 0.02461978404713738, 0.02000631108844997, 0.0, 0.007958493760131208, 0.022173256981297827, 0.0, 0.0, 0.01089208668844536, 0.00476393156717078)",2
1881,7,11,13,"(0.0, 0.02461978404713738, 0.023035932332134326, 0.0, 0.016973567656639824, 0.022173256981297827, 0.0, 0.0, 0.01089208668844536, 0.004436641746586963)",48
1882,7,11,13,"(0.0, 0.02461978404713738, 0.023035932332134326, 0.0, 0.01810411441758469, 0.022173256981297827, 0.0, 0.0, 0.009821895295756953, 0.00476393156717078)",1
1883,7,11,13,"(0.0, 0.02461978404713738, 0.023035932332134326, 0.0, 0.01810411441758469, 0.022173256981297827, 0.0, 0.0, 0.01089208668844536, 0.005276683186668861)",1
1884,7,12,8,"(0.2269434968559227, 0.046525949225991035, 0.0, 0.0, 0.07022106556493442, 0.0, 0.08319516954615302, 0.1116381245929446, 0.0, 0.0)",1
1885,7,12,8,"(0.19235562551390653, 0.046525949225991035, 0.0, 0.0, 0.07022106556493442, 0.0, 0.08319516954615302, 0.1116381245929446, 0.0, 0.0)",215
1886,7,12,10,"(0.07734904686468291, 0.06927916245295945, 0.09682940930282144, 0.0017773360538905325, 0.0, 0.06291875767155253, 0.0, 0.10994488928074131, 0.0, 0.0)",155
1887,7,12,10,"(0.12556065361839874, 0.06927916245295945, 0.09682940930282144, 0.0012389050578716031, 0.0, 0.04853411903834676, 0.0, 0.10994488928074131, 0.0, 0.0)",36
1888,7,12,10,"(0.07734904686468291, 0.06927916245295945, 0.11563369670531147, 0.0017773360538905325, 0.0, 0.0517900286791978, 0.0, 0.10994488928074131, 0.0, 0.0)",39
1889,7,12,10,"(0.07734904686468291, 0.06927916245295945, 0.09682940930282144, 0.0012389050578716031, 0.0, 0.06291875767155253, 0.0, 0.10994488928074131, 0.0, 0.0)",16
1890,7,13,6,"(0.03426039533065134, 0.011572197494497125, 0.0, 0.030181603934096246, 0.005422768956954101, 0.0, 0.019795240631728064, 0.0, 0.028146417112716555, 0.0872042663869485)",10
1891,7,13,6,"(0.03426039533065134, 0.011572197494497125, 0.0, 0.030181603934096246, 0.005422768956954101, 0.0, 0.025872065048491086, 0.0, 0.028146417112716555, 0.05874522297052942)",1
1892,7,13,6,"(0.03426039533065134, 0.011572197494497125, 0.0, 0.030181603934096246, 0.005422768956954101, 0.0, 0.019795240631728064, 0.0, 0.028146417112716555, 0.05874522297052942)",208
1893,7,13,6,"(0.03426039533065134, 0.011572197494497125, 0.0, 0.030181603934096246, 0.006988342590024225, 0.0, 0.019795240631728064, 0.0, 0.028146417112716555, 0.05874522297052942)",3
1894,7,13,6,"(0.03426039533065134, 0.011572197494497125, 0.0, 0.030181603934096246, 0.005422768956954101, 0.0, 0.019795240631728064, 0.0, 0.028146417112716555, 0.05486556331236226)",14
1895,7,13,14,"(0.0, 0.017248724174617657, 0.0, 0.0, 0.0, 0.0, 0.07953404334720608, 0.07609886892949795, 0.03621416498310447, 0.0)",1
1896,7,13,14,"(0.0, 0.017248724174617657, 0.0, 0.0, 0.0, 0.0, 0.09740400174042228, 0.07609886892949795, 0.03621416498310447, 0.0)",6
1897,7,13,14,"(0.0, 0.017248724174617657, 0.0, 0.0, 0.0, 0.0, 0.1096916615896246, 0.07609886892949795, 0.03621416498310447, 0.0)",319
1898,7,14,11,"(0.0, 0.0, 0.09864539577037362, 0.01650583712158267, 0.0, 0.030645849071221472, 0.16773790467281977, 0.08651616521267677, 0.026121609841380632, 0.0)",11
1899,7,14,11,"(0.0, 0.0, 0.09864539577037362, 0.01650583712158267, 0.0, 0.030645849071221472, 0.16773790467281977, 0.08028238650273146, 0.026121609841380632, 0.0)",109
1900,7,14,11,"(0.0, 0.0, 0.09864539577037362, 0.01650583712158267, 0.0, 0.030645849071221472, 0.16773790467281977, 0.08028238650273146, 0.011556590512006786, 0.0)",3
1901,7,14,11,"(0.0, 0.0, 0.09864539577037362, 0.01650583712158267, 0.0, 0.030645849071221472, 0.16773790467281977, 0.08028238650273146, 0.039414069405230144, 0.0)",1
1902,7,14,11,"(0.0, 0.0, 0.09577839330024251, 0.01650583712158267, 0.0, 0.030645849071221472, 0.16773790467281977, 0.08028238650273146, 0.026121609841380632, 0.0)",3
1903,7,14,11,"(0.0, 0.0, 0.09864539577037362, 0.01650583712158267, 0.0, 0.030645849071221472, 0.16773790467281977, 0.11218262347565001, 0.026121609841380632, 0.0)",1
1904,7,14,13,"(0.0, 0.02461978404713738, 0.023035932332134326, 0.0, 0.01810411441758469, 0.022173256981297827, 0.0, 0.0, 0.01089208668844536, 0.00476393156717078)",327
1905,7,14,13,"(0.0, 0.02461978404713738, 0.023035932332134326, 0.0, 0.01810411441758469, 0.022173256981297827, 0.0, 0.0, 0.010858621794975905, 0.00476393156717078)",2
1906,7,14,13,"(0.0, 0.02461978404713738, 0.027454059376001927, 0.0, 0.01810411441758469, 0.041000599618094304, 0.0, 0.0, 0.01089208668844536, 0.00476393156717078)",1
1907,7,14,13,"(0.0, 0.02461978404713738, 0.023035932332134326, 0.0, 0.01810411441758469, 0.022173256981297827, 0.0, 0.0, 0.01089208668844536, 0.004296028382382579)",2
1908,7,14,13,"(0.0, 0.02312228201889771, 0.023035932332134326, 0.0, 0.017817422750889485, 0.022173256981297827, 0.0, 0.0, 0.01089208668844536, 0.00476393156717078)",28
1909,7,14,13,"(0.0, 0.02461978404713738, 0.023035932332134326, 0.0, 0.01810411441758469, 0.022173256981297827, 0.0, 0.0, 0.013505036593014491, 0.005301994455743066)",1
1910,7,14,13,"(0.0, 0.02461978404713738, 0.023035932332134326, 0.0, 0.014586762781428998, 0.022173256981297827, 0.0, 0.0, 0.01089208668844536, 0.00476393156717078)",1
1911,7,14,13,"(0.0, 0.02461978404713738, 0.023035932332134326, 0.0, 0.01810411441758469, 0.01771991160607863, 0.0, 0.0, 0.01089208668844536, 0.00476393156717078)",1
1912,7,15,6,"(0.03426039533065134, 0.011572197494497125, 0.0, 0.030181603934096246, 0.005422768956954101, 0.0, 0.019795240631728064, 0.0, 0.028146417112716555, 0.05874522297052942)",158
1913,7,15,6,"(0.03426039533065134, 0.011572197494497125, 0.0, 0.030181603934096246, 0.005422768956954101, 0.0, 0.019795240631728064, 0.0, 0.028146417112716555, 0.035982276637366466)",1
1914,7,15,11,"(0.0, 0.0, 0.08933749254097667, 0.01650583712158267, 0.0, 0.030645849071221472, 0.13049626713566656, 0.08028238650273146, 0.04655768392959276, 0.0)",2
1915,7,15,11,"(0.0, 0.0, 0.09864539577037362, 0.01650583712158267, 0.0, 0.05273100013886468, 0.13049626713566656, 0.08028238650273146, 0.026121609841380632, 0.0)",1
1916,7,15,11,"(0.0, 0.0, 0.09864539577037362, 0.01650583712158267, 0.0, 0.030645849071221472, 0.16773790467281977, 0.08028238650273146, 0.026121609841380632, 0.0)",118
1917,7,15,11,"(0.0, 0.0, 0.11839367174953695, 0.01650583712158267, 0.0, 0.030645849071221472, 0.16773790467281977, 0.0404147798164449, 0.026121609841380632, 0.0)",50
1918,7,15,11,"(0.0, 0.0, 0.11839367174953695, 0.01650583712158267, 0.0, 0.030645849071221472, 0.27388113021383076, 0.0404147798164449, 0.026121609841380632, 0.0)",15
1919,7,15,11,"(0.0, 0.0, 0.09864539577037362, 0.01650583712158267, 0.0, 0.030645849071221472, 0.11468688870085887, 0.08028238650273146, 0.026121609841380632, 0.0)",9
1920,7,15,11,"(0.0, 0.0, 0.09864539577037362, 0.01650583712158267, 0.0, 0.030645849071221472, 0.13049626713566656, 0.08028238650273146, 0.026121609841380632, 0.0)",141
1921,7,15,11,"(0.0, 0.0, 0.11839367174953695, 0.01650583712158267, 0.0, 0.030645849071221472, 0.22347347867923703, 0.0404147798164449, 0.026121609841380632, 0.0)",1
1922,7,15,11,"(0.0, 0.0, 0.09864539577037362, 0.015600507203395475, 0.0, 0.030645849071221472, 0.16773790467281977, 0.08028238650273146, 0.026121609841380632, 0.0)",1
1923,7,16,1,"(0.0, 0.0, 0.041406372128065916, 0.0, 0.0, 0.0199117526153351, 0.0, 0.0, 0.0, 0.09965925051150999)",471
1924,7,16,1,"(0.0, 0.0, 0.045276185242870075, 0.0, 0.0, 0.0199117526153351, 0.0, 0.0, 0.0, 0.09965925051150999)",17
1925,7,16,1,"(0.0, 0.0, 0.10922905711608999, 0.0, 0.0, 0.07577624578880941, 0.0, 0.0, 0.0, 0.09965925051150999)",133
1926,7,16,1,"(0.0, 0.0, 0.024133713358925515, 0.0, 0.0, 0.0199117526153351, 0.0, 0.0, 0.0, 0.0979296226677736)",1
1927,7,16,1,"(0.0, 0.0, 0.10922905711608999, 0.0, 0.0, 0.10981115692166765, 0.0, 0.0, 0.0, 0.09965925051150999)",1
1928,7,16,1,"(0.0, 0.0, 0.041406372128065916, 0.0, 0.0, 0.0199117526153351, 0.0, 0.0, 0.0, 0.07166987260592851)",3
1929,7,16,1,"(0.0, 0.0, 0.030009009041588663, 0.0, 0.0, 0.0199117526153351, 0.0, 0.0, 0.0, 0.09965925051150999)",4
1930,7,16,1,"(0.0, 0.0, 0.04681283473431003, 0.0, 0.0, 0.018517124660490825, 0.0, 0.0, 0.0, 0.09965925051150999)",3
1931,7,16,8,"(0.19235562551390653, 0.021119247975651928, 0.0, 0.0, 0.09237222019884947, 0.0, 0.08319516954615302, 0.1116381245929446, 0.0, 0.0)",1
1932,7,16,8,"(0.19235562551390653, 0.046525949225991035, 0.0, 0.0, 0.07022106556493442, 0.0, 0.08319516954615302, 0.1116381245929446, 0.0, 0.0)",132
1933,7,16,8,"(0.14593654661021266, 0.04904700654035262, 0.0, 0.0, 0.07022106556493442, 0.0, 0.0668099751067927, 0.1116381245929446, 0.0, 0.0)",4
1934,7,16,8,"(0.19235562551390653, 0.046525949225991035, 0.0, 0.0, 0.07022106556493442, 0.0, 0.08180054902430285, 0.1116381245929446, 0.0, 0.0)",37
1935,7,16,8,"(0.19235562551390653, 0.04334546018249462, 0.0, 0.0, 0.07022106556493442, 0.0, 0.08319516954615302, 0.1116381245929446, 0.0, 0.0)",107
1936,7,17,1,"(0.0, 0.0, 0.0674178459889339, 0.0, 0.0, 0.07577624578880941, 0.0, 0.0, 0.0, 0.06848746762450664)",2
1937,7,17,1,"(0.0, 0.0, 0.10922905711608999, 0.0, 0.0, 0.030018978917809972, 0.0, 0.0, 0.0, 0.09976091420216307)",1
1938,7,17,1,"(0.0, 0.0, 0.10922905711608999, 0.0, 0.0, 0.030018978917809972, 0.0, 0.0, 0.0, 0.0910060267578522)",254
1939,7,17,1,"(0.0, 0.0, 0.19227276324976184, 0.0, 0.0, 0.0564878153935797, 0.0, 0.0, 0.0, 0.09965925051150999)",5
1940,7,17,1,"(0.0, 0.0, 0.10922905711608999, 0.0, 0.0, 0.10279440868118865, 0.0, 0.0, 0.0, 0.14725160232598394)",1
1941,7,17,1,"(0.0, 0.0, 0.10922905711608999, 0.0, 0.0, 0.07577624578880941, 0.0, 0.0, 0.0, 0.09965925051150999)",296
1942,7,17,1,"(0.0, 0.0, 0.0931130556224896, 0.0, 0.0, 0.07577624578880941, 0.0, 0.0, 0.0, 0.1302206333284714)",1
1943,7,17,1,"(0.0, 0.0, 0.10127794389694403, 0.0, 0.0, 0.07577624578880941, 0.0, 0.0, 0.0, 0.09965925051150999)",18
1944,7,17,8,"(0.19235562551390653, 0.04402363143712602, 0.0, 0.0, 0.07022106556493442, 0.0, 0.08319516954615302, 0.1116381245929446, 0.0, 0.0)",1
1945,7,17,8,"(0.19235562551390653, 0.023848118876467355, 0.0, 0.0, 0.07022106556493442, 0.0, 0.08319516954615302, 0.1116381245929446, 0.0, 0.0)",2
1946,7,17,8,"(0.19235562551390653, 0.04632028014141928, 0.0, 0.0, 0.07607150482198148, 0.0, 0.08319516954615302, 0.1116381245929446, 0.0, 0.0)",1
1947,7,17,8,"(0.19235562551390653, 0.06430899783238514, 0.0, 0.0, 0.07022106556493442, 0.0, 0.08319516954615302, 0.1116381245929446, 0.0, 0.0)",1
1948,7,17,8,"(0.19235562551390653, 0.046525949225991035, 0.0, 0.0, 0.08829178557647589, 0.0, 0.08319516954615302, 0.1116381245929446, 0.0, 0.0)",1
1949,7,17,8,"(0.19235562551390653, 0.04632028014141928, 0.0, 0.0, 0.07022106556493442, 0.0, 0.08319516954615302, 0.1116381245929446, 0.0, 0.0)",94
1950,7,17,8,"(0.19235562551390653, 0.046525949225991035, 0.0, 0.0, 0.055324264388818434, 0.0, 0.08319516954615302, 0.15814889380532596, 0.0, 0.0)",1
1951,7,17,8,"(0.20417089538586475, 0.04632028014141928, 0.0, 0.0, 0.07022106556493442, 0.0, 0.08319516954615302, 0.1116381245929446, 0.0, 0.0)",3
1952,7,17,8,"(0.19235562551390653, 0.046525949225991035, 0.0, 0.0, 0.07022106556493442, 0.0, 0.08319516954615302, 0.1116381245929446, 0.0, 0.0)",143
1953,7,17,8,"(0.19235562551390653, 0.046525949225991035, 0.0, 0.0, 0.07908770703614106, 0.0, 0.08319516954615302, 0.09825078482444861, 0.0, 0.0)",20
1954,7,18,1,"(0.0, 0.0, 0.10922905711608999, 0.0, 0.0, 0.07577624578880941, 0.0, 0.0, 0.0, 0.09965925051150999)",22
1955,7,18,1,"(0.0, 0.0, 0.1072889664084491, 0.0, 0.0, 0.08345470346826066, 0.0, 0.0, 0.0, 0.09965925051150999)",1
1956,7,18,1,"(0.0, 0.0, 0.10206150280306321, 0.0, 0.0, 0.07577624578880941, 0.0, 0.0, 0.0, 0.09965925051150999)",27
1957,7,18,1,"(0.0, 0.0, 0.10922905711608999, 0.0, 0.0, 0.07577624578880941, 0.0, 0.0, 0.0, 0.10367485643507554)",7
1958,7,18,10,"(0.07734904686468291, 0.06927916245295945, 0.09682940930282144, 0.0017773360538905325, 0.0, 0.06291875767155253, 0.0, 0.10994488928074131, 0.0, 0.0)",107
1959,7,18,10,"(0.05351881004529639, 0.06927916245295945, 0.09682940930282144, 0.0017773360538905325, 0.0, 0.06291875767155253, 0.0, 0.10994488928074131, 0.0, 0.0)",1
1960,7,18,10,"(0.07734904686468291, 0.08464166216675782, 0.09943240365545393, 0.0017773360538905325, 0.0, 0.06291875767155253, 0.0, 0.10994488928074131, 0.0, 0.0)",52
1961,7,18,10,"(0.07734904686468291, 0.060896461712617395, 0.09682940930282144, 0.0017773360538905325, 0.0, 0.017680105409581228, 0.0, 0.21015793794102913, 0.0, 0.0)",3
1962,7,18,10,"(0.07734904686468291, 0.06927916245295945, 0.09943240365545393, 0.0017773360538905325, 0.0, 0.06291875767155253, 0.0, 0.10994488928074131, 0.0, 0.0)",9
1963,7,18,10,"(0.07734904686468291, 0.11060580410181606, 0.09682940930282144, 0.0017773360538905325, 0.0, 0.06291875767155253, 0.0, 0.10994488928074131, 0.0, 0.0)",2
1964,7,18,11,"(0.0, 0.0, 0.09864539577037362, 0.01650583712158267, 0.0, 0.02618471560027468, 0.16773790467281977, 0.08028238650273146, 0.031904754372171905, 0.0)",1
1965,7,18,11,"(0.0, 0.0, 0.09864539577037362, 0.01650583712158267, 0.0, 0.03150275214907511, 0.13038533056739307, 0.08028238650273146, 0.026121609841380632, 0.0)",22
1966,7,18,11,"(0.0, 0.0, 0.09864539577037362, 0.01650583712158267, 0.0, 0.030645849071221472, 0.16773790467281977, 0.08028238650273146, 0.026121609841380632, 0.0)",420
1967,7,18,11,"(0.0, 0.0, 0.09864539577037362, 0.02131616763537591, 0.0, 0.030645849071221472, 0.16773790467281977, 0.08028238650273146, 0.026121609841380632, 0.0)",1
1968,7,19,0,"(0.07400250769571483, 0.0, 0.0, 0.0, 0.0, 0.020701598173893016, 0.08380840797570269, 0.0691048466035698, 0.0, 0.0)",2
1969,7,19,0,"(0.07400250769571483, 0.0, 0.0, 0.0, 0.0, 0.017098731129875016, 0.08380840797570269, 0.0691048466035698, 0.0, 0.0)",179
1970,7,19,0,"(0.11200415377944056, 0.0, 0.0, 0.0, 0.0, 0.038332764868717846, 0.08380840797570269, 0.07852857884680803, 0.0, 0.0)",1
1971,7,19,13,"(0.0, 0.02461978404713738, 0.03238932952069045, 0.0, 0.01810411441758469, 0.01685310539113143, 0.0, 0.0, 0.011135651772404278, 0.00476393156717078)",1
1972,7,19,13,"(0.0, 0.02461978404713738, 0.023035932332134326, 0.0, 0.01810411441758469, 0.02279483251989103, 0.0, 0.0, 0.010279923165980247, 0.005023818671983471)",1
1973,7,19,13,"(0.0, 0.02461978404713738, 0.023035932332134326, 0.0, 0.01810411441758469, 0.022173256981297827, 0.0, 0.0, 0.01089208668844536, 0.0040584929599583215)",1
1974,7,19,13,"(0.0, 0.02461978404713738, 0.023035932332134326, 0.0, 0.01810411441758469, 0.022173256981297827, 0.0, 0.0, 0.01089208668844536, 0.004604215741214169)",1
1975,7,19,13,"(0.0, 0.02461978404713738, 0.023035932332134326, 0.0, 0.01810411441758469, 0.011812701455410123, 0.0, 0.0, 0.01089208668844536, 0.00476393156717078)",2
1976,7,19,13,"(0.0, 0.02461978404713738, 0.023035932332134326, 0.0, 0.01810411441758469, 0.022173256981297827, 0.0, 0.0, 0.01089208668844536, 0.0017244833174584698)",1
1977,7,19,13,"(0.0, 0.02461978404713738, 0.023035932332134326, 0.0, 0.01810411441758469, 0.022173256981297827, 0.0, 0.0, 0.01089208668844536, 0.00476393156717078)",208
1978,7,19,13,"(0.0, 0.02461978404713738, 0.023035932332134326, 0.0, 0.01810411441758469, 0.022173256981297827, 0.0, 0.0, 0.01089208668844536, 0.008778888430635224)",1
1979,7,19,13,"(0.0, 0.02461978404713738, 0.023035932332134326, 0.0, 0.01798809743876598, 0.022173256981297827, 0.0, 0.0, 0.01089208668844536, 0.00476393156717078)",3
1980,7,20,10,"(0.07734904686468291, 0.09438920286992239, 0.09682940930282144, 0.0017773360538905325, 0.0, 0.06291875767155253, 0.0, 0.10994488928074131, 0.0, 0.0)",6
1981,7,20,10,"(0.07734904686468291, 0.06927916245295945, 0.09682940930282144, 0.0017773360538905325, 0.0, 0.04360712023256485, 0.0, 0.10994488928074131, 0.0, 0.0)",2
1982,7,20,10,"(0.07734904686468291, 0.06927916245295945, 0.09682940930282144, 0.0017773360538905325, 0.0, 0.06291875767155253, 0.0, 0.10994488928074131, 0.0, 0.0)",136
1983,7,20,11,"(0.0, 0.0, 0.09864539577037362, 0.01650583712158267, 0.0, 0.027473528896757006, 0.09572491856946197, 0.08028238650273146, 0.036485718580663774, 0.0)",1
1984,7,20,11,"(0.0, 0.0, 0.08014159865348675, 0.01650583712158267, 0.0, 0.030645849071221472, 0.09785387641019826, 0.03606840574544667, 0.036485718580663774, 0.0)",1
1985,7,20,11,"(0.0, 0.0, 0.08014159865348675, 0.01650583712158267, 0.0, 0.030645849071221472, 0.09572491856946197, 0.08028238650273146, 0.036485718580663774, 0.0)",31
1986,7,20,11,"(0.0, 0.0, 0.12607837037405145, 0.04495838868200851, 0.0, 0.030645849071221472, 0.16773790467281977, 0.08028238650273146, 0.020287156077383656, 0.0)",1
1987,7,20,11,"(0.0, 0.0, 0.0740518773870592, 0.01650583712158267, 0.0, 0.030645849071221472, 0.09572491856946197, 0.08028238650273146, 0.036485718580663774, 0.0)",1
1988,7,20,11,"(0.0, 0.0, 0.09864539577037362, 0.01650583712158267, 0.0, 0.030645849071221472, 0.09572491856946197, 0.08028238650273146, 0.036485718580663774, 0.0)",359
1989,7,20,11,"(0.0, 0.0, 0.09864539577037362, 0.01650583712158267, 0.0, 0.030645849071221472, 0.16773790467281977, 0.04541553900208064, 0.026121609841380632, 0.0)",65
1990,7,20,11,"(0.0, 0.0, 0.07415369192018806, 0.01650583712158267, 0.0, 0.030645849071221472, 0.09572491856946197, 0.08028238650273146, 0.036485718580663774, 0.0)",42
1991,7,20,11,"(0.0, 0.0, 0.09864539577037362, 0.01650583712158267, 0.0, 0.030645849071221472, 0.16773790467281977, 0.08028238650273146, 0.026121609841380632, 0.0)",54
1992,7,20,11,"(0.0, 0.0, 0.06209415816176995, 0.01650583712158267, 0.0, 0.030645849071221472, 0.09572491856946197, 0.08028238650273146, 0.036485718580663774, 0.0)",1
1993,8,0,6,"(0.03426039533065134, 0.011572197494497125, 0.0, 0.030181603934096246, 0.005283872428288814, 0.0, 0.019795240631728064, 0.0, 0.028146417112716555, 0.05874522297052942)",1
1994,8,0,6,"(0.03426039533065134, 0.011572197494497125, 0.0, 0.030181603934096246, 0.005422768956954101, 0.0, 0.014001795163578624, 0.0, 0.013957130491577745, 0.05874522297052942)",1
1995,8,0,6,"(0.03426039533065134, 0.011572197494497125, 0.0, 0.030181603934096246, 0.005422768956954101, 0.0, 0.019795240631728064, 0.0, 0.028146417112716555, 0.06324740619409969)",1
1996,8,0,6,"(0.03426039533065134, 0.011572197494497125, 0.0, 0.030181603934096246, 0.005054018498765557, 0.0, 0.019795240631728064, 0.0, 0.017953839153903278, 0.05874522297052942)",2
1997,8,0,6,"(0.022526584994063324, 0.011572197494497125, 0.0, 0.030181603934096246, 0.005422768956954101, 0.0, 0.019795240631728064, 0.0, 0.028146417112716555, 0.05874522297052942)",2
1998,8,0,6,"(0.03426039533065134, 0.011572197494497125, 0.0, 0.030181603934096246, 0.005422768956954101, 0.0, 0.019795240631728064, 0.0, 0.028146417112716555, 0.05874522297052942)",157
1999,8,0,6,"(0.03426039533065134, 0.011572197494497125, 0.0, 0.030181603934096246, 0.005422768956954101, 0.0, 0.019795240631728064, 0.0, 0.03955884675478442, 0.05874522297052942)",2
2000,8,0,11,"(0.0, 0.0, 0.09864539577037362, 0.026370317182249883, 0.0, 0.030645849071221472, 0.16773790467281977, 0.049719894713616875, 0.026121609841380632, 0.0)",3
2001,8,0,11,"(0.0, 0.0, 0.19306337922801836, 0.01650583712158267, 0.0, 0.030645849071221472, 0.16773790467281977, 0.08028238650273146, 0.026121609841380632, 0.0)",3
2002,8,0,11,"(0.0, 0.0, 0.09864539577037362, 0.01650583712158267, 0.0, 0.030645849071221472, 0.16773790467281977, 0.08028238650273146, 0.026121609841380632, 0.0)",299
2003,8,0,11,"(0.0, 0.0, 0.09864539577037362, 0.01650583712158267, 0.0, 0.028640972334076285, 0.16773790467281977, 0.08028238650273146, 0.014464008541976325, 0.0)",68
2004,8,0,11,"(0.0, 0.0, 0.13107879195029887, 0.01650583712158267, 0.0, 0.030645849071221472, 0.16773790467281977, 0.08028238650273146, 0.026121609841380632, 0.0)",1
2005,8,1,6,"(0.05531404522252637, 0.011572197494497125, 0.0, 0.030181603934096246, 0.005422768956954101, 0.0, 0.019795240631728064, 0.0, 0.026734918160214043, 0.05874522297052942)",1
2006,8,1,6,"(0.02791766081256161, 0.011572197494497125, 0.0, 0.030181603934096246, 0.005422768956954101, 0.0, 0.019795240631728064, 0.0, 0.028146417112716555, 0.05874522297052942)",6
2007,8,1,6,"(0.03426039533065134, 0.011572197494497125, 0.0, 0.030181603934096246, 0.005422768956954101, 0.0, 0.019795240631728064, 0.0, 0.029436048563303625, 0.05874522297052942)",4
2008,8,1,6,"(0.03426039533065134, 0.011572197494497125, 0.0, 0.040619359289624374, 0.007547881728300927, 0.0, 0.019795240631728064, 0.0, 0.01815374226772124, 0.05874522297052942)",6
2009,8,1,6,"(0.02791766081256161, 0.011572197494497125, 0.0, 0.030181603934096246, 0.005422768956954101, 0.0, 0.019795240631728064, 0.0, 0.01706773036907747, 0.05874522297052942)",1
2010,8,1,6,"(0.03426039533065134, 0.011572197494497125, 0.0, 0.03159772958061685, 0.007547881728300927, 0.0, 0.019795240631728064, 0.0, 0.01815374226772124, 0.05874522297052942)",17
2011,8,1,6,"(0.03426039533065134, 0.011572197494497125, 0.0, 0.030181603934096246, 0.005422768956954101, 0.0, 0.019795240631728064, 0.0, 0.028146417112716555, 0.05874522297052942)",236
2012,8,1,6,"(0.03426039533065134, 0.011572197494497125, 0.0, 0.030181603934096246, 0.005422768956954101, 0.0, 0.019795240631728064, 0.0, 0.026734918160214043, 0.05874522297052942)",2
2013,8,1,8,"(0.19235562551390653, 0.046525949225991035, 0.0, 0.0, 0.07022106556493442, 0.0, 0.08319516954615302, 0.1116381245929446, 0.0, 0.0)",195
2014,8,2,13,"(0.0, 0.02461978404713738, 0.023035932332134326, 0.0, 0.00970885425506607, 0.022173256981297827, 0.0, 0.0, 0.016968097737875238, 0.00476393156717078)",10
2015,8,2,13,"(0.0, 0.02461978404713738, 0.012488192435894057, 0.0, 0.01810411441758469, 0.025902942973352733, 0.0, 0.0, 0.01089208668844536, 0.00476393156717078)",113
2016,8,2,13,"(0.0, 0.02461978404713738, 0.023035932332134326, 0.0, 0.00970885425506607, 0.022173256981297827, 0.0, 0.0, 0.008556928470279156, 0.005684199401223616)",1
2017,8,2,13,"(0.0, 0.031988827859102474, 0.023035932332134326, 0.0, 0.00970885425506607, 0.01879939266165236, 0.0, 0.0, 0.012354921077075252, 0.00476393156717078)",1
2018,8,2,13,"(0.0, 0.02461978404713738, 0.023035932332134326, 0.0, 0.01810411441758469, 0.022173256981297827, 0.0, 0.0, 0.01089208668844536, 0.00476393156717078)",26
2019,8,2,13,"(0.0, 0.02461978404713738, 0.012488192435894057, 0.0, 0.016418709957831384, 0.025902942973352733, 0.0, 0.0, 0.01089208668844536, 0.00476393156717078)",1
2020,8,2,13,"(0.0, 0.02461978404713738, 0.023035932332134326, 0.0, 0.00970885425506607, 0.022173256981297827, 0.0, 0.0, 0.005703152232797295, 0.00476393156717078)",1
2021,8,2,13,"(0.0, 0.02461978404713738, 0.023035932332134326, 0.0, 0.01607508311159502, 0.022173256981297827, 0.0, 0.0, 0.01089208668844536, 0.005219584835581665)",1
2022,8,2,13,"(0.0, 0.02461978404713738, 0.012488192435894057, 0.0, 0.01810411441758469, 0.012536823198649629, 0.0, 0.0, 0.01089208668844536, 0.0050827107056578774)",4
2023,8,2,13,"(0.0, 0.02461978404713738, 0.012488192435894057, 0.0, 0.01810411441758469, 0.037640386093352324, 0.0, 0.0, 0.01089208668844536, 0.00476393156717078)",7
2024,8,2,13,"(0.0, 0.02461978404713738, 0.023035932332134326, 0.0, 0.00970885425506607, 0.022173256981297827, 0.0, 0.0, 0.01089208668844536, 0.00476393156717078)",47
2025,8,2,13,"(0.0, 0.02461978404713738, 0.023035932332134326, 0.0, 0.01607508311159502, 0.022173256981297827, 0.0, 0.0, 0.01089208668844536, 0.00476393156717078)",12
2026,8,3,13,"(0.0, 0.017577449906701317, 0.023035932332134326, 0.0, 0.01810411441758469, 0.022173256981297827, 0.0, 0.0, 0.01089208668844536, 0.00345594246398741)",1
2027,8,3,13,"(0.0, 0.02461978404713738, 0.023035932332134326, 0.0, 0.035967857991701824, 0.022173256981297827, 0.0, 0.0, 0.01089208668844536, 0.00476393156717078)",1
2028,8,3,13,"(0.0, 0.02461978404713738, 0.023035932332134326, 0.0, 0.01810411441758469, 0.022173256981297827, 0.0, 0.0, 0.01089208668844536, 0.00476393156717078)",256
2029,8,3,13,"(0.0, 0.02461978404713738, 0.023035932332134326, 0.0, 0.01810411441758469, 0.024941231306607886, 0.0, 0.0, 0.01089208668844536, 0.00476393156717078)",1
2030,8,3,13,"(0.0, 0.02461978404713738, 0.023035932332134326, 0.0, 0.01810411441758469, 0.022173256981297827, 0.0, 0.0, 0.02647073660364575, 0.00476393156717078)",5
2031,8,3,13,"(0.0, 0.02461978404713738, 0.023035932332134326, 0.0, 0.01810411441758469, 0.022173256981297827, 0.0, 0.0, 0.006331001869278036, 0.00476393156717078)",2
2032,8,3,13,"(0.0, 0.02461978404713738, 0.023035932332134326, 0.0, 0.012316608918960107, 0.022173256981297827, 0.0, 0.0, 0.01089208668844536, 0.00476393156717078)",1
2033,8,3,13,"(0.0, 0.02461978404713738, 0.04085578513030819, 0.0, 0.01810411441758469, 0.022173256981297827, 0.0, 0.0, 0.01089208668844536, 0.00476393156717078)",2
2034,8,3,13,"(0.0, 0.03058969811247091, 0.01386342176171226, 0.0, 0.01810411441758469, 0.022173256981297827, 0.0, 0.0, 0.01089208668844536, 0.00476393156717078)",1
2035,8,3,13,"(0.0, 0.02461978404713738, 0.030585612371152378, 0.0, 0.01810411441758469, 0.022173256981297827, 0.0, 0.0, 0.01089208668844536, 0.00476393156717078)",2
2036,8,3,13,"(0.0, 0.02461978404713738, 0.017519558069706745, 0.0, 0.019890790853019626, 0.022173256981297827, 0.0, 0.0, 0.01089208668844536, 0.002071002567870168)",1
2037,8,3,13,"(0.0, 0.02461978404713738, 0.023035932332134326, 0.0, 0.011896999113567952, 0.022173256981297827, 0.0, 0.0, 0.01089208668844536, 0.00476393156717078)",1
2038,8,3,13,"(0.0, 0.02461978404713738, 0.023035932332134326, 0.0, 0.008850376916397914, 0.022173256981297827, 0.0, 0.0, 0.01089208668844536, 0.00476393156717078)",5
2039,8,3,13,"(0.0, 0.02461978404713738, 0.023035932332134326, 0.0, 0.017697919749935124, 0.022173256981297827, 0.0, 0.0, 0.01089208668844536, 0.00476393156717078)",1
2040,8,4,11,"(0.0, 0.0, 0.09864539577037362, 0.01650583712158267, 0.0, 0.06100910294786259, 0.16773790467281977, 0.08028238650273146, 0.026121609841380632, 0.0)",1
2041,8,4,11,"(0.0, 0.0, 0.09864539577037362, 0.01650583712158267, 0.0, 0.030645849071221472, 0.16773790467281977, 0.08028238650273146, 0.026121609841380632, 0.0)",145
2042,8,4,11,"(0.0, 0.0, 0.09864539577037362, 0.01650583712158267, 0.0, 0.030645849071221472, 0.1691957775939885, 0.1772553694706646, 0.026121609841380632, 0.0)",2
2043,8,4,11,"(0.0, 0.0, 0.09864539577037362, 0.01650583712158267, 0.0, 0.030645849071221472, 0.1619773196671353, 0.07240876560513207, 0.026121609841380632, 0.0)",1
2044,8,4,11,"(0.0, 0.0, 0.09864539577037362, 0.01650583712158267, 0.0, 0.030645849071221472, 0.08153022673827125, 0.06994870467145499, 0.026121609841380632, 0.0)",2
2045,8,4,11,"(0.0, 0.0, 0.09864539577037362, 0.020003498102032637, 0.0, 0.03375520357426936, 0.08153022673827125, 0.07240876560513207, 0.026121609841380632, 0.0)",1
2046,8,4,11,"(0.0, 0.0, 0.09864539577037362, 0.01650583712158267, 0.0, 0.030645849071221472, 0.16773790467281977, 0.08036210620820097, 0.026121609841380632, 0.0)",11
2047,8,4,11,"(0.0, 0.0, 0.09864539577037362, 0.01650583712158267, 0.0, 0.030645849071221472, 0.08153022673827125, 0.07240876560513207, 0.026121609841380632, 0.0)",289
2048,8,4,11,"(0.0, 0.0, 0.09864539577037362, 0.016529264424256777, 0.0, 0.030645849071221472, 0.16773790467281977, 0.08028238650273146, 0.017579589817086686, 0.0)",53
2049,8,5,0,"(0.07400250769571483, 0.0, 0.0, 0.0, 0.0, 0.017098731129875016, 0.08380840797570269, 0.0691048466035698, 0.0, 0.0)",17
2050,8,5,0,"(0.07400250769571483, 0.0, 0.0, 0.0, 0.0, 0.01759199169444947, 0.10082294420673965, 0.0691048466035698, 0.0, 0.0)",87
2051,8,5,0,"(0.04048041655340933, 0.0, 0.0, 0.0, 0.0, 0.038664151314593, 0.08380840797570269, 0.05015325966666236, 0.0, 0.0)",3
2052,8,5,0,"(0.07400250769571483, 0.0, 0.0, 0.0, 0.0, 0.038664151314593, 0.04755664277570089, 0.05015325966666236, 0.0, 0.0)",2
2053,8,5,0,"(0.07400250769571483, 0.0, 0.0, 0.0, 0.0, 0.03907033382818002, 0.08380840797570269, 0.05015325966666236, 0.0, 0.0)",2
2054,8,5,0,"(0.07400250769571483, 0.0, 0.0, 0.0, 0.0, 0.01759199169444947, 0.12389847746014335, 0.0691048466035698, 0.0, 0.0)",1
2055,8,5,0,"(0.07400250769571483, 0.0, 0.0, 0.0, 0.0, 0.02220899449335882, 0.08380840797570269, 0.0691048466035698, 0.0, 0.0)",1
2056,8,5,0,"(0.07400250769571483, 0.0, 0.0, 0.0, 0.0, 0.027417067476348964, 0.05856446002769947, 0.05015325966666236, 0.0, 0.0)",1
2057,8,5,0,"(0.06877635207387242, 0.0, 0.0, 0.0, 0.0, 0.038664151314593, 0.11531984628708873, 0.05015325966666236, 0.0, 0.0)",1
2058,8,5,0,"(0.07400250769571483, 0.0, 0.0, 0.0, 0.0, 0.038664151314593, 0.08380840797570269, 0.05015325966666236, 0.0, 0.0)",172
2059,8,5,0,"(0.07400250769571483, 0.0, 0.0, 0.0, 0.0, 0.038664151314593, 0.08380840797570269, 0.05492183448807387, 0.0, 0.0)",3
2060,8,5,6,"(0.03426039533065134, 0.011572197494497125, 0.0, 0.030181603934096246, 0.0039246985864265695, 0.0, 0.019795240631728064, 0.0, 0.028146417112716555, 0.05874522297052942)",1
2061,8,5,6,"(0.03426039533065134, 0.011572197494497125, 0.0, 0.030181603934096246, 0.005422768956954101, 0.0, 0.019795240631728064, 0.0, 0.028146417112716555, 0.0712825237778231)",1
2062,8,5,6,"(0.03426039533065134, 0.011572197494497125, 0.0, 0.025324364708336527, 0.004425360373696749, 0.0, 0.019795240631728064, 0.0, 0.028146417112716555, 0.05874522297052942)",1
2063,8,5,6,"(0.03426039533065134, 0.011572197494497125, 0.0, 0.030181603934096246, 0.005422768956954101, 0.0, 0.019795240631728064, 0.0, 0.028146417112716555, 0.05874522297052942)",284
2064,8,5,6,"(0.023404151660205166, 0.00797258136383648, 0.0, 0.030181603934096246, 0.005422768956954101, 0.0, 0.019795240631728064, 0.0, 0.028146417112716555, 0.05874522297052942)",1
2065,8,5,6,"(0.03426039533065134, 0.011572197494497125, 0.0, 0.02826182304014234, 0.005422768956954101, 0.0, 0.019795240631728064, 0.0, 0.028146417112716555, 0.05874522297052942)",1
2066,8,5,6,"(0.03426039533065134, 0.011572197494497125, 0.0, 0.02147223688944685, 0.005422768956954101, 0.0, 0.019795240631728064, 0.0, 0.028146417112716555, 0.05874522297052942)",1
2067,8,5,6,"(0.03426039533065134, 0.0069663048028538715, 0.0, 0.030181603934096246, 0.005422768956954101, 0.0, 0.019795240631728064, 0.0, 0.028146417112716555, 0.05874522297052942)",1
2068,8,6,0,"(0.07400250769571483, 0.0, 0.0, 0.0, 0.0, 0.017098731129875016, 0.08380840797570269, 0.05586507343020149, 0.0, 0.0)",1
2069,8,6,0,"(0.07400250769571483, 0.0, 0.0, 0.0, 0.0, 0.019382742247317526, 0.08380840797570269, 0.0691048466035698, 0.0, 0.0)",4
2070,8,6,0,"(0.07400250769571483, 0.0, 0.0, 0.0, 0.0, 0.017098731129875016, 0.08380840797570269, 0.0691048466035698, 0.0, 0.0)",196
2071,8,6,0,"(0.07400250769571483, 0.0, 0.0, 0.0, 0.0, 0.017098731129875016, 0.08380840797570269, 0.06680771932370035, 0.0, 0.0)",5
2072,8,6,0,"(0.07400250769571483, 0.0, 0.0, 0.0, 0.0, 0.017098731129875016, 0.08380840797570269, 0.07201320852015901, 0.0, 0.0)",1
2073,8,6,0,"(0.07400250769571483, 0.0, 0.0, 0.0, 0.0, 0.01496694286826844, 0.08380840797570269, 0.0691048466035698, 0.0, 0.0)",1
2074,8,6,0,"(0.08223133364490601, 0.0, 0.0, 0.0, 0.0, 0.017098731129875016, 0.06279274047798211, 0.0691048466035698, 0.0, 0.0)",3
2075,8,6,0,"(0.07476962811058474, 0.0, 0.0, 0.0, 0.0, 0.017098731129875016, 0.08380840797570269, 0.0691048466035698, 0.0, 0.0)",1
2076,8,6,11,"(0.0, 0.0, 0.09864539577037362, 0.01650583712158267, 0.0, 0.030645849071221472, 0.16773790467281977, 0.08028238650273146, 0.026121609841380632, 0.0)",224
2077,8,6,11,"(0.0, 0.0, 0.09864539577037362, 0.01650583712158267, 0.0, 0.030645849071221472, 0.09533500702466212, 0.08028238650273146, 0.045988464575250125, 0.0)",1
2078,8,7,13,"(0.0, 0.02461978404713738, 0.023035932332134326, 0.0, 0.010074415213560298, 0.022173256981297827, 0.0, 0.0, 0.01089208668844536, 0.002918988116654076)",16
2079,8,7,13,"(0.0, 0.02461978404713738, 0.023035932332134326, 0.0, 0.01810411441758469, 0.022173256981297827, 0.0, 0.0, 0.01089208668844536, 0.002243048535540496)",1
2080,8,7,13,"(0.0, 0.017830360732921463, 0.023035932332134326, 0.0, 0.018684668209160923, 0.02254424101201568, 0.0, 0.0, 0.01089208668844536, 0.00476393156717078)",1
2081,8,7,13,"(0.0, 0.02461978404713738, 0.023035932332134326, 0.0, 0.01810411441758469, 0.022173256981297827, 0.0, 0.0, 0.01089208668844536, 0.00476393156717078)",213
2082,8,7,13,"(0.0, 0.02461978404713738, 0.023035932332134326, 0.0, 0.022992242705193944, 0.022173256981297827, 0.0, 0.0, 0.01089208668844536, 0.00804995879970782)",43
2083,8,7,13,"(0.0, 0.02461978404713738, 0.023035932332134326, 0.0, 0.01810411441758469, 0.022173256981297827, 0.0, 0.0, 0.01089208668844536, 0.003529030354709355)",1
2084,8,7,13,"(0.0, 0.05326519272921842, 0.023035932332134326, 0.0, 0.022992242705193944, 0.022173256981297827, 0.0, 0.0, 0.01089208668844536, 0.00804995879970782)",1
2085,8,7,13,"(0.0, 0.02461978404713738, 0.023035932332134326, 0.0, 0.022992242705193944, 0.010271014732426333, 0.0, 0.0, 0.01089208668844536, 0.00804995879970782)",3
2086,8,7,13,"(0.0, 0.028211661929661125, 0.023035932332134326, 0.0, 0.01810411441758469, 0.022173256981297827, 0.0, 0.0, 0.01089208668844536, 0.00476393156717078)",1
2087,8,8,6,"(0.03426039533065134, 0.011572197494497125, 0.0, 0.030181603934096246, 0.005422768956954101, 0.0, 0.03356816026996566, 0.0, 0.028146417112716555, 0.05874522297052942)",1
2088,8,8,6,"(0.03426039533065134, 0.011572197494497125, 0.0, 0.030181603934096246, 0.005422768956954101, 0.0, 0.018935572773554992, 0.0, 0.028146417112716555, 0.05874522297052942)",2
2089,8,8,6,"(0.03426039533065134, 0.011572197494497125, 0.0, 0.030181603934096246, 0.005422768956954101, 0.0, 0.019795240631728064, 0.0, 0.028146417112716555, 0.05874522297052942)",177
2090,8,8,6,"(0.03426039533065134, 0.00800224307727456, 0.0, 0.030181603934096246, 0.005422768956954101, 0.0, 0.019795240631728064, 0.0, 0.028146417112716555, 0.05874522297052942)",2
2091,8,8,6,"(0.03656180599521727, 0.011572197494497125, 0.0, 0.030181603934096246, 0.005422768956954101, 0.0, 0.019795240631728064, 0.0, 0.028146417112716555, 0.05874522297052942)",5
2092,8,8,11,"(0.0, 0.0, 0.09864539577037362, 0.013118664981873428, 0.0, 0.031211978481304123, 0.13855135743719746, 0.08028238650273146, 0.026121609841380632, 0.0)",16
2093,8,8,11,"(0.0, 0.0, 0.09864539577037362, 0.01650583712158267, 0.0, 0.030645849071221472, 0.16773790467281977, 0.05487587528261972, 0.026121609841380632, 0.0)",19
2094,8,8,11,"(0.0, 0.0, 0.09864539577037362, 0.01650583712158267, 0.0, 0.030645849071221472, 0.2914923186715224, 0.05487587528261972, 0.026121609841380632, 0.0)",3
2095,8,8,11,"(0.0, 0.0, 0.09864539577037362, 0.01650583712158267, 0.0, 0.030645849071221472, 0.16773790467281977, 0.03195768115415881, 0.026121609841380632, 0.0)",1
2096,8,8,11,"(0.0, 0.0, 0.09864539577037362, 0.01650583712158267, 0.0, 0.031211978481304123, 0.13855135743719746, 0.08028238650273146, 0.026121609841380632, 0.0)",223
2097,8,8,11,"(0.0, 0.0, 0.09864539577037362, 0.01650583712158267, 0.0, 0.05232428547791379, 0.13855135743719746, 0.08028238650273146, 0.026121609841380632, 0.0)",1
2098,8,8,11,"(0.0, 0.0, 0.09864539577037362, 0.01650583712158267, 0.0, 0.03486078861514134, 0.2914923186715224, 0.05487587528261972, 0.026121609841380632, 0.0)",3
2099,8,8,11,"(0.0, 0.0, 0.09864539577037362, 0.01650583712158267, 0.0, 0.030645849071221472, 0.16773790467281977, 0.08028238650273146, 0.026121609841380632, 0.0)",25
2100,8,9,11,"(0.0, 0.0, 0.09864539577037362, 0.01650583712158267, 0.0, 0.030645849071221472, 0.16243652964526273, 0.08028238650273146, 0.026121609841380632, 0.0)",93
2101,8,9,11,"(0.0, 0.0, 0.09864539577037362, 0.01650583712158267, 0.0, 0.030645849071221472, 0.16773790467281977, 0.06852608762739645, 0.026121609841380632, 0.0)",14
2102,8,9,11,"(0.0, 0.0, 0.09864539577037362, 0.01650583712158267, 0.0, 0.030645849071221472, 0.16773790467281977, 0.08028238650273146, 0.01694217395198207, 0.0)",4
2103,8,9,11,"(0.0, 0.0, 0.09864539577037362, 0.01650583712158267, 0.0, 0.02113410150610781, 0.16773790467281977, 0.08028238650273146, 0.026121609841380632, 0.0)",1
2104,8,9,11,"(0.0, 0.0, 0.09864539577037362, 0.01650583712158267, 0.0, 0.030645849071221472, 0.15925550756534881, 0.08028238650273146, 0.026121609841380632, 0.0)",1
2105,8,9,11,"(0.0, 0.0, 0.09864539577037362, 0.012383311032112066, 0.0, 0.030645849071221472, 0.16243652964526273, 0.08028238650273146, 0.0128285816005484, 0.0)",1
2106,8,9,11,"(0.0, 0.0, 0.11755819882518005, 0.01650583712158267, 0.0, 0.02375279233445006, 0.16773790467281977, 0.08028238650273146, 0.026121609841380632, 0.0)",58
2107,8,9,11,"(0.0, 0.0, 0.09864539577037362, 0.01650583712158267, 0.0, 0.030645849071221472, 0.15423462036658142, 0.08028238650273146, 0.050228531100358395, 0.0)",1
2108,8,9,11,"(0.0, 0.0, 0.09864539577037362, 0.01650583712158267, 0.0, 0.030645849071221472, 0.16773790467281977, 0.08028238650273146, 0.050228531100358395, 0.0)",15
2109,8,9,11,"(0.0, 0.0, 0.09864539577037362, 0.017505672729941652, 0.0, 0.030645849071221472, 0.16773790467281977, 0.08028238650273146, 0.026121609841380632, 0.0)",4
2110,8,9,11,"(0.0, 0.0, 0.09864539577037362, 0.007780978012635489, 0.0, 0.029952028494675445, 0.16773790467281977, 0.11878167464963502, 0.015962131328811566, 0.0)",1
2111,8,9,11,"(0.0, 0.0, 0.09864539577037362, 0.01650583712158267, 0.0, 0.030645849071221472, 0.16773790467281977, 0.08028238650273146, 0.026121609841380632, 0.0)",309
2112,8,9,11,"(0.0, 0.0, 0.09864539577037362, 0.01650583712158267, 0.0, 0.030645849071221472, 0.12512611747165445, 0.08028238650273146, 0.026121609841380632, 0.0)",1
2113,8,9,11,"(0.0, 0.0, 0.09864539577037362, 0.01650583712158267, 0.0, 0.030645849071221472, 0.16773790467281977, 0.09633366132715974, 0.026121609841380632, 0.0)",1
2114,8,10,13,"(0.0, 0.02461978404713738, 0.023035932332134326, 0.0, 0.01810411441758469, 0.022173256981297827, 0.0, 0.0, 0.020310127238891664, 0.00476393156717078)",1
2115,8,10,13,"(0.0, 0.02461978404713738, 0.025817541119504687, 0.0, 0.01810411441758469, 0.022173256981297827, 0.0, 0.0, 0.01089208668844536, 0.00476393156717078)",1
2116,8,10,13,"(0.0, 0.0318918699343439, 0.025478453860877243, 0.0, 0.01810411441758469, 0.022173256981297827, 0.0, 0.0, 0.01089208668844536, 0.00476393156717078)",2
2117,8,10,13,"(0.0, 0.02461978404713738, 0.023035932332134326, 0.0, 0.01810411441758469, 0.015556141016805327, 0.0, 0.0, 0.01089208668844536, 0.00476393156717078)",1
2118,8,10,13,"(0.0, 0.02461978404713738, 0.023035932332134326, 0.0, 0.01810411441758469, 0.022173256981297827, 0.0, 0.0, 0.01089208668844536, 0.00476393156717078)",312
2119,8,10,13,"(0.0, 0.02461978404713738, 0.023035932332134326, 0.0, 0.01810411441758469, 0.022173256981297827, 0.0, 0.0, 0.01968765902693208, 0.00476393156717078)",1
2120,8,10,13,"(0.0, 0.03192675817521237, 0.023035932332134326, 0.0, 0.01810411441758469, 0.022173256981297827, 0.0, 0.0, 0.01089208668844536, 0.00476393156717078)",5
2121,8,10,13,"(0.0, 0.02461978404713738, 0.02578780333894435, 0.0, 0.01810411441758469, 0.022173256981297827, 0.0, 0.0, 0.01089208668844536, 0.00476393156717078)",3
2122,8,10,13,"(0.0, 0.02461978404713738, 0.023035932332134326, 0.0, 0.01810411441758469, 0.020198761205349088, 0.0, 0.0, 0.007155102625537859, 0.00476393156717078)",3
2123,8,10,13,"(0.0, 0.03702655443954027, 0.023035932332134326, 0.0, 0.01810411441758469, 0.022173256981297827, 0.0, 0.0, 0.01089208668844536, 0.00476393156717078)",15
2124,8,10,13,"(0.0, 0.02461978404713738, 0.023035932332134326, 0.0, 0.01810411441758469, 0.022173256981297827, 0.0, 0.0, 0.008299718819715793, 0.00476393156717078)",1
2125,8,10,13,"(0.0, 0.02461978404713738, 0.023035932332134326, 0.0, 0.01810411441758469, 0.022173256981297827, 0.0, 0.0, 0.015429659146850232, 0.00476393156717078)",1
2126,8,10,13,"(0.0, 0.02461978404713738, 0.023035932332134326, 0.0, 0.01810411441758469, 0.024168727445518855, 0.0, 0.0, 0.01089208668844536, 0.00476393156717078)",1
2127,8,10,13,"(0.0, 0.02461978404713738, 0.03407352207690796, 0.0, 0.01810411441758469, 0.022173256981297827, 0.0, 0.0, 0.01089208668844536, 0.00476393156717078)",1
2128,8,11,13,"(0.0, 0.02461978404713738, 0.023035932332134326, 0.0, 0.02329366027696626, 0.022173256981297827, 0.0, 0.0, 0.008706424815713026, 0.004436641746586963)",2
2129,8,11,13,"(0.0, 0.02461978404713738, 0.023035932332134326, 0.0, 0.03095287053270741, 0.014874337605251114, 0.0, 0.0, 0.01089208668844536, 0.004436641746586963)",1
2130,8,11,13,"(0.0, 0.02461978404713738, 0.023035932332134326, 0.0, 0.016973567656639824, 0.03205960804971849, 0.0, 0.0, 0.01089208668844536, 0.004436641746586963)",1
2131,8,11,13,"(0.0, 0.02461978404713738, 0.023035932332134326, 0.0, 0.016973567656639824, 0.022173256981297827, 0.0, 0.0, 0.01089208668844536, 0.004436641746586963)",61
2132,8,11,13,"(0.0, 0.02461978404713738, 0.023035932332134326, 0.0, 0.01810411441758469, 0.022173256981297827, 0.0, 0.0, 0.01089208668844536, 0.005276683186668861)",5
2133,8,11,13,"(0.0, 0.02312465333912113, 0.023035932332134326, 0.0, 0.01810411441758469, 0.022173256981297827, 0.0, 0.0, 0.01089208668844536, 0.00476393156717078)",3
2134,8,11,13,"(0.0, 0.02271005900923646, 0.02107454522569153, 0.0, 0.01810411441758469, 0.027407397420657384, 0.0, 0.0, 0.01089208668844536, 0.00476393156717078)",1
2135,8,11,13,"(0.0, 0.02461978404713738, 0.023035932332134326, 0.0, 0.01810411441758469, 0.016407477963363126, 0.0, 0.0, 0.01089208668844536, 0.00476393156717078)",1
2136,8,11,13,"(0.0, 0.02461978404713738, 0.023035932332134326, 0.0, 0.01810411441758469, 0.022173256981297827, 0.0, 0.0, 0.01089208668844536, 0.004461706375863921)",2
2137,8,11,13,"(0.0, 0.02461978404713738, 0.023035932332134326, 0.0, 0.01903299173724443, 0.022173256981297827, 0.0, 0.0, 0.01089208668844536, 0.00476393156717078)",1
2138,8,11,13,"(0.0, 0.02461978404713738, 0.01847534997905053, 0.0, 0.01810411441758469, 0.022173256981297827, 0.0, 0.0, 0.01089208668844536, 0.00476393156717078)",1
2139,8,11,13,"(0.0, 0.02461978404713738, 0.023035932332134326, 0.0, 0.01810411441758469, 0.022173256981297827, 0.0, 0.0, 0.01572125631716784, 0.005712315306337983)",1
2140,8,11,13,"(0.0, 0.02461978404713738, 0.023035932332134326, 0.0, 0.01810411441758469, 0.022173256981297827, 0.0, 0.0, 0.01089208668844536, 0.003779809896988431)",1
2141,8,11,13,"(0.0, 0.02356951513597377, 0.023035932332134326, 0.0, 0.01810411441758469, 0.022173256981297827, 0.0, 0.0, 0.0069701245530066, 0.00476393156717078)",5
2142,8,11,13,"(0.0, 0.02461978404713738, 0.023035932332134326, 0.0, 0.01810411441758469, 0.022173256981297827, 0.0, 0.0, 0.01089208668844536, 0.00476393156717078)",246
2143,8,12,8,"(0.19235562551390653, 0.046525949225991035, 0.0, 0.0, 0.07022106556493442, 0.0, 0.08319516954615302, 0.1116381245929446, 0.0, 0.0)",266
2144,8,12,8,"(0.19235562551390653, 0.04240859134025256, 0.0, 0.0, 0.07022106556493442, 0.0, 0.08319516954615302, 0.1116381245929446, 0.0, 0.0)",4
2145,8,12,10,"(0.12556065361839874, 0.06927916245295945, 0.09682940930282144, 0.0012389050578716031, 0.0, 0.04853411903834676, 0.0, 0.10994488928074131, 0.0, 0.0)",34
2146,8,12,10,"(0.14760844378952648, 0.06927916245295945, 0.09682940930282144, 0.0017773360538905325, 0.0, 0.06291875767155253, 0.0, 0.10994488928074131, 0.0, 0.0)",2
2147,8,12,10,"(0.07734904686468291, 0.06927916245295945, 0.09682940930282144, 0.0032655579413608388, 0.0, 0.06291875767155253, 0.0, 0.10994488928074131, 0.0, 0.0)",1
2148,8,12,10,"(0.07734904686468291, 0.06927916245295945, 0.09682940930282144, 0.0017773360538905325, 0.0, 0.06291875767155253, 0.0, 0.10994488928074131, 0.0, 0.0)",195
2149,8,13,6,"(0.03426039533065134, 0.011572197494497125, 0.0, 0.038356083657111364, 0.005422768956954101, 0.0, 0.019795240631728064, 0.0, 0.028146417112716555, 0.05874522297052942)",21
2150,8,13,6,"(0.03426039533065134, 0.011572197494497125, 0.0, 0.030181603934096246, 0.005422768956954101, 0.0, 0.019795240631728064, 0.0, 0.028146417112716555, 0.05874522297052942)",175
2151,8,13,6,"(0.03426039533065134, 0.011572197494497125, 0.0, 0.030181603934096246, 0.00466802411337033, 0.0, 0.019795240631728064, 0.0, 0.028146417112716555, 0.05874522297052942)",1
2152,8,13,14,"(0.0, 0.017248724174617657, 0.0, 0.0, 0.0, 0.0, 0.1096916615896246, 0.07767452920048755, 0.03621416498310447, 0.0)",7
2153,8,13,14,"(0.0, 0.017248724174617657, 0.0, 0.0, 0.0, 0.0, 0.1096916615896246, 0.07609886892949795, 0.028593008669181193, 0.0)",5
2154,8,13,14,"(0.0, 0.017248724174617657, 0.0, 0.0, 0.0, 0.0, 0.09740400174042228, 0.07609886892949795, 0.03621416498310447, 0.0)",3
2155,8,13,14,"(0.0, 0.017248724174617657, 0.0, 0.0, 0.0, 0.0, 0.1096916615896246, 0.07609886892949795, 0.03621416498310447, 0.0)",193
2156,8,13,14,"(0.0, 0.017248724174617657, 0.0, 0.0, 0.0, 0.0, 0.12463597639603745, 0.07609886892949795, 0.03621416498310447, 0.0)",1
2157,8,14,11,"(0.0, 0.0, 0.09864539577037362, 0.01650583712158267, 0.0, 0.030645849071221472, 0.16773790467281977, 0.08651616521267677, 0.026121609841380632, 0.0)",45
2158,8,14,11,"(0.0, 0.0, 0.09864539577037362, 0.01650583712158267, 0.0, 0.030645849071221472, 0.16773790467281977, 0.08028238650273146, 0.026121609841380632, 0.0)",99
2159,8,14,13,"(0.0, 0.02461978404713738, 0.023035932332134326, 0.0, 0.01810411441758469, 0.021251152812806, 0.0, 0.0, 0.01089208668844536, 0.007968166413978305)",1
2160,8,14,13,"(0.0, 0.02461978404713738, 0.023035932332134326, 0.0, 0.01810411441758469, 0.022173256981297827, 0.0, 0.0, 0.01089208668844536, 0.00476393156717078)",276
2161,8,14,13,"(0.0, 0.030858351522048546, 0.023035932332134326, 0.0, 0.029287759050719522, 0.03080319867864393, 0.0, 0.0, 0.01089208668844536, 0.00476393156717078)",3
2162,8,14,13,"(0.0, 0.020756026380792377, 0.023035932332134326, 0.0, 0.01810411441758469, 0.022173256981297827, 0.0, 0.0, 0.007023609610261132, 0.00476393156717078)",1
2163,8,14,13,"(0.0, 0.02312228201889771, 0.023035932332134326, 0.0, 0.017817422750889485, 0.022173256981297827, 0.0, 0.0, 0.01089208668844536, 0.00476393156717078)",29
2164,8,14,13,"(0.0, 0.02312228201889771, 0.023035932332134326, 0.0, 0.029287759050719522, 0.022173256981297827, 0.0, 0.0, 0.01089208668844536, 0.00476393156717078)",5
2165,8,14,13,"(0.0, 0.02461978404713738, 0.023035932332134326, 0.0, 0.01810411441758469, 0.022173256981297827, 0.0, 0.0, 0.01089208668844536, 0.004296028382382579)",7
2166,8,14,13,"(0.0, 0.024374361235938027, 0.023035932332134326, 0.0, 0.029287759050719522, 0.025191206132027806, 0.0, 0.0, 0.01089208668844536, 0.00476393156717078)",1
2167,8,15,6,"(0.03426039533065134, 0.011572197494497125, 0.0, 0.030181603934096246, 0.005422768956954101, 0.0, 0.019795240631728064, 0.0, 0.028146417112716555, 0.05874522297052942)",144
2168,8,15,6,"(0.03426039533065134, 0.01098115933413668, 0.0, 0.030181603934096246, 0.005422768956954101, 0.0, 0.017109925682967694, 0.0, 0.028146417112716555, 0.05874522297052942)",1
2169,8,15,11,"(0.0, 0.0, 0.09864539577037362, 0.01650583712158267, 0.0, 0.030645849071221472, 0.13049626713566656, 0.08028238650273146, 0.026121609841380632, 0.0)",308
2170,8,15,11,"(0.0, 0.0, 0.11839367174953695, 0.01650583712158267, 0.0, 0.030645849071221472, 0.27388113021383076, 0.0404147798164449, 0.026121609841380632, 0.0)",20
2171,8,15,11,"(0.0, 0.0, 0.11839367174953695, 0.01650583712158267, 0.0, 0.030645849071221472, 0.16773790467281977, 0.0404147798164449, 0.026121609841380632, 0.0)",38
2172,8,15,11,"(0.0, 0.0, 0.09864539577037362, 0.013428594041448352, 0.0, 0.030645849071221472, 0.13049626713566656, 0.08028238650273146, 0.026121609841380632, 0.0)",1
2173,8,15,11,"(0.0, 0.0, 0.09864539577037362, 0.01033483161388284, 0.0, 0.030645849071221472, 0.13049626713566656, 0.08028238650273146, 0.026121609841380632, 0.0)",1
2174,8,15,11,"(0.0, 0.0, 0.09864539577037362, 0.01650583712158267, 0.0, 0.030645849071221472, 0.16773790467281977, 0.08028238650273146, 0.026121609841380632, 0.0)",38
2175,8,16,1,"(0.0, 0.0, 0.035198856795625545, 0.0, 0.0, 0.0199117526153351, 0.0, 0.0, 0.0, 0.09965925051150999)",1
2176,8,16,1,"(0.0, 0.0, 0.041406372128065916, 0.0, 0.0, 0.059718653908662274, 0.0, 0.0, 0.0, 0.07925902090100803)",1
2177,8,16,1,"(0.0, 0.0, 0.07781448367436682, 0.0, 0.0, 0.0199117526153351, 0.0, 0.0, 0.0, 0.07536638676940419)",1
2178,8,16,1,"(0.0, 0.0, 0.041406372128065916, 0.0, 0.0, 0.0199117526153351, 0.0, 0.0, 0.0, 0.09965925051150999)",560
2179,8,16,1,"(0.0, 0.0, 0.041406372128065916, 0.0, 0.0, 0.0238348689564756, 0.0, 0.0, 0.0, 0.09965925051150999)",4
2180,8,16,1,"(0.0, 0.0, 0.041406372128065916, 0.0, 0.0, 0.023257399086311786, 0.0, 0.0, 0.0, 0.09965925051150999)",1
2181,8,16,1,"(0.0, 0.0, 0.041406372128065916, 0.0, 0.0, 0.0199117526153351, 0.0, 0.0, 0.0, 0.24984004237576396)",3
2182,8,16,1,"(0.0, 0.0, 0.03348822611659652, 0.0, 0.0, 0.0199117526153351, 0.0, 0.0, 0.0, 0.09965925051150999)",2
2183,8,16,1,"(0.0, 0.0, 0.044468302674468684, 0.0, 0.0, 0.0199117526153351, 0.0, 0.0, 0.0, 0.09965925051150999)",1
2184,8,16,1,"(0.0, 0.0, 0.041406372128065916, 0.0, 0.0, 0.03533558621418854, 0.0, 0.0, 0.0, 0.09965925051150999)",3
2185,8,16,1,"(0.0, 0.0, 0.10922905711608999, 0.0, 0.0, 0.07577624578880941, 0.0, 0.0, 0.0, 0.09965925051150999)",79
2186,8,16,8,"(0.19235562551390653, 0.046525949225991035, 0.0, 0.0, 0.07022106556493442, 0.0, 0.06665565798503223, 0.1116381245929446, 0.0, 0.0)",2
2187,8,16,8,"(0.19235562551390653, 0.04334546018249462, 0.0, 0.0, 0.07022106556493442, 0.0, 0.08319516954615302, 0.1116381245929446, 0.0, 0.0)",33
2188,8,16,8,"(0.26140165398897014, 0.023343915773763425, 0.0, 0.0, 0.07022106556493442, 0.0, 0.08319516954615302, 0.1116381245929446, 0.0, 0.0)",4
2189,8,16,8,"(0.19235562551390653, 0.046525949225991035, 0.0, 0.0, 0.07022106556493442, 0.0, 0.08319516954615302, 0.1116381245929446, 0.0, 0.0)",186
2190,8,16,8,"(0.19235562551390653, 0.034839630787775376, 0.0, 0.0, 0.07022106556493442, 0.0, 0.09067812463700832, 0.1116381245929446, 0.0, 0.0)",1
2191,8,16,8,"(0.19235562551390653, 0.046525949225991035, 0.0, 0.0, 0.0684221594037689, 0.0, 0.08319516954615302, 0.1116381245929446, 0.0, 0.0)",1
2192,8,17,1,"(0.0, 0.0, 0.10127794389694403, 0.0, 0.0, 0.06665066024289003, 0.0, 0.0, 0.0, 0.09965925051150999)",1
2193,8,17,1,"(0.0, 0.0, 0.10127794389694403, 0.0, 0.0, 0.07577624578880941, 0.0, 0.0, 0.0, 0.09965925051150999)",11
2194,8,17,1,"(0.0, 0.0, 0.10922905711608999, 0.0, 0.0, 0.030787163312796507, 0.0, 0.0, 0.0, 0.08070456083965635)",1
2195,8,17,1,"(0.0, 0.0, 0.10922905711608999, 0.0, 0.0, 0.030018978917809972, 0.0, 0.0, 0.0, 0.0910060267578522)",364
2196,8,17,1,"(0.0, 0.0, 0.10922905711608999, 0.0, 0.0, 0.0760129700497692, 0.0, 0.0, 0.0, 0.09965925051150999)",5
2197,8,17,1,"(0.0, 0.0, 0.10922905711608999, 0.0, 0.0, 0.070840223292324, 0.0, 0.0, 0.0, 0.11804656814476068)",2
2198,8,17,1,"(0.0, 0.0, 0.10922905711608999, 0.0, 0.0, 0.07577624578880941, 0.0, 0.0, 0.0, 0.07913785293740785)",1
2199,8,17,1,"(0.0, 0.0, 0.10922905711608999, 0.0, 0.0, 0.07577624578880941, 0.0, 0.0, 0.0, 0.10375002430630507)",1
2200,8,17,1,"(0.0, 0.0, 0.10922905711608999, 0.0, 0.0, 0.030018978917809972, 0.0, 0.0, 0.0, 0.10631883424447715)",24
2201,8,17,1,"(0.0, 0.0, 0.18018005480191912, 0.0, 0.0, 0.026585085258255783, 0.0, 0.0, 0.0, 0.0910060267578522)",1
2202,8,17,1,"(0.0, 0.0, 0.10922905711608999, 0.0, 0.0, 0.07577624578880941, 0.0, 0.0, 0.0, 0.09965925051150999)",200
2203,8,17,1,"(0.0, 0.0, 0.10127794389694403, 0.0, 0.0, 0.07577624578880941, 0.0, 0.0, 0.0, 0.07757268483406222)",2
2204,8,17,1,"(0.0, 0.0, 0.10922905711608999, 0.0, 0.0, 0.019284976796395237, 0.0, 0.0, 0.0, 0.0910060267578522)",1
2205,8,17,8,"(0.19235562551390653, 0.04632028014141928, 0.0, 0.0, 0.07022106556493442, 0.0, 0.08319516954615302, 0.1116381245929446, 0.0, 0.0)",105
2206,8,17,8,"(0.1875784373888822, 0.046525949225991035, 0.0, 0.0, 0.07022106556493442, 0.0, 0.08319516954615302, 0.1116381245929446, 0.0, 0.0)",2
2207,8,17,8,"(0.19235562551390653, 0.046525949225991035, 0.0, 0.0, 0.07908770703614106, 0.0, 0.08319516954615302, 0.09825078482444861, 0.0, 0.0)",42
2208,8,17,8,"(0.19235562551390653, 0.058976213363006916, 0.0, 0.0, 0.07022106556493442, 0.0, 0.08319516954615302, 0.07534817277803667, 0.0, 0.0)",4
2209,8,17,8,"(0.19235562551390653, 0.046525949225991035, 0.0, 0.0, 0.07022106556493442, 0.0, 0.08319516954615302, 0.1116381245929446, 0.0, 0.0)",118
2210,8,17,8,"(0.19235562551390653, 0.046525949225991035, 0.0, 0.0, 0.07908770703614106, 0.0, 0.08319516954615302, 0.06739700281196988, 0.0, 0.0)",3
2211,8,18,1,"(0.0, 0.0, 0.12971417325698892, 0.0, 0.0, 0.07577624578880941, 0.0, 0.0, 0.0, 0.11919441606965751)",1
2212,8,18,1,"(0.0, 0.0, 0.10206150280306321, 0.0, 0.0, 0.07577624578880941, 0.0, 0.0, 0.0, 0.09965925051150999)",86
2213,8,18,1,"(0.0, 0.0, 0.10922905711608999, 0.0, 0.0, 0.07577624578880941, 0.0, 0.0, 0.0, 0.09965925051150999)",52
2214,8,18,10,"(0.07734904686468291, 0.08464166216675782, 0.09943240365545393, 0.0017773360538905325, 0.0, 0.06291875767155253, 0.0, 0.10994488928074131, 0.0, 0.0)",28
2215,8,18,10,"(0.07734904686468291, 0.06927916245295945, 0.09943240365545393, 0.0017773360538905325, 0.0, 0.06291875767155253, 0.0, 0.10994488928074131, 0.0, 0.0)",2
2216,8,18,10,"(0.07734904686468291, 0.06927916245295945, 0.09682940930282144, 0.0017773360538905325, 0.0, 0.06291875767155253, 0.0, 0.10994488928074131, 0.0, 0.0)",106
2217,8,18,10,"(0.07734904686468291, 0.06927916245295945, 0.09682940930282144, 0.0017773360538905325, 0.0, 0.03692533405855707, 0.0, 0.1237840752100411, 0.0, 0.0)",2
2218,8,18,11,"(0.0, 0.0, 0.09864539577037362, 0.01650583712158267, 0.0, 0.03150275214907511, 0.13038533056739307, 0.08028238650273146, 0.026121609841380632, 0.0)",41
2219,8,18,11,"(0.0, 0.0, 0.09864539577037362, 0.01650583712158267, 0.0, 0.03659255075569622, 0.12360761560259627, 0.08028238650273146, 0.026121609841380632, 0.0)",1
2220,8,18,11,"(0.0, 0.0, 0.09864539577037362, 0.01650583712158267, 0.0, 0.030645849071221472, 0.16773790467281977, 0.08028238650273146, 0.026121609841380632, 0.0)",216
2221,8,18,11,"(0.0, 0.0, 0.09864539577037362, 0.012948286339567015, 0.0, 0.030645849071221472, 0.09947598756393579, 0.08028238650273146, 0.026121609841380632, 0.0)",1
2222,8,19,0,"(0.11200415377944056, 0.0, 0.0, 0.0, 0.0, 0.038332764868717846, 0.08380840797570269, 0.07852857884680803, 0.0, 0.0)",14
2223,8,19,0,"(0.07400250769571483, 0.0, 0.0, 0.0, 0.0, 0.019422697209990403, 0.08380840797570269, 0.0691048466035698, 0.0, 0.0)",1
2224,8,19,0,"(0.07400250769571483, 0.0, 0.0, 0.0, 0.0, 0.017098731129875016, 0.07988799802763234, 0.0691048466035698, 0.0, 0.0)",2
2225,8,19,0,"(0.07400250769571483, 0.0, 0.0, 0.0, 0.0, 0.017098731129875016, 0.08380840797570269, 0.0691048466035698, 0.0, 0.0)",192
2226,8,19,13,"(0.0, 0.02461978404713738, 0.023035932332134326, 0.0, 0.016716123359110453, 0.022173256981297827, 0.0, 0.0, 0.01089208668844536, 0.00476393156717078)",1
2227,8,19,13,"(0.0, 0.02461978404713738, 0.023035932332134326, 0.0, 0.01810411441758469, 0.022173256981297827, 0.0, 0.0, 0.01089208668844536, 0.00476393156717078)",118
2228,8,19,13,"(0.0, 0.04650989187018786, 0.03196768697824886, 0.0, 0.01810411441758469, 0.022173256981297827, 0.0, 0.0, 0.01089208668844536, 0.00476393156717078)",1
2229,8,19,13,"(0.0, 0.016528122095404347, 0.023035932332134326, 0.0, 0.013915692182262112, 0.022173256981297827, 0.0, 0.0, 0.01089208668844536, 0.00476393156717078)",1
2230,8,19,13,"(0.0, 0.02461978404713738, 0.023035932332134326, 0.0, 0.01810411441758469, 0.023252599195775714, 0.0, 0.0, 0.01089208668844536, 0.00476393156717078)",1
2231,8,20,10,"(0.07734904686468291, 0.06927916245295945, 0.09682940930282144, 0.0015174477816763828, 0.0, 0.10737931520152202, 0.0, 0.10994488928074131, 0.0, 0.0)",2
2232,8,20,10,"(0.07734904686468291, 0.06927916245295945, 0.09682940930282144, 0.0017773360538905325, 0.0, 0.06291875767155253, 0.0, 0.10994488928074131, 0.0, 0.0)",132
2233,8,20,10,"(0.07734904686468291, 0.06927916245295945, 0.09682940930282144, 0.0017773360538905325, 0.0, 0.08665111488880886, 0.0, 0.10994488928074131, 0.0, 0.0)",1
2234,8,20,10,"(0.10626819209131706, 0.06927916245295945, 0.09682940930282144, 0.0017773360538905325, 0.0, 0.06291875767155253, 0.0, 0.10994488928074131, 0.0, 0.0)",2
2235,8,20,10,"(0.07734904686468291, 0.06927916245295945, 0.09682940930282144, 0.0017773360538905325, 0.0, 0.06675022351968155, 0.0, 0.10994488928074131, 0.0, 0.0)",3
2236,8,20,11,"(0.0, 0.0, 0.09864539577037362, 0.01650583712158267, 0.0, 0.030645849071221472, 0.16773790467281977, 0.08028238650273146, 0.026121609841380632, 0.0)",13
2237,8,20,11,"(0.0, 0.0, 0.08014159865348675, 0.015028013637400016, 0.0, 0.030645849071221472, 0.09572491856946197, 0.08028238650273146, 0.036485718580663774, 0.0)",1
2238,8,20,11,"(0.0, 0.0, 0.09683466653389769, 0.01650583712158267, 0.0, 0.015848016706588697, 0.09572491856946197, 0.08028238650273146, 0.036485718580663774, 0.0)",2
2239,8,20,11,"(0.0, 0.0, 0.08014159865348675, 0.01650583712158267, 0.0, 0.030645849071221472, 0.1600080307511386, 0.08028238650273146, 0.036485718580663774, 0.0)",2
2240,8,20,11,"(0.0, 0.0, 0.09864539577037362, 0.01650583712158267, 0.0, 0.030645849071221472, 0.1180937052951982, 0.08028238650273146, 0.036485718580663774, 0.0)",4
2241,8,20,11,"(0.0, 0.0, 0.09864539577037362, 0.010454338546663885, 0.0, 0.031361086574664465, 0.09572491856946197, 0.08028238650273146, 0.036485718580663774, 0.0)",1
2242,8,20,11,"(0.0, 0.0, 0.09864539577037362, 0.01650583712158267, 0.0, 0.030645849071221472, 0.16773790467281977, 0.04541553900208064, 0.026121609841380632, 0.0)",36
2243,8,20,11,"(0.0, 0.0, 0.08014159865348675, 0.009492405930951256, 0.0, 0.030645849071221472, 0.09572491856946197, 0.08028238650273146, 0.036485718580663774, 0.0)",2
2244,8,20,11,"(0.0, 0.0, 0.1525228350684083, 0.01650583712158267, 0.0, 0.030645849071221472, 0.09572491856946197, 0.08028238650273146, 0.036485718580663774, 0.0)",1
2245,8,20,11,"(0.0, 0.0, 0.09864539577037362, 0.01650583712158267, 0.0, 0.030645849071221472, 0.09572491856946197, 0.08028238650273146, 0.036485718580663774, 0.0)",295
2246,8,20,11,"(0.0, 0.0, 0.11289472650336356, 0.01650583712158267, 0.0, 0.030645849071221472, 0.07696780610136654, 0.08028238650273146, 0.036485718580663774, 0.0)",1
2247,8,20,11,"(0.0, 0.0, 0.09864539577037362, 0.02056865487013313, 0.0, 0.030645849071221472, 0.09572491856946197, 0.10706975835432565, 0.036485718580663774, 0.0)",1
2248,8,20,11,"(0.0, 0.0, 0.09864539577037362, 0.01650583712158267, 0.0, 0.030645849071221472, 0.09572491856946197, 0.08028238650273146, 0.04166870213961606, 0.0)",13
2249,8,20,11,"(0.0, 0.0, 0.08014159865348675, 0.01650583712158267, 0.0, 0.030645849071221472, 0.09572491856946197, 0.08028238650273146, 0.036485718580663774, 0.0)",233
2250,9,0,6,"(0.03426039533065134, 0.011572197494497125, 0.0, 0.030181603934096246, 0.005422768956954101, 0.0, 0.019795240631728064, 0.0, 0.028146417112716555, 0.05874522297052942)",127
2251,9,0,6,"(0.022526584994063324, 0.011572197494497125, 0.0, 0.030181603934096246, 0.005422768956954101, 0.0, 0.019795240631728064, 0.0, 0.028146417112716555, 0.05874522297052942)",22
2252,9,0,11,"(0.0, 0.0, 0.09864539577037362, 0.02756578768813125, 0.0, 0.030645849071221472, 0.16773790467281977, 0.08028238650273146, 0.026121609841380632, 0.0)",2
2253,9,0,11,"(0.0, 0.0, 0.09864539577037362, 0.01650583712158267, 0.0, 0.028640972334076285, 0.16773790467281977, 0.08028238650273146, 0.014464008541976325, 0.0)",56
2254,9,0,11,"(0.0, 0.0, 0.09864539577037362, 0.01650583712158267, 0.0, 0.030645849071221472, 0.08185802203452774, 0.08028238650273146, 0.026121609841380632, 0.0)",9
2255,9,0,11,"(0.0, 0.0, 0.10794409839228876, 0.01650583712158267, 0.0, 0.030645849071221472, 0.16773790467281977, 0.08028238650273146, 0.026121609841380632, 0.0)",1
2256,9,0,11,"(0.0, 0.0, 0.09864539577037362, 0.01650583712158267, 0.0, 0.030645849071221472, 0.16773790467281977, 0.08028238650273146, 0.026121609841380632, 0.0)",310
2257,9,0,11,"(0.0, 0.0, 0.09864539577037362, 0.020117073436178443, 0.0, 0.025288927485987125, 0.16773790467281977, 0.08028238650273146, 0.026121609841380632, 0.0)",1
2258,9,1,6,"(0.03426039533065134, 0.011572197494497125, 0.0, 0.030181603934096246, 0.005422768956954101, 0.0, 0.019795240631728064, 0.0, 0.029436048563303625, 0.049563801055686155)",3
2259,9,1,6,"(0.03426039533065134, 0.011572197494497125, 0.0, 0.040619359289624374, 0.007547881728300927, 0.0, 0.019795240631728064, 0.0, 0.01815374226772124, 0.05874522297052942)",11
2260,9,1,6,"(0.03426039533065134, 0.011572197494497125, 0.0, 0.030181603934096246, 0.005422768956954101, 0.0, 0.019795240631728064, 0.0, 0.028146417112716555, 0.05874522297052942)",171
2261,9,1,6,"(0.03426039533065134, 0.011572197494497125, 0.0, 0.030181603934096246, 0.006335984854761314, 0.0, 0.019795240631728064, 0.0, 0.016936594453234703, 0.05839026855430116)",1
2262,9,1,6,"(0.03426039533065134, 0.011572197494497125, 0.0, 0.030181603934096246, 0.005422768956954101, 0.0, 0.019795240631728064, 0.0, 0.029436048563303625, 0.05839026855430116)",3
2263,9,1,6,"(0.03426039533065134, 0.011572197494497125, 0.0, 0.030181603934096246, 0.005422768956954101, 0.0, 0.019795240631728064, 0.0, 0.029436048563303625, 0.05874522297052942)",19
2264,9,1,6,"(0.03426039533065134, 0.011572197494497125, 0.0, 0.030181603934096246, 0.0033800098991230913, 0.0, 0.019795240631728064, 0.0, 0.028146417112716555, 0.05874522297052942)",10
2265,9,1,6,"(0.03426039533065134, 0.011572197494497125, 0.0, 0.03159772958061685, 0.007547881728300927, 0.0, 0.019795240631728064, 0.0, 0.01815374226772124, 0.05874522297052942)",23
2266,9,1,6,"(0.03426039533065134, 0.007445020780596493, 0.0, 0.030181603934096246, 0.005422768956954101, 0.0, 0.019795240631728064, 0.0, 0.029436048563303625, 0.05874522297052942)",10
2267,9,1,6,"(0.03426039533065134, 0.011572197494497125, 0.0, 0.030181603934096246, 0.006718859092065144, 0.0, 0.019795240631728064, 0.0, 0.028146417112716555, 0.05874522297052942)",1
2268,9,1,6,"(0.02791766081256161, 0.011572197494497125, 0.0, 0.030181603934096246, 0.005422768956954101, 0.0, 0.019795240631728064, 0.0, 0.028146417112716555, 0.05874522297052942)",29
2269,9,1,8,"(0.19235562551390653, 0.046525949225991035, 0.0, 0.0, 0.07022106556493442, 0.0, 0.08319516954615302, 0.14784647581784344, 0.0, 0.0)",1
2270,9,1,8,"(0.19235562551390653, 0.031712830726403074, 0.0, 0.0, 0.07022106556493442, 0.0, 0.08319516954615302, 0.1116381245929446, 0.0, 0.0)",2
2271,9,1,8,"(0.19235562551390653, 0.046525949225991035, 0.0, 0.0, 0.07022106556493442, 0.0, 0.08319516954615302, 0.1116381245929446, 0.0, 0.0)",124
2272,9,2,13,"(0.0, 0.013402754235417804, 0.012488192435894057, 0.0, 0.01810411441758469, 0.029904628752648047, 0.0, 0.0, 0.01089208668844536, 0.00476393156717078)",1
2273,9,2,13,"(0.0, 0.02461978404713738, 0.023035932332134326, 0.0, 0.00970885425506607, 0.022173256981297827, 0.0, 0.0, 0.013039992234629172, 0.00476393156717078)",1
2274,9,2,13,"(0.0, 0.02461978404713738, 0.012488192435894057, 0.0, 0.01810411441758469, 0.025902942973352733, 0.0, 0.0, 0.008440388767742942, 0.00476393156717078)",1
2275,9,2,13,"(0.0, 0.02461978404713738, 0.021342331140285355, 0.0, 0.01810411441758469, 0.025902942973352733, 0.0, 0.0, 0.01089208668844536, 0.00476393156717078)",1
2276,9,2,13,"(0.0, 0.02461978404713738, 0.023035932332134326, 0.0, 0.00970885425506607, 0.022173256981297827, 0.0, 0.0, 0.01089208668844536, 0.00476393156717078)",201
2277,9,2,13,"(0.0, 0.02461978404713738, 0.023035932332134326, 0.0, 0.00970885425506607, 0.022173256981297827, 0.0, 0.0, 0.01089208668844536, 0.003467265107033335)",2
2278,9,2,13,"(0.0, 0.02461978404713738, 0.012488192435894057, 0.0, 0.01810411441758469, 0.025902942973352733, 0.0, 0.0, 0.01089208668844536, 0.00476393156717078)",157
2279,9,2,13,"(0.0, 0.02461978404713738, 0.01365873820388773, 0.0, 0.018132420554678647, 0.025902942973352733, 0.0, 0.0, 0.01089208668844536, 0.005781720989332253)",1
2280,9,2,13,"(0.0, 0.02461978404713738, 0.023035932332134326, 0.0, 0.00970885425506607, 0.022173256981297827, 0.0, 0.0, 0.01089208668844536, 0.0035755091570490623)",1
2281,9,2,13,"(0.0, 0.02461978404713738, 0.023035932332134326, 0.0, 0.00970885425506607, 0.017596371549363006, 0.0, 0.0, 0.012377693867485566, 0.007915358146875055)",2
2282,9,2,13,"(0.0, 0.02461978404713738, 0.012488192435894057, 0.0, 0.01810411441758469, 0.03989246030505501, 0.0, 0.0, 0.01089208668844536, 0.00476393156717078)",1
2283,9,3,13,"(0.0, 0.02461978404713738, 0.023035932332134326, 0.0, 0.01810411441758469, 0.022173256981297827, 0.0, 0.0, 0.01089208668844536, 0.00476393156717078)",401
2284,9,3,13,"(0.0, 0.02461978404713738, 0.023035932332134326, 0.0, 0.01810411441758469, 0.022173256981297827, 0.0, 0.0, 0.0060252010559940635, 0.00476393156717078)",1
2285,9,3,13,"(0.0, 0.02461978404713738, 0.023035932332134326, 0.0, 0.01810411441758469, 0.022173256981297827, 0.0, 0.0, 0.013346469641761413, 0.00476393156717078)",2
2286,9,4,11,"(0.0, 0.0, 0.09864539577037362, 0.016529264424256777, 0.0, 0.030645849071221472, 0.16773790467281977, 0.08028238650273146, 0.017579589817086686, 0.0)",62
2287,9,4,11,"(0.0, 0.0, 0.09864539577037362, 0.02451499839192468, 0.0, 0.030645849071221472, 0.07297913569488147, 0.07240876560513207, 0.026121609841380632, 0.0)",1
2288,9,4,11,"(0.0, 0.0, 0.09864539577037362, 0.01650583712158267, 0.0, 0.030645849071221472, 0.08153022673827125, 0.07240876560513207, 0.032961543814657414, 0.0)",2
2289,9,4,11,"(0.0, 0.0, 0.09864539577037362, 0.01650583712158267, 0.0, 0.030645849071221472, 0.13180749289013793, 0.07240876560513207, 0.026121609841380632, 0.0)",2
2290,9,4,11,"(0.0, 0.0, 0.09864539577037362, 0.01650583712158267, 0.0, 0.030645849071221472, 0.08153022673827125, 0.07240876560513207, 0.026121609841380632, 0.0)",374
2291,9,4,11,"(0.0, 0.0, 0.06157782185018848, 0.01650583712158267, 0.0, 0.030645849071221472, 0.16773790467281977, 0.08028238650273146, 0.026121609841380632, 0.0)",5
2292,9,4,11,"(0.0, 0.0, 0.09864539577037362, 0.01650583712158267, 0.0, 0.030645849071221472, 0.16773790467281977, 0.08028238650273146, 0.026121609841380632, 0.0)",95
2293,9,4,11,"(0.0, 0.0, 0.09864539577037362, 0.01650583712158267, 0.0, 0.030645849071221472, 0.09009799851863864, 0.07240876560513207, 0.026121609841380632, 0.0)",1
2294,9,4,11,"(0.0, 0.0, 0.09864539577037362, 0.01650583712158267, 0.0, 0.030645849071221472, 0.16773790467281977, 0.08028238650273146, 0.03441764414641368, 0.0)",5
2295,9,4,11,"(0.0, 0.0, 0.09864539577037362, 0.01650583712158267, 0.0, 0.030645849071221472, 0.16773790467281977, 0.08036210620820097, 0.026121609841380632, 0.0)",11
2296,9,4,11,"(0.0, 0.0, 0.09864539577037362, 0.015244650929627976, 0.0, 0.030645849071221472, 0.08153022673827125, 0.1192321862300311, 0.0527307318332594, 0.0)",1
2297,9,4,11,"(0.0, 0.0, 0.09864539577037362, 0.01650583712158267, 0.0, 0.030645849071221472, 0.08153022673827125, 0.07240876560513207, 0.0297399398730053, 0.0)",1
2298,9,4,11,"(0.0, 0.0, 0.09864539577037362, 0.01316489604809133, 0.0, 0.030645849071221472, 0.18133083573759085, 0.08028238650273146, 0.026121609841380632, 0.0)",2
2299,9,5,0,"(0.07400250769571483, 0.0, 0.0, 0.0, 0.0, 0.019070569335050535, 0.07866865310848922, 0.11267719755146731, 0.0, 0.0)",1
2300,9,5,0,"(0.07400250769571483, 0.0, 0.0, 0.0, 0.0, 0.01759199169444947, 0.10082294420673965, 0.0691048466035698, 0.0, 0.0)",71
2301,9,5,0,"(0.07400250769571483, 0.0, 0.0, 0.0, 0.0, 0.038664151314593, 0.09896458314482075, 0.05015325966666236, 0.0, 0.0)",1
2302,9,5,0,"(0.07400250769571483, 0.0, 0.0, 0.0, 0.0, 0.038664151314593, 0.08380840797570269, 0.05015325966666236, 0.0, 0.0)",194
2303,9,5,0,"(0.06883502585381024, 0.0, 0.0, 0.0, 0.0, 0.007210399639590666, 0.10082294420673965, 0.0691048466035698, 0.0, 0.0)",5
2304,9,5,6,"(0.03426039533065134, 0.011572197494497125, 0.0, 0.030181603934096246, 0.005422768956954101, 0.0, 0.019795240631728064, 0.0, 0.028146417112716555, 0.05874522297052942)",232
2305,9,5,6,"(0.03426039533065134, 0.011572197494497125, 0.0, 0.04130993223401982, 0.005422768956954101, 0.0, 0.02262966866346452, 0.0, 0.028146417112716555, 0.0636400009504884)",1
2306,9,5,6,"(0.03426039533065134, 0.013318747207934948, 0.0, 0.030181603934096246, 0.005422768956954101, 0.0, 0.019795240631728064, 0.0, 0.028146417112716555, 0.05874522297052942)",1
2307,9,5,6,"(0.03426039533065134, 0.011572197494497125, 0.0, 0.030181603934096246, 0.005422768956954101, 0.0, 0.019795240631728064, 0.0, 0.040221026679139904, 0.05874522297052942)",1
2308,9,5,6,"(0.03426039533065134, 0.011572197494497125, 0.0, 0.030181603934096246, 0.005422768956954101, 0.0, 0.019795240631728064, 0.0, 0.020712633814868094, 0.05874522297052942)",1
2309,9,5,6,"(0.03426039533065134, 0.0312745925720182, 0.0, 0.030181603934096246, 0.005422768956954101, 0.0, 0.019795240631728064, 0.0, 0.028146417112716555, 0.05874522297052942)",1
2310,9,5,6,"(0.03426039533065134, 0.011572197494497125, 0.0, 0.04130993223401982, 0.005422768956954101, 0.0, 0.019795240631728064, 0.0, 0.028146417112716555, 0.05874522297052942)",31
2311,9,5,6,"(0.03426039533065134, 0.011572197494497125, 0.0, 0.030181603934096246, 0.01116389010993858, 0.0, 0.019795240631728064, 0.0, 0.028146417112716555, 0.05874522297052942)",1
2312,9,5,6,"(0.03426039533065134, 0.011572197494497125, 0.0, 0.034657572584814826, 0.005422768956954101, 0.0, 0.019795240631728064, 0.0, 0.028146417112716555, 0.059636589865404044)",1
2313,9,5,6,"(0.03426039533065134, 0.011572197494497125, 0.0, 0.030181603934096246, 0.005422768956954101, 0.0, 0.022137652747195185, 0.0, 0.028146417112716555, 0.05874522297052942)",1
2314,9,6,0,"(0.06100729765466935, 0.0, 0.0, 0.0, 0.0, 0.017098731129875016, 0.08380840797570269, 0.0691048466035698, 0.0, 0.0)",1
2315,9,6,0,"(0.07400250769571483, 0.0, 0.0, 0.0, 0.0, 0.017098731129875016, 0.08380840797570269, 0.10117084919705972, 0.0, 0.0)",1
2316,9,6,0,"(0.07400250769571483, 0.0, 0.0, 0.0, 0.0, 0.010206176144351129, 0.08380840797570269, 0.0691048466035698, 0.0, 0.0)",1
2317,9,6,0,"(0.07400250769571483, 0.0, 0.0, 0.0, 0.0, 0.017098731129875016, 0.08380840797570269, 0.0691048466035698, 0.0, 0.0)",225
2318,9,6,0,"(0.07400250769571483, 0.0, 0.0, 0.0, 0.0, 0.017098731129875016, 0.07264705984354253, 0.0691048466035698, 0.0, 0.0)",2
2319,9,6,11,"(0.0, 0.0, 0.09864539577037362, 0.01650583712158267, 0.0, 0.030645849071221472, 0.16773790467281977, 0.08028238650273146, 0.026121609841380632, 0.0)",23
2320,9,7,13,"(0.0, 0.02461978404713738, 0.023035932332134326, 0.0, 0.01810411441758469, 0.022173256981297827, 0.0, 0.0, 0.01089208668844536, 0.00476393156717078)",126
2321,9,7,13,"(0.0, 0.02461978404713738, 0.023035932332134326, 0.0, 0.01810411441758469, 0.022173256981297827, 0.0, 0.0, 0.01089208668844536, 0.002243048535540496)",47
2322,9,7,13,"(0.0, 0.02461978404713738, 0.023035932332134326, 0.0, 0.018524863279951523, 0.022173256981297827, 0.0, 0.0, 0.01089208668844536, 0.002243048535540496)",1
2323,9,7,13,"(0.0, 0.029289872062380824, 0.03540228470776121, 0.0, 0.022992242705193944, 0.041198357271549066, 0.0, 0.0, 0.01089208668844536, 0.004973863649504035)",2
2324,9,7,13,"(0.0, 0.02461978404713738, 0.023035932332134326, 0.0, 0.033562613626647884, 0.022173256981297827, 0.0, 0.0, 0.01089208668844536, 0.00804995879970782)",1
2325,9,7,13,"(0.0, 0.02461978404713738, 0.023035932332134326, 0.0, 0.022992242705193944, 0.022173256981297827, 0.0, 0.0, 0.02554045201072173, 0.00804995879970782)",1
2326,9,7,13,"(0.0, 0.02461978404713738, 0.03540228470776121, 0.0, 0.022992242705193944, 0.041198357271549066, 0.0, 0.0, 0.01089208668844536, 0.004973863649504035)",2
2327,9,7,13,"(0.0, 0.02461978404713738, 0.023035932332134326, 0.0, 0.022992242705193944, 0.022173256981297827, 0.0, 0.0, 0.009405617175516698, 0.00804995879970782)",1
2328,9,7,13,"(0.0, 0.02461978404713738, 0.023035932332134326, 0.0, 0.022992242705193944, 0.019028454429100585, 0.0, 0.0, 0.01089208668844536, 0.00804995879970782)",1
2329,9,7,13,"(0.0, 0.02461978404713738, 0.023035932332134326, 0.0, 0.03084375737205342, 0.022740482393985628, 0.0, 0.0, 0.01089208668844536, 0.00476393156717078)",2
2330,9,7,13,"(0.0, 0.05077608455274359, 0.023035932332134326, 0.0, 0.01810411441758469, 0.022173256981297827, 0.0, 0.0, 0.01089208668844536, 0.005742696855640664)",1
2331,9,7,13,"(0.0, 0.01020326907263397, 0.023035932332134326, 0.0, 0.022992242705193944, 0.022173256981297827, 0.0, 0.0, 0.01089208668844536, 0.00804995879970782)",1
2332,9,7,13,"(0.0, 0.017816216099287817, 0.05489739188933212, 0.0, 0.022992242705193944, 0.017452680332434703, 0.0, 0.0, 0.01089208668844536, 0.00804995879970782)",1
2333,9,7,13,"(0.0, 0.02461978404713738, 0.023035932332134326, 0.0, 0.022992242705193944, 0.022173256981297827, 0.0, 0.0, 0.01089208668844536, 0.00804995879970782)",157
2334,9,7,13,"(0.0, 0.04132210717182636, 0.023035932332134326, 0.0, 0.01810411441758469, 0.022173256981297827, 0.0, 0.0, 0.01089208668844536, 0.002243048535540496)",3
2335,9,8,6,"(0.03426039533065134, 0.011572197494497125, 0.0, 0.030181603934096246, 0.005422768956954101, 0.0, 0.019795240631728064, 0.0, 0.028146417112716555, 0.05874522297052942)",151
2336,9,8,6,"(0.023033951975941838, 0.011572197494497125, 0.0, 0.030181603934096246, 0.005422768956954101, 0.0, 0.019795240631728064, 0.0, 0.028146417112716555, 0.05874522297052942)",1
2337,9,8,6,"(0.03656180599521727, 0.011572197494497125, 0.0, 0.030181603934096246, 0.005422768956954101, 0.0, 0.019795240631728064, 0.0, 0.028146417112716555, 0.05874522297052942)",48
2338,9,8,11,"(0.0, 0.0, 0.09864539577037362, 0.013118664981873428, 0.0, 0.031211978481304123, 0.13855135743719746, 0.08028238650273146, 0.026121609841380632, 0.0)",46
2339,9,8,11,"(0.0, 0.0, 0.09864539577037362, 0.01650583712158267, 0.0, 0.030645849071221472, 0.16773790467281977, 0.08028238650273146, 0.026121609841380632, 0.0)",24
2340,9,8,11,"(0.0, 0.0, 0.09864539577037362, 0.01650583712158267, 0.0, 0.030806593173525073, 0.13855135743719746, 0.08028238650273146, 0.009520568254238972, 0.0)",14
2341,9,8,11,"(0.0, 0.0, 0.09864539577037362, 0.01650583712158267, 0.0, 0.030645849071221472, 0.16773790467281977, 0.05487587528261972, 0.026121609841380632, 0.0)",39
2342,9,8,11,"(0.0, 0.0, 0.09864539577037362, 0.01650583712158267, 0.0, 0.031211978481304123, 0.15141424367720782, 0.058735450980947665, 0.026121609841380632, 0.0)",1
2343,9,8,11,"(0.0, 0.0, 0.09576448391689436, 0.01650583712158267, 0.0, 0.020702717399710698, 0.13855135743719746, 0.08028238650273146, 0.026121609841380632, 0.0)",1
2344,9,8,11,"(0.0, 0.0, 0.09864539577037362, 0.01650583712158267, 0.0, 0.031211978481304123, 0.13855135743719746, 0.08028238650273146, 0.026121609841380632, 0.0)",176
2345,9,8,11,"(0.0, 0.0, 0.09864539577037362, 0.01650583712158267, 0.0, 0.031211978481304123, 0.11928715366603873, 0.08028238650273146, 0.026121609841380632, 0.0)",1
2346,9,8,11,"(0.0, 0.0, 0.14091264279588334, 0.01650583712158267, 0.0, 0.031211978481304123, 0.13855135743719746, 0.08028238650273146, 0.026121609841380632, 0.0)",2
2347,9,9,11,"(0.0, 0.0, 0.09864539577037362, 0.01650583712158267, 0.0, 0.030645849071221472, 0.16773790467281977, 0.08028238650273146, 0.026121609841380632, 0.0)",239
2348,9,9,11,"(0.0, 0.0, 0.12138489740741543, 0.01650583712158267, 0.0, 0.02375279233445006, 0.16773790467281977, 0.08028238650273146, 0.026121609841380632, 0.0)",1
2349,9,9,11,"(0.0, 0.0, 0.11755819882518005, 0.01650583712158267, 0.0, 0.02375279233445006, 0.10644654874738944, 0.08028238650273146, 0.026121609841380632, 0.0)",3
2350,9,9,11,"(0.0, 0.0, 0.09864539577037362, 0.028077884842711974, 0.0, 0.030645849071221472, 0.16243652964526273, 0.08028238650273146, 0.018883478285706592, 0.0)",1
2351,9,9,11,"(0.0, 0.0, 0.09864539577037362, 0.01650583712158267, 0.0, 0.030645849071221472, 0.16243652964526273, 0.08028238650273146, 0.020510381632551367, 0.0)",11
2352,9,9,11,"(0.0, 0.0, 0.09864539577037362, 0.01650583712158267, 0.0, 0.030645849071221472, 0.16773790467281977, 0.08028238650273146, 0.050228531100358395, 0.0)",3
2353,9,9,11,"(0.0, 0.0, 0.09864539577037362, 0.01650583712158267, 0.0, 0.030645849071221472, 0.19612491429633, 0.08028238650273146, 0.026121609841380632, 0.0)",1
2354,9,9,11,"(0.0, 0.0, 0.11755819882518005, 0.01650583712158267, 0.0, 0.02375279233445006, 0.16773790467281977, 0.08028238650273146, 0.026121609841380632, 0.0)",128
2355,9,9,11,"(0.0, 0.0, 0.09864539577037362, 0.034510578029806276, 0.0, 0.030645849071221472, 0.16773790467281977, 0.08028238650273146, 0.03704307497998618, 0.0)",2
2356,9,9,11,"(0.0, 0.0, 0.09864539577037362, 0.01650583712158267, 0.0, 0.030645849071221472, 0.16243652964526273, 0.08028238650273146, 0.026121609841380632, 0.0)",161
2357,9,10,13,"(0.0, 0.03546647254209952, 0.023035932332134326, 0.0, 0.01810411441758469, 0.022173256981297827, 0.0, 0.0, 0.01089208668844536, 0.00476393156717078)",1
2358,9,10,13,"(0.0, 0.02461978404713738, 0.019085894172017615, 0.0, 0.01810411441758469, 0.022173256981297827, 0.0, 0.0, 0.01089208668844536, 0.00476393156717078)",3
2359,9,10,13,"(0.0, 0.02461978404713738, 0.023035932332134326, 0.0, 0.01810411441758469, 0.022173256981297827, 0.0, 0.0, 0.01089208668844536, 0.00476393156717078)",209
2360,9,11,13,"(0.0, 0.02356951513597377, 0.023035932332134326, 0.0, 0.01810411441758469, 0.022173256981297827, 0.0, 0.0, 0.0069701245530066, 0.00476393156717078)",4
2361,9,11,13,"(0.0, 0.02461978404713738, 0.023035932332134326, 0.0, 0.016973567656639824, 0.022173256981297827, 0.0, 0.0, 0.01089208668844536, 0.004436641746586963)",37
2362,9,11,13,"(0.0, 0.02461978404713738, 0.023035932332134326, 0.0, 0.01810411441758469, 0.022173256981297827, 0.0, 0.0, 0.01089208668844536, 0.00476393156717078)",146
2363,9,11,13,"(0.0, 0.011610554172116927, 0.023035932332134326, 0.0, 0.01810411441758469, 0.022173256981297827, 0.0, 0.0, 0.01089208668844536, 0.00476393156717078)",6
2364,9,11,13,"(0.0, 0.02461978404713738, 0.023035932332134326, 0.0, 0.01810411441758469, 0.019088546219247486, 0.0, 0.0, 0.01089208668844536, 0.00476393156717078)",1
2365,9,11,13,"(0.0, 0.011610554172116927, 0.022534312960765572, 0.0, 0.014873263029261015, 0.022173256981297827, 0.0, 0.0, 0.01089208668844536, 0.004614685266837045)",1
2366,9,11,13,"(0.0, 0.02461978404713738, 0.023035932332134326, 0.0, 0.01810411441758469, 0.022173256981297827, 0.0, 0.0, 0.008352847214322077, 0.00476393156717078)",1
2367,9,11,13,"(0.0, 0.02461978404713738, 0.023035932332134326, 0.0, 0.01810411441758469, 0.022173256981297827, 0.0, 0.0, 0.01089208668844536, 0.005276683186668861)",8
2368,9,12,8,"(0.19235562551390653, 0.046525949225991035, 0.0, 0.0, 0.06098857877115302, 0.0, 0.08319516954615302, 0.1116381245929446, 0.0, 0.0)",3
2369,9,12,8,"(0.19235562551390653, 0.05520670813637094, 0.0, 0.0, 0.07022106556493442, 0.0, 0.08319516954615302, 0.1116381245929446, 0.0, 0.0)",1
2370,9,12,8,"(0.19235562551390653, 0.0789491792997258, 0.0, 0.0, 0.07022106556493442, 0.0, 0.08319516954615302, 0.1116381245929446, 0.0, 0.0)",1
2371,9,12,8,"(0.19235562551390653, 0.046525949225991035, 0.0, 0.0, 0.07022106556493442, 0.0, 0.08319516954615302, 0.1116381245929446, 0.0, 0.0)",161
2372,9,12,8,"(0.19235562551390653, 0.046525949225991035, 0.0, 0.0, 0.07022106556493442, 0.0, 0.08319516954615302, 0.11070050067166175, 0.0, 0.0)",1
2373,9,12,10,"(0.07734904686468291, 0.06927916245295945, 0.09682940930282144, 0.0017773360538905325, 0.0, 0.06291875767155253, 0.0, 0.11384982671892119, 0.0, 0.0)",2
2374,9,12,10,"(0.07734904686468291, 0.06927916245295945, 0.09682940930282144, 0.0014957839428095248, 0.0, 0.06291875767155253, 0.0, 0.05513816027675544, 0.0, 0.0)",4
2375,9,12,10,"(0.07734904686468291, 0.06927916245295945, 0.09682940930282144, 0.0017773360538905325, 0.0, 0.06291875767155253, 0.0, 0.10994488928074131, 0.0, 0.0)",143
2376,9,12,10,"(0.14760844378952648, 0.06222735312706339, 0.0783454707073279, 0.0017773360538905325, 0.0, 0.06291875767155253, 0.0, 0.19263247229120353, 0.0, 0.0)",2
2377,9,12,10,"(0.14760844378952648, 0.06927916245295945, 0.09682940930282144, 0.0017773360538905325, 0.0, 0.06291875767155253, 0.0, 0.10994488928074131, 0.0, 0.0)",139
2378,9,13,6,"(0.03426039533065134, 0.011572197494497125, 0.0, 0.030181603934096246, 0.003291054496674734, 0.0, 0.020206968984012794, 0.0, 0.028146417112716555, 0.05874522297052942)",1
2379,9,13,6,"(0.03426039533065134, 0.011572197494497125, 0.0, 0.030181603934096246, 0.005422768956954101, 0.0, 0.019795240631728064, 0.0, 0.028146417112716555, 0.05874522297052942)",184
2380,9,13,6,"(0.03426039533065134, 0.011572197494497125, 0.0, 0.030181603934096246, 0.005422768956954101, 0.0, 0.017407612704329462, 0.0, 0.04346062490314427, 0.05874522297052942)",1
2381,9,13,6,"(0.03426039533065134, 0.011572197494497125, 0.0, 0.038356083657111364, 0.005422768956954101, 0.0, 0.019795240631728064, 0.0, 0.028146417112716555, 0.05874522297052942)",38
2382,9,13,6,"(0.03391987790615992, 0.011572197494497125, 0.0, 0.030181603934096246, 0.005422768956954101, 0.0, 0.019795240631728064, 0.0, 0.028146417112716555, 0.05874522297052942)",1
2383,9,13,14,"(0.0, 0.017248724174617657, 0.0, 0.0, 0.0, 0.0, 0.1096916615896246, 0.07767452920048755, 0.03621416498310447, 0.0)",30
2384,9,13,14,"(0.0, 0.01295071885523524, 0.0, 0.0, 0.0, 0.0, 0.1096916615896246, 0.07609886892949795, 0.04012304414332053, 0.0)",1
2385,9,13,14,"(0.0, 0.017248724174617657, 0.0, 0.0, 0.0, 0.0, 0.1365042969153532, 0.07609886892949795, 0.028331365694976633, 0.0)",1
2386,9,13,14,"(0.0, 0.017248724174617657, 0.0, 0.0, 0.0, 0.0, 0.1096916615896246, 0.07609886892949795, 0.03621416498310447, 0.0)",219
2387,9,13,14,"(0.0, 0.017248724174617657, 0.0, 0.0, 0.0, 0.0, 0.08561826386873722, 0.07767452920048755, 0.03621416498310447, 0.0)",1
2388,9,13,14,"(0.0, 0.017248724174617657, 0.0, 0.0, 0.0, 0.0, 0.12529914157890795, 0.07767452920048755, 0.03621416498310447, 0.0)",15
2389,9,14,11,"(0.0, 0.0, 0.09864539577037362, 0.01650583712158267, 0.0, 0.030645849071221472, 0.16773790467281977, 0.08651616521267677, 0.026121609841380632, 0.0)",4
2390,9,14,11,"(0.0, 0.0, 0.09864539577037362, 0.01650583712158267, 0.0, 0.030645849071221472, 0.16773790467281977, 0.08028238650273146, 0.026121609841380632, 0.0)",87
2391,9,14,11,"(0.0, 0.0, 0.09864539577037362, 0.01650583712158267, 0.0, 0.030645849071221472, 0.16773790467281977, 0.08028238650273146, 0.030267917989818077, 0.0)",2
2392,9,14,13,"(0.0, 0.02312228201889771, 0.023035932332134326, 0.0, 0.029287759050719522, 0.022173256981297827, 0.0, 0.0, 0.01089208668844536, 0.00476393156717078)",6
2393,9,14,13,"(0.0, 0.02461978404713738, 0.03272182269761035, 0.0, 0.01810411441758469, 0.022173256981297827, 0.0, 0.0, 0.01089208668844536, 0.00476393156717078)",1
2394,9,14,13,"(0.0, 0.02461978404713738, 0.023035932332134326, 0.0, 0.01810411441758469, 0.022173256981297827, 0.0, 0.0, 0.01089208668844536, 0.00476393156717078)",327
2395,9,14,13,"(0.0, 0.02461978404713738, 0.01859787768682261, 0.0, 0.01810411441758469, 0.022173256981297827, 0.0, 0.0, 0.01089208668844536, 0.00476393156717078)",2
2396,9,14,13,"(0.0, 0.02461978404713738, 0.023035932332134326, 0.0, 0.017273181086801988, 0.022173256981297827, 0.0, 0.0, 0.01089208668844536, 0.00476393156717078)",2
2397,9,14,13,"(0.0, 0.013201364648509128, 0.023035932332134326, 0.0, 0.01810411441758469, 0.022173256981297827, 0.0, 0.0, 0.01089208668844536, 0.00476393156717078)",1
2398,9,14,13,"(0.0, 0.02461978404713738, 0.023035932332134326, 0.0, 0.01810411441758469, 0.014910670216588557, 0.0, 0.0, 0.01089208668844536, 0.00476393156717078)",1
2399,9,14,13,"(0.0, 0.02312228201889771, 0.023035932332134326, 0.0, 0.017817422750889485, 0.022173256981297827, 0.0, 0.0, 0.01089208668844536, 0.00476393156717078)",3
2400,9,15,6,"(0.03426039533065134, 0.011572197494497125, 0.0, 0.030181603934096246, 0.005422768956954101, 0.0, 0.019795240631728064, 0.0, 0.028146417112716555, 0.05874522297052942)",163
2401,9,15,6,"(0.03426039533065134, 0.011572197494497125, 0.0, 0.030181603934096246, 0.005422768956954101, 0.0, 0.019795240631728064, 0.0, 0.028146417112716555, 0.03509336294650248)",3
2402,9,15,6,"(0.03426039533065134, 0.011572197494497125, 0.0, 0.030181603934096246, 0.007168721694957864, 0.0, 0.019795240631728064, 0.0, 0.028146417112716555, 0.05874522297052942)",1
2403,9,15,11,"(0.0, 0.0, 0.11839367174953695, 0.01650583712158267, 0.0, 0.030645849071221472, 0.16773790467281977, 0.0404147798164449, 0.026121609841380632, 0.0)",56
2404,9,15,11,"(0.0, 0.0, 0.0794102366090269, 0.01650583712158267, 0.0, 0.030645849071221472, 0.13049626713566656, 0.08028238650273146, 0.026121609841380632, 0.0)",4
2405,9,15,11,"(0.0, 0.0, 0.09864539577037362, 0.01650583712158267, 0.0, 0.030645849071221472, 0.13049626713566656, 0.10464859494020542, 0.011737478914909427, 0.0)",1
2406,9,15,11,"(0.0, 0.0, 0.11839367174953695, 0.01650583712158267, 0.0, 0.030645849071221472, 0.2033239864207961, 0.031285008651631356, 0.026121609841380632, 0.0)",1
2407,9,15,11,"(0.0, 0.0, 0.09864539577037362, 0.01650583712158267, 0.0, 0.030645849071221472, 0.13049626713566656, 0.08028238650273146, 0.026121609841380632, 0.0)",241
2408,9,15,11,"(0.0, 0.0, 0.0728307336784661, 0.01650583712158267, 0.0, 0.04623496787836963, 0.13049626713566656, 0.08028238650273146, 0.026121609841380632, 0.0)",1
2409,9,15,11,"(0.0, 0.0, 0.11839367174953695, 0.01650583712158267, 0.0, 0.0645907874833417, 0.16773790467281977, 0.0404147798164449, 0.026121609841380632, 0.0)",2
2410,9,15,11,"(0.0, 0.0, 0.09864539577037362, 0.01650583712158267, 0.0, 0.030645849071221472, 0.06836542500768045, 0.08028238650273146, 0.026121609841380632, 0.0)",3
2411,9,15,11,"(0.0, 0.0, 0.11839367174953695, 0.01650583712158267, 0.0, 0.030645849071221472, 0.27388113021383076, 0.0404147798164449, 0.026121609841380632, 0.0)",7
2412,9,16,1,"(0.0, 0.0, 0.10922905711608999, 0.0, 0.0, 0.07577624578880941, 0.0, 0.0, 0.0, 0.09965925051150999)",13
2413,9,16,1,"(0.0, 0.0, 0.029767024921759498, 0.0, 0.0, 0.0199117526153351, 0.0, 0.0, 0.0, 0.09965925051150999)",2
2414,9,16,1,"(0.0, 0.0, 0.041406372128065916, 0.0, 0.0, 0.0199117526153351, 0.0, 0.0, 0.0, 0.14899807362603795)",1
2415,9,16,1,"(0.0, 0.0, 0.041406372128065916, 0.0, 0.0, 0.0199117526153351, 0.0, 0.0, 0.0, 0.10717580008313854)",1
2416,9,16,1,"(0.0, 0.0, 0.04888866442307669, 0.0, 0.0, 0.0199117526153351, 0.0, 0.0, 0.0, 0.09965925051150999)",1
2417,9,16,1,"(0.0, 0.0, 0.05933453753362548, 0.0, 0.0, 0.011186593171220796, 0.0, 0.0, 0.0, 0.10254734888161689)",11
2418,9,16,1,"(0.0, 0.0, 0.07001332016522405, 0.0, 0.0, 0.022609083212832556, 0.0, 0.0, 0.0, 0.09965925051150999)",1
2419,9,16,1,"(0.0, 0.0, 0.041406372128065916, 0.0, 0.0, 0.0199117526153351, 0.0, 0.0, 0.0, 0.09965925051150999)",663
2420,9,16,1,"(0.0, 0.0, 0.041406372128065916, 0.0, 0.0, 0.0199117526153351, 0.0, 0.0, 0.0, 0.06984561699802619)",1
2421,9,16,1,"(0.0, 0.0, 0.041406372128065916, 0.0, 0.0, 0.011048468719771247, 0.0, 0.0, 0.0, 0.09965925051150999)",1
2422,9,16,1,"(0.0, 0.0, 0.041406372128065916, 0.0, 0.0, 0.0199117526153351, 0.0, 0.0, 0.0, 0.09630013929171738)",2
2423,9,16,1,"(0.0, 0.0, 0.02893307525309061, 0.0, 0.0, 0.0199117526153351, 0.0, 0.0, 0.0, 0.0957264487171381)",2
2424,9,16,1,"(0.0, 0.0, 0.08553356279201715, 0.0, 0.0, 0.07577624578880941, 0.0, 0.0, 0.0, 0.09965925051150999)",1
2425,9,16,8,"(0.16507889091742442, 0.046525949225991035, 0.0, 0.0, 0.07022106556493442, 0.0, 0.08319516954615302, 0.1116381245929446, 0.0, 0.0)",2
2426,9,16,8,"(0.19235562551390653, 0.04334546018249462, 0.0, 0.0, 0.07022106556493442, 0.0, 0.08319516954615302, 0.1116381245929446, 0.0, 0.0)",29
2427,9,16,8,"(0.26140165398897014, 0.023343915773763425, 0.0, 0.0, 0.07022106556493442, 0.0, 0.08319516954615302, 0.1116381245929446, 0.0, 0.0)",46
2428,9,16,8,"(0.19235562551390653, 0.046525949225991035, 0.0, 0.0, 0.07022106556493442, 0.0, 0.09252841919678484, 0.06963856734666388, 0.0, 0.0)",1
2429,9,16,8,"(0.2613505269737322, 0.04334546018249462, 0.0, 0.0, 0.07022106556493442, 0.0, 0.08319516954615302, 0.1116381245929446, 0.0, 0.0)",2
2430,9,16,8,"(0.19235562551390653, 0.046525949225991035, 0.0, 0.0, 0.07022106556493442, 0.0, 0.08319516954615302, 0.1116381245929446, 0.0, 0.0)",139
2431,9,17,1,"(0.0, 0.0, 0.10922905711608999, 0.0, 0.0, 0.030018978917809972, 0.0, 0.0, 0.0, 0.17356055946093527)",2
2432,9,17,1,"(0.0, 0.0, 0.10127794389694403, 0.0, 0.0, 0.047389106084443085, 0.0, 0.0, 0.0, 0.09965925051150999)",3
2433,9,17,1,"(0.0, 0.0, 0.10127794389694403, 0.0, 0.0, 0.07577624578880941, 0.0, 0.0, 0.0, 0.07757268483406222)",1
2434,9,17,1,"(0.0, 0.0, 0.10922905711608999, 0.0, 0.0, 0.030018978917809972, 0.0, 0.0, 0.0, 0.0910060267578522)",403
2435,9,17,1,"(0.0, 0.0, 0.10127794389694403, 0.0, 0.0, 0.07577624578880941, 0.0, 0.0, 0.0, 0.09965925051150999)",31
2436,9,17,1,"(0.0, 0.0, 0.10922905711608999, 0.0, 0.0, 0.07577624578880941, 0.0, 0.0, 0.0, 0.09965925051150999)",161
2437,9,17,1,"(0.0, 0.0, 0.10922905711608999, 0.0, 0.0, 0.030018978917809972, 0.0, 0.0, 0.0, 0.06697561316448691)",1
2438,9,17,8,"(0.19235562551390653, 0.04632028014141928, 0.0, 0.0, 0.07022106556493442, 0.0, 0.08764543494811716, 0.1116381245929446, 0.0, 0.0)",6
2439,9,17,8,"(0.19235562551390653, 0.046525949225991035, 0.0, 0.0, 0.07024952735117047, 0.0, 0.08319516954615302, 0.1116381245929446, 0.0, 0.0)",2
2440,9,17,8,"(0.19235562551390653, 0.046525949225991035, 0.0, 0.0, 0.08006399997213255, 0.0, 0.08319516954615302, 0.1116381245929446, 0.0, 0.0)",1
2441,9,17,8,"(0.19235562551390653, 0.03973139045403636, 0.0, 0.0, 0.07022106556493442, 0.0, 0.08319516954615302, 0.1116381245929446, 0.0, 0.0)",1
2442,9,17,8,"(0.19235562551390653, 0.046525949225991035, 0.0, 0.0, 0.07022106556493442, 0.0, 0.08319516954615302, 0.1116381245929446, 0.0, 0.0)",187
2443,9,17,8,"(0.19235562551390653, 0.046525949225991035, 0.0, 0.0, 0.07908770703614106, 0.0, 0.08319516954615302, 0.09825078482444861, 0.0, 0.0)",4
2444,9,17,8,"(0.19235562551390653, 0.04632028014141928, 0.0, 0.0, 0.07022106556493442, 0.0, 0.08319516954615302, 0.1116381245929446, 0.0, 0.0)",88
2445,9,17,8,"(0.18519349692167353, 0.046525949225991035, 0.0, 0.0, 0.07022106556493442, 0.0, 0.11397949469072005, 0.1116381245929446, 0.0, 0.0)",1
2446,9,18,1,"(0.0, 0.0, 0.10206150280306321, 0.0, 0.0, 0.07463102024542986, 0.0, 0.0, 0.0, 0.09965925051150999)",2
2447,9,18,1,"(0.0, 0.0, 0.10206150280306321, 0.0, 0.0, 0.07577624578880941, 0.0, 0.0, 0.0, 0.09965925051150999)",105
2448,9,18,1,"(0.0, 0.0, 0.10206150280306321, 0.0, 0.0, 0.0773505598050723, 0.0, 0.0, 0.0, 0.05661410590056939)",3
2449,9,18,1,"(0.0, 0.0, 0.10206150280306321, 0.0, 0.0, 0.07577624578880941, 0.0, 0.0, 0.0, 0.20029365378045266)",1
2450,9,18,10,"(0.07734904686468291, 0.06927916245295945, 0.09682940930282144, 0.0017773360538905325, 0.0, 0.06291875767155253, 0.0, 0.10994488928074131, 0.0, 0.0)",123
2451,9,18,10,"(0.049461947145691174, 0.06927916245295945, 0.09682940930282144, 0.0017773360538905325, 0.0, 0.03093296722103784, 0.0, 0.10994488928074131, 0.0, 0.0)",2
2452,9,18,10,"(0.07734904686468291, 0.08464166216675782, 0.09943240365545393, 0.0017773360538905325, 0.0, 0.06291875767155253, 0.0, 0.10994488928074131, 0.0, 0.0)",44
2453,9,18,11,"(0.0, 0.0, 0.09864539577037362, 0.01650583712158267, 0.0, 0.03150275214907511, 0.13038533056739307, 0.08028238650273146, 0.026121609841380632, 0.0)",49
2454,9,18,11,"(0.0, 0.0, 0.09864539577037362, 0.01650583712158267, 0.0, 0.030645849071221472, 0.16773790467281977, 0.08028238650273146, 0.02873308956446372, 0.0)",3
2455,9,18,11,"(0.0, 0.0, 0.13747158127185635, 0.01650583712158267, 0.0, 0.030645849071221472, 0.16773790467281977, 0.14794458493301801, 0.04674112553452577, 0.0)",1
2456,9,18,11,"(0.0, 0.0, 0.09864539577037362, 0.01650583712158267, 0.0, 0.030645849071221472, 0.16773790467281977, 0.08028238650273146, 0.026121609841380632, 0.0)",355
2457,9,19,0,"(0.06314852404345896, 0.0, 0.0, 0.0, 0.0, 0.017098731129875016, 0.08380840797570269, 0.0691048466035698, 0.0, 0.0)",1
2458,9,19,0,"(0.11200415377944056, 0.0, 0.0, 0.0, 0.0, 0.038332764868717846, 0.08380840797570269, 0.07852857884680803, 0.0, 0.0)",14
2459,9,19,0,"(0.07400250769571483, 0.0, 0.0, 0.0, 0.0, 0.017098731129875016, 0.08380840797570269, 0.0691048466035698, 0.0, 0.0)",152
2460,9,19,13,"(0.0, 0.02461978404713738, 0.023035932332134326, 0.0, 0.01810411441758469, 0.036158585364266194, 0.0, 0.0, 0.01089208668844536, 0.00476393156717078)",1
2461,9,19,13,"(0.0, 0.02461978404713738, 0.023035932332134326, 0.0, 0.01810411441758469, 0.014759351534692619, 0.0, 0.0, 0.01089208668844536, 0.00476393156717078)",2
2462,9,19,13,"(0.0, 0.02461978404713738, 0.023035932332134326, 0.0, 0.01810411441758469, 0.022173256981297827, 0.0, 0.0, 0.007979286433667684, 0.00476393156717078)",1
2463,9,19,13,"(0.0, 0.02461978404713738, 0.02908224068946972, 0.0, 0.01810411441758469, 0.022173256981297827, 0.0, 0.0, 0.01089208668844536, 0.00476393156717078)",4
2464,9,19,13,"(0.0, 0.02461978404713738, 0.023035932332134326, 0.0, 0.027174499345298253, 0.022173256981297827, 0.0, 0.0, 0.028857891246985092, 0.00476393156717078)",1
2465,9,19,13,"(0.0, 0.02461978404713738, 0.0269730156805709, 0.0, 0.01810411441758469, 0.022173256981297827, 0.0, 0.0, 0.013274574923025905, 0.00476393156717078)",3
2466,9,19,13,"(0.0, 0.02461978404713738, 0.023035932332134326, 0.0, 0.01810411441758469, 0.022173256981297827, 0.0, 0.0, 0.01089208668844536, 0.00476393156717078)",218
2467,9,20,10,"(0.07734904686468291, 0.06927916245295945, 0.09682940930282144, 0.0025707003056846863, 0.0, 0.06291875767155253, 0.0, 0.10994488928074131, 0.0, 0.0)",15
2468,9,20,10,"(0.07734904686468291, 0.06927916245295945, 0.09636297510788583, 0.0017773360538905325, 0.0, 0.06291875767155253, 0.0, 0.10994488928074131, 0.0, 0.0)",1
2469,9,20,10,"(0.07734904686468291, 0.06927916245295945, 0.09682940930282144, 0.0017773360538905325, 0.0, 0.06291875767155253, 0.0, 0.10994488928074131, 0.0, 0.0)",146
2470,9,20,10,"(0.07734904686468291, 0.04785924213549768, 0.09682940930282144, 0.0017773360538905325, 0.0, 0.06800155812038916, 0.0, 0.10994488928074131, 0.0, 0.0)",2
2471,9,20,11,"(0.0, 0.0, 0.09864539577037362, 0.01650583712158267, 0.0, 0.030645849071221472, 0.09572491856946197, 0.08028238650273146, 0.04166870213961606, 0.0)",57
2472,9,20,11,"(0.0, 0.0, 0.08014159865348675, 0.01650583712158267, 0.0, 0.030645849071221472, 0.09572491856946197, 0.08028238650273146, 0.036485718580663774, 0.0)",374
2473,9,20,11,"(0.0, 0.0, 0.09864539577037362, 0.01650583712158267, 0.0, 0.030645849071221472, 0.09572491856946197, 0.08028238650273146, 0.036485718580663774, 0.0)",143
2474,9,20,11,"(0.0, 0.0, 0.08567919783850475, 0.01650583712158267, 0.0, 0.030645849071221472, 0.09572491856946197, 0.08028238650273146, 0.036485718580663774, 0.0)",1
2475,9,20,11,"(0.0, 0.0, 0.10201609871395288, 0.01650583712158267, 0.0, 0.030645849071221472, 0.09572491856946197, 0.08028238650273146, 0.036485718580663774, 0.0)",1
2476,9,20,11,"(0.0, 0.0, 0.08014159865348675, 0.01650583712158267, 0.0, 0.027916690174889854, 0.09572491856946197, 0.08028238650273146, 0.036485718580663774, 0.0)",1
2477,9,20,11,"(0.0, 0.0, 0.09864539577037362, 0.01650583712158267, 0.0, 0.030645849071221472, 0.08710124240839136, 0.08028238650273146, 0.036485718580663774, 0.0)",7
2478,9,20,11,"(0.0, 0.0, 0.08014159865348675, 0.018657437025315964, 0.0, 0.030645849071221472, 0.09572491856946197, 0.08028238650273146, 0.036485718580663774, 0.0)",1
2479,9,20,11,"(0.0, 0.0, 0.09864539577037362, 0.01650583712158267, 0.0, 0.030645849071221472, 0.16773790467281977, 0.04541553900208064, 0.026121609841380632, 0.0)",18
2480,9,20,11,"(0.0, 0.0, 0.09864539577037362, 0.01650583712158267, 0.0, 0.030645849071221472, 0.09010547421458251, 0.08028238650273146, 0.036485718580663774, 0.0)",1
2481,10,0,6,"(0.03426039533065134, 0.011572197494497125, 0.0, 0.030181603934096246, 0.005422768956954101, 0.0, 0.019795240631728064, 0.0, 0.028146417112716555, 0.05874522297052942)",101
2482,10,0,6,"(0.03426039533065134, 0.01725496225357851, 0.0, 0.030181603934096246, 0.005422768956954101, 0.0, 0.017147712351443536, 0.0, 0.028146417112716555, 0.05874522297052942)",14
2483,10,0,11,"(0.0, 0.0, 0.06200374261520503, 0.010654525538403636, 0.0, 0.030645849071221472, 0.16773790467281977, 0.08028238650273146, 0.026121609841380632, 0.0)",12
2484,10,0,11,"(0.0, 0.0, 0.09864539577037362, 0.01650583712158267, 0.0, 0.028640972334076285, 0.16773790467281977, 0.08028238650273146, 0.014464008541976325, 0.0)",138
2485,10,0,11,"(0.0, 0.0, 0.09864539577037362, 0.01650583712158267, 0.0, 0.028640972334076285, 0.28673594304638167, 0.08028238650273146, 0.014464008541976325, 0.0)",1
2486,10,0,11,"(0.0, 0.0, 0.09864539577037362, 0.01650583712158267, 0.0, 0.030645849071221472, 0.16773790467281977, 0.08028238650273146, 0.06256951789703077, 0.0)",1
2487,10,0,11,"(0.0, 0.0, 0.09864539577037362, 0.01650583712158267, 0.0, 0.030645849071221472, 0.16773790467281977, 0.08028238650273146, 0.026121609841380632, 0.0)",242
2488,10,0,11,"(0.0, 0.0, 0.09864539577037362, 0.01650583712158267, 0.0, 0.028640972334076285, 0.16773790467281977, 0.08028238650273146, 0.014484207901440864, 0.0)",1
2489,10,0,11,"(0.0, 0.0, 0.09864539577037362, 0.01650583712158267, 0.0, 0.031054567355968742, 0.16773790467281977, 0.08028238650273146, 0.026121609841380632, 0.0)",5
2490,10,0,11,"(0.0, 0.0, 0.09864539577037362, 0.01650583712158267, 0.0, 0.024121070783459063, 0.13326227182645217, 0.08028238650273146, 0.026121609841380632, 0.0)",2
2491,10,0,11,"(0.0, 0.0, 0.05501726598020943, 0.01650583712158267, 0.0, 0.039433288506299895, 0.16773790467281977, 0.09053946599993398, 0.026121609841380632, 0.0)",7
2492,10,0,11,"(0.0, 0.0, 0.09864539577037362, 0.01650583712158267, 0.0, 0.028640972334076285, 0.16773790467281977, 0.09061931442775419, 0.014464008541976325, 0.0)",2
2493,10,1,6,"(0.03426039533065134, 0.011572197494497125, 0.0, 0.030181603934096246, 0.0033800098991230913, 0.0, 0.019795240631728064, 0.0, 0.028146417112716555, 0.05874522297052942)",66
2494,10,1,6,"(0.02791766081256161, 0.011572197494497125, 0.0, 0.030181603934096246, 0.005422768956954101, 0.0, 0.019795240631728064, 0.0, 0.028146417112716555, 0.05874522297052942)",23
2495,10,1,6,"(0.03426039533065134, 0.011572197494497125, 0.0, 0.030181603934096246, 0.0033443854268419646, 0.0, 0.019795240631728064, 0.0, 0.028146417112716555, 0.05874522297052942)",1
2496,10,1,6,"(0.03426039533065134, 0.011572197494497125, 0.0, 0.024550740105937652, 0.005422768956954101, 0.0, 0.019795240631728064, 0.0, 0.028146417112716555, 0.05584308393441419)",1
2497,10,1,6,"(0.03426039533065134, 0.011572197494497125, 0.0, 0.030181603934096246, 0.005422768956954101, 0.0, 0.019795240631728064, 0.0, 0.028146417112716555, 0.05874522297052942)",190
2498,10,1,6,"(0.03426039533065134, 0.011572197494497125, 0.0, 0.030181603934096246, 0.005422768956954101, 0.0, 0.019795240631728064, 0.0, 0.029436048563303625, 0.05839026855430116)",16
2499,10,1,8,"(0.19235562551390653, 0.046525949225991035, 0.0, 0.0, 0.07022106556493442, 0.0, 0.039124347102777825, 0.1116381245929446, 0.0, 0.0)",8
2500,10,1,8,"(0.19235562551390653, 0.046525949225991035, 0.0, 0.0, 0.051767162873669594, 0.0, 0.08319516954615302, 0.1116381245929446, 0.0, 0.0)",1
2501,10,1,8,"(0.19235562551390653, 0.047785580155782374, 0.0, 0.0, 0.07022106556493442, 0.0, 0.08319516954615302, 0.1116381245929446, 0.0, 0.0)",1
2502,10,1,8,"(0.19235562551390653, 0.046525949225991035, 0.0, 0.0, 0.07022106556493442, 0.0, 0.08319516954615302, 0.1116381245929446, 0.0, 0.0)",136
2503,10,2,13,"(0.0, 0.02461978404713738, 0.023035932332134326, 0.0, 0.00970885425506607, 0.022173256981297827, 0.0, 0.0, 0.01089208668844536, 0.00476393156717078)",123
2504,10,2,13,"(0.0, 0.02461978404713738, 0.023035932332134326, 0.0, 0.00970885425506607, 0.022173256981297827, 0.0, 0.0, 0.006279116504585871, 0.0036341327642956203)",1
2505,10,2,13,"(0.0, 0.02461978404713738, 0.023035932332134326, 0.0, 0.00970885425506607, 0.022173256981297827, 0.0, 0.0, 0.01089208668844536, 0.00511652221014275)",1
2506,10,2,13,"(0.0, 0.02461978404713738, 0.023035932332134326, 0.0, 0.00970885425506607, 0.022173256981297827, 0.0, 0.0, 0.009545729212575097, 0.00476393156717078)",2
2507,10,2,13,"(0.0, 0.02461978404713738, 0.023035932332134326, 0.0, 0.00970885425506607, 0.022173256981297827, 0.0, 0.0, 0.012176362722030647, 0.00476393156717078)",3
2508,10,2,13,"(0.0, 0.02461978404713738, 0.023035932332134326, 0.0, 0.00970885425506607, 0.022173256981297827, 0.0, 0.0, 0.006279116504585871, 0.00476393156717078)",9
2509,10,2,13,"(0.0, 0.02461978404713738, 0.023035932332134326, 0.0, 0.011343550840522531, 0.024760177115864774, 0.0, 0.0, 0.01089208668844536, 0.00476393156717078)",11
2510,10,2,13,"(0.0, 0.02461978404713738, 0.012488192435894057, 0.0, 0.01810411441758469, 0.025902942973352733, 0.0, 0.0, 0.01089208668844536, 0.00476393156717078)",48
2511,10,2,13,"(0.0, 0.02461978404713738, 0.009888560890853727, 0.0, 0.00970885425506607, 0.022173256981297827, 0.0, 0.0, 0.01089208668844536, 0.00476393156717078)",2
2512,10,2,13,"(0.0, 0.02461978404713738, 0.023035932332134326, 0.0, 0.00970885425506607, 0.022173256981297827, 0.0, 0.0, 0.006465889763965095, 0.00476393156717078)",1
2513,10,3,13,"(0.0, 0.02461978404713738, 0.023035932332134326, 0.0, 0.01810411441758469, 0.04384257122977343, 0.0, 0.0, 0.01089208668844536, 0.00476393156717078)",2
2514,10,3,13,"(0.0, 0.02461978404713738, 0.023035932332134326, 0.0, 0.01810411441758469, 0.019748370190904217, 0.0, 0.0, 0.01089208668844536, 0.00476393156717078)",1
2515,10,3,13,"(0.0, 0.02461978404713738, 0.023035932332134326, 0.0, 0.01810411441758469, 0.022173256981297827, 0.0, 0.0, 0.008297014205068728, 0.00476393156717078)",1
2516,10,3,13,"(0.0, 0.02461978404713738, 0.023035932332134326, 0.0, 0.01810411441758469, 0.052665040937594734, 0.0, 0.0, 0.01089208668844536, 0.00476393156717078)",1
2517,10,3,13,"(0.0, 0.02461978404713738, 0.023035932332134326, 0.0, 0.01810411441758469, 0.022173256981297827, 0.0, 0.0, 0.01089208668844536, 0.00476393156717078)",382
2518,10,3,13,"(0.0, 0.02461978404713738, 0.023035932332134326, 0.0, 0.01810411441758469, 0.019475684550399986, 0.0, 0.0, 0.01089208668844536, 0.00476393156717078)",1
2519,10,4,11,"(0.0, 0.0, 0.09864539577037362, 0.016845088034872863, 0.0, 0.030645849071221472, 0.16773790467281977, 0.08028238650273146, 0.026121609841380632, 0.0)",2
2520,10,4,11,"(0.0, 0.0, 0.0943644423777591, 0.01650583712158267, 0.0, 0.030645849071221472, 0.16773790467281977, 0.08028238650273146, 0.026121609841380632, 0.0)",2
2521,10,4,11,"(0.0, 0.0, 0.09864539577037362, 0.00929801028439768, 0.0, 0.030645849071221472, 0.16773790467281977, 0.08028238650273146, 0.017579589817086686, 0.0)",2
2522,10,4,11,"(0.0, 0.0, 0.05392939960924857, 0.01650583712158267, 0.0, 0.030645849071221472, 0.08153022673827125, 0.07240876560513207, 0.026121609841380632, 0.0)",5
2523,10,4,11,"(0.0, 0.0, 0.09864539577037362, 0.016529264424256777, 0.0, 0.030645849071221472, 0.3461014023315019, 0.08028238650273146, 0.017579589817086686, 0.0)",1
2524,10,4,11,"(0.0, 0.0, 0.05029781546400574, 0.01650583712158267, 0.0, 0.030645849071221472, 0.08153022673827125, 0.07240876560513207, 0.026121609841380632, 0.0)",4
2525,10,4,11,"(0.0, 0.0, 0.09864539577037362, 0.01650583712158267, 0.0, 0.030645849071221472, 0.08153022673827125, 0.07240876560513207, 0.034580376960881, 0.0)",1
2526,10,4,11,"(0.0, 0.0, 0.09864539577037362, 0.01650583712158267, 0.0, 0.030645849071221472, 0.08153022673827125, 0.07240876560513207, 0.026121609841380632, 0.0)",259
2527,10,4,11,"(0.0, 0.0, 0.09864539577037362, 0.01650583712158267, 0.0, 0.030645849071221472, 0.08153022673827125, 0.07240876560513207, 0.03404097048034929, 0.0)",3
2528,10,4,11,"(0.0, 0.0, 0.09864539577037362, 0.01650583712158267, 0.0, 0.030645849071221472, 0.16773790467281977, 0.08028238650273146, 0.026121609841380632, 0.0)",178
2529,10,4,11,"(0.0, 0.0, 0.09864539577037362, 0.012430996331701125, 0.0, 0.030645849071221472, 0.16773790467281977, 0.08028238650273146, 0.017579589817086686, 0.0)",2
2530,10,4,11,"(0.0, 0.0, 0.09864539577037362, 0.01650583712158267, 0.0, 0.01878555137782589, 0.16773790467281977, 0.08028238650273146, 0.026121609841380632, 0.0)",1
2531,10,4,11,"(0.0, 0.0, 0.12323052122040382, 0.01650583712158267, 0.0, 0.030645849071221472, 0.16773790467281977, 0.08028238650273146, 0.026121609841380632, 0.0)",1
2532,10,4,11,"(0.0, 0.0, 0.09864539577037362, 0.01650583712158267, 0.0, 0.04552740288044933, 0.16773790467281977, 0.08028238650273146, 0.026121609841380632, 0.0)",1
2533,10,4,11,"(0.0, 0.0, 0.09864539577037362, 0.013391547198180274, 0.0, 0.030645849071221472, 0.16773790467281977, 0.08028238650273146, 0.017579589817086686, 0.0)",3
2534,10,4,11,"(0.0, 0.0, 0.09864539577037362, 0.016529264424256777, 0.0, 0.030645849071221472, 0.16773790467281977, 0.08028238650273146, 0.017579589817086686, 0.0)",123
2535,10,5,0,"(0.07400250769571483, 0.0, 0.0, 0.0, 0.0, 0.06488493461148054, 0.08380840797570269, 0.05015325966666236, 0.0, 0.0)",2
2536,10,5,0,"(0.07400250769571483, 0.0, 0.0, 0.0, 0.0, 0.01759199169444947, 0.10082294420673965, 0.0691048466035698, 0.0, 0.0)",58
2537,10,5,0,"(0.11539782257838062, 0.0, 0.0, 0.0, 0.0, 0.038664151314593, 0.08380840797570269, 0.05015325966666236, 0.0, 0.0)",3
2538,10,5,0,"(0.07400250769571483, 0.0, 0.0, 0.0, 0.0, 0.038664151314593, 0.08380840797570269, 0.03658210003318495, 0.0, 0.0)",1
2539,10,5,0,"(0.07400250769571483, 0.0, 0.0, 0.0, 0.0, 0.04207509992314259, 0.08380840797570269, 0.05015325966666236, 0.0, 0.0)",1
2540,10,5,0,"(0.07619484301156584, 0.0, 0.0, 0.0, 0.0, 0.04066718059806039, 0.08380840797570269, 0.05015325966666236, 0.0, 0.0)",1
2541,10,5,0,"(0.07400250769571483, 0.0, 0.0, 0.0, 0.0, 0.038664151314593, 0.08380840797570269, 0.05015325966666236, 0.0, 0.0)",206
2542,10,5,0,"(0.07400250769571483, 0.0, 0.0, 0.0, 0.0, 0.01759199169444947, 0.10082294420673965, 0.07345087861399663, 0.0, 0.0)",2
2543,10,5,0,"(0.07400250769571483, 0.0, 0.0, 0.0, 0.0, 0.049362736847063104, 0.08380840797570269, 0.05015325966666236, 0.0, 0.0)",1
2544,10,5,6,"(0.03426039533065134, 0.0076316473243288, 0.0, 0.030181603934096246, 0.009573399378115863, 0.0, 0.019795240631728064, 0.0, 0.028146417112716555, 0.05874522297052942)",1
2545,10,5,6,"(0.03426039533065134, 0.011572197494497125, 0.0, 0.030181603934096246, 0.005422768956954101, 0.0, 0.019795240631728064, 0.0, 0.01407243738619432, 0.05874522297052942)",1
2546,10,5,6,"(0.03742667953824495, 0.011572197494497125, 0.0, 0.030181603934096246, 0.0037439945265787936, 0.0, 0.019795240631728064, 0.0, 0.028146417112716555, 0.05874522297052942)",2
2547,10,5,6,"(0.03426039533065134, 0.011572197494497125, 0.0, 0.030181603934096246, 0.005422768956954101, 0.0, 0.019795240631728064, 0.0, 0.028146417112716555, 0.05874522297052942)",326
2548,10,6,0,"(0.06678556955545355, 0.0, 0.0, 0.0, 0.0, 0.017098731129875016, 0.08380840797570269, 0.0691048466035698, 0.0, 0.0)",2
2549,10,6,0,"(0.07400250769571483, 0.0, 0.0, 0.0, 0.0, 0.017098731129875016, 0.08380840797570269, 0.10117084919705972, 0.0, 0.0)",51
2550,10,6,0,"(0.07400250769571483, 0.0, 0.0, 0.0, 0.0, 0.017098731129875016, 0.08380840797570269, 0.0929976363835996, 0.0, 0.0)",2
2551,10,6,0,"(0.07400250769571483, 0.0, 0.0, 0.0, 0.0, 0.016284250433047903, 0.08380840797570269, 0.05887991048654, 0.0, 0.0)",6
2552,10,6,0,"(0.07400250769571483, 0.0, 0.0, 0.0, 0.0, 0.017098731129875016, 0.08380840797570269, 0.08472315091808406, 0.0, 0.0)",1
2553,10,6,0,"(0.07400250769571483, 0.0, 0.0, 0.0, 0.0, 0.017098731129875016, 0.08380840797570269, 0.0691048466035698, 0.0, 0.0)",152
2554,10,6,0,"(0.07400250769571483, 0.0, 0.0, 0.0, 0.0, 0.017098731129875016, 0.08380840797570269, 0.09235336157311864, 0.0, 0.0)",12
2555,10,6,0,"(0.07400250769571483, 0.0, 0.0, 0.0, 0.0, 0.017098731129875016, 0.19003328931475086, 0.09235336157311864, 0.0, 0.0)",1
2556,10,7,13,"(0.0, 0.02461978404713738, 0.023035932332134326, 0.0, 0.01810411441758469, 0.022173256981297827, 0.0, 0.0, 0.01089208668844536, 0.0025530370046538027)",1
2557,10,7,13,"(0.0, 0.02461978404713738, 0.023035932332134326, 0.0, 0.01810411441758469, 0.022173256981297827, 0.0, 0.0, 0.01089208668844536, 0.002243048535540496)",12
2558,10,7,13,"(0.0, 0.02461978404713738, 0.03540228470776121, 0.0, 0.022992242705193944, 0.041198357271549066, 0.0, 0.0, 0.01089208668844536, 0.004973863649504035)",27
2559,10,7,13,"(0.0, 0.02461978404713738, 0.023035932332134326, 0.0, 0.022992242705193944, 0.022173256981297827, 0.0, 0.0, 0.01089208668844536, 0.00804995879970782)",72
2560,10,7,13,"(0.0, 0.02461978404713738, 0.023035932332134326, 0.0, 0.022992242705193944, 0.022173256981297827, 0.0, 0.0, 0.0105516705054752, 0.00804995879970782)",1
2561,10,7,13,"(0.0, 0.02461978404713738, 0.023035932332134326, 0.0, 0.022992242705193944, 0.022173256981297827, 0.0, 0.0, 0.01089208668844536, 0.005894721159561289)",1
2562,10,7,13,"(0.0, 0.02461978404713738, 0.023035932332134326, 0.0, 0.01810411441758469, 0.022173256981297827, 0.0, 0.0, 0.01089208668844536, 0.00476393156717078)",81
2563,10,7,13,"(0.0, 0.02461978404713738, 0.022351381834788246, 0.0, 0.01810411441758469, 0.022173256981297827, 0.0, 0.0, 0.01089208668844536, 0.00476393156717078)",1
2564,10,8,6,"(0.03656180599521727, 0.02407295042610242, 0.0, 0.030181603934096246, 0.005422768956954101, 0.0, 0.04671303782870836, 0.0, 0.028146417112716555, 0.05874522297052942)",1
2565,10,8,6,"(0.03656180599521727, 0.011572197494497125, 0.0, 0.030181603934096246, 0.005422768956954101, 0.0, 0.019795240631728064, 0.0, 0.028146417112716555, 0.05874522297052942)",54
2566,10,8,6,"(0.03426039533065134, 0.012795216333333491, 0.0, 0.030181603934096246, 0.005422768956954101, 0.0, 0.019795240631728064, 0.0, 0.028146417112716555, 0.05874522297052942)",8
2567,10,8,11,"(0.0, 0.0, 0.09864539577037362, 0.01650583712158267, 0.0, 0.031211978481304123, 0.13855135743719746, 0.08028238650273146, 0.01743495345392101, 0.0)",2
2568,10,8,11,"(0.0, 0.0, 0.09864539577037362, 0.01650583712158267, 0.0, 0.02904244486471208, 0.13855135743719746, 0.08028238650273146, 0.026121609841380632, 0.0)",1
2569,10,8,11,"(0.0, 0.0, 0.09864539577037362, 0.01351869473151084, 0.0, 0.030645849071221472, 0.16773790467281977, 0.05487587528261972, 0.026121609841380632, 0.0)",1
2570,10,8,11,"(0.0, 0.0, 0.09864539577037362, 0.011217158752609629, 0.0, 0.030645849071221472, 0.1291605000567265, 0.05487587528261972, 0.026121609841380632, 0.0)",1
2571,10,8,11,"(0.0, 0.0, 0.09864539577037362, 0.01650583712158267, 0.0, 0.030645849071221472, 0.16773790467281977, 0.08028238650273146, 0.026121609841380632, 0.0)",40
2572,10,8,11,"(0.0, 0.0, 0.09864539577037362, 0.01650583712158267, 0.0, 0.030645849071221472, 0.16163883741198332, 0.05487587528261972, 0.026121609841380632, 0.0)",2
2573,10,8,11,"(0.0, 0.0, 0.09864539577037362, 0.01650583712158267, 0.0, 0.030645849071221472, 0.16773790467281977, 0.05487587528261972, 0.026121609841380632, 0.0)",163
2574,10,8,11,"(0.0, 0.0, 0.09864539577037362, 0.008858530903713073, 0.0, 0.031211978481304123, 0.13855135743719746, 0.08028238650273146, 0.0698801557254341, 0.0)",1
2575,10,8,11,"(0.0, 0.0, 0.08853393553385144, 0.01650583712158267, 0.0, 0.08444073951355738, 0.16773790467281977, 0.05487587528261972, 0.026121609841380632, 0.0)",1
2576,10,8,11,"(0.0, 0.0, 0.09864539577037362, 0.01650583712158267, 0.0, 0.031211978481304123, 0.13855135743719746, 0.08028238650273146, 0.026121609841380632, 0.0)",243
2577,10,8,11,"(0.0, 0.0, 0.09864539577037362, 0.013118664981873428, 0.0, 0.031211978481304123, 0.13855135743719746, 0.08028238650273146, 0.026121609841380632, 0.0)",21
2578,10,8,11,"(0.0, 0.0, 0.1255370766095499, 0.01650583712158267, 0.0, 0.030645849071221472, 0.16773790467281977, 0.05487587528261972, 0.026121609841380632, 0.0)",2
2579,10,8,11,"(0.0, 0.0, 0.09864539577037362, 0.01650583712158267, 0.0, 0.04192167593809956, 0.16773790467281977, 0.05487587528261972, 0.026121609841380632, 0.0)",2
2580,10,9,11,"(0.0, 0.0, 0.09864539577037362, 0.01650583712158267, 0.0, 0.028683297335179835, 0.16243652964526273, 0.08028238650273146, 0.026121609841380632, 0.0)",1
2581,10,9,11,"(0.0, 0.0, 0.11755819882518005, 0.01650583712158267, 0.0, 0.02375279233445006, 0.16773790467281977, 0.08028238650273146, 0.026121609841380632, 0.0)",159
2582,10,9,11,"(0.0, 0.0, 0.09864539577037362, 0.01650583712158267, 0.0, 0.030645849071221472, 0.16773790467281977, 0.08028238650273146, 0.026121609841380632, 0.0)",97
2583,10,9,11,"(0.0, 0.0, 0.13910149614289422, 0.01650583712158267, 0.0, 0.03476993645604303, 0.16243652964526273, 0.08028238650273146, 0.026121609841380632, 0.0)",1
2584,10,9,11,"(0.0, 0.0, 0.11755819882518005, 0.01650583712158267, 0.0, 0.02375279233445006, 0.08805519334207407, 0.08028238650273146, 0.026121609841380632, 0.0)",7
2585,10,9,11,"(0.0, 0.0, 0.11755819882518005, 0.01650583712158267, 0.0, 0.02375279233445006, 0.16773790467281977, 0.11859384567879755, 0.038320232228930946, 0.0)",1
2586,10,9,11,"(0.0, 0.0, 0.09864539577037362, 0.01650583712158267, 0.0, 0.030645849071221472, 0.16243652964526273, 0.08028238650273146, 0.026121609841380632, 0.0)",260
2587,10,9,11,"(0.0, 0.0, 0.11755819882518005, 0.01650583712158267, 0.0, 0.019610838897996096, 0.16773790467281977, 0.08028238650273146, 0.026121609841380632, 0.0)",1
2588,10,10,13,"(0.0, 0.02461978404713738, 0.023035932332134326, 0.0, 0.01810411441758469, 0.02957078744889189, 0.0, 0.0, 0.01089208668844536, 0.004174949289148132)",1
2589,10,10,13,"(0.0, 0.02461978404713738, 0.023035932332134326, 0.0, 0.01810411441758469, 0.022173256981297827, 0.0, 0.0, 0.012669655397429015, 0.00476393156717078)",3
2590,10,10,13,"(0.0, 0.02461978404713738, 0.023035932332134326, 0.0, 0.01810411441758469, 0.022173256981297827, 0.0, 0.0, 0.007183602185902746, 0.00476393156717078)",1
2591,10,10,13,"(0.0, 0.02461978404713738, 0.023035932332134326, 0.0, 0.021834797897109345, 0.01935723482702336, 0.0, 0.0, 0.01089208668844536, 0.00476393156717078)",2
2592,10,10,13,"(0.0, 0.02461978404713738, 0.023035932332134326, 0.0, 0.01810411441758469, 0.022173256981297827, 0.0, 0.0, 0.01089208668844536, 0.00476393156717078)",383
2593,10,10,13,"(0.0, 0.02461978404713738, 0.024743095267274338, 0.0, 0.01810411441758469, 0.022173256981297827, 0.0, 0.0, 0.01089208668844536, 0.00476393156717078)",1
2594,10,10,13,"(0.0, 0.024547045492292724, 0.023035932332134326, 0.0, 0.01810411441758469, 0.022173256981297827, 0.0, 0.0, 0.01089208668844536, 0.00476393156717078)",1
2595,10,10,13,"(0.0, 0.029530312463452963, 0.023035932332134326, 0.0, 0.01810411441758469, 0.022173256981297827, 0.0, 0.0, 0.01089208668844536, 0.00476393156717078)",3
2596,10,10,13,"(0.0, 0.02461978404713738, 0.019466140506795508, 0.0, 0.01810411441758469, 0.022173256981297827, 0.0, 0.0, 0.01089208668844536, 0.00476393156717078)",1
2597,10,10,13,"(0.0, 0.02461978404713738, 0.023035932332134326, 0.0, 0.026890824251463157, 0.011407524922889269, 0.0, 0.0, 0.01089208668844536, 0.0028644695364478663)",1
2598,10,10,13,"(0.0, 0.02461978404713738, 0.023035932332134326, 0.0, 0.01810411441758469, 0.022173256981297827, 0.0, 0.0, 0.008441436964531649, 0.00476393156717078)",1
2599,10,10,13,"(0.0, 0.05381776558481716, 0.023035932332134326, 0.0, 0.01810411441758469, 0.023838526363219432, 0.0, 0.0, 0.00936631986504952, 0.00476393156717078)",1
2600,10,11,13,"(0.0, 0.02461978404713738, 0.023035932332134326, 0.0, 0.02171784398747639, 0.022173256981297827, 0.0, 0.0, 0.01089208668844536, 0.004027744924307085)",1
2601,10,11,13,"(0.0, 0.02461978404713738, 0.021064217096603187, 0.0, 0.01810411441758469, 0.022173256981297827, 0.0, 0.0, 0.01089208668844536, 0.00476393156717078)",2
2602,10,11,13,"(0.0, 0.02461978404713738, 0.023035932332134326, 0.0, 0.02007185051871476, 0.022173256981297827, 0.0, 0.0, 0.012161033599206271, 0.004436641746586963)",1
2603,10,11,13,"(0.0, 0.02461978404713738, 0.023035932332134326, 0.0, 0.008373950799482577, 0.022173256981297827, 0.0, 0.0, 0.01089208668844536, 0.004436641746586963)",2
2604,10,11,13,"(0.0, 0.02461978404713738, 0.023035932332134326, 0.0, 0.01810411441758469, 0.022173256981297827, 0.0, 0.0, 0.01089208668844536, 0.00476393156717078)",146
2605,10,11,13,"(0.0, 0.02461978404713738, 0.023035932332134326, 0.0, 0.016973567656639824, 0.022173256981297827, 0.0, 0.0, 0.01089208668844536, 0.004436641746586963)",182
2606,10,11,13,"(0.0, 0.02461978404713738, 0.023035932332134326, 0.0, 0.01810411441758469, 0.03420087526882298, 0.0, 0.0, 0.01089208668844536, 0.00476393156717078)",1
2607,10,11,13,"(0.0, 0.025012183572431856, 0.023035932332134326, 0.0, 0.016973567656639824, 0.022173256981297827, 0.0, 0.0, 0.01089208668844536, 0.004436641746586963)",1
2608,10,12,8,"(0.19235562551390653, 0.046525949225991035, 0.0, 0.0, 0.07022106556493442, 0.0, 0.14055113368239983, 0.1116381245929446, 0.0, 0.0)",1
2609,10,12,8,"(0.19235562551390653, 0.046525949225991035, 0.0, 0.0, 0.07022106556493442, 0.0, 0.08319516954615302, 0.07214430196802572, 0.0, 0.0)",2
2610,10,12,8,"(0.19235562551390653, 0.046525949225991035, 0.0, 0.0, 0.07022106556493442, 0.0, 0.08319516954615302, 0.1116381245929446, 0.0, 0.0)",290
2611,10,12,8,"(0.19235562551390653, 0.046525949225991035, 0.0, 0.0, 0.07022106556493442, 0.0, 0.05889522956566786, 0.1116381245929446, 0.0, 0.0)",1
2612,10,12,8,"(0.19235562551390653, 0.06941927495660374, 0.0, 0.0, 0.05104219669219059, 0.0, 0.08319516954615302, 0.1116381245929446, 0.0, 0.0)",1
2613,10,12,10,"(0.14760844378952648, 0.06927916245295945, 0.09682940930282144, 0.0017773360538905325, 0.0, 0.06291875767155253, 0.0, 0.10994488928074131, 0.0, 0.0)",70
2614,10,12,10,"(0.07734904686468291, 0.06927916245295945, 0.09682940930282144, 0.0014957839428095248, 0.0, 0.06291875767155253, 0.0, 0.05513816027675544, 0.0, 0.0)",23
2615,10,12,10,"(0.14760844378952648, 0.09440177793361708, 0.09682940930282144, 0.0017773360538905325, 0.0, 0.06291875767155253, 0.0, 0.2348468304125714, 0.0, 0.0)",2
2616,10,12,10,"(0.04412391642957352, 0.0662451837021209, 0.09682940930282144, 0.0017773360538905325, 0.0, 0.06291875767155253, 0.0, 0.10994488928074131, 0.0, 0.0)",3
2617,10,12,10,"(0.07734904686468291, 0.06927916245295945, 0.07589379416796065, 0.0014957839428095248, 0.0, 0.06291875767155253, 0.0, 0.05513816027675544, 0.0, 0.0)",1
2618,10,12,10,"(0.14760844378952648, 0.1357122448738283, 0.09682940930282144, 0.0017773360538905325, 0.0, 0.06291875767155253, 0.0, 0.17354594576428983, 0.0, 0.0)",1
2619,10,12,10,"(0.07734904686468291, 0.06927916245295945, 0.09682940930282144, 0.0017773360538905325, 0.0, 0.06291875767155253, 0.0, 0.10994488928074131, 0.0, 0.0)",143
2620,10,13,6,"(0.03426039533065134, 0.011572197494497125, 0.0, 0.030181603934096246, 0.005422768956954101, 0.0, 0.019795240631728064, 0.0, 0.028146417112716555, 0.029986440602190162)",1
2621,10,13,6,"(0.03426039533065134, 0.010868392810074207, 0.0, 0.030181603934096246, 0.005422768956954101, 0.0, 0.019795240631728064, 0.0, 0.028146417112716555, 0.05874522297052942)",3
2622,10,13,6,"(0.03426039533065134, 0.011572197494497125, 0.0, 0.030181603934096246, 0.005422768956954101, 0.0, 0.019795240631728064, 0.0, 0.028146417112716555, 0.05874522297052942)",175
2623,10,13,6,"(0.03426039533065134, 0.009193224027176804, 0.0, 0.019854915084672103, 0.005422768956954101, 0.0, 0.019795240631728064, 0.0, 0.028146417112716555, 0.05874522297052942)",1
2624,10,13,14,"(0.0, 0.017248724174617657, 0.0, 0.0, 0.0, 0.0, 0.1096916615896246, 0.07719559195296748, 0.03621416498310447, 0.0)",1
2625,10,13,14,"(0.0, 0.017248724174617657, 0.0, 0.0, 0.0, 0.0, 0.12529914157890795, 0.07767452920048755, 0.03621416498310447, 0.0)",6
2626,10,13,14,"(0.0, 0.017248724174617657, 0.0, 0.0, 0.0, 0.0, 0.1096916615896246, 0.07767452920048755, 0.03621416498310447, 0.0)",13
2627,10,13,14,"(0.0, 0.030519242052241824, 0.0, 0.0, 0.0, 0.0, 0.1096916615896246, 0.06438507351639637, 0.03621416498310447, 0.0)",6
2628,10,13,14,"(0.0, 0.017248724174617657, 0.0, 0.0, 0.0, 0.0, 0.1096916615896246, 0.07609886892949795, 0.03621416498310447, 0.0)",187
2629,10,13,14,"(0.0, 0.014236357110604177, 0.0, 0.0, 0.0, 0.0, 0.1096916615896246, 0.07609886892949795, 0.03621416498310447, 0.0)",3
2630,10,14,11,"(0.0, 0.0, 0.09864539577037362, 0.01650583712158267, 0.0, 0.030645849071221472, 0.16773790467281977, 0.08028238650273146, 0.026121609841380632, 0.0)",90
2631,10,14,13,"(0.0, 0.02461978404713738, 0.023035932332134326, 0.0, 0.01810411441758469, 0.022173256981297827, 0.0, 0.0, 0.005848784038364463, 0.00476393156717078)",2
2632,10,14,13,"(0.0, 0.02461978404713738, 0.023035932332134326, 0.0, 0.018227588502139017, 0.022173256981297827, 0.0, 0.0, 0.01089208668844536, 0.00476393156717078)",1
2633,10,14,13,"(0.0, 0.02461978404713738, 0.023035932332134326, 0.0, 0.01810411441758469, 0.022173256981297827, 0.0, 0.0, 0.01089208668844536, 0.00476393156717078)",287
2634,10,14,13,"(0.0, 0.02461978404713738, 0.019902563082465158, 0.0, 0.019692796648754965, 0.022173256981297827, 0.0, 0.0, 0.01089208668844536, 0.00476393156717078)",1
2635,10,14,13,"(0.0, 0.02461978404713738, 0.03425566432696633, 0.0, 0.01810411441758469, 0.047557430003683364, 0.0, 0.0, 0.01089208668844536, 0.00476393156717078)",2
2636,10,14,13,"(0.0, 0.02461978404713738, 0.015661656217337, 0.0, 0.01810411441758469, 0.022173256981297827, 0.0, 0.0, 0.01089208668844536, 0.005098333664482357)",17
2637,10,14,13,"(0.0, 0.09093360240828827, 0.01715120789561998, 0.0, 0.01810411441758469, 0.022173256981297827, 0.0, 0.0, 0.01089208668844536, 0.00476393156717078)",1
2638,10,14,13,"(0.0, 0.02312228201889771, 0.023035932332134326, 0.0, 0.029287759050719522, 0.022173256981297827, 0.0, 0.0, 0.01089208668844536, 0.00476393156717078)",12
2639,10,14,13,"(0.0, 0.02461978404713738, 0.023035932332134326, 0.0, 0.01810411441758469, 0.015659783799133877, 0.0, 0.0, 0.01089208668844536, 0.00476393156717078)",1
2640,10,14,13,"(0.0, 0.02461978404713738, 0.028382750472943176, 0.0, 0.01810411441758469, 0.022173256981297827, 0.0, 0.0, 0.01089208668844536, 0.005058510931354027)",2
2641,10,14,13,"(0.0, 0.02461978404713738, 0.023035932332134326, 0.0, 0.021541465906069774, 0.022173256981297827, 0.0, 0.0, 0.01089208668844536, 0.00476393156717078)",1
2642,10,14,13,"(0.0, 0.09093360240828827, 0.017840499170075606, 0.0, 0.01810411441758469, 0.022173256981297827, 0.0, 0.0, 0.01089208668844536, 0.00476393156717078)",6
2643,10,15,6,"(0.03426039533065134, 0.011572197494497125, 0.0, 0.030181603934096246, 0.005422768956954101, 0.0, 0.019795240631728064, 0.0, 0.028146417112716555, 0.05874522297052942)",164
2644,10,15,6,"(0.0314274953527086, 0.014522927828416084, 0.0, 0.030181603934096246, 0.005422768956954101, 0.0, 0.019795240631728064, 0.0, 0.028146417112716555, 0.05874522297052942)",4
2645,10,15,6,"(0.03426039533065134, 0.011572197494497125, 0.0, 0.030181603934096246, 0.004562251024039857, 0.0, 0.019795240631728064, 0.0, 0.028146417112716555, 0.05874522297052942)",4
2646,10,15,6,"(0.03426039533065134, 0.009478463644174106, 0.0, 0.030181603934096246, 0.005422768956954101, 0.0, 0.019795240631728064, 0.0, 0.028146417112716555, 0.05874522297052942)",3
2647,10,15,6,"(0.03426039533065134, 0.011572197494497125, 0.0, 0.030181603934096246, 0.005422768956954101, 0.0, 0.019795240631728064, 0.0, 0.028146417112716555, 0.06222407640790688)",1
2648,10,15,11,"(0.0, 0.0, 0.09864539577037362, 0.01650583712158267, 0.0, 0.030645849071221472, 0.13049626713566656, 0.15839621410084548, 0.026121609841380632, 0.0)",2
2649,10,15,11,"(0.0, 0.0, 0.09864539577037362, 0.01650583712158267, 0.0, 0.030645849071221472, 0.13049626713566656, 0.10464859494020542, 0.011737478914909427, 0.0)",21
2650,10,15,11,"(0.0, 0.0, 0.0872775676560674, 0.01650583712158267, 0.0, 0.030645849071221472, 0.13049626713566656, 0.08028238650273146, 0.026121609841380632, 0.0)",3
2651,10,15,11,"(0.0, 0.0, 0.06330441859214987, 0.01650583712158267, 0.0, 0.030645849071221472, 0.13049626713566656, 0.08028238650273146, 0.026121609841380632, 0.0)",1
2652,10,15,11,"(0.0, 0.0, 0.09864539577037362, 0.01650583712158267, 0.0, 0.030645849071221472, 0.13049626713566656, 0.08028238650273146, 0.026121609841380632, 0.0)",249
2653,10,15,11,"(0.0, 0.0, 0.09864539577037362, 0.011512862082763947, 0.0, 0.030645849071221472, 0.13049626713566656, 0.08028238650273146, 0.026121609841380632, 0.0)",1
2654,10,15,11,"(0.0, 0.0, 0.11839367174953695, 0.01650583712158267, 0.0, 0.030645849071221472, 0.16773790467281977, 0.0404147798164449, 0.026121609841380632, 0.0)",82
2655,10,16,1,"(0.0, 0.0, 0.041406372128065916, 0.0, 0.0, 0.0199117526153351, 0.0, 0.0, 0.0, 0.07821574934252112)",1
2656,10,16,1,"(0.0, 0.0, 0.041406372128065916, 0.0, 0.0, 0.0199117526153351, 0.0, 0.0, 0.0, 0.05221282198398682)",1
2657,10,16,1,"(0.0, 0.0, 0.041406372128065916, 0.0, 0.0, 0.023387006682596138, 0.0, 0.0, 0.0, 0.09965925051150999)",3
2658,10,16,1,"(0.0, 0.0, 0.028025784358833367, 0.0, 0.0, 0.0199117526153351, 0.0, 0.0, 0.0, 0.09965925051150999)",1
2659,10,16,1,"(0.0, 0.0, 0.1390636732398755, 0.0, 0.0, 0.0223463089564177, 0.0, 0.0, 0.0, 0.09965925051150999)",4
2660,10,16,1,"(0.0, 0.0, 0.041406372128065916, 0.0, 0.0, 0.0199117526153351, 0.0, 0.0, 0.0, 0.13671742183486926)",1
2661,10,16,1,"(0.0, 0.0, 0.041406372128065916, 0.0, 0.0, 0.0199117526153351, 0.0, 0.0, 0.0, 0.09965925051150999)",751
2662,10,16,1,"(0.0, 0.0, 0.06377262796936367, 0.0, 0.0, 0.0199117526153351, 0.0, 0.0, 0.0, 0.09965925051150999)",1
2663,10,16,1,"(0.0, 0.0, 0.10922905711608999, 0.0, 0.0, 0.07577624578880941, 0.0, 0.0, 0.0, 0.09965925051150999)",8
2664,10,16,1,"(0.0, 0.0, 0.050375068255295904, 0.0, 0.0, 0.0199117526153351, 0.0, 0.0, 0.0, 0.09965925051150999)",1
2665,10,16,1,"(0.0, 0.0, 0.032525668192537535, 0.0, 0.0, 0.0199117526153351, 0.0, 0.0, 0.0, 0.09965925051150999)",1
2666,10,16,1,"(0.0, 0.0, 0.032540225953846265, 0.0, 0.0, 0.0199117526153351, 0.0, 0.0, 0.0, 0.09965925051150999)",2
2667,10,16,1,"(0.0, 0.0, 0.041406372128065916, 0.0, 0.0, 0.0199117526153351, 0.0, 0.0, 0.0, 0.13831428380694646)",1
2668,10,16,8,"(0.19235562551390653, 0.046525949225991035, 0.0, 0.0, 0.045919200569484064, 0.0, 0.08319516954615302, 0.1116381245929446, 0.0, 0.0)",3
2669,10,16,8,"(0.16507889091742442, 0.046525949225991035, 0.0, 0.0, 0.07022106556493442, 0.0, 0.08319516954615302, 0.1116381245929446, 0.0, 0.0)",21
2670,10,16,8,"(0.19235562551390653, 0.046525949225991035, 0.0, 0.0, 0.07022106556493442, 0.0, 0.08319516954615302, 0.1116381245929446, 0.0, 0.0)",205
2671,10,16,8,"(0.19235562551390653, 0.04334546018249462, 0.0, 0.0, 0.07022106556493442, 0.0, 0.08319516954615302, 0.1116381245929446, 0.0, 0.0)",10
2672,10,17,1,"(0.0, 0.0, 0.17046829371282626, 0.0, 0.0, 0.030018978917809972, 0.0, 0.0, 0.0, 0.0910060267578522)",1
2673,10,17,1,"(0.0, 0.0, 0.1479881891417155, 0.0, 0.0, 0.030018978917809972, 0.0, 0.0, 0.0, 0.0910060267578522)",2
2674,10,17,1,"(0.0, 0.0, 0.08015435613360468, 0.0, 0.0, 0.030018978917809972, 0.0, 0.0, 0.0, 0.0910060267578522)",1
2675,10,17,1,"(0.0, 0.0, 0.1274828902255687, 0.0, 0.0, 0.030018978917809972, 0.0, 0.0, 0.0, 0.0910060267578522)",1
2676,10,17,1,"(0.0, 0.0, 0.09036324571703964, 0.0, 0.0, 0.030018978917809972, 0.0, 0.0, 0.0, 0.16527239364485036)",1
2677,10,17,1,"(0.0, 0.0, 0.10922905711608999, 0.0, 0.0, 0.030018978917809972, 0.0, 0.0, 0.0, 0.09075655947112454)",1
2678,10,17,1,"(0.0, 0.0, 0.13990380189201962, 0.0, 0.0, 0.030018978917809972, 0.0, 0.0, 0.0, 0.0910060267578522)",3
2679,10,17,1,"(0.0, 0.0, 0.10922905711608999, 0.0, 0.0, 0.030018978917809972, 0.0, 0.0, 0.0, 0.1894694293019125)",1
2680,10,17,1,"(0.0, 0.0, 0.10922905711608999, 0.0, 0.0, 0.07577624578880941, 0.0, 0.0, 0.0, 0.09965925051150999)",98
2681,10,17,1,"(0.0, 0.0, 0.10922905711608999, 0.0, 0.0, 0.030018978917809972, 0.0, 0.0, 0.0, 0.0910060267578522)",528
2682,10,17,8,"(0.26620606358974924, 0.04632028014141928, 0.0, 0.0, 0.07022106556493442, 0.0, 0.04973087350685583, 0.11077183438388523, 0.0, 0.0)",1
2683,10,17,8,"(0.19235562551390653, 0.046525949225991035, 0.0, 0.0, 0.07022106556493442, 0.0, 0.08319516954615302, 0.1116381245929446, 0.0, 0.0)",110
2684,10,17,8,"(0.3616701791667111, 0.046525949225991035, 0.0, 0.0, 0.07022106556493442, 0.0, 0.08319516954615302, 0.1116381245929446, 0.0, 0.0)",2
2685,10,17,8,"(0.19235562551390653, 0.04632028014141928, 0.0, 0.0, 0.07022106556493442, 0.0, 0.08319516954615302, 0.1116381245929446, 0.0, 0.0)",135
2686,10,18,1,"(0.0, 0.0, 0.10206150280306321, 0.0, 0.0, 0.07577624578880941, 0.0, 0.0, 0.0, 0.09965925051150999)",11
2687,10,18,10,"(0.07734904686468291, 0.06927916245295945, 0.09682940930282144, 0.0017773360538905325, 0.0, 0.06291875767155253, 0.0, 0.10994488928074131, 0.0, 0.0)",146
2688,10,18,10,"(0.06773947868529206, 0.06927916245295945, 0.09682940930282144, 0.0017773360538905325, 0.0, 0.06291875767155253, 0.0, 0.10994488928074131, 0.0, 0.0)",1
2689,10,18,10,"(0.07734904686468291, 0.08464166216675782, 0.09943240365545393, 0.0017773360538905325, 0.0, 0.06291875767155253, 0.0, 0.10994488928074131, 0.0, 0.0)",13
2690,10,18,11,"(0.0, 0.0, 0.09864539577037362, 0.01650583712158267, 0.0, 0.03150275214907511, 0.13038533056739307, 0.08028238650273146, 0.026121609841380632, 0.0)",246
2691,10,18,11,"(0.0, 0.0, 0.09864539577037362, 0.01650583712158267, 0.0, 0.03150275214907511, 0.21566296664245216, 0.08028238650273146, 0.026121609841380632, 0.0)",8
2692,10,18,11,"(0.0, 0.0, 0.09864539577037362, 0.01650583712158267, 0.0, 0.030645849071221472, 0.16773790467281977, 0.08028238650273146, 0.026121609841380632, 0.0)",271
2693,10,18,11,"(0.0, 0.0, 0.09864539577037362, 0.01650583712158267, 0.0, 0.030645849071221472, 0.16773790467281977, 0.08028238650273146, 0.02873308956446372, 0.0)",27
2694,10,18,11,"(0.0, 0.0, 0.11289651686138644, 0.01650583712158267, 0.0, 0.030645849071221472, 0.16773790467281977, 0.08028238650273146, 0.026121609841380632, 0.0)",1
2695,10,18,11,"(0.0, 0.0, 0.09864539577037362, 0.014794654173556413, 0.0, 0.03210927931057203, 0.13038533056739307, 0.11662000779281768, 0.026121609841380632, 0.0)",2
2696,10,19,0,"(0.08812690653626852, 0.0, 0.0, 0.0, 0.0, 0.017098731129875016, 0.08380840797570269, 0.0691048466035698, 0.0, 0.0)",1
2697,10,19,0,"(0.07400250769571483, 0.0, 0.0, 0.0, 0.0, 0.017098731129875016, 0.08380840797570269, 0.0691048466035698, 0.0, 0.0)",104
2698,10,19,0,"(0.07400250769571483, 0.0, 0.0, 0.0, 0.0, 0.017098731129875016, 0.08380840797570269, 0.07634860197585593, 0.0, 0.0)",1
2699,10,19,0,"(0.06090017819144396, 0.0, 0.0, 0.0, 0.0, 0.017098731129875016, 0.08380840797570269, 0.0691048466035698, 0.0, 0.0)",2
2700,10,19,0,"(0.07400250769571483, 0.0, 0.0, 0.0, 0.0, 0.017098731129875016, 0.08380840797570269, 0.06078237841546809, 0.0, 0.0)",1
2701,10,19,0,"(0.07400250769571483, 0.0, 0.0, 0.0, 0.0, 0.017098731129875016, 0.0822390023118805, 0.0691048466035698, 0.0, 0.0)",1
2702,10,19,13,"(0.0, 0.02461978404713738, 0.026945642047831408, 0.0, 0.01810411441758469, 0.022173256981297827, 0.0, 0.0, 0.01089208668844536, 0.00476393156717078)",1
2703,10,19,13,"(0.0, 0.02461978404713738, 0.023035932332134326, 0.0, 0.035607261506404066, 0.022173256981297827, 0.0, 0.0, 0.01089208668844536, 0.005507602594208098)",1
2704,10,19,13,"(0.0, 0.02461978404713738, 0.023035932332134326, 0.0, 0.01810411441758469, 0.022173256981297827, 0.0, 0.0, 0.01089208668844536, 0.003832291375331376)",1
2705,10,19,13,"(0.0, 0.02461978404713738, 0.02401393665675981, 0.0, 0.01810411441758469, 0.022173256981297827, 0.0, 0.0, 0.01089208668844536, 0.00476393156717078)",1
2706,10,19,13,"(0.0, 0.02461978404713738, 0.023035932332134326, 0.0, 0.01810411441758469, 0.022173256981297827, 0.0, 0.0, 0.01089208668844536, 0.00476393156717078)",297
2707,10,20,10,"(0.07734904686468291, 0.04461113186669496, 0.09682940930282144, 0.0017773360538905325, 0.0, 0.06291875767155253, 0.0, 0.13232774883783374, 0.0, 0.0)",1
2708,10,20,10,"(0.07734904686468291, 0.06927916245295945, 0.09636297510788583, 0.0017773360538905325, 0.0, 0.06291875767155253, 0.0, 0.10994488928074131, 0.0, 0.0)",34
2709,10,20,10,"(0.0925561494101099, 0.06927916245295945, 0.09682940930282144, 0.0017773360538905325, 0.0, 0.06291875767155253, 0.0, 0.10994488928074131, 0.0, 0.0)",2
2710,10,20,10,"(0.07734904686468291, 0.04461113186669496, 0.09682940930282144, 0.0017773360538905325, 0.0, 0.06291875767155253, 0.0, 0.10994488928074131, 0.0, 0.0)",4
2711,10,20,10,"(0.1003417702050046, 0.11613667949063976, 0.09682940930282144, 0.0017773360538905325, 0.0, 0.06291875767155253, 0.0, 0.13097330949158298, 0.0, 0.0)",1
2712,10,20,10,"(0.07734904686468291, 0.06927916245295945, 0.09682940930282144, 0.0017773360538905325, 0.0, 0.06291875767155253, 0.0, 0.10994488928074131, 0.0, 0.0)",136
2713,10,20,10,"(0.07734904686468291, 0.09735178406660672, 0.09682940930282144, 0.003467117943959323, 0.0, 0.06291875767155253, 0.0, 0.10994488928074131, 0.0, 0.0)",5
2714,10,20,11,"(0.0, 0.0, 0.09864539577037362, 0.01650583712158267, 0.0, 0.030645849071221472, 0.09252139805958623, 0.08028238650273146, 0.036485718580663774, 0.0)",40
2715,10,20,11,"(0.0, 0.0, 0.09864539577037362, 0.01650583712158267, 0.0, 0.030645849071221472, 0.09572491856946197, 0.08028238650273146, 0.036485718580663774, 0.0)",114
2716,10,20,11,"(0.0, 0.0, 0.08014159865348675, 0.01650583712158267, 0.0, 0.030645849071221472, 0.06497779709189778, 0.08028238650273146, 0.036485718580663774, 0.0)",1
2717,10,20,11,"(0.0, 0.0, 0.09864539577037362, 0.01650583712158267, 0.0, 0.030645849071221472, 0.09572491856946197, 0.08028238650273146, 0.08944276392011857, 0.0)",1
2718,10,20,11,"(0.0, 0.0, 0.08014159865348675, 0.01650583712158267, 0.0, 0.030645849071221472, 0.09572491856946197, 0.08028238650273146, 0.036485718580663774, 0.0)",357
2719,10,20,11,"(0.0, 0.0, 0.08014159865348675, 0.01650583712158267, 0.0, 0.030645849071221472, 0.09572491856946197, 0.08028238650273146, 0.03592393654890023, 0.0)",2
2720,10,20,11,"(0.0, 0.0, 0.09864539577037362, 0.01650583712158267, 0.0, 0.030645849071221472, 0.09572491856946197, 0.05920166328279081, 0.036485718580663774, 0.0)",2
2721,10,20,11,"(0.0, 0.0, 0.09864539577037362, 0.01650583712158267, 0.0, 0.030645849071221472, 0.09572491856946197, 0.08028238650273146, 0.04166870213961606, 0.0)",46
2722,10,20,11,"(0.0, 0.0, 0.09864539577037362, 0.01650583712158267, 0.0, 0.030645849071221472, 0.09572491856946197, 0.08028238650273146, 0.026095514190217727, 0.0)",1
2723,11,0,6,"(0.03426039533065134, 0.011572197494497125, 0.0, 0.029768187521723312, 0.005422768956954101, 0.0, 0.019795240631728064, 0.0, 0.028146417112716555, 0.05874522297052942)",1
2724,11,0,6,"(0.03426039533065134, 0.011572197494497125, 0.0, 0.030181603934096246, 0.005422768956954101, 0.0, 0.019795240631728064, 0.0, 0.028146417112716555, 0.05874522297052942)",162
2725,11,0,6,"(0.03426039533065134, 0.01725496225357851, 0.0, 0.030181603934096246, 0.005422768956954101, 0.0, 0.017147712351443536, 0.0, 0.028146417112716555, 0.05874522297052942)",19
2726,11,0,11,"(0.0, 0.0, 0.09864539577037362, 0.01650583712158267, 0.0, 0.028640972334076285, 0.16773790467281977, 0.08028238650273146, 0.014464008541976325, 0.0)",117
2727,11,0,11,"(0.0, 0.0, 0.09864539577037362, 0.01650583712158267, 0.0, 0.028640972334076285, 0.16773790467281977, 0.08660772534861123, 0.014464008541976325, 0.0)",1
2728,11,0,11,"(0.0, 0.0, 0.06200374261520503, 0.010654525538403636, 0.0, 0.030645849071221472, 0.16773790467281977, 0.08028238650273146, 0.026121609841380632, 0.0)",78
2729,11,0,11,"(0.0, 0.0, 0.056463716350970174, 0.01650583712158267, 0.0, 0.028640972334076285, 0.16773790467281977, 0.08028238650273146, 0.014464008541976325, 0.0)",2
2730,11,0,11,"(0.0, 0.0, 0.09864539577037362, 0.01650583712158267, 0.0, 0.030645849071221472, 0.16773790467281977, 0.08028238650273146, 0.026121609841380632, 0.0)",190
2731,11,1,6,"(0.03426039533065134, 0.011572197494497125, 0.0, 0.030181603934096246, 0.0033800098991230913, 0.0, 0.019795240631728064, 0.0, 0.01568640733148376, 0.05874522297052942)",1
2732,11,1,6,"(0.03426039533065134, 0.011572197494497125, 0.0, 0.030181603934096246, 0.005422768956954101, 0.0, 0.019795240631728064, 0.0, 0.030266468304650452, 0.05874522297052942)",2
2733,11,1,6,"(0.03426039533065134, 0.011572197494497125, 0.0, 0.030181603934096246, 0.005422768956954101, 0.0, 0.019795240631728064, 0.0, 0.028146417112716555, 0.05874522297052942)",198
2734,11,1,6,"(0.03426039533065134, 0.011572197494497125, 0.0, 0.030181603934096246, 0.005422768956954101, 0.0, 0.019795240631728064, 0.0, 0.028146417112716555, 0.16527987759123577)",2
2735,11,1,6,"(0.03426039533065134, 0.013575130938187088, 0.0, 0.015121697857516372, 0.005422768956954101, 0.0, 0.019795240631728064, 0.0, 0.028146417112716555, 0.05874522297052942)",3
2736,11,1,6,"(0.03426039533065134, 0.01188922690297938, 0.0, 0.024550740105937652, 0.005422768956954101, 0.0, 0.019795240631728064, 0.0, 0.028146417112716555, 0.05584308393441419)",1
2737,11,1,6,"(0.03426039533065134, 0.011572197494497125, 0.0, 0.030181603934096246, 0.005422768956954101, 0.0, 0.019795240631728064, 0.0, 0.028146417112716555, 0.0793542455086561)",2
2738,11,1,6,"(0.03426039533065134, 0.011572197494497125, 0.0, 0.030181603934096246, 0.0033800098991230913, 0.0, 0.019795240631728064, 0.0, 0.028146417112716555, 0.05874522297052942)",55
2739,11,1,6,"(0.03426039533065134, 0.011572197494497125, 0.0, 0.0463994251579654, 0.005422768956954101, 0.0, 0.019795240631728064, 0.0, 0.028146417112716555, 0.05874522297052942)",1
2740,11,1,6,"(0.03426039533065134, 0.011572197494497125, 0.0, 0.024550740105937652, 0.005422768956954101, 0.0, 0.019795240631728064, 0.0, 0.028146417112716555, 0.05584308393441419)",19
2741,11,1,8,"(0.19235562551390653, 0.06437588339388314, 0.0, 0.0, 0.07022106556493442, 0.0, 0.08319516954615302, 0.1116381245929446, 0.0, 0.0)",1
2742,11,1,8,"(0.19235562551390653, 0.046525949225991035, 0.0, 0.0, 0.07022106556493442, 0.0, 0.039124347102777825, 0.1116381245929446, 0.0, 0.0)",48
2743,11,1,8,"(0.19235562551390653, 0.03490916321734368, 0.0, 0.0, 0.04215158018896444, 0.0, 0.08319516954615302, 0.1116381245929446, 0.0, 0.0)",1
2744,11,1,8,"(0.19235562551390653, 0.046525949225991035, 0.0, 0.0, 0.07022106556493442, 0.0, 0.03494692042546826, 0.1116381245929446, 0.0, 0.0)",1
2745,11,1,8,"(0.19235562551390653, 0.046525949225991035, 0.0, 0.0, 0.07022106556493442, 0.0, 0.08319516954615302, 0.1116381245929446, 0.0, 0.0)",76
2746,11,1,8,"(0.19235562551390653, 0.046525949225991035, 0.0, 0.0, 0.07022106556493442, 0.0, 0.039124347102777825, 0.07226762921648046, 0.0, 0.0)",2
2747,11,2,13,"(0.0, 0.02461978404713738, 0.012488192435894057, 0.0, 0.01810411441758469, 0.023949863758157306, 0.0, 0.0, 0.01089208668844536, 0.00476393156717078)",2
2748,11,2,13,"(0.0, 0.02461978404713738, 0.012488192435894057, 0.0, 0.02877850893958089, 0.025902942973352733, 0.0, 0.0, 0.01089208668844536, 0.005480719574724555)",11
2749,11,2,13,"(0.0, 0.02461978404713738, 0.023035932332134326, 0.0, 0.021462417558260494, 0.022173256981297827, 0.0, 0.0, 0.01089208668844536, 0.005777497406933689)",1
2750,11,2,13,"(0.0, 0.02461978404713738, 0.012488192435894057, 0.0, 0.01810411441758469, 0.025902942973352733, 0.0, 0.0, 0.01089208668844536, 0.00476393156717078)",143
2751,11,2,13,"(0.0, 0.02461978404713738, 0.023035932332134326, 0.0, 0.00970885425506607, 0.022173256981297827, 0.0, 0.0, 0.01089208668844536, 0.0050518595061191125)",1
2752,11,2,13,"(0.0, 0.02461978404713738, 0.023035932332134326, 0.0, 0.00970885425506607, 0.022173256981297827, 0.0, 0.0, 0.01089208668844536, 0.00476393156717078)",205
2753,11,2,13,"(0.0, 0.02461978404713738, 0.023035932332134326, 0.0, 0.00970885425506607, 0.022173256981297827, 0.0, 0.0, 0.01089208668844536, 0.004174584055619134)",70
2754,11,2,13,"(0.0, 0.02461978404713738, 0.047250746840697404, 0.0, 0.010693449241816606, 0.022173256981297827, 0.0, 0.0, 0.01089208668844536, 0.00476393156717078)",1
2755,11,2,13,"(0.0, 0.02639703635998588, 0.023035932332134326, 0.0, 0.00970885425506607, 0.022173256981297827, 0.0, 0.0, 0.01089208668844536, 0.00476393156717078)",4
2756,11,2,13,"(0.0, 0.02461978404713738, 0.023035932332134326, 0.0, 0.00970885425506607, 0.016766177390939534, 0.0, 0.0, 0.01089208668844536, 0.00476393156717078)",2
2757,11,3,13,"(0.0, 0.025543530519854897, 0.023035932332134326, 0.0, 0.01810411441758469, 0.022173256981297827, 0.0, 0.0, 0.012461280301649367, 0.00476393156717078)",2
2758,11,3,13,"(0.0, 0.038745516553369615, 0.023035932332134326, 0.0, 0.01810411441758469, 0.022173256981297827, 0.0, 0.0, 0.01089208668844536, 0.00476393156717078)",1
2759,11,3,13,"(0.0, 0.02461978404713738, 0.023035932332134326, 0.0, 0.01810411441758469, 0.012569894120283795, 0.0, 0.0, 0.01089208668844536, 0.00476393156717078)",2
2760,11,3,13,"(0.0, 0.02461978404713738, 0.01439538792194133, 0.0, 0.01810411441758469, 0.022173256981297827, 0.0, 0.0, 0.008418159324435577, 0.0024211727484807506)",1
2761,11,3,13,"(0.0, 0.02461978404713738, 0.023035932332134326, 0.0, 0.01810411441758469, 0.022173256981297827, 0.0, 0.0, 0.01089208668844536, 0.00476393156717078)",293
2762,11,3,13,"(0.0, 0.02461978404713738, 0.023678569642048463, 0.0, 0.01810411441758469, 0.022173256981297827, 0.0, 0.0, 0.010895264019183457, 0.00476393156717078)",2
2763,11,3,13,"(0.0, 0.02461978404713738, 0.023035932332134326, 0.0, 0.01810411441758469, 0.022173256981297827, 0.0, 0.0, 0.01089208668844536, 0.004291151399955567)",1
2764,11,3,13,"(0.0, 0.02461978404713738, 0.016699033657105688, 0.0, 0.01810411441758469, 0.022173256981297827, 0.0, 0.0, 0.01089208668844536, 0.00476393156717078)",3
2765,11,4,11,"(0.0, 0.0, 0.09864539577037362, 0.016529264424256777, 0.0, 0.030645849071221472, 0.12094631474153013, 0.08028238650273146, 0.017579589817086686, 0.0)",3
2766,11,4,11,"(0.0, 0.0, 0.09864539577037362, 0.01650583712158267, 0.0, 0.03865135890500967, 0.16773790467281977, 0.08028238650273146, 0.026121609841380632, 0.0)",2
2767,11,4,11,"(0.0, 0.0, 0.0943644423777591, 0.01650583712158267, 0.0, 0.030645849071221472, 0.16773790467281977, 0.08028238650273146, 0.026121609841380632, 0.0)",24
2768,11,4,11,"(0.0, 0.0, 0.09864539577037362, 0.01650583712158267, 0.0, 0.030645849071221472, 0.16773790467281977, 0.08028238650273146, 0.026121609841380632, 0.0)",161
2769,11,4,11,"(0.0, 0.0, 0.09864539577037362, 0.01650583712158267, 0.0, 0.030645849071221472, 0.16773790467281977, 0.08028238650273146, 0.03831848758817387, 0.0)",1
2770,11,4,11,"(0.0, 0.0, 0.09864539577037362, 0.016529264424256777, 0.0, 0.030645849071221472, 0.16773790467281977, 0.08028238650273146, 0.017579589817086686, 0.0)",132
2771,11,4,11,"(0.0, 0.0, 0.09864539577037362, 0.01650583712158267, 0.0, 0.030645849071221472, 0.08153022673827125, 0.07240876560513207, 0.02327926570688157, 0.0)",1
2772,11,4,11,"(0.0, 0.0, 0.09864539577037362, 0.01650583712158267, 0.0, 0.030645849071221472, 0.08153022673827125, 0.07240876560513207, 0.026121609841380632, 0.0)",167
2773,11,4,11,"(0.0, 0.0, 0.14807974179420325, 0.016529264424256777, 0.0, 0.030645849071221472, 0.16773790467281977, 0.030136811481877607, 0.017579589817086686, 0.0)",3
2774,11,4,11,"(0.0, 0.0, 0.09110915345268109, 0.01650583712158267, 0.0, 0.030645849071221472, 0.08153022673827125, 0.07240876560513207, 0.03179524577063672, 0.0)",3
2775,11,4,11,"(0.0, 0.0, 0.12323052122040382, 0.01650583712158267, 0.0, 0.030645849071221472, 0.16773790467281977, 0.08028238650273146, 0.026121609841380632, 0.0)",12
2776,11,4,11,"(0.0, 0.0, 0.09864539577037362, 0.01650583712158267, 0.0, 0.030645849071221472, 0.07516469027851508, 0.07240876560513207, 0.026121609841380632, 0.0)",1
2777,11,5,0,"(0.07400250769571483, 0.0, 0.0, 0.0, 0.0, 0.038664151314593, 0.08351860997663177, 0.05015325966666236, 0.0, 0.0)",6
2778,11,5,0,"(0.07400250769571483, 0.0, 0.0, 0.0, 0.0, 0.038664151314593, 0.08380840797570269, 0.05015325966666236, 0.0, 0.0)",204
2779,11,5,0,"(0.07400250769571483, 0.0, 0.0, 0.0, 0.0, 0.01759199169444947, 0.10082294420673965, 0.0691048466035698, 0.0, 0.0)",24
2780,11,5,0,"(0.07400250769571483, 0.0, 0.0, 0.0, 0.0, 0.038664151314593, 0.08380840797570269, 0.049947662171463736, 0.0, 0.0)",1
2781,11,5,0,"(0.07400250769571483, 0.0, 0.0, 0.0, 0.0, 0.06488493461148054, 0.08380840797570269, 0.05015325966666236, 0.0, 0.0)",30
2782,11,5,6,"(0.03426039533065134, 0.011572197494497125, 0.0, 0.030181603934096246, 0.009074783442935564, 0.0, 0.019795240631728064, 0.0, 0.028146417112716555, 0.05874522297052942)",1
2783,11,5,6,"(0.03426039533065134, 0.011572197494497125, 0.0, 0.030181603934096246, 0.005422768956954101, 0.0, 0.010479839769913901, 0.0, 0.028146417112716555, 0.05874522297052942)",18
2784,11,5,6,"(0.03426039533065134, 0.009939876975031074, 0.0, 0.030181603934096246, 0.005422768956954101, 0.0, 0.019795240631728064, 0.0, 0.028146417112716555, 0.05874522297052942)",3
2785,11,5,6,"(0.03426039533065134, 0.011572197494497125, 0.0, 0.030181603934096246, 0.005422768956954101, 0.0, 0.019795240631728064, 0.0, 0.02918765326507096, 0.05874522297052942)",1
2786,11,5,6,"(0.03426039533065134, 0.011572197494497125, 0.0, 0.030181603934096246, 0.005422768956954101, 0.0, 0.019795240631728064, 0.0, 0.028146417112716555, 0.08861728016187131)",4
2787,11,5,6,"(0.03426039533065134, 0.011572197494497125, 0.0, 0.030181603934096246, 0.005422768956954101, 0.0, 0.019795240631728064, 0.0, 0.028146417112716555, 0.05874522297052942)",274
2788,11,6,0,"(0.06678556955545355, 0.0, 0.0, 0.0, 0.0, 0.017098731129875016, 0.08380840797570269, 0.0691048466035698, 0.0, 0.0)",5
2789,11,6,0,"(0.07400250769571483, 0.0, 0.0, 0.0, 0.0, 0.02119354270593642, 0.08380840797570269, 0.10117084919705972, 0.0, 0.0)",2
2790,11,6,0,"(0.18068698600361982, 0.0, 0.0, 0.0, 0.0, 0.017098731129875016, 0.08380840797570269, 0.0927727862022829, 0.0, 0.0)",1
2791,11,6,0,"(0.07400250769571483, 0.0, 0.0, 0.0, 0.0, 0.017098731129875016, 0.08380840797570269, 0.11356209820999441, 0.0, 0.0)",4
2792,11,6,0,"(0.07400250769571483, 0.0, 0.0, 0.0, 0.0, 0.017098731129875016, 0.08380840797570269, 0.10117084919705972, 0.0, 0.0)",109
2793,11,6,0,"(0.09205728415570966, 0.0, 0.0, 0.0, 0.0, 0.017098731129875016, 0.08380840797570269, 0.10117084919705972, 0.0, 0.0)",1
2794,11,6,0,"(0.07400250769571483, 0.0, 0.0, 0.0, 0.0, 0.017098731129875016, 0.08380840797570269, 0.0691048466035698, 0.0, 0.0)",115
2795,11,7,13,"(0.0, 0.02461978404713738, 0.023035932332134326, 0.0, 0.01810411441758469, 0.022173256981297827, 0.0, 0.0, 0.01089208668844536, 0.002243048535540496)",55
2796,11,7,13,"(0.0, 0.02461978404713738, 0.023035932332134326, 0.0, 0.022992242705193944, 0.022173256981297827, 0.0, 0.0, 0.01089208668844536, 0.00804995879970782)",94
2797,11,7,13,"(0.0, 0.02461978404713738, 0.03540228470776121, 0.0, 0.022992242705193944, 0.041198357271549066, 0.0, 0.0, 0.01089208668844536, 0.004973863649504035)",5
2798,11,7,13,"(0.0, 0.02461978404713738, 0.023035932332134326, 0.0, 0.018920904476358896, 0.04156026531995869, 0.0, 0.0, 0.01089208668844536, 0.00476393156717078)",1
2799,11,7,13,"(0.0, 0.02461978404713738, 0.023035932332134326, 0.0, 0.013426080564618388, 0.022173256981297827, 0.0, 0.0, 0.01089208668844536, 0.00476393156717078)",1
2800,11,7,13,"(0.0, 0.02461978404713738, 0.023035932332134326, 0.0, 0.01810411441758469, 0.022173256981297827, 0.0, 0.0, 0.01089208668844536, 0.00476393156717078)",74
2801,11,7,13,"(0.0, 0.02461978404713738, 0.018125269476971042, 0.0, 0.022992242705193944, 0.022173256981297827, 0.0, 0.0, 0.01089208668844536, 0.00804995879970782)",1
2802,11,8,6,"(0.03656180599521727, 0.011572197494497125, 0.0, 0.01823457137554346, 0.005422768956954101, 0.0, 0.019795240631728064, 0.0, 0.028146417112716555, 0.05874522297052942)",1
2803,11,8,6,"(0.03656180599521727, 0.011572197494497125, 0.0, 0.030181603934096246, 0.005422768956954101, 0.0, 0.019795240631728064, 0.0, 0.028146417112716555, 0.05874522297052942)",74
2804,11,8,6,"(0.03656180599521727, 0.02407295042610242, 0.0, 0.030181603934096246, 0.005422768956954101, 0.0, 0.04671303782870836, 0.0, 0.028146417112716555, 0.05874522297052942)",18
2805,11,8,11,"(0.0, 0.0, 0.1255370766095499, 0.01650583712158267, 0.0, 0.030645849071221472, 0.16773790467281977, 0.05487587528261972, 0.026121609841380632, 0.0)",35
2806,11,8,11,"(0.0, 0.0, 0.09864539577037362, 0.01650583712158267, 0.0, 0.030645849071221472, 0.16773790467281977, 0.05487587528261972, 0.026121609841380632, 0.0)",220
2807,11,8,11,"(0.0, 0.0, 0.09864539577037362, 0.01650583712158267, 0.0, 0.030645849071221472, 0.16773790467281977, 0.08028238650273146, 0.026121609841380632, 0.0)",52
2808,11,8,11,"(0.0, 0.0, 0.09864539577037362, 0.011000617275171293, 0.0, 0.031211978481304123, 0.13855135743719746, 0.08028238650273146, 0.026121609841380632, 0.0)",3
2809,11,8,11,"(0.0, 0.0, 0.09864539577037362, 0.013118664981873428, 0.0, 0.031211978481304123, 0.13855135743719746, 0.08028238650273146, 0.026121609841380632, 0.0)",3
2810,11,8,11,"(0.0, 0.0, 0.09864539577037362, 0.01650583712158267, 0.0, 0.031211978481304123, 0.13855135743719746, 0.08028238650273146, 0.026121609841380632, 0.0)",184
2811,11,8,11,"(0.0, 0.0, 0.09864539577037362, 0.01498674559641151, 0.0, 0.030645849071221472, 0.16773790467281977, 0.05487587528261972, 0.026121609841380632, 0.0)",4
2812,11,8,11,"(0.0, 0.0, 0.09864539577037362, 0.01650583712158267, 0.0, 0.031211978481304123, 0.2679945528626969, 0.08317598034529348, 0.026121609841380632, 0.0)",1
2813,11,8,11,"(0.0, 0.0, 0.09864539577037362, 0.01650583712158267, 0.0, 0.01919968231869032, 0.13855135743719746, 0.08028238650273146, 0.026121609841380632, 0.0)",3
2814,11,8,11,"(0.0, 0.0, 0.1255370766095499, 0.01650583712158267, 0.0, 0.030645849071221472, 0.16773790467281977, 0.047478253839041425, 0.026121609841380632, 0.0)",3
2815,11,9,11,"(0.0, 0.0, 0.09864539577037362, 0.01650583712158267, 0.0, 0.030645849071221472, 0.16773790467281977, 0.08028238650273146, 0.026121609841380632, 0.0)",62
2816,11,9,11,"(0.0, 0.0, 0.09864539577037362, 0.01650583712158267, 0.0, 0.030645849071221472, 0.16773790467281977, 0.087416883441291, 0.026121609841380632, 0.0)",2
2817,11,9,11,"(0.0, 0.0, 0.09864539577037362, 0.01650583712158267, 0.0, 0.05139866259669508, 0.21046511480170918, 0.08028238650273146, 0.026121609841380632, 0.0)",1
2818,11,9,11,"(0.0, 0.0, 0.09864539577037362, 0.01650583712158267, 0.0, 0.030645849071221472, 0.16243652964526273, 0.08028238650273146, 0.026121609841380632, 0.0)",272
2819,11,9,11,"(0.0, 0.0, 0.11755819882518005, 0.01650583712158267, 0.0, 0.02375279233445006, 0.16773790467281977, 0.08028238650273146, 0.026121609841380632, 0.0)",211
2820,11,9,11,"(0.0, 0.0, 0.1034142487608888, 0.01650583712158267, 0.0, 0.019627513243841974, 0.16773790467281977, 0.12339457508444697, 0.026121609841380632, 0.0)",1
2821,11,9,11,"(0.0, 0.0, 0.09864539577037362, 0.01650583712158267, 0.0, 0.030645849071221472, 0.16243652964526273, 0.08028238650273146, 0.05079556240454335, 0.0)",2
2822,11,9,11,"(0.0, 0.0, 0.12527167286714821, 0.01650583712158267, 0.0, 0.030645849071221472, 0.16773790467281977, 0.0705436118659834, 0.026121609841380632, 0.0)",1
2823,11,10,13,"(0.0, 0.02461978404713738, 0.023035932332134326, 0.0, 0.01810411441758469, 0.022173256981297827, 0.0, 0.0, 0.011131896851157529, 0.00476393156717078)",1
2824,11,10,13,"(0.0, 0.02461978404713738, 0.023137730394898685, 0.0, 0.018726877040231713, 0.022173256981297827, 0.0, 0.0, 0.01089208668844536, 0.003844442657103108)",1
2825,11,10,13,"(0.0, 0.02461978404713738, 0.023035932332134326, 0.0, 0.01810411441758469, 0.022173256981297827, 0.0, 0.0, 0.01089208668844536, 0.005918683443432209)",2
2826,11,10,13,"(0.0, 0.035295003955926614, 0.023035932332134326, 0.0, 0.01810411441758469, 0.03736139245003594, 0.0, 0.0, 0.01089208668844536, 0.004377495043137681)",1
2827,11,10,13,"(0.0, 0.043379776069771364, 0.023035932332134326, 0.0, 0.01810411441758469, 0.022173256981297827, 0.0, 0.0, 0.01089208668844536, 0.00476393156717078)",1
2828,11,10,13,"(0.0, 0.02461978404713738, 0.023035932332134326, 0.0, 0.01810411441758469, 0.03253582540675675, 0.0, 0.0, 0.01089208668844536, 0.00476393156717078)",1
2829,11,10,13,"(0.0, 0.02461978404713738, 0.02073838251299035, 0.0, 0.01065996391701266, 0.022173256981297827, 0.0, 0.0, 0.01089208668844536, 0.00476393156717078)",4
2830,11,10,13,"(0.0, 0.02461978404713738, 0.023035932332134326, 0.0, 0.01810411441758469, 0.022173256981297827, 0.0, 0.0, 0.01089208668844536, 0.00476393156717078)",209
2831,11,10,13,"(0.0, 0.02461978404713738, 0.023035932332134326, 0.0, 0.01810411441758469, 0.011773288605221841, 0.0, 0.0, 0.01089208668844536, 0.00476393156717078)",1
2832,11,10,13,"(0.0, 0.02461978404713738, 0.023035932332134326, 0.0, 0.01810411441758469, 0.016565001322604158, 0.0, 0.0, 0.01089208668844536, 0.00476393156717078)",1
2833,11,10,13,"(0.0, 0.035295003955926614, 0.023035932332134326, 0.0, 0.01810411441758469, 0.022173256981297827, 0.0, 0.0, 0.01089208668844536, 0.00476393156717078)",3
2834,11,11,13,"(0.0, 0.014803696827240451, 0.023035932332134326, 0.0, 0.016973567656639824, 0.022173256981297827, 0.0, 0.0, 0.01089208668844536, 0.004436641746586963)",1
2835,11,11,13,"(0.0, 0.02461978404713738, 0.023035932332134326, 0.0, 0.016288613182003208, 0.022173256981297827, 0.0, 0.0, 0.01089208668844536, 0.004436641746586963)",2
2836,11,11,13,"(0.0, 0.02461978404713738, 0.023035932332134326, 0.0, 0.016973567656639824, 0.022173256981297827, 0.0, 0.0, 0.01089208668844536, 0.004436641746586963)",180
2837,11,11,13,"(0.0, 0.02461978404713738, 0.023035932332134326, 0.0, 0.01810411441758469, 0.013948405624001969, 0.0, 0.0, 0.01089208668844536, 0.00476393156717078)",1
2838,11,11,13,"(0.0, 0.02461978404713738, 0.023035932332134326, 0.0, 0.01810411441758469, 0.022173256981297827, 0.0, 0.0, 0.01089208668844536, 0.00476393156717078)",105
2839,11,11,13,"(0.0, 0.035313776348593895, 0.023035932332134326, 0.0, 0.016973567656639824, 0.043405846143730234, 0.0, 0.0, 0.01089208668844536, 0.004436641746586963)",1
2840,11,11,13,"(0.0, 0.02461978404713738, 0.023035932332134326, 0.0, 0.016973567656639824, 0.022173256981297827, 0.0, 0.0, 0.007837296114808776, 0.004436641746586963)",1
2841,11,12,8,"(0.19235562551390653, 0.046525949225991035, 0.0, 0.0, 0.07022106556493442, 0.0, 0.08319516954615302, 0.1116381245929446, 0.0, 0.0)",159
2842,11,12,8,"(0.19235562551390653, 0.046525949225991035, 0.0, 0.0, 0.1538132109744178, 0.0, 0.08319516954615302, 0.1116381245929446, 0.0, 0.0)",2
2843,11,12,10,"(0.07734904686468291, 0.06927916245295945, 0.09682940930282144, 0.0017773360538905325, 0.0, 0.06291875767155253, 0.0, 0.10994488928074131, 0.0, 0.0)",246
2844,11,12,10,"(0.07734904686468291, 0.06927916245295945, 0.09682940930282144, 0.0017773360538905325, 0.0, 0.13311121412705954, 0.0, 0.10994488928074131, 0.0, 0.0)",1
2845,11,12,10,"(0.14760844378952648, 0.06927916245295945, 0.09682940930282144, 0.0017773360538905325, 0.0, 0.06291875767155253, 0.0, 0.10994488928074131, 0.0, 0.0)",33
2846,11,13,6,"(0.03426039533065134, 0.011572197494497125, 0.0, 0.030181603934096246, 0.005422768956954101, 0.0, 0.019795240631728064, 0.0, 0.028146417112716555, 0.05874522297052942)",206
2847,11,13,14,"(0.0, 0.017248724174617657, 0.0, 0.0, 0.0, 0.0, 0.1096916615896246, 0.07609886892949795, 0.03621416498310447, 0.0)",258
2848,11,13,14,"(0.0, 0.017248724174617657, 0.0, 0.0, 0.0, 0.0, 0.12529914157890795, 0.07767452920048755, 0.03621416498310447, 0.0)",1
2849,11,14,11,"(0.0, 0.0, 0.09864539577037362, 0.01650583712158267, 0.0, 0.030645849071221472, 0.09245162194721702, 0.10798098378052622, 0.026121609841380632, 0.0)",1
2850,11,14,11,"(0.0, 0.0, 0.09864539577037362, 0.01650583712158267, 0.0, 0.030645849071221472, 0.16773790467281977, 0.08028238650273146, 0.026121609841380632, 0.0)",151
2851,11,14,11,"(0.0, 0.0, 0.09807432985684303, 0.01650583712158267, 0.0, 0.018236219454994814, 0.16773790467281977, 0.08028238650273146, 0.026121609841380632, 0.0)",11
2852,11,14,13,"(0.0, 0.02312228201889771, 0.021053225214041234, 0.0, 0.029287759050719522, 0.022173256981297827, 0.0, 0.0, 0.01089208668844536, 0.003232537586019149)",1
2853,11,14,13,"(0.0, 0.02312228201889771, 0.023035932332134326, 0.0, 0.029287759050719522, 0.022173256981297827, 0.0, 0.0, 0.01089208668844536, 0.00476393156717078)",61
2854,11,14,13,"(0.0, 0.02461978404713738, 0.023035932332134326, 0.0, 0.01810411441758469, 0.022173256981297827, 0.0, 0.0, 0.01089208668844536, 0.00476393156717078)",256
2855,11,14,13,"(0.0, 0.02461978404713738, 0.023035932332134326, 0.0, 0.027109291201540785, 0.022173256981297827, 0.0, 0.0, 0.01089208668844536, 0.00476393156717078)",4
2856,11,14,13,"(0.0, 0.02461978404713738, 0.023035932332134326, 0.0, 0.01810411441758469, 0.020139168283516216, 0.0, 0.0, 0.01089208668844536, 0.0043422504661931385)",2
2857,11,14,13,"(0.0, 0.02336994790725865, 0.023035932332134326, 0.0, 0.01810411441758469, 0.022173256981297827, 0.0, 0.0, 0.01089208668844536, 0.00476393156717078)",1
2858,11,14,13,"(0.0, 0.02461978404713738, 0.023035932332134326, 0.0, 0.02519854112521978, 0.022173256981297827, 0.0, 0.0, 0.01089208668844536, 0.00476393156717078)",1
2859,11,14,13,"(0.0, 0.02461978404713738, 0.015661656217337, 0.0, 0.01810411441758469, 0.022173256981297827, 0.0, 0.0, 0.01089208668844536, 0.005098333664482357)",7
2860,11,14,13,"(0.0, 0.02461978404713738, 0.023035932332134326, 0.0, 0.019467756747336876, 0.022173256981297827, 0.0, 0.0, 0.01089208668844536, 0.00476393156717078)",3
2861,11,15,6,"(0.03426039533065134, 0.011572197494497125, 0.0, 0.030181603934096246, 0.005422768956954101, 0.0, 0.019795240631728064, 0.0, 0.028146417112716555, 0.05874522297052942)",166
2862,11,15,6,"(0.022054931269080934, 0.011572197494497125, 0.0, 0.030181603934096246, 0.005422768956954101, 0.0, 0.019795240631728064, 0.0, 0.028146417112716555, 0.05874522297052942)",1
2863,11,15,11,"(0.0, 0.0, 0.09864539577037362, 0.01650583712158267, 0.0, 0.030645849071221472, 0.13049626713566656, 0.10464859494020542, 0.011737478914909427, 0.0)",14
2864,11,15,11,"(0.0, 0.0, 0.09864539577037362, 0.01650583712158267, 0.0, 0.022517166347926082, 0.13049626713566656, 0.08028238650273146, 0.026121609841380632, 0.0)",1
2865,11,15,11,"(0.0, 0.0, 0.09687244248085712, 0.01650583712158267, 0.0, 0.046338584563695925, 0.13049626713566656, 0.08028238650273146, 0.04372114914070789, 0.0)",3
2866,11,15,11,"(0.0, 0.0, 0.11839367174953695, 0.01650583712158267, 0.0, 0.030645849071221472, 0.16773790467281977, 0.0404147798164449, 0.026121609841380632, 0.0)",144
2867,11,15,11,"(0.0, 0.0, 0.11839367174953695, 0.01650583712158267, 0.0, 0.030645849071221472, 0.16773790467281977, 0.0404147798164449, 0.05483820350754825, 0.0)",1
2868,11,15,11,"(0.0, 0.0, 0.09864539577037362, 0.011512862082763947, 0.0, 0.030645849071221472, 0.13049626713566656, 0.08028238650273146, 0.026121609841380632, 0.0)",36
2869,11,15,11,"(0.0, 0.0, 0.09864539577037362, 0.01650583712158267, 0.0, 0.030645849071221472, 0.13049626713566656, 0.08028238650273146, 0.026121609841380632, 0.0)",165
2870,11,15,11,"(0.0, 0.0, 0.09864539577037362, 0.01650583712158267, 0.0, 0.030645849071221472, 0.13049626713566656, 0.0495090679884269, 0.026121609841380632, 0.0)",13
2871,11,16,1,"(0.0, 0.0, 0.041406372128065916, 0.0, 0.0, 0.02743483556072065, 0.0, 0.0, 0.0, 0.08842838228042187)",1
2872,11,16,1,"(0.0, 0.0, 0.06678826882643886, 0.0, 0.0, 0.02187112990718955, 0.0, 0.0, 0.0, 0.09965925051150999)",1
2873,11,16,1,"(0.0, 0.0, 0.04132912309806727, 0.0, 0.0, 0.0199117526153351, 0.0, 0.0, 0.0, 0.09965925051150999)",1
2874,11,16,1,"(0.0, 0.0, 0.041406372128065916, 0.0, 0.0, 0.0199117526153351, 0.0, 0.0, 0.0, 0.23385428159103858)",1
2875,11,16,1,"(0.0, 0.0, 0.041406372128065916, 0.0, 0.0, 0.0199117526153351, 0.0, 0.0, 0.0, 0.16266816129051373)",1
2876,11,16,1,"(0.0, 0.0, 0.049470674174173494, 0.0, 0.0, 0.0199117526153351, 0.0, 0.0, 0.0, 0.09965925051150999)",1
2877,11,16,1,"(0.0, 0.0, 0.03446916130088484, 0.0, 0.0, 0.0199117526153351, 0.0, 0.0, 0.0, 0.09965925051150999)",1
2878,11,16,1,"(0.0, 0.0, 0.03003917440300752, 0.0, 0.0, 0.014006103222621765, 0.0, 0.0, 0.0, 0.07805102457485238)",4
2879,11,16,1,"(0.0, 0.0, 0.041406372128065916, 0.0, 0.0, 0.0199117526153351, 0.0, 0.0, 0.0, 0.09965925051150999)",706
2880,11,16,1,"(0.0, 0.0, 0.041406372128065916, 0.0, 0.0, 0.0199117526153351, 0.0, 0.0, 0.0, 0.20479448318698598)",1
2881,11,16,1,"(0.0, 0.0, 0.041406372128065916, 0.0, 0.0, 0.0199117526153351, 0.0, 0.0, 0.0, 0.08842838228042187)",3
2882,11,16,1,"(0.0, 0.0, 0.03932969102398869, 0.0, 0.0, 0.009936756746257247, 0.0, 0.0, 0.0, 0.09965925051150999)",1
2883,11,16,8,"(0.16507889091742442, 0.046525949225991035, 0.0, 0.0, 0.07022106556493442, 0.0, 0.08319516954615302, 0.1116381245929446, 0.0, 0.0)",31
2884,11,16,8,"(0.19235562551390653, 0.046525949225991035, 0.0, 0.0, 0.07022106556493442, 0.0, 0.08319516954615302, 0.1116381245929446, 0.0, 0.0)",184
2885,11,16,8,"(0.19235562551390653, 0.046525949225991035, 0.0, 0.0, 0.07022106556493442, 0.0, 0.06734816750735981, 0.07001337578015446, 0.0, 0.0)",1
2886,11,17,1,"(0.0, 0.0, 0.10922905711608999, 0.0, 0.0, 0.030018978917809972, 0.0, 0.0, 0.0, 0.0910060267578522)",469
2887,11,17,1,"(0.0, 0.0, 0.10922905711608999, 0.0, 0.0, 0.030018978917809972, 0.0, 0.0, 0.0, 0.1894694293019125)",2
2888,11,17,1,"(0.0, 0.0, 0.07161557817891603, 0.0, 0.0, 0.07577624578880941, 0.0, 0.0, 0.0, 0.09965925051150999)",1
2889,11,17,1,"(0.0, 0.0, 0.2556770300837286, 0.0, 0.0, 0.030018978917809972, 0.0, 0.0, 0.0, 0.0910060267578522)",1
2890,11,17,1,"(0.0, 0.0, 0.17046829371282626, 0.0, 0.0, 0.030018978917809972, 0.0, 0.0, 0.0, 0.0910060267578522)",1
2891,11,17,1,"(0.0, 0.0, 0.10922905711608999, 0.0, 0.0, 0.019845277315328657, 0.0, 0.0, 0.0, 0.0910060267578522)",5
2892,11,17,1,"(0.0, 0.0, 0.12672260613010777, 0.0, 0.0, 0.030018978917809972, 0.0, 0.0, 0.0, 0.0910060267578522)",1
2893,11,17,1,"(0.0, 0.0, 0.14649474664727383, 0.0, 0.0, 0.030018978917809972, 0.0, 0.0, 0.0, 0.0910060267578522)",1
2894,11,17,1,"(0.0, 0.0, 0.10922905711608999, 0.0, 0.0, 0.07577624578880941, 0.0, 0.0, 0.0, 0.09965925051150999)",100
2895,11,17,8,"(0.19235562551390653, 0.0515111024723136, 0.0, 0.0, 0.07022106556493442, 0.0, 0.10398486169744553, 0.1116381245929446, 0.0, 0.0)",1
2896,11,17,8,"(0.19235562551390653, 0.04632028014141928, 0.0, 0.0, 0.07022106556493442, 0.0, 0.08319516954615302, 0.1116381245929446, 0.0, 0.0)",168
2897,11,17,8,"(0.19235562551390653, 0.046525949225991035, 0.0, 0.0, 0.07022106556493442, 0.0, 0.08319516954615302, 0.1116381245929446, 0.0, 0.0)",84
2898,11,18,10,"(0.07734904686468291, 0.06927916245295945, 0.09682940930282144, 0.0017773360538905325, 0.0, 0.06291875767155253, 0.0, 0.10994488928074131, 0.0, 0.0)",82
2899,11,18,10,"(0.07734904686468291, 0.07522315342128427, 0.08482965409651914, 0.0017773360538905325, 0.0, 0.05424583281086975, 0.0, 0.12903354315453122, 0.0, 0.0)",1
2900,11,18,10,"(0.07734904686468291, 0.08464166216675782, 0.09943240365545393, 0.0017773360538905325, 0.0, 0.06291875767155253, 0.0, 0.10994488928074131, 0.0, 0.0)",69
2901,11,18,10,"(0.07734904686468291, 0.08464166216675782, 0.16463346140016374, 0.0017773360538905325, 0.0, 0.06291875767155253, 0.0, 0.10994488928074131, 0.0, 0.0)",1
2902,11,18,10,"(0.07734904686468291, 0.08464166216675782, 0.15587650526684885, 0.0017773360538905325, 0.0, 0.06291875767155253, 0.0, 0.10994488928074131, 0.0, 0.0)",1
2903,11,18,10,"(0.07734904686468291, 0.06927916245295945, 0.09682940930282144, 0.0017773360538905325, 0.0, 0.06291875767155253, 0.0, 0.2151721895458383, 0.0, 0.0)",1
2904,11,18,11,"(0.0, 0.0, 0.09864539577037362, 0.01650583712158267, 0.0, 0.03150275214907511, 0.13038533056739307, 0.08028238650273146, 0.01241168614094446, 0.0)",2
2905,11,18,11,"(0.0, 0.0, 0.09864539577037362, 0.01650583712158267, 0.0, 0.03150275214907511, 0.13038533056739307, 0.05885132609619793, 0.026121609841380632, 0.0)",1
2906,11,18,11,"(0.0, 0.0, 0.09864539577037362, 0.01650583712158267, 0.0, 0.030645849071221472, 0.16773790467281977, 0.09074409788965537, 0.026121609841380632, 0.0)",19
2907,11,18,11,"(0.0, 0.0, 0.09864539577037362, 0.022166835988593783, 0.0, 0.03150275214907511, 0.13038533056739307, 0.08028238650273146, 0.026121609841380632, 0.0)",1
2908,11,18,11,"(0.0, 0.0, 0.09864539577037362, 0.01650583712158267, 0.0, 0.025583930097208295, 0.16773790467281977, 0.08028238650273146, 0.023835278027976907, 0.0)",1
2909,11,18,11,"(0.0, 0.0, 0.09864539577037362, 0.01650583712158267, 0.0, 0.030645849071221472, 0.1658211843731907, 0.06845145467830333, 0.026121609841380632, 0.0)",1
2910,11,18,11,"(0.0, 0.0, 0.06676136364276279, 0.016065667629370086, 0.0, 0.030645849071221472, 0.2059986349934448, 0.08028238650273146, 0.0334488753903597, 0.0)",1
2911,11,18,11,"(0.0, 0.0, 0.09864539577037362, 0.01650583712158267, 0.0, 0.03150275214907511, 0.21566296664245216, 0.08028238650273146, 0.026121609841380632, 0.0)",9
2912,11,18,11,"(0.0, 0.0, 0.09864539577037362, 0.01650583712158267, 0.0, 0.03150275214907511, 0.13038533056739307, 0.08028238650273146, 0.026121609841380632, 0.0)",281
2913,11,18,11,"(0.0, 0.0, 0.09864539577037362, 0.01650583712158267, 0.0, 0.030645849071221472, 0.1408003539942761, 0.049700491940936425, 0.02873308956446372, 0.0)",1
2914,11,18,11,"(0.0, 0.0, 0.09864539577037362, 0.01650583712158267, 0.0, 0.030645849071221472, 0.16773790467281977, 0.08028238650273146, 0.026121609841380632, 0.0)",213
2915,11,18,11,"(0.0, 0.0, 0.09864539577037362, 0.01650583712158267, 0.0, 0.03380286931413262, 0.13038533056739307, 0.08028238650273146, 0.026121609841380632, 0.0)",3
2916,11,18,11,"(0.0, 0.0, 0.09864539577037362, 0.01650583712158267, 0.0, 0.030645849071221472, 0.16773790467281977, 0.08028238650273146, 0.02873308956446372, 0.0)",38
2917,11,19,0,"(0.07400250769571483, 0.0, 0.0, 0.0, 0.0, 0.017098731129875016, 0.08380840797570269, 0.0691048466035698, 0.0, 0.0)",72
2918,11,19,0,"(0.07400250769571483, 0.0, 0.0, 0.0, 0.0, 0.017039781985828895, 0.08380840797570269, 0.0691048466035698, 0.0, 0.0)",1
2919,11,19,0,"(0.11361288000876431, 0.0, 0.0, 0.0, 0.0, 0.017098731129875016, 0.07947635905938336, 0.0691048466035698, 0.0, 0.0)",2
2920,11,19,13,"(0.0, 0.02461978404713738, 0.023035932332134326, 0.0, 0.02071509378159617, 0.022173256981297827, 0.0, 0.0, 0.01089208668844536, 0.00476393156717078)",5
2921,11,19,13,"(0.0, 0.02461978404713738, 0.023035932332134326, 0.0, 0.01810411441758469, 0.022173256981297827, 0.0, 0.0, 0.01089208668844536, 0.00476393156717078)",334
2922,11,19,13,"(0.0, 0.02461978404713738, 0.023035932332134326, 0.0, 0.01810411441758469, 0.029065890807906322, 0.0, 0.0, 0.01089208668844536, 0.00476393156717078)",1
2923,11,19,13,"(0.0, 0.02461978404713738, 0.023035932332134326, 0.0, 0.015250270252016015, 0.022173256981297827, 0.0, 0.0, 0.018802882831787257, 0.00476393156717078)",1
2924,11,20,10,"(0.07734904686468291, 0.09512549056736241, 0.09682940930282144, 0.0017773360538905325, 0.0, 0.038859512277100675, 0.0, 0.10994488928074131, 0.0, 0.0)",1
2925,11,20,10,"(0.07734904686468291, 0.06927916245295945, 0.09682940930282144, 0.0017773360538905325, 0.0, 0.06291875767155253, 0.0, 0.10994488928074131, 0.0, 0.0)",127
2926,11,20,10,"(0.03766248068491265, 0.06927916245295945, 0.09682940930282144, 0.0017773360538905325, 0.0, 0.06291875767155253, 0.0, 0.10994488928074131, 0.0, 0.0)",1
2927,11,20,10,"(0.07734904686468291, 0.06927916245295945, 0.09636297510788583, 0.0017773360538905325, 0.0, 0.06291875767155253, 0.0, 0.10994488928074131, 0.0, 0.0)",10
2928,11,20,11,"(0.0, 0.0, 0.08014159865348675, 0.01650583712158267, 0.0, 0.030645849071221472, 0.09572491856946197, 0.08028238650273146, 0.03592393654890023, 0.0)",4
2929,11,20,11,"(0.0, 0.0, 0.08014159865348675, 0.01650583712158267, 0.0, 0.030645849071221472, 0.09572491856946197, 0.08028238650273146, 0.036485718580663774, 0.0)",333
2930,11,20,11,"(0.0, 0.0, 0.09864539577037362, 0.01650583712158267, 0.0, 0.030645849071221472, 0.09252139805958623, 0.08028238650273146, 0.036485718580663774, 0.0)",54
2931,11,20,11,"(0.0, 0.0, 0.08014159865348675, 0.01650583712158267, 0.0, 0.020785742535718223, 0.09572491856946197, 0.08028238650273146, 0.036485718580663774, 0.0)",2
2932,11,20,11,"(0.0, 0.0, 0.1431712595527311, 0.01650583712158267, 0.0, 0.030645849071221472, 0.15474982221127595, 0.08028238650273146, 0.036485718580663774, 0.0)",1
2933,11,20,11,"(0.0, 0.0, 0.09864539577037362, 0.01650583712158267, 0.0, 0.030645849071221472, 0.09572491856946197, 0.08028238650273146, 0.0376172876694751, 0.0)",2
2934,11,20,11,"(0.0, 0.0, 0.09864539577037362, 0.01650583712158267, 0.0, 0.030645849071221472, 0.09252139805958623, 0.0669727584388887, 0.036485718580663774, 0.0)",1
2935,11,20,11,"(0.0, 0.0, 0.09864539577037362, 0.01650583712158267, 0.0, 0.030645849071221472, 0.09572491856946197, 0.07325509652523818, 0.036485718580663774, 0.0)",2
2936,11,20,11,"(0.0, 0.0, 0.07854464853375437, 0.01650583712158267, 0.0, 0.030645849071221472, 0.09572491856946197, 0.08028238650273146, 0.036485718580663774, 0.0)",1
2937,11,20,11,"(0.0, 0.0, 0.12599189811964498, 0.01650583712158267, 0.0, 0.03840082536502363, 0.09572491856946197, 0.08028238650273146, 0.036485718580663774, 0.0)",2
2938,11,20,11,"(0.0, 0.0, 0.08014159865348675, 0.019852763509755303, 0.0, 0.024518756140245818, 0.09572491856946197, 0.08028238650273146, 0.036485718580663774, 0.0)",29
2939,11,20,11,"(0.0, 0.0, 0.08014159865348675, 0.017615611814274318, 0.0, 0.030645849071221472, 0.09572491856946197, 0.08028238650273146, 0.036485718580663774, 0.0)",1
2940,11,20,11,"(0.0, 0.0, 0.09864539577037362, 0.01650583712158267, 0.0, 0.030645849071221472, 0.09572491856946197, 0.08028238650273146, 0.036485718580663774, 0.0)",162
2941,12,0,6,"(0.03426039533065134, 0.011572197494497125, 0.0, 0.030181603934096246, 0.005422768956954101, 0.0, 0.019795240631728064, 0.0, 0.028146417112716555, 0.05874522297052942)",165
2942,12,0,6,"(0.03426039533065134, 0.011572197494497125, 0.0, 0.030181603934096246, 0.005422768956954101, 0.0, 0.019795240631728064, 0.0, 0.02487593520347242, 0.05874522297052942)",1
2943,12,0,6,"(0.03426039533065134, 0.01068731914119272, 0.0, 0.030181603934096246, 0.005422768956954101, 0.0, 0.019795240631728064, 0.0, 0.028146417112716555, 0.05874522297052942)",1
2944,12,0,6,"(0.03426039533065134, 0.011572197494497125, 0.0, 0.030181603934096246, 0.005422768956954101, 0.0, 0.019795240631728064, 0.0, 0.021920194434366966, 0.05874522297052942)",6
2945,12,0,11,"(0.0, 0.0, 0.06200374261520503, 0.007664845276788051, 0.0, 0.030645849071221472, 0.16773790467281977, 0.13986685253448836, 0.032003284030263715, 0.0)",1
2946,12,0,11,"(0.0, 0.0, 0.06200374261520503, 0.007315823046109865, 0.0, 0.030645849071221472, 0.16773790467281977, 0.08028238650273146, 0.026121609841380632, 0.0)",1
2947,12,0,11,"(0.0, 0.0, 0.09864539577037362, 0.01650583712158267, 0.0, 0.030645849071221472, 0.16773790467281977, 0.08028238650273146, 0.026121609841380632, 0.0)",150
2948,12,0,11,"(0.0, 0.0, 0.09864539577037362, 0.01650583712158267, 0.0, 0.028640972334076285, 0.16773790467281977, 0.08028238650273146, 0.014464008541976325, 0.0)",14
2949,12,0,11,"(0.0, 0.0, 0.06200374261520503, 0.010654525538403636, 0.0, 0.030645849071221472, 0.16773790467281977, 0.08028238650273146, 0.026121609841380632, 0.0)",180
2950,12,0,11,"(0.0, 0.0, 0.06200374261520503, 0.010654525538403636, 0.0, 0.030645849071221472, 0.15187180255961275, 0.08028238650273146, 0.026121609841380632, 0.0)",3
2951,12,1,6,"(0.03426039533065134, 0.011572197494497125, 0.0, 0.030181603934096246, 0.005422768956954101, 0.0, 0.019795240631728064, 0.0, 0.027665909798415565, 0.05874522297052942)",1
2952,12,1,6,"(0.03426039533065134, 0.011572197494497125, 0.0, 0.02431302298014277, 0.005422768956954101, 0.0, 0.019795240631728064, 0.0, 0.028146417112716555, 0.05874522297052942)",1
2953,12,1,6,"(0.03426039533065134, 0.011572197494497125, 0.0, 0.030181603934096246, 0.005422768956954101, 0.0, 0.019795240631728064, 0.0, 0.028146417112716555, 0.05874522297052942)",192
2954,12,1,6,"(0.03426039533065134, 0.011572197494497125, 0.0, 0.030181603934096246, 0.006257428449565796, 0.0, 0.019795240631728064, 0.0, 0.028146417112716555, 0.05874522297052942)",2
2955,12,1,8,"(0.19235562551390653, 0.046525949225991035, 0.0, 0.0, 0.07022106556493442, 0.0, 0.08319516954615302, 0.1116381245929446, 0.0, 0.0)",169
2956,12,2,13,"(0.0, 0.02461978404713738, 0.023035932332134326, 0.0, 0.00970885425506607, 0.022173256981297827, 0.0, 0.0, 0.01089208668844536, 0.004174584055619134)",66
2957,12,2,13,"(0.0, 0.01764392553112476, 0.023035932332134326, 0.0, 0.00970885425506607, 0.022173256981297827, 0.0, 0.0, 0.01089208668844536, 0.00476393156717078)",2
2958,12,2,13,"(0.0, 0.02461978404713738, 0.015881574196366682, 0.0, 0.00970885425506607, 0.022173256981297827, 0.0, 0.0, 0.01089208668844536, 0.00476393156717078)",1
2959,12,2,13,"(0.0, 0.02461978404713738, 0.023035932332134326, 0.0, 0.00970885425506607, 0.022173256981297827, 0.0, 0.0, 0.01089208668844536, 0.0020578506673999213)",2
2960,12,2,13,"(0.0, 0.026987336137316194, 0.023035932332134326, 0.0, 0.00970885425506607, 0.022173256981297827, 0.0, 0.0, 0.01089208668844536, 0.004174584055619134)",1
2961,12,2,13,"(0.0, 0.02461978404713738, 0.012488192435894057, 0.0, 0.01810411441758469, 0.025902942973352733, 0.0, 0.0, 0.01089208668844536, 0.00476393156717078)",117
2962,12,2,13,"(0.0, 0.030696699843681185, 0.023035932332134326, 0.0, 0.00970885425506607, 0.022173256981297827, 0.0, 0.0, 0.01089208668844536, 0.00476393156717078)",1
2963,12,2,13,"(0.0, 0.02461978404713738, 0.023035932332134326, 0.0, 0.00970885425506607, 0.022173256981297827, 0.0, 0.0, 0.01089208668844536, 0.00476393156717078)",107
2964,12,2,13,"(0.0, 0.02461978404713738, 0.030943456621949163, 0.0, 0.00970885425506607, 0.022173256981297827, 0.0, 0.0, 0.01089208668844536, 0.004174584055619134)",1
2965,12,2,13,"(0.0, 0.029298248243659238, 0.021424173553146384, 0.0, 0.00970885425506607, 0.022173256981297827, 0.0, 0.0, 0.01089208668844536, 0.003982567806787184)",1
2966,12,3,13,"(0.0, 0.02461978404713738, 0.023035932332134326, 0.0, 0.01810411441758469, 0.022173256981297827, 0.0, 0.0, 0.01089208668844536, 0.004291151399955567)",7
2967,12,3,13,"(0.0, 0.02461978404713738, 0.023035932332134326, 0.0, 0.01810411441758469, 0.022173256981297827, 0.0, 0.0, 0.01089208668844536, 0.00476393156717078)",202
2968,12,3,13,"(0.0, 0.019027981375776538, 0.023035932332134326, 0.0, 0.01810411441758469, 0.022173256981297827, 0.0, 0.0, 0.01089208668844536, 0.00476393156717078)",7
2969,12,3,13,"(0.0, 0.02461978404713738, 0.016699033657105688, 0.0, 0.01810411441758469, 0.022173256981297827, 0.0, 0.0, 0.01089208668844536, 0.00476393156717078)",13
2970,12,3,13,"(0.0, 0.02461978404713738, 0.016699033657105688, 0.0, 0.01810411441758469, 0.022173256981297827, 0.0, 0.0, 0.014055117039403093, 0.00476393156717078)",1
2971,12,4,11,"(0.0, 0.0, 0.12323052122040382, 0.01650583712158267, 0.0, 0.030645849071221472, 0.16773790467281977, 0.08028238650273146, 0.026121609841380632, 0.0)",36
2972,12,4,11,"(0.0, 0.0, 0.09864539577037362, 0.01650583712158267, 0.0, 0.030645849071221472, 0.08153022673827125, 0.07240876560513207, 0.026121609841380632, 0.0)",258
2973,12,4,11,"(0.0, 0.0, 0.09864539577037362, 0.01650583712158267, 0.0, 0.030645849071221472, 0.16773790467281977, 0.08028238650273146, 0.026121609841380632, 0.0)",69
2974,12,4,11,"(0.0, 0.0, 0.0943644423777591, 0.01650583712158267, 0.0, 0.030645849071221472, 0.16773790467281977, 0.08028238650273146, 0.026121609841380632, 0.0)",41
2975,12,4,11,"(0.0, 0.0, 0.09864539577037362, 0.016529264424256777, 0.0, 0.04611847248421021, 0.16773790467281977, 0.08028238650273146, 0.017579589817086686, 0.0)",1
2976,12,4,11,"(0.0, 0.0, 0.09864539577037362, 0.016529264424256777, 0.0, 0.030645849071221472, 0.16773790467281977, 0.08028238650273146, 0.017579589817086686, 0.0)",120
2977,12,5,0,"(0.07400250769571483, 0.0, 0.0, 0.0, 0.0, 0.025789067970774918, 0.08041392993121974, 0.05015325966666236, 0.0, 0.0)",1
2978,12,5,0,"(0.07400250769571483, 0.0, 0.0, 0.0, 0.0, 0.01759199169444947, 0.10082294420673965, 0.0691048466035698, 0.0, 0.0)",66
2979,12,5,0,"(0.07400250769571483, 0.0, 0.0, 0.0, 0.0, 0.038664151314593, 0.09881809969190021, 0.09931888031436012, 0.0, 0.0)",2
2980,12,5,0,"(0.07400250769571483, 0.0, 0.0, 0.0, 0.0, 0.06488493461148054, 0.08380840797570269, 0.05015325966666236, 0.0, 0.0)",9
2981,12,5,0,"(0.07400250769571483, 0.0, 0.0, 0.0, 0.0, 0.038664151314593, 0.08380840797570269, 0.05015325966666236, 0.0, 0.0)",216
2982,12,5,6,"(0.03426039533065134, 0.011572197494497125, 0.0, 0.030181603934096246, 0.005422768956954101, 0.0, 0.019795240631728064, 0.0, 0.028146417112716555, 0.05874522297052942)",250
2983,12,5,6,"(0.03426039533065134, 0.011572197494497125, 0.0, 0.01710289669465028, 0.005422768956954101, 0.0, 0.019795240631728064, 0.0, 0.028146417112716555, 0.05874522297052942)",1
2984,12,5,6,"(0.03426039533065134, 0.011572197494497125, 0.0, 0.030181603934096246, 0.01359561584965916, 0.0, 0.019795240631728064, 0.0, 0.019784379794868547, 0.05874522297052942)",1
2985,12,6,0,"(0.07400250769571483, 0.0, 0.0, 0.0, 0.0, 0.017098731129875016, 0.08380840797570269, 0.10117084919705972, 0.0, 0.0)",77
2986,12,6,0,"(0.07400250769571483, 0.0, 0.0, 0.0, 0.0, 0.017098731129875016, 0.07220357901160343, 0.1397236859031057, 0.0, 0.0)",2
2987,12,6,0,"(0.07400250769571483, 0.0, 0.0, 0.0, 0.0, 0.017098731129875016, 0.053223273022233564, 0.10117084919705972, 0.0, 0.0)",1
2988,12,6,0,"(0.07400250769571483, 0.0, 0.0, 0.0, 0.0, 0.017098731129875016, 0.08380840797570269, 0.0691048466035698, 0.0, 0.0)",171
2989,12,6,0,"(0.07400250769571483, 0.0, 0.0, 0.0, 0.0, 0.017098731129875016, 0.08380840797570269, 0.08253067533136166, 0.0, 0.0)",1
2990,12,7,13,"(0.0, 0.02461978404713738, 0.023035932332134326, 0.0, 0.01810411441758469, 0.023673966703677617, 0.0, 0.0, 0.01089208668844536, 0.002243048535540496)",1
2991,12,7,13,"(0.0, 0.02461978404713738, 0.023035932332134326, 0.0, 0.022992242705193944, 0.022173256981297827, 0.0, 0.0, 0.01089208668844536, 0.00804995879970782)",33
2992,12,7,13,"(0.0, 0.02461978404713738, 0.023035932332134326, 0.0, 0.013426080564618388, 0.022173256981297827, 0.0, 0.0, 0.007720193254897962, 0.00476393156717078)",4
2993,12,7,13,"(0.0, 0.02461978404713738, 0.023035932332134326, 0.0, 0.01810411441758469, 0.022173256981297827, 0.0, 0.0, 0.01089208668844536, 0.00487716347304601)",4
2994,12,7,13,"(0.0, 0.02461978404713738, 0.023035932332134326, 0.0, 0.01810411441758469, 0.04262723630445889, 0.0, 0.0, 0.01089208668844536, 0.00476393156717078)",1
2995,12,7,13,"(0.0, 0.02461978404713738, 0.023035932332134326, 0.0, 0.031373782962203875, 0.022173256981297827, 0.0, 0.0, 0.01089208668844536, 0.002243048535540496)",1
2996,12,7,13,"(0.0, 0.02461978404713738, 0.023035932332134326, 0.0, 0.01810411441758469, 0.022173256981297827, 0.0, 0.0, 0.01089208668844536, 0.002243048535540496)",114
2997,12,7,13,"(0.0, 0.02461978404713738, 0.023035932332134326, 0.0, 0.01810411441758469, 0.022173256981297827, 0.0, 0.0, 0.01089208668844536, 0.00476393156717078)",84
2998,12,7,13,"(0.0, 0.02461978404713738, 0.03540228470776121, 0.0, 0.022992242705193944, 0.041198357271549066, 0.0, 0.0, 0.01089208668844536, 0.004973863649504035)",12
2999,12,7,13,"(0.0, 0.02461978404713738, 0.023035932332134326, 0.0, 0.013426080564618388, 0.022173256981297827, 0.0, 0.0, 0.01089208668844536, 0.00476393156717078)",8
3000,12,8,6,"(0.03656180599521727, 0.011572197494497125, 0.0, 0.030181603934096246, 0.005422768956954101, 0.0, 0.019795240631728064, 0.0, 0.028146417112716555, 0.05874522297052942)",65
3001,12,8,6,"(0.045602734030374244, 0.02407295042610242, 0.0, 0.030181603934096246, 0.005422768956954101, 0.0, 0.04671303782870836, 0.0, 0.028146417112716555, 0.05874522297052942)",2
3002,12,8,6,"(0.03656180599521727, 0.011572197494497125, 0.0, 0.030181603934096246, 0.003876688839715994, 0.0, 0.019795240631728064, 0.0, 0.028146417112716555, 0.05874522297052942)",1
3003,12,8,6,"(0.03656180599521727, 0.02407295042610242, 0.0, 0.030181603934096246, 0.005422768956954101, 0.0, 0.04671303782870836, 0.0, 0.028146417112716555, 0.05874522297052942)",63
3004,12,8,11,"(0.0, 0.0, 0.09864539577037362, 0.016821127709563816, 0.0, 0.030645849071221472, 0.16773790467281977, 0.05487587528261972, 0.026121609841380632, 0.0)",1
3005,12,8,11,"(0.0, 0.0, 0.09864539577037362, 0.015683411134519536, 0.0, 0.031211978481304123, 0.13855135743719746, 0.08028238650273146, 0.026121609841380632, 0.0)",1
3006,12,8,11,"(0.0, 0.0, 0.09864539577037362, 0.011000617275171293, 0.0, 0.031211978481304123, 0.13855135743719746, 0.08028238650273146, 0.026121609841380632, 0.0)",12
3007,12,8,11,"(0.0, 0.0, 0.09864539577037362, 0.01650583712158267, 0.0, 0.031211978481304123, 0.13855135743719746, 0.08028238650273146, 0.026121609841380632, 0.0)",153
3008,12,8,11,"(0.0, 0.0, 0.09864539577037362, 0.01650583712158267, 0.0, 0.031211978481304123, 0.10021440822493421, 0.11955276254149919, 0.026121609841380632, 0.0)",2
3009,12,8,11,"(0.0, 0.0, 0.09864539577037362, 0.01650583712158267, 0.0, 0.026401806447752314, 0.13855135743719746, 0.08028238650273146, 0.026121609841380632, 0.0)",1
3010,12,8,11,"(0.0, 0.0, 0.1255370766095499, 0.01650583712158267, 0.0, 0.030645849071221472, 0.16773790467281977, 0.047478253839041425, 0.026121609841380632, 0.0)",16
3011,12,8,11,"(0.0, 0.0, 0.09864539577037362, 0.01650583712158267, 0.0, 0.030645849071221472, 0.16773790467281977, 0.05487587528261972, 0.026121609841380632, 0.0)",141
3012,12,8,11,"(0.0, 0.0, 0.07813473850850754, 0.011000617275171293, 0.0, 0.031211978481304123, 0.13855135743719746, 0.08028238650273146, 0.0162332214344028, 0.0)",1
3013,12,8,11,"(0.0, 0.0, 0.1255370766095499, 0.01650583712158267, 0.0, 0.030645849071221472, 0.16773790467281977, 0.03565485160551225, 0.026121609841380632, 0.0)",1
3014,12,8,11,"(0.0, 0.0, 0.1255370766095499, 0.01650583712158267, 0.0, 0.030645849071221472, 0.16773790467281977, 0.05487587528261972, 0.026121609841380632, 0.0)",40
3015,12,8,11,"(0.0, 0.0, 0.09864539577037362, 0.010896780985398653, 0.0, 0.030645849071221472, 0.11402806628146155, 0.0958897760680388, 0.026121609841380632, 0.0)",1
3016,12,8,11,"(0.0, 0.0, 0.09864539577037362, 0.01650583712158267, 0.0, 0.030645849071221472, 0.18282631614033884, 0.05487587528261972, 0.026121609841380632, 0.0)",4
3017,12,8,11,"(0.0, 0.0, 0.09864539577037362, 0.01650583712158267, 0.0, 0.030645849071221472, 0.16773790467281977, 0.08028238650273146, 0.026121609841380632, 0.0)",45
3018,12,9,11,"(0.0, 0.0, 0.11755819882518005, 0.01650583712158267, 0.0, 0.02375279233445006, 0.16773790467281977, 0.045741592131156826, 0.026121609841380632, 0.0)",1
3019,12,9,11,"(0.0, 0.0, 0.09864539577037362, 0.01650583712158267, 0.0, 0.030645849071221472, 0.16243652964526273, 0.08028238650273146, 0.04727126559901166, 0.0)",2
3020,12,9,11,"(0.0, 0.0, 0.09864539577037362, 0.01650583712158267, 0.0, 0.030645849071221472, 0.16773790467281977, 0.08028238650273146, 0.026121609841380632, 0.0)",27
3021,12,9,11,"(0.0, 0.0, 0.09864539577037362, 0.01650583712158267, 0.0, 0.030645849071221472, 0.16773790467281977, 0.087416883441291, 0.026121609841380632, 0.0)",21
3022,12,9,11,"(0.0, 0.0, 0.11755819882518005, 0.01650583712158267, 0.0, 0.02375279233445006, 0.16773790467281977, 0.08028238650273146, 0.013931311023485254, 0.0)",1
3023,12,9,11,"(0.0, 0.0, 0.11755819882518005, 0.020534336693467554, 0.0, 0.02375279233445006, 0.16773790467281977, 0.08028238650273146, 0.026121609841380632, 0.0)",1
3024,12,9,11,"(0.0, 0.0, 0.2540511307656923, 0.01650583712158267, 0.0, 0.030645849071221472, 0.16243652964526273, 0.08028238650273146, 0.026121609841380632, 0.0)",1
3025,12,9,11,"(0.0, 0.0, 0.09864539577037362, 0.028606884686527025, 0.0, 0.030645849071221472, 0.16243652964526273, 0.08028238650273146, 0.026121609841380632, 0.0)",3
3026,12,9,11,"(0.0, 0.0, 0.09864539577037362, 0.01650583712158267, 0.0, 0.030645849071221472, 0.16243652964526273, 0.08028238650273146, 0.026121609841380632, 0.0)",190
3027,12,9,11,"(0.0, 0.0, 0.09864539577037362, 0.01650583712158267, 0.0, 0.030645849071221472, 0.142238575445307, 0.08028238650273146, 0.026121609841380632, 0.0)",2
3028,12,9,11,"(0.0, 0.0, 0.09864539577037362, 0.01650583712158267, 0.0, 0.030645849071221472, 0.16243652964526273, 0.07431990269170209, 0.026121609841380632, 0.0)",5
3029,12,9,11,"(0.0, 0.0, 0.11755819882518005, 0.01650583712158267, 0.0, 0.014427677466310058, 0.16773790467281977, 0.11544366376454475, 0.034922844853672835, 0.0)",2
3030,12,9,11,"(0.0, 0.0, 0.11755819882518005, 0.01650583712158267, 0.0, 0.02375279233445006, 0.16773790467281977, 0.11040541451762373, 0.026121609841380632, 0.0)",1
3031,12,9,11,"(0.0, 0.0, 0.11755819882518005, 0.01650583712158267, 0.0, 0.02375279233445006, 0.16773790467281977, 0.08028238650273146, 0.026121609841380632, 0.0)",297
3032,12,9,11,"(0.0, 0.0, 0.11155317258431005, 0.01650583712158267, 0.0, 0.02375279233445006, 0.16773790467281977, 0.08028238650273146, 0.026121609841380632, 0.0)",2
3033,12,9,11,"(0.0, 0.0, 0.14325459705018523, 0.01650583712158267, 0.0, 0.030645849071221472, 0.16243652964526273, 0.08028238650273146, 0.026121609841380632, 0.0)",2
3034,12,10,13,"(0.0, 0.02461978404713738, 0.023035932332134326, 0.0, 0.042129376816195004, 0.022173256981297827, 0.0, 0.0, 0.01089208668844536, 0.00476393156717078)",12
3035,12,10,13,"(0.0, 0.02461978404713738, 0.023035932332134326, 0.0, 0.01810411441758469, 0.022173256981297827, 0.0, 0.0, 0.01089208668844536, 0.005113653369348465)",1
3036,12,10,13,"(0.0, 0.02461978404713738, 0.023035932332134326, 0.0, 0.01810411441758469, 0.016332184279186885, 0.0, 0.0, 0.01089208668844536, 0.00476393156717078)",1
3037,12,10,13,"(0.0, 0.017836662124322493, 0.023035932332134326, 0.0, 0.01810411441758469, 0.022173256981297827, 0.0, 0.0, 0.0059023944812349755, 0.00476393156717078)",1
3038,12,10,13,"(0.0, 0.02461978404713738, 0.023035932332134326, 0.0, 0.01810411441758469, 0.022173256981297827, 0.0, 0.0, 0.00623099834891896, 0.00476393156717078)",4
3039,12,10,13,"(0.0, 0.02461978404713738, 0.023035932332134326, 0.0, 0.01810411441758469, 0.022173256981297827, 0.0, 0.0, 0.01089208668844536, 0.00476393156717078)",338
3040,12,10,13,"(0.0, 0.02461978404713738, 0.023035932332134326, 0.0, 0.01810411441758469, 0.024647148136921027, 0.0, 0.0, 0.01089208668844536, 0.00476393156717078)",1
3041,12,10,13,"(0.0, 0.02461978404713738, 0.023035932332134326, 0.0, 0.01810411441758469, 0.030727054017421974, 0.0, 0.0, 0.012759758716294112, 0.00476393156717078)",1
3042,12,10,13,"(0.0, 0.02461978404713738, 0.023035932332134326, 0.0, 0.01810411441758469, 0.03271412271180837, 0.0, 0.0, 0.01089208668844536, 0.00476393156717078)",1
3043,12,10,13,"(0.0, 0.02461978404713738, 0.00891630115555844, 0.0, 0.01810411441758469, 0.022173256981297827, 0.0, 0.0, 0.01089208668844536, 0.00476393156717078)",4
3044,12,10,13,"(0.0, 0.02461978404713738, 0.013839504792099937, 0.0, 0.01810411441758469, 0.022173256981297827, 0.0, 0.0, 0.01089208668844536, 0.006593129053408794)",8
3045,12,11,13,"(0.0, 0.02461978404713738, 0.023035932332134326, 0.0, 0.016973567656639824, 0.022173256981297827, 0.0, 0.0, 0.01089208668844536, 0.004436641746586963)",257
3046,12,11,13,"(0.0, 0.02461978404713738, 0.023035932332134326, 0.0, 0.016973567656639824, 0.016388636306929112, 0.0, 0.0, 0.01089208668844536, 0.004436641746586963)",1
3047,12,11,13,"(0.0, 0.025153716708811065, 0.023035932332134326, 0.0, 0.016973567656639824, 0.022173256981297827, 0.0, 0.0, 0.01089208668844536, 0.005537931983497376)",1
3048,12,11,13,"(0.0, 0.02461978404713738, 0.023035932332134326, 0.0, 0.02959268386592472, 0.022173256981297827, 0.0, 0.0, 0.01089208668844536, 0.004436641746586963)",3
3049,12,11,13,"(0.0, 0.02461978404713738, 0.023035932332134326, 0.0, 0.01810411441758469, 0.022173256981297827, 0.0, 0.0, 0.01089208668844536, 0.00476393156717078)",48
3050,12,11,13,"(0.0, 0.02461978404713738, 0.02139726011761361, 0.0, 0.015989431616494253, 0.022173256981297827, 0.0, 0.0, 0.01089208668844536, 0.004436641746586963)",1
3051,12,11,13,"(0.0, 0.02461978404713738, 0.023035932332134326, 0.0, 0.016325696076123497, 0.022173256981297827, 0.0, 0.0, 0.01089208668844536, 0.004436641746586963)",1
3052,12,11,13,"(0.0, 0.02461978404713738, 0.03168478063541398, 0.0, 0.017223095125493748, 0.022173256981297827, 0.0, 0.0, 0.01089208668844536, 0.004436641746586963)",1
3053,12,11,13,"(0.0, 0.05404829275210743, 0.023035932332134326, 0.0, 0.01810411441758469, 0.022173256981297827, 0.0, 0.0, 0.014179135170956751, 0.004791689020038858)",1
3054,12,11,13,"(0.0, 0.02461978404713738, 0.03168478063541398, 0.0, 0.016973567656639824, 0.022173256981297827, 0.0, 0.0, 0.01089208668844536, 0.004436641746586963)",20
3055,12,11,13,"(0.0, 0.018145086210157264, 0.023035932332134326, 0.0, 0.027297522544906184, 0.06354425178796189, 0.0, 0.0, 0.01089208668844536, 0.004436641746586963)",1
3056,12,12,8,"(0.19235562551390653, 0.046525949225991035, 0.0, 0.0, 0.07022106556493442, 0.0, 0.08319516954615302, 0.1116381245929446, 0.0, 0.0)",255
3057,12,12,8,"(0.49986523537681904, 0.04980385279610101, 0.0, 0.0, 0.07022106556493442, 0.0, 0.1087272134709149, 0.1116381245929446, 0.0, 0.0)",1
3058,12,12,10,"(0.07734904686468291, 0.06927916245295945, 0.09682940930282144, 0.0017773360538905325, 0.0, 0.056307117219050094, 0.0, 0.10994488928074131, 0.0, 0.0)",2
3059,12,12,10,"(0.14760844378952648, 0.06927916245295945, 0.09682940930282144, 0.0017773360538905325, 0.0, 0.06291875767155253, 0.0, 0.10994488928074131, 0.0, 0.0)",46
3060,12,12,10,"(0.08275678988231279, 0.06927916245295945, 0.09682940930282144, 0.002172563061894123, 0.0, 0.06291875767155253, 0.0, 0.15918519619690785, 0.0, 0.0)",3
3061,12,12,10,"(0.07734904686468291, 0.06927916245295945, 0.09682940930282144, 0.0017773360538905325, 0.0, 0.06291875767155253, 0.0, 0.10994488928074131, 0.0, 0.0)",207
3062,12,12,10,"(0.07734904686468291, 0.06927916245295945, 0.09682940930282144, 0.001076794354769967, 0.0, 0.06291875767155253, 0.0, 0.10994488928074131, 0.0, 0.0)",6
3063,12,13,6,"(0.03426039533065134, 0.009243290138492663, 0.0, 0.030181603934096246, 0.005422768956954101, 0.0, 0.010560513420329659, 0.0, 0.028146417112716555, 0.09571915401286507)",1
3064,12,13,6,"(0.03426039533065134, 0.011572197494497125, 0.0, 0.030181603934096246, 0.005422768956954101, 0.0, 0.019795240631728064, 0.0, 0.028146417112716555, 0.05874522297052942)",221
3065,12,13,6,"(0.03426039533065134, 0.011572197494497125, 0.0, 0.030181603934096246, 0.005422768956954101, 0.0, 0.019795240631728064, 0.0, 0.04216823989598438, 0.05874522297052942)",1
3066,12,13,14,"(0.0, 0.017248724174617657, 0.0, 0.0, 0.0, 0.0, 0.1096916615896246, 0.07609886892949795, 0.03621416498310447, 0.0)",271
3067,12,13,14,"(0.0, 0.02328033164400151, 0.0, 0.0, 0.0, 0.0, 0.1096916615896246, 0.07609886892949795, 0.03621416498310447, 0.0)",1
3068,12,13,14,"(0.0, 0.017248724174617657, 0.0, 0.0, 0.0, 0.0, 0.1096916615896246, 0.08803557222890321, 0.03621416498310447, 0.0)",1
3069,12,14,11,"(0.0, 0.0, 0.09864539577037362, 0.01650583712158267, 0.0, 0.030645849071221472, 0.16773790467281977, 0.08028238650273146, 0.026121609841380632, 0.0)",135
3070,12,14,13,"(0.0, 0.02312228201889771, 0.023035932332134326, 0.0, 0.029287759050719522, 0.022173256981297827, 0.0, 0.0, 0.01089208668844536, 0.00476393156717078)",15
3071,12,14,13,"(0.0, 0.01638922653888612, 0.023035932332134326, 0.0, 0.01810411441758469, 0.022173256981297827, 0.0, 0.0, 0.00918265890305602, 0.00644511201702079)",2
3072,12,14,13,"(0.0, 0.03354125709152538, 0.023035932332134326, 0.0, 0.029287759050719522, 0.022173256981297827, 0.0, 0.0, 0.01089208668844536, 0.00476393156717078)",1
3073,12,14,13,"(0.0, 0.02461978404713738, 0.023035932332134326, 0.0, 0.01810411441758469, 0.02314406793371931, 0.0, 0.0, 0.018520081533921165, 0.00450735985427706)",1
3074,12,14,13,"(0.0, 0.010190665211424891, 0.023035932332134326, 0.0, 0.01810411441758469, 0.022173256981297827, 0.0, 0.0, 0.01089208668844536, 0.00476393156717078)",1
3075,12,14,13,"(0.0, 0.02461978404713738, 0.023035932332134326, 0.0, 0.01810411441758469, 0.022173256981297827, 0.0, 0.0, 0.01089208668844536, 0.00476393156717078)",322
3076,12,15,6,"(0.03534359889266673, 0.011572197494497125, 0.0, 0.030181603934096246, 0.005422768956954101, 0.0, 0.019795240631728064, 0.0, 0.028146417112716555, 0.05874522297052942)",1
3077,12,15,6,"(0.03426039533065134, 0.011572197494497125, 0.0, 0.030181603934096246, 0.005422768956954101, 0.0, 0.019795240631728064, 0.0, 0.028146417112716555, 0.05874522297052942)",143
3078,12,15,6,"(0.03426039533065134, 0.011572197494497125, 0.0, 0.030181603934096246, 0.004854504144658264, 0.0, 0.019795240631728064, 0.0, 0.028146417112716555, 0.05874522297052942)",1
3079,12,15,11,"(0.0, 0.0, 0.09864539577037362, 0.01650583712158267, 0.0, 0.030645849071221472, 0.07731537440811079, 0.08028238650273146, 0.026121609841380632, 0.0)",1
3080,12,15,11,"(0.0, 0.0, 0.09864539577037362, 0.01650583712158267, 0.0, 0.030645849071221472, 0.13049626713566656, 0.10464859494020542, 0.011737478914909427, 0.0)",20
3081,12,15,11,"(0.0, 0.0, 0.11839367174953695, 0.01650583712158267, 0.0, 0.030645849071221472, 0.11261862213156296, 0.0404147798164449, 0.026121609841380632, 0.0)",2
3082,12,15,11,"(0.0, 0.0, 0.09864539577037362, 0.01650583712158267, 0.0, 0.030645849071221472, 0.13049626713566656, 0.0495090679884269, 0.026121609841380632, 0.0)",27
3083,12,15,11,"(0.0, 0.0, 0.11839367174953695, 0.01650583712158267, 0.0, 0.030645849071221472, 0.16773790467281977, 0.0404147798164449, 0.026967252293056194, 0.0)",1
3084,12,15,11,"(0.0, 0.0, 0.09864539577037362, 0.01650583712158267, 0.0, 0.030645849071221472, 0.08389493655505556, 0.08028238650273146, 0.017022911088350093, 0.0)",2
3085,12,15,11,"(0.0, 0.0, 0.11839367174953695, 0.01650583712158267, 0.0, 0.030645849071221472, 0.16773790467281977, 0.0404147798164449, 0.026121609841380632, 0.0)",179
3086,12,15,11,"(0.0, 0.0, 0.09864539577037362, 0.01650583712158267, 0.0, 0.030645849071221472, 0.13049626713566656, 0.08028238650273146, 0.026121609841380632, 0.0)",112
3087,12,15,11,"(0.0, 0.0, 0.11839367174953695, 0.01650583712158267, 0.0, 0.030645849071221472, 0.16773790467281977, 0.03686177081981506, 0.026121609841380632, 0.0)",1
3088,12,15,11,"(0.0, 0.0, 0.09864539577037362, 0.01650583712158267, 0.0, 0.030645849071221472, 0.13049626713566656, 0.08028238650273146, 0.02655928954048459, 0.0)",2
3089,12,16,1,"(0.0, 0.0, 0.041406372128065916, 0.0, 0.0, 0.0199117526153351, 0.0, 0.0, 0.0, 0.05503784051862575)",7
3090,12,16,1,"(0.0, 0.0, 0.041406372128065916, 0.0, 0.0, 0.021411524469201408, 0.0, 0.0, 0.0, 0.09965925051150999)",1
3091,12,16,1,"(0.0, 0.0, 0.041406372128065916, 0.0, 0.0, 0.02901308962934324, 0.0, 0.0, 0.0, 0.06202777696693226)",7
3092,12,16,1,"(0.0, 0.0, 0.041406372128065916, 0.0, 0.0, 0.01888513220141158, 0.0, 0.0, 0.0, 0.09965925051150999)",2
3093,12,16,1,"(0.0, 0.0, 0.0647425749188291, 0.0, 0.0, 0.0199117526153351, 0.0, 0.0, 0.0, 0.09965925051150999)",2
3094,12,16,1,"(0.0, 0.0, 0.09418999581017247, 0.0, 0.0, 0.0199117526153351, 0.0, 0.0, 0.0, 0.09965925051150999)",2
3095,12,16,1,"(0.0, 0.0, 0.041406372128065916, 0.0, 0.0, 0.0199117526153351, 0.0, 0.0, 0.0, 0.07235017526839885)",1
3096,12,16,1,"(0.0, 0.0, 0.041406372128065916, 0.0, 0.0, 0.0199117526153351, 0.0, 0.0, 0.0, 0.09965925051150999)",762
3097,12,16,1,"(0.0, 0.0, 0.041406372128065916, 0.0, 0.0, 0.029978399041247692, 0.0, 0.0, 0.0, 0.06453868268270269)",1
3098,12,16,1,"(0.0, 0.0, 0.025593917435715888, 0.0, 0.0, 0.016302046115510872, 0.0, 0.0, 0.0, 0.09965925051150999)",1
3099,12,16,1,"(0.0, 0.0, 0.041406372128065916, 0.0, 0.0, 0.029978399041247692, 0.0, 0.0, 0.0, 0.0859759025642678)",3
3100,12,16,1,"(0.0, 0.0, 0.10034542472555348, 0.0, 0.0, 0.0199117526153351, 0.0, 0.0, 0.0, 0.09965925051150999)",4
3101,12,16,1,"(0.0, 0.0, 0.10433888293645743, 0.0, 0.0, 0.014206390024353978, 0.0, 0.0, 0.0, 0.14871080298106915)",1
3102,12,16,8,"(0.16507889091742442, 0.046525949225991035, 0.0, 0.0, 0.07022106556493442, 0.0, 0.08319516954615302, 0.1116381245929446, 0.0, 0.0)",88
3103,12,16,8,"(0.19235562551390653, 0.046525949225991035, 0.0, 0.0, 0.07022106556493442, 0.0, 0.08319516954615302, 0.1116381245929446, 0.0, 0.0)",130
3104,12,17,1,"(0.0, 0.0, 0.07951365598419417, 0.0, 0.0, 0.030018978917809972, 0.0, 0.0, 0.0, 0.0910060267578522)",2
3105,12,17,1,"(0.0, 0.0, 0.10922905711608999, 0.0, 0.0, 0.030018978917809972, 0.0, 0.0, 0.0, 0.1297153446274587)",2
3106,12,17,1,"(0.0, 0.0, 0.10922905711608999, 0.0, 0.0, 0.11113226299851373, 0.0, 0.0, 0.0, 0.09965925051150999)",1
3107,12,17,1,"(0.0, 0.0, 0.10922905711608999, 0.0, 0.0, 0.030018978917809972, 0.0, 0.0, 0.0, 0.14589341425801955)",2
3108,12,17,1,"(0.0, 0.0, 0.10922905711608999, 0.0, 0.0, 0.030018978917809972, 0.0, 0.0, 0.0, 0.0910060267578522)",440
3109,12,17,1,"(0.0, 0.0, 0.10922905711608999, 0.0, 0.0, 0.07577624578880941, 0.0, 0.0, 0.0, 0.07596316510754474)",1
3110,12,17,1,"(0.0, 0.0, 0.10922905711608999, 0.0, 0.0, 0.07577624578880941, 0.0, 0.0, 0.0, 0.2468872884602693)",2
3111,12,17,1,"(0.0, 0.0, 0.10922905711608999, 0.0, 0.0, 0.030018978917809972, 0.0, 0.0, 0.0, 0.07851151806104512)",1
3112,12,17,1,"(0.0, 0.0, 0.19889797525565855, 0.0, 0.0, 0.030018978917809972, 0.0, 0.0, 0.0, 0.11702536792434573)",1
3113,12,17,1,"(0.0, 0.0, 0.10922905711608999, 0.0, 0.0, 0.07577624578880941, 0.0, 0.0, 0.0, 0.09965925051150999)",119
3114,12,17,1,"(0.0, 0.0, 0.10056850012558667, 0.0, 0.0, 0.030018978917809972, 0.0, 0.0, 0.0, 0.0910060267578522)",5
3115,12,17,1,"(0.0, 0.0, 0.10922905711608999, 0.0, 0.0, 0.030018978917809972, 0.0, 0.0, 0.0, 0.09328538559343004)",9
3116,12,17,8,"(0.19235562551390653, 0.046525949225991035, 0.0, 0.0, 0.07022106556493442, 0.0, 0.08319516954615302, 0.1116381245929446, 0.0, 0.0)",157
3117,12,17,8,"(0.19235562551390653, 0.04632028014141928, 0.0, 0.0, 0.07022106556493442, 0.0, 0.08319516954615302, 0.1116381245929446, 0.0, 0.0)",72
3118,12,17,8,"(0.19235562551390653, 0.046525949225991035, 0.0, 0.0, 0.07022106556493442, 0.0, 0.10463035719944849, 0.1116381245929446, 0.0, 0.0)",2
3119,12,17,8,"(0.17457335366849025, 0.046525949225991035, 0.0, 0.0, 0.07022106556493442, 0.0, 0.08319516954615302, 0.1116381245929446, 0.0, 0.0)",2
3120,12,17,8,"(0.19235562551390653, 0.046525949225991035, 0.0, 0.0, 0.07022106556493442, 0.0, 0.07667370473738402, 0.1116381245929446, 0.0, 0.0)",7
3121,12,17,8,"(0.35177139383529993, 0.04632028014141928, 0.0, 0.0, 0.07022106556493442, 0.0, 0.08319516954615302, 0.1116381245929446, 0.0, 0.0)",7
3122,12,18,10,"(0.07734904686468291, 0.06927916245295945, 0.09682940930282144, 0.0017773360538905325, 0.0, 0.06291875767155253, 0.0, 0.10994488928074131, 0.0, 0.0)",98
3123,12,18,10,"(0.12798816643169955, 0.06927916245295945, 0.07740185400328482, 0.001366504129989334, 0.0, 0.06291875767155253, 0.0, 0.10994488928074131, 0.0, 0.0)",1
3124,12,18,10,"(0.07734904686468291, 0.08464166216675782, 0.09943240365545393, 0.0017773360538905325, 0.0, 0.06291875767155253, 0.0, 0.10994488928074131, 0.0, 0.0)",67
3125,12,18,10,"(0.07734904686468291, 0.08464166216675782, 0.09943240365545393, 0.0028551722880488747, 0.0, 0.06291875767155253, 0.0, 0.10994488928074131, 0.0, 0.0)",1
3126,12,18,10,"(0.07734904686468291, 0.08464166216675782, 0.09943240365545393, 0.0012006864055444384, 0.0, 0.06291875767155253, 0.0, 0.10994488928074131, 0.0, 0.0)",1
3127,12,18,10,"(0.07734904686468291, 0.11561919401294533, 0.09943240365545393, 0.0017773360538905325, 0.0, 0.027648112544538857, 0.0, 0.10994488928074131, 0.0, 0.0)",2
3128,12,18,11,"(0.0, 0.0, 0.09864539577037362, 0.008389615704948457, 0.0, 0.03150275214907511, 0.13038533056739307, 0.08028238650273146, 0.026121609841380632, 0.0)",1
3129,12,18,11,"(0.0, 0.0, 0.09864539577037362, 0.01650583712158267, 0.0, 0.030645849071221472, 0.23687037859247687, 0.08028238650273146, 0.026121609841380632, 0.0)",1
3130,12,18,11,"(0.0, 0.0, 0.09864539577037362, 0.01650583712158267, 0.0, 0.03150275214907511, 0.2199263834957547, 0.08028238650273146, 0.026121609841380632, 0.0)",1
3131,12,18,11,"(0.0, 0.0, 0.09864539577037362, 0.01650583712158267, 0.0, 0.030645849071221472, 0.16773790467281977, 0.0857216734527975, 0.026121609841380632, 0.0)",1
3132,12,18,11,"(0.0, 0.0, 0.09864539577037362, 0.01650583712158267, 0.0, 0.030645849071221472, 0.16773790467281977, 0.126379394091005, 0.026121609841380632, 0.0)",2
3133,12,18,11,"(0.0, 0.0, 0.09864539577037362, 0.01650583712158267, 0.0, 0.030645849071221472, 0.16773790467281977, 0.09074409788965537, 0.026121609841380632, 0.0)",8
3134,12,18,11,"(0.0, 0.0, 0.09864539577037362, 0.01650583712158267, 0.0, 0.030645849071221472, 0.16773790467281977, 0.08028238650273146, 0.026121609841380632, 0.0)",231
3135,12,18,11,"(0.0, 0.0, 0.09864539577037362, 0.01650583712158267, 0.0, 0.03150275214907511, 0.13038533056739307, 0.08028238650273146, 0.026121609841380632, 0.0)",238
3136,12,18,11,"(0.0, 0.0, 0.09864539577037362, 0.01650583712158267, 0.0, 0.030645849071221472, 0.16773790467281977, 0.08028238650273146, 0.02873308956446372, 0.0)",69
3137,12,18,11,"(0.0, 0.0, 0.10513489437037804, 0.01650583712158267, 0.0, 0.030645849071221472, 0.08255375986978886, 0.08028238650273146, 0.03485753055545407, 0.0)",2
3138,12,19,0,"(0.11361288000876431, 0.0, 0.0, 0.0, 0.0, 0.017098731129875016, 0.07947635905938336, 0.0691048466035698, 0.0, 0.0)",17
3139,12,19,0,"(0.07400250769571483, 0.0, 0.0, 0.0, 0.0, 0.017098731129875016, 0.08380840797570269, 0.0691048466035698, 0.0, 0.0)",71
3140,12,19,13,"(0.0, 0.02461978404713738, 0.023035932332134326, 0.0, 0.01810411441758469, 0.022173256981297827, 0.0, 0.0, 0.01089208668844536, 0.007233588525844144)",1
3141,12,19,13,"(0.0, 0.02461978404713738, 0.023035932332134326, 0.0, 0.007668801584406981, 0.022173256981297827, 0.0, 0.0, 0.01089208668844536, 0.00476393156717078)",1
3142,12,19,13,"(0.0, 0.02461978404713738, 0.023035932332134326, 0.0, 0.02071509378159617, 0.022173256981297827, 0.0, 0.0, 0.01089208668844536, 0.00476393156717078)",56
3143,12,19,13,"(0.0, 0.02461978404713738, 0.030236621818586915, 0.0, 0.01810411441758469, 0.022173256981297827, 0.0, 0.0, 0.01089208668844536, 0.00476393156717078)",1
3144,12,19,13,"(0.0, 0.02461978404713738, 0.023035932332134326, 0.0, 0.01810411441758469, 0.022173256981297827, 0.0, 0.0, 0.01089208668844536, 0.003077424047382419)",1
3145,12,19,13,"(0.0, 0.02461978404713738, 0.023035932332134326, 0.0, 0.01810411441758469, 0.022173256981297827, 0.0, 0.0, 0.01089208668844536, 0.00476393156717078)",221
3146,12,19,13,"(0.0, 0.02461978404713738, 0.023035932332134326, 0.0, 0.01810411441758469, 0.022173256981297827, 0.0, 0.0, 0.01089208668844536, 0.005941327016928342)",2
3147,12,20,10,"(0.07734904686468291, 0.06927916245295945, 0.09682940930282144, 0.0017773360538905325, 0.0, 0.06291875767155253, 0.0, 0.10994488928074131, 0.0, 0.0)",143
3148,12,20,10,"(0.07734904686468291, 0.06927916245295945, 0.03764908435062533, 0.0017773360538905325, 0.0, 0.06291875767155253, 0.0, 0.10994488928074131, 0.0, 0.0)",2
3149,12,20,10,"(0.0564713118368183, 0.06927916245295945, 0.09176188802500726, 0.0017773360538905325, 0.0, 0.06291875767155253, 0.0, 0.10994488928074131, 0.0, 0.0)",1
3150,12,20,10,"(0.07734904686468291, 0.06927916245295945, 0.09682940930282144, 0.0017773360538905325, 0.0, 0.08913654066220857, 0.0, 0.10994488928074131, 0.0, 0.0)",1
3151,12,20,11,"(0.0, 0.0, 0.09864539577037362, 0.01650583712158267, 0.0, 0.030645849071221472, 0.09572491856946197, 0.08028238650273146, 0.036485718580663774, 0.0)",86
3152,12,20,11,"(0.0, 0.0, 0.08014159865348675, 0.01650583712158267, 0.0, 0.030645849071221472, 0.09289406711266904, 0.08028238650273146, 0.036485718580663774, 0.0)",5
3153,12,20,11,"(0.0, 0.0, 0.08014159865348675, 0.019852763509755303, 0.0, 0.024518756140245818, 0.09572491856946197, 0.08028238650273146, 0.036485718580663774, 0.0)",41
3154,12,20,11,"(0.0, 0.0, 0.08014159865348675, 0.01650583712158267, 0.0, 0.023810056174915762, 0.09572491856946197, 0.061650357971025936, 0.036485718580663774, 0.0)",3
3155,12,20,11,"(0.0, 0.0, 0.08014159865348675, 0.01650583712158267, 0.0, 0.04801983823349664, 0.09572491856946197, 0.08028238650273146, 0.036485718580663774, 0.0)",1
3156,12,20,11,"(0.0, 0.0, 0.13571844580295206, 0.01650583712158267, 0.0, 0.030645849071221472, 0.09572491856946197, 0.06442290882062042, 0.036485718580663774, 0.0)",1
3157,12,20,11,"(0.0, 0.0, 0.09864539577037362, 0.01650583712158267, 0.0, 0.030645849071221472, 0.09252139805958623, 0.08028238650273146, 0.036485718580663774, 0.0)",43
3158,12,20,11,"(0.0, 0.0, 0.1287389721784199, 0.01650583712158267, 0.0, 0.030645849071221472, 0.14607333583966614, 0.08028238650273146, 0.036485718580663774, 0.0)",1
3159,12,20,11,"(0.0, 0.0, 0.08014159865348675, 0.01650583712158267, 0.0, 0.030645849071221472, 0.09572491856946197, 0.08028238650273146, 0.027281608101370432, 0.0)",1
3160,12,20,11,"(0.0, 0.0, 0.09864539577037362, 0.01650583712158267, 0.0, 0.030645849071221472, 0.14404073867371156, 0.08028238650273146, 0.036485718580663774, 0.0)",1
3161,12,20,11,"(0.0, 0.0, 0.08014159865348675, 0.01650583712158267, 0.0, 0.030645849071221472, 0.09572491856946197, 0.08028238650273146, 0.036485718580663774, 0.0)",344
3162,13,0,6,"(0.03426039533065134, 0.011572197494497125, 0.0, 0.030181603934096246, 0.005422768956954101, 0.0, 0.019795240631728064, 0.0, 0.028146417112716555, 0.05874522297052942)",130
3163,13,0,6,"(0.03426039533065134, 0.01068731914119272, 0.0, 0.030181603934096246, 0.005422768956954101, 0.0, 0.019795240631728064, 0.0, 0.028146417112716555, 0.05874522297052942)",11
3164,13,0,6,"(0.03426039533065134, 0.011572197494497125, 0.0, 0.03256982540335723, 0.005422768956954101, 0.0, 0.019795240631728064, 0.0, 0.028146417112716555, 0.05874522297052942)",1
3165,13,0,11,"(0.0, 0.0, 0.06200374261520503, 0.010654525538403636, 0.0, 0.030645849071221472, 0.32750844884953206, 0.08028238650273146, 0.026121609841380632, 0.0)",1
3166,13,0,11,"(0.0, 0.0, 0.06200374261520503, 0.010654525538403636, 0.0, 0.024471972199949295, 0.16773790467281977, 0.08028238650273146, 0.026121609841380632, 0.0)",1
3167,13,0,11,"(0.0, 0.0, 0.06200374261520503, 0.010654525538403636, 0.0, 0.030645849071221472, 0.16773790467281977, 0.08224175396779543, 0.026121609841380632, 0.0)",1
3168,13,0,11,"(0.0, 0.0, 0.06200374261520503, 0.010654525538403636, 0.0, 0.030645849071221472, 0.16773790467281977, 0.08028238650273146, 0.024640588944275236, 0.0)",1
3169,13,0,11,"(0.0, 0.0, 0.06200374261520503, 0.01810036242340956, 0.0, 0.030645849071221472, 0.13411965614269478, 0.08028238650273146, 0.026121609841380632, 0.0)",1
3170,13,0,11,"(0.0, 0.0, 0.06200374261520503, 0.010654525538403636, 0.0, 0.030645849071221472, 0.16773790467281977, 0.08028238650273146, 0.026121609841380632, 0.0)",267
3171,13,0,11,"(0.0, 0.0, 0.09864539577037362, 0.01650583712158267, 0.0, 0.030645849071221472, 0.17598655561808332, 0.08028238650273146, 0.026121609841380632, 0.0)",1
3172,13,0,11,"(0.0, 0.0, 0.06200374261520503, 0.010654525538403636, 0.0, 0.030645849071221472, 0.16773790467281977, 0.08028238650273146, 0.0355565212938348, 0.0)",2
3173,13,0,11,"(0.0, 0.0, 0.09864539577037362, 0.01650583712158267, 0.0, 0.030645849071221472, 0.16773790467281977, 0.08028238650273146, 0.026121609841380632, 0.0)",88
3174,13,1,6,"(0.03426039533065134, 0.011572197494497125, 0.0, 0.027991020116389605, 0.005422768956954101, 0.0, 0.019795240631728064, 0.0, 0.028146417112716555, 0.05874522297052942)",1
3175,13,1,6,"(0.03426039533065134, 0.011572197494497125, 0.0, 0.024422819748631634, 0.005422768956954101, 0.0, 0.019795240631728064, 0.0, 0.028146417112716555, 0.05874522297052942)",1
3176,13,1,6,"(0.03426039533065134, 0.011572197494497125, 0.0, 0.030181603934096246, 0.005422768956954101, 0.0, 0.019795240631728064, 0.0, 0.026053421115121374, 0.05874522297052942)",3
3177,13,1,6,"(0.02775522383508339, 0.011572197494497125, 0.0, 0.030181603934096246, 0.0073388851216442995, 0.0, 0.019795240631728064, 0.0, 0.028146417112716555, 0.05874522297052942)",1
3178,13,1,6,"(0.03426039533065134, 0.011572197494497125, 0.0, 0.030181603934096246, 0.005422768956954101, 0.0, 0.03594567372292083, 0.0, 0.028146417112716555, 0.05874522297052942)",7
3179,13,1,6,"(0.03426039533065134, 0.011572197494497125, 0.0, 0.030181603934096246, 0.005422768956954101, 0.0, 0.019795240631728064, 0.0, 0.028146417112716555, 0.05874522297052942)",280
3180,13,1,6,"(0.032035744317847524, 0.011572197494497125, 0.0, 0.030181603934096246, 0.005422768956954101, 0.0, 0.019795240631728064, 0.0, 0.027488329519350402, 0.05874522297052942)",2
3181,13,1,8,"(0.19235562551390653, 0.037175757397501334, 0.0, 0.0, 0.07022106556493442, 0.0, 0.08319516954615302, 0.1116381245929446, 0.0, 0.0)",4
3182,13,1,8,"(0.19235562551390653, 0.046525949225991035, 0.0, 0.0, 0.07022106556493442, 0.0, 0.08319516954615302, 0.12381795892215729, 0.0, 0.0)",1
3183,13,1,8,"(0.19235562551390653, 0.046525949225991035, 0.0, 0.0, 0.05921136701734858, 0.0, 0.08319516954615302, 0.1116381245929446, 0.0, 0.0)",2
3184,13,1,8,"(0.19235562551390653, 0.046525949225991035, 0.0, 0.0, 0.07022106556493442, 0.0, 0.08319516954615302, 0.1116381245929446, 0.0, 0.0)",145
3185,13,1,8,"(0.14296441333164558, 0.046525949225991035, 0.0, 0.0, 0.07022106556493442, 0.0, 0.08319516954615302, 0.1116381245929446, 0.0, 0.0)",2
3186,13,2,13,"(0.0, 0.02461978404713738, 0.023035932332134326, 0.0, 0.00970885425506607, 0.02745041641997059, 0.0, 0.0, 0.006520255912847466, 0.00476393156717078)",1
3187,13,2,13,"(0.0, 0.02461978404713738, 0.023035932332134326, 0.0, 0.00970885425506607, 0.022173256981297827, 0.0, 0.0, 0.01089208668844536, 0.00476393156717078)",106
3188,13,2,13,"(0.0, 0.02461978404713738, 0.023035932332134326, 0.0, 0.007565233366650747, 0.017072882883859778, 0.0, 0.0, 0.009932058815082039, 0.00476393156717078)",1
3189,13,2,13,"(0.0, 0.02461978404713738, 0.023035932332134326, 0.0, 0.00970885425506607, 0.022173256981297827, 0.0, 0.0, 0.02105528939055681, 0.00476393156717078)",3
3190,13,2,13,"(0.0, 0.02461978404713738, 0.035294145602668706, 0.0, 0.00970885425506607, 0.022173256981297827, 0.0, 0.0, 0.01089208668844536, 0.004174584055619134)",1
3191,13,2,13,"(0.0, 0.02461978404713738, 0.023035932332134326, 0.0, 0.00970885425506607, 0.022173256981297827, 0.0, 0.0, 0.01089208668844536, 0.004174584055619134)",22
3192,13,2,13,"(0.0, 0.02461978404713738, 0.012488192435894057, 0.0, 0.01810411441758469, 0.025902942973352733, 0.0, 0.0, 0.01089208668844536, 0.00476393156717078)",56
3193,13,2,13,"(0.0, 0.02461978404713738, 0.012488192435894057, 0.0, 0.01810411441758469, 0.025902942973352733, 0.0, 0.0, 0.01089208668844536, 0.0018043562530437784)",1
3194,13,2,13,"(0.0, 0.02461978404713738, 0.023035932332134326, 0.0, 0.007881179961363186, 0.022173256981297827, 0.0, 0.0, 0.01089208668844536, 0.00476393156717078)",1
3195,13,2,13,"(0.0, 0.02461978404713738, 0.012488192435894057, 0.0, 0.01810411441758469, 0.025902942973352733, 0.0, 0.0, 0.01089208668844536, 0.004396149308064861)",1
3196,13,2,13,"(0.0, 0.02461978404713738, 0.023035932332134326, 0.0, 0.00970885425506607, 0.018416923032115128, 0.0, 0.0, 0.01089208668844536, 0.00476393156717078)",1
3197,13,2,13,"(0.0, 0.02461978404713738, 0.023035932332134326, 0.0, 0.009154984786269034, 0.022173256981297827, 0.0, 0.0, 0.01089208668844536, 0.00476393156717078)",2
3198,13,3,13,"(0.0, 0.02461978404713738, 0.023035932332134326, 0.0, 0.01810411441758469, 0.022173256981297827, 0.0, 0.0, 0.01089208668844536, 0.003317085710098082)",2
3199,13,3,13,"(0.0, 0.02461978404713738, 0.023035932332134326, 0.0, 0.01810411441758469, 0.027673100305070336, 0.0, 0.0, 0.01089208668844536, 0.00476393156717078)",2
3200,13,3,13,"(0.0, 0.02461978404713738, 0.023035932332134326, 0.0, 0.01810411441758469, 0.022173256981297827, 0.0, 0.0, 0.013449262080260998, 0.00476393156717078)",2
3201,13,3,13,"(0.0, 0.02461978404713738, 0.023035932332134326, 0.0, 0.01810411441758469, 0.022173256981297827, 0.0, 0.0, 0.01089208668844536, 0.00476393156717078)",211
3202,13,3,13,"(0.0, 0.02461978404713738, 0.023035932332134326, 0.0, 0.022538453726654167, 0.022173256981297827, 0.0, 0.0, 0.010120689233912756, 0.00476393156717078)",1
3203,13,3,13,"(0.0, 0.02461978404713738, 0.023035932332134326, 0.0, 0.011404930686258377, 0.022173256981297827, 0.0, 0.0, 0.012056063817812651, 0.00476393156717078)",2
3204,13,3,13,"(0.0, 0.02461978404713738, 0.023035932332134326, 0.0, 0.01810411441758469, 0.022173256981297827, 0.0, 0.0, 0.01089208668844536, 0.00625319780666974)",1
3205,13,3,13,"(0.0, 0.02461978404713738, 0.023035932332134326, 0.0, 0.01810411441758469, 0.020896042802124124, 0.0, 0.0, 0.01089208668844536, 0.00476393156717078)",1
3206,13,3,13,"(0.0, 0.02461978404713738, 0.023035932332134326, 0.0, 0.019853092193834493, 0.022173256981297827, 0.0, 0.0, 0.01089208668844536, 0.00476393156717078)",2
3207,13,3,13,"(0.0, 0.01728859869556712, 0.023035932332134326, 0.0, 0.01810411441758469, 0.022173256981297827, 0.0, 0.0, 0.01089208668844536, 0.00476393156717078)",1
3208,13,3,13,"(0.0, 0.02461978404713738, 0.023035932332134326, 0.0, 0.01810411441758469, 0.022173256981297827, 0.0, 0.0, 0.01089208668844536, 0.0024406349647482155)",14
3209,13,4,11,"(0.0, 0.0, 0.12323052122040382, 0.01650583712158267, 0.0, 0.030645849071221472, 0.16773790467281977, 0.08028238650273146, 0.028700033456034574, 0.0)",3
3210,13,4,11,"(0.0, 0.0, 0.09864539577037362, 0.01650583712158267, 0.0, 0.030645849071221472, 0.08153022673827125, 0.04302799597877448, 0.026121609841380632, 0.0)",1
3211,13,4,11,"(0.0, 0.0, 0.09864539577037362, 0.023523697571713617, 0.0, 0.030645849071221472, 0.16773790467281977, 0.08028238650273146, 0.017579589817086686, 0.0)",1
3212,13,4,11,"(0.0, 0.0, 0.0943644423777591, 0.009599802516987473, 0.0, 0.030645849071221472, 0.16773790467281977, 0.08028238650273146, 0.026121609841380632, 0.0)",1
3213,13,4,11,"(0.0, 0.0, 0.12323052122040382, 0.01650583712158267, 0.0, 0.030645849071221472, 0.16773790467281977, 0.08028238650273146, 0.026121609841380632, 0.0)",64
3214,13,4,11,"(0.0, 0.0, 0.09864539577037362, 0.01650583712158267, 0.0, 0.04795273559819465, 0.08153022673827125, 0.07240876560513207, 0.026121609841380632, 0.0)",1
3215,13,4,11,"(0.0, 0.0, 0.09864539577037362, 0.016529264424256777, 0.0, 0.030645849071221472, 0.16773790467281977, 0.08028238650273146, 0.017579589817086686, 0.0)",75
3216,13,4,11,"(0.0, 0.0, 0.09864539577037362, 0.01650583712158267, 0.0, 0.030645849071221472, 0.08153022673827125, 0.08534753882008339, 0.026121609841380632, 0.0)",2
3217,13,4,11,"(0.0, 0.0, 0.09864539577037362, 0.01650583712158267, 0.0, 0.030645849071221472, 0.08153022673827125, 0.07240876560513207, 0.026121609841380632, 0.0)",359
3218,13,4,11,"(0.0, 0.0, 0.0943644423777591, 0.01650583712158267, 0.0, 0.030645849071221472, 0.16773790467281977, 0.08028238650273146, 0.026121609841380632, 0.0)",35
3219,13,4,11,"(0.0, 0.0, 0.09864539577037362, 0.01650583712158267, 0.0, 0.030645849071221472, 0.16773790467281977, 0.08028238650273146, 0.026121609841380632, 0.0)",25
3220,13,5,0,"(0.07400250769571483, 0.0, 0.0, 0.0, 0.0, 0.06488493461148054, 0.08380840797570269, 0.05015325966666236, 0.0, 0.0)",13
3221,13,5,0,"(0.07400250769571483, 0.0, 0.0, 0.0, 0.0, 0.038664151314593, 0.08380840797570269, 0.05015325966666236, 0.0, 0.0)",209
3222,13,5,0,"(0.07400250769571483, 0.0, 0.0, 0.0, 0.0, 0.01759199169444947, 0.07306598978346968, 0.0691048466035698, 0.0, 0.0)",1
3223,13,5,0,"(0.10027708824822257, 0.0, 0.0, 0.0, 0.0, 0.01759199169444947, 0.10082294420673965, 0.07997768580108361, 0.0, 0.0)",1
3224,13,5,0,"(0.07400250769571483, 0.0, 0.0, 0.0, 0.0, 0.01759199169444947, 0.10082294420673965, 0.0691048466035698, 0.0, 0.0)",54
3225,13,5,6,"(0.03426039533065134, 0.011572197494497125, 0.0, 0.030181603934096246, 0.005422768956954101, 0.0, 0.019795240631728064, 0.0, 0.021183703654800594, 0.05874522297052942)",1
3226,13,5,6,"(0.03426039533065134, 0.011572197494497125, 0.0, 0.030181603934096246, 0.005422768956954101, 0.0, 0.019795240631728064, 0.0, 0.028146417112716555, 0.05874522297052942)",252
3227,13,5,6,"(0.03426039533065134, 0.011572197494497125, 0.0, 0.030181603934096246, 0.005422768956954101, 0.0, 0.022317449897195706, 0.0, 0.028146417112716555, 0.05874522297052942)",1
3228,13,5,6,"(0.03426039533065134, 0.011572197494497125, 0.0, 0.030181603934096246, 0.005422768956954101, 0.0, 0.019795240631728064, 0.0, 0.028146417112716555, 0.06510681444560244)",2
3229,13,6,0,"(0.09034101195036356, 0.0, 0.0, 0.0, 0.0, 0.017098731129875016, 0.08380840797570269, 0.0691048466035698, 0.0, 0.0)",1
3230,13,6,0,"(0.07400250769571483, 0.0, 0.0, 0.0, 0.0, 0.017098731129875016, 0.08380840797570269, 0.10117084919705972, 0.0, 0.0)",85
3231,13,6,0,"(0.07400250769571483, 0.0, 0.0, 0.0, 0.0, 0.009735085933165867, 0.088351823603147, 0.0691048466035698, 0.0, 0.0)",1
3232,13,6,0,"(0.07400250769571483, 0.0, 0.0, 0.0, 0.0, 0.017098731129875016, 0.08380840797570269, 0.0691048466035698, 0.0, 0.0)",169
3233,13,6,0,"(0.07400250769571483, 0.0, 0.0, 0.0, 0.0, 0.017098731129875016, 0.05687417712748867, 0.0691048466035698, 0.0, 0.0)",2
3234,13,7,13,"(0.0, 0.02461978404713738, 0.023035932332134326, 0.0, 0.01810411441758469, 0.022173256981297827, 0.0, 0.0, 0.01089208668844536, 0.00476393156717078)",125
3235,13,7,13,"(0.0, 0.02461978404713738, 0.023035932332134326, 0.0, 0.01674350820651577, 0.022173256981297827, 0.0, 0.0, 0.01089208668844536, 0.00476393156717078)",2
3236,13,7,13,"(0.0, 0.02461978404713738, 0.03540228470776121, 0.0, 0.022992242705193944, 0.041198357271549066, 0.0, 0.0, 0.01089208668844536, 0.004973863649504035)",4
3237,13,7,13,"(0.0, 0.02461978404713738, 0.023035932332134326, 0.0, 0.01810411441758469, 0.022173256981297827, 0.0, 0.0, 0.01089208668844536, 0.002243048535540496)",43
3238,13,7,13,"(0.0, 0.0167690404016495, 0.023035932332134326, 0.0, 0.01810411441758469, 0.020650515368246754, 0.0, 0.0, 0.01089208668844536, 0.002243048535540496)",1
3239,13,7,13,"(0.0, 0.02461978404713738, 0.023035932332134326, 0.0, 0.013426080564618388, 0.022173256981297827, 0.0, 0.0, 0.01089208668844536, 0.00476393156717078)",8
3240,13,7,13,"(0.0, 0.02461978404713738, 0.023035932332134326, 0.0, 0.01810411441758469, 0.023673966703677617, 0.0, 0.0, 0.01089208668844536, 0.002243048535540496)",10
3241,13,7,13,"(0.0, 0.02461978404713738, 0.023035932332134326, 0.0, 0.022992242705193944, 0.022173256981297827, 0.0, 0.0, 0.01089208668844536, 0.00804995879970782)",6
3242,13,7,13,"(0.0, 0.01350297852234566, 0.023035932332134326, 0.0, 0.01810411441758469, 0.022173256981297827, 0.0, 0.0, 0.01089208668844536, 0.002243048535540496)",2
3243,13,7,13,"(0.0, 0.02461978404713738, 0.03242486596740744, 0.0, 0.01810411441758469, 0.023673966703677617, 0.0, 0.0, 0.01089208668844536, 0.002243048535540496)",1
3244,13,8,6,"(0.03656180599521727, 0.011572197494497125, 0.0, 0.030181603934096246, 0.005422768956954101, 0.0, 0.019795240631728064, 0.0, 0.028516925507186253, 0.05874522297052942)",3
3245,13,8,6,"(0.03656180599521727, 0.02407295042610242, 0.0, 0.030181603934096246, 0.005422768956954101, 0.0, 0.04671303782870836, 0.0, 0.028146417112716555, 0.05874522297052942)",58
3246,13,8,6,"(0.03656180599521727, 0.011572197494497125, 0.0, 0.030181603934096246, 0.005422768956954101, 0.0, 0.019795240631728064, 0.0, 0.028146417112716555, 0.05874522297052942)",88
3247,13,8,6,"(0.03656180599521727, 0.011572197494497125, 0.0, 0.030181603934096246, 0.009941374221110383, 0.0, 0.019795240631728064, 0.0, 0.028146417112716555, 0.08754570939064799)",1
3248,13,8,11,"(0.0, 0.0, 0.09864539577037362, 0.01650583712158267, 0.0, 0.030645849071221472, 0.16773790467281977, 0.05487587528261972, 0.021746404520316207, 0.0)",2
3249,13,8,11,"(0.0, 0.0, 0.09864539577037362, 0.019939706425544986, 0.0, 0.031211978481304123, 0.13855135743719746, 0.08028238650273146, 0.026121609841380632, 0.0)",1
3250,13,8,11,"(0.0, 0.0, 0.09864539577037362, 0.01650583712158267, 0.0, 0.030645849071221472, 0.16773790467281977, 0.05487587528261972, 0.026121609841380632, 0.0)",199
3251,13,8,11,"(0.0, 0.0, 0.09864539577037362, 0.01650583712158267, 0.0, 0.031211978481304123, 0.13855135743719746, 0.08028238650273146, 0.026121609841380632, 0.0)",123
3252,13,8,11,"(0.0, 0.0, 0.09864539577037362, 0.01650583712158267, 0.0, 0.030645849071221472, 0.16773790467281977, 0.08028238650273146, 0.026121609841380632, 0.0)",4
3253,13,8,11,"(0.0, 0.0, 0.09864539577037362, 0.01650583712158267, 0.0, 0.034674888100610306, 0.16773790467281977, 0.05487587528261972, 0.026121609841380632, 0.0)",1
3254,13,8,11,"(0.0, 0.0, 0.11869199148216594, 0.01650583712158267, 0.0, 0.031211978481304123, 0.13855135743719746, 0.08028238650273146, 0.026121609841380632, 0.0)",4
3255,13,8,11,"(0.0, 0.0, 0.1255370766095499, 0.01650583712158267, 0.0, 0.030645849071221472, 0.16773790467281977, 0.047478253839041425, 0.026121609841380632, 0.0)",26
3256,13,8,11,"(0.0, 0.0, 0.09864539577037362, 0.01650583712158267, 0.0, 0.04645382063255274, 0.13855135743719746, 0.08028238650273146, 0.026121609841380632, 0.0)",1
3257,13,8,11,"(0.0, 0.0, 0.1255370766095499, 0.01650583712158267, 0.0, 0.030645849071221472, 0.16773790467281977, 0.05487587528261972, 0.026121609841380632, 0.0)",20
3258,13,9,11,"(0.0, 0.0, 0.09864539577037362, 0.01650583712158267, 0.0, 0.030645849071221472, 0.16243652964526273, 0.08028238650273146, 0.03359252371733076, 0.0)",1
3259,13,9,11,"(0.0, 0.0, 0.11755819882518005, 0.01650583712158267, 0.0, 0.02375279233445006, 0.16773790467281977, 0.08028238650273146, 0.026121609841380632, 0.0)",212
3260,13,9,11,"(0.0, 0.0, 0.11755819882518005, 0.01650583712158267, 0.0, 0.01360850296830077, 0.16773790467281977, 0.08028238650273146, 0.026121609841380632, 0.0)",1
3261,13,9,11,"(0.0, 0.0, 0.10404833573076913, 0.01529595481044203, 0.0, 0.030645849071221472, 0.16243652964526273, 0.08028238650273146, 0.026121609841380632, 0.0)",1
3262,13,9,11,"(0.0, 0.0, 0.09864539577037362, 0.01650583712158267, 0.0, 0.030645849071221472, 0.10058019774033948, 0.0863598436200879, 0.026121609841380632, 0.0)",2
3263,13,9,11,"(0.0, 0.0, 0.10013881963011466, 0.011158723497385533, 0.0, 0.030645849071221472, 0.16243652964526273, 0.08028238650273146, 0.026121609841380632, 0.0)",1
3264,13,9,11,"(0.0, 0.0, 0.16191904826531775, 0.01650583712158267, 0.0, 0.02375279233445006, 0.16773790467281977, 0.08028238650273146, 0.026121609841380632, 0.0)",1
3265,13,9,11,"(0.0, 0.0, 0.09864539577037362, 0.01650583712158267, 0.0, 0.030645849071221472, 0.16243652964526273, 0.08028238650273146, 0.026121609841380632, 0.0)",253
3266,13,9,11,"(0.0, 0.0, 0.17749725058839227, 0.01650583712158267, 0.0, 0.02375279233445006, 0.16773790467281977, 0.08028238650273146, 0.026121609841380632, 0.0)",1
3267,13,9,11,"(0.0, 0.0, 0.09864539577037362, 0.028606884686527025, 0.0, 0.030645849071221472, 0.16243652964526273, 0.08028238650273146, 0.026121609841380632, 0.0)",72
3268,13,10,13,"(0.0, 0.02256026190578824, 0.023035932332134326, 0.0, 0.01810411441758469, 0.022173256981297827, 0.0, 0.0, 0.01089208668844536, 0.00476393156717078)",2
3269,13,10,13,"(0.0, 0.02461978404713738, 0.023035932332134326, 0.0, 0.01810411441758469, 0.022173256981297827, 0.0, 0.0, 0.008564787320977041, 0.00476393156717078)",1
3270,13,10,13,"(0.0, 0.02461978404713738, 0.023035932332134326, 0.0, 0.01810411441758469, 0.022173256981297827, 0.0, 0.0, 0.01089208668844536, 0.00476393156717078)",180
3271,13,10,13,"(0.0, 0.08767974513604797, 0.023035932332134326, 0.0, 0.01810411441758469, 0.01736980503783405, 0.0, 0.0, 0.01089208668844536, 0.0016343574261229216)",2
3272,13,10,13,"(0.0, 0.02461978404713738, 0.023035932332134326, 0.0, 0.01810411441758469, 0.022173256981297827, 0.0, 0.0, 0.010292055484693597, 0.00476393156717078)",5
3273,13,11,13,"(0.0, 0.02461978404713738, 0.03350588995211758, 0.0, 0.016973567656639824, 0.022173256981297827, 0.0, 0.0, 0.01089208668844536, 0.004436641746586963)",1
3274,13,11,13,"(0.0, 0.02461978404713738, 0.023035932332134326, 0.0, 0.016973567656639824, 0.022173256981297827, 0.0, 0.0, 0.01089208668844536, 0.004856105970294316)",3
3275,13,11,13,"(0.0, 0.02461978404713738, 0.023035932332134326, 0.0, 0.015660732471768427, 0.022173256981297827, 0.0, 0.0, 0.01089208668844536, 0.004436641746586963)",1
3276,13,11,13,"(0.0, 0.02461978404713738, 0.023035932332134326, 0.0, 0.016973567656639824, 0.022173256981297827, 0.0, 0.0, 0.01089208668844536, 0.004436641746586963)",156
3277,13,11,13,"(0.0, 0.02461978404713738, 0.023035932332134326, 0.0, 0.014350820407906173, 0.022173256981297827, 0.0, 0.0, 0.01089208668844536, 0.00476393156717078)",22
3278,13,11,13,"(0.0, 0.02461978404713738, 0.023035932332134326, 0.0, 0.016973567656639824, 0.024434037920315625, 0.0, 0.0, 0.01089208668844536, 0.004436641746586963)",1
3279,13,11,13,"(0.0, 0.02461978404713738, 0.010562567917379627, 0.0, 0.016973567656639824, 0.022173256981297827, 0.0, 0.0, 0.01089208668844536, 0.004436641746586963)",2
3280,13,11,13,"(0.0, 0.02461978404713738, 0.023035932332134326, 0.0, 0.01810411441758469, 0.022173256981297827, 0.0, 0.0, 0.01089208668844536, 0.00476393156717078)",9
3281,13,11,13,"(0.0, 0.02461978404713738, 0.023035932332134326, 0.0, 0.016973567656639824, 0.022173256981297827, 0.0, 0.0, 0.004767860818199679, 0.004436641746586963)",1
3282,13,11,13,"(0.0, 0.05404829275210743, 0.023035932332134326, 0.0, 0.01810411441758469, 0.022173256981297827, 0.0, 0.0, 0.014179135170956751, 0.004791689020038858)",1
3283,13,12,8,"(0.19235562551390653, 0.046525949225991035, 0.0, 0.0, 0.07022106556493442, 0.0, 0.08319516954615302, 0.1116381245929446, 0.0, 0.0)",214
3284,13,12,8,"(0.19235562551390653, 0.046525949225991035, 0.0, 0.0, 0.11844661322952771, 0.0, 0.08319516954615302, 0.1116381245929446, 0.0, 0.0)",3
3285,13,12,10,"(0.07734904686468291, 0.06927916245295945, 0.09682940930282144, 0.0011813121473267154, 0.0, 0.06291875767155253, 0.0, 0.10994488928074131, 0.0, 0.0)",1
3286,13,12,10,"(0.14760844378952648, 0.06927916245295945, 0.09682940930282144, 0.0017773360538905325, 0.0, 0.06291875767155253, 0.0, 0.10994488928074131, 0.0, 0.0)",61
3287,13,12,10,"(0.07734904686468291, 0.06927916245295945, 0.09682940930282144, 0.0017773360538905325, 0.0, 0.05562281000016841, 0.0, 0.10994488928074131, 0.0, 0.0)",1
3288,13,12,10,"(0.07734904686468291, 0.06927916245295945, 0.09682940930282144, 0.0017773360538905325, 0.0, 0.06291875767155253, 0.0, 0.10994488928074131, 0.0, 0.0)",187
3289,13,12,10,"(0.07734904686468291, 0.06927916245295945, 0.047927826256785114, 0.0017773360538905325, 0.0, 0.08356823580554694, 0.0, 0.10994488928074131, 0.0, 0.0)",1
3290,13,12,10,"(0.07734904686468291, 0.06927916245295945, 0.09682940930282144, 0.0017773360538905325, 0.0, 0.05204974612497447, 0.0, 0.10994488928074131, 0.0, 0.0)",1
3291,13,12,10,"(0.09641907376538514, 0.050261371325565504, 0.09682940930282144, 0.0017773360538905325, 0.0, 0.06291875767155253, 0.0, 0.10994488928074131, 0.0, 0.0)",1
3292,13,13,6,"(0.027947777083292047, 0.011572197494497125, 0.0, 0.030181603934096246, 0.005422768956954101, 0.0, 0.019795240631728064, 0.0, 0.028146417112716555, 0.0718612388977149)",1
3293,13,13,6,"(0.03426039533065134, 0.011572197494497125, 0.0, 0.030181603934096246, 0.005422768956954101, 0.0, 0.019795240631728064, 0.0, 0.028146417112716555, 0.05874522297052942)",212
3294,13,13,6,"(0.03426039533065134, 0.011572197494497125, 0.0, 0.030181603934096246, 0.005422768956954101, 0.0, 0.024834582316463964, 0.0, 0.028146417112716555, 0.05874522297052942)",1
3295,13,13,6,"(0.021930499924664445, 0.011572197494497125, 0.0, 0.030181603934096246, 0.005422768956954101, 0.0, 0.019795240631728064, 0.0, 0.028146417112716555, 0.05874522297052942)",1
3296,13,13,6,"(0.03426039533065134, 0.011572197494497125, 0.0, 0.030181603934096246, 0.005422768956954101, 0.0, 0.019795240631728064, 0.0, 0.04000652219421392, 0.05874522297052942)",1
3297,13,13,6,"(0.024951726963863722, 0.011572197494497125, 0.0, 0.030181603934096246, 0.005422768956954101, 0.0, 0.019795240631728064, 0.0, 0.028146417112716555, 0.05874522297052942)",1
3298,13,13,6,"(0.03426039533065134, 0.011572197494497125, 0.0, 0.039547887804182454, 0.005422768956954101, 0.0, 0.019795240631728064, 0.0, 0.028146417112716555, 0.05874522297052942)",1
3299,13,13,14,"(0.0, 0.024947854654465248, 0.0, 0.0, 0.0, 0.0, 0.1096916615896246, 0.07609886892949795, 0.03621416498310447, 0.0)",1
3300,13,13,14,"(0.0, 0.019863024697845313, 0.0, 0.0, 0.0, 0.0, 0.1096916615896246, 0.07609886892949795, 0.03621416498310447, 0.0)",3
3301,13,13,14,"(0.0, 0.017248724174617657, 0.0, 0.0, 0.0, 0.0, 0.1096916615896246, 0.07609886892949795, 0.03621416498310447, 0.0)",262
3302,13,14,11,"(0.0, 0.0, 0.09864539577037362, 0.01650583712158267, 0.0, 0.030645849071221472, 0.16773790467281977, 0.08028238650273146, 0.026121609841380632, 0.0)",109
3303,13,14,11,"(0.0, 0.0, 0.06300764463999269, 0.01650583712158267, 0.0, 0.04378429314836067, 0.16773790467281977, 0.08028238650273146, 0.026121609841380632, 0.0)",1
3304,13,14,11,"(0.0, 0.0, 0.10740899841176968, 0.01650583712158267, 0.0, 0.030645849071221472, 0.16773790467281977, 0.08028238650273146, 0.026121609841380632, 0.0)",2
3305,13,14,13,"(0.0, 0.02461978404713738, 0.023035932332134326, 0.0, 0.01810411441758469, 0.022173256981297827, 0.0, 0.0, 0.005344129990405999, 0.00476393156717078)",1
3306,13,14,13,"(0.0, 0.01595394507054227, 0.024649350805020565, 0.0, 0.01810411441758469, 0.022658130311949687, 0.0, 0.0, 0.01089208668844536, 0.00476393156717078)",1
3307,13,14,13,"(0.0, 0.018216407064837993, 0.023035932332134326, 0.0, 0.01810411441758469, 0.022173256981297827, 0.0, 0.0, 0.01089208668844536, 0.00476393156717078)",1
3308,13,14,13,"(0.0, 0.02461978404713738, 0.029498484678611395, 0.0, 0.01810411441758469, 0.022173256981297827, 0.0, 0.0, 0.01089208668844536, 0.00476393156717078)",1
3309,13,14,13,"(0.0, 0.02461978404713738, 0.023035932332134326, 0.0, 0.016816215956084617, 0.022173256981297827, 0.0, 0.0, 0.01089208668844536, 0.00476393156717078)",1
3310,13,14,13,"(0.0, 0.02461978404713738, 0.023035932332134326, 0.0, 0.01810411441758469, 0.022173256981297827, 0.0, 0.0, 0.01089208668844536, 0.004882325389663062)",1
3311,13,14,13,"(0.0, 0.02312228201889771, 0.023035932332134326, 0.0, 0.029287759050719522, 0.022173256981297827, 0.0, 0.0, 0.01089208668844536, 0.00476393156717078)",13
3312,13,14,13,"(0.0, 0.02461978404713738, 0.023035932332134326, 0.0, 0.01810411441758469, 0.022173256981297827, 0.0, 0.0, 0.01089208668844536, 0.00476393156717078)",312
3313,13,14,13,"(0.0, 0.02461978404713738, 0.023035932332134326, 0.0, 0.026381648859457613, 0.02450582081621636, 0.0, 0.0, 0.01089208668844536, 0.00476393156717078)",1
3314,13,15,6,"(0.03426039533065134, 0.011572197494497125, 0.0, 0.030181603934096246, 0.005422768956954101, 0.0, 0.019795240631728064, 0.0, 0.028146417112716555, 0.05874522297052942)",131
3315,13,15,6,"(0.03426039533065134, 0.011572197494497125, 0.0, 0.030181603934096246, 0.005422768956954101, 0.0, 0.019795240631728064, 0.0, 0.04956918697825251, 0.05874522297052942)",1
3316,13,15,6,"(0.03426039533065134, 0.011572197494497125, 0.0, 0.030181603934096246, 0.005422768956954101, 0.0, 0.01843454646771862, 0.0, 0.015927809296122447, 0.05874522297052942)",8
3317,13,15,6,"(0.03426039533065134, 0.015884559230292302, 0.0, 0.030181603934096246, 0.005422768956954101, 0.0, 0.019795240631728064, 0.0, 0.028146417112716555, 0.05874522297052942)",4
3318,13,15,11,"(0.0, 0.0, 0.11839367174953695, 0.022681996521905598, 0.0, 0.030645849071221472, 0.16773790467281977, 0.04778032926290469, 0.026121609841380632, 0.0)",1
3319,13,15,11,"(0.0, 0.0, 0.11839367174953695, 0.01650583712158267, 0.0, 0.030645849071221472, 0.159915346904831, 0.0404147798164449, 0.026121609841380632, 0.0)",1
3320,13,15,11,"(0.0, 0.0, 0.09864539577037362, 0.01650583712158267, 0.0, 0.030645849071221472, 0.13049626713566656, 0.06054787533784594, 0.051932078439375265, 0.0)",3
3321,13,15,11,"(0.0, 0.0, 0.16132661470018927, 0.01650583712158267, 0.0, 0.030645849071221472, 0.16773790467281977, 0.0404147798164449, 0.026121609841380632, 0.0)",6
3322,13,15,11,"(0.0, 0.0, 0.11839367174953695, 0.01650583712158267, 0.0, 0.030645849071221472, 0.31068453047643196, 0.0404147798164449, 0.026121609841380632, 0.0)",2
3323,13,15,11,"(0.0, 0.0, 0.11839367174953695, 0.01650583712158267, 0.0, 0.05219455734356342, 0.16773790467281977, 0.0404147798164449, 0.026121609841380632, 0.0)",1
3324,13,15,11,"(0.0, 0.0, 0.09864539577037362, 0.01650583712158267, 0.0, 0.030645849071221472, 0.13049626713566656, 0.08446514601764805, 0.026121609841380632, 0.0)",2
3325,13,15,11,"(0.0, 0.0, 0.09864539577037362, 0.01650583712158267, 0.0, 0.030645849071221472, 0.13049626713566656, 0.08028238650273146, 0.026121609841380632, 0.0)",129
3326,13,15,11,"(0.0, 0.0, 0.09864539577037362, 0.009610443822787357, 0.0, 0.030645849071221472, 0.13049626713566656, 0.08028238650273146, 0.026121609841380632, 0.0)",8
3327,13,15,11,"(0.0, 0.0, 0.09864539577037362, 0.01650583712158267, 0.0, 0.030645849071221472, 0.13049626713566656, 0.0495090679884269, 0.026121609841380632, 0.0)",10
3328,13,15,11,"(0.0, 0.0, 0.11839367174953695, 0.01650583712158267, 0.0, 0.030645849071221472, 0.16773790467281977, 0.0404147798164449, 0.026121609841380632, 0.0)",236
3329,13,16,1,"(0.0, 0.0, 0.03786372916752286, 0.0, 0.0, 0.0199117526153351, 0.0, 0.0, 0.0, 0.09965925051150999)",1
3330,13,16,1,"(0.0, 0.0, 0.041406372128065916, 0.0, 0.0, 0.0199117526153351, 0.0, 0.0, 0.0, 0.15413396648440122)",2
3331,13,16,1,"(0.0, 0.0, 0.03695605201608581, 0.0, 0.0, 0.0199117526153351, 0.0, 0.0, 0.0, 0.07063289290458172)",1
3332,13,16,1,"(0.0, 0.0, 0.041406372128065916, 0.0, 0.0, 0.0199117526153351, 0.0, 0.0, 0.0, 0.09965925051150999)",752
3333,13,16,1,"(0.0, 0.0, 0.034050425732015985, 0.0, 0.0, 0.0199117526153351, 0.0, 0.0, 0.0, 0.09965925051150999)",3
3334,13,16,1,"(0.0, 0.0, 0.03442049322245823, 0.0, 0.0, 0.0199117526153351, 0.0, 0.0, 0.0, 0.09965925051150999)",1
3335,13,16,1,"(0.0, 0.0, 0.041406372128065916, 0.0, 0.0, 0.0199117526153351, 0.0, 0.0, 0.0, 0.1484564627774607)",1
3336,13,16,1,"(0.0, 0.0, 0.02137178057406223, 0.0, 0.0, 0.0199117526153351, 0.0, 0.0, 0.0, 0.09965925051150999)",2
3337,13,16,1,"(0.0, 0.0, 0.041406372128065916, 0.0, 0.0, 0.0199117526153351, 0.0, 0.0, 0.0, 0.22779762647061252)",1
3338,13,16,1,"(0.0, 0.0, 0.041406372128065916, 0.0, 0.0, 0.0199117526153351, 0.0, 0.0, 0.0, 0.12809833973954565)",1
3339,13,16,8,"(0.13027253857438095, 0.046525949225991035, 0.0, 0.0, 0.07022106556493442, 0.0, 0.08319516954615302, 0.1116381245929446, 0.0, 0.0)",2
3340,13,16,8,"(0.16507889091742442, 0.046525949225991035, 0.0, 0.0, 0.07022106556493442, 0.0, 0.08319516954615302, 0.0946241276750748, 0.0, 0.0)",1
3341,13,16,8,"(0.5741872694519793, 0.046525949225991035, 0.0, 0.0, 0.07022106556493442, 0.0, 0.08319516954615302, 0.1116381245929446, 0.0, 0.0)",1
3342,13,16,8,"(0.15208046724381802, 0.01761470298123017, 0.0, 0.0, 0.07022106556493442, 0.0, 0.0979582525030621, 0.1116381245929446, 0.0, 0.0)",1
3343,13,16,8,"(0.3323593282927108, 0.046525949225991035, 0.0, 0.0, 0.07022106556493442, 0.0, 0.08319516954615302, 0.1116381245929446, 0.0, 0.0)",1
3344,13,16,8,"(0.19235562551390653, 0.06738890123936898, 0.0, 0.0, 0.07022106556493442, 0.0, 0.08319516954615302, 0.1116381245929446, 0.0, 0.0)",2
3345,13,16,8,"(0.16507889091742442, 0.046525949225991035, 0.0, 0.0, 0.07022106556493442, 0.0, 0.08319516954615302, 0.1116381245929446, 0.0, 0.0)",104
3346,13,16,8,"(0.19235562551390653, 0.046525949225991035, 0.0, 0.0, 0.07022106556493442, 0.0, 0.08319516954615302, 0.1116381245929446, 0.0, 0.0)",125
3347,13,17,1,"(0.0, 0.0, 0.10922905711608999, 0.0, 0.0, 0.019711189597426352, 0.0, 0.0, 0.0, 0.0910060267578522)",10
3348,13,17,1,"(0.0, 0.0, 0.14201602900561527, 0.0, 0.0, 0.030018978917809972, 0.0, 0.0, 0.0, 0.0910060267578522)",3
3349,13,17,1,"(0.0, 0.0, 0.10922905711608999, 0.0, 0.0, 0.030018978917809972, 0.0, 0.0, 0.0, 0.14589341425801955)",6
3350,13,17,1,"(0.0, 0.0, 0.10922905711608999, 0.0, 0.0, 0.030018978917809972, 0.0, 0.0, 0.0, 0.0910060267578522)",649
3351,13,17,1,"(0.0, 0.0, 0.10922905711608999, 0.0, 0.0, 0.030018978917809972, 0.0, 0.0, 0.0, 0.13548305850435294)",1
3352,13,17,1,"(0.0, 0.0, 0.2196446024567412, 0.0, 0.0, 0.030018978917809972, 0.0, 0.0, 0.0, 0.0910060267578522)",1
3353,13,17,1,"(0.0, 0.0, 0.1121161293576312, 0.0, 0.0, 0.030018978917809972, 0.0, 0.0, 0.0, 0.0910060267578522)",1
3354,13,17,1,"(0.0, 0.0, 0.07723927514428774, 0.0, 0.0, 0.04610984988443905, 0.0, 0.0, 0.0, 0.0910060267578522)",1
3355,13,17,1,"(0.0, 0.0, 0.10922905711608999, 0.0, 0.0, 0.036981110417588704, 0.0, 0.0, 0.0, 0.0910060267578522)",1
3356,13,17,1,"(0.0, 0.0, 0.09940346379220885, 0.0, 0.0, 0.01952715680369849, 0.0, 0.0, 0.0, 0.09969643539732724)",1
3357,13,17,1,"(0.0, 0.0, 0.07217557247017468, 0.0, 0.0, 0.030018978917809972, 0.0, 0.0, 0.0, 0.07767594382761818)",5
3358,13,17,8,"(0.19235562551390653, 0.046525949225991035, 0.0, 0.0, 0.07022106556493442, 0.0, 0.07667370473738402, 0.1116381245929446, 0.0, 0.0)",21
3359,13,17,8,"(0.19235562551390653, 0.05089435047803222, 0.0, 0.0, 0.07022106556493442, 0.0, 0.08319516954615302, 0.1116381245929446, 0.0, 0.0)",4
3360,13,17,8,"(0.19235562551390653, 0.046525949225991035, 0.0, 0.0, 0.07022106556493442, 0.0, 0.08319516954615302, 0.1116381245929446, 0.0, 0.0)",77
3361,13,17,8,"(0.08597156840285931, 0.04632028014141928, 0.0, 0.0, 0.07022106556493442, 0.0, 0.08319516954615302, 0.1116381245929446, 0.0, 0.0)",1
3362,13,17,8,"(0.19235562551390653, 0.04632028014141928, 0.0, 0.0, 0.07022106556493442, 0.0, 0.08319516954615302, 0.1116381245929446, 0.0, 0.0)",82
3363,13,18,10,"(0.07734904686468291, 0.06927916245295945, 0.053900558449053414, 0.0017773360538905325, 0.0, 0.06291875767155253, 0.0, 0.10994488928074131, 0.0, 0.0)",7
3364,13,18,10,"(0.07734904686468291, 0.08464166216675782, 0.09943240365545393, 0.0017773360538905325, 0.0, 0.06291875767155253, 0.0, 0.10994488928074131, 0.0, 0.0)",4
3365,13,18,10,"(0.07734904686468291, 0.06927916245295945, 0.09682940930282144, 0.0017773360538905325, 0.0, 0.06291875767155253, 0.0, 0.10994488928074131, 0.0, 0.0)",117
3366,13,18,11,"(0.0, 0.0, 0.09864539577037362, 0.01650583712158267, 0.0, 0.030645849071221472, 0.07108797444769127, 0.08028238650273146, 0.026121609841380632, 0.0)",2
3367,13,18,11,"(0.0, 0.0, 0.09864539577037362, 0.01650583712158267, 0.0, 0.030645849071221472, 0.16773790467281977, 0.08028238650273146, 0.026121609841380632, 0.0)",194
3368,13,18,11,"(0.0, 0.0, 0.09864539577037362, 0.01650583712158267, 0.0, 0.03491767884196756, 0.13038533056739307, 0.08028238650273146, 0.026121609841380632, 0.0)",2
3369,13,18,11,"(0.0, 0.0, 0.09864539577037362, 0.01650583712158267, 0.0, 0.03150275214907511, 0.13038533056739307, 0.08028238650273146, 0.026121609841380632, 0.0)",289
3370,13,18,11,"(0.0, 0.0, 0.09864539577037362, 0.018132837261401826, 0.0, 0.030645849071221472, 0.16773790467281977, 0.08028238650273146, 0.026730790031801382, 0.0)",3
3371,13,18,11,"(0.0, 0.0, 0.09864539577037362, 0.01650583712158267, 0.0, 0.02079264336436063, 0.16773790467281977, 0.08028238650273146, 0.026121609841380632, 0.0)",1
3372,13,18,11,"(0.0, 0.0, 0.09864539577037362, 0.01650583712158267, 0.0, 0.030645849071221472, 0.16773790467281977, 0.08028238650273146, 0.02873308956446372, 0.0)",116
3373,13,18,11,"(0.0, 0.0, 0.09864539577037362, 0.01650583712158267, 0.0, 0.03150275214907511, 0.17591447978015615, 0.08028238650273146, 0.026121609841380632, 0.0)",1
3374,13,18,11,"(0.0, 0.0, 0.2018719178052756, 0.01650583712158267, 0.0, 0.030645849071221472, 0.16773790467281977, 0.08028238650273146, 0.026121609841380632, 0.0)",1
3375,13,18,11,"(0.0, 0.0, 0.09864539577037362, 0.01650583712158267, 0.0, 0.03150275214907511, 0.13038533056739307, 0.08028238650273146, 0.02242396875586795, 0.0)",1
3376,13,18,11,"(0.0, 0.0, 0.09864539577037362, 0.01650583712158267, 0.0, 0.030645849071221472, 0.16773790467281977, 0.03777436928337611, 0.02873308956446372, 0.0)",3
3377,13,18,11,"(0.0, 0.0, 0.24042611409598963, 0.01650583712158267, 0.0, 0.03150275214907511, 0.13038533056739307, 0.08028238650273146, 0.026121609841380632, 0.0)",1
3378,13,18,11,"(0.0, 0.0, 0.09864539577037362, 0.01650583712158267, 0.0, 0.030645849071221472, 0.16664940602621742, 0.08028238650273146, 0.02873308956446372, 0.0)",1
3379,13,19,0,"(0.1288889433353772, 0.0, 0.0, 0.0, 0.0, 0.017098731129875016, 0.07947635905938336, 0.0691048466035698, 0.0, 0.0)",1
3380,13,19,0,"(0.08355637951026365, 0.0, 0.0, 0.0, 0.0, 0.017098731129875016, 0.08380840797570269, 0.0691048466035698, 0.0, 0.0)",2
3381,13,19,0,"(0.07400250769571483, 0.0, 0.0, 0.0, 0.0, 0.017098731129875016, 0.08380840797570269, 0.0691048466035698, 0.0, 0.0)",63
3382,13,19,0,"(0.052138453444188035, 0.0, 0.0, 0.0, 0.0, 0.017098731129875016, 0.08380840797570269, 0.0691048466035698, 0.0, 0.0)",3
3383,13,19,0,"(0.11361288000876431, 0.0, 0.0, 0.0, 0.0, 0.017098731129875016, 0.07947635905938336, 0.0691048466035698, 0.0, 0.0)",16
3384,13,19,0,"(0.06692200871044754, 0.0, 0.0, 0.0, 0.0, 0.017098731129875016, 0.08380840797570269, 0.0691048466035698, 0.0, 0.0)",3
3385,13,19,0,"(0.07400250769571483, 0.0, 0.0, 0.0, 0.0, 0.017098731129875016, 0.11963917664316598, 0.07816726399960636, 0.0, 0.0)",2
3386,13,19,13,"(0.0, 0.02461978404713738, 0.024759623686479326, 0.0, 0.01810411441758469, 0.022173256981297827, 0.0, 0.0, 0.01089208668844536, 0.00476393156717078)",1
3387,13,19,13,"(0.0, 0.02461978404713738, 0.024729968991282856, 0.0, 0.01810411441758469, 0.02439626123318789, 0.0, 0.0, 0.01089208668844536, 0.00476393156717078)",2
3388,13,19,13,"(0.0, 0.02461978404713738, 0.023035932332134326, 0.0, 0.02071509378159617, 0.022173256981297827, 0.0, 0.0, 0.01089208668844536, 0.00476393156717078)",9
3389,13,19,13,"(0.0, 0.02461978404713738, 0.023035932332134326, 0.0, 0.042208997133890105, 0.022173256981297827, 0.0, 0.0, 0.01089208668844536, 0.002950794944467341)",1
3390,13,19,13,"(0.0, 0.02461978404713738, 0.023035932332134326, 0.0, 0.01810411441758469, 0.022173256981297827, 0.0, 0.0, 0.01089208668844536, 0.00476393156717078)",299
3391,13,20,10,"(0.07734904686468291, 0.0814788868879928, 0.09682940930282144, 0.0017773360538905325, 0.0, 0.06148198563270551, 0.0, 0.10994488928074131, 0.0, 0.0)",2
3392,13,20,10,"(0.07734904686468291, 0.06927916245295945, 0.09682940930282144, 0.0017773360538905325, 0.0, 0.06291875767155253, 0.0, 0.10994488928074131, 0.0, 0.0)",151
3393,13,20,11,"(0.0, 0.0, 0.08014159865348675, 0.019852763509755303, 0.0, 0.024518756140245818, 0.09572491856946197, 0.08028238650273146, 0.036485718580663774, 0.0)",144
3394,13,20,11,"(0.0, 0.0, 0.046077023409295474, 0.022494923400855408, 0.0, 0.024518756140245818, 0.09572491856946197, 0.08028238650273146, 0.036485718580663774, 0.0)",2
3395,13,20,11,"(0.0, 0.0, 0.08014159865348675, 0.04251618584940242, 0.0, 0.030645849071221472, 0.09572491856946197, 0.08028238650273146, 0.036485718580663774, 0.0)",1
3396,13,20,11,"(0.0, 0.0, 0.09864539577037362, 0.010927121035240617, 0.0, 0.030645849071221472, 0.09252139805958623, 0.08028238650273146, 0.036485718580663774, 0.0)",14
3397,13,20,11,"(0.0, 0.0, 0.03664497950459847, 0.01650583712158267, 0.0, 0.02548938439096223, 0.09572491856946197, 0.08028238650273146, 0.036485718580663774, 0.0)",9
3398,13,20,11,"(0.0, 0.0, 0.10067317838580028, 0.019852763509755303, 0.0, 0.024518756140245818, 0.09572491856946197, 0.08028238650273146, 0.036485718580663774, 0.0)",1
3399,13,20,11,"(0.0, 0.0, 0.1155092874458108, 0.019852763509755303, 0.0, 0.024518756140245818, 0.09572491856946197, 0.08028238650273146, 0.036485718580663774, 0.0)",1
3400,13,20,11,"(0.0, 0.0, 0.08532997133487515, 0.01650583712158267, 0.0, 0.030645849071221472, 0.062475338507898596, 0.18396540113697682, 0.03942653063349384, 0.0)",1
3401,13,20,11,"(0.0, 0.0, 0.08014159865348675, 0.01650583712158267, 0.0, 0.030645849071221472, 0.09572491856946197, 0.08028238650273146, 0.036485718580663774, 0.0)",335
3402,13,20,11,"(0.0, 0.0, 0.09864539577037362, 0.01650583712158267, 0.0, 0.030645849071221472, 0.09572491856946197, 0.08028238650273146, 0.036485718580663774, 0.0)",77
3403,13,20,11,"(0.0, 0.0, 0.08014159865348675, 0.01650583712158267, 0.0, 0.021741289825112555, 0.09572491856946197, 0.08028238650273146, 0.036485718580663774, 0.0)",1
3404,13,20,11,"(0.0, 0.0, 0.08014159865348675, 0.01650583712158267, 0.0, 0.030645849071221472, 0.09572491856946197, 0.05535240984268886, 0.036485718580663774, 0.0)",1
3405,13,20,11,"(0.0, 0.0, 0.08014159865348675, 0.01953481246915202, 0.0, 0.024518756140245818, 0.1303132176663527, 0.08028238650273146, 0.036485718580663774, 0.0)",4
3406,13,20,11,"(0.0, 0.0, 0.09864539577037362, 0.01650583712158267, 0.0, 0.030645849071221472, 0.09252139805958623, 0.08028238650273146, 0.036485718580663774, 0.0)",19
3407,14,0,6,"(0.03426039533065134, 0.011572197494497125, 0.0, 0.030181603934096246, 0.005422768956954101, 0.0, 0.019795240631728064, 0.0, 0.028146417112716555, 0.05874522297052942)",113
3408,14,0,6,"(0.03426039533065134, 0.01068731914119272, 0.0, 0.030181603934096246, 0.005422768956954101, 0.0, 0.019795240631728064, 0.0, 0.028146417112716555, 0.05874522297052942)",37
3409,14,0,6,"(0.03426039533065134, 0.011572197494497125, 0.0, 0.03475141815125942, 0.005422768956954101, 0.0, 0.019795240631728064, 0.0, 0.01633646862178582, 0.05874522297052942)",1
3410,14,0,11,"(0.0, 0.0, 0.06200374261520503, 0.010654525538403636, 0.0, 0.030645849071221472, 0.16773790467281977, 0.08028238650273146, 0.026121609841380632, 0.0)",289
3411,14,0,11,"(0.0, 0.0, 0.06200374261520503, 0.010654525538403636, 0.0, 0.030645849071221472, 0.16773790467281977, 0.12411196871606461, 0.026121609841380632, 0.0)",1
3412,14,0,11,"(0.0, 0.0, 0.06200374261520503, 0.015544338946848275, 0.0, 0.030645849071221472, 0.12638204497018526, 0.08028238650273146, 0.026121609841380632, 0.0)",1
3413,14,0,11,"(0.0, 0.0, 0.06200374261520503, 0.010654525538403636, 0.0, 0.030645849071221472, 0.12638204497018526, 0.08028238650273146, 0.026121609841380632, 0.0)",1
3414,14,0,11,"(0.0, 0.0, 0.09864539577037362, 0.01650583712158267, 0.0, 0.030645849071221472, 0.16773790467281977, 0.08028238650273146, 0.026121609841380632, 0.0)",106
3415,14,0,11,"(0.0, 0.0, 0.06200374261520503, 0.010654525538403636, 0.0, 0.030645849071221472, 0.16773790467281977, 0.08028238650273146, 0.026710825766228265, 0.0)",1
3416,14,0,11,"(0.0, 0.0, 0.06200374261520503, 0.010654525538403636, 0.0, 0.035296056972136274, 0.16773790467281977, 0.08028238650273146, 0.026121609841380632, 0.0)",1
3417,14,0,11,"(0.0, 0.0, 0.06200374261520503, 0.010654525538403636, 0.0, 0.030645849071221472, 0.16773790467281977, 0.0333919645690158, 0.026121609841380632, 0.0)",1
3418,14,1,6,"(0.06148320712998306, 0.011572197494497125, 0.0, 0.0776204613274354, 0.005422768956954101, 0.0, 0.019795240631728064, 0.0, 0.028146417112716555, 0.05874522297052942)",1
3419,14,1,6,"(0.0667847918314926, 0.011572197494497125, 0.0, 0.030181603934096246, 0.005422768956954101, 0.0, 0.019795240631728064, 0.0, 0.028146417112716555, 0.05874522297052942)",2
3420,14,1,6,"(0.03426039533065134, 0.011572197494497125, 0.0, 0.030181603934096246, 0.005422768956954101, 0.0, 0.019795240631728064, 0.0, 0.02123742642548327, 0.05874522297052942)",2
3421,14,1,6,"(0.049956311946761985, 0.011572197494497125, 0.0, 0.030181603934096246, 0.005422768956954101, 0.0, 0.019795240631728064, 0.0, 0.028146417112716555, 0.05874522297052942)",1
3422,14,1,6,"(0.03426039533065134, 0.011572197494497125, 0.0, 0.030181603934096246, 0.005422768956954101, 0.0, 0.019795240631728064, 0.0, 0.028146417112716555, 0.05874522297052942)",271
3423,14,1,6,"(0.03426039533065134, 0.008334943850073575, 0.0, 0.030181603934096246, 0.005422768956954101, 0.0, 0.019795240631728064, 0.0, 0.028146417112716555, 0.05874522297052942)",1
3424,14,1,8,"(0.19235562551390653, 0.05471997611240451, 0.0, 0.0, 0.07022106556493442, 0.0, 0.08319516954615302, 0.1116381245929446, 0.0, 0.0)",1
3425,14,1,8,"(0.19235562551390653, 0.046525949225991035, 0.0, 0.0, 0.07022106556493442, 0.0, 0.08319516954615302, 0.1116381245929446, 0.0, 0.0)",137
3426,14,1,8,"(0.19235562551390653, 0.046525949225991035, 0.0, 0.0, 0.07652324960731711, 0.0, 0.09450912224348065, 0.12381795892215729, 0.0, 0.0)",5
3427,14,1,8,"(0.19235562551390653, 0.046525949225991035, 0.0, 0.0, 0.07022106556493442, 0.0, 0.08319516954615302, 0.12381795892215729, 0.0, 0.0)",22
3428,14,1,8,"(0.27167292953211725, 0.046525949225991035, 0.0, 0.0, 0.07022106556493442, 0.0, 0.08319516954615302, 0.1116381245929446, 0.0, 0.0)",10
3429,14,1,8,"(0.19235562551390653, 0.046525949225991035, 0.0, 0.0, 0.05921136701734858, 0.0, 0.08319516954615302, 0.1116381245929446, 0.0, 0.0)",31
3430,14,2,13,"(0.0, 0.02461978404713738, 0.023035932332134326, 0.0, 0.00970885425506607, 0.035019986850851295, 0.0, 0.0, 0.02105528939055681, 0.00476393156717078)",1
3431,14,2,13,"(0.0, 0.02461978404713738, 0.023035932332134326, 0.0, 0.00970885425506607, 0.022173256981297827, 0.0, 0.0, 0.01089208668844536, 0.0031924659197948265)",4
3432,14,2,13,"(0.0, 0.02461978404713738, 0.012488192435894057, 0.0, 0.02393406744381522, 0.025902942973352733, 0.0, 0.0, 0.01089208668844536, 0.00476393156717078)",1
3433,14,2,13,"(0.0, 0.02461978404713738, 0.023035932332134326, 0.0, 0.00970885425506607, 0.022173256981297827, 0.0, 0.0, 0.02105528939055681, 0.0033264776902485515)",1
3434,14,2,13,"(0.0, 0.02461978404713738, 0.023035932332134326, 0.0, 0.00970885425506607, 0.022173256981297827, 0.0, 0.0, 0.01089208668844536, 0.00476393156717078)",212
3435,14,2,13,"(0.0, 0.02461978404713738, 0.012488192435894057, 0.0, 0.01810411441758469, 0.025902942973352733, 0.0, 0.0, 0.01089208668844536, 0.00476393156717078)",70
3436,14,2,13,"(0.0, 0.031955795792584514, 0.023035932332134326, 0.0, 0.015106704379355644, 0.022173256981297827, 0.0, 0.0, 0.01089208668844536, 0.00476393156717078)",1
3437,14,2,13,"(0.0, 0.02461978404713738, 0.023035932332134326, 0.0, 0.00970885425506607, 0.022173256981297827, 0.0, 0.0, 0.02105528939055681, 0.00476393156717078)",88
3438,14,2,13,"(0.0, 0.02461978404713738, 0.023035932332134326, 0.0, 0.00970885425506607, 0.022173256981297827, 0.0, 0.0, 0.00999607302717698, 0.00476393156717078)",4
3439,14,2,13,"(0.0, 0.02461978404713738, 0.023035932332134326, 0.0, 0.009154984786269034, 0.022173256981297827, 0.0, 0.0, 0.01089208668844536, 0.00476393156717078)",5
3440,14,2,13,"(0.0, 0.02461978404713738, 0.023035932332134326, 0.0, 0.00970885425506607, 0.025877594696686886, 0.0, 0.0, 0.01089208668844536, 0.0031353385549605615)",1
3441,14,2,13,"(0.0, 0.018339070616113833, 0.023035932332134326, 0.0, 0.00970885425506607, 0.022173256981297827, 0.0, 0.0, 0.01089208668844536, 0.00476393156717078)",4
3442,14,2,13,"(0.0, 0.02461978404713738, 0.023035932332134326, 0.0, 0.00970885425506607, 0.006527835657951034, 0.0, 0.0, 0.01089208668844536, 0.00476393156717078)",1
3443,14,2,13,"(0.0, 0.01847353539142056, 0.012488192435894057, 0.0, 0.01810411441758469, 0.025902942973352733, 0.0, 0.0, 0.009844284806749072, 0.00476393156717078)",6
3444,14,2,13,"(0.0, 0.02461978404713738, 0.018766919899319955, 0.0, 0.01810411441758469, 0.025902942973352733, 0.0, 0.0, 0.01089208668844536, 0.00476393156717078)",5
3445,14,2,13,"(0.0, 0.02461978404713738, 0.023035932332134326, 0.0, 0.00970885425506607, 0.025877594696686886, 0.0, 0.0, 0.01089208668844536, 0.002288145117082397)",1
3446,14,2,13,"(0.0, 0.02461978404713738, 0.023035932332134326, 0.0, 0.00970885425506607, 0.033909469833635165, 0.0, 0.0, 0.01089208668844536, 0.00476393156717078)",1
3447,14,2,13,"(0.0, 0.02461978404713738, 0.01761715851527852, 0.0, 0.00970885425506607, 0.022173256981297827, 0.0, 0.0, 0.01089208668844536, 0.0034045138511178143)",1
3448,14,3,13,"(0.0, 0.02461978404713738, 0.023035932332134326, 0.0, 0.014856866107649632, 0.022173256981297827, 0.0, 0.0, 0.01352255225178612, 0.00476393156717078)",1
3449,14,3,13,"(0.0, 0.02461978404713738, 0.023035932332134326, 0.0, 0.01810411441758469, 0.022173256981297827, 0.0, 0.0, 0.009818473218243483, 0.00476393156717078)",1
3450,14,3,13,"(0.0, 0.02461978404713738, 0.023035932332134326, 0.0, 0.028840209319405473, 0.022173256981297827, 0.0, 0.0, 0.01089208668844536, 0.0024406349647482155)",2
3451,14,3,13,"(0.0, 0.02461978404713738, 0.027048735356977837, 0.0, 0.01810411441758469, 0.022173256981297827, 0.0, 0.0, 0.01089208668844536, 0.00476393156717078)",11
3452,14,3,13,"(0.0, 0.02461978404713738, 0.023035932332134326, 0.0, 0.015226823141887702, 0.022173256981297827, 0.0, 0.0, 0.01089208668844536, 0.00476393156717078)",1
3453,14,3,13,"(0.0, 0.02461978404713738, 0.023035932332134326, 0.0, 0.013195463004404561, 0.022173256981297827, 0.0, 0.0, 0.01089208668844536, 0.00476393156717078)",1
3454,14,3,13,"(0.0, 0.02984823067834842, 0.023035932332134326, 0.0, 0.01810411441758469, 0.022173256981297827, 0.0, 0.0, 0.01089208668844536, 0.00476393156717078)",1
3455,14,3,13,"(0.0, 0.02461978404713738, 0.023035932332134326, 0.0, 0.01810411441758469, 0.022173256981297827, 0.0, 0.0, 0.01089208668844536, 0.00476393156717078)",281
3456,14,3,13,"(0.0, 0.02461978404713738, 0.023035932332134326, 0.0, 0.01810411441758469, 0.022173256981297827, 0.0, 0.0, 0.011346040466269098, 0.003489712634780548)",1
3457,14,3,13,"(0.0, 0.016373879135676714, 0.023035932332134326, 0.0, 0.01810411441758469, 0.022173256981297827, 0.0, 0.0, 0.011398905065264503, 0.00476393156717078)",1
3458,14,3,13,"(0.0, 0.02461978404713738, 0.023035932332134326, 0.0, 0.01810411441758469, 0.022173256981297827, 0.0, 0.0, 0.01089208668844536, 0.0024406349647482155)",40
3459,14,3,13,"(0.0, 0.02461978404713738, 0.023035932332134326, 0.0, 0.01810411441758469, 0.022173256981297827, 0.0, 0.0, 0.019313656092771546, 0.00476393156717078)",1
3460,14,3,13,"(0.0, 0.02461978404713738, 0.023035932332134326, 0.0, 0.01810411441758469, 0.022173256981297827, 0.0, 0.0, 0.00937918211764878, 0.00476393156717078)",2
3461,14,3,13,"(0.0, 0.02461978404713738, 0.023035932332134326, 0.0, 0.01810411441758469, 0.04578930994151137, 0.0, 0.0, 0.01089208668844536, 0.00476393156717078)",1
3462,14,3,13,"(0.0, 0.02461978404713738, 0.023035932332134326, 0.0, 0.01810411441758469, 0.016907087179089828, 0.0, 0.0, 0.01089208668844536, 0.00476393156717078)",1
3463,14,4,11,"(0.0, 0.0, 0.09864539577037362, 0.016529264424256777, 0.0, 0.030645849071221472, 0.16773790467281977, 0.08028238650273146, 0.017579589817086686, 0.0)",90
3464,14,4,11,"(0.0, 0.0, 0.12323052122040382, 0.01650583712158267, 0.0, 0.030645849071221472, 0.16773790467281977, 0.0651410906022784, 0.026121609841380632, 0.0)",1
3465,14,4,11,"(0.0, 0.0, 0.09864539577037362, 0.020624069602277185, 0.0, 0.030645849071221472, 0.16773790467281977, 0.08028238650273146, 0.017579589817086686, 0.0)",3
3466,14,4,11,"(0.0, 0.0, 0.09864539577037362, 0.01650583712158267, 0.0, 0.030645849071221472, 0.06927012228326174, 0.07240876560513207, 0.026121609841380632, 0.0)",1
3467,14,4,11,"(0.0, 0.0, 0.07602608676912914, 0.01650583712158267, 0.0, 0.054532463149196624, 0.08153022673827125, 0.07240876560513207, 0.026121609841380632, 0.0)",1
3468,14,4,11,"(0.0, 0.0, 0.0943644423777591, 0.01650583712158267, 0.0, 0.030645849071221472, 0.16773790467281977, 0.08028238650273146, 0.026121609841380632, 0.0)",28
3469,14,4,11,"(0.0, 0.0, 0.09864539577037362, 0.0194532690377237, 0.0, 0.022745462714535557, 0.08153022673827125, 0.07240876560513207, 0.026121609841380632, 0.0)",2
3470,14,4,11,"(0.0, 0.0, 0.09864539577037362, 0.01650583712158267, 0.0, 0.030645849071221472, 0.16773790467281977, 0.08028238650273146, 0.026121609841380632, 0.0)",40
3471,14,4,11,"(0.0, 0.0, 0.09864539577037362, 0.01650583712158267, 0.0, 0.030645849071221472, 0.08153022673827125, 0.07240876560513207, 0.026121609841380632, 0.0)",359
3472,14,4,11,"(0.0, 0.0, 0.09864539577037362, 0.01650583712158267, 0.0, 0.030645849071221472, 0.08153022673827125, 0.10253572413630314, 0.026121609841380632, 0.0)",2
3473,14,4,11,"(0.0, 0.0, 0.12323052122040382, 0.01650583712158267, 0.0, 0.030645849071221472, 0.16773790467281977, 0.08028238650273146, 0.026121609841380632, 0.0)",21
3474,14,4,11,"(0.0, 0.0, 0.09864539577037362, 0.017450904317964783, 0.0, 0.030645849071221472, 0.08153022673827125, 0.07240876560513207, 0.026121609841380632, 0.0)",1
3475,14,4,11,"(0.0, 0.0, 0.09864539577037362, 0.01650583712158267, 0.0, 0.030645849071221472, 0.08153022673827125, 0.11731660470619464, 0.026121609841380632, 0.0)",7
3476,14,5,0,"(0.07400250769571483, 0.0, 0.0, 0.0, 0.0, 0.038664151314593, 0.11395719277991813, 0.05015325966666236, 0.0, 0.0)",1
3477,14,5,0,"(0.07400250769571483, 0.0, 0.0, 0.0, 0.0, 0.038664151314593, 0.08380840797570269, 0.03341105848389142, 0.0, 0.0)",6
3478,14,5,0,"(0.07400250769571483, 0.0, 0.0, 0.0, 0.0, 0.04164864298891403, 0.08380840797570269, 0.05015325966666236, 0.0, 0.0)",1
3479,14,5,0,"(0.07400250769571483, 0.0, 0.0, 0.0, 0.0, 0.013014880887524624, 0.10082294420673965, 0.0691048466035698, 0.0, 0.0)",2
3480,14,5,0,"(0.07400250769571483, 0.0, 0.0, 0.0, 0.0, 0.01759199169444947, 0.10082294420673965, 0.0691048466035698, 0.0, 0.0)",25
3481,14,5,0,"(0.07400250769571483, 0.0, 0.0, 0.0, 0.0, 0.038664151314593, 0.08380840797570269, 0.05015325966666236, 0.0, 0.0)",205
3482,14,5,0,"(0.06436841288458783, 0.0, 0.0, 0.0, 0.0, 0.05486829187860427, 0.08380840797570269, 0.05015325966666236, 0.0, 0.0)",1
3483,14,5,0,"(0.07400250769571483, 0.0, 0.0, 0.0, 0.0, 0.038664151314593, 0.08380840797570269, 0.054847731170775946, 0.0, 0.0)",1
3484,14,5,6,"(0.03253668934357884, 0.011572197494497125, 0.0, 0.030181603934096246, 0.005422768956954101, 0.0, 0.019795240631728064, 0.0, 0.028146417112716555, 0.05874522297052942)",1
3485,14,5,6,"(0.03426039533065134, 0.011572197494497125, 0.0, 0.030181603934096246, 0.005422768956954101, 0.0, 0.019795240631728064, 0.0, 0.0544709564059833, 0.05874522297052942)",1
3486,14,5,6,"(0.03426039533065134, 0.011572197494497125, 0.0, 0.030181603934096246, 0.005422768956954101, 0.0, 0.019795240631728064, 0.0, 0.016484276125386787, 0.05874522297052942)",1
3487,14,5,6,"(0.03426039533065134, 0.010363854900877779, 0.0, 0.030181603934096246, 0.005422768956954101, 0.0, 0.019795240631728064, 0.0, 0.028146417112716555, 0.05874522297052942)",1
3488,14,5,6,"(0.03426039533065134, 0.010485197465008362, 0.0, 0.030181603934096246, 0.005422768956954101, 0.0, 0.019795240631728064, 0.0, 0.028146417112716555, 0.05874522297052942)",9
3489,14,5,6,"(0.03426039533065134, 0.011572197494497125, 0.0, 0.030181603934096246, 0.005422768956954101, 0.0, 0.019795240631728064, 0.0, 0.028146417112716555, 0.05874522297052942)",244
3490,14,5,6,"(0.048154760924871746, 0.011572197494497125, 0.0, 0.030181603934096246, 0.005422768956954101, 0.0, 0.019795240631728064, 0.0, 0.028146417112716555, 0.05874522297052942)",1
3491,14,5,6,"(0.03426039533065134, 0.011572197494497125, 0.0, 0.030181603934096246, 0.005422768956954101, 0.0, 0.020203226325386372, 0.0, 0.028146417112716555, 0.04636868004903895)",1
3492,14,5,6,"(0.03426039533065134, 0.011572197494497125, 0.0, 0.030181603934096246, 0.005422768956954101, 0.0, 0.019795240631728064, 0.0, 0.021344924938382165, 0.05874522297052942)",1
3493,14,6,0,"(0.07400250769571483, 0.0, 0.0, 0.0, 0.0, 0.017098731129875016, 0.061642312745957675, 0.0691048466035698, 0.0, 0.0)",2
3494,14,6,0,"(0.07400250769571483, 0.0, 0.0, 0.0, 0.0, 0.017098731129875016, 0.08380840797570269, 0.0691048466035698, 0.0, 0.0)",145
3495,14,6,0,"(0.052519928547672935, 0.0, 0.0, 0.0, 0.0, 0.013812846820120137, 0.08380840797570269, 0.10117084919705972, 0.0, 0.0)",1
3496,14,6,0,"(0.07429923814908937, 0.0, 0.0, 0.0, 0.0, 0.017098731129875016, 0.08380840797570269, 0.10117084919705972, 0.0, 0.0)",3
3497,14,6,0,"(0.07400250769571483, 0.0, 0.0, 0.0, 0.0, 0.017098731129875016, 0.08380840797570269, 0.10117084919705972, 0.0, 0.0)",115
3498,14,6,0,"(0.08916693713804669, 0.0, 0.0, 0.0, 0.0, 0.017098731129875016, 0.08380840797570269, 0.10117084919705972, 0.0, 0.0)",2
3499,14,6,0,"(0.07400250769571483, 0.0, 0.0, 0.0, 0.0, 0.017098731129875016, 0.08882940331543857, 0.10117084919705972, 0.0, 0.0)",4
3500,14,6,0,"(0.07400250769571483, 0.0, 0.0, 0.0, 0.0, 0.010562083238073275, 0.08380840797570269, 0.10117084919705972, 0.0, 0.0)",1
3501,14,6,0,"(0.07400250769571483, 0.0, 0.0, 0.0, 0.0, 0.010659612541646905, 0.08380840797570269, 0.0691048466035698, 0.0, 0.0)",1
3502,14,7,13,"(0.0, 0.02461978404713738, 0.023035932332134326, 0.0, 0.01810411441758469, 0.023673966703677617, 0.0, 0.0, 0.01089208668844536, 0.0026599320418034342)",1
3503,14,7,13,"(0.0, 0.02461978404713738, 0.023035932332134326, 0.0, 0.01810411441758469, 0.022173256981297827, 0.0, 0.0, 0.01089208668844536, 0.00476393156717078)",346
3504,14,7,13,"(0.0, 0.02461978404713738, 0.023035932332134326, 0.0, 0.009978147547281815, 0.03429182438926309, 0.0, 0.0, 0.01089208668844536, 0.00476393156717078)",1
3505,14,7,13,"(0.0, 0.02536991714418891, 0.01875162514438048, 0.0, 0.009262514551410854, 0.022173256981297827, 0.0, 0.0, 0.01089208668844536, 0.00476393156717078)",1
3506,14,7,13,"(0.0, 0.02461978404713738, 0.023035932332134326, 0.0, 0.01810411441758469, 0.01661897975756364, 0.0, 0.0, 0.01089208668844536, 0.00476393156717078)",1
3507,14,7,13,"(0.0, 0.02461978404713738, 0.023035932332134326, 0.0, 0.01810411441758469, 0.023673966703677617, 0.0, 0.0, 0.01089208668844536, 0.002243048535540496)",7
3508,14,7,13,"(0.0, 0.02536991714418891, 0.023035932332134326, 0.0, 0.009262514551410854, 0.022173256981297827, 0.0, 0.0, 0.01089208668844536, 0.00476393156717078)",6
3509,14,7,13,"(0.0, 0.02461978404713738, 0.023035932332134326, 0.0, 0.01810411441758469, 0.023673966703677617, 0.0, 0.0, 0.0036707797975509804, 0.002243048535540496)",1
3510,14,7,13,"(0.0, 0.02461978404713738, 0.023035932332134326, 0.0, 0.01810411441758469, 0.022173256981297827, 0.0, 0.0, 0.007736462821614634, 0.011816021373201176)",1
3511,14,8,6,"(0.03656180599521727, 0.011572197494497125, 0.0, 0.030181603934096246, 0.005553254340372137, 0.0, 0.019795240631728064, 0.0, 0.028146417112716555, 0.05874522297052942)",4
3512,14,8,6,"(0.03656180599521727, 0.011572197494497125, 0.0, 0.030181603934096246, 0.005422768956954101, 0.0, 0.02084646300026537, 0.0, 0.028146417112716555, 0.05874522297052942)",1
3513,14,8,6,"(0.03656180599521727, 0.011572197494497125, 0.0, 0.030181603934096246, 0.005422768956954101, 0.0, 0.019795240631728064, 0.0, 0.028146417112716555, 0.05916822130108889)",1
3514,14,8,6,"(0.07029652911883519, 0.011572197494497125, 0.0, 0.020973467498227302, 0.005422768956954101, 0.0, 0.019795240631728064, 0.0, 0.028146417112716555, 0.05874522297052942)",3
3515,14,8,6,"(0.03656180599521727, 0.011572197494497125, 0.0, 0.030181603934096246, 0.005422768956954101, 0.0, 0.019795240631728064, 0.0, 0.028146417112716555, 0.05874522297052942)",120
3516,14,8,6,"(0.03656180599521727, 0.02407295042610242, 0.0, 0.030181603934096246, 0.005422768956954101, 0.0, 0.04671303782870836, 0.0, 0.028146417112716555, 0.05874522297052942)",15
3517,14,8,11,"(0.0, 0.0, 0.09864539577037362, 0.01650583712158267, 0.0, 0.031071862900730503, 0.18661442081002666, 0.08028238650273146, 0.026121609841380632, 0.0)",1
3518,14,8,11,"(0.0, 0.0, 0.09864539577037362, 0.01650583712158267, 0.0, 0.04134416091613052, 0.16773790467281977, 0.05487587528261972, 0.026121609841380632, 0.0)",2
3519,14,8,11,"(0.0, 0.0, 0.09864539577037362, 0.021099930793893586, 0.0, 0.030645849071221472, 0.09445447224472778, 0.05487587528261972, 0.026121609841380632, 0.0)",5
3520,14,8,11,"(0.0, 0.0, 0.11768841396366163, 0.01650583712158267, 0.0, 0.031211978481304123, 0.08809983641806478, 0.08378856911805625, 0.026121609841380632, 0.0)",1
3521,14,8,11,"(0.0, 0.0, 0.1255370766095499, 0.01650583712158267, 0.0, 0.030645849071221472, 0.16773790467281977, 0.05487587528261972, 0.026121609841380632, 0.0)",6
3522,14,8,11,"(0.0, 0.0, 0.09864539577037362, 0.01650583712158267, 0.0, 0.030645849071221472, 0.16773790467281977, 0.10612366541824643, 0.026121609841380632, 0.0)",1
3523,14,8,11,"(0.0, 0.0, 0.09864539577037362, 0.024082277600686455, 0.0, 0.030645849071221472, 0.16773790467281977, 0.05487587528261972, 0.026121609841380632, 0.0)",1
3524,14,8,11,"(0.0, 0.0, 0.09864539577037362, 0.01650583712158267, 0.0, 0.030645849071221472, 0.1262474049290336, 0.05487587528261972, 0.026121609841380632, 0.0)",2
3525,14,8,11,"(0.0, 0.0, 0.09864539577037362, 0.01650583712158267, 0.0, 0.031211978481304123, 0.13855135743719746, 0.08028238650273146, 0.018861396586400077, 0.0)",4
3526,14,8,11,"(0.0, 0.0, 0.1255370766095499, 0.01650583712158267, 0.0, 0.030645849071221472, 0.16773790467281977, 0.047478253839041425, 0.026121609841380632, 0.0)",11
3527,14,8,11,"(0.0, 0.0, 0.09864539577037362, 0.01650583712158267, 0.0, 0.030645849071221472, 0.16773790467281977, 0.05487587528261972, 0.026121609841380632, 0.0)",255
3528,14,8,11,"(0.0, 0.0, 0.09864539577037362, 0.01650583712158267, 0.0, 0.031211978481304123, 0.13855135743719746, 0.08028238650273146, 0.026121609841380632, 0.0)",107
3529,14,9,11,"(0.0, 0.0, 0.09864539577037362, 0.01650583712158267, 0.0, 0.03873970445562209, 0.16243652964526273, 0.08028238650273146, 0.026121609841380632, 0.0)",1
3530,14,9,11,"(0.0, 0.0, 0.09864539577037362, 0.01650583712158267, 0.0, 0.030645849071221472, 0.16243652964526273, 0.08028238650273146, 0.017926876389665152, 0.0)",1
3531,14,9,11,"(0.0, 0.0, 0.09864539577037362, 0.012636919518028885, 0.0, 0.030645849071221472, 0.16243652964526273, 0.08028238650273146, 0.026121609841380632, 0.0)",1
3532,14,9,11,"(0.0, 0.0, 0.11755819882518005, 0.01650583712158267, 0.0, 0.02375279233445006, 0.16773790467281977, 0.08028238650273146, 0.04292423334417267, 0.0)",4
3533,14,9,11,"(0.0, 0.0, 0.09864539577037362, 0.01650583712158267, 0.0, 0.030645849071221472, 0.16243652964526273, 0.058774054383194003, 0.026121609841380632, 0.0)",1
3534,14,9,11,"(0.0, 0.0, 0.09183056772052653, 0.024895972396393393, 0.0, 0.02375279233445006, 0.16773790467281977, 0.08028238650273146, 0.026121609841380632, 0.0)",2
3535,14,9,11,"(0.0, 0.0, 0.11755819882518005, 0.01650583712158267, 0.0, 0.02375279233445006, 0.16773790467281977, 0.08028238650273146, 0.026121609841380632, 0.0)",263
3536,14,9,11,"(0.0, 0.0, 0.11755819882518005, 0.01650583712158267, 0.0, 0.02375279233445006, 0.16773790467281977, 0.08028238650273146, 0.02578652439747205, 0.0)",2
3537,14,9,11,"(0.0, 0.0, 0.11755819882518005, 0.01650583712158267, 0.0, 0.03146287643675593, 0.16773790467281977, 0.08028238650273146, 0.026121609841380632, 0.0)",4
3538,14,9,11,"(0.0, 0.0, 0.12673135143138084, 0.01650583712158267, 0.0, 0.030645849071221472, 0.16243652964526273, 0.08028238650273146, 0.026121609841380632, 0.0)",2
3539,14,9,11,"(0.0, 0.0, 0.09864539577037362, 0.01650583712158267, 0.0, 0.030645849071221472, 0.16243652964526273, 0.08028238650273146, 0.025828723943790002, 0.0)",1
3540,14,9,11,"(0.0, 0.0, 0.13034150976249165, 0.01650583712158267, 0.0, 0.030645849071221472, 0.16243652964526273, 0.08028238650273146, 0.026121609841380632, 0.0)",2
3541,14,9,11,"(0.0, 0.0, 0.09864539577037362, 0.01650583712158267, 0.0, 0.030645849071221472, 0.16243652964526273, 0.09891246777303617, 0.026121609841380632, 0.0)",1
3542,14,9,11,"(0.0, 0.0, 0.09864539577037362, 0.01650583712158267, 0.0, 0.030645849071221472, 0.16243652964526273, 0.08028238650273146, 0.026121609841380632, 0.0)",268
3543,14,9,11,"(0.0, 0.0, 0.11755819882518005, 0.022385997965719738, 0.0, 0.02375279233445006, 0.16773790467281977, 0.08028238650273146, 0.026121609841380632, 0.0)",3
3544,14,9,11,"(0.0, 0.0, 0.09864539577037362, 0.028606884686527025, 0.0, 0.030645849071221472, 0.16243652964526273, 0.08028238650273146, 0.026121609841380632, 0.0)",27
3545,14,10,13,"(0.0, 0.02461978404713738, 0.015529960554838622, 0.0, 0.04261507393486265, 0.022173256981297827, 0.0, 0.0, 0.01089208668844536, 0.00476393156717078)",1
3546,14,10,13,"(0.0, 0.02461978404713738, 0.023035932332134326, 0.0, 0.01810411441758469, 0.022173256981297827, 0.0, 0.0, 0.010772180146849537, 0.00476393156717078)",1
3547,14,10,13,"(0.0, 0.02461978404713738, 0.023035932332134326, 0.0, 0.01810411441758469, 0.022173256981297827, 0.0, 0.0, 0.020896190407451273, 0.00476393156717078)",1
3548,14,10,13,"(0.0, 0.02461978404713738, 0.023035932332134326, 0.0, 0.01810411441758469, 0.04101354487759832, 0.0, 0.0, 0.01089208668844536, 0.00476393156717078)",10
3549,14,10,13,"(0.0, 0.02461978404713738, 0.023035932332134326, 0.0, 0.01810411441758469, 0.022173256981297827, 0.0, 0.0, 0.01089208668844536, 0.00476393156717078)",289
3550,14,11,13,"(0.0, 0.02461978404713738, 0.023035932332134326, 0.0, 0.012412448644335727, 0.022173256981297827, 0.0, 0.0, 0.008386161813150586, 0.004436641746586963)",1
3551,14,11,13,"(0.0, 0.02461978404713738, 0.023035932332134326, 0.0, 0.016973567656639824, 0.022173256981297827, 0.0, 0.0, 0.01089208668844536, 0.004436641746586963)",273
3552,14,11,13,"(0.0, 0.027168613727559843, 0.023035932332134326, 0.0, 0.01810411441758469, 0.022173256981297827, 0.0, 0.0, 0.01089208668844536, 0.002116479494235189)",6
3553,14,11,13,"(0.0, 0.02461978404713738, 0.038160767098419514, 0.0, 0.016973567656639824, 0.022173256981297827, 0.0, 0.0, 0.01089208668844536, 0.004436641746586963)",1
3554,14,11,13,"(0.0, 0.02461978404713738, 0.023035932332134326, 0.0, 0.015255585693238156, 0.022173256981297827, 0.0, 0.0, 0.01089208668844536, 0.004436641746586963)",1
3555,14,11,13,"(0.0, 0.02461978404713738, 0.023035932332134326, 0.0, 0.020652648574975604, 0.022173256981297827, 0.0, 0.0, 0.01089208668844536, 0.004436641746586963)",1
3556,14,11,13,"(0.0, 0.02461978404713738, 0.023035932332134326, 0.0, 0.016973567656639824, 0.01614953199752733, 0.0, 0.0, 0.01089208668844536, 0.004436641746586963)",2
3557,14,11,13,"(0.0, 0.02461978404713738, 0.023035932332134326, 0.0, 0.01281961334808632, 0.022173256981297827, 0.0, 0.0, 0.01089208668844536, 0.00476393156717078)",7
3558,14,11,13,"(0.0, 0.02461978404713738, 0.023035932332134326, 0.0, 0.01810411441758469, 0.022173256981297827, 0.0, 0.0, 0.011351319762307216, 0.00476393156717078)",1
3559,14,11,13,"(0.0, 0.02461978404713738, 0.019547474784860467, 0.0, 0.016973567656639824, 0.022173256981297827, 0.0, 0.0, 0.01089208668844536, 0.004436641746586963)",1
3560,14,11,13,"(0.0, 0.02461978404713738, 0.023035932332134326, 0.0, 0.011402030783348378, 0.022173256981297827, 0.0, 0.0, 0.01089208668844536, 0.004436641746586963)",2
3561,14,11,13,"(0.0, 0.02461978404713738, 0.023035932332134326, 0.0, 0.016973567656639824, 0.022173256981297827, 0.0, 0.0, 0.01089208668844536, 0.0064774924399398585)",2
3562,14,11,13,"(0.0, 0.02022174766590887, 0.02166072104187047, 0.0, 0.01810411441758469, 0.025682199681532018, 0.0, 0.0, 0.01089208668844536, 0.00476393156717078)",1
3563,14,11,13,"(0.0, 0.02461978404713738, 0.013641068334038949, 0.0, 0.016973567656639824, 0.022173256981297827, 0.0, 0.0, 0.01089208668844536, 0.004436641746586963)",1
3564,14,11,13,"(0.0, 0.02461978404713738, 0.023035932332134326, 0.0, 0.01810411441758469, 0.022173256981297827, 0.0, 0.0, 0.01089208668844536, 0.00476393156717078)",63
3565,14,12,8,"(0.19235562551390653, 0.06074942657304639, 0.0, 0.0, 0.07022106556493442, 0.0, 0.08319516954615302, 0.1116381245929446, 0.0, 0.0)",1
3566,14,12,8,"(0.19235562551390653, 0.046525949225991035, 0.0, 0.0, 0.07022106556493442, 0.0, 0.08319516954615302, 0.1116381245929446, 0.0, 0.0)",239
3567,14,12,8,"(0.07059912861758218, 0.046525949225991035, 0.0, 0.0, 0.07022106556493442, 0.0, 0.08319516954615302, 0.1116381245929446, 0.0, 0.0)",3
3568,14,12,8,"(0.19235562551390653, 0.046525949225991035, 0.0, 0.0, 0.04573034632799446, 0.0, 0.08319516954615302, 0.1116381245929446, 0.0, 0.0)",1
3569,14,12,8,"(0.35341115256930594, 0.046525949225991035, 0.0, 0.0, 0.07022106556493442, 0.0, 0.096158359514888, 0.1116381245929446, 0.0, 0.0)",1
3570,14,12,8,"(0.19235562551390653, 0.046525949225991035, 0.0, 0.0, 0.047118612732127356, 0.0, 0.08319516954615302, 0.1116381245929446, 0.0, 0.0)",25
3571,14,12,10,"(0.07734904686468291, 0.06927916245295945, 0.09682940930282144, 0.0017773360538905325, 0.0, 0.06291875767155253, 0.0, 0.10994488928074131, 0.0, 0.0)",230
3572,14,12,10,"(0.07734904686468291, 0.11769324382377751, 0.09682940930282144, 0.0017773360538905325, 0.0, 0.06291875767155253, 0.0, 0.10994488928074131, 0.0, 0.0)",1
3573,14,12,10,"(0.07734904686468291, 0.06927916245295945, 0.09682940930282144, 0.0017773360538905325, 0.0, 0.09563433416285808, 0.0, 0.11472773301316559, 0.0, 0.0)",1
3574,14,12,10,"(0.07734904686468291, 0.06927916245295945, 0.0370022068756082, 0.0017773360538905325, 0.0, 0.06291875767155253, 0.0, 0.10994488928074131, 0.0, 0.0)",1
3575,14,13,6,"(0.03426039533065134, 0.011572197494497125, 0.0, 0.030181603934096246, 0.005422768956954101, 0.0, 0.019795240631728064, 0.0, 0.028146417112716555, 0.05874522297052942)",177
3576,14,13,6,"(0.03426039533065134, 0.011572197494497125, 0.0, 0.028578449303934758, 0.006732315355716789, 0.0, 0.019795240631728064, 0.0, 0.023337329320286707, 0.05874522297052942)",5
3577,14,13,6,"(0.03426039533065134, 0.011572197494497125, 0.0, 0.030181603934096246, 0.005422768956954101, 0.0, 0.043661220222254306, 0.0, 0.028146417112716555, 0.05874522297052942)",3
3578,14,13,14,"(0.0, 0.017248724174617657, 0.0, 0.0, 0.0, 0.0, 0.1096916615896246, 0.07609886892949795, 0.03621416498310447, 0.0)",206
3579,14,13,14,"(0.0, 0.017248724174617657, 0.0, 0.0, 0.0, 0.0, 0.17511173668925437, 0.07609886892949795, 0.03621416498310447, 0.0)",3
3580,14,13,14,"(0.0, 0.02567404230674016, 0.0, 0.0, 0.0, 0.0, 0.1096916615896246, 0.07609886892949795, 0.03621416498310447, 0.0)",2
3581,14,13,14,"(0.0, 0.017248724174617657, 0.0, 0.0, 0.0, 0.0, 0.1096916615896246, 0.11923969126658024, 0.0314618786163575, 0.0)",2
3582,14,13,14,"(0.0, 0.017248724174617657, 0.0, 0.0, 0.0, 0.0, 0.1096916615896246, 0.07609886892949795, 0.044715534478451696, 0.0)",1
3583,14,13,14,"(0.0, 0.03859118186277351, 0.0, 0.0, 0.0, 0.0, 0.1096916615896246, 0.07609886892949795, 0.022735872956716547, 0.0)",1
3584,14,14,11,"(0.0, 0.0, 0.06981708251683953, 0.01650583712158267, 0.0, 0.030645849071221472, 0.16773790467281977, 0.08028238650273146, 0.026121609841380632, 0.0)",2
3585,14,14,11,"(0.0, 0.0, 0.09864539577037362, 0.01650583712158267, 0.0, 0.030645849071221472, 0.16773790467281977, 0.08028238650273146, 0.026121609841380632, 0.0)",196
3586,14,14,11,"(0.0, 0.0, 0.09864539577037362, 0.01650583712158267, 0.0, 0.030645849071221472, 0.31620878595287344, 0.08028238650273146, 0.026121609841380632, 0.0)",1
3587,14,14,11,"(0.0, 0.0, 0.09864539577037362, 0.01650583712158267, 0.0, 0.030645849071221472, 0.16773790467281977, 0.08028238650273146, 0.03535040463579356, 0.0)",1
3588,14,14,11,"(0.0, 0.0, 0.09864539577037362, 0.01650583712158267, 0.0, 0.030645849071221472, 0.16773790467281977, 0.037249882643201886, 0.026121609841380632, 0.0)",1
3589,14,14,11,"(0.0, 0.0, 0.21927480000744135, 0.01650583712158267, 0.0, 0.030645849071221472, 0.16773790467281977, 0.08028238650273146, 0.026121609841380632, 0.0)",1
3590,14,14,13,"(0.0, 0.02461978404713738, 0.023035932332134326, 0.0, 0.01810411441758469, 0.022173256981297827, 0.0, 0.0, 0.005344129990405999, 0.00476393156717078)",24
3591,14,14,13,"(0.0, 0.02461978404713738, 0.04323440432431441, 0.0, 0.01810411441758469, 0.022173256981297827, 0.0, 0.0, 0.007539970766605289, 0.00476393156717078)",1
3592,14,14,13,"(0.0, 0.02461978404713738, 0.023035932332134326, 0.0, 0.01810411441758469, 0.022173256981297827, 0.0, 0.0, 0.006588475409704159, 0.00476393156717078)",1
3593,14,14,13,"(0.0, 0.02461978404713738, 0.023035932332134326, 0.0, 0.021940882594113288, 0.022173256981297827, 0.0, 0.0, 0.007026329739499456, 0.004336010401449271)",1
3594,14,14,13,"(0.0, 0.02461978404713738, 0.023035932332134326, 0.0, 0.01810411441758469, 0.022173256981297827, 0.0, 0.0, 0.01089208668844536, 0.00476393156717078)",283
3595,14,14,13,"(0.0, 0.02461978404713738, 0.023035932332134326, 0.0, 0.00827432030525545, 0.03427937342875525, 0.0, 0.0, 0.01089208668844536, 0.00476393156717078)",1
3596,14,14,13,"(0.0, 0.02461978404713738, 0.02612761511045068, 0.0, 0.01810411441758469, 0.022173256981297827, 0.0, 0.0, 0.01089208668844536, 0.00476393156717078)",1
3597,14,14,13,"(0.0, 0.02461978404713738, 0.016945765614695317, 0.0, 0.01810411441758469, 0.022173256981297827, 0.0, 0.0, 0.01089208668844536, 0.00476393156717078)",1
3598,14,14,13,"(0.0, 0.02312228201889771, 0.023035932332134326, 0.0, 0.029287759050719522, 0.022173256981297827, 0.0, 0.0, 0.01089208668844536, 0.00476393156717078)",15
3599,14,14,13,"(0.0, 0.02461978404713738, 0.023035932332134326, 0.0, 0.01810411441758469, 0.021939846522646172, 0.0, 0.0, 0.005344129990405999, 0.00476393156717078)",2
3600,14,14,13,"(0.0, 0.02461978404713738, 0.023035932332134326, 0.0, 0.027425596198774153, 0.022173256981297827, 0.0, 0.0, 0.01089208668844536, 0.00476393156717078)",2
3601,14,15,6,"(0.03426039533065134, 0.011572197494497125, 0.0, 0.030181603934096246, 0.005422768956954101, 0.0, 0.019795240631728064, 0.0, 0.028627440481036538, 0.05874522297052942)",2
3602,14,15,6,"(0.03426039533065134, 0.011572197494497125, 0.0, 0.030181603934096246, 0.005422768956954101, 0.0, 0.019795240631728064, 0.0, 0.028146417112716555, 0.05874522297052942)",134
3603,14,15,11,"(0.0, 0.0, 0.11839367174953695, 0.013070905024068746, 0.0, 0.030645849071221472, 0.16773790467281977, 0.0404147798164449, 0.026121609841380632, 0.0)",1
3604,14,15,11,"(0.0, 0.0, 0.11839367174953695, 0.01650583712158267, 0.0, 0.030645849071221472, 0.16773790467281977, 0.03774754298097192, 0.026121609841380632, 0.0)",1
3605,14,15,11,"(0.0, 0.0, 0.11839367174953695, 0.01650583712158267, 0.0, 0.021956832704958178, 0.16773790467281977, 0.02881773359953637, 0.026121609841380632, 0.0)",1
3606,14,15,11,"(0.0, 0.0, 0.11839367174953695, 0.01650583712158267, 0.0, 0.030645849071221472, 0.16773790467281977, 0.0404147798164449, 0.026121609841380632, 0.0)",251
3607,14,15,11,"(0.0, 0.0, 0.11839367174953695, 0.01650583712158267, 0.0, 0.030645849071221472, 0.16773790467281977, 0.0404147798164449, 0.033308618290839184, 0.0)",1
3608,14,15,11,"(0.0, 0.0, 0.09864539577037362, 0.01650583712158267, 0.0, 0.030645849071221472, 0.13049626713566656, 0.08028238650273146, 0.026121609841380632, 0.0)",107
3609,14,15,11,"(0.0, 0.0, 0.11839367174953695, 0.01650583712158267, 0.0, 0.030645849071221472, 0.16773790467281977, 0.04692989351175522, 0.026121609841380632, 0.0)",9
3610,14,15,11,"(0.0, 0.0, 0.11839367174953695, 0.01650583712158267, 0.0, 0.03005927179811936, 0.16773790467281977, 0.0404147798164449, 0.026121609841380632, 0.0)",2
3611,14,15,11,"(0.0, 0.0, 0.11839367174953695, 0.01650583712158267, 0.0, 0.030645849071221472, 0.16773790467281977, 0.0446388509113361, 0.026121609841380632, 0.0)",2
3612,14,15,11,"(0.0, 0.0, 0.08446373042614948, 0.01650583712158267, 0.0, 0.030645849071221472, 0.13049626713566656, 0.06773659245542264, 0.026121609841380632, 0.0)",1
3613,14,15,11,"(0.0, 0.0, 0.11839367174953695, 0.03035013580320569, 0.0, 0.028203372048505957, 0.16773790467281977, 0.0404147798164449, 0.026121609841380632, 0.0)",1
3614,14,15,11,"(0.0, 0.0, 0.11839367174953695, 0.03035013580320569, 0.0, 0.030645849071221472, 0.16773790467281977, 0.0404147798164449, 0.026121609841380632, 0.0)",23
3615,14,16,1,"(0.0, 0.0, 0.02527946211067612, 0.0, 0.0, 0.0199117526153351, 0.0, 0.0, 0.0, 0.09965925051150999)",1
3616,14,16,1,"(0.0, 0.0, 0.03463905939207307, 0.0, 0.0, 0.0199117526153351, 0.0, 0.0, 0.0, 0.09965925051150999)",1
3617,14,16,1,"(0.0, 0.0, 0.041406372128065916, 0.0, 0.0, 0.0199117526153351, 0.0, 0.0, 0.0, 0.07951878539514294)",1
3618,14,16,1,"(0.0, 0.0, 0.041406372128065916, 0.0, 0.0, 0.016782722945134696, 0.0, 0.0, 0.0, 0.10808394747582648)",1
3619,14,16,1,"(0.0, 0.0, 0.041406372128065916, 0.0, 0.0, 0.0199117526153351, 0.0, 0.0, 0.0, 0.09965925051150999)",705
3620,14,16,1,"(0.0, 0.0, 0.041406372128065916, 0.0, 0.0, 0.0199117526153351, 0.0, 0.0, 0.0, 0.1751181468074234)",3
3621,14,16,1,"(0.0, 0.0, 0.05080750252232168, 0.0, 0.0, 0.0199117526153351, 0.0, 0.0, 0.0, 0.09965925051150999)",6
3622,14,16,8,"(0.19235562551390653, 0.046525949225991035, 0.0, 0.0, 0.07022106556493442, 0.0, 0.08319516954615302, 0.1116381245929446, 0.0, 0.0)",40
3623,14,16,8,"(0.21817495170845647, 0.046525949225991035, 0.0, 0.0, 0.054836890719886344, 0.0, 0.08319516954615302, 0.1116381245929446, 0.0, 0.0)",1
3624,14,16,8,"(0.16507889091742442, 0.046525949225991035, 0.0, 0.0, 0.07022106556493442, 0.0, 0.08319516954615302, 0.07073810919586868, 0.0, 0.0)",1
3625,14,16,8,"(0.16507889091742442, 0.046525949225991035, 0.0, 0.0, 0.07022106556493442, 0.0, 0.08319516954615302, 0.1116381245929446, 0.0, 0.0)",181
3626,14,16,8,"(0.16507889091742442, 0.03341934885020443, 0.0, 0.0, 0.07022106556493442, 0.0, 0.08319516954615302, 0.1116381245929446, 0.0, 0.0)",1
3627,14,17,1,"(0.0, 0.0, 0.06957017441413459, 0.0, 0.0, 0.030018978917809972, 0.0, 0.0, 0.0, 0.2238616603309868)",1
3628,14,17,1,"(0.0, 0.0, 0.10922905711608999, 0.0, 0.0, 0.017483965186337217, 0.0, 0.0, 0.0, 0.0910060267578522)",1
3629,14,17,1,"(0.0, 0.0, 0.06988670437834776, 0.0, 0.0, 0.030018978917809972, 0.0, 0.0, 0.0, 0.0910060267578522)",1
3630,14,17,1,"(0.0, 0.0, 0.10922905711608999, 0.0, 0.0, 0.031624774026561456, 0.0, 0.0, 0.0, 0.0910060267578522)",3
3631,14,17,1,"(0.0, 0.0, 0.10922905711608999, 0.0, 0.0, 0.021556048299851763, 0.0, 0.0, 0.0, 0.08822551048835792)",1
3632,14,17,1,"(0.0, 0.0, 0.05377586050731472, 0.0, 0.0, 0.030018978917809972, 0.0, 0.0, 0.0, 0.0910060267578522)",1
3633,14,17,1,"(0.0, 0.0, 0.10922905711608999, 0.0, 0.0, 0.04265199603800657, 0.0, 0.0, 0.0, 0.0910060267578522)",1
3634,14,17,1,"(0.0, 0.0, 0.10922905711608999, 0.0, 0.0, 0.027641023469155694, 0.0, 0.0, 0.0, 0.0856579323626548)",2
3635,14,17,1,"(0.0, 0.0, 0.1011013891591678, 0.0, 0.0, 0.030018978917809972, 0.0, 0.0, 0.0, 0.0910060267578522)",1
3636,14,17,1,"(0.0, 0.0, 0.12670137446402213, 0.0, 0.0, 0.030018978917809972, 0.0, 0.0, 0.0, 0.0910060267578522)",3
3637,14,17,1,"(0.0, 0.0, 0.10922905711608999, 0.0, 0.0, 0.030018978917809972, 0.0, 0.0, 0.0, 0.0910060267578522)",687
3638,14,17,8,"(0.19235562551390653, 0.04632028014141928, 0.0, 0.0, 0.07022106556493442, 0.0, 0.06848258166021612, 0.1116381245929446, 0.0, 0.0)",12
3639,14,17,8,"(0.19235562551390653, 0.04632028014141928, 0.0, 0.0, 0.09831496318819119, 0.0, 0.1446775644739854, 0.1116381245929446, 0.0, 0.0)",6
3640,14,17,8,"(0.19235562551390653, 0.046525949225991035, 0.0, 0.0, 0.07022106556493442, 0.0, 0.08319516954615302, 0.1116381245929446, 0.0, 0.0)",15
3641,14,17,8,"(0.19235562551390653, 0.04942424054167351, 0.0, 0.0, 0.04392526132336324, 0.0, 0.08795854434553646, 0.17827231106959382, 0.0, 0.0)",2
3642,14,17,8,"(0.19235562551390653, 0.04632028014141928, 0.0, 0.0, 0.07022106556493442, 0.0, 0.08319516954615302, 0.11789211339853709, 0.0, 0.0)",1
3643,14,17,8,"(0.19235562551390653, 0.04632028014141928, 0.0, 0.0, 0.07022106556493442, 0.0, 0.08319516954615302, 0.1116381245929446, 0.0, 0.0)",220
3644,14,17,8,"(0.19235562551390653, 0.04632028014141928, 0.0, 0.0, 0.07022106556493442, 0.0, 0.05402412472084763, 0.1116381245929446, 0.0, 0.0)",2
3645,14,17,8,"(0.2838581903042887, 0.03606792365352385, 0.0, 0.0, 0.07022106556493442, 0.0, 0.08319516954615302, 0.1116381245929446, 0.0, 0.0)",1
3646,14,17,8,"(0.09686385913708984, 0.04632028014141928, 0.0, 0.0, 0.07022106556493442, 0.0, 0.08319516954615302, 0.09911890212378018, 0.0, 0.0)",1
3647,14,17,8,"(0.3009387608368288, 0.085023077910737, 0.0, 0.0, 0.07022106556493442, 0.0, 0.08319516954615302, 0.1116381245929446, 0.0, 0.0)",1
3648,14,18,10,"(0.07734904686468291, 0.06927916245295945, 0.053900558449053414, 0.0017773360538905325, 0.0, 0.06291875767155253, 0.0, 0.10994488928074131, 0.0, 0.0)",65
3649,14,18,10,"(0.07734904686468291, 0.06783064478730377, 0.058035757340704666, 0.0008829145433709349, 0.0, 0.06291875767155253, 0.0, 0.10994488928074131, 0.0, 0.0)",1
3650,14,18,10,"(0.07687745031534152, 0.06927916245295945, 0.09682940930282144, 0.0017773360538905325, 0.0, 0.06291875767155253, 0.0, 0.10994488928074131, 0.0, 0.0)",1
3651,14,18,10,"(0.07734904686468291, 0.06927916245295945, 0.053900558449053414, 0.001071889613716545, 0.0, 0.06291875767155253, 0.0, 0.10994488928074131, 0.0, 0.0)",1
3652,14,18,10,"(0.07734904686468291, 0.06927916245295945, 0.06666451735762621, 0.0017773360538905325, 0.0, 0.06291875767155253, 0.0, 0.09137910299546519, 0.0, 0.0)",1
3653,14,18,10,"(0.07734904686468291, 0.06927916245295945, 0.09682940930282144, 0.0017773360538905325, 0.0, 0.06291875767155253, 0.0, 0.10994488928074131, 0.0, 0.0)",122
3654,14,18,11,"(0.0, 0.0, 0.09864539577037362, 0.01650583712158267, 0.0, 0.030645849071221472, 0.16773790467281977, 0.08028238650273146, 0.02873308956446372, 0.0)",84
3655,14,18,11,"(0.0, 0.0, 0.09864539577037362, 0.01650583712158267, 0.0, 0.02079264336436063, 0.16773790467281977, 0.08028238650273146, 0.026121609841380632, 0.0)",11
3656,14,18,11,"(0.0, 0.0, 0.09864539577037362, 0.01650583712158267, 0.0, 0.03150275214907511, 0.13038533056739307, 0.08028238650273146, 0.026121609841380632, 0.0)",286
3657,14,18,11,"(0.0, 0.0, 0.09864539577037362, 0.01650583712158267, 0.0, 0.03150275214907511, 0.13038533056739307, 0.08028238650273146, 0.02242396875586795, 0.0)",31
3658,14,18,11,"(0.0, 0.0, 0.09864539577037362, 0.01650583712158267, 0.0, 0.030645849071221472, 0.15289935043212824, 0.06531583447782786, 0.02873308956446372, 0.0)",16
3659,14,18,11,"(0.0, 0.0, 0.09864539577037362, 0.01650583712158267, 0.0, 0.03150275214907511, 0.13038533056739307, 0.12965966666902537, 0.026121609841380632, 0.0)",7
3660,14,18,11,"(0.0, 0.0, 0.09864539577037362, 0.01650583712158267, 0.0, 0.030645849071221472, 0.11187181088051386, 0.08028238650273146, 0.026121609841380632, 0.0)",2
3661,14,18,11,"(0.0, 0.0, 0.06967864830946738, 0.01650583712158267, 0.0, 0.03150275214907511, 0.13038533056739307, 0.08028238650273146, 0.026121609841380632, 0.0)",3
3662,14,18,11,"(0.0, 0.0, 0.10851512518598286, 0.01650583712158267, 0.0, 0.03150275214907511, 0.13038533056739307, 0.08028238650273146, 0.02242396875586795, 0.0)",1
3663,14,18,11,"(0.0, 0.0, 0.09864539577037362, 0.01650583712158267, 0.0, 0.030645849071221472, 0.15533470023321513, 0.08028238650273146, 0.026121609841380632, 0.0)",1
3664,14,18,11,"(0.0, 0.0, 0.09864539577037362, 0.01650583712158267, 0.0, 0.030645849071221472, 0.16773790467281977, 0.08028238650273146, 0.026121609841380632, 0.0)",117
3665,14,19,0,"(0.07400250769571483, 0.0, 0.0, 0.0, 0.0, 0.011638530454791199, 0.08380840797570269, 0.0691048466035698, 0.0, 0.0)",2
3666,14,19,0,"(0.07400250769571483, 0.0, 0.0, 0.0, 0.0, 0.017098731129875016, 0.08380840797570269, 0.04983773003702653, 0.0, 0.0)",2
3667,14,19,0,"(0.07400250769571483, 0.0, 0.0, 0.0, 0.0, 0.017098731129875016, 0.08380840797570269, 0.0691048466035698, 0.0, 0.0)",126
3668,14,19,13,"(0.0, 0.02461978404713738, 0.03205890827752869, 0.0, 0.01810411441758469, 0.022173256981297827, 0.0, 0.0, 0.010921180739862722, 0.00476393156717078)",1
3669,14,19,13,"(0.0, 0.02461978404713738, 0.023035932332134326, 0.0, 0.01810411441758469, 0.022173256981297827, 0.0, 0.0, 0.01089208668844536, 0.00476393156717078)",272
3670,14,19,13,"(0.0, 0.02461978404713738, 0.023035932332134326, 0.0, 0.01810411441758469, 0.049356749773006, 0.0, 0.0, 0.011154240362533062, 0.002659699079467083)",3
3671,14,19,13,"(0.0, 0.02461978404713738, 0.023035932332134326, 0.0, 0.01810411441758469, 0.022173256981297827, 0.0, 0.0, 0.008637919400134555, 0.00476393156717078)",1
3672,14,20,10,"(0.07734904686468291, 0.06927916245295945, 0.09682940930282144, 0.0017773360538905325, 0.0, 0.06291875767155253, 0.0, 0.10994488928074131, 0.0, 0.0)",162
3673,14,20,10,"(0.07734904686468291, 0.06927916245295945, 0.09682940930282144, 0.0017773360538905325, 0.0, 0.09224023211187392, 0.0, 0.10994488928074131, 0.0, 0.0)",1
3674,14,20,10,"(0.07734904686468291, 0.06927916245295945, 0.12129265164816379, 0.0017773360538905325, 0.0, 0.0691790933589069, 0.0, 0.12174474174396129, 0.0, 0.0)",1
3675,14,20,11,"(0.0, 0.0, 0.04443349676858614, 0.01650583712158267, 0.0, 0.030645849071221472, 0.09572491856946197, 0.08028238650273146, 0.036485718580663774, 0.0)",3
3676,14,20,11,"(0.0, 0.0, 0.03664497950459847, 0.01650583712158267, 0.0, 0.02548938439096223, 0.09572491856946197, 0.08028238650273146, 0.036485718580663774, 0.0)",39
3677,14,20,11,"(0.0, 0.0, 0.1567593728618228, 0.01650583712158267, 0.0, 0.030645849071221472, 0.09572491856946197, 0.08028238650273146, 0.036485718580663774, 0.0)",1
3678,14,20,11,"(0.0, 0.0, 0.08014159865348675, 0.011507884133554871, 0.0, 0.030645849071221472, 0.09572491856946197, 0.08028238650273146, 0.036485718580663774, 0.0)",3
3679,14,20,11,"(0.0, 0.0, 0.09864539577037362, 0.01650583712158267, 0.0, 0.030645849071221472, 0.09252139805958623, 0.08028238650273146, 0.036485718580663774, 0.0)",22
3680,14,20,11,"(0.0, 0.0, 0.08014159865348675, 0.019852763509755303, 0.0, 0.024518756140245818, 0.09572491856946197, 0.08028238650273146, 0.036485718580663774, 0.0)",44
3681,14,20,11,"(0.0, 0.0, 0.08014159865348675, 0.012251984663653527, 0.0, 0.030645849071221472, 0.09572491856946197, 0.08028238650273146, 0.036485718580663774, 0.0)",3
3682,14,20,11,"(0.0, 0.0, 0.08014159865348675, 0.010491242529526918, 0.0, 0.030645849071221472, 0.09572491856946197, 0.08028238650273146, 0.06081931196043546, 0.0)",1
3683,14,20,11,"(0.0, 0.0, 0.08014159865348675, 0.01650583712158267, 0.0, 0.02428222989766781, 0.09572491856946197, 0.08028238650273146, 0.036485718580663774, 0.0)",1
3684,14,20,11,"(0.0, 0.0, 0.08014159865348675, 0.01650583712158267, 0.0, 0.030645849071221472, 0.09572491856946197, 0.08028238650273146, 0.036485718580663774, 0.0)",431
3685,14,20,11,"(0.0, 0.0, 0.08014159865348675, 0.019852763509755303, 0.0, 0.024518756140245818, 0.09572491856946197, 0.0668679338459554, 0.036485718580663774, 0.0)",1
3686,14,20,11,"(0.0, 0.0, 0.08014159865348675, 0.016190718354762514, 0.0, 0.030645849071221472, 0.09572491856946197, 0.08028238650273146, 0.036485718580663774, 0.0)",1
3687,14,20,11,"(0.0, 0.0, 0.09864539577037362, 0.01650583712158267, 0.0, 0.030645849071221472, 0.09572491856946197, 0.08028238650273146, 0.036485718580663774, 0.0)",19
3688,14,20,11,"(0.0, 0.0, 0.051250756144551185, 0.01650583712158267, 0.0, 0.030645849071221472, 0.1121057656761528, 0.08028238650273146, 0.036485718580663774, 0.0)",3
3689,15,0,6,"(0.03426039533065134, 0.011572197494497125, 0.0, 0.030181603934096246, 0.005422768956954101, 0.0, 0.019795240631728064, 0.0, 0.028146417112716555, 0.05874522297052942)",68
3690,15,0,6,"(0.03426039533065134, 0.01068731914119272, 0.0, 0.030181603934096246, 0.005422768956954101, 0.0, 0.019795240631728064, 0.0, 0.028146417112716555, 0.05874522297052942)",46
3691,15,0,6,"(0.03426039533065134, 0.014772412905174734, 0.0, 0.08416423281719315, 0.005422768956954101, 0.0, 0.016393551888907516, 0.0, 0.028146417112716555, 0.04017808312504586)",1
3692,15,0,6,"(0.03426039533065134, 0.01068731914119272, 0.0, 0.05743400111803019, 0.0047524244250893135, 0.0, 0.019795240631728064, 0.0, 0.028146417112716555, 0.05874522297052942)",2
3693,15,0,11,"(0.0, 0.0, 0.09864539577037362, 0.01650583712158267, 0.0, 0.030645849071221472, 0.16773790467281977, 0.08028238650273146, 0.02767047405794644, 0.0)",1
3694,15,0,11,"(0.0, 0.0, 0.07153742030026876, 0.010654525538403636, 0.0, 0.030645849071221472, 0.16773790467281977, 0.08028238650273146, 0.026121609841380632, 0.0)",1
3695,15,0,11,"(0.0, 0.0, 0.06200374261520503, 0.010654525538403636, 0.0, 0.034651918973559674, 0.16773790467281977, 0.08028238650273146, 0.026121609841380632, 0.0)",1
3696,15,0,11,"(0.0, 0.0, 0.09864539577037362, 0.01650583712158267, 0.0, 0.030645849071221472, 0.16773790467281977, 0.08028238650273146, 0.026121609841380632, 0.0)",135
3697,15,0,11,"(0.0, 0.0, 0.06200374261520503, 0.010654525538403636, 0.0, 0.032477697468611816, 0.16773790467281977, 0.08028238650273146, 0.026121609841380632, 0.0)",1
3698,15,0,11,"(0.0, 0.0, 0.06200374261520503, 0.011583188424303451, 0.0, 0.030645849071221472, 0.16773790467281977, 0.08028238650273146, 0.026121609841380632, 0.0)",1
3699,15,0,11,"(0.0, 0.0, 0.06200374261520503, 0.010654525538403636, 0.0, 0.030645849071221472, 0.09627085786864656, 0.054358667975197894, 0.026121609841380632, 0.0)",1
3700,15,0,11,"(0.0, 0.0, 0.06200374261520503, 0.010654525538403636, 0.0, 0.030645849071221472, 0.16773790467281977, 0.08028238650273146, 0.026121609841380632, 0.0)",318
3701,15,1,6,"(0.04618768233012216, 0.011572197494497125, 0.0, 0.030181603934096246, 0.005422768956954101, 0.0, 0.019795240631728064, 0.0, 0.028146417112716555, 0.05874522297052942)",1
3702,15,1,6,"(0.03426039533065134, 0.011572197494497125, 0.0, 0.04373379375597204, 0.005422768956954101, 0.0, 0.019795240631728064, 0.0, 0.028146417112716555, 0.05874522297052942)",1
3703,15,1,6,"(0.07072331730332915, 0.011572197494497125, 0.0, 0.030181603934096246, 0.005422768956954101, 0.0, 0.019795240631728064, 0.0, 0.028146417112716555, 0.05874522297052942)",2
3704,15,1,6,"(0.03426039533065134, 0.011728114034385865, 0.0, 0.029807794279982595, 0.005422768956954101, 0.0, 0.019795240631728064, 0.0, 0.028146417112716555, 0.05874522297052942)",1
3705,15,1,6,"(0.03426039533065134, 0.011572197494497125, 0.0, 0.030181603934096246, 0.005422768956954101, 0.0, 0.019795240631728064, 0.0, 0.028146417112716555, 0.05874522297052942)",206
3706,15,1,8,"(0.07111035742329365, 0.046525949225991035, 0.0, 0.0, 0.07022106556493442, 0.0, 0.08319516954615302, 0.1415123366655704, 0.0, 0.0)",3
3707,15,1,8,"(0.19235562551390653, 0.03566465571395619, 0.0, 0.0, 0.07022106556493442, 0.0, 0.08319516954615302, 0.12381795892215729, 0.0, 0.0)",2
3708,15,1,8,"(0.19235562551390653, 0.046525949225991035, 0.0, 0.0, 0.07022106556493442, 0.0, 0.08319516954615302, 0.1116381245929446, 0.0, 0.0)",122
3709,15,1,8,"(0.19235562551390653, 0.046525949225991035, 0.0, 0.0, 0.07022106556493442, 0.0, 0.08319516954615302, 0.12381795892215729, 0.0, 0.0)",50
3710,15,2,13,"(0.0, 0.02461978404713738, 0.023035932332134326, 0.0, 0.00970885425506607, 0.022173256981297827, 0.0, 0.0, 0.01089208668844536, 0.00476393156717078)",129
3711,15,2,13,"(0.0, 0.02461978404713738, 0.023035932332134326, 0.0, 0.00970885425506607, 0.022173256981297827, 0.0, 0.0, 0.02105528939055681, 0.00476393156717078)",24
3712,15,2,13,"(0.0, 0.024494951477102747, 0.023035932332134326, 0.0, 0.00970885425506607, 0.022173256981297827, 0.0, 0.0, 0.02105528939055681, 0.00476393156717078)",1
3713,15,2,13,"(0.0, 0.02671539816468614, 0.023035932332134326, 0.0, 0.00970885425506607, 0.022173256981297827, 0.0, 0.0, 0.01089208668844536, 0.00476393156717078)",1
3714,15,2,13,"(0.0, 0.02461978404713738, 0.023035932332134326, 0.0, 0.006273542005509277, 0.022173256981297827, 0.0, 0.0, 0.01089208668844536, 0.00476393156717078)",1
3715,15,2,13,"(0.0, 0.02461978404713738, 0.012488192435894057, 0.0, 0.01810411441758469, 0.025902942973352733, 0.0, 0.0, 0.01089208668844536, 0.00476393156717078)",63
3716,15,2,13,"(0.0, 0.02461978404713738, 0.008039317682429561, 0.0, 0.01810411441758469, 0.025902942973352733, 0.0, 0.0, 0.01089208668844536, 0.00476393156717078)",1
3717,15,2,13,"(0.0, 0.02461978404713738, 0.012488192435894057, 0.0, 0.01810411441758469, 0.015308019085940946, 0.0, 0.0, 0.01089208668844536, 0.00476393156717078)",2
3718,15,2,13,"(0.0, 0.02461978404713738, 0.023035932332134326, 0.0, 0.00970885425506607, 0.022173256981297827, 0.0, 0.0, 0.011529894456661473, 0.00476393156717078)",2
3719,15,3,13,"(0.0, 0.02461978404713738, 0.023035932332134326, 0.0, 0.01810411441758469, 0.017109262234815403, 0.0, 0.0, 0.01089208668844536, 0.00476393156717078)",4
3720,15,3,13,"(0.0, 0.02461978404713738, 0.027048735356977837, 0.0, 0.01810411441758469, 0.022173256981297827, 0.0, 0.0, 0.006369666541889805, 0.00476393156717078)",1
3721,15,3,13,"(0.0, 0.02461978404713738, 0.023035932332134326, 0.0, 0.01810411441758469, 0.022173256981297827, 0.0, 0.0, 0.009818473218243483, 0.00476393156717078)",2
3722,15,3,13,"(0.0, 0.02760931826158081, 0.020958864441115617, 0.0, 0.01810411441758469, 0.022173256981297827, 0.0, 0.0, 0.01089208668844536, 0.00476393156717078)",1
3723,15,3,13,"(0.0, 0.02461978404713738, 0.027048735356977837, 0.0, 0.01810411441758469, 0.022173256981297827, 0.0, 0.0, 0.01089208668844536, 0.00476393156717078)",18
3724,15,3,13,"(0.0, 0.02461978404713738, 0.023035932332134326, 0.0, 0.0210477135630646, 0.022173256981297827, 0.0, 0.0, 0.01089208668844536, 0.00476393156717078)",1
3725,15,3,13,"(0.0, 0.02461978404713738, 0.03156870384212116, 0.0, 0.01810411441758469, 0.022173256981297827, 0.0, 0.0, 0.01089208668844536, 0.00476393156717078)",1
3726,15,3,13,"(0.0, 0.02461978404713738, 0.023035932332134326, 0.0, 0.01810411441758469, 0.022173256981297827, 0.0, 0.0, 0.01089208668844536, 0.0024406349647482155)",83
3727,15,3,13,"(0.0, 0.02461978404713738, 0.023035932332134326, 0.0, 0.01810411441758469, 0.022173256981297827, 0.0, 0.0, 0.01089208668844536, 0.00476393156717078)",102
3728,15,4,11,"(0.0, 0.0, 0.09864539577037362, 0.01650583712158267, 0.0, 0.030645849071221472, 0.16773790467281977, 0.08028238650273146, 0.026121609841380632, 0.0)",9
3729,15,4,11,"(0.0, 0.0, 0.09864539577037362, 0.01650583712158267, 0.0, 0.030645849071221472, 0.08153022673827125, 0.07240876560513207, 0.026121609841380632, 0.0)",444
3730,15,4,11,"(0.0, 0.0, 0.12323052122040382, 0.01650583712158267, 0.0, 0.030645849071221472, 0.16773790467281977, 0.08028238650273146, 0.026121609841380632, 0.0)",6
3731,15,4,11,"(0.0, 0.0, 0.0943644423777591, 0.01650583712158267, 0.0, 0.030645849071221472, 0.16773790467281977, 0.08028238650273146, 0.026121609841380632, 0.0)",4
3732,15,4,11,"(0.0, 0.0, 0.09864539577037362, 0.0228049230472011, 0.0, 0.030645849071221472, 0.06820663821372937, 0.07240876560513207, 0.026121609841380632, 0.0)",4
3733,15,4,11,"(0.0, 0.0, 0.09864539577037362, 0.017696041853177552, 0.0, 0.030645849071221472, 0.08153022673827125, 0.07240876560513207, 0.026121609841380632, 0.0)",1
3734,15,4,11,"(0.0, 0.0, 0.09864539577037362, 0.01650583712158267, 0.0, 0.022104368040344324, 0.08153022673827125, 0.07240876560513207, 0.026121609841380632, 0.0)",4
3735,15,4,11,"(0.0, 0.0, 0.09864539577037362, 0.021622850808311413, 0.0, 0.030645849071221472, 0.08153022673827125, 0.07240876560513207, 0.026121609841380632, 0.0)",2
3736,15,4,11,"(0.0, 0.0, 0.09864539577037362, 0.016529264424256777, 0.0, 0.030645849071221472, 0.16773790467281977, 0.08028238650273146, 0.017579589817086686, 0.0)",60
3737,15,4,11,"(0.0, 0.0, 0.08410552778862307, 0.01650583712158267, 0.0, 0.0253820167774659, 0.08153022673827125, 0.07240876560513207, 0.026121609841380632, 0.0)",2
3738,15,5,0,"(0.07400250769571483, 0.0, 0.0, 0.0, 0.0, 0.034697145100636984, 0.12234694445738223, 0.02948348622457242, 0.0, 0.0)",1
3739,15,5,0,"(0.07400250769571483, 0.0, 0.0, 0.0, 0.0, 0.038664151314593, 0.08380840797570269, 0.046283280076369705, 0.0, 0.0)",15
3740,15,5,0,"(0.07400250769571483, 0.0, 0.0, 0.0, 0.0, 0.038664151314593, 0.08380840797570269, 0.05015325966666236, 0.0, 0.0)",221
3741,15,5,0,"(0.07400250769571483, 0.0, 0.0, 0.0, 0.0, 0.03219267664613599, 0.08380840797570269, 0.02948348622457242, 0.0, 0.0)",16
3742,15,5,0,"(0.11120767086125398, 0.0, 0.0, 0.0, 0.0, 0.038664151314593, 0.08380840797570269, 0.019662236197149307, 0.0, 0.0)",1
3743,15,5,6,"(0.03426039533065134, 0.00926437167254227, 0.0, 0.030181603934096246, 0.005422768956954101, 0.0, 0.019795240631728064, 0.0, 0.028146417112716555, 0.05874522297052942)",1
3744,15,5,6,"(0.03426039533065134, 0.011572197494497125, 0.0, 0.030181603934096246, 0.005422768956954101, 0.0, 0.019795240631728064, 0.0, 0.028146417112716555, 0.05874522297052942)",255
3745,15,5,6,"(0.03426039533065134, 0.011572197494497125, 0.0, 0.01709726665339441, 0.005739115091870775, 0.0, 0.019795240631728064, 0.0, 0.04033800108882383, 0.06368942361556056)",1
3746,15,6,0,"(0.07400250769571483, 0.0, 0.0, 0.0, 0.0, 0.028257391541142318, 0.08380840797570269, 0.0691048466035698, 0.0, 0.0)",2
3747,15,6,0,"(0.07400250769571483, 0.0, 0.0, 0.0, 0.0, 0.017098731129875016, 0.08380840797570269, 0.0691048466035698, 0.0, 0.0)",149
3748,15,6,0,"(0.07400250769571483, 0.0, 0.0, 0.0, 0.0, 0.017098731129875016, 0.10572628791675281, 0.10117084919705972, 0.0, 0.0)",1
3749,15,6,0,"(0.07400250769571483, 0.0, 0.0, 0.0, 0.0, 0.017098731129875016, 0.08380840797570269, 0.0735891935249135, 0.0, 0.0)",1
3750,15,6,0,"(0.07400250769571483, 0.0, 0.0, 0.0, 0.0, 0.017098731129875016, 0.08380840797570269, 0.10117084919705972, 0.0, 0.0)",77
3751,15,6,0,"(0.06291533388943511, 0.0, 0.0, 0.0, 0.0, 0.03829974393172153, 0.08380840797570269, 0.0691048466035698, 0.0, 0.0)",1
3752,15,7,13,"(0.0, 0.02461978404713738, 0.023035932332134326, 0.0, 0.01810411441758469, 0.01080224261121145, 0.0, 0.0, 0.006946836657388008, 0.00476393156717078)",1
3753,15,7,13,"(0.0, 0.02461978404713738, 0.017027081514591032, 0.0, 0.01810411441758469, 0.022173256981297827, 0.0, 0.0, 0.01089208668844536, 0.0022706642579719406)",7
3754,15,7,13,"(0.0, 0.02461978404713738, 0.023035932332134326, 0.0, 0.01810411441758469, 0.022173256981297827, 0.0, 0.0, 0.01089208668844536, 0.00476393156717078)",285
3755,15,8,6,"(0.03656180599521727, 0.011572197494497125, 0.0, 0.030181603934096246, 0.005422768956954101, 0.0, 0.019795240631728064, 0.0, 0.028146417112716555, 0.05874522297052942)",135
3756,15,8,6,"(0.03656180599521727, 0.011572197494497125, 0.0, 0.030181603934096246, 0.005422768956954101, 0.0, 0.02354986428169443, 0.0, 0.028146417112716555, 0.05874522297052942)",1
3757,15,8,6,"(0.03656180599521727, 0.011572197494497125, 0.0, 0.030181603934096246, 0.005422768956954101, 0.0, 0.019795240631728064, 0.0, 0.015332964676863722, 0.05874522297052942)",2
3758,15,8,6,"(0.03656180599521727, 0.011572197494497125, 0.0, 0.030181603934096246, 0.008879017355261393, 0.0, 0.019795240631728064, 0.0, 0.028146417112716555, 0.05874522297052942)",2
3759,15,8,6,"(0.03656180599521727, 0.012442911786980438, 0.0, 0.030181603934096246, 0.005422768956954101, 0.0, 0.019795240631728064, 0.0, 0.028146417112716555, 0.05874522297052942)",4
3760,15,8,6,"(0.03656180599521727, 0.011572197494497125, 0.0, 0.030181603934096246, 0.005422768956954101, 0.0, 0.02084646300026537, 0.0, 0.028146417112716555, 0.05874522297052942)",34
3761,15,8,11,"(0.0, 0.0, 0.09864539577037362, 0.01650583712158267, 0.0, 0.031211978481304123, 0.13855135743719746, 0.08028238650273146, 0.026121609841380632, 0.0)",134
3762,15,8,11,"(0.0, 0.0, 0.09864539577037362, 0.01650583712158267, 0.0, 0.030645849071221472, 0.16773790467281977, 0.05487587528261972, 0.026121609841380632, 0.0)",164
3763,15,8,11,"(0.0, 0.0, 0.09864539577037362, 0.01650583712158267, 0.0, 0.030645849071221472, 0.1188368179454702, 0.05487587528261972, 0.026121609841380632, 0.0)",2
3764,15,8,11,"(0.0, 0.0, 0.09864539577037362, 0.013700696885880522, 0.0, 0.031211978481304123, 0.07475476130813696, 0.08028238650273146, 0.026121609841380632, 0.0)",1
3765,15,8,11,"(0.0, 0.0, 0.06181386570786945, 0.01650583712158267, 0.0, 0.031211978481304123, 0.13855135743719746, 0.08028238650273146, 0.026121609841380632, 0.0)",1
3766,15,8,11,"(0.0, 0.0, 0.19652689548698352, 0.01650583712158267, 0.0, 0.030645849071221472, 0.16773790467281977, 0.05487587528261972, 0.026121609841380632, 0.0)",3
3767,15,8,11,"(0.0, 0.0, 0.07647795625513609, 0.01650583712158267, 0.0, 0.030645849071221472, 0.16773790467281977, 0.05487587528261972, 0.026121609841380632, 0.0)",1
3768,15,8,11,"(0.0, 0.0, 0.09864539577037362, 0.02150422363422624, 0.0, 0.030645849071221472, 0.16773790467281977, 0.05487587528261972, 0.026121609841380632, 0.0)",15
3769,15,8,11,"(0.0, 0.0, 0.09864539577037362, 0.01650583712158267, 0.0, 0.031211978481304123, 0.06310610990618738, 0.08028238650273146, 0.026121609841380632, 0.0)",18
3770,15,9,11,"(0.0, 0.0, 0.11755819882518005, 0.01650583712158267, 0.0, 0.02375279233445006, 0.16773790467281977, 0.08028238650273146, 0.029007804476932252, 0.0)",1
3771,15,9,11,"(0.0, 0.0, 0.11755819882518005, 0.01650583712158267, 0.0, 0.02375279233445006, 0.16600844604925918, 0.08028238650273146, 0.026121609841380632, 0.0)",1
3772,15,9,11,"(0.0, 0.0, 0.09864539577037362, 0.028606884686527025, 0.0, 0.030645849071221472, 0.16243652964526273, 0.08028238650273146, 0.026121609841380632, 0.0)",45
3773,15,9,11,"(0.0, 0.0, 0.09864539577037362, 0.01650583712158267, 0.0, 0.030645849071221472, 0.16243652964526273, 0.08028238650273146, 0.026121609841380632, 0.0)",251
3774,15,9,11,"(0.0, 0.0, 0.12993511548087322, 0.01650583712158267, 0.0, 0.02375279233445006, 0.1233157822264244, 0.08028238650273146, 0.026121609841380632, 0.0)",1
3775,15,9,11,"(0.0, 0.0, 0.11755819882518005, 0.01650583712158267, 0.0, 0.02375279233445006, 0.16773790467281977, 0.08028238650273146, 0.04292423334417267, 0.0)",22
3776,15,9,11,"(0.0, 0.0, 0.11755819882518005, 0.01650583712158267, 0.0, 0.02375279233445006, 0.16773790467281977, 0.08028238650273146, 0.026121609841380632, 0.0)",209
3777,15,9,11,"(0.0, 0.0, 0.09864539577037362, 0.01650583712158267, 0.0, 0.030645849071221472, 0.16243652964526273, 0.1460409840698173, 0.026121609841380632, 0.0)",1
3778,15,10,13,"(0.0, 0.02461978404713738, 0.023035932332134326, 0.0, 0.014409867653167856, 0.016156710581487967, 0.0, 0.0, 0.01089208668844536, 0.00476393156717078)",1
3779,15,10,13,"(0.0, 0.031213705295454544, 0.023035932332134326, 0.0, 0.01909360214938208, 0.062441055815297235, 0.0, 0.0, 0.012849417151873608, 0.00476393156717078)",2
3780,15,10,13,"(0.0, 0.02461978404713738, 0.023035932332134326, 0.0, 0.01810411441758469, 0.022173256981297827, 0.0, 0.0, 0.014561177282233292, 0.00476393156717078)",2
3781,15,10,13,"(0.0, 0.02461978404713738, 0.023035932332134326, 0.0, 0.01810411441758469, 0.022173256981297827, 0.0, 0.0, 0.01089208668844536, 0.007914253986284295)",2
3782,15,10,13,"(0.0, 0.02461978404713738, 0.023035932332134326, 0.0, 0.025617535752433057, 0.022173256981297827, 0.0, 0.0, 0.01089208668844536, 0.00476393156717078)",1
3783,15,10,13,"(0.0, 0.02461978404713738, 0.017497739652393936, 0.0, 0.01810411441758469, 0.022173256981297827, 0.0, 0.0, 0.01089208668844536, 0.00476393156717078)",2
3784,15,10,13,"(0.0, 0.02461978404713738, 0.023035932332134326, 0.0, 0.01810411441758469, 0.008812374875859567, 0.0, 0.0, 0.01089208668844536, 0.00476393156717078)",2
3785,15,10,13,"(0.0, 0.02461978404713738, 0.023035932332134326, 0.0, 0.01810411441758469, 0.022173256981297827, 0.0, 0.0, 0.01089208668844536, 0.00476393156717078)",308
3786,15,10,13,"(0.0, 0.02461978404713738, 0.023035932332134326, 0.0, 0.01810411441758469, 0.022173256981297827, 0.0, 0.0, 0.0053781833607549154, 0.005306586803613218)",1
3787,15,10,13,"(0.0, 0.029992798172076226, 0.016380208595959973, 0.0, 0.020710144198871308, 0.016156710581487967, 0.0, 0.0, 0.01089208668844536, 0.00476393156717078)",1
3788,15,10,13,"(0.0, 0.02461978404713738, 0.023035932332134326, 0.0, 0.01810411441758469, 0.022173256981297827, 0.0, 0.0, 0.00819699375996904, 0.00476393156717078)",3
3789,15,10,13,"(0.0, 0.031955374534233076, 0.023035932332134326, 0.0, 0.01810411441758469, 0.022173256981297827, 0.0, 0.0, 0.01089208668844536, 0.00476393156717078)",1
3790,15,10,13,"(0.0, 0.02461978404713738, 0.02164363609245853, 0.0, 0.01810411441758469, 0.022173256981297827, 0.0, 0.0, 0.01089208668844536, 0.00476393156717078)",1
3791,15,11,13,"(0.0, 0.02758148364555109, 0.023035932332134326, 0.0, 0.02047631952810148, 0.022173256981297827, 0.0, 0.0, 0.01089208668844536, 0.00476393156717078)",1
3792,15,11,13,"(0.0, 0.018038785523807593, 0.023035932332134326, 0.0, 0.01810411441758469, 0.022173256981297827, 0.0, 0.0, 0.01089208668844536, 0.00476393156717078)",1
3793,15,11,13,"(0.0, 0.04412097900415272, 0.023035932332134326, 0.0, 0.01810411441758469, 0.022173256981297827, 0.0, 0.0, 0.01089208668844536, 0.00476393156717078)",1
3794,15,11,13,"(0.0, 0.02461978404713738, 0.023035932332134326, 0.0, 0.01810411441758469, 0.022173256981297827, 0.0, 0.0, 0.01089208668844536, 0.00476393156717078)",67
3795,15,11,13,"(0.0, 0.02461978404713738, 0.01916945321176883, 0.0, 0.016973567656639824, 0.022173256981297827, 0.0, 0.0, 0.008482926223893662, 0.004436641746586963)",10
3796,15,11,13,"(0.0, 0.02461978404713738, 0.023035932332134326, 0.0, 0.016973567656639824, 0.022173256981297827, 0.0, 0.0, 0.01089208668844536, 0.007276247196050577)",1
3797,15,11,13,"(0.0, 0.02461978404713738, 0.023035932332134326, 0.0, 0.016973567656639824, 0.022173256981297827, 0.0, 0.0, 0.01089208668844536, 0.004436641746586963)",125
3798,15,12,8,"(0.19235562551390653, 0.046525949225991035, 0.0, 0.0, 0.07022106556493442, 0.0, 0.08319516954615302, 0.1116381245929446, 0.0, 0.0)",117
3799,15,12,8,"(0.19235562551390653, 0.046525949225991035, 0.0, 0.0, 0.04573034632799446, 0.0, 0.08319516954615302, 0.1116381245929446, 0.0, 0.0)",29
3800,15,12,8,"(0.19235562551390653, 0.046525949225991035, 0.0, 0.0, 0.05473703162163817, 0.0, 0.08319516954615302, 0.1116381245929446, 0.0, 0.0)",2
3801,15,12,8,"(0.19235562551390653, 0.046525949225991035, 0.0, 0.0, 0.047118612732127356, 0.0, 0.08319516954615302, 0.1116381245929446, 0.0, 0.0)",21
3802,15,12,10,"(0.07734904686468291, 0.06927916245295945, 0.14515820893737713, 0.0017773360538905325, 0.0, 0.06291875767155253, 0.0, 0.058016062764833044, 0.0, 0.0)",1
3803,15,12,10,"(0.07734904686468291, 0.09648055379641177, 0.09682940930282144, 0.0017773360538905325, 0.0, 0.06291875767155253, 0.0, 0.10994488928074131, 0.0, 0.0)",1
3804,15,12,10,"(0.07734904686468291, 0.06927916245295945, 0.09682940930282144, 0.0017773360538905325, 0.0, 0.06291875767155253, 0.0, 0.10994488928074131, 0.0, 0.0)",276
3805,15,13,6,"(0.03426039533065134, 0.011572197494497125, 0.0, 0.030181603934096246, 0.005422768956954101, 0.0, 0.019795240631728064, 0.0, 0.0476245417808181, 0.05874522297052942)",3
3806,15,13,6,"(0.03426039533065134, 0.011572197494497125, 0.0, 0.030181603934096246, 0.005422768956954101, 0.0, 0.019795240631728064, 0.0, 0.028146417112716555, 0.05874522297052942)",190
3807,15,13,14,"(0.0, 0.017248724174617657, 0.0, 0.0, 0.0, 0.0, 0.1096916615896246, 0.07609886892949795, 0.03621416498310447, 0.0)",177
3808,15,13,14,"(0.0, 0.017248724174617657, 0.0, 0.0, 0.0, 0.0, 0.1096916615896246, 0.04603939835417436, 0.03621416498310447, 0.0)",1
3809,15,14,11,"(0.0, 0.0, 0.09864539577037362, 0.01650583712158267, 0.0, 0.030645849071221472, 0.16773790467281977, 0.08028238650273146, 0.026121609841380632, 0.0)",215
3810,15,14,11,"(0.0, 0.0, 0.09864539577037362, 0.01650583712158267, 0.0, 0.029660862502524064, 0.16773790467281977, 0.08028238650273146, 0.026121609841380632, 0.0)",2
3811,15,14,11,"(0.0, 0.0, 0.09864539577037362, 0.01650583712158267, 0.0, 0.030645849071221472, 0.16773790467281977, 0.06985104568716147, 0.026121609841380632, 0.0)",5
3812,15,14,11,"(0.0, 0.0, 0.11924536162794795, 0.01650583712158267, 0.0, 0.03362153477711306, 0.16773790467281977, 0.08028238650273146, 0.026121609841380632, 0.0)",4
3813,15,14,11,"(0.0, 0.0, 0.09864539577037362, 0.01650583712158267, 0.0, 0.030645849071221472, 0.16773790467281977, 0.08871298343976793, 0.026121609841380632, 0.0)",2
3814,15,14,11,"(0.0, 0.0, 0.09864539577037362, 0.01650583712158267, 0.0, 0.030645849071221472, 0.16773790467281977, 0.08028238650273146, 0.01720028912644139, 0.0)",3
3815,15,14,11,"(0.0, 0.0, 0.09864539577037362, 0.01650583712158267, 0.0, 0.03362153477711306, 0.16773790467281977, 0.08028238650273146, 0.026121609841380632, 0.0)",1
3816,15,14,11,"(0.0, 0.0, 0.21927480000744135, 0.01650583712158267, 0.0, 0.030645849071221472, 0.16773790467281977, 0.08028238650273146, 0.026121609841380632, 0.0)",6
3817,15,14,13,"(0.0, 0.02461978404713738, 0.023035932332134326, 0.0, 0.01810411441758469, 0.022173256981297827, 0.0, 0.0, 0.01089208668844536, 0.00476393156717078)",259
3818,15,14,13,"(0.0, 0.02461978404713738, 0.023035932332134326, 0.0, 0.01810411441758469, 0.022173256981297827, 0.0, 0.0, 0.01089208668844536, 0.005237119731585452)",1
3819,15,14,13,"(0.0, 0.02461978404713738, 0.023035932332134326, 0.0, 0.01810411441758469, 0.022173256981297827, 0.0, 0.0, 0.01089208668844536, 0.0032909086454414034)",1
3820,15,14,13,"(0.0, 0.023013067355307854, 0.023035932332134326, 0.0, 0.01810411441758469, 0.022173256981297827, 0.0, 0.0, 0.011200752691946075, 0.00476393156717078)",2
3821,15,14,13,"(0.0, 0.02461978404713738, 0.01567438731878339, 0.0, 0.01810411441758469, 0.022173256981297827, 0.0, 0.0, 0.01089208668844536, 0.00476393156717078)",3
3822,15,14,13,"(0.0, 0.02461978404713738, 0.023035932332134326, 0.0, 0.01810411441758469, 0.022173256981297827, 0.0, 0.0, 0.0074646983026414645, 0.00476393156717078)",1
3823,15,14,13,"(0.0, 0.02461978404713738, 0.022985222695959803, 0.0, 0.01810411441758469, 0.022173256981297827, 0.0, 0.0, 0.01089208668844536, 0.005456624796838453)",1
3824,15,14,13,"(0.0, 0.02461978404713738, 0.023035932332134326, 0.0, 0.01810411441758469, 0.021939846522646172, 0.0, 0.0, 0.005344129990405999, 0.00476393156717078)",26
3825,15,14,13,"(0.0, 0.02312228201889771, 0.023035932332134326, 0.0, 0.029287759050719522, 0.022173256981297827, 0.0, 0.0, 0.01089208668844536, 0.00476393156717078)",28
3826,15,15,6,"(0.03426039533065134, 0.011572197494497125, 0.0, 0.030181603934096246, 0.005422768956954101, 0.0, 0.019795240631728064, 0.0, 0.028146417112716555, 0.05874522297052942)",214
3827,15,15,6,"(0.03426039533065134, 0.01491282910887413, 0.0, 0.030181603934096246, 0.005422768956954101, 0.0, 0.019976755227382553, 0.0, 0.028146417112716555, 0.05874522297052942)",5
3828,15,15,6,"(0.03426039533065134, 0.011572197494497125, 0.0, 0.030181603934096246, 0.005422768956954101, 0.0, 0.0184908570027407, 0.0, 0.028146417112716555, 0.05874522297052942)",1
3829,15,15,11,"(0.0, 0.0, 0.11839367174953695, 0.01650583712158267, 0.0, 0.030645849071221472, 0.12231058055756767, 0.0404147798164449, 0.026121609841380632, 0.0)",37
3830,15,15,11,"(0.0, 0.0, 0.09864539577037362, 0.018605300159654566, 0.0, 0.030645849071221472, 0.13049626713566656, 0.08028238650273146, 0.026121609841380632, 0.0)",5
3831,15,15,11,"(0.0, 0.0, 0.09864539577037362, 0.01650583712158267, 0.0, 0.030645849071221472, 0.13049626713566656, 0.08028238650273146, 0.026121609841380632, 0.0)",83
3832,15,15,11,"(0.0, 0.0, 0.11839367174953695, 0.01088116875172911, 0.0, 0.030645849071221472, 0.16773790467281977, 0.0404147798164449, 0.026902399298752815, 0.0)",1
3833,15,15,11,"(0.0, 0.0, 0.11839367174953695, 0.01650583712158267, 0.0, 0.030645849071221472, 0.16773790467281977, 0.0404147798164449, 0.026121609841380632, 0.0)",257
3834,15,15,11,"(0.0, 0.0, 0.1524426869520269, 0.01650583712158267, 0.0, 0.030645849071221472, 0.22047974773906573, 0.08028238650273146, 0.026121609841380632, 0.0)",1
3835,15,16,1,"(0.0, 0.0, 0.039988001807608364, 0.0, 0.0, 0.020612763486587672, 0.0, 0.0, 0.0, 0.10772416311765767)",1
3836,15,16,1,"(0.0, 0.0, 0.028088986336213158, 0.0, 0.0, 0.0199117526153351, 0.0, 0.0, 0.0, 0.09965925051150999)",3
3837,15,16,1,"(0.0, 0.0, 0.045093942421981455, 0.0, 0.0, 0.015564756824879025, 0.0, 0.0, 0.0, 0.09965925051150999)",5
3838,15,16,1,"(0.0, 0.0, 0.041406372128065916, 0.0, 0.0, 0.018721926059873713, 0.0, 0.0, 0.0, 0.08989861646300958)",1
3839,15,16,1,"(0.0, 0.0, 0.041406372128065916, 0.0, 0.0, 0.013763566422404512, 0.0, 0.0, 0.0, 0.09965925051150999)",2
3840,15,16,1,"(0.0, 0.0, 0.041406372128065916, 0.0, 0.0, 0.0199117526153351, 0.0, 0.0, 0.0, 0.09965925051150999)",700
3841,15,16,1,"(0.0, 0.0, 0.041406372128065916, 0.0, 0.0, 0.008143503807322636, 0.0, 0.0, 0.0, 0.09965925051150999)",3
3842,15,16,1,"(0.0, 0.0, 0.041406372128065916, 0.0, 0.0, 0.0199117526153351, 0.0, 0.0, 0.0, 0.1316380840104279)",1
3843,15,16,1,"(0.0, 0.0, 0.031124066001426053, 0.0, 0.0, 0.019324983903534237, 0.0, 0.0, 0.0, 0.10771661847116842)",1
3844,15,16,1,"(0.0, 0.0, 0.041406372128065916, 0.0, 0.0, 0.012390017116858219, 0.0, 0.0, 0.0, 0.09965925051150999)",2
3845,15,16,1,"(0.0, 0.0, 0.03463905939207307, 0.0, 0.0, 0.0199117526153351, 0.0, 0.0, 0.0, 0.09965925051150999)",24
3846,15,16,1,"(0.0, 0.0, 0.041406372128065916, 0.0, 0.0, 0.020474268049663617, 0.0, 0.0, 0.0, 0.09965925051150999)",1
3847,15,16,1,"(0.0, 0.0, 0.041406372128065916, 0.0, 0.0, 0.011854706379414607, 0.0, 0.0, 0.0, 0.09965925051150999)",1
3848,15,16,1,"(0.0, 0.0, 0.041406372128065916, 0.0, 0.0, 0.0199117526153351, 0.0, 0.0, 0.0, 0.1202537835435569)",3
3849,15,16,1,"(0.0, 0.0, 0.03619490975261344, 0.0, 0.0, 0.0199117526153351, 0.0, 0.0, 0.0, 0.09965925051150999)",2
3850,15,16,1,"(0.0, 0.0, 0.041406372128065916, 0.0, 0.0, 0.010749155245834198, 0.0, 0.0, 0.0, 0.09965925051150999)",1
3851,15,16,8,"(0.16507889091742442, 0.046525949225991035, 0.0, 0.0, 0.07022106556493442, 0.0, 0.08319516954615302, 0.1116381245929446, 0.0, 0.0)",182
3852,15,16,8,"(0.16507889091742442, 0.046525949225991035, 0.0, 0.0, 0.11010166504189763, 0.0, 0.07245165764066347, 0.1116381245929446, 0.0, 0.0)",2
3853,15,16,8,"(0.19235562551390653, 0.046525949225991035, 0.0, 0.0, 0.07022106556493442, 0.0, 0.08319516954615302, 0.1116381245929446, 0.0, 0.0)",43
3854,15,17,1,"(0.0, 0.0, 0.12700971239657655, 0.0, 0.0, 0.030018978917809972, 0.0, 0.0, 0.0, 0.07536925727284824)",1
3855,15,17,1,"(0.0, 0.0, 0.10521074132395157, 0.0, 0.0, 0.03774447632518442, 0.0, 0.0, 0.0, 0.0910060267578522)",2
3856,15,17,1,"(0.0, 0.0, 0.0994882996515192, 0.0, 0.0, 0.030018978917809972, 0.0, 0.0, 0.0, 0.0910060267578522)",1
3857,15,17,1,"(0.0, 0.0, 0.09411174947710563, 0.0, 0.0, 0.030018978917809972, 0.0, 0.0, 0.0, 0.0910060267578522)",1
3858,15,17,1,"(0.0, 0.0, 0.09407954801814276, 0.0, 0.0, 0.030018978917809972, 0.0, 0.0, 0.0, 0.0910060267578522)",2
3859,15,17,1,"(0.0, 0.0, 0.10922905711608999, 0.0, 0.0, 0.028715619724217798, 0.0, 0.0, 0.0, 0.0910060267578522)",8
3860,15,17,1,"(0.0, 0.0, 0.10922905711608999, 0.0, 0.0, 0.029773938900089055, 0.0, 0.0, 0.0, 0.0910060267578522)",1
3861,15,17,1,"(0.0, 0.0, 0.05447891054732217, 0.0, 0.0, 0.030018978917809972, 0.0, 0.0, 0.0, 0.0910060267578522)",1
3862,15,17,1,"(0.0, 0.0, 0.10137646648558774, 0.0, 0.0, 0.030018978917809972, 0.0, 0.0, 0.0, 0.0910060267578522)",1
3863,15,17,1,"(0.0, 0.0, 0.10999723310825661, 0.0, 0.0, 0.030018978917809972, 0.0, 0.0, 0.0, 0.11664493723474625)",1
3864,15,17,1,"(0.0, 0.0, 0.04781441878913348, 0.0, 0.0, 0.05835608647801397, 0.0, 0.0, 0.0, 0.0910060267578522)",1
3865,15,17,1,"(0.0, 0.0, 0.09798661381897047, 0.0, 0.0, 0.028738911903609107, 0.0, 0.0, 0.0, 0.0910060267578522)",1
3866,15,17,1,"(0.0, 0.0, 0.10922905711608999, 0.0, 0.0, 0.030018978917809972, 0.0, 0.0, 0.0, 0.0910060267578522)",693
3867,15,17,1,"(0.0, 0.0, 0.10922905711608999, 0.0, 0.0, 0.030018978917809972, 0.0, 0.0, 0.0, 0.08589203149388475)",2
3868,15,17,1,"(0.0, 0.0, 0.10922905711608999, 0.0, 0.0, 0.030018978917809972, 0.0, 0.0, 0.0, 0.10030840059684658)",2
3869,15,17,1,"(0.0, 0.0, 0.08983485368315836, 0.0, 0.0, 0.030018978917809972, 0.0, 0.0, 0.0, 0.0910060267578522)",1
3870,15,17,1,"(0.0, 0.0, 0.10922905711608999, 0.0, 0.0, 0.030018978917809972, 0.0, 0.0, 0.0, 0.06624499543209493)",2
3871,15,17,8,"(0.19235562551390653, 0.04632028014141928, 0.0, 0.0, 0.07022106556493442, 0.0, 0.08319516954615302, 0.11789211339853709, 0.0, 0.0)",7
3872,15,17,8,"(0.19235562551390653, 0.04632028014141928, 0.0, 0.0, 0.1433570895474226, 0.0, 0.05402412472084763, 0.1116381245929446, 0.0, 0.0)",7
3873,15,17,8,"(0.30698304797337345, 0.04632028014141928, 0.0, 0.0, 0.07022106556493442, 0.0, 0.08319516954615302, 0.1116381245929446, 0.0, 0.0)",5
3874,15,17,8,"(0.2655305142799479, 0.04632028014141928, 0.0, 0.0, 0.07022106556493442, 0.0, 0.08319516954615302, 0.1116381245929446, 0.0, 0.0)",3
3875,15,17,8,"(0.19235562551390653, 0.04632028014141928, 0.0, 0.0, 0.07022106556493442, 0.0, 0.05402412472084763, 0.1116381245929446, 0.0, 0.0)",41
3876,15,17,8,"(0.19235562551390653, 0.04632028014141928, 0.0, 0.0, 0.07022106556493442, 0.0, 0.08319516954615302, 0.08156930695982413, 0.0, 0.0)",6
3877,15,17,8,"(0.19235562551390653, 0.04632028014141928, 0.0, 0.0, 0.07022106556493442, 0.0, 0.08319516954615302, 0.1116381245929446, 0.0, 0.0)",183
3878,15,18,10,"(0.07734904686468291, 0.13608568250118586, 0.09682940930282144, 0.0017773360538905325, 0.0, 0.06291875767155253, 0.0, 0.10994488928074131, 0.0, 0.0)",1
3879,15,18,10,"(0.091207294672563, 0.06927916245295945, 0.09682940930282144, 0.0017773360538905325, 0.0, 0.06291875767155253, 0.0, 0.10994488928074131, 0.0, 0.0)",1
3880,15,18,10,"(0.07734904686468291, 0.06927916245295945, 0.09682940930282144, 0.0017773360538905325, 0.0, 0.06291875767155253, 0.0, 0.10994488928074131, 0.0, 0.0)",118
3881,15,18,10,"(0.07734904686468291, 0.06927916245295945, 0.053900558449053414, 0.0017773360538905325, 0.0, 0.06291875767155253, 0.0, 0.10994488928074131, 0.0, 0.0)",32
3882,15,18,11,"(0.0, 0.0, 0.09864539577037362, 0.01650583712158267, 0.0, 0.02079264336436063, 0.16773790467281977, 0.08028238650273146, 0.026121609841380632, 0.0)",70
3883,15,18,11,"(0.0, 0.0, 0.09864539577037362, 0.01650583712158267, 0.0, 0.03150275214907511, 0.13038533056739307, 0.08028238650273146, 0.026121609841380632, 0.0)",240
3884,15,18,11,"(0.0, 0.0, 0.09864539577037362, 0.01650583712158267, 0.0, 0.03150275214907511, 0.13038533056739307, 0.029447429334914142, 0.026121609841380632, 0.0)",7
3885,15,18,11,"(0.0, 0.0, 0.0834619281822288, 0.01650583712158267, 0.0, 0.03150275214907511, 0.13038533056739307, 0.09040979460850032, 0.0392874796015061, 0.0)",1
3886,15,18,11,"(0.0, 0.0, 0.09864539577037362, 0.01650583712158267, 0.0, 0.030645849071221472, 0.16773790467281977, 0.08028238650273146, 0.026121609841380632, 0.0)",77
3887,15,18,11,"(0.0, 0.0, 0.09864539577037362, 0.01650583712158267, 0.0, 0.03150275214907511, 0.13038533056739307, 0.08028238650273146, 0.02242396875586795, 0.0)",57
3888,15,18,11,"(0.0, 0.0, 0.09864539577037362, 0.01650583712158267, 0.0, 0.030645849071221472, 0.16773790467281977, 0.0915451085600393, 0.02873308956446372, 0.0)",14
3889,15,18,11,"(0.0, 0.0, 0.09864539577037362, 0.01650583712158267, 0.0, 0.02079264336436063, 0.16773790467281977, 0.0670479701897322, 0.026121609841380632, 0.0)",2
3890,15,18,11,"(0.0, 0.0, 0.09864539577037362, 0.01650583712158267, 0.0, 0.030645849071221472, 0.16773790467281977, 0.08028238650273146, 0.02873308956446372, 0.0)",111
3891,15,18,11,"(0.0, 0.0, 0.09864539577037362, 0.01650583712158267, 0.0, 0.024198481167646273, 0.16773790467281977, 0.08028238650273146, 0.026121609841380632, 0.0)",1
3892,15,18,11,"(0.0, 0.0, 0.09864539577037362, 0.01650583712158267, 0.0, 0.03150275214907511, 0.13038533056739307, 0.05007436422522513, 0.02242396875586795, 0.0)",3
3893,15,19,0,"(0.07400250769571483, 0.0, 0.0, 0.0, 0.0, 0.017098731129875016, 0.08380840797570269, 0.0691048466035698, 0.0, 0.0)",148
3894,15,19,13,"(0.0, 0.02461978404713738, 0.023035932332134326, 0.0, 0.01810411441758469, 0.022173256981297827, 0.0, 0.0, 0.013601245249072502, 0.00476393156717078)",13
3895,15,19,13,"(0.0, 0.023095298579642733, 0.023035932332134326, 0.0, 0.01810411441758469, 0.022173256981297827, 0.0, 0.0, 0.01089208668844536, 0.00476393156717078)",1
3896,15,19,13,"(0.0, 0.013409366176356685, 0.023035932332134326, 0.0, 0.01810411441758469, 0.022173256981297827, 0.0, 0.0, 0.01089208668844536, 0.00476393156717078)",2
3897,15,19,13,"(0.0, 0.02461978404713738, 0.023035932332134326, 0.0, 0.01810411441758469, 0.015057573680691364, 0.0, 0.0, 0.01089208668844536, 0.004527117777264942)",4
3898,15,19,13,"(0.0, 0.02461978404713738, 0.010973655528487307, 0.0, 0.01810411441758469, 0.022173256981297827, 0.0, 0.0, 0.01089208668844536, 0.00476393156717078)",1
3899,15,19,13,"(0.0, 0.02461978404713738, 0.023035932332134326, 0.0, 0.01810411441758469, 0.022173256981297827, 0.0, 0.0, 0.01089208668844536, 0.00476393156717078)",275
3900,15,19,13,"(0.0, 0.013409366176356685, 0.023035932332134326, 0.0, 0.01810411441758469, 0.022173256981297827, 0.0, 0.0, 0.01089208668844536, 0.0038568830603001683)",1
3901,15,19,13,"(0.0, 0.014728230044140318, 0.023035932332134326, 0.0, 0.01810411441758469, 0.022173256981297827, 0.0, 0.0, 0.008636974866964048, 0.00476393156717078)",1
3902,15,19,13,"(0.0, 0.020269128598695806, 0.023035932332134326, 0.0, 0.01810411441758469, 0.022173256981297827, 0.0, 0.0, 0.01089208668844536, 0.00476393156717078)",1
3903,15,20,10,"(0.07734904686468291, 0.06714932840440217, 0.09682940930282144, 0.0017773360538905325, 0.0, 0.06291875767155253, 0.0, 0.10994488928074131, 0.0, 0.0)",1
3904,15,20,10,"(0.07734904686468291, 0.054025201692187316, 0.09682940930282144, 0.0017773360538905325, 0.0, 0.060808896350930404, 0.0, 0.10994488928074131, 0.0, 0.0)",2
3905,15,20,10,"(0.07734904686468291, 0.06927916245295945, 0.11343548871081655, 0.0017773360538905325, 0.0, 0.06291875767155253, 0.0, 0.10994488928074131, 0.0, 0.0)",4
3906,15,20,10,"(0.07734904686468291, 0.06927916245295945, 0.08504860260686749, 0.0017773360538905325, 0.0, 0.06291875767155253, 0.0, 0.10994488928074131, 0.0, 0.0)",2
3907,15,20,10,"(0.07734904686468291, 0.0639644277990864, 0.09682940930282144, 0.0023664354275193355, 0.0, 0.06291875767155253, 0.0, 0.10994488928074131, 0.0, 0.0)",5
3908,15,20,10,"(0.07734904686468291, 0.054025201692187316, 0.09682940930282144, 0.0017773360538905325, 0.0, 0.06291875767155253, 0.0, 0.10994488928074131, 0.0, 0.0)",2
3909,15,20,10,"(0.07734904686468291, 0.054025201692187316, 0.09682940930282144, 0.0017773360538905325, 0.0, 0.04639180601817466, 0.0, 0.10994488928074131, 0.0, 0.0)",2
3910,15,20,10,"(0.07734904686468291, 0.07559355828480893, 0.09682940930282144, 0.0012304572071573762, 0.0, 0.06291875767155253, 0.0, 0.10994488928074131, 0.0, 0.0)",2
3911,15,20,10,"(0.07734904686468291, 0.06927916245295945, 0.09682940930282144, 0.0017773360538905325, 0.0, 0.06291875767155253, 0.0, 0.10994488928074131, 0.0, 0.0)",112
3912,15,20,10,"(0.07734904686468291, 0.06927916245295945, 0.09682940930282144, 0.0017418467301599612, 0.0, 0.06291875767155253, 0.0, 0.09582362114802287, 0.0, 0.0)",2
3913,15,20,11,"(0.0, 0.0, 0.08014159865348675, 0.01650583712158267, 0.0, 0.030645849071221472, 0.09572491856946197, 0.11090589355700668, 0.036485718580663774, 0.0)",2
3914,15,20,11,"(0.0, 0.0, 0.08014159865348675, 0.01650583712158267, 0.0, 0.030645849071221472, 0.09572491856946197, 0.12669229176071573, 0.036485718580663774, 0.0)",1
3915,15,20,11,"(0.0, 0.0, 0.08014159865348675, 0.01650583712158267, 0.0, 0.030645849071221472, 0.09572491856946197, 0.09842574776847195, 0.036485718580663774, 0.0)",6
3916,15,20,11,"(0.0, 0.0, 0.09864539577037362, 0.01650583712158267, 0.0, 0.030645849071221472, 0.09572491856946197, 0.08028238650273146, 0.036485718580663774, 0.0)",10
3917,15,20,11,"(0.0, 0.0, 0.08014159865348675, 0.01650583712158267, 0.0, 0.030645849071221472, 0.09572491856946197, 0.08028238650273146, 0.058978796024901387, 0.0)",3
3918,15,20,11,"(0.0, 0.0, 0.08014159865348675, 0.01650583712158267, 0.0, 0.030645849071221472, 0.09572491856946197, 0.08028238650273146, 0.0378204043967817, 0.0)",7
3919,15,20,11,"(0.0, 0.0, 0.03664497950459847, 0.015887473798105366, 0.0, 0.02548938439096223, 0.09572491856946197, 0.08028238650273146, 0.036485718580663774, 0.0)",3
3920,15,20,11,"(0.0, 0.0, 0.03664497950459847, 0.01650583712158267, 0.0, 0.02548938439096223, 0.09572491856946197, 0.08028238650273146, 0.036485718580663774, 0.0)",92
3921,15,20,11,"(0.0, 0.0, 0.08014159865348675, 0.011507884133554871, 0.0, 0.030645849071221472, 0.09572491856946197, 0.08028238650273146, 0.036485718580663774, 0.0)",1
3922,15,20,11,"(0.0, 0.0, 0.09864539577037362, 0.01650583712158267, 0.0, 0.030645849071221472, 0.09252139805958623, 0.08028238650273146, 0.036485718580663774, 0.0)",88
3923,15,20,11,"(0.0, 0.0, 0.08014159865348675, 0.01650583712158267, 0.0, 0.030645849071221472, 0.09572491856946197, 0.08028238650273146, 0.036485718580663774, 0.0)",340
3924,15,20,11,"(0.0, 0.0, 0.03664497950459847, 0.01938466975280659, 0.0, 0.02548938439096223, 0.09572491856946197, 0.08028238650273146, 0.036485718580663774, 0.0)",1
3925,15,20,11,"(0.0, 0.0, 0.08014159865348675, 0.01650583712158267, 0.0, 0.030645849071221472, 0.09572491856946197, 0.04718664499117271, 0.036485718580663774, 0.0)",1
3926,16,0,6,"(0.03426039533065134, 0.011572197494497125, 0.0, 0.030181603934096246, 0.005422768956954101, 0.0, 0.019795240631728064, 0.0, 0.028146417112716555, 0.046757407155404496)",2
3927,16,0,6,"(0.03426039533065134, 0.01068731914119272, 0.0, 0.030181603934096246, 0.005422768956954101, 0.0, 0.019795240631728064, 0.0, 0.028146417112716555, 0.05874522297052942)",22
3928,16,0,6,"(0.03426039533065134, 0.011164835044988502, 0.0, 0.030181603934096246, 0.005422768956954101, 0.0, 0.019795240631728064, 0.0, 0.028146417112716555, 0.05874522297052942)",5
3929,16,0,6,"(0.03426039533065134, 0.011572197494497125, 0.0, 0.010929068893046059, 0.005422768956954101, 0.0, 0.019795240631728064, 0.0, 0.01804420827246937, 0.05874522297052942)",2
3930,16,0,6,"(0.03426039533065134, 0.011572197494497125, 0.0, 0.030181603934096246, 0.005422768956954101, 0.0, 0.019795240631728064, 0.0, 0.028146417112716555, 0.05874522297052942)",152
3931,16,0,6,"(0.03426039533065134, 0.007404929323109732, 0.0, 0.030181603934096246, 0.005422768956954101, 0.0, 0.019795240631728064, 0.0, 0.028146417112716555, 0.05874522297052942)",1
3932,16,0,11,"(0.0, 0.0, 0.09864539577037362, 0.01650583712158267, 0.0, 0.030645849071221472, 0.16773790467281977, 0.08028238650273146, 0.026121609841380632, 0.0)",69
3933,16,0,11,"(0.0, 0.0, 0.09864539577037362, 0.018099908821177707, 0.0, 0.030645849071221472, 0.16773790467281977, 0.08028238650273146, 0.026121609841380632, 0.0)",1
3934,16,0,11,"(0.0, 0.0, 0.06200374261520503, 0.010654525538403636, 0.0, 0.030645849071221472, 0.16773790467281977, 0.0842193986501691, 0.026121609841380632, 0.0)",1
3935,16,0,11,"(0.0, 0.0, 0.04169522659952404, 0.010654525538403636, 0.0, 0.030645849071221472, 0.16773790467281977, 0.08028238650273146, 0.026121609841380632, 0.0)",4
3936,16,0,11,"(0.0, 0.0, 0.06200374261520503, 0.010654525538403636, 0.0, 0.02062673894743853, 0.16773790467281977, 0.08028238650273146, 0.026121609841380632, 0.0)",1
3937,16,0,11,"(0.0, 0.0, 0.06200374261520503, 0.010654525538403636, 0.0, 0.032234817239825964, 0.16773790467281977, 0.08028238650273146, 0.026121609841380632, 0.0)",1
3938,16,0,11,"(0.0, 0.0, 0.06200374261520503, 0.007112470846249267, 0.0, 0.030645849071221472, 0.16773790467281977, 0.08028238650273146, 0.026121609841380632, 0.0)",1
3939,16,0,11,"(0.0, 0.0, 0.06200374261520503, 0.010654525538403636, 0.0, 0.030645849071221472, 0.16773790467281977, 0.08028238650273146, 0.026121609841380632, 0.0)",295
3940,16,0,11,"(0.0, 0.0, 0.06200374261520503, 0.011153080035720948, 0.0, 0.030645849071221472, 0.16773790467281977, 0.08028238650273146, 0.06267971815638841, 0.0)",1
3941,16,0,11,"(0.0, 0.0, 0.04169522659952404, 0.008193404899808571, 0.0, 0.030645849071221472, 0.16773790467281977, 0.08028238650273146, 0.03291705373585662, 0.0)",1
3942,16,0,11,"(0.0, 0.0, 0.06200374261520503, 0.010654525538403636, 0.0, 0.030645849071221472, 0.16773790467281977, 0.055328091341947036, 0.026121609841380632, 0.0)",2
3943,16,1,6,"(0.032300940333263646, 0.011572197494497125, 0.0, 0.030181603934096246, 0.005422768956954101, 0.0, 0.019795240631728064, 0.0, 0.028146417112716555, 0.05874522297052942)",1
3944,16,1,6,"(0.03426039533065134, 0.011572197494497125, 0.0, 0.030181603934096246, 0.005422768956954101, 0.0, 0.019795240631728064, 0.0, 0.028146417112716555, 0.05874522297052942)",338
3945,16,1,8,"(0.19235562551390653, 0.046525949225991035, 0.0, 0.0, 0.07022106556493442, 0.0, 0.08319516954615302, 0.12381795892215729, 0.0, 0.0)",11
3946,16,1,8,"(0.19235562551390653, 0.046525949225991035, 0.0, 0.0, 0.07022106556493442, 0.0, 0.08319516954615302, 0.1116381245929446, 0.0, 0.0)",112
3947,16,1,8,"(0.07111035742329365, 0.046525949225991035, 0.0, 0.0, 0.07022106556493442, 0.0, 0.08319516954615302, 0.1415123366655704, 0.0, 0.0)",27
3948,16,2,13,"(0.0, 0.029772822259917123, 0.023035932332134326, 0.0, 0.007860260962000614, 0.022173256981297827, 0.0, 0.0, 0.02105528939055681, 0.00476393156717078)",1
3949,16,2,13,"(0.0, 0.013563876714510393, 0.023035932332134326, 0.0, 0.00847763264133714, 0.022173256981297827, 0.0, 0.0, 0.01089208668844536, 0.00476393156717078)",1
3950,16,2,13,"(0.0, 0.02461978404713738, 0.012488192435894057, 0.0, 0.01810411441758469, 0.025902942973352733, 0.0, 0.0, 0.01089208668844536, 0.003742653454541098)",1
3951,16,2,13,"(0.0, 0.02461978404713738, 0.023035932332134326, 0.0, 0.00970885425506607, 0.022173256981297827, 0.0, 0.0, 0.02105528939055681, 0.00476393156717078)",21
3952,16,2,13,"(0.0, 0.02461978404713738, 0.024331136181199486, 0.0, 0.00970885425506607, 0.022173256981297827, 0.0, 0.0, 0.01089208668844536, 0.00476393156717078)",3
3953,16,2,13,"(0.0, 0.02461978404713738, 0.023035932332134326, 0.0, 0.007274544772068969, 0.022173256981297827, 0.0, 0.0, 0.01089208668844536, 0.00476393156717078)",1
3954,16,2,13,"(0.0, 0.02461978404713738, 0.023035932332134326, 0.0, 0.0060065881179062145, 0.022173256981297827, 0.0, 0.0, 0.01089208668844536, 0.00476393156717078)",5
3955,16,2,13,"(0.0, 0.02461978404713738, 0.012488192435894057, 0.0, 0.01810411441758469, 0.025902942973352733, 0.0, 0.0, 0.01089208668844536, 0.00476393156717078)",67
3956,16,2,13,"(0.0, 0.02461978404713738, 0.012488192435894057, 0.0, 0.01810411441758469, 0.015308019085940946, 0.0, 0.0, 0.01089208668844536, 0.00476393156717078)",5
3957,16,2,13,"(0.0, 0.02461978404713738, 0.023035932332134326, 0.0, 0.00970885425506607, 0.012412807336911587, 0.0, 0.0, 0.01089208668844536, 0.00476393156717078)",1
3958,16,2,13,"(0.0, 0.02461978404713738, 0.019624887415211848, 0.0, 0.00970885425506607, 0.022173256981297827, 0.0, 0.0, 0.01089208668844536, 0.00476393156717078)",5
3959,16,2,13,"(0.0, 0.02461978404713738, 0.023035932332134326, 0.0, 0.0051025242489718455, 0.022173256981297827, 0.0, 0.0, 0.03438417114943387, 0.00476393156717078)",1
3960,16,2,13,"(0.0, 0.02461978404713738, 0.023035932332134326, 0.0, 0.00970885425506607, 0.022173256981297827, 0.0, 0.0, 0.01089208668844536, 0.00476393156717078)",143
3961,16,3,13,"(0.0, 0.02461978404713738, 0.023035932332134326, 0.0, 0.0121961872989876, 0.022173256981297827, 0.0, 0.0, 0.01089208668844536, 0.0024406349647482155)",3
3962,16,3,13,"(0.0, 0.02461978404713738, 0.023035932332134326, 0.0, 0.01810411441758469, 0.022173256981297827, 0.0, 0.0, 0.01089208668844536, 0.00476393156717078)",102
3963,16,3,13,"(0.0, 0.02461978404713738, 0.023035932332134326, 0.0, 0.016537782643296566, 0.022173256981297827, 0.0, 0.0, 0.01089208668844536, 0.0024406349647482155)",2
3964,16,3,13,"(0.0, 0.02461978404713738, 0.023035932332134326, 0.0, 0.01810411441758469, 0.022173256981297827, 0.0, 0.0, 0.01089208668844536, 0.0024406349647482155)",133
3965,16,3,13,"(0.0, 0.021955767379225107, 0.023035932332134326, 0.0, 0.01810411441758469, 0.022173256981297827, 0.0, 0.0, 0.01089208668844536, 0.0024406349647482155)",3
3966,16,3,13,"(0.0, 0.02461978404713738, 0.023035932332134326, 0.0, 0.01810411441758469, 0.022173256981297827, 0.0, 0.0, 0.012910338756997632, 0.0024406349647482155)",1
3967,16,4,11,"(0.0, 0.0, 0.07151772617323997, 0.01650583712158267, 0.0, 0.030645849071221472, 0.08153022673827125, 0.07240876560513207, 0.026121609841380632, 0.0)",2
3968,16,4,11,"(0.0, 0.0, 0.09864539577037362, 0.01650583712158267, 0.0, 0.035589778835994845, 0.08153022673827125, 0.07240876560513207, 0.026121609841380632, 0.0)",1
3969,16,4,11,"(0.0, 0.0, 0.09864539577037362, 0.01650583712158267, 0.0, 0.019140634483080617, 0.08153022673827125, 0.07240876560513207, 0.026121609841380632, 0.0)",1
3970,16,4,11,"(0.0, 0.0, 0.09864539577037362, 0.010554226150185825, 0.0, 0.029896413400324163, 0.08153022673827125, 0.07240876560513207, 0.020947497750253112, 0.0)",1
3971,16,4,11,"(0.0, 0.0, 0.09864539577037362, 0.01650583712158267, 0.0, 0.030645849071221472, 0.08153022673827125, 0.07240876560513207, 0.02058426636745135, 0.0)",1
3972,16,4,11,"(0.0, 0.0, 0.09864539577037362, 0.016529264424256777, 0.0, 0.030645849071221472, 0.16773790467281977, 0.08028238650273146, 0.017579589817086686, 0.0)",26
3973,16,4,11,"(0.0, 0.0, 0.09864539577037362, 0.01650583712158267, 0.0, 0.030645849071221472, 0.05649918454914237, 0.07240876560513207, 0.026121609841380632, 0.0)",1
3974,16,4,11,"(0.0, 0.0, 0.09864539577037362, 0.01650583712158267, 0.0, 0.030645849071221472, 0.10391692781674373, 0.07240876560513207, 0.026121609841380632, 0.0)",6
3975,16,4,11,"(0.0, 0.0, 0.09864539577037362, 0.01650583712158267, 0.0, 0.030645849071221472, 0.14414123510026552, 0.07240876560513207, 0.026121609841380632, 0.0)",1
3976,16,4,11,"(0.0, 0.0, 0.09864539577037362, 0.01650583712158267, 0.0, 0.030645849071221472, 0.08153022673827125, 0.07240876560513207, 0.0808654905645156, 0.0)",2
3977,16,4,11,"(0.0, 0.0, 0.09864539577037362, 0.01650583712158267, 0.0, 0.030645849071221472, 0.08153022673827125, 0.07240876560513207, 0.026121609841380632, 0.0)",457
3978,16,4,11,"(0.0, 0.0, 0.08525493039402422, 0.01650583712158267, 0.0, 0.030645849071221472, 0.08153022673827125, 0.07240876560513207, 0.026121609841380632, 0.0)",1
3979,16,5,0,"(0.07400250769571483, 0.0, 0.0, 0.0, 0.0, 0.038664151314593, 0.08380840797570269, 0.05015325966666236, 0.0, 0.0)",200
3980,16,5,0,"(0.07400250769571483, 0.0, 0.0, 0.0, 0.0, 0.03219267664613599, 0.08380840797570269, 0.02948348622457242, 0.0, 0.0)",25
3981,16,5,0,"(0.07400250769571483, 0.0, 0.0, 0.0, 0.0, 0.038664151314593, 0.08380840797570269, 0.046283280076369705, 0.0, 0.0)",53
3982,16,5,0,"(0.06785492054390786, 0.0, 0.0, 0.0, 0.0, 0.03219267664613599, 0.08380840797570269, 0.02948348622457242, 0.0, 0.0)",1
3983,16,5,6,"(0.03426039533065134, 0.011572197494497125, 0.0, 0.030181603934096246, 0.005422768956954101, 0.0, 0.019795240631728064, 0.0, 0.028146417112716555, 0.05874522297052942)",274
3984,16,5,6,"(0.04200956165891441, 0.011572197494497125, 0.0, 0.030181603934096246, 0.005422768956954101, 0.0, 0.019795240631728064, 0.0, 0.028146417112716555, 0.05874522297052942)",1
3985,16,5,6,"(0.03426039533065134, 0.011572197494497125, 0.0, 0.030181603934096246, 0.005422768956954101, 0.0, 0.02110201689041989, 0.0, 0.028146417112716555, 0.05874522297052942)",1
3986,16,5,6,"(0.03426039533065134, 0.011572197494497125, 0.0, 0.030181603934096246, 0.0051036516613539645, 0.0, 0.019795240631728064, 0.0, 0.028146417112716555, 0.05874522297052942)",1
3987,16,5,6,"(0.025544468057355593, 0.00928971908214607, 0.0, 0.030181603934096246, 0.005422768956954101, 0.0, 0.015214447727369004, 0.0, 0.028146417112716555, 0.05874522297052942)",1
3988,16,5,6,"(0.03426039533065134, 0.011572197494497125, 0.0, 0.030181603934096246, 0.005422768956954101, 0.0, 0.019795240631728064, 0.0, 0.028146417112716555, 0.052711629722717555)",1
3989,16,6,0,"(0.07400250769571483, 0.0, 0.0, 0.0, 0.0, 0.017098731129875016, 0.08380840797570269, 0.0691048466035698, 0.0, 0.0)",109
3990,16,6,0,"(0.07400250769571483, 0.0, 0.0, 0.0, 0.0, 0.017098731129875016, 0.08380840797570269, 0.10117084919705972, 0.0, 0.0)",123
3991,16,6,0,"(0.07400250769571483, 0.0, 0.0, 0.0, 0.0, 0.017098731129875016, 0.08380840797570269, 0.09650738640846694, 0.0, 0.0)",1
3992,16,6,0,"(0.07400250769571483, 0.0, 0.0, 0.0, 0.0, 0.017098731129875016, 0.08380840797570269, 0.047626549769158456, 0.0, 0.0)",4
3993,16,6,0,"(0.0607263981590003, 0.0, 0.0, 0.0, 0.0, 0.02447339990196042, 0.08380840797570269, 0.10117084919705972, 0.0, 0.0)",2
3994,16,7,13,"(0.0, 0.02461978404713738, 0.023035932332134326, 0.0, 0.01810411441758469, 0.022173256981297827, 0.0, 0.0, 0.01089208668844536, 0.004207460206414887)",5
3995,16,7,13,"(0.0, 0.02461978404713738, 0.023035932332134326, 0.0, 0.01810411441758469, 0.023000676166783234, 0.0, 0.0, 0.01089208668844536, 0.00476393156717078)",1
3996,16,7,13,"(0.0, 0.02461978404713738, 0.023035932332134326, 0.0, 0.007734397088076626, 0.022173256981297827, 0.0, 0.0, 0.01089208668844536, 0.00476393156717078)",2
3997,16,7,13,"(0.0, 0.02461978404713738, 0.023035932332134326, 0.0, 0.01810411441758469, 0.022173256981297827, 0.0, 0.0, 0.009437549804355525, 0.00476393156717078)",4
3998,16,7,13,"(0.0, 0.01722743424756069, 0.023767226115944246, 0.0, 0.01810411441758469, 0.026184292054749182, 0.0, 0.0, 0.01089208668844536, 0.00476393156717078)",1
3999,16,7,13,"(0.0, 0.02461978404713738, 0.023035932332134326, 0.0, 0.01810411441758469, 0.022173256981297827, 0.0, 0.0, 0.007236871448862692, 0.00476393156717078)",1
4000,16,7,13,"(0.0, 0.02461978404713738, 0.023035932332134326, 0.0, 0.01810411441758469, 0.022173256981297827, 0.0, 0.0, 0.01900966046227576, 0.00476393156717078)",1
4001,16,7,13,"(0.0, 0.02461978404713738, 0.023035932332134326, 0.0, 0.01810411441758469, 0.022173256981297827, 0.0, 0.0, 0.012209802922650158, 0.00476393156717078)",2
4002,16,7,13,"(0.0, 0.02461978404713738, 0.023035932332134326, 0.0, 0.01810411441758469, 0.022173256981297827, 0.0, 0.0, 0.01089208668844536, 0.00476393156717078)",371
4003,16,8,6,"(0.03656180599521727, 0.011572197494497125, 0.0, 0.030181603934096246, 0.005422768956954101, 0.0, 0.019795240631728064, 0.0, 0.028146417112716555, 0.05874522297052942)",61
4004,16,8,6,"(0.03656180599521727, 0.011572197494497125, 0.0, 0.030181603934096246, 0.005422768956954101, 0.0, 0.02084646300026537, 0.0, 0.028146417112716555, 0.05874522297052942)",102
4005,16,8,11,"(0.0, 0.0, 0.09864539577037362, 0.01650583712158267, 0.0, 0.031211978481304123, 0.13855135743719746, 0.08028238650273146, 0.026121609841380632, 0.0)",112
4006,16,8,11,"(0.0, 0.0, 0.09864539577037362, 0.02150422363422624, 0.0, 0.030645849071221472, 0.16773790467281977, 0.05487587528261972, 0.026121609841380632, 0.0)",53
4007,16,8,11,"(0.0, 0.0, 0.06637899566922267, 0.01650583712158267, 0.0, 0.019302259800072673, 0.16773790467281977, 0.05487587528261972, 0.026121609841380632, 0.0)",1
4008,16,8,11,"(0.0, 0.0, 0.09864539577037362, 0.01650583712158267, 0.0, 0.030645849071221472, 0.16773790467281977, 0.05487587528261972, 0.04046171997918511, 0.0)",2
4009,16,8,11,"(0.0, 0.0, 0.09864539577037362, 0.01650583712158267, 0.0, 0.031211978481304123, 0.13855135743719746, 0.03330120484185262, 0.026121609841380632, 0.0)",6
4010,16,8,11,"(0.0, 0.0, 0.09864539577037362, 0.01650583712158267, 0.0, 0.030645849071221472, 0.16773790467281977, 0.05487587528261972, 0.026121609841380632, 0.0)",160
4011,16,8,11,"(0.0, 0.0, 0.09864539577037362, 0.01650583712158267, 0.0, 0.031211978481304123, 0.06310610990618738, 0.08028238650273146, 0.026121609841380632, 0.0)",26
4012,16,9,11,"(0.0, 0.0, 0.09864539577037362, 0.028606884686527025, 0.0, 0.030645849071221472, 0.16243652964526273, 0.08028238650273146, 0.026121609841380632, 0.0)",165
4013,16,9,11,"(0.0, 0.0, 0.11755819882518005, 0.01650583712158267, 0.0, 0.02375279233445006, 0.16773790467281977, 0.08028238650273146, 0.023195979982856184, 0.0)",6
4014,16,9,11,"(0.0, 0.0, 0.09864539577037362, 0.028606884686527025, 0.0, 0.017177479072892844, 0.16243652964526273, 0.0692414380074238, 0.05666789205378845, 0.0)",1
4015,16,9,11,"(0.0, 0.0, 0.11755819882518005, 0.01650583712158267, 0.0, 0.02375279233445006, 0.16773790467281977, 0.08028238650273146, 0.026121609841380632, 0.0)",162
4016,16,9,11,"(0.0, 0.0, 0.09864539577037362, 0.01650583712158267, 0.0, 0.030645849071221472, 0.16243652964526273, 0.08028238650273146, 0.026121609841380632, 0.0)",234
4017,16,9,11,"(0.0, 0.0, 0.09864539577037362, 0.028606884686527025, 0.0, 0.030645849071221472, 0.16243652964526273, 0.08028238650273146, 0.018454037188135368, 0.0)",1
4018,16,9,11,"(0.0, 0.0, 0.1248152067398936, 0.028606884686527025, 0.0, 0.030645849071221472, 0.16243652964526273, 0.08028238650273146, 0.026121609841380632, 0.0)",1
4019,16,10,13,"(0.0, 0.028323408019894455, 0.0295378705891763, 0.0, 0.01810411441758469, 0.022173256981297827, 0.0, 0.0, 0.0037588958137538733, 0.00476393156717078)",2
4020,16,10,13,"(0.0, 0.012808459285493803, 0.023035932332134326, 0.0, 0.01810411441758469, 0.030404169440453807, 0.0, 0.0, 0.007691632678216406, 0.00476393156717078)",1
4021,16,10,13,"(0.0, 0.031955374534233076, 0.023035932332134326, 0.0, 0.01810411441758469, 0.022173256981297827, 0.0, 0.0, 0.01089208668844536, 0.00476393156717078)",14
4022,16,10,13,"(0.0, 0.039699760264972156, 0.023035932332134326, 0.0, 0.01810411441758469, 0.04090451424055645, 0.0, 0.0, 0.014059578709683395, 0.00476393156717078)",1
4023,16,10,13,"(0.0, 0.02461978404713738, 0.023035932332134326, 0.0, 0.010763939111649586, 0.022173256981297827, 0.0, 0.0, 0.01089208668844536, 0.00476393156717078)",1
4024,16,10,13,"(0.0, 0.02461978404713738, 0.023035932332134326, 0.0, 0.01810411441758469, 0.022173256981297827, 0.0, 0.0, 0.008862941905980361, 0.00476393156717078)",11
4025,16,10,13,"(0.0, 0.025173837846329847, 0.023035932332134326, 0.0, 0.01810411441758469, 0.022173256981297827, 0.0, 0.0, 0.01089208668844536, 0.00476393156717078)",1
4026,16,10,13,"(0.0, 0.02461978404713738, 0.023035932332134326, 0.0, 0.01810411441758469, 0.022173256981297827, 0.0, 0.0, 0.005390653730388303, 0.00476393156717078)",1
4027,16,10,13,"(0.0, 0.02461978404713738, 0.014859657411957048, 0.0, 0.01810411441758469, 0.022173256981297827, 0.0, 0.0, 0.01089208668844536, 0.00476393156717078)",1
4028,16,10,13,"(0.0, 0.02461978404713738, 0.023035932332134326, 0.0, 0.01810411441758469, 0.012543961657728791, 0.0, 0.0, 0.010025316742816077, 0.00476393156717078)",1
4029,16,10,13,"(0.0, 0.02461978404713738, 0.023035932332134326, 0.0, 0.01810411441758469, 0.022173256981297827, 0.0, 0.0, 0.01089208668844536, 0.00476393156717078)",276
4030,16,10,13,"(0.0, 0.02461978404713738, 0.023035932332134326, 0.0, 0.01810411441758469, 0.015935134625786565, 0.0, 0.0, 0.01089208668844536, 0.00476393156717078)",1
4031,16,10,13,"(0.0, 0.02461978404713738, 0.01482760747119737, 0.0, 0.01810411441758469, 0.022173256981297827, 0.0, 0.0, 0.01089208668844536, 0.0029628913703438763)",1
4032,16,10,13,"(0.0, 0.02461978404713738, 0.023035932332134326, 0.0, 0.01810411441758469, 0.02019593550576495, 0.0, 0.0, 0.01089208668844536, 0.00476393156717078)",1
4033,16,11,13,"(0.0, 0.02461978404713738, 0.02765389745595552, 0.0, 0.016973567656639824, 0.022173256981297827, 0.0, 0.0, 0.01089208668844536, 0.004436641746586963)",3
4034,16,11,13,"(0.0, 0.02461978404713738, 0.01904615302219008, 0.0, 0.0202965719892089, 0.016726727162283878, 0.0, 0.0, 0.007938775203017, 0.00476393156717078)",1
4035,16,11,13,"(0.0, 0.02461978404713738, 0.023035932332134326, 0.0, 0.01810411441758469, 0.022173256981297827, 0.0, 0.0, 0.01089208668844536, 0.00476393156717078)",307
4036,16,11,13,"(0.0, 0.02461978404713738, 0.008349573059568498, 0.0, 0.01810411441758469, 0.022173256981297827, 0.0, 0.0, 0.01089208668844536, 0.00476393156717078)",1
4037,16,11,13,"(0.0, 0.008406776836307847, 0.023035932332134326, 0.0, 0.01810411441758469, 0.022173256981297827, 0.0, 0.0, 0.01089208668844536, 0.00476393156717078)",3
4038,16,11,13,"(0.0, 0.015703881620626546, 0.023035932332134326, 0.0, 0.01810411441758469, 0.022173256981297827, 0.0, 0.0, 0.01089208668844536, 0.00476393156717078)",3
4039,16,11,13,"(0.0, 0.02461978404713738, 0.023035932332134326, 0.0, 0.016953803074665673, 0.022173256981297827, 0.0, 0.0, 0.01089208668844536, 0.00476393156717078)",1
4040,16,11,13,"(0.0, 0.02461978404713738, 0.023035932332134326, 0.0, 0.01810411441758469, 0.025664162391221455, 0.0, 0.0, 0.01089208668844536, 0.00476393156717078)",1
4041,16,11,13,"(0.0, 0.02461978404713738, 0.01904615302219008, 0.0, 0.01810411441758469, 0.022173256981297827, 0.0, 0.0, 0.007938775203017, 0.00476393156717078)",1
4042,16,11,13,"(0.0, 0.02461978404713738, 0.0256726038696838, 0.0, 0.01810411441758469, 0.022173256981297827, 0.0, 0.0, 0.01089208668844536, 0.00476393156717078)",1
4043,16,11,13,"(0.0, 0.02461978404713738, 0.023035932332134326, 0.0, 0.01810411441758469, 0.022173256981297827, 0.0, 0.0, 0.01089208668844536, 0.003301535142531112)",1
4044,16,11,13,"(0.0, 0.02461978404713738, 0.023035932332134326, 0.0, 0.016973567656639824, 0.01782068440689358, 0.0, 0.0, 0.01089208668844536, 0.004436641746586963)",2
4045,16,11,13,"(0.0, 0.02461978404713738, 0.023035932332134326, 0.0, 0.01810411441758469, 0.022173256981297827, 0.0, 0.0, 0.01089208668844536, 0.006425326654234605)",1
4046,16,11,13,"(0.0, 0.02461978404713738, 0.023035932332134326, 0.0, 0.016973567656639824, 0.022173256981297827, 0.0, 0.0, 0.01089208668844536, 0.004436641746586963)",60
4047,16,12,8,"(0.19235562551390653, 0.05711396309819652, 0.0, 0.0, 0.04573034632799446, 0.0, 0.08319516954615302, 0.1116381245929446, 0.0, 0.0)",2
4048,16,12,8,"(0.19235562551390653, 0.046525949225991035, 0.0, 0.0, 0.07022106556493442, 0.0, 0.08319516954615302, 0.1116381245929446, 0.0, 0.0)",36
4049,16,12,8,"(0.19235562551390653, 0.08131838715206403, 0.0, 0.0, 0.04573034632799446, 0.0, 0.1010034028076111, 0.1116381245929446, 0.0, 0.0)",1
4050,16,12,8,"(0.19235562551390653, 0.046525949225991035, 0.0, 0.0, 0.04573034632799446, 0.0, 0.05960167051809568, 0.1116381245929446, 0.0, 0.0)",1
4051,16,12,8,"(0.19235562551390653, 0.046525949225991035, 0.0, 0.0, 0.04573034632799446, 0.0, 0.08319516954615302, 0.1116381245929446, 0.0, 0.0)",207
4052,16,12,10,"(0.07734904686468291, 0.06927916245295945, 0.09682940930282144, 0.0017773360538905325, 0.0, 0.06291875767155253, 0.0, 0.10994488928074131, 0.0, 0.0)",216
4053,16,13,6,"(0.03426039533065134, 0.011572197494497125, 0.0, 0.030181603934096246, 0.005422768956954101, 0.0, 0.019795240631728064, 0.0, 0.0476245417808181, 0.07884793716481317)",1
4054,16,13,6,"(0.03426039533065134, 0.011572197494497125, 0.0, 0.030181603934096246, 0.005422768956954101, 0.0, 0.019795240631728064, 0.0, 0.028146417112716555, 0.05874522297052942)",136
4055,16,13,6,"(0.03426039533065134, 0.011572197494497125, 0.0, 0.030181603934096246, 0.005422768956954101, 0.0, 0.019795240631728064, 0.0, 0.0476245417808181, 0.05874522297052942)",33
4056,16,13,6,"(0.03426039533065134, 0.011572197494497125, 0.0, 0.030181603934096246, 0.005422768956954101, 0.0, 0.018298229651302685, 0.0, 0.028146417112716555, 0.05874522297052942)",1
4057,16,13,14,"(0.0, 0.017248724174617657, 0.0, 0.0, 0.0, 0.0, 0.10395128838060398, 0.07609886892949795, 0.05623529543956074, 0.0)",3
4058,16,13,14,"(0.0, 0.017248724174617657, 0.0, 0.0, 0.0, 0.0, 0.1096916615896246, 0.07609886892949795, 0.03621416498310447, 0.0)",72
4059,16,13,14,"(0.0, 0.012638240686628313, 0.0, 0.0, 0.0, 0.0, 0.1096916615896246, 0.07609886892949795, 0.04518798035166424, 0.0)",1
4060,16,14,11,"(0.0, 0.0, 0.11612674782008583, 0.01650583712158267, 0.0, 0.030645849071221472, 0.16773790467281977, 0.08028238650273146, 0.026121609841380632, 0.0)",2
4061,16,14,11,"(0.0, 0.0, 0.09864539577037362, 0.01650583712158267, 0.0, 0.030645849071221472, 0.16773790467281977, 0.08028238650273146, 0.026121609841380632, 0.0)",174
4062,16,14,11,"(0.0, 0.0, 0.09864539577037362, 0.01650583712158267, 0.0, 0.030645849071221472, 0.16773790467281977, 0.08028238650273146, 0.026538574581915345, 0.0)",1
4063,16,14,11,"(0.0, 0.0, 0.09864539577037362, 0.01650583712158267, 0.0, 0.030645849071221472, 0.19624969333885697, 0.08028238650273146, 0.026121609841380632, 0.0)",3
4064,16,14,11,"(0.0, 0.0, 0.09864539577037362, 0.01650583712158267, 0.0, 0.030645849071221472, 0.16773790467281977, 0.046237642847009, 0.026121609841380632, 0.0)",44
4065,16,14,11,"(0.0, 0.0, 0.09864539577037362, 0.01650583712158267, 0.0, 0.04283951152346741, 0.16773790467281977, 0.08028238650273146, 0.026121609841380632, 0.0)",2
4066,16,14,11,"(0.0, 0.0, 0.21927480000744135, 0.01650583712158267, 0.0, 0.030645849071221472, 0.16773790467281977, 0.08028238650273146, 0.026121609841380632, 0.0)",6
4067,16,14,13,"(0.0, 0.02148425984608747, 0.023035932332134326, 0.0, 0.01810411441758469, 0.022173256981297827, 0.0, 0.0, 0.01089208668844536, 0.00476393156717078)",1
4068,16,14,13,"(0.0, 0.03988490109982432, 0.023035932332134326, 0.0, 0.01810411441758469, 0.022173256981297827, 0.0, 0.0, 0.01089208668844536, 0.00476393156717078)",1
4069,16,14,13,"(0.0, 0.0222197486238888, 0.023035932332134326, 0.0, 0.01810411441758469, 0.022173256981297827, 0.0, 0.0, 0.01089208668844536, 0.00476393156717078)",2
4070,16,14,13,"(0.0, 0.014618918631145584, 0.023035932332134326, 0.0, 0.01810411441758469, 0.022173256981297827, 0.0, 0.0, 0.01089208668844536, 0.00476393156717078)",1
4071,16,14,13,"(0.0, 0.02461978404713738, 0.029161619987302517, 0.0, 0.01810411441758469, 0.0178116751688681, 0.0, 0.0, 0.004978147506328905, 0.00476393156717078)",1
4072,16,14,13,"(0.0, 0.02461978404713738, 0.01841982338268976, 0.0, 0.01810411441758469, 0.022173256981297827, 0.0, 0.0, 0.01089208668844536, 0.00476393156717078)",10
4073,16,14,13,"(0.0, 0.02461978404713738, 0.023035932332134326, 0.0, 0.01810411441758469, 0.022173256981297827, 0.0, 0.0, 0.009423324031868425, 0.00476393156717078)",2
4074,16,14,13,"(0.0, 0.02461978404713738, 0.023035932332134326, 0.0, 0.01810411441758469, 0.022173256981297827, 0.0, 0.0, 0.01089208668844536, 0.00476393156717078)",317
4075,16,14,13,"(0.0, 0.02461978404713738, 0.02032096841905512, 0.0, 0.01810411441758469, 0.022173256981297827, 0.0, 0.0, 0.01089208668844536, 0.00476393156717078)",1
4076,16,14,13,"(0.0, 0.02461978404713738, 0.023035932332134326, 0.0, 0.01810411441758469, 0.020245869475828907, 0.0, 0.0, 0.01089208668844536, 0.00476393156717078)",2
4077,16,15,6,"(0.03426039533065134, 0.011572197494497125, 0.0, 0.030181603934096246, 0.005422768956954101, 0.0, 0.019795240631728064, 0.0, 0.028146417112716555, 0.05874522297052942)",142
4078,16,15,6,"(0.03426039533065134, 0.0057261555380510335, 0.0, 0.016589182177523067, 0.003716589983386309, 0.0, 0.019795240631728064, 0.0, 0.028146417112716555, 0.10162982419630999)",3
4079,16,15,6,"(0.03426039533065134, 0.011572197494497125, 0.0, 0.030181603934096246, 0.005422768956954101, 0.0, 0.019795240631728064, 0.0, 0.028146417112716555, 0.027187967966265398)",2
4080,16,15,11,"(0.0, 0.0, 0.15899578878574983, 0.01650583712158267, 0.0, 0.030645849071221472, 0.16773790467281977, 0.0404147798164449, 0.019412978706308696, 0.0)",1
4081,16,15,11,"(0.0, 0.0, 0.11839367174953695, 0.01650583712158267, 0.0, 0.045791110258355076, 0.16773790467281977, 0.0404147798164449, 0.026121609841380632, 0.0)",1
4082,16,15,11,"(0.0, 0.0, 0.09864539577037362, 0.01650583712158267, 0.0, 0.030645849071221472, 0.13049626713566656, 0.08028238650273146, 0.026121609841380632, 0.0)",13
4083,16,15,11,"(0.0, 0.0, 0.11839367174953695, 0.01650583712158267, 0.0, 0.01836188092152029, 0.16773790467281977, 0.0404147798164449, 0.026121609841380632, 0.0)",1
4084,16,15,11,"(0.0, 0.0, 0.11839367174953695, 0.01650583712158267, 0.0, 0.030645849071221472, 0.12231058055756767, 0.0404147798164449, 0.026121609841380632, 0.0)",25
4085,16,15,11,"(0.0, 0.0, 0.11839367174953695, 0.01650583712158267, 0.0, 0.01985322257459236, 0.13625139876973155, 0.0404147798164449, 0.026121609841380632, 0.0)",4
4086,16,15,11,"(0.0, 0.0, 0.11839367174953695, 0.01650583712158267, 0.0, 0.030645849071221472, 0.1789245823728564, 0.0404147798164449, 0.026121609841380632, 0.0)",1
4087,16,15,11,"(0.0, 0.0, 0.07513673747779005, 0.01650583712158267, 0.0, 0.030645849071221472, 0.17529116641652712, 0.0404147798164449, 0.04801962583081177, 0.0)",1
4088,16,15,11,"(0.0, 0.0, 0.0895498633410051, 0.01650583712158267, 0.0, 0.030645849071221472, 0.16773790467281977, 0.0404147798164449, 0.026121609841380632, 0.0)",7
4089,16,15,11,"(0.0, 0.0, 0.11839367174953695, 0.01650583712158267, 0.0, 0.030645849071221472, 0.16773790467281977, 0.0404147798164449, 0.026121609841380632, 0.0)",315
4090,16,15,11,"(0.0, 0.0, 0.11839367174953695, 0.01650583712158267, 0.0, 0.03776239511490019, 0.16773790467281977, 0.0404147798164449, 0.024269300245251473, 0.0)",1
4091,16,15,11,"(0.0, 0.0, 0.11839367174953695, 0.01650583712158267, 0.0, 0.030645849071221472, 0.16773790467281977, 0.0404147798164449, 0.04283043662481655, 0.0)",1
4092,16,16,1,"(0.0, 0.0, 0.041406372128065916, 0.0, 0.0, 0.0199117526153351, 0.0, 0.0, 0.0, 0.09965925051150999)",634
4093,16,16,1,"(0.0, 0.0, 0.041406372128065916, 0.0, 0.0, 0.008143503807322636, 0.0, 0.0, 0.0, 0.09965925051150999)",1
4094,16,16,1,"(0.0, 0.0, 0.041406372128065916, 0.0, 0.0, 0.00939017305105001, 0.0, 0.0, 0.0, 0.12005218692067135)",3
4095,16,16,1,"(0.0, 0.0, 0.0386392853182401, 0.0, 0.0, 0.02563769735321568, 0.0, 0.0, 0.0, 0.09965925051150999)",2
4096,16,16,1,"(0.0, 0.0, 0.03463905939207307, 0.0, 0.0, 0.0199117526153351, 0.0, 0.0, 0.0, 0.09965925051150999)",16
4097,16,16,1,"(0.0, 0.0, 0.041406372128065916, 0.0, 0.0, 0.011854706379414607, 0.0, 0.0, 0.0, 0.09965925051150999)",15
4098,16,16,1,"(0.0, 0.0, 0.05380489024748406, 0.0, 0.0, 0.015109286198305918, 0.0, 0.0, 0.0, 0.09965925051150999)",2
4099,16,16,1,"(0.0, 0.0, 0.045093942421981455, 0.0, 0.0, 0.015564756824879025, 0.0, 0.0, 0.0, 0.09965925051150999)",4
4100,16,16,1,"(0.0, 0.0, 0.041406372128065916, 0.0, 0.0, 0.025768067922040772, 0.0, 0.0, 0.0, 0.1004348478456906)",2
4101,16,16,1,"(0.0, 0.0, 0.041406372128065916, 0.0, 0.0, 0.03340092736359977, 0.0, 0.0, 0.0, 0.09965925051150999)",1
4102,16,16,1,"(0.0, 0.0, 0.041406372128065916, 0.0, 0.0, 0.0199117526153351, 0.0, 0.0, 0.0, 0.10802068673098737)",1
4103,16,16,1,"(0.0, 0.0, 0.041406372128065916, 0.0, 0.0, 0.01156263015713513, 0.0, 0.0, 0.0, 0.09965925051150999)",2
4104,16,16,1,"(0.0, 0.0, 0.041406372128065916, 0.0, 0.0, 0.0199117526153351, 0.0, 0.0, 0.0, 0.07403338315699598)",3
4105,16,16,8,"(0.19235562551390653, 0.046525949225991035, 0.0, 0.0, 0.07022106556493442, 0.0, 0.08319516954615302, 0.1116381245929446, 0.0, 0.0)",34
4106,16,16,8,"(0.1341273625225388, 0.046525949225991035, 0.0, 0.0, 0.07022106556493442, 0.0, 0.08319516954615302, 0.1116381245929446, 0.0, 0.0)",7
4107,16,16,8,"(0.16507889091742442, 0.046525949225991035, 0.0, 0.0, 0.07022106556493442, 0.0, 0.08319516954615302, 0.1116381245929446, 0.0, 0.0)",159
4108,16,17,1,"(0.0, 0.0, 0.10922905711608999, 0.0, 0.0, 0.030018978917809972, 0.0, 0.0, 0.0, 0.08686419283813578)",8
4109,16,17,1,"(0.0, 0.0, 0.10922905711608999, 0.0, 0.0, 0.10962948994112136, 0.0, 0.0, 0.0, 0.0910060267578522)",1
4110,16,17,1,"(0.0, 0.0, 0.10922905711608999, 0.0, 0.0, 0.030018978917809972, 0.0, 0.0, 0.0, 0.10380764253568703)",1
4111,16,17,1,"(0.0, 0.0, 0.10922905711608999, 0.0, 0.0, 0.030018978917809972, 0.0, 0.0, 0.0, 0.13380817919332033)",1
4112,16,17,1,"(0.0, 0.0, 0.10922905711608999, 0.0, 0.0, 0.029773938900089055, 0.0, 0.0, 0.0, 0.0910060267578522)",3
4113,16,17,1,"(0.0, 0.0, 0.14746769532181314, 0.0, 0.0, 0.030018978917809972, 0.0, 0.0, 0.0, 0.0910060267578522)",2
4114,16,17,1,"(0.0, 0.0, 0.10922905711608999, 0.0, 0.0, 0.040608188909298355, 0.0, 0.0, 0.0, 0.0910060267578522)",1
4115,16,17,1,"(0.0, 0.0, 0.17379347289754993, 0.0, 0.0, 0.030018978917809972, 0.0, 0.0, 0.0, 0.0910060267578522)",3
4116,16,17,1,"(0.0, 0.0, 0.10922905711608999, 0.0, 0.0, 0.030018978917809972, 0.0, 0.0, 0.0, 0.0910060267578522)",664
4117,16,17,1,"(0.0, 0.0, 0.045478709879816184, 0.0, 0.0, 0.030018978917809972, 0.0, 0.0, 0.0, 0.0910060267578522)",1
4118,16,17,1,"(0.0, 0.0, 0.10922905711608999, 0.0, 0.0, 0.027145855473930464, 0.0, 0.0, 0.0, 0.0910060267578522)",6
4119,16,17,8,"(0.19235562551390653, 0.04632028014141928, 0.0, 0.0, 0.07022106556493442, 0.0, 0.08319516954615302, 0.11789211339853709, 0.0, 0.0)",3
4120,16,17,8,"(0.19235562551390653, 0.04632028014141928, 0.0, 0.0, 0.07022106556493442, 0.0, 0.05402412472084763, 0.1116381245929446, 0.0, 0.0)",6
4121,16,17,8,"(0.19235562551390653, 0.04632028014141928, 0.0, 0.0, 0.07022106556493442, 0.0, 0.08319516954615302, 0.1116381245929446, 0.0, 0.0)",155
4122,16,17,8,"(0.30698304797337345, 0.04632028014141928, 0.0, 0.0, 0.07022106556493442, 0.0, 0.08319516954615302, 0.1116381245929446, 0.0, 0.0)",14
4123,16,17,8,"(0.19235562551390653, 0.04632028014141928, 0.0, 0.0, 0.07022106556493442, 0.0, 0.08319516954615302, 0.08156930695982413, 0.0, 0.0)",28
4124,16,18,10,"(0.07734904686468291, 0.06927916245295945, 0.09544216804896315, 0.0017773360538905325, 0.0, 0.06291875767155253, 0.0, 0.10994488928074131, 0.0, 0.0)",1
4125,16,18,10,"(0.07734904686468291, 0.06927916245295945, 0.053900558449053414, 0.0017773360538905325, 0.0, 0.06291875767155253, 0.0, 0.10994488928074131, 0.0, 0.0)",57
4126,16,18,10,"(0.07734904686468291, 0.06927916245295945, 0.06487435264961533, 0.0017773360538905325, 0.0, 0.06291875767155253, 0.0, 0.10994488928074131, 0.0, 0.0)",5
4127,16,18,10,"(0.07734904686468291, 0.06927916245295945, 0.09682940930282144, 0.0028455965033442696, 0.0, 0.06291875767155253, 0.0, 0.16007732834899693, 0.0, 0.0)",1
4128,16,18,10,"(0.07734904686468291, 0.06927916245295945, 0.09682940930282144, 0.0017773360538905325, 0.0, 0.029968344509633576, 0.0, 0.10994488928074131, 0.0, 0.0)",1
4129,16,18,10,"(0.07734904686468291, 0.06927916245295945, 0.09682940930282144, 0.0017773360538905325, 0.0, 0.06291875767155253, 0.0, 0.10994488928074131, 0.0, 0.0)",74
4130,16,18,10,"(0.09397130845531274, 0.06927916245295945, 0.09682940930282144, 0.0017773360538905325, 0.0, 0.06291875767155253, 0.0, 0.057916291378144504, 0.0, 0.0)",7
4131,16,18,10,"(0.07734904686468291, 0.06927916245295945, 0.08255369204555968, 0.0017773360538905325, 0.0, 0.06291875767155253, 0.0, 0.10994488928074131, 0.0, 0.0)",1
4132,16,18,11,"(0.0, 0.0, 0.10904367223943284, 0.01650583712158267, 0.0, 0.030645849071221472, 0.16773790467281977, 0.08028238650273146, 0.02873308956446372, 0.0)",1
4133,16,18,11,"(0.0, 0.0, 0.09864539577037362, 0.01650583712158267, 0.0, 0.030645849071221472, 0.20719539077038, 0.08028238650273146, 0.02873308956446372, 0.0)",1
4134,16,18,11,"(0.0, 0.0, 0.09864539577037362, 0.01650583712158267, 0.0, 0.03150275214907511, 0.13038533056739307, 0.08028238650273146, 0.02242396875586795, 0.0)",54
4135,16,18,11,"(0.0, 0.0, 0.09864539577037362, 0.010662682865099561, 0.0, 0.030645849071221472, 0.16773790467281977, 0.08028238650273146, 0.018385870499864752, 0.0)",1
4136,16,18,11,"(0.0, 0.0, 0.08898107447558858, 0.01650583712158267, 0.0, 0.03150275214907511, 0.13038533056739307, 0.08028238650273146, 0.026121609841380632, 0.0)",16
4137,16,18,11,"(0.0, 0.0, 0.09864539577037362, 0.01650583712158267, 0.0, 0.030645849071221472, 0.16773790467281977, 0.08028238650273146, 0.026121609841380632, 0.0)",23
4138,16,18,11,"(0.0, 0.0, 0.09864539577037362, 0.01650583712158267, 0.0, 0.03150275214907511, 0.13038533056739307, 0.08028238650273146, 0.026121609841380632, 0.0)",239
4139,16,18,11,"(0.0, 0.0, 0.09864539577037362, 0.01650583712158267, 0.0, 0.030645849071221472, 0.16773790467281977, 0.08028238650273146, 0.02873308956446372, 0.0)",231
4140,16,18,11,"(0.0, 0.0, 0.09864539577037362, 0.01650583712158267, 0.0, 0.030645849071221472, 0.1792077528751415, 0.08028238650273146, 0.02873308956446372, 0.0)",2
4141,16,18,11,"(0.0, 0.0, 0.05916571255259709, 0.01650583712158267, 0.0, 0.03150275214907511, 0.11513578684875851, 0.08028238650273146, 0.026121609841380632, 0.0)",4
4142,16,18,11,"(0.0, 0.0, 0.13352774728555158, 0.014434865202651295, 0.0, 0.03150275214907511, 0.1360949818907152, 0.08028238650273146, 0.02287495008232036, 0.0)",2
4143,16,18,11,"(0.0, 0.0, 0.09864539577037362, 0.01650583712158267, 0.0, 0.03912327326057888, 0.13038533056739307, 0.08028238650273146, 0.02242396875586795, 0.0)",1
4144,16,19,0,"(0.07400250769571483, 0.0, 0.0, 0.0, 0.0, 0.017098731129875016, 0.08380840797570269, 0.0691048466035698, 0.0, 0.0)",184
4145,16,19,13,"(0.0, 0.008528692543147934, 0.023035932332134326, 0.0, 0.01810411441758469, 0.022173256981297827, 0.0, 0.0, 0.01089208668844536, 0.00476393156717078)",2
4146,16,19,13,"(0.0, 0.02461978404713738, 0.03288939992581007, 0.0, 0.01810411441758469, 0.022173256981297827, 0.0, 0.0, 0.01089208668844536, 0.00476393156717078)",4
4147,16,19,13,"(0.0, 0.02461978404713738, 0.0165917331706217, 0.0, 0.021708276883752653, 0.02171229466493597, 0.0, 0.0, 0.01089208668844536, 0.00476393156717078)",1
4148,16,19,13,"(0.0, 0.018502903451553098, 0.023035932332134326, 0.0, 0.01810411441758469, 0.022173256981297827, 0.0, 0.0, 0.023445293988431207, 0.00476393156717078)",4
4149,16,19,13,"(0.0, 0.01359728746328075, 0.023035932332134326, 0.0, 0.01810411441758469, 0.022173256981297827, 0.0, 0.0, 0.01089208668844536, 0.00476393156717078)",1
4150,16,19,13,"(0.0, 0.02461978404713738, 0.023035932332134326, 0.0, 0.01810411441758469, 0.022173256981297827, 0.0, 0.0, 0.01089208668844536, 0.00476393156717078)",228
4151,16,20,10,"(0.08214549135167482, 0.06927916245295945, 0.09682940930282144, 0.0017773360538905325, 0.0, 0.06291875767155253, 0.0, 0.1458280944673961, 0.0, 0.0)",3
4152,16,20,10,"(0.07734904686468291, 0.06927916245295945, 0.09682940930282144, 0.0017773360538905325, 0.0, 0.06291875767155253, 0.0, 0.15073339904906677, 0.0, 0.0)",1
4153,16,20,10,"(0.07734904686468291, 0.06927916245295945, 0.0911159674717771, 0.0017773360538905325, 0.0, 0.06291875767155253, 0.0, 0.10994488928074131, 0.0, 0.0)",1
4154,16,20,10,"(0.07734904686468291, 0.07559355828480893, 0.09682940930282144, 0.0012304572071573762, 0.0, 0.06291875767155253, 0.0, 0.10994488928074131, 0.0, 0.0)",12
4155,16,20,10,"(0.07734904686468291, 0.06927916245295945, 0.09682940930282144, 0.0017773360538905325, 0.0, 0.06291875767155253, 0.0, 0.10994488928074131, 0.0, 0.0)",152
4156,16,20,10,"(0.07734904686468291, 0.06927916245295945, 0.0749392063892718, 0.0017773360538905325, 0.0, 0.06291875767155253, 0.0, 0.10994488928074131, 0.0, 0.0)",6
4157,16,20,10,"(0.07734904686468291, 0.06927916245295945, 0.0774207095599884, 0.0017773360538905325, 0.0, 0.10922222085344233, 0.0, 0.10994488928074131, 0.0, 0.0)",2
4158,16,20,11,"(0.0, 0.0, 0.03664497950459847, 0.01650583712158267, 0.0, 0.02548938439096223, 0.09572491856946197, 0.08028238650273146, 0.036485718580663774, 0.0)",151
4159,16,20,11,"(0.0, 0.0, 0.10811126812994067, 0.03760167328608692, 0.0, 0.030645849071221472, 0.09252139805958623, 0.08028238650273146, 0.052714617454896945, 0.0)",1
4160,16,20,11,"(0.0, 0.0, 0.09864539577037362, 0.01650583712158267, 0.0, 0.030645849071221472, 0.09252139805958623, 0.08028238650273146, 0.036485718580663774, 0.0)",85
4161,16,20,11,"(0.0, 0.0, 0.09864539577037362, 0.01142575775172104, 0.0, 0.030645849071221472, 0.09252139805958623, 0.08028238650273146, 0.036485718580663774, 0.0)",1
4162,16,20,11,"(0.0, 0.0, 0.08014159865348675, 0.01650583712158267, 0.0, 0.046801456077214754, 0.09572491856946197, 0.08028238650273146, 0.036485718580663774, 0.0)",1
4163,16,20,11,"(0.0, 0.0, 0.08014159865348675, 0.01650583712158267, 0.0, 0.030645849071221472, 0.09572491856946197, 0.08028238650273146, 0.036485718580663774, 0.0)",289
4164,16,20,11,"(0.0, 0.0, 0.03664497950459847, 0.01650583712158267, 0.0, 0.02548938439096223, 0.09572491856946197, 0.08028238650273146, 0.04068212133272489, 0.0)",1
4165,16,20,11,"(0.0, 0.0, 0.03664497950459847, 0.01650583712158267, 0.0, 0.02548938439096223, 0.09011341793416754, 0.14591262004304079, 0.036485718580663774, 0.0)",1
4166,16,20,11,"(0.0, 0.0, 0.11876098278767644, 0.01650583712158267, 0.0, 0.029878222523871217, 0.09252139805958623, 0.08028238650273146, 0.036485718580663774, 0.0)",2
4167,16,20,11,"(0.0, 0.0, 0.08014159865348675, 0.01650583712158267, 0.0, 0.030645849071221472, 0.09572491856946197, 0.12669229176071573, 0.036485718580663774, 0.0)",2
4168,16,20,11,"(0.0, 0.0, 0.03664497950459847, 0.01650583712158267, 0.0, 0.02548938439096223, 0.10027767645883218, 0.08028238650273146, 0.036485718580663774, 0.0)",1
4169,16,20,11,"(0.0, 0.0, 0.08014159865348675, 0.01650583712158267, 0.0, 0.030645849071221472, 0.09572491856946197, 0.08028238650273146, 0.0378204043967817, 0.0)",8
4170,16,20,11,"(0.0, 0.0, 0.08014159865348675, 0.01650583712158267, 0.0, 0.030645849071221472, 0.09572491856946197, 0.12085071300083311, 0.036485718580663774, 0.0)",8
4171,16,20,11,"(0.0, 0.0, 0.05090467187367523, 0.01650583712158267, 0.0, 0.030645849071221472, 0.09572491856946197, 0.08028238650273146, 0.036485718580663774, 0.0)",8
4172,16,20,11,"(0.0, 0.0, 0.08014159865348675, 0.01650583712158267, 0.0, 0.030645849071221472, 0.08980570441311063, 0.0846502923739575, 0.036485718580663774, 0.0)",2
4173,17,0,6,"(0.03426039533065134, 0.011572197494497125, 0.0, 0.030181603934096246, 0.005422768956954101, 0.0, 0.019795240631728064, 0.0, 0.027357404439362864, 0.05874522297052942)",2
4174,17,0,6,"(0.03426039533065134, 0.011572197494497125, 0.0, 0.010929068893046059, 0.005422768956954101, 0.0, 0.019795240631728064, 0.0, 0.01804420827246937, 0.05874522297052942)",51
4175,17,0,6,"(0.03426039533065134, 0.011572197494497125, 0.0, 0.030181603934096246, 0.005422768956954101, 0.0, 0.019795240631728064, 0.0, 0.028146417112716555, 0.05874522297052942)",127
4176,17,0,6,"(0.03426039533065134, 0.011572197494497125, 0.0, 0.010929068893046059, 0.004041589383760167, 0.0, 0.019795240631728064, 0.0, 0.01804420827246937, 0.05874522297052942)",1
4177,17,0,6,"(0.03426039533065134, 0.01068731914119272, 0.0, 0.030181603934096246, 0.005422768956954101, 0.0, 0.019795240631728064, 0.0, 0.028146417112716555, 0.05874522297052942)",18
4178,17,0,6,"(0.06829979424541846, 0.011572197494497125, 0.0, 0.04172334597848682, 0.005422768956954101, 0.0, 0.019269757583775946, 0.0, 0.028146417112716555, 0.05874522297052942)",1
4179,17,0,6,"(0.03426039533065134, 0.011572197494497125, 0.0, 0.006684610114607859, 0.005422768956954101, 0.0, 0.019795240631728064, 0.0, 0.01804420827246937, 0.05874522297052942)",1
4180,17,0,11,"(0.0, 0.0, 0.04169522659952404, 0.010654525538403636, 0.0, 0.030645849071221472, 0.16773790467281977, 0.08028238650273146, 0.026121609841380632, 0.0)",27
4181,17,0,11,"(0.0, 0.0, 0.06200374261520503, 0.010654525538403636, 0.0, 0.030645849071221472, 0.16773790467281977, 0.08028238650273146, 0.026121609841380632, 0.0)",297
4182,17,0,11,"(0.0, 0.0, 0.0718545362016114, 0.011677027032114855, 0.0, 0.030645849071221472, 0.16773790467281977, 0.08028238650273146, 0.026121609841380632, 0.0)",1
4183,17,0,11,"(0.0, 0.0, 0.09864539577037362, 0.01650583712158267, 0.0, 0.030645849071221472, 0.16773790467281977, 0.08028238650273146, 0.026121609841380632, 0.0)",54
4184,17,0,11,"(0.0, 0.0, 0.06200374261520503, 0.010654525538403636, 0.0, 0.030645849071221472, 0.16773790467281977, 0.08028238650273146, 0.027438062120757976, 0.0)",1
4185,17,1,6,"(0.03426039533065134, 0.011572197494497125, 0.0, 0.030181603934096246, 0.005422768956954101, 0.0, 0.019795240631728064, 0.0, 0.028146417112716555, 0.05874522297052942)",267
4186,17,1,6,"(0.03426039533065134, 0.011572197494497125, 0.0, 0.030181603934096246, 0.005422768956954101, 0.0, 0.01721144695549838, 0.0, 0.021730906353977147, 0.05874522297052942)",1
4187,17,1,6,"(0.03426039533065134, 0.011572197494497125, 0.0, 0.030181603934096246, 0.005422768956954101, 0.0, 0.01680611604099863, 0.0, 0.028146417112716555, 0.05874522297052942)",1
4188,17,1,6,"(0.03426039533065134, 0.011572197494497125, 0.0, 0.030181603934096246, 0.006529120816610779, 0.0, 0.019795240631728064, 0.0, 0.028146417112716555, 0.05874522297052942)",4
4189,17,1,6,"(0.040363454028643504, 0.011572197494497125, 0.0, 0.030181603934096246, 0.005422768956954101, 0.0, 0.019795240631728064, 0.0, 0.028146417112716555, 0.05874522297052942)",1
4190,17,1,8,"(0.19235562551390653, 0.046525949225991035, 0.0, 0.0, 0.07022106556493442, 0.0, 0.08319516954615302, 0.1116381245929446, 0.0, 0.0)",44
4191,17,1,8,"(0.07111035742329365, 0.046525949225991035, 0.0, 0.0, 0.07022106556493442, 0.0, 0.08319516954615302, 0.1415123366655704, 0.0, 0.0)",140
4192,17,2,13,"(0.0, 0.02461978404713738, 0.012488192435894057, 0.0, 0.01810411441758469, 0.022991308932956103, 0.0, 0.0, 0.01089208668844536, 0.00476393156717078)",1
4193,17,2,13,"(0.0, 0.02461978404713738, 0.023035932332134326, 0.0, 0.00970885425506607, 0.022173256981297827, 0.0, 0.0, 0.02105528939055681, 0.00476393156717078)",31
4194,17,2,13,"(0.0, 0.02461978404713738, 0.017635759281538006, 0.0, 0.01810411441758469, 0.03165291446082402, 0.0, 0.0, 0.01089208668844536, 0.00476393156717078)",2
4195,17,2,13,"(0.0, 0.02461978404713738, 0.012488192435894057, 0.0, 0.01810411441758469, 0.025902942973352733, 0.0, 0.0, 0.01089208668844536, 0.00476393156717078)",119
4196,17,2,13,"(0.0, 0.01848693309735707, 0.012488192435894057, 0.0, 0.01810411441758469, 0.025902942973352733, 0.0, 0.0, 0.01089208668844536, 0.00476393156717078)",1
4197,17,2,13,"(0.0, 0.02461978404713738, 0.023035932332134326, 0.0, 0.00970885425506607, 0.022173256981297827, 0.0, 0.0, 0.01089208668844536, 0.00476393156717078)",169
4198,17,2,13,"(0.0, 0.02461978404713738, 0.012488192435894057, 0.0, 0.01810411441758469, 0.021937854732761542, 0.0, 0.0, 0.01089208668844536, 0.003099537191364967)",1
4199,17,2,13,"(0.0, 0.02055069408662206, 0.018569129957885816, 0.0, 0.00970885425506607, 0.025284015307564373, 0.0, 0.0, 0.016700371895057485, 0.00476393156717078)",1
4200,17,2,13,"(0.0, 0.02461978404713738, 0.023035932332134326, 0.0, 0.00970885425506607, 0.022173256981297827, 0.0, 0.0, 0.011136333632196531, 0.00476393156717078)",1
4201,17,3,13,"(0.0, 0.016205655031422777, 0.023035932332134326, 0.0, 0.01810411441758469, 0.024717105109118162, 0.0, 0.0, 0.01089208668844536, 0.0024406349647482155)",2
4202,17,3,13,"(0.0, 0.02461978404713738, 0.023035932332134326, 0.0, 0.01810411441758469, 0.022173256981297827, 0.0, 0.0, 0.006827739119351734, 0.0024406349647482155)",1
4203,17,3,13,"(0.0, 0.019149159362180163, 0.023035932332134326, 0.0, 0.01810411441758469, 0.022173256981297827, 0.0, 0.0, 0.01089208668844536, 0.00476393156717078)",1
4204,17,3,13,"(0.0, 0.02461978404713738, 0.023035932332134326, 0.0, 0.01810411441758469, 0.013000329872156192, 0.0, 0.0, 0.01089208668844536, 0.0024406349647482155)",2
4205,17,3,13,"(0.0, 0.022961114520727386, 0.023035932332134326, 0.0, 0.01810411441758469, 0.022173256981297827, 0.0, 0.0, 0.01089208668844536, 0.0024406349647482155)",1
4206,17,3,13,"(0.0, 0.020261733886763226, 0.023035932332134326, 0.0, 0.01810411441758469, 0.022173256981297827, 0.0, 0.0, 0.020520800121067304, 0.0024406349647482155)",1
4207,17,3,13,"(0.0, 0.02461978404713738, 0.023035932332134326, 0.0, 0.01810411441758469, 0.022173256981297827, 0.0, 0.0, 0.01089208668844536, 0.00476393156717078)",45
4208,17,3,13,"(0.0, 0.02461978404713738, 0.023035932332134326, 0.0, 0.01810411441758469, 0.022173256981297827, 0.0, 0.0, 0.01089208668844536, 0.0024406349647482155)",327
4209,17,3,13,"(0.0, 0.02461978404713738, 0.023035932332134326, 0.0, 0.01810411441758469, 0.017617837813767637, 0.0, 0.0, 0.01089208668844536, 0.0024406349647482155)",1
4210,17,3,13,"(0.0, 0.039468179530101045, 0.023035932332134326, 0.0, 0.01810411441758469, 0.022173256981297827, 0.0, 0.0, 0.01089208668844536, 0.0024406349647482155)",5
4211,17,3,13,"(0.0, 0.02432235423767886, 0.023035932332134326, 0.0, 0.01810411441758469, 0.022173256981297827, 0.0, 0.0, 0.01089208668844536, 0.0024406349647482155)",2
4212,17,3,13,"(0.0, 0.02461978404713738, 0.023035932332134326, 0.0, 0.01810411441758469, 0.03578313445809184, 0.0, 0.0, 0.01089208668844536, 0.0024406349647482155)",1
4213,17,4,11,"(0.0, 0.0, 0.09864539577037362, 0.01650583712158267, 0.0, 0.02254123747541756, 0.07477214957685936, 0.07240876560513207, 0.026121609841380632, 0.0)",1
4214,17,4,11,"(0.0, 0.0, 0.09864539577037362, 0.016529264424256777, 0.0, 0.030645849071221472, 0.16773790467281977, 0.08028238650273146, 0.017579589817086686, 0.0)",9
4215,17,4,11,"(0.0, 0.0, 0.09864539577037362, 0.01650583712158267, 0.0, 0.030645849071221472, 0.08153022673827125, 0.13362034528578232, 0.026121609841380632, 0.0)",2
4216,17,4,11,"(0.0, 0.0, 0.09864539577037362, 0.01650583712158267, 0.0, 0.030645849071221472, 0.08153022673827125, 0.07240876560513207, 0.026121609841380632, 0.0)",502
4217,17,4,11,"(0.0, 0.0, 0.09864539577037362, 0.01650583712158267, 0.0, 0.030645849071221472, 0.08153022673827125, 0.07240876560513207, 0.02398134445708914, 0.0)",1
4218,17,4,11,"(0.0, 0.0, 0.10588479291979562, 0.01650583712158267, 0.0, 0.030645849071221472, 0.08153022673827125, 0.07240876560513207, 0.030100749860610655, 0.0)",2
4219,17,4,11,"(0.0, 0.0, 0.09864539577037362, 0.01576187311432779, 0.0, 0.030645849071221472, 0.08153022673827125, 0.07240876560513207, 0.026121609841380632, 0.0)",1
4220,17,4,11,"(0.0, 0.0, 0.09864539577037362, 0.01650583712158267, 0.0, 0.030645849071221472, 0.08039524915449577, 0.07240876560513207, 0.026121609841380632, 0.0)",2
4221,17,4,11,"(0.0, 0.0, 0.09864539577037362, 0.01650583712158267, 0.0, 0.03674639056834373, 0.09667582189017815, 0.07240876560513207, 0.026121609841380632, 0.0)",2
4222,17,5,0,"(0.07400250769571483, 0.0, 0.0, 0.0, 0.0, 0.038664151314593, 0.08380840797570269, 0.05015325966666236, 0.0, 0.0)",178
4223,17,5,0,"(0.07400250769571483, 0.0, 0.0, 0.0, 0.0, 0.038664151314593, 0.08380840797570269, 0.046283280076369705, 0.0, 0.0)",48
4224,17,5,0,"(0.09792343129969568, 0.0, 0.0, 0.0, 0.0, 0.024108556384082203, 0.08380840797570269, 0.046283280076369705, 0.0, 0.0)",4
4225,17,5,0,"(0.07400250769571483, 0.0, 0.0, 0.0, 0.0, 0.06092746168801, 0.042227929704516436, 0.05015325966666236, 0.0, 0.0)",1
4226,17,5,0,"(0.07400250769571483, 0.0, 0.0, 0.0, 0.0, 0.03767730914880816, 0.10462716748981613, 0.10274683141320368, 0.0, 0.0)",1
4227,17,5,0,"(0.07400250769571483, 0.0, 0.0, 0.0, 0.0, 0.02616469681226374, 0.08380840797570269, 0.05015325966666236, 0.0, 0.0)",1
4228,17,5,0,"(0.07400250769571483, 0.0, 0.0, 0.0, 0.0, 0.03219267664613599, 0.08380840797570269, 0.02948348622457242, 0.0, 0.0)",1
4229,17,5,6,"(0.08771224474422115, 0.011572197494497125, 0.0, 0.030181603934096246, 0.005422768956954101, 0.0, 0.019795240631728064, 0.0, 0.028146417112716555, 0.08812460774197188)",2
4230,17,5,6,"(0.03426039533065134, 0.011572197494497125, 0.0, 0.030181603934096246, 0.005422768956954101, 0.0, 0.019795240631728064, 0.0, 0.028146417112716555, 0.05874522297052942)",288
4231,17,6,0,"(0.07400250769571483, 0.0, 0.0, 0.0, 0.0, 0.01797986981091907, 0.08380840797570269, 0.10492532696267602, 0.0, 0.0)",3
4232,17,6,0,"(0.07400250769571483, 0.0, 0.0, 0.0, 0.0, 0.017098731129875016, 0.08380840797570269, 0.10117084919705972, 0.0, 0.0)",66
4233,17,6,0,"(0.07400250769571483, 0.0, 0.0, 0.0, 0.0, 0.017098731129875016, 0.08380840797570269, 0.0691048466035698, 0.0, 0.0)",142
4234,17,6,0,"(0.07400250769571483, 0.0, 0.0, 0.0, 0.0, 0.017098731129875016, 0.08380840797570269, 0.11676890578051563, 0.0, 0.0)",1
4235,17,6,0,"(0.07400250769571483, 0.0, 0.0, 0.0, 0.0, 0.017098731129875016, 0.08380840797570269, 0.047626549769158456, 0.0, 0.0)",9
4236,17,7,13,"(0.0, 0.02461978404713738, 0.023035932332134326, 0.0, 0.01810411441758469, 0.022173256981297827, 0.0, 0.0, 0.01089208668844536, 0.003831859860509196)",1
4237,17,7,13,"(0.0, 0.02461978404713738, 0.023035932332134326, 0.0, 0.022584837001862285, 0.022173256981297827, 0.0, 0.0, 0.01089208668844536, 0.00476393156717078)",1
4238,17,7,13,"(0.0, 0.030862192263024772, 0.023035932332134326, 0.0, 0.01810411441758469, 0.022173256981297827, 0.0, 0.0, 0.01089208668844536, 0.00476393156717078)",1
4239,17,7,13,"(0.0, 0.02461978404713738, 0.023035932332134326, 0.0, 0.01810411441758469, 0.022173256981297827, 0.0, 0.0, 0.01089208668844536, 0.00476393156717078)",307
4240,17,8,6,"(0.03656180599521727, 0.011572197494497125, 0.0, 0.030181603934096246, 0.005422768956954101, 0.0, 0.019795240631728064, 0.0, 0.0404218754396815, 0.05874522297052942)",1
4241,17,8,6,"(0.03656180599521727, 0.011572197494497125, 0.0, 0.01564235348861415, 0.005422768956954101, 0.0, 0.02084646300026537, 0.0, 0.028146417112716555, 0.05874522297052942)",4
4242,17,8,6,"(0.03656180599521727, 0.011572197494497125, 0.0, 0.030181603934096246, 0.004519014450929848, 0.0, 0.019795240631728064, 0.0, 0.028146417112716555, 0.05874522297052942)",4
4243,17,8,6,"(0.03656180599521727, 0.011572197494497125, 0.0, 0.030181603934096246, 0.005422768956954101, 0.0, 0.02084646300026537, 0.0, 0.028146417112716555, 0.05874522297052942)",119
4244,17,8,6,"(0.03656180599521727, 0.011572197494497125, 0.0, 0.030181603934096246, 0.005422768956954101, 0.0, 0.019795240631728064, 0.0, 0.028146417112716555, 0.05874522297052942)",38
4245,17,8,6,"(0.03656180599521727, 0.011572197494497125, 0.0, 0.030181603934096246, 0.005422768956954101, 0.0, 0.02020744034627643, 0.0, 0.028146417112716555, 0.05874522297052942)",1
4246,17,8,11,"(0.0, 0.0, 0.09864539577037362, 0.02150422363422624, 0.0, 0.030645849071221472, 0.16773790467281977, 0.05487587528261972, 0.026121609841380632, 0.0)",110
4247,17,8,11,"(0.0, 0.0, 0.09864539577037362, 0.01650583712158267, 0.0, 0.031211978481304123, 0.13855135743719746, 0.08028238650273146, 0.026121609841380632, 0.0)",61
4248,17,8,11,"(0.0, 0.0, 0.09864539577037362, 0.01650583712158267, 0.0, 0.030645849071221472, 0.36903880464278094, 0.05487587528261972, 0.026621147746460724, 0.0)",1
4249,17,8,11,"(0.0, 0.0, 0.09864539577037362, 0.01650583712158267, 0.0, 0.03611914672544826, 0.16773790467281977, 0.05487587528261972, 0.026121609841380632, 0.0)",1
4250,17,8,11,"(0.0, 0.0, 0.09864539577037362, 0.01650583712158267, 0.0, 0.030645849071221472, 0.16773790467281977, 0.05487587528261972, 0.026121609841380632, 0.0)",196
4251,17,9,11,"(0.0, 0.0, 0.09864539577037362, 0.01650583712158267, 0.0, 0.08296131044478927, 0.16243652964526273, 0.08028238650273146, 0.026121609841380632, 0.0)",1
4252,17,9,11,"(0.0, 0.0, 0.09864539577037362, 0.01650583712158267, 0.0, 0.030645849071221472, 0.16309350647102516, 0.08028238650273146, 0.026121609841380632, 0.0)",3
4253,17,9,11,"(0.0, 0.0, 0.09864539577037362, 0.01650583712158267, 0.0, 0.030645849071221472, 0.1660395750318972, 0.08028238650273146, 0.026121609841380632, 0.0)",2
4254,17,9,11,"(0.0, 0.0, 0.09864539577037362, 0.028606884686527025, 0.0, 0.030645849071221472, 0.16243652964526273, 0.08028238650273146, 0.026121609841380632, 0.0)",48
4255,17,9,11,"(0.0, 0.0, 0.09864539577037362, 0.01650583712158267, 0.0, 0.030645849071221472, 0.16243652964526273, 0.08028238650273146, 0.026121609841380632, 0.0)",332
4256,17,9,11,"(0.0, 0.0, 0.11755819882518005, 0.01650583712158267, 0.0, 0.03372769745745635, 0.16773790467281977, 0.08028238650273146, 0.026121609841380632, 0.0)",1
4257,17,9,11,"(0.0, 0.0, 0.11755819882518005, 0.01650583712158267, 0.0, 0.02375279233445006, 0.13741528906041572, 0.08028238650273146, 0.026121609841380632, 0.0)",1
4258,17,9,11,"(0.0, 0.0, 0.09864539577037362, 0.031222455510836626, 0.0, 0.030645849071221472, 0.16243652964526273, 0.08028238650273146, 0.026121609841380632, 0.0)",1
4259,17,9,11,"(0.0, 0.0, 0.11755819882518005, 0.01650583712158267, 0.0, 0.02375279233445006, 0.16773790467281977, 0.08028238650273146, 0.02386675773649099, 0.0)",1
4260,17,9,11,"(0.0, 0.0, 0.24267558527122032, 0.01650583712158267, 0.0, 0.02375279233445006, 0.16773790467281977, 0.08028238650273146, 0.026121609841380632, 0.0)",1
4261,17,9,11,"(0.0, 0.0, 0.0894880278326927, 0.014452602194837955, 0.0, 0.030645849071221472, 0.16243652964526273, 0.08028238650273146, 0.026121609841380632, 0.0)",2
4262,17,9,11,"(0.0, 0.0, 0.11755819882518005, 0.01650583712158267, 0.0, 0.02375279233445006, 0.16773790467281977, 0.08028238650273146, 0.026121609841380632, 0.0)",135
4263,17,10,13,"(0.0, 0.02461978404713738, 0.03028131289267454, 0.0, 0.01810411441758469, 0.022173256981297827, 0.0, 0.0, 0.01089208668844536, 0.00476393156717078)",1
4264,17,10,13,"(0.0, 0.02461978404713738, 0.023035932332134326, 0.0, 0.027577543345058804, 0.022173256981297827, 0.0, 0.0, 0.01089208668844536, 0.00476393156717078)",1
4265,17,10,13,"(0.0, 0.02461978404713738, 0.023035932332134326, 0.0, 0.01810411441758469, 0.022173256981297827, 0.0, 0.0, 0.007368478980130297, 0.00476393156717078)",1
4266,17,10,13,"(0.0, 0.02461978404713738, 0.023035932332134326, 0.0, 0.01810411441758469, 0.022173256981297827, 0.0, 0.0, 0.006007017488855643, 0.00476393156717078)",1
4267,17,10,13,"(0.0, 0.02461978404713738, 0.023035932332134326, 0.0, 0.018475616352002965, 0.022173256981297827, 0.0, 0.0, 0.01089208668844536, 0.00476393156717078)",1
4268,17,10,13,"(0.0, 0.030153613282066068, 0.023035932332134326, 0.0, 0.01810411441758469, 0.033619759638446885, 0.0, 0.0, 0.008862941905980361, 0.00476393156717078)",1
4269,17,10,13,"(0.0, 0.02461978404713738, 0.023035932332134326, 0.0, 0.01810411441758469, 0.022173256981297827, 0.0, 0.0, 0.01089208668844536, 0.00476393156717078)",194
4270,17,10,13,"(0.0, 0.02461978404713738, 0.015874844383148283, 0.0, 0.01810411441758469, 0.022173256981297827, 0.0, 0.0, 0.011655115960681266, 0.00476393156717078)",1
4271,17,10,13,"(0.0, 0.02461978404713738, 0.023035932332134326, 0.0, 0.01810411441758469, 0.022173256981297827, 0.0, 0.0, 0.01089208668844536, 0.004883920352684509)",2
4272,17,10,13,"(0.0, 0.02461978404713738, 0.023035932332134326, 0.0, 0.01810411441758469, 0.015414907259730931, 0.0, 0.0, 0.00716501831212568, 0.00476393156717078)",1
4273,17,10,13,"(0.0, 0.02461978404713738, 0.023035932332134326, 0.0, 0.01810411441758469, 0.022173256981297827, 0.0, 0.0, 0.008862941905980361, 0.00476393156717078)",31
4274,17,11,13,"(0.0, 0.02461978404713738, 0.023035932332134326, 0.0, 0.01810411441758469, 0.022173256981297827, 0.0, 0.0, 0.01089208668844536, 0.00476393156717078)",329
4275,17,11,13,"(0.0, 0.02461978404713738, 0.023035932332134326, 0.0, 0.01810411441758469, 0.022173256981297827, 0.0, 0.0, 0.005894470571851628, 0.00476393156717078)",1
4276,17,11,13,"(0.0, 0.03914593730901253, 0.023035932332134326, 0.0, 0.01810411441758469, 0.022173256981297827, 0.0, 0.0, 0.01089208668844536, 0.004874032465191319)",1
4277,17,11,13,"(0.0, 0.022092865573263894, 0.023035932332134326, 0.0, 0.01810411441758469, 0.022173256981297827, 0.0, 0.0, 0.008510909152999284, 0.00476393156717078)",3
4278,17,11,13,"(0.0, 0.02461978404713738, 0.023035932332134326, 0.0, 0.016973567656639824, 0.02110561098051914, 0.0, 0.0, 0.01089208668844536, 0.004436641746586963)",7
4279,17,11,13,"(0.0, 0.02461978404713738, 0.023035932332134326, 0.0, 0.01810411441758469, 0.017479968887894683, 0.0, 0.0, 0.01089208668844536, 0.00476393156717078)",1
4280,17,11,13,"(0.0, 0.02461978404713738, 0.023035932332134326, 0.0, 0.016973567656639824, 0.022173256981297827, 0.0, 0.0, 0.01089208668844536, 0.004436641746586963)",27
4281,17,11,13,"(0.0, 0.03539028218636208, 0.023035932332134326, 0.0, 0.01810411441758469, 0.022173256981297827, 0.0, 0.0, 0.01089208668844536, 0.00476393156717078)",1
4282,17,11,13,"(0.0, 0.02461978404713738, 0.023035932332134326, 0.0, 0.01810411441758469, 0.022173256981297827, 0.0, 0.0, 0.02009709802929424, 0.00476393156717078)",1
4283,17,11,13,"(0.0, 0.02461978404713738, 0.023035932332134326, 0.0, 0.01810411441758469, 0.022173256981297827, 0.0, 0.0, 0.01089208668844536, 0.0028974869300179796)",1
4284,17,12,8,"(0.17174355889488302, 0.046525949225991035, 0.0, 0.0, 0.04573034632799446, 0.0, 0.10014671953574797, 0.1116381245929446, 0.0, 0.0)",2
4285,17,12,8,"(0.19235562551390653, 0.03678712498948857, 0.0, 0.0, 0.04573034632799446, 0.0, 0.08319516954615302, 0.1116381245929446, 0.0, 0.0)",53
4286,17,12,8,"(0.17174355889488302, 0.046525949225991035, 0.0, 0.0, 0.045774478178383406, 0.0, 0.10014671953574797, 0.1116381245929446, 0.0, 0.0)",1
4287,17,12,8,"(0.3031445007634048, 0.03678712498948857, 0.0, 0.0, 0.04573034632799446, 0.0, 0.08319516954615302, 0.1116381245929446, 0.0, 0.0)",3
4288,17,12,8,"(0.19235562551390653, 0.046525949225991035, 0.0, 0.0, 0.04573034632799446, 0.0, 0.08319516954615302, 0.1116381245929446, 0.0, 0.0)",238
4289,17,12,8,"(0.19235562551390653, 0.06719900119361145, 0.0, 0.0, 0.04573034632799446, 0.0, 0.08412901158683489, 0.1116381245929446, 0.0, 0.0)",2
4290,17,12,8,"(0.19235562551390653, 0.05447924194606049, 0.0, 0.0, 0.04573034632799446, 0.0, 0.08319516954615302, 0.09172863150089526, 0.0, 0.0)",5
4291,17,12,10,"(0.07734904686468291, 0.06927916245295945, 0.09682940930282144, 0.0017773360538905325, 0.0, 0.041417486974499304, 0.0, 0.10994488928074131, 0.0, 0.0)",1
4292,17,12,10,"(0.07734904686468291, 0.06927916245295945, 0.09682940930282144, 0.0017773360538905325, 0.0, 0.06291875767155253, 0.0, 0.10994488928074131, 0.0, 0.0)",286
4293,17,12,10,"(0.07734904686468291, 0.06927916245295945, 0.09435981343164453, 0.0017773360538905325, 0.0, 0.06291875767155253, 0.0, 0.10994488928074131, 0.0, 0.0)",2
4294,17,13,6,"(0.03426039533065134, 0.011572197494497125, 0.0, 0.030181603934096246, 0.0068058970599143625, 0.0, 0.019795240631728064, 0.0, 0.028146417112716555, 0.05874522297052942)",1
4295,17,13,6,"(0.03426039533065134, 0.011572197494497125, 0.0, 0.030181603934096246, 0.006290001122057546, 0.0, 0.019795240631728064, 0.0, 0.028146417112716555, 0.05874522297052942)",4
4296,17,13,6,"(0.03426039533065134, 0.011572197494497125, 0.0, 0.030181603934096246, 0.005422768956954101, 0.0, 0.019795240631728064, 0.0, 0.028146417112716555, 0.05874522297052942)",179
4297,17,13,14,"(0.0, 0.017248724174617657, 0.0, 0.0, 0.0, 0.0, 0.06161850196782124, 0.09195903281662146, 0.03920362430373727, 0.0)",1
4298,17,13,14,"(0.0, 0.017248724174617657, 0.0, 0.0, 0.0, 0.0, 0.1096916615896246, 0.07609886892949795, 0.03621416498310447, 0.0)",90
4299,17,14,11,"(0.0, 0.0, 0.09864539577037362, 0.01650583712158267, 0.0, 0.030645849071221472, 0.14406012456540518, 0.08028238650273146, 0.026121609841380632, 0.0)",1
4300,17,14,11,"(0.0, 0.0, 0.05105303847027264, 0.01650583712158267, 0.0, 0.030645849071221472, 0.16773790467281977, 0.046237642847009, 0.026121609841380632, 0.0)",1
4301,17,14,11,"(0.0, 0.0, 0.09864539577037362, 0.01650583712158267, 0.0, 0.030645849071221472, 0.16773790467281977, 0.046237642847009, 0.026121609841380632, 0.0)",161
4302,17,14,11,"(0.0, 0.0, 0.09864539577037362, 0.01650583712158267, 0.0, 0.030645849071221472, 0.16773790467281977, 0.08028238650273146, 0.026121609841380632, 0.0)",46
4303,17,14,11,"(0.0, 0.0, 0.09864539577037362, 0.01650583712158267, 0.0, 0.030645849071221472, 0.16773790467281977, 0.04165133697220483, 0.026121609841380632, 0.0)",1
4304,17,14,11,"(0.0, 0.0, 0.09877534754476028, 0.01650583712158267, 0.0, 0.030645849071221472, 0.16773790467281977, 0.08028238650273146, 0.026121609841380632, 0.0)",1
4305,17,14,11,"(0.0, 0.0, 0.09864539577037362, 0.02925725706633499, 0.0, 0.050082668698218924, 0.16773790467281977, 0.09257307055820457, 0.026121609841380632, 0.0)",4
4306,17,14,13,"(0.0, 0.02461978404713738, 0.023035932332134326, 0.0, 0.01810411441758469, 0.022173256981297827, 0.0, 0.0, 0.009328264908207404, 0.00476393156717078)",6
4307,17,14,13,"(0.0, 0.02461978404713738, 0.023035932332134326, 0.0, 0.01810411441758469, 0.022173256981297827, 0.0, 0.0, 0.01089208668844536, 0.0034511594900710862)",1
4308,17,14,13,"(0.0, 0.02461978404713738, 0.023035932332134326, 0.0, 0.01810411441758469, 0.029624063455712276, 0.0, 0.0, 0.01089208668844536, 0.00476393156717078)",2
4309,17,14,13,"(0.0, 0.02461978404713738, 0.023035932332134326, 0.0, 0.01810411441758469, 0.022173256981297827, 0.0, 0.0, 0.01089208668844536, 0.0022418573357727875)",2
4310,17,14,13,"(0.0, 0.02461978404713738, 0.019413597046576796, 0.0, 0.01810411441758469, 0.022173256981297827, 0.0, 0.0, 0.01089208668844536, 0.00476393156717078)",1
4311,17,14,13,"(0.0, 0.04132760827607014, 0.023035932332134326, 0.0, 0.01810411441758469, 0.022173256981297827, 0.0, 0.0, 0.01089208668844536, 0.00476393156717078)",4
4312,17,14,13,"(0.0, 0.02461978404713738, 0.023035932332134326, 0.0, 0.02051267650690882, 0.022173256981297827, 0.0, 0.0, 0.01089208668844536, 0.00476393156717078)",1
4313,17,14,13,"(0.0, 0.02461978404713738, 0.023035932332134326, 0.0, 0.01810411441758469, 0.022173256981297827, 0.0, 0.0, 0.01089208668844536, 0.00476393156717078)",303
4314,17,14,13,"(0.0, 0.02461978404713738, 0.022727033735541684, 0.0, 0.01810411441758469, 0.022173256981297827, 0.0, 0.0, 0.01089208668844536, 0.00476393156717078)",1
4315,17,14,13,"(0.0, 0.02461978404713738, 0.023035932332134326, 0.0, 0.01810411441758469, 0.022173256981297827, 0.0, 0.0, 0.008588647044732379, 0.00476393156717078)",2
4316,17,14,13,"(0.0, 0.02461978404713738, 0.023542871492950958, 0.0, 0.01810411441758469, 0.022173256981297827, 0.0, 0.0, 0.01089208668844536, 0.00476393156717078)",1
4317,17,15,6,"(0.017010971992584816, 0.011572197494497125, 0.0, 0.030181603934096246, 0.005422768956954101, 0.0, 0.019795240631728064, 0.0, 0.028146417112716555, 0.05874522297052942)",2
4318,17,15,6,"(0.03426039533065134, 0.008278000941692197, 0.0, 0.030181603934096246, 0.0039449240412470395, 0.0, 0.019795240631728064, 0.0, 0.028146417112716555, 0.05874522297052942)",2
4319,17,15,6,"(0.03426039533065134, 0.011572197494497125, 0.0, 0.030181603934096246, 0.002833520202880626, 0.0, 0.019795240631728064, 0.0, 0.028146417112716555, 0.04032370149558223)",3
4320,17,15,6,"(0.04300317592791533, 0.011572197494497125, 0.0, 0.030181603934096246, 0.005422768956954101, 0.0, 0.03331248103303905, 0.0, 0.03239151340754846, 0.05405859601157969)",4
4321,17,15,6,"(0.03426039533065134, 0.011572197494497125, 0.0, 0.030181603934096246, 0.005422768956954101, 0.0, 0.019795240631728064, 0.0, 0.028146417112716555, 0.05874522297052942)",93
4322,17,15,6,"(0.04300317592791533, 0.011572197494497125, 0.0, 0.030181603934096246, 0.005422768956954101, 0.0, 0.019795240631728064, 0.0, 0.028146417112716555, 0.05874522297052942)",6
4323,17,15,11,"(0.0, 0.0, 0.11839367174953695, 0.01650583712158267, 0.0, 0.030645849071221472, 0.12231058055756767, 0.0404147798164449, 0.026121609841380632, 0.0)",60
4324,17,15,11,"(0.0, 0.0, 0.11839367174953695, 0.01650583712158267, 0.0, 0.01875408332808641, 0.13399643400806144, 0.0404147798164449, 0.026121609841380632, 0.0)",6
4325,17,15,11,"(0.0, 0.0, 0.11839367174953695, 0.01650583712158267, 0.0, 0.01985322257459236, 0.13220323769223757, 0.0404147798164449, 0.026121609841380632, 0.0)",2
4326,17,15,11,"(0.0, 0.0, 0.11839367174953695, 0.01650583712158267, 0.0, 0.030645849071221472, 0.16773790467281977, 0.0404147798164449, 0.026121609841380632, 0.0)",340
4327,17,15,11,"(0.0, 0.0, 0.11839367174953695, 0.01650583712158267, 0.0, 0.01985322257459236, 0.13625139876973155, 0.0404147798164449, 0.026121609841380632, 0.0)",34
4328,17,15,11,"(0.0, 0.0, 0.11839367174953695, 0.01650583712158267, 0.0, 0.025654738421778775, 0.12231058055756767, 0.0404147798164449, 0.03941694252004123, 0.0)",1
4329,17,15,11,"(0.0, 0.0, 0.11839367174953695, 0.01650583712158267, 0.0, 0.030645849071221472, 0.10558794646580019, 0.03578779765919795, 0.026121609841380632, 0.0)",1
4330,17,15,11,"(0.0, 0.0, 0.11839367174953695, 0.01650583712158267, 0.0, 0.030645849071221472, 0.16773790467281977, 0.0404147798164449, 0.04283043662481655, 0.0)",39
4331,17,15,11,"(0.0, 0.0, 0.11839367174953695, 0.01650583712158267, 0.0, 0.030645849071221472, 0.21426957421122456, 0.0404147798164449, 0.026121609841380632, 0.0)",1
4332,17,15,11,"(0.0, 0.0, 0.11839367174953695, 0.01650583712158267, 0.0, 0.02614177966236658, 0.16773790467281977, 0.0404147798164449, 0.026121609841380632, 0.0)",1
4333,17,15,11,"(0.0, 0.0, 0.09864539577037362, 0.01650583712158267, 0.0, 0.030645849071221472, 0.13049626713566656, 0.08028238650273146, 0.026121609841380632, 0.0)",15
4334,17,16,1,"(0.0, 0.0, 0.041406372128065916, 0.0, 0.0, 0.03196292708645566, 0.0, 0.0, 0.0, 0.09965925051150999)",1
4335,17,16,1,"(0.0, 0.0, 0.041074737914364154, 0.0, 0.0, 0.0199117526153351, 0.0, 0.0, 0.0, 0.09965925051150999)",5
4336,17,16,1,"(0.0, 0.0, 0.03050600391659069, 0.0, 0.0, 0.0199117526153351, 0.0, 0.0, 0.0, 0.09965925051150999)",1
4337,17,16,1,"(0.0, 0.0, 0.06825076893952002, 0.0, 0.0, 0.012669544704994871, 0.0, 0.0, 0.0, 0.09965925051150999)",1
4338,17,16,1,"(0.0, 0.0, 0.041406372128065916, 0.0, 0.0, 0.0199117526153351, 0.0, 0.0, 0.0, 0.09965925051150999)",704
4339,17,16,1,"(0.0, 0.0, 0.03463905939207307, 0.0, 0.0, 0.0199117526153351, 0.0, 0.0, 0.0, 0.09965925051150999)",4
4340,17,16,1,"(0.0, 0.0, 0.041406372128065916, 0.0, 0.0, 0.03377844379313621, 0.0, 0.0, 0.0, 0.09965925051150999)",1
4341,17,16,1,"(0.0, 0.0, 0.041406372128065916, 0.0, 0.0, 0.024033422460554673, 0.0, 0.0, 0.0, 0.09965925051150999)",1
4342,17,16,1,"(0.0, 0.0, 0.060750887941363456, 0.0, 0.0, 0.01646125140843739, 0.0, 0.0, 0.0, 0.17914863148852384)",1
4343,17,16,1,"(0.0, 0.0, 0.041406372128065916, 0.0, 0.0, 0.03455837197842934, 0.0, 0.0, 0.0, 0.09965925051150999)",2
4344,17,16,1,"(0.0, 0.0, 0.041406372128065916, 0.0, 0.0, 0.009642125533521185, 0.0, 0.0, 0.0, 0.12956294454676026)",1
4345,17,16,1,"(0.0, 0.0, 0.0487392764015002, 0.0, 0.0, 0.0199117526153351, 0.0, 0.0, 0.0, 0.09965925051150999)",1
4346,17,16,1,"(0.0, 0.0, 0.03171772071129001, 0.0, 0.0, 0.029226936708265542, 0.0, 0.0, 0.0, 0.09965925051150999)",4
4347,17,16,1,"(0.0, 0.0, 0.04292257229686859, 0.0, 0.0, 0.0199117526153351, 0.0, 0.0, 0.0, 0.09965925051150999)",1
4348,17,16,1,"(0.0, 0.0, 0.045093942421981455, 0.0, 0.0, 0.015564756824879025, 0.0, 0.0, 0.0, 0.09965925051150999)",12
4349,17,16,8,"(0.19235562551390653, 0.046525949225991035, 0.0, 0.0, 0.07022106556493442, 0.0, 0.08319516954615302, 0.1116381245929446, 0.0, 0.0)",6
4350,17,16,8,"(0.16507889091742442, 0.046525949225991035, 0.0, 0.0, 0.07022106556493442, 0.0, 0.08319516954615302, 0.1116381245929446, 0.0, 0.0)",212
4351,17,17,1,"(0.0, 0.0, 0.07527697722306805, 0.0, 0.0, 0.025643323458770895, 0.0, 0.0, 0.0, 0.11722930411268523)",2
4352,17,17,1,"(0.0, 0.0, 0.10922905711608999, 0.0, 0.0, 0.030018978917809972, 0.0, 0.0, 0.0, 0.10527349872310747)",3
4353,17,17,1,"(0.0, 0.0, 0.06177838321191369, 0.0, 0.0, 0.030018978917809972, 0.0, 0.0, 0.0, 0.0910060267578522)",5
4354,17,17,1,"(0.0, 0.0, 0.10922905711608999, 0.0, 0.0, 0.030018978917809972, 0.0, 0.0, 0.0, 0.05225092972228655)",1
4355,17,17,1,"(0.0, 0.0, 0.1058683688420083, 0.0, 0.0, 0.030018978917809972, 0.0, 0.0, 0.0, 0.0910060267578522)",1
4356,17,17,1,"(0.0, 0.0, 0.12097365715706784, 0.0, 0.0, 0.030018978917809972, 0.0, 0.0, 0.0, 0.17966898671393125)",1
4357,17,17,1,"(0.0, 0.0, 0.10922905711608999, 0.0, 0.0, 0.030018978917809972, 0.0, 0.0, 0.0, 0.07542854425968236)",1
4358,17,17,1,"(0.0, 0.0, 0.12512651865313879, 0.0, 0.0, 0.030018978917809972, 0.0, 0.0, 0.0, 0.07270697147472914)",1
4359,17,17,1,"(0.0, 0.0, 0.08312707208897538, 0.0, 0.0, 0.025355659873602374, 0.0, 0.0, 0.0, 0.0910060267578522)",1
4360,17,17,1,"(0.0, 0.0, 0.10922905711608999, 0.0, 0.0, 0.030018978917809972, 0.0, 0.0, 0.0, 0.0910060267578522)",707
4361,17,17,1,"(0.0, 0.0, 0.07113137581163118, 0.0, 0.0, 0.030018978917809972, 0.0, 0.0, 0.0, 0.0910060267578522)",1
4362,17,17,1,"(0.0, 0.0, 0.10922905711608999, 0.0, 0.0, 0.030018978917809972, 0.0, 0.0, 0.0, 0.04845304776093135)",1
4363,17,17,8,"(0.30698304797337345, 0.04632028014141928, 0.0, 0.0, 0.07022106556493442, 0.0, 0.08319516954615302, 0.1116381245929446, 0.0, 0.0)",35
4364,17,17,8,"(0.19235562551390653, 0.04632028014141928, 0.0, 0.0, 0.07022106556493442, 0.0, 0.08319516954615302, 0.1116381245929446, 0.0, 0.0)",198
4365,17,18,10,"(0.07734904686468291, 0.06927916245295945, 0.09682940930282144, 0.0017773360538905325, 0.0, 0.06291875767155253, 0.0, 0.10994488928074131, 0.0, 0.0)",176
4366,17,18,11,"(0.0, 0.0, 0.08898107447558858, 0.01650583712158267, 0.0, 0.03150275214907511, 0.13038533056739307, 0.08028238650273146, 0.026121609841380632, 0.0)",6
4367,17,18,11,"(0.0, 0.0, 0.09864539577037362, 0.01650583712158267, 0.0, 0.030645849071221472, 0.19347889525522968, 0.08028238650273146, 0.02873308956446372, 0.0)",2
4368,17,18,11,"(0.0, 0.0, 0.09864539577037362, 0.01650583712158267, 0.0, 0.030645849071221472, 0.16773790467281977, 0.08028238650273146, 0.03199936634520622, 0.0)",1
4369,17,18,11,"(0.0, 0.0, 0.09864539577037362, 0.01650583712158267, 0.0, 0.03150275214907511, 0.13038533056739307, 0.08028238650273146, 0.026121609841380632, 0.0)",122
4370,17,18,11,"(0.0, 0.0, 0.09864539577037362, 0.01650583712158267, 0.0, 0.030645849071221472, 0.16773790467281977, 0.08028238650273146, 0.015551573322059137, 0.0)",1
4371,17,18,11,"(0.0, 0.0, 0.09864539577037362, 0.01650583712158267, 0.0, 0.03150275214907511, 0.13038533056739307, 0.08028238650273146, 0.038609009780213865, 0.0)",2
4372,17,18,11,"(0.0, 0.0, 0.09864539577037362, 0.01650583712158267, 0.0, 0.03150275214907511, 0.11648741449996416, 0.08028238650273146, 0.026121609841380632, 0.0)",2
4373,17,18,11,"(0.0, 0.0, 0.06979998799652577, 0.017496823133953184, 0.0, 0.030645849071221472, 0.11729695171727811, 0.08028238650273146, 0.02873308956446372, 0.0)",2
4374,17,18,11,"(0.0, 0.0, 0.09864539577037362, 0.01650583712158267, 0.0, 0.030645849071221472, 0.16773790467281977, 0.08028238650273146, 0.02873308956446372, 0.0)",429
4375,17,18,11,"(0.0, 0.0, 0.09864539577037362, 0.01650583712158267, 0.0, 0.02833570140335575, 0.16773790467281977, 0.08028238650273146, 0.02873308956446372, 0.0)",2
4376,17,18,11,"(0.0, 0.0, 0.09864539577037362, 0.01650583712158267, 0.0, 0.028599019446414648, 0.16773790467281977, 0.08028238650273146, 0.02873308956446372, 0.0)",2
4377,17,18,11,"(0.0, 0.0, 0.09864539577037362, 0.01650583712158267, 0.0, 0.030645849071221472, 0.16773790467281977, 0.08028238650273146, 0.026121609841380632, 0.0)",9
4378,17,18,11,"(0.0, 0.0, 0.09864539577037362, 0.01650583712158267, 0.0, 0.015397503581198985, 0.16773790467281977, 0.08028238650273146, 0.02873308956446372, 0.0)",1
4379,17,19,0,"(0.07400250769571483, 0.0, 0.0, 0.0, 0.0, 0.016941698720174245, 0.08380840797570269, 0.0691048466035698, 0.0, 0.0)",20
4380,17,19,0,"(0.07400250769571483, 0.0, 0.0, 0.0, 0.0, 0.017098731129875016, 0.08380840797570269, 0.0691048466035698, 0.0, 0.0)",167
4381,17,19,13,"(0.0, 0.02461978404713738, 0.023035932332134326, 0.0, 0.01810411441758469, 0.022173256981297827, 0.0, 0.0, 0.01089208668844536, 0.00476393156717078)",232
4382,17,19,13,"(0.0, 0.02461978404713738, 0.03558260573842291, 0.0, 0.01810411441758469, 0.022173256981297827, 0.0, 0.0, 0.01089208668844536, 0.0025233141470898065)",1
4383,17,19,13,"(0.0, 0.034888392455847066, 0.023035932332134326, 0.0, 0.01810411441758469, 0.022173256981297827, 0.0, 0.0, 0.01089208668844536, 0.00476393156717078)",1
4384,17,19,13,"(0.0, 0.019722019094268024, 0.023035932332134326, 0.0, 0.01810411441758469, 0.022173256981297827, 0.0, 0.0, 0.011058522729669699, 0.00476393156717078)",1
4385,17,19,13,"(0.0, 0.02461978404713738, 0.02585782820639477, 0.0, 0.01810411441758469, 0.022173256981297827, 0.0, 0.0, 0.01089208668844536, 0.00476393156717078)",2
4386,17,19,13,"(0.0, 0.02461978404713738, 0.051037814546885114, 0.0, 0.01810411441758469, 0.022173256981297827, 0.0, 0.0, 0.01089208668844536, 0.00476393156717078)",1
4387,17,19,13,"(0.0, 0.02461978404713738, 0.013389495115614079, 0.0, 0.01810411441758469, 0.022173256981297827, 0.0, 0.0, 0.01089208668844536, 0.00476393156717078)",1
4388,17,19,13,"(0.0, 0.02461978404713738, 0.027702358376423195, 0.0, 0.01810411441758469, 0.022173256981297827, 0.0, 0.0, 0.01089208668844536, 0.00476393156717078)",1
4389,17,20,10,"(0.08214549135167482, 0.06927916245295945, 0.09682940930282144, 0.0017773360538905325, 0.0, 0.06291875767155253, 0.0, 0.1458280944673961, 0.0, 0.0)",39
4390,17,20,10,"(0.07734904686468291, 0.06927916245295945, 0.09682940930282144, 0.0012403628100798524, 0.0, 0.06291875767155253, 0.0, 0.10994488928074131, 0.0, 0.0)",1
4391,17,20,10,"(0.07734904686468291, 0.06927916245295945, 0.0911159674717771, 0.0017773360538905325, 0.0, 0.06291875767155253, 0.0, 0.10994488928074131, 0.0, 0.0)",14
4392,17,20,10,"(0.07734904686468291, 0.06927916245295945, 0.09682940930282144, 0.0017773360538905325, 0.0, 0.05243707637892114, 0.0, 0.10994488928074131, 0.0, 0.0)",1
4393,17,20,10,"(0.07734904686468291, 0.06927916245295945, 0.09682940930282144, 0.0017773360538905325, 0.0, 0.06291875767155253, 0.0, 0.10994488928074131, 0.0, 0.0)",78
4394,17,20,11,"(0.0, 0.0, 0.09864539577037362, 0.01650583712158267, 0.0, 0.030645849071221472, 0.09252139805958623, 0.08028238650273146, 0.036485718580663774, 0.0)",77
4395,17,20,11,"(0.0, 0.0, 0.08014159865348675, 0.01650583712158267, 0.0, 0.030645849071221472, 0.07153685857640193, 0.08028238650273146, 0.036485718580663774, 0.0)",2
4396,17,20,11,"(0.0, 0.0, 0.03664497950459847, 0.009131577009734266, 0.0, 0.02548938439096223, 0.09572491856946197, 0.08028238650273146, 0.036485718580663774, 0.0)",1
4397,17,20,11,"(0.0, 0.0, 0.08014159865348675, 0.01650583712158267, 0.0, 0.030645849071221472, 0.09572491856946197, 0.06441583295104183, 0.036485718580663774, 0.0)",1
4398,17,20,11,"(0.0, 0.0, 0.08014159865348675, 0.01650583712158267, 0.0, 0.030645849071221472, 0.09572491856946197, 0.08028238650273146, 0.036485718580663774, 0.0)",220
4399,17,20,11,"(0.0, 0.0, 0.03664497950459847, 0.01650583712158267, 0.0, 0.02548938439096223, 0.09572491856946197, 0.08028238650273146, 0.036485718580663774, 0.0)",223
4400,17,20,11,"(0.0, 0.0, 0.08014159865348675, 0.01650583712158267, 0.0, 0.030645849071221472, 0.09572491856946197, 0.12669229176071573, 0.036485718580663774, 0.0)",16
4401,17,20,11,"(0.0, 0.0, 0.0578382120857031, 0.01650583712158267, 0.0, 0.02548938439096223, 0.06490905915196069, 0.08028238650273146, 0.036485718580663774, 0.0)",1
4402,17,20,11,"(0.0, 0.0, 0.03664497950459847, 0.01650583712158267, 0.0, 0.03217138974486115, 0.09572491856946197, 0.08028238650273146, 0.036485718580663774, 0.0)",2
4403,17,20,11,"(0.0, 0.0, 0.09864539577037362, 0.018848872841245014, 0.0, 0.030645849071221472, 0.09252139805958623, 0.08028238650273146, 0.036485718580663774, 0.0)",1
4404,18,0,6,"(0.03426039533065134, 0.011572197494497125, 0.0, 0.030181603934096246, 0.005422768956954101, 0.0, 0.04091051056705697, 0.0, 0.028146417112716555, 0.05874522297052942)",1
4405,18,0,6,"(0.03426039533065134, 0.011572197494497125, 0.0, 0.030181603934096246, 0.005422768956954101, 0.0, 0.019795240631728064, 0.0, 0.028146417112716555, 0.05874522297052942)",154
4406,18,0,6,"(0.03426039533065134, 0.011572197494497125, 0.0, 0.010929068893046059, 0.005422768956954101, 0.0, 0.019795240631728064, 0.0, 0.01804420827246937, 0.05874522297052942)",17
4407,18,0,11,"(0.0, 0.0, 0.0365664207947518, 0.010654525538403636, 0.0, 0.030645849071221472, 0.16773790467281977, 0.08028238650273146, 0.026121609841380632, 0.0)",1
4408,18,0,11,"(0.0, 0.0, 0.04169522659952404, 0.010654525538403636, 0.0, 0.030645849071221472, 0.1825911573983364, 0.08028238650273146, 0.026121609841380632, 0.0)",6
4409,18,0,11,"(0.0, 0.0, 0.06200374261520503, 0.010654525538403636, 0.0, 0.030645849071221472, 0.16773790467281977, 0.08028238650273146, 0.026121609841380632, 0.0)",185
4410,18,0,11,"(0.0, 0.0, 0.04169522659952404, 0.010654525538403636, 0.0, 0.02852108393960983, 0.16773790467281977, 0.08028238650273146, 0.026121609841380632, 0.0)",1
4411,18,0,11,"(0.0, 0.0, 0.04169522659952404, 0.010654525538403636, 0.0, 0.030645849071221472, 0.16773790467281977, 0.08028238650273146, 0.026121609841380632, 0.0)",174
4412,18,0,11,"(0.0, 0.0, 0.09864539577037362, 0.01650583712158267, 0.0, 0.030645849071221472, 0.16773790467281977, 0.08028238650273146, 0.026121609841380632, 0.0)",31
4413,18,1,6,"(0.03426039533065134, 0.005748823588103664, 0.0, 0.030181603934096246, 0.005422768956954101, 0.0, 0.015183816346069865, 0.0, 0.028146417112716555, 0.05874522297052942)",2
4414,18,1,6,"(0.03426039533065134, 0.02045957281623382, 0.0, 0.030181603934096246, 0.005422768956954101, 0.0, 0.022877836651487144, 0.0, 0.02290113559904451, 0.05874522297052942)",1
4415,18,1,6,"(0.029948013809582254, 0.011572197494497125, 0.0, 0.030181603934096246, 0.005422768956954101, 0.0, 0.019795240631728064, 0.0, 0.028146417112716555, 0.05874522297052942)",1
4416,18,1,6,"(0.03426039533065134, 0.011572197494497125, 0.0, 0.030181603934096246, 0.005422768956954101, 0.0, 0.019795240631728064, 0.0, 0.028146417112716555, 0.0758961104742879)",1
4417,18,1,6,"(0.03426039533065134, 0.011572197494497125, 0.0, 0.008035255722494491, 0.005422768956954101, 0.0, 0.019795240631728064, 0.0, 0.028146417112716555, 0.05874522297052942)",1
4418,18,1,6,"(0.03426039533065134, 0.011572197494497125, 0.0, 0.02933234838705209, 0.006768691042989474, 0.0, 0.019795240631728064, 0.0, 0.028146417112716555, 0.05874522297052942)",2
4419,18,1,6,"(0.03426039533065134, 0.011572197494497125, 0.0, 0.030181603934096246, 0.005422768956954101, 0.0, 0.019795240631728064, 0.0, 0.028146417112716555, 0.05874522297052942)",271
4420,18,1,8,"(0.07111035742329365, 0.046525949225991035, 0.0, 0.0, 0.05170505492501062, 0.0, 0.08319516954615302, 0.1415123366655704, 0.0, 0.0)",1
4421,18,1,8,"(0.19235562551390653, 0.046525949225991035, 0.0, 0.0, 0.07022106556493442, 0.0, 0.08319516954615302, 0.1116381245929446, 0.0, 0.0)",8
4422,18,1,8,"(0.07111035742329365, 0.046525949225991035, 0.0, 0.0, 0.07022106556493442, 0.0, 0.08319516954615302, 0.1415123366655704, 0.0, 0.0)",191
4423,18,1,8,"(0.07111035742329365, 0.046525949225991035, 0.0, 0.0, 0.07022106556493442, 0.0, 0.08319516954615302, 0.11803690935250048, 0.0, 0.0)",2
4424,18,2,13,"(0.0, 0.02461978404713738, 0.023035932332134326, 0.0, 0.008630037525288974, 0.022173256981297827, 0.0, 0.0, 0.01089208668844536, 0.00476393156717078)",1
4425,18,2,13,"(0.0, 0.02461978404713738, 0.012488192435894057, 0.0, 0.01810411441758469, 0.025902942973352733, 0.0, 0.0, 0.008257432432344263, 0.00476393156717078)",1
4426,18,2,13,"(0.0, 0.02461978404713738, 0.012488192435894057, 0.0, 0.02089918634068443, 0.025902942973352733, 0.0, 0.0, 0.01089208668844536, 0.00216437345692374)",2
4427,18,2,13,"(0.0, 0.02461978404713738, 0.023035932332134326, 0.0, 0.00970885425506607, 0.022173256981297827, 0.0, 0.0, 0.02105528939055681, 0.00476393156717078)",17
4428,18,2,13,"(0.0, 0.021543285919365336, 0.012488192435894057, 0.0, 0.02468835305367809, 0.025902942973352733, 0.0, 0.0, 0.01089208668844536, 0.003701306822034011)",1
4429,18,2,13,"(0.0, 0.02461978404713738, 0.018264021905078878, 0.0, 0.01810411441758469, 0.025902942973352733, 0.0, 0.0, 0.01089208668844536, 0.00476393156717078)",1
4430,18,2,13,"(0.0, 0.0354025572777268, 0.012488192435894057, 0.0, 0.01810411441758469, 0.025902942973352733, 0.0, 0.0, 0.006425496435939571, 0.0031958523629962987)",5
4431,18,2,13,"(0.0, 0.02461978404713738, 0.012488192435894057, 0.0, 0.024425593617363083, 0.025902942973352733, 0.0, 0.0, 0.01089208668844536, 0.00476393156717078)",2
4432,18,2,13,"(0.0, 0.02461978404713738, 0.0207649151265447, 0.0, 0.00970885425506607, 0.022173256981297827, 0.0, 0.0, 0.01089208668844536, 0.00476393156717078)",2
4433,18,2,13,"(0.0, 0.02461978404713738, 0.012488192435894057, 0.0, 0.01810411441758469, 0.025902942973352733, 0.0, 0.0, 0.01089208668844536, 0.00476393156717078)",95
4434,18,2,13,"(0.0, 0.02461978404713738, 0.023035932332134326, 0.0, 0.00970885425506607, 0.022173256981297827, 0.0, 0.0, 0.01089208668844536, 0.00476393156717078)",186
4435,18,3,13,"(0.0, 0.02461978404713738, 0.023035932332134326, 0.0, 0.01810411441758469, 0.022173256981297827, 0.0, 0.0, 0.01089208668844536, 0.00476393156717078)",21
4436,18,3,13,"(0.0, 0.02461978404713738, 0.023035932332134326, 0.0, 0.03326833519572713, 0.022173256981297827, 0.0, 0.0, 0.009341273989452135, 0.0024406349647482155)",1
4437,18,3,13,"(0.0, 0.02461978404713738, 0.023035932332134326, 0.0, 0.01810411441758469, 0.022173256981297827, 0.0, 0.0, 0.01089208668844536, 0.007772420212413639)",3
4438,18,3,13,"(0.0, 0.025615224642409125, 0.023035932332134326, 0.0, 0.016713272955842788, 0.022173256981297827, 0.0, 0.0, 0.01089208668844536, 0.0024406349647482155)",1
4439,18,3,13,"(0.0, 0.02461978404713738, 0.023035932332134326, 0.0, 0.019198935301379838, 0.022173256981297827, 0.0, 0.0, 0.01089208668844536, 0.00476393156717078)",1
4440,18,3,13,"(0.0, 0.02461978404713738, 0.015878062390482, 0.0, 0.01810411441758469, 0.016314913393089273, 0.0, 0.0, 0.01089208668844536, 0.0024406349647482155)",1
4441,18,3,13,"(0.0, 0.02461978404713738, 0.031285515902851925, 0.0, 0.01810411441758469, 0.022173256981297827, 0.0, 0.0, 0.01089208668844536, 0.00476393156717078)",1
4442,18,3,13,"(0.0, 0.02461978404713738, 0.023035932332134326, 0.0, 0.012296545133508072, 0.022173256981297827, 0.0, 0.0, 0.01089208668844536, 0.0024406349647482155)",2
4443,18,3,13,"(0.0, 0.02461978404713738, 0.023035932332134326, 0.0, 0.01810411441758469, 0.022173256981297827, 0.0, 0.0, 0.01089208668844536, 0.0024406349647482155)",247
4444,18,4,11,"(0.0, 0.0, 0.09864539577037362, 0.01650583712158267, 0.0, 0.030645849071221472, 0.08153022673827125, 0.04643135599063255, 0.026121609841380632, 0.0)",1
4445,18,4,11,"(0.0, 0.0, 0.09864539577037362, 0.01650583712158267, 0.0, 0.030645849071221472, 0.08153022673827125, 0.07240876560513207, 0.022454344833449283, 0.0)",1
4446,18,4,11,"(0.0, 0.0, 0.09864539577037362, 0.01650583712158267, 0.0, 0.030645849071221472, 0.10401691289322483, 0.07240876560513207, 0.026121609841380632, 0.0)",3
4447,18,4,11,"(0.0, 0.0, 0.09864539577037362, 0.016529264424256777, 0.0, 0.030645849071221472, 0.16773790467281977, 0.08028238650273146, 0.017579589817086686, 0.0)",8
4448,18,4,11,"(0.0, 0.0, 0.09864539577037362, 0.01650583712158267, 0.0, 0.030645849071221472, 0.04940690642165786, 0.07240876560513207, 0.026121609841380632, 0.0)",1
4449,18,4,11,"(0.0, 0.0, 0.09864539577037362, 0.028878923467386772, 0.0, 0.030645849071221472, 0.08153022673827125, 0.07240876560513207, 0.027711394424057182, 0.0)",4
4450,18,4,11,"(0.0, 0.0, 0.09864539577037362, 0.01650583712158267, 0.0, 0.030645849071221472, 0.08153022673827125, 0.07240876560513207, 0.026121609841380632, 0.0)",461
4451,18,4,11,"(0.0, 0.0, 0.06218924668126666, 0.01650583712158267, 0.0, 0.030645849071221472, 0.08153022673827125, 0.07240876560513207, 0.026121609841380632, 0.0)",2
4452,18,4,11,"(0.0, 0.0, 0.1610028406986221, 0.01650583712158267, 0.0, 0.030645849071221472, 0.08153022673827125, 0.1040245153482025, 0.012448155205931868, 0.0)",3
4453,18,4,11,"(0.0, 0.0, 0.09864539577037362, 0.01650583712158267, 0.0, 0.026728396222081664, 0.08153022673827125, 0.07240876560513207, 0.026121609841380632, 0.0)",6
4454,18,5,0,"(0.07400250769571483, 0.0, 0.0, 0.0, 0.0, 0.025819441828640235, 0.08380840797570269, 0.05015325966666236, 0.0, 0.0)",2
4455,18,5,0,"(0.07400250769571483, 0.0, 0.0, 0.0, 0.0, 0.038664151314593, 0.02586161317560455, 0.05015325966666236, 0.0, 0.0)",1
4456,18,5,0,"(0.07400250769571483, 0.0, 0.0, 0.0, 0.0, 0.038664151314593, 0.08380840797570269, 0.05015325966666236, 0.0, 0.0)",206
4457,18,5,0,"(0.07400250769571483, 0.0, 0.0, 0.0, 0.0, 0.04187240159971361, 0.08380840797570269, 0.046283280076369705, 0.0, 0.0)",1
4458,18,5,0,"(0.07400250769571483, 0.0, 0.0, 0.0, 0.0, 0.038664151314593, 0.08380840797570269, 0.046283280076369705, 0.0, 0.0)",47
4459,18,5,0,"(0.07343636428252526, 0.0, 0.0, 0.0, 0.0, 0.047436667065185935, 0.05390398239178681, 0.0636228582228464, 0.0, 0.0)",1
4460,18,5,0,"(0.07400250769571483, 0.0, 0.0, 0.0, 0.0, 0.038664151314593, 0.08380840797570269, 0.05532448856824481, 0.0, 0.0)",1
4461,18,5,6,"(0.030915680767550413, 0.011572197494497125, 0.0, 0.030181603934096246, 0.005422768956954101, 0.0, 0.019795240631728064, 0.0, 0.028146417112716555, 0.05874522297052942)",1
4462,18,5,6,"(0.03426039533065134, 0.011572197494497125, 0.0, 0.030181603934096246, 0.005422768956954101, 0.0, 0.019795240631728064, 0.0, 0.028146417112716555, 0.05874522297052942)",276
4463,18,5,6,"(0.03426039533065134, 0.011572197494497125, 0.0, 0.023919841311355616, 0.005422768956954101, 0.0, 0.019795240631728064, 0.0, 0.028146417112716555, 0.05874522297052942)",2
4464,18,6,0,"(0.07400250769571483, 0.0, 0.0, 0.0, 0.0, 0.017098731129875016, 0.08380840797570269, 0.033049808215159814, 0.0, 0.0)",2
4465,18,6,0,"(0.06728014532500598, 0.0, 0.0, 0.0, 0.0, 0.017098731129875016, 0.08380840797570269, 0.0691048466035698, 0.0, 0.0)",1
4466,18,6,0,"(0.09350962470742981, 0.0, 0.0, 0.0, 0.0, 0.017098731129875016, 0.08380840797570269, 0.0691048466035698, 0.0, 0.0)",3
4467,18,6,0,"(0.07400250769571483, 0.0, 0.0, 0.0, 0.0, 0.017098731129875016, 0.11606219536974294, 0.0691048466035698, 0.0, 0.0)",1
4468,18,6,0,"(0.055307867961578515, 0.0, 0.0, 0.0, 0.0, 0.017098731129875016, 0.049825944565721474, 0.0691048466035698, 0.0, 0.0)",2
4469,18,6,0,"(0.07400250769571483, 0.0, 0.0, 0.0, 0.0, 0.017098731129875016, 0.08380840797570269, 0.0691048466035698, 0.0, 0.0)",236
4470,18,6,0,"(0.07400250769571483, 0.0, 0.0, 0.0, 0.0, 0.011056041279009146, 0.08380840797570269, 0.0691048466035698, 0.0, 0.0)",3
4471,18,6,0,"(0.07400250769571483, 0.0, 0.0, 0.0, 0.0, 0.017098731129875016, 0.08380840797570269, 0.07722541827099885, 0.0, 0.0)",1
4472,18,6,0,"(0.07400250769571483, 0.0, 0.0, 0.0, 0.0, 0.012621389368253107, 0.08380840797570269, 0.0691048466035698, 0.0, 0.0)",1
4473,18,7,13,"(0.0, 0.02461978404713738, 0.023035932332134326, 0.0, 0.01810411441758469, 0.022173256981297827, 0.0, 0.0, 0.01089208668844536, 0.00476393156717078)",202
4474,18,7,13,"(0.0, 0.04975770122800538, 0.023035932332134326, 0.0, 0.01810411441758469, 0.022173256981297827, 0.0, 0.0, 0.017298013935421432, 0.00476393156717078)",1
4475,18,7,13,"(0.0, 0.02461978404713738, 0.023035932332134326, 0.0, 0.01810411441758469, 0.0376954299768384, 0.0, 0.0, 0.008352284774536013, 0.00476393156717078)",2
4476,18,7,13,"(0.0, 0.02461978404713738, 0.023035932332134326, 0.0, 0.01810411441758469, 0.022173256981297827, 0.0, 0.0, 0.01089208668844536, 0.005909673761499913)",9
4477,18,7,13,"(0.0, 0.02461978404713738, 0.023035932332134326, 0.0, 0.01810411441758469, 0.022173256981297827, 0.0, 0.0, 0.010014929465985471, 0.00476393156717078)",1
4478,18,7,13,"(0.0, 0.02461978404713738, 0.023035932332134326, 0.0, 0.01810411441758469, 0.029563136737465537, 0.0, 0.0, 0.01089208668844536, 0.00476393156717078)",1
4479,18,8,6,"(0.03656180599521727, 0.011572197494497125, 0.0, 0.030181603934096246, 0.003633572580929329, 0.0, 0.02084646300026537, 0.0, 0.028146417112716555, 0.05874522297052942)",1
4480,18,8,6,"(0.03656180599521727, 0.011572197494497125, 0.0, 0.030181603934096246, 0.005422768956954101, 0.0, 0.019795240631728064, 0.0, 0.03570069721669671, 0.05874522297052942)",1
4481,18,8,6,"(0.03656180599521727, 0.011572197494497125, 0.0, 0.01655843613429453, 0.005422768956954101, 0.0, 0.02084646300026537, 0.0, 0.028146417112716555, 0.05874522297052942)",2
4482,18,8,6,"(0.03656180599521727, 0.011572197494497125, 0.0, 0.030181603934096246, 0.005422768956954101, 0.0, 0.02084646300026537, 0.0, 0.028146417112716555, 0.05874522297052942)",99
4483,18,8,6,"(0.03656180599521727, 0.011572197494497125, 0.0, 0.030181603934096246, 0.005422768956954101, 0.0, 0.019795240631728064, 0.0, 0.028146417112716555, 0.05874522297052942)",28
4484,18,8,11,"(0.0, 0.0, 0.0774119406636491, 0.01650583712158267, 0.0, 0.030645849071221472, 0.16773790467281977, 0.05487587528261972, 0.026121609841380632, 0.0)",3
4485,18,8,11,"(0.0, 0.0, 0.09864539577037362, 0.01650583712158267, 0.0, 0.030645849071221472, 0.20864601352974504, 0.04044767055863125, 0.026121609841380632, 0.0)",2
4486,18,8,11,"(0.0, 0.0, 0.09864539577037362, 0.01650583712158267, 0.0, 0.030645849071221472, 0.16773790467281977, 0.05487587528261972, 0.019405907793931032, 0.0)",2
4487,18,8,11,"(0.0, 0.0, 0.09864539577037362, 0.02150422363422624, 0.0, 0.030645849071221472, 0.16773790467281977, 0.05487587528261972, 0.026121609841380632, 0.0)",166
4488,18,8,11,"(0.0, 0.0, 0.09864539577037362, 0.02150422363422624, 0.0, 0.030645849071221472, 0.1275729953067007, 0.05487587528261972, 0.026121609841380632, 0.0)",1
4489,18,8,11,"(0.0, 0.0, 0.02831657607062685, 0.021559456856314187, 0.0, 0.030645849071221472, 0.16773790467281977, 0.05487587528261972, 0.026121609841380632, 0.0)",1
4490,18,8,11,"(0.0, 0.0, 0.09864539577037362, 0.01650583712158267, 0.0, 0.030645849071221472, 0.16773790467281977, 0.04118381377133975, 0.026121609841380632, 0.0)",2
4491,18,8,11,"(0.0, 0.0, 0.09864539577037362, 0.02150422363422624, 0.0, 0.04736920143264722, 0.16773790467281977, 0.05487587528261972, 0.026121609841380632, 0.0)",2
4492,18,8,11,"(0.0, 0.0, 0.09864539577037362, 0.01650583712158267, 0.0, 0.048444450463029955, 0.16773790467281977, 0.05487587528261972, 0.026121609841380632, 0.0)",1
4493,18,8,11,"(0.0, 0.0, 0.09864539577037362, 0.01650583712158267, 0.0, 0.030645849071221472, 0.16773790467281977, 0.05487587528261972, 0.026121609841380632, 0.0)",184
4494,18,8,11,"(0.0, 0.0, 0.09864539577037362, 0.01650583712158267, 0.0, 0.031211978481304123, 0.13855135743719746, 0.08028238650273146, 0.026121609841380632, 0.0)",74
4495,18,9,11,"(0.0, 0.0, 0.09864539577037362, 0.01650583712158267, 0.0, 0.030645849071221472, 0.20089877289371513, 0.07348212448828605, 0.026121609841380632, 0.0)",1
4496,18,9,11,"(0.0, 0.0, 0.1570908345369648, 0.014452602194837955, 0.0, 0.030645849071221472, 0.16243652964526273, 0.08028238650273146, 0.029023513905054667, 0.0)",8
4497,18,9,11,"(0.0, 0.0, 0.09864539577037362, 0.01650583712158267, 0.0, 0.030645849071221472, 0.20216619818148698, 0.08028238650273146, 0.026121609841380632, 0.0)",3
4498,18,9,11,"(0.0, 0.0, 0.09864539577037362, 0.01650583712158267, 0.0, 0.030645849071221472, 0.16243652964526273, 0.08028238650273146, 0.028527856381384907, 0.0)",1
4499,18,9,11,"(0.0, 0.0, 0.09864539577037362, 0.028606884686527025, 0.0, 0.030645849071221472, 0.16243652964526273, 0.08028238650273146, 0.026121609841380632, 0.0)",36
4500,18,9,11,"(0.0, 0.0, 0.07227617860865089, 0.01650583712158267, 0.0, 0.030645849071221472, 0.16243652964526273, 0.08028238650273146, 0.026121609841380632, 0.0)",10
4501,18,9,11,"(0.0, 0.0, 0.09864539577037362, 0.01650583712158267, 0.0, 0.030645849071221472, 0.16243652964526273, 0.08028238650273146, 0.04816265051659314, 0.0)",1
4502,18,9,11,"(0.0, 0.0, 0.09864539577037362, 0.01650583712158267, 0.0, 0.030645849071221472, 0.16243652964526273, 0.12217225718331193, 0.026121609841380632, 0.0)",1
4503,18,9,11,"(0.0, 0.0, 0.09864539577037362, 0.01650583712158267, 0.0, 0.030645849071221472, 0.16243652964526273, 0.08028238650273146, 0.026121609841380632, 0.0)",208
4504,18,9,11,"(0.0, 0.0, 0.0894880278326927, 0.014452602194837955, 0.0, 0.030645849071221472, 0.16243652964526273, 0.08028238650273146, 0.026121609841380632, 0.0)",12
4505,18,9,11,"(0.0, 0.0, 0.06280477937192329, 0.01650583712158267, 0.0, 0.030645849071221472, 0.16243652964526273, 0.08028238650273146, 0.026121609841380632, 0.0)",1
4506,18,9,11,"(0.0, 0.0, 0.08579067553265214, 0.01650583712158267, 0.0, 0.02375279233445006, 0.16773790467281977, 0.08028238650273146, 0.044216743064872395, 0.0)",1
4507,18,9,11,"(0.0, 0.0, 0.09864539577037362, 0.01650583712158267, 0.0, 0.030645849071221472, 0.11900889015217928, 0.1405532843017724, 0.026121609841380632, 0.0)",2
4508,18,9,11,"(0.0, 0.0, 0.11755819882518005, 0.01650583712158267, 0.0, 0.02375279233445006, 0.16773790467281977, 0.08028238650273146, 0.026121609841380632, 0.0)",286
4509,18,10,13,"(0.0, 0.02238666231355864, 0.023035932332134326, 0.0, 0.01810411441758469, 0.022173256981297827, 0.0, 0.0, 0.01089208668844536, 0.00476393156717078)",2
4510,18,10,13,"(0.0, 0.02461978404713738, 0.023035932332134326, 0.0, 0.01810411441758469, 0.022173256981297827, 0.0, 0.0, 0.01089208668844536, 0.0016982028240002179)",1
4511,18,10,13,"(0.0, 0.02461978404713738, 0.023035932332134326, 0.0, 0.019102445991769967, 0.022173256981297827, 0.0, 0.0, 0.01089208668844536, 0.00476393156717078)",1
4512,18,10,13,"(0.0, 0.02461978404713738, 0.023035932332134326, 0.0, 0.01810411441758469, 0.022173256981297827, 0.0, 0.0, 0.010206841558323831, 0.00765260777200647)",1
4513,18,10,13,"(0.0, 0.02461978404713738, 0.022117329955160994, 0.0, 0.01810411441758469, 0.022173256981297827, 0.0, 0.0, 0.01089208668844536, 0.0038613301700305518)",1
4514,18,10,13,"(0.0, 0.02461978404713738, 0.023035932332134326, 0.0, 0.01810411441758469, 0.022173256981297827, 0.0, 0.0, 0.008862941905980361, 0.00476393156717078)",56
4515,18,10,13,"(0.0, 0.02461978404713738, 0.023035932332134326, 0.0, 0.01810411441758469, 0.012987348616939853, 0.0, 0.0, 0.01089208668844536, 0.00476393156717078)",1
4516,18,10,13,"(0.0, 0.02461978404713738, 0.023035932332134326, 0.0, 0.01810411441758469, 0.022173256981297827, 0.0, 0.0, 0.01089208668844536, 0.00476393156717078)",295
4517,18,11,13,"(0.0, 0.02461978404713738, 0.02815342528832909, 0.0, 0.01810411441758469, 0.022173256981297827, 0.0, 0.0, 0.01089208668844536, 0.006201631317451498)",4
4518,18,11,13,"(0.0, 0.02461978404713738, 0.023035932332134326, 0.0, 0.027211577937815753, 0.017325267733292703, 0.0, 0.0, 0.01089208668844536, 0.00476393156717078)",1
4519,18,11,13,"(0.0, 0.02461978404713738, 0.023035932332134326, 0.0, 0.01810411441758469, 0.022173256981297827, 0.0, 0.0, 0.01089208668844536, 0.0032292942468237413)",4
4520,18,11,13,"(0.0, 0.023071745757489458, 0.023035932332134326, 0.0, 0.01810411441758469, 0.022173256981297827, 0.0, 0.0, 0.01089208668844536, 0.00476393156717078)",2
4521,18,11,13,"(0.0, 0.02461978404713738, 0.023035932332134326, 0.0, 0.01810411441758469, 0.022173256981297827, 0.0, 0.0, 0.01089208668844536, 0.006961428000354483)",1
4522,18,11,13,"(0.0, 0.02461978404713738, 0.023035932332134326, 0.0, 0.01810411441758469, 0.022173256981297827, 0.0, 0.0, 0.01089208668844536, 0.0037169110486948978)",2
4523,18,11,13,"(0.0, 0.02461978404713738, 0.023035932332134326, 0.0, 0.01810411441758469, 0.022173256981297827, 0.0, 0.0, 0.01089208668844536, 0.00476393156717078)",186
4524,18,11,13,"(0.0, 0.01844225673460618, 0.023035932332134326, 0.0, 0.01810411441758469, 0.022173256981297827, 0.0, 0.0, 0.01089208668844536, 0.00476393156717078)",4
4525,18,11,13,"(0.0, 0.02461978404713738, 0.023035932332134326, 0.0, 0.016973567656639824, 0.02110561098051914, 0.0, 0.0, 0.01089208668844536, 0.004436641746586963)",6
4526,18,11,13,"(0.0, 0.02461978404713738, 0.023035932332134326, 0.0, 0.01810411441758469, 0.022173256981297827, 0.0, 0.0, 0.01089208668844536, 0.0028974869300179796)",6
4527,18,11,13,"(0.0, 0.022113576096427136, 0.023035932332134326, 0.0, 0.01810411441758469, 0.022173256981297827, 0.0, 0.0, 0.01089208668844536, 0.00476393156717078)",1
4528,18,11,13,"(0.0, 0.02461978404713738, 0.02908363285727053, 0.0, 0.01810411441758469, 0.022173256981297827, 0.0, 0.0, 0.01089208668844536, 0.00476393156717078)",1
4529,18,12,8,"(0.19235562551390653, 0.046525949225991035, 0.0, 0.0, 0.04573034632799446, 0.0, 0.08319516954615302, 0.1116381245929446, 0.0, 0.0)",130
4530,18,12,8,"(0.19235562551390653, 0.046525949225991035, 0.0, 0.0, 0.07222973603591547, 0.0, 0.08319516954615302, 0.1116381245929446, 0.0, 0.0)",2
4531,18,12,8,"(0.19235562551390653, 0.03678712498948857, 0.0, 0.0, 0.04573034632799446, 0.0, 0.08319516954615302, 0.1116381245929446, 0.0, 0.0)",12
4532,18,12,10,"(0.07734904686468291, 0.06927916245295945, 0.09682940930282144, 0.0017773360538905325, 0.0, 0.06291875767155253, 0.0, 0.10994488928074131, 0.0, 0.0)",225
4533,18,12,10,"(0.07734904686468291, 0.09870766302331575, 0.15264954233353364, 0.0017773360538905325, 0.0, 0.06291875767155253, 0.0, 0.12909268688834244, 0.0, 0.0)",18
4534,18,12,10,"(0.03550653097490399, 0.06927916245295945, 0.09682940930282144, 0.0017773360538905325, 0.0, 0.06291875767155253, 0.0, 0.10994488928074131, 0.0, 0.0)",1
4535,18,12,10,"(0.07734904686468291, 0.06927916245295945, 0.09682940930282144, 0.0017773360538905325, 0.0, 0.07056592844722873, 0.0, 0.1375864132240032, 0.0, 0.0)",3
4536,18,13,6,"(0.03426039533065134, 0.011572197494497125, 0.0, 0.030181603934096246, 0.004191474000663962, 0.0, 0.019795240631728064, 0.0, 0.028146417112716555, 0.05874522297052942)",2
4537,18,13,6,"(0.03426039533065134, 0.013403411793712326, 0.0, 0.030181603934096246, 0.005422768956954101, 0.0, 0.019795240631728064, 0.0, 0.028146417112716555, 0.05874522297052942)",2
4538,18,13,6,"(0.03426039533065134, 0.011572197494497125, 0.0, 0.030181603934096246, 0.005422768956954101, 0.0, 0.019795240631728064, 0.0, 0.028146417112716555, 0.05874522297052942)",170
4539,18,13,14,"(0.0, 0.017248724174617657, 0.0, 0.0, 0.0, 0.0, 0.1096916615896246, 0.07609886892949795, 0.03621416498310447, 0.0)",62
4540,18,14,11,"(0.0, 0.0, 0.09864539577037362, 0.01650583712158267, 0.0, 0.030645849071221472, 0.16773790467281977, 0.046237642847009, 0.026121609841380632, 0.0)",175
4541,18,14,11,"(0.0, 0.0, 0.1429389263268572, 0.02249183870096442, 0.0, 0.02918768281805352, 0.16773790467281977, 0.046237642847009, 0.026121609841380632, 0.0)",1
4542,18,14,11,"(0.0, 0.0, 0.10168638282975449, 0.01650583712158267, 0.0, 0.030645849071221472, 0.16773790467281977, 0.046237642847009, 0.026121609841380632, 0.0)",2
4543,18,14,13,"(0.0, 0.02461978404713738, 0.028089492197330236, 0.0, 0.01810411441758469, 0.022173256981297827, 0.0, 0.0, 0.01089208668844536, 0.00476393156717078)",2
4544,18,14,13,"(0.0, 0.02461978404713738, 0.023035932332134326, 0.0, 0.01810411441758469, 0.022173256981297827, 0.0, 0.0, 0.01089208668844536, 0.004485351477102013)",1
4545,18,14,13,"(0.0, 0.0163543835131697, 0.023035932332134326, 0.0, 0.01810411441758469, 0.022173256981297827, 0.0, 0.0, 0.01089208668844536, 0.00476393156717078)",1
4546,18,14,13,"(0.0, 0.015280479540947467, 0.023035932332134326, 0.0, 0.017393202564000895, 0.022173256981297827, 0.0, 0.0, 0.01089208668844536, 0.00476393156717078)",2
4547,18,14,13,"(0.0, 0.04132760827607014, 0.023035932332134326, 0.0, 0.01810411441758469, 0.022173256981297827, 0.0, 0.0, 0.01089208668844536, 0.00476393156717078)",10
4548,18,14,13,"(0.0, 0.02461978404713738, 0.023035932332134326, 0.0, 0.01810411441758469, 0.022173256981297827, 0.0, 0.0, 0.01089208668844536, 0.00476393156717078)",312
4549,18,14,13,"(0.0, 0.02461978404713738, 0.040276124074837404, 0.0, 0.01810411441758469, 0.022173256981297827, 0.0, 0.0, 0.01089208668844536, 0.00476393156717078)",12
4550,18,14,13,"(0.0, 0.016931613313762656, 0.023035932332134326, 0.0, 0.01810411441758469, 0.022173256981297827, 0.0, 0.0, 0.01089208668844536, 0.006337281620365628)",1
4551,18,14,13,"(0.0, 0.02461978404713738, 0.023035932332134326, 0.0, 0.011379763796483035, 0.031409489595007126, 0.0, 0.0, 0.01089208668844536, 0.00476393156717078)",4
4552,18,15,11,"(0.0, 0.0, 0.11839367174953695, 0.01650583712158267, 0.0, 0.030645849071221472, 0.10558794646580019, 0.03578779765919795, 0.026121609841380632, 0.0)",46
4553,18,15,11,"(0.0, 0.0, 0.11839367174953695, 0.01650583712158267, 0.0, 0.01985322257459236, 0.13625139876973155, 0.0404147798164449, 0.026121609841380632, 0.0)",14
4554,18,15,11,"(0.0, 0.0, 0.11839367174953695, 0.01650583712158267, 0.0, 0.030645849071221472, 0.07808555804917415, 0.049561510627170534, 0.04283043662481655, 0.0)",1
4555,18,15,11,"(0.0, 0.0, 0.11839367174953695, 0.01650583712158267, 0.0, 0.030645849071221472, 0.16773790467281977, 0.0404147798164449, 0.04283043662481655, 0.0)",42
4556,18,15,11,"(0.0, 0.0, 0.09723508118320254, 0.01650583712158267, 0.0, 0.028926939870032663, 0.12231058055756767, 0.0404147798164449, 0.026121609841380632, 0.0)",2
4557,18,15,11,"(0.0, 0.0, 0.09878599357766325, 0.01650583712158267, 0.0, 0.030645849071221472, 0.16773790467281977, 0.0404147798164449, 0.026121609841380632, 0.0)",1
4558,18,15,11,"(0.0, 0.0, 0.11839367174953695, 0.01650583712158267, 0.0, 0.04442738666714551, 0.16773790467281977, 0.0404147798164449, 0.026121609841380632, 0.0)",2
4559,18,15,11,"(0.0, 0.0, 0.09864539577037362, 0.01650583712158267, 0.0, 0.030645849071221472, 0.13049626713566656, 0.08028238650273146, 0.026121609841380632, 0.0)",7
4560,18,15,11,"(0.0, 0.0, 0.11839367174953695, 0.01650583712158267, 0.0, 0.030645849071221472, 0.16773790467281977, 0.0404147798164449, 0.026121609841380632, 0.0)",411
4561,18,15,11,"(0.0, 0.0, 0.11839367174953695, 0.01650583712158267, 0.0, 0.0277983621562112, 0.14684019446953833, 0.0404147798164449, 0.026121609841380632, 0.0)",1
4562,18,15,11,"(0.0, 0.0, 0.14892008767045964, 0.01650583712158267, 0.0, 0.030645849071221472, 0.12231058055756767, 0.0404147798164449, 0.026121609841380632, 0.0)",2
4563,18,15,11,"(0.0, 0.0, 0.1923269498014821, 0.01650583712158267, 0.0, 0.030645849071221472, 0.16773790467281977, 0.0404147798164449, 0.026121609841380632, 0.0)",1
4564,18,15,11,"(0.0, 0.0, 0.1127208158558043, 0.01650583712158267, 0.0, 0.030645849071221472, 0.16773790467281977, 0.0404147798164449, 0.026121609841380632, 0.0)",7
4565,18,15,11,"(0.0, 0.0, 0.16420637433591048, 0.01650583712158267, 0.0, 0.030645849071221472, 0.16773790467281977, 0.0404147798164449, 0.026121609841380632, 0.0)",11
4566,18,15,11,"(0.0, 0.0, 0.11839367174953695, 0.01650583712158267, 0.0, 0.030645849071221472, 0.12231058055756767, 0.0404147798164449, 0.026121609841380632, 0.0)",25
4567,18,16,1,"(0.0, 0.0, 0.041406372128065916, 0.0, 0.0, 0.019078487761882416, 0.0, 0.0, 0.0, 0.09965925051150999)",1
4568,18,16,1,"(0.0, 0.0, 0.041406372128065916, 0.0, 0.0, 0.012351528066157308, 0.0, 0.0, 0.0, 0.08148735503345193)",6
4569,18,16,1,"(0.0, 0.0, 0.041406372128065916, 0.0, 0.0, 0.0199117526153351, 0.0, 0.0, 0.0, 0.09965925051150999)",651
4570,18,16,1,"(0.0, 0.0, 0.041406372128065916, 0.0, 0.0, 0.03141810997012004, 0.0, 0.0, 0.0, 0.20631183480521192)",1
4571,18,16,1,"(0.0, 0.0, 0.041406372128065916, 0.0, 0.0, 0.024089265269497312, 0.0, 0.0, 0.0, 0.06788378196408269)",1
4572,18,16,1,"(0.0, 0.0, 0.041406372128065916, 0.0, 0.0, 0.0199117526153351, 0.0, 0.0, 0.0, 0.2079263101422508)",3
4573,18,16,1,"(0.0, 0.0, 0.041406372128065916, 0.0, 0.0, 0.0199117526153351, 0.0, 0.0, 0.0, 0.09072836239860112)",2
4574,18,16,1,"(0.0, 0.0, 0.04241729011300521, 0.0, 0.0, 0.0199117526153351, 0.0, 0.0, 0.0, 0.10670625880758153)",1
4575,18,16,1,"(0.0, 0.0, 0.039902709805644095, 0.0, 0.0, 0.015368730053390489, 0.0, 0.0, 0.0, 0.10444511486155912)",1
4576,18,16,1,"(0.0, 0.0, 0.03171772071129001, 0.0, 0.0, 0.029226936708265542, 0.0, 0.0, 0.0, 0.09965925051150999)",13
4577,18,16,1,"(0.0, 0.0, 0.02178596600634022, 0.0, 0.0, 0.0199117526153351, 0.0, 0.0, 0.0, 0.10115512554067897)",3
4578,18,16,1,"(0.0, 0.0, 0.03341387137630199, 0.0, 0.0, 0.0199117526153351, 0.0, 0.0, 0.0, 0.09965925051150999)",1
4579,18,16,1,"(0.0, 0.0, 0.041406372128065916, 0.0, 0.0, 0.0199117526153351, 0.0, 0.0, 0.0, 0.09157515372032236)",4
4580,18,16,1,"(0.0, 0.0, 0.02609692502311607, 0.0, 0.0, 0.01143701169832278, 0.0, 0.0, 0.0, 0.09965925051150999)",1
4581,18,16,1,"(0.0, 0.0, 0.041406372128065916, 0.0, 0.0, 0.0199117526153351, 0.0, 0.0, 0.0, 0.19344741536452362)",9
4582,18,16,1,"(0.0, 0.0, 0.041406372128065916, 0.0, 0.0, 0.021633828356069158, 0.0, 0.0, 0.0, 0.09965925051150999)",1
4583,18,16,1,"(0.0, 0.0, 0.041406372128065916, 0.0, 0.0, 0.0199117526153351, 0.0, 0.0, 0.0, 0.3132037895322021)",2
4584,18,16,1,"(0.0, 0.0, 0.041406372128065916, 0.0, 0.0, 0.0199117526153351, 0.0, 0.0, 0.0, 0.2112068301072742)",1
4585,18,16,1,"(0.0, 0.0, 0.041406372128065916, 0.0, 0.0, 0.023914938196627183, 0.0, 0.0, 0.0, 0.09965925051150999)",1
4586,18,16,1,"(0.0, 0.0, 0.060078058163180716, 0.0, 0.0, 0.0199117526153351, 0.0, 0.0, 0.0, 0.09965925051150999)",1
4587,18,16,8,"(0.16507889091742442, 0.1287993783393625, 0.0, 0.0, 0.07022106556493442, 0.0, 0.08319516954615302, 0.1116381245929446, 0.0, 0.0)",1
4588,18,16,8,"(0.16507889091742442, 0.046525949225991035, 0.0, 0.0, 0.07022106556493442, 0.0, 0.08319516954615302, 0.08770895217886769, 0.0, 0.0)",3
4589,18,16,8,"(0.16507889091742442, 0.046525949225991035, 0.0, 0.0, 0.03642892609972806, 0.0, 0.1057215814598316, 0.18442013772679194, 0.0, 0.0)",5
4590,18,16,8,"(0.16507889091742442, 0.046525949225991035, 0.0, 0.0, 0.07022106556493442, 0.0, 0.08319516954615302, 0.1116381245929446, 0.0, 0.0)",227
4591,18,16,8,"(0.16507889091742442, 0.046525949225991035, 0.0, 0.0, 0.07022106556493442, 0.0, 0.08319516954615302, 0.12341438140391586, 0.0, 0.0)",2
4592,18,17,1,"(0.0, 0.0, 0.1483083410694333, 0.0, 0.0, 0.01794474724876633, 0.0, 0.0, 0.0, 0.0910060267578522)",7
4593,18,17,1,"(0.0, 0.0, 0.14389556644686322, 0.0, 0.0, 0.030018978917809972, 0.0, 0.0, 0.0, 0.0910060267578522)",3
4594,18,17,1,"(0.0, 0.0, 0.10922905711608999, 0.0, 0.0, 0.030869340937655716, 0.0, 0.0, 0.0, 0.0910060267578522)",2
4595,18,17,1,"(0.0, 0.0, 0.10922905711608999, 0.0, 0.0, 0.017358162457389886, 0.0, 0.0, 0.0, 0.0910060267578522)",3
4596,18,17,1,"(0.0, 0.0, 0.1350120523204292, 0.0, 0.0, 0.030018978917809972, 0.0, 0.0, 0.0, 0.0910060267578522)",2
4597,18,17,1,"(0.0, 0.0, 0.10922905711608999, 0.0, 0.0, 0.03520006334218529, 0.0, 0.0, 0.0, 0.0910060267578522)",13
4598,18,17,1,"(0.0, 0.0, 0.10922905711608999, 0.0, 0.0, 0.030018978917809972, 0.0, 0.0, 0.0, 0.0910060267578522)",649
4599,18,17,1,"(0.0, 0.0, 0.10922905711608999, 0.0, 0.0, 0.05353342516184563, 0.0, 0.0, 0.0, 0.0910060267578522)",2
4600,18,17,8,"(0.30698304797337345, 0.04632028014141928, 0.0, 0.0, 0.07022106556493442, 0.0, 0.10032150141265132, 0.10130740340443034, 0.0, 0.0)",1
4601,18,17,8,"(0.19235562551390653, 0.04632028014141928, 0.0, 0.0, 0.07022106556493442, 0.0, 0.08319516954615302, 0.1116381245929446, 0.0, 0.0)",180
4602,18,17,8,"(0.19235562551390653, 0.06080208749817002, 0.0, 0.0, 0.07022106556493442, 0.0, 0.08319516954615302, 0.12439302956620557, 0.0, 0.0)",5
4603,18,17,8,"(0.30698304797337345, 0.04632028014141928, 0.0, 0.0, 0.07022106556493442, 0.0, 0.08319516954615302, 0.1116381245929446, 0.0, 0.0)",52
4604,18,17,8,"(0.15882416115431136, 0.04632028014141928, 0.0, 0.0, 0.06436261969142994, 0.0, 0.08319516954615302, 0.1116381245929446, 0.0, 0.0)",7
4605,18,17,8,"(0.19235562551390653, 0.04632028014141928, 0.0, 0.0, 0.07022106556493442, 0.0, 0.08319516954615302, 0.21512359892847338, 0.0, 0.0)",5
4606,18,18,10,"(0.07734904686468291, 0.06927916245295945, 0.0518222714002953, 0.0017773360538905325, 0.0, 0.09794947523858522, 0.0, 0.10994488928074131, 0.0, 0.0)",1
4607,18,18,10,"(0.07734904686468291, 0.06927916245295945, 0.09682940930282144, 0.0017773360538905325, 0.0, 0.06291875767155253, 0.0, 0.10994488928074131, 0.0, 0.0)",150
4608,18,18,10,"(0.07734904686468291, 0.06927916245295945, 0.09682940930282144, 0.0017773360538905325, 0.0, 0.09171833664994278, 0.0, 0.10994488928074131, 0.0, 0.0)",4
4609,18,18,11,"(0.0, 0.0, 0.09864539577037362, 0.01650583712158267, 0.0, 0.033593970732853334, 0.16773790467281977, 0.08028238650273146, 0.02873308956446372, 0.0)",1
4610,18,18,11,"(0.0, 0.0, 0.09864539577037362, 0.021700431043393042, 0.0, 0.05428062465323475, 0.16773790467281977, 0.08028238650273146, 0.05796384197904303, 0.0)",1
4611,18,18,11,"(0.0, 0.0, 0.08898107447558858, 0.01650583712158267, 0.0, 0.03150275214907511, 0.13038533056739307, 0.08028238650273146, 0.026121609841380632, 0.0)",55
4612,18,18,11,"(0.0, 0.0, 0.09864539577037362, 0.013259493057109014, 0.0, 0.030645849071221472, 0.11366122329374342, 0.08028238650273146, 0.02873308956446372, 0.0)",1
4613,18,18,11,"(0.0, 0.0, 0.09864539577037362, 0.01650583712158267, 0.0, 0.030645849071221472, 0.40694333767792085, 0.08028238650273146, 0.02873308956446372, 0.0)",1
4614,18,18,11,"(0.0, 0.0, 0.09864539577037362, 0.01650583712158267, 0.0, 0.03150275214907511, 0.13038533056739307, 0.08028238650273146, 0.026121609841380632, 0.0)",16
4615,18,18,11,"(0.0, 0.0, 0.09864539577037362, 0.01650583712158267, 0.0, 0.030645849071221472, 0.16773790467281977, 0.08667418319196996, 0.02873308956446372, 0.0)",1
4616,18,18,11,"(0.0, 0.0, 0.09864539577037362, 0.01650583712158267, 0.0, 0.030645849071221472, 0.16773790467281977, 0.08028238650273146, 0.02873308956446372, 0.0)",492
4617,18,19,0,"(0.07400250769571483, 0.0, 0.0, 0.0, 0.0, 0.017098731129875016, 0.05557625260102934, 0.0691048466035698, 0.0, 0.0)",1
4618,18,19,0,"(0.11722125168453706, 0.0, 0.0, 0.0, 0.0, 0.017098731129875016, 0.08380840797570269, 0.0691048466035698, 0.0, 0.0)",1
4619,18,19,0,"(0.07400250769571483, 0.0, 0.0, 0.0, 0.0, 0.017098731129875016, 0.08380840797570269, 0.051008293897984586, 0.0, 0.0)",2
4620,18,19,0,"(0.07400250769571483, 0.0, 0.0, 0.0, 0.0, 0.016941698720174245, 0.08380840797570269, 0.0691048466035698, 0.0, 0.0)",11
4621,18,19,0,"(0.07400250769571483, 0.0, 0.0, 0.0, 0.0, 0.017098731129875016, 0.08380840797570269, 0.0691048466035698, 0.0, 0.0)",135
4622,18,19,13,"(0.0, 0.02461978404713738, 0.023035932332134326, 0.0, 0.01810411441758469, 0.018932004844686975, 0.0, 0.0, 0.01089208668844536, 0.00476393156717078)",1
4623,18,19,13,"(0.0, 0.02461978404713738, 0.023035932332134326, 0.0, 0.01810411441758469, 0.022173256981297827, 0.0, 0.0, 0.01089208668844536, 0.0060671196397571415)",1
4624,18,19,13,"(0.0, 0.02461978404713738, 0.023035932332134326, 0.0, 0.01810411441758469, 0.022173256981297827, 0.0, 0.0, 0.01089208668844536, 0.00476393156717078)",204
4625,18,19,13,"(0.0, 0.02461978404713738, 0.023035932332134326, 0.0, 0.01040102404712268, 0.022173256981297827, 0.0, 0.0, 0.01089208668844536, 0.005027387421441723)",2
4626,18,19,13,"(0.0, 0.02461978404713738, 0.047573411835926546, 0.0, 0.0074767705374791625, 0.01096517024398013, 0.0, 0.0, 0.01089208668844536, 0.00476393156717078)",1
4627,18,20,10,"(0.0703568759726246, 0.06927916245295945, 0.09682940930282144, 0.0017773360538905325, 0.0, 0.06291875767155253, 0.0, 0.17224558700902307, 0.0, 0.0)",3
4628,18,20,10,"(0.07734904686468291, 0.06927916245295945, 0.09682940930282144, 0.0017773360538905325, 0.0, 0.03706999338012023, 0.0, 0.10994488928074131, 0.0, 0.0)",4
4629,18,20,10,"(0.07734904686468291, 0.06927916245295945, 0.09682940930282144, 0.0017773360538905325, 0.0, 0.06291875767155253, 0.0, 0.10994488928074131, 0.0, 0.0)",142
4630,18,20,10,"(0.07734904686468291, 0.06927916245295945, 0.09682940930282144, 0.0017773360538905325, 0.0, 0.06291875767155253, 0.0, 0.1779654628411042, 0.0, 0.0)",1
4631,18,20,11,"(0.0, 0.0, 0.08014159865348675, 0.01650583712158267, 0.0, 0.030645849071221472, 0.09572491856946197, 0.12669229176071573, 0.036485718580663774, 0.0)",22
4632,18,20,11,"(0.0, 0.0, 0.03664497950459847, 0.01650583712158267, 0.0, 0.02548938439096223, 0.09572491856946197, 0.08028238650273146, 0.036485718580663774, 0.0)",243
4633,18,20,11,"(0.0, 0.0, 0.08014159865348675, 0.01650583712158267, 0.0, 0.030645849071221472, 0.09572491856946197, 0.12669229176071573, 0.03207761590418564, 0.0)",1
4634,18,20,11,"(0.0, 0.0, 0.08014159865348675, 0.01650583712158267, 0.0, 0.030645849071221472, 0.09572491856946197, 0.046503961763881385, 0.036485718580663774, 0.0)",1
4635,18,20,11,"(0.0, 0.0, 0.08014159865348675, 0.01650583712158267, 0.0, 0.030645849071221472, 0.09572491856946197, 0.08028238650273146, 0.036485718580663774, 0.0)",166
4636,18,20,11,"(0.0, 0.0, 0.09864539577037362, 0.01650583712158267, 0.0, 0.030645849071221472, 0.041243814018301704, 0.11519455889550476, 0.036485718580663774, 0.0)",1
4637,18,20,11,"(0.0, 0.0, 0.08014159865348675, 0.01650583712158267, 0.0, 0.030645849071221472, 0.11784153106798746, 0.08028238650273146, 0.036485718580663774, 0.0)",2
4638,18,20,11,"(0.0, 0.0, 0.09864539577037362, 0.01650583712158267, 0.0, 0.030645849071221472, 0.09252139805958623, 0.08028238650273146, 0.036485718580663774, 0.0)",120
4639,18,20,11,"(0.0, 0.0, 0.09864539577037362, 0.021919442091742115, 0.0, 0.030645849071221472, 0.09252139805958623, 0.08028238650273146, 0.036485718580663774, 0.0)",1
4640,18,20,11,"(0.0, 0.0, 0.03664497950459847, 0.01650583712158267, 0.0, 0.01357361283625392, 0.09572491856946197, 0.08028238650273146, 0.036485718580663774, 0.0)",1
4641,18,20,11,"(0.0, 0.0, 0.08014159865348675, 0.01650583712158267, 0.0, 0.030645849071221472, 0.08924825555191986, 0.08028238650273146, 0.036485718580663774, 0.0)",1
4642,18,20,11,"(0.0, 0.0, 0.09864539577037362, 0.018848872841245014, 0.0, 0.030645849071221472, 0.09252139805958623, 0.08028238650273146, 0.036485718580663774, 0.0)",15
4643,18,20,11,"(0.0, 0.0, 0.026698846455515637, 0.02629483932564621, 0.0, 0.02548938439096223, 0.09572491856946197, 0.0806051509878557, 0.036485718580663774, 0.0)",1
4644,19,0,6,"(0.03426039533065134, 0.011572197494497125, 0.0, 0.030181603934096246, 0.005422768956954101, 0.0, 0.037568211568589104, 0.0, 0.028146417112716555, 0.05874522297052942)",2
4645,19,0,6,"(0.03426039533065134, 0.011572197494497125, 0.0, 0.030181603934096246, 0.006289976116942992, 0.0, 0.019795240631728064, 0.0, 0.028146417112716555, 0.05874522297052942)",1
4646,19,0,6,"(0.03426039533065134, 0.011572197494497125, 0.0, 0.030181603934096246, 0.005407580846712705, 0.0, 0.019795240631728064, 0.0, 0.028146417112716555, 0.05874522297052942)",1
4647,19,0,6,"(0.03426039533065134, 0.011572197494497125, 0.0, 0.030181603934096246, 0.005422768956954101, 0.0, 0.019795240631728064, 0.0, 0.028146417112716555, 0.05874522297052942)",98
4648,19,0,11,"(0.0, 0.0, 0.04169522659952404, 0.010654525538403636, 0.0, 0.030645849071221472, 0.16773790467281977, 0.08028238650273146, 0.02067860070198747, 0.0)",1
4649,19,0,11,"(0.0, 0.0, 0.04169522659952404, 0.010654525538403636, 0.0, 0.030645849071221472, 0.16773790467281977, 0.08028238650273146, 0.026121609841380632, 0.0)",191
4650,19,0,11,"(0.0, 0.0, 0.06200374261520503, 0.005823841906302321, 0.0, 0.030645849071221472, 0.21650565802446722, 0.08028238650273146, 0.026121609841380632, 0.0)",1
4651,19,0,11,"(0.0, 0.0, 0.06200374261520503, 0.01521853597332748, 0.0, 0.030645849071221472, 0.16773790467281977, 0.08028238650273146, 0.026121609841380632, 0.0)",2
4652,19,0,11,"(0.0, 0.0, 0.06200374261520503, 0.010654525538403636, 0.0, 0.030645849071221472, 0.16773790467281977, 0.08028238650273146, 0.026121609841380632, 0.0)",256
4653,19,0,11,"(0.0, 0.0, 0.04169522659952404, 0.010654525538403636, 0.0, 0.030645849071221472, 0.16773790467281977, 0.08022938533405857, 0.026121609841380632, 0.0)",1
4654,19,0,11,"(0.0, 0.0, 0.06200374261520503, 0.007765694114905683, 0.0, 0.030645849071221472, 0.16773790467281977, 0.08028238650273146, 0.016034708321885794, 0.0)",3
4655,19,1,6,"(0.03426039533065134, 0.011572197494497125, 0.0, 0.030181603934096246, 0.005422768956954101, 0.0, 0.014218503090228206, 0.0, 0.028146417112716555, 0.05874522297052942)",1
4656,19,1,6,"(0.03426039533065134, 0.011572197494497125, 0.0, 0.030181603934096246, 0.005422768956954101, 0.0, 0.019795240631728064, 0.0, 0.028146417112716555, 0.05874522297052942)",270
4657,19,1,6,"(0.03426039533065134, 0.011572197494497125, 0.0, 0.015072408381331613, 0.005422768956954101, 0.0, 0.008247745698240746, 0.0, 0.07222815250903826, 0.05874522297052942)",2
4658,19,1,6,"(0.03426039533065134, 0.011572197494497125, 0.0, 0.030181603934096246, 0.005422768956954101, 0.0, 0.019795240631728064, 0.0, 0.021859903332126066, 0.05874522297052942)",1
4659,19,1,8,"(0.07111035742329365, 0.046525949225991035, 0.0, 0.0, 0.07022106556493442, 0.0, 0.08319516954615302, 0.1415123366655704, 0.0, 0.0)",163
4660,19,2,13,"(0.0, 0.02461978404713738, 0.02183698212948105, 0.0, 0.01021552771951464, 0.022173256981297827, 0.0, 0.0, 0.01089208668844536, 0.00476393156717078)",1
4661,19,2,13,"(0.0, 0.02461978404713738, 0.023035932332134326, 0.0, 0.008630037525288974, 0.022173256981297827, 0.0, 0.0, 0.01089208668844536, 0.00476393156717078)",15
4662,19,2,13,"(0.0, 0.02461978404713738, 0.023035932332134326, 0.0, 0.012161258841994009, 0.022173256981297827, 0.0, 0.0, 0.008098890409533, 0.00476393156717078)",3
4663,19,2,13,"(0.0, 0.02461978404713738, 0.012488192435894057, 0.0, 0.01810411441758469, 0.025902942973352733, 0.0, 0.0, 0.01089208668844536, 0.00476393156717078)",47
4664,19,2,13,"(0.0, 0.02461978404713738, 0.023035932332134326, 0.0, 0.00970885425506607, 0.022173256981297827, 0.0, 0.0, 0.01484136766767021, 0.00476393156717078)",2
4665,19,2,13,"(0.0, 0.02461978404713738, 0.023035932332134326, 0.0, 0.00970885425506607, 0.022173256981297827, 0.0, 0.0, 0.01089208668844536, 0.00476393156717078)",232
4666,19,2,13,"(0.0, 0.02461978404713738, 0.022793159534255775, 0.0, 0.00970885425506607, 0.025925127514275937, 0.0, 0.0, 0.01089208668844536, 0.0041605031119918605)",3
4667,19,2,13,"(0.0, 0.02461978404713738, 0.023035932332134326, 0.0, 0.00970885425506607, 0.022173256981297827, 0.0, 0.0, 0.007049367053802858, 0.00476393156717078)",1
4668,19,2,13,"(0.0, 0.02461978404713738, 0.023035932332134326, 0.0, 0.00970885425506607, 0.015394763095300239, 0.0, 0.0, 0.01089208668844536, 0.00476393156717078)",2
4669,19,2,13,"(0.0, 0.02057555804992493, 0.023035932332134326, 0.0, 0.00970885425506607, 0.022173256981297827, 0.0, 0.0, 0.01089208668844536, 0.00476393156717078)",1
4670,19,2,13,"(0.0, 0.02461978404713738, 0.0207649151265447, 0.0, 0.00970885425506607, 0.022173256981297827, 0.0, 0.0, 0.01089208668844536, 0.00476393156717078)",17
4671,19,2,13,"(0.0, 0.02461978404713738, 0.023035932332134326, 0.0, 0.010098320071955807, 0.022173256981297827, 0.0, 0.0, 0.01089208668844536, 0.00476393156717078)",1
4672,19,3,13,"(0.0, 0.02461978404713738, 0.013642217451715925, 0.0, 0.01810411441758469, 0.022173256981297827, 0.0, 0.0, 0.01089208668844536, 0.004172717089660375)",8
4673,19,3,13,"(0.0, 0.02461978404713738, 0.023035932332134326, 0.0, 0.019696980094745135, 0.022173256981297827, 0.0, 0.0, 0.01089208668844536, 0.0024406349647482155)",1
4674,19,3,13,"(0.0, 0.02461978404713738, 0.023035932332134326, 0.0, 0.012052661135600985, 0.022173256981297827, 0.0, 0.0, 0.009842535304706414, 0.001827330149334149)",1
4675,19,3,13,"(0.0, 0.02461978404713738, 0.023035932332134326, 0.0, 0.012403310805172223, 0.022173256981297827, 0.0, 0.0, 0.01089208668844536, 0.0024406349647482155)",1
4676,19,3,13,"(0.0, 0.02461978404713738, 0.024429771384551806, 0.0, 0.01810411441758469, 0.022173256981297827, 0.0, 0.0, 0.01089208668844536, 0.0024406349647482155)",1
4677,19,3,13,"(0.0, 0.02461978404713738, 0.023035932332134326, 0.0, 0.01810411441758469, 0.022173256981297827, 0.0, 0.0, 0.0046886048279261424, 0.0024406349647482155)",2
4678,19,3,13,"(0.0, 0.02461978404713738, 0.023035932332134326, 0.0, 0.01810411441758469, 0.022173256981297827, 0.0, 0.0, 0.01089208668844536, 0.0024406349647482155)",401
4679,19,3,13,"(0.0, 0.02461978404713738, 0.023035932332134326, 0.0, 0.01810411441758469, 0.012800023877101954, 0.0, 0.0, 0.01089208668844536, 0.0024406349647482155)",2
4680,19,3,13,"(0.0, 0.025355746540834334, 0.023035932332134326, 0.0, 0.01810411441758469, 0.022173256981297827, 0.0, 0.0, 0.01089208668844536, 0.0024406349647482155)",1
4681,19,3,13,"(0.0, 0.02784369422066453, 0.020094126072361967, 0.0, 0.01810411441758469, 0.022173256981297827, 0.0, 0.0, 0.01089208668844536, 0.0024406349647482155)",1
4682,19,3,13,"(0.0, 0.02461978404713738, 0.023035932332134326, 0.0, 0.01810411441758469, 0.022173256981297827, 0.0, 0.0, 0.012198574886539212, 0.002201421316403703)",2
4683,19,3,13,"(0.0, 0.03831093264129106, 0.023035932332134326, 0.0, 0.01810411441758469, 0.0135592516369113, 0.0, 0.0, 0.01089208668844536, 0.0024406349647482155)",1
4684,19,3,13,"(0.0, 0.02461978404713738, 0.023035932332134326, 0.0, 0.01810411441758469, 0.022173256981297827, 0.0, 0.0, 0.009842535304706414, 0.0024406349647482155)",47
4685,19,4,11,"(0.0, 0.0, 0.09864539577037362, 0.01650583712158267, 0.0, 0.045677570772858674, 0.08153022673827125, 0.10598265144672957, 0.026121609841380632, 0.0)",2
4686,19,4,11,"(0.0, 0.0, 0.09864539577037362, 0.01650583712158267, 0.0, 0.038634080972972114, 0.08153022673827125, 0.07240876560513207, 0.026121609841380632, 0.0)",1
4687,19,4,11,"(0.0, 0.0, 0.09864539577037362, 0.01650583712158267, 0.0, 0.030645849071221472, 0.08153022673827125, 0.07240876560513207, 0.032110140299124415, 0.0)",3
4688,19,4,11,"(0.0, 0.0, 0.09864539577037362, 0.016529264424256777, 0.0, 0.030645849071221472, 0.16773790467281977, 0.08028238650273146, 0.017579589817086686, 0.0)",22
4689,19,4,11,"(0.0, 0.0, 0.09864539577037362, 0.01650583712158267, 0.0, 0.030645849071221472, 0.13799910765728704, 0.07240876560513207, 0.026121609841380632, 0.0)",1
4690,19,4,11,"(0.0, 0.0, 0.09864539577037362, 0.01650583712158267, 0.0, 0.030645849071221472, 0.08153022673827125, 0.11294722295949458, 0.024277649282950484, 0.0)",1
4691,19,4,11,"(0.0, 0.0, 0.09864539577037362, 0.01650583712158267, 0.0, 0.030645849071221472, 0.08153022673827125, 0.07240876560513207, 0.026121609841380632, 0.0)",512
4692,19,4,11,"(0.0, 0.0, 0.09864539577037362, 0.01650583712158267, 0.0, 0.031954726510398504, 0.08153022673827125, 0.07240876560513207, 0.03050733334909085, 0.0)",2
4693,19,4,11,"(0.0, 0.0, 0.1610028406986221, 0.01650583712158267, 0.0, 0.030645849071221472, 0.08153022673827125, 0.1040245153482025, 0.012448155205931868, 0.0)",1
4694,19,4,11,"(0.0, 0.0, 0.09864539577037362, 0.01748474119766788, 0.0, 0.030645849071221472, 0.08153022673827125, 0.07240876560513207, 0.026121609841380632, 0.0)",1
4695,19,5,0,"(0.07400250769571483, 0.0, 0.0, 0.0, 0.0, 0.038664151314593, 0.08380840797570269, 0.04707128481773698, 0.0, 0.0)",1
4696,19,5,0,"(0.07400250769571483, 0.0, 0.0, 0.0, 0.0, 0.038664151314593, 0.08380840797570269, 0.05015325966666236, 0.0, 0.0)",239
4697,19,5,0,"(0.07400250769571483, 0.0, 0.0, 0.0, 0.0, 0.038664151314593, 0.08380840797570269, 0.046283280076369705, 0.0, 0.0)",50
4698,19,5,0,"(0.07400250769571483, 0.0, 0.0, 0.0, 0.0, 0.02850478413236544, 0.08380840797570269, 0.05015325966666236, 0.0, 0.0)",1
4699,19,5,6,"(0.03426039533065134, 0.011572197494497125, 0.0, 0.030181603934096246, 0.005422768956954101, 0.0, 0.019795240631728064, 0.0, 0.028146417112716555, 0.07752108612862482)",6
4700,19,5,6,"(0.03426039533065134, 0.011572197494497125, 0.0, 0.030181603934096246, 0.005422768956954101, 0.0, 0.019795240631728064, 0.0, 0.028146417112716555, 0.05874522297052942)",274
4701,19,5,6,"(0.03426039533065134, 0.011572197494497125, 0.0, 0.030181603934096246, 0.006463700307357997, 0.0, 0.05580507602275523, 0.0, 0.028146417112716555, 0.05874522297052942)",2
4702,19,5,6,"(0.03426039533065134, 0.014870933632510549, 0.0, 0.030181603934096246, 0.005422768956954101, 0.0, 0.019795240631728064, 0.0, 0.028146417112716555, 0.05874522297052942)",2
4703,19,5,6,"(0.03426039533065134, 0.011572197494497125, 0.0, 0.047736093393997106, 0.005422768956954101, 0.0, 0.019795240631728064, 0.0, 0.028146417112716555, 0.05874522297052942)",2
4704,19,6,0,"(0.07400250769571483, 0.0, 0.0, 0.0, 0.0, 0.017098731129875016, 0.08380840797570269, 0.0691048466035698, 0.0, 0.0)",231
4705,19,6,0,"(0.07400250769571483, 0.0, 0.0, 0.0, 0.0, 0.017098731129875016, 0.10361039336156824, 0.0691048466035698, 0.0, 0.0)",2
4706,19,6,0,"(0.07777257168217065, 0.0, 0.0, 0.0, 0.0, 0.017098731129875016, 0.08380840797570269, 0.09204895138418179, 0.0, 0.0)",1
4707,19,6,0,"(0.07400250769571483, 0.0, 0.0, 0.0, 0.0, 0.017098731129875016, 0.08380840797570269, 0.09551866505585604, 0.0, 0.0)",2
4708,19,6,0,"(0.07400250769571483, 0.0, 0.0, 0.0, 0.0, 0.017098731129875016, 0.08380840797570269, 0.0459904243899462, 0.0, 0.0)",1
4709,19,6,0,"(0.07400250769571483, 0.0, 0.0, 0.0, 0.0, 0.017098731129875016, 0.10306726423777575, 0.0691048466035698, 0.0, 0.0)",2
4710,19,6,0,"(0.07400250769571483, 0.0, 0.0, 0.0, 0.0, 0.015611941192109772, 0.07947568341675897, 0.0691048466035698, 0.0, 0.0)",1
4711,19,6,0,"(0.07400250769571483, 0.0, 0.0, 0.0, 0.0, 0.017098731129875016, 0.08380840797570269, 0.04994118015352689, 0.0, 0.0)",3
4712,19,6,0,"(0.07409943623103273, 0.0, 0.0, 0.0, 0.0, 0.017098731129875016, 0.12413963629289822, 0.052349305932658685, 0.0, 0.0)",1
4713,19,6,0,"(0.07400250769571483, 0.0, 0.0, 0.0, 0.0, 0.017098731129875016, 0.044301054446767074, 0.0691048466035698, 0.0, 0.0)",1
4714,19,7,13,"(0.0, 0.02461978404713738, 0.023035932332134326, 0.0, 0.01810411441758469, 0.022173256981297827, 0.0, 0.0, 0.01089208668844536, 0.012951563107311534)",1
4715,19,7,13,"(0.0, 0.02461978404713738, 0.023035932332134326, 0.0, 0.01810411441758469, 0.022173256981297827, 0.0, 0.0, 0.01089208668844536, 0.00476393156717078)",216
4716,19,7,13,"(0.0, 0.02461978404713738, 0.028038168052678225, 0.0, 0.01810411441758469, 0.022173256981297827, 0.0, 0.0, 0.01089208668844536, 0.00476393156717078)",1
4717,19,8,6,"(0.023864846959726765, 0.011572197494497125, 0.0, 0.030181603934096246, 0.005616997292472559, 0.0, 0.02084646300026537, 0.0, 0.028146417112716555, 0.05874522297052942)",1
4718,19,8,6,"(0.03656180599521727, 0.011572197494497125, 0.0, 0.030181603934096246, 0.005422768956954101, 0.0, 0.02084646300026537, 0.0, 0.028146417112716555, 0.05874522297052942)",88
4719,19,8,6,"(0.03656180599521727, 0.011572197494497125, 0.0, 0.01655843613429453, 0.005422768956954101, 0.0, 0.02084646300026537, 0.0, 0.028146417112716555, 0.05874522297052942)",13
4720,19,8,6,"(0.03656180599521727, 0.011572197494497125, 0.0, 0.030181603934096246, 0.005422768956954101, 0.0, 0.013862400044893034, 0.0, 0.028146417112716555, 0.05874522297052942)",1
4721,19,8,11,"(0.0, 0.0, 0.09864539577037362, 0.01650583712158267, 0.0, 0.030645849071221472, 0.16773790467281977, 0.04118381377133975, 0.026121609841380632, 0.0)",14
4722,19,8,11,"(0.0, 0.0, 0.09864539577037362, 0.01650583712158267, 0.0, 0.030645849071221472, 0.16773790467281977, 0.05487587528261972, 0.026121609841380632, 0.0)",176
4723,19,8,11,"(0.0, 0.0, 0.09864539577037362, 0.03289815454646695, 0.0, 0.030645849071221472, 0.16773790467281977, 0.05487587528261972, 0.026121609841380632, 0.0)",1
4724,19,8,11,"(0.0, 0.0, 0.09864539577037362, 0.02150422363422624, 0.0, 0.030645849071221472, 0.16773790467281977, 0.05487587528261972, 0.026121609841380632, 0.0)",175
4725,19,8,11,"(0.0, 0.0, 0.09864539577037362, 0.02150422363422624, 0.0, 0.030645849071221472, 0.21006536936740586, 0.05487587528261972, 0.026121609841380632, 0.0)",1
4726,19,8,11,"(0.0, 0.0, 0.09864539577037362, 0.01650583712158267, 0.0, 0.027345961177348076, 0.13855135743719746, 0.08028238650273146, 0.03680786366141258, 0.0)",16
4727,19,8,11,"(0.0, 0.0, 0.09864539577037362, 0.02150422363422624, 0.0, 0.030645849071221472, 0.1275729953067007, 0.05487587528261972, 0.026121609841380632, 0.0)",6
4728,19,8,11,"(0.0, 0.0, 0.09864539577037362, 0.01650583712158267, 0.0, 0.031211978481304123, 0.13855135743719746, 0.08028238650273146, 0.026121609841380632, 0.0)",45
4729,19,8,11,"(0.0, 0.0, 0.09864539577037362, 0.02150422363422624, 0.0, 0.04736920143264722, 0.16773790467281977, 0.05487587528261972, 0.026121609841380632, 0.0)",18
4730,19,8,11,"(0.0, 0.0, 0.12590179520418987, 0.01650583712158267, 0.0, 0.030645849071221472, 0.16773790467281977, 0.05487587528261972, 0.026121609841380632, 0.0)",1
4731,19,9,11,"(0.0, 0.0, 0.10621962837681208, 0.007858025887074429, 0.0, 0.030645849071221472, 0.16243652964526273, 0.16325394194310452, 0.026121609841380632, 0.0)",2
4732,19,9,11,"(0.0, 0.0, 0.09864539577037362, 0.01650583712158267, 0.0, 0.030645849071221472, 0.20216619818148698, 0.08028238650273146, 0.026121609841380632, 0.0)",27
4733,19,9,11,"(0.0, 0.0, 0.16573675592329512, 0.01650583712158267, 0.0, 0.02375279233445006, 0.16773790467281977, 0.08028238650273146, 0.026121609841380632, 0.0)",1
4734,19,9,11,"(0.0, 0.0, 0.09864539577037362, 0.01650583712158267, 0.0, 0.030645849071221472, 0.19709574049042408, 0.08028238650273146, 0.047223278900130033, 0.0)",7
4735,19,9,11,"(0.0, 0.0, 0.07227617860865089, 0.01650583712158267, 0.0, 0.030645849071221472, 0.16243652964526273, 0.08028238650273146, 0.026121609841380632, 0.0)",55
4736,19,9,11,"(0.0, 0.0, 0.09864539577037362, 0.017233415576515136, 0.0, 0.030645849071221472, 0.16243652964526273, 0.08028238650273146, 0.026121609841380632, 0.0)",1
4737,19,9,11,"(0.0, 0.0, 0.09864539577037362, 0.028606884686527025, 0.0, 0.030645849071221472, 0.16243652964526273, 0.08028238650273146, 0.026121609841380632, 0.0)",19
4738,19,9,11,"(0.0, 0.0, 0.09864539577037362, 0.01650583712158267, 0.0, 0.030645849071221472, 0.16243652964526273, 0.08028238650273146, 0.02847463908775558, 0.0)",1
4739,19,9,11,"(0.0, 0.0, 0.11755819882518005, 0.01650583712158267, 0.0, 0.02375279233445006, 0.16773790467281977, 0.05910927904501615, 0.026121609841380632, 0.0)",1
4740,19,9,11,"(0.0, 0.0, 0.09864539577037362, 0.01650583712158267, 0.0, 0.030645849071221472, 0.16243652964526273, 0.08028238650273146, 0.026121609841380632, 0.0)",257
4741,19,9,11,"(0.0, 0.0, 0.11755819882518005, 0.01650583712158267, 0.0, 0.02375279233445006, 0.16773790467281977, 0.08028238650273146, 0.026121609841380632, 0.0)",216
4742,19,9,11,"(0.0, 0.0, 0.11755819882518005, 0.01650583712158267, 0.0, 0.008524638194857631, 0.16773790467281977, 0.08028238650273146, 0.026121609841380632, 0.0)",2
4743,19,10,13,"(0.0, 0.02461978404713738, 0.023035932332134326, 0.0, 0.01810411441758469, 0.022173256981297827, 0.0, 0.0, 0.01089208668844536, 0.006537144244927358)",1
4744,19,10,13,"(0.0, 0.026357773392261877, 0.023035932332134326, 0.0, 0.01810411441758469, 0.022173256981297827, 0.0, 0.0, 0.01089208668844536, 0.00476393156717078)",1
4745,19,10,13,"(0.0, 0.02461978404713738, 0.023035932332134326, 0.0, 0.01810411441758469, 0.022173256981297827, 0.0, 0.0, 0.008862941905980361, 0.00476393156717078)",4
4746,19,10,13,"(0.0, 0.02461978404713738, 0.023035932332134326, 0.0, 0.01810411441758469, 0.022173256981297827, 0.0, 0.0, 0.01089208668844536, 0.00476393156717078)",293
4747,19,10,13,"(0.0, 0.015461744935958272, 0.023035932332134326, 0.0, 0.01810411441758469, 0.026083362709192787, 0.0, 0.0, 0.004625680403690435, 0.00476393156717078)",1
4748,19,10,13,"(0.0, 0.0321742005983468, 0.023035932332134326, 0.0, 0.019102445991769967, 0.022173256981297827, 0.0, 0.0, 0.01089208668844536, 0.00476393156717078)",1
4749,19,10,13,"(0.0, 0.02461978404713738, 0.023035932332134326, 0.0, 0.01810411441758469, 0.022173256981297827, 0.0, 0.0, 0.01089208668844536, 0.006688798115315023)",1
4750,19,10,13,"(0.0, 0.02461978404713738, 0.023035932332134326, 0.0, 0.01810411441758469, 0.022173256981297827, 0.0, 0.0, 0.01089208668844536, 0.007543706014484519)",1
4751,19,10,13,"(0.0, 0.016415341757567783, 0.01719643414923115, 0.0, 0.01810411441758469, 0.022173256981297827, 0.0, 0.0, 0.01089208668844536, 0.00476393156717078)",5
4752,19,10,13,"(0.0, 0.02461978404713738, 0.023035932332134326, 0.0, 0.019102445991769967, 0.022173256981297827, 0.0, 0.0, 0.01089208668844536, 0.00476393156717078)",9
4753,19,11,13,"(0.0, 0.02461978404713738, 0.023035932332134326, 0.0, 0.01810411441758469, 0.02350199165035119, 0.0, 0.0, 0.01089208668844536, 0.00476393156717078)",1
4754,19,11,13,"(0.0, 0.02461978404713738, 0.023035932332134326, 0.0, 0.01810411441758469, 0.022173256981297827, 0.0, 0.0, 0.01089208668844536, 0.0028974869300179796)",2
4755,19,11,13,"(0.0, 0.02461978404713738, 0.023035932332134326, 0.0, 0.008550445009293847, 0.022173256981297827, 0.0, 0.0, 0.01089208668844536, 0.00476393156717078)",1
4756,19,11,13,"(0.0, 0.02419375995060323, 0.023035932332134326, 0.0, 0.01810411441758469, 0.02535562957747567, 0.0, 0.0, 0.007785258763985848, 0.00476393156717078)",2
4757,19,11,13,"(0.0, 0.03793150816144374, 0.023035932332134326, 0.0, 0.01810411441758469, 0.02833860571650589, 0.0, 0.0, 0.01089208668844536, 0.006889288816501507)",1
4758,19,11,13,"(0.0, 0.02461978404713738, 0.023035932332134326, 0.0, 0.01810411441758469, 0.022173256981297827, 0.0, 0.0, 0.01089208668844536, 0.004904105648239091)",1
4759,19,11,13,"(0.0, 0.03603945048635193, 0.023035932332134326, 0.0, 0.01810411441758469, 0.022173256981297827, 0.0, 0.0, 0.01089208668844536, 0.00476393156717078)",1
4760,19,11,13,"(0.0, 0.02461978404713738, 0.023035932332134326, 0.0, 0.01810411441758469, 0.022173256981297827, 0.0, 0.0, 0.01089208668844536, 0.00476393156717078)",328
4761,19,11,13,"(0.0, 0.02461978404713738, 0.023035932332134326, 0.0, 0.01810411441758469, 0.022173256981297827, 0.0, 0.0, 0.012586618769008509, 0.004133086709312605)",1
4762,19,11,13,"(0.0, 0.02461978404713738, 0.023812586271718204, 0.0, 0.01810411441758469, 0.022173256981297827, 0.0, 0.0, 0.006387567787353117, 0.007273910669695841)",1
4763,19,11,13,"(0.0, 0.03317277830011235, 0.023035932332134326, 0.0, 0.01810411441758469, 0.022173256981297827, 0.0, 0.0, 0.01089208668844536, 0.00476393156717078)",1
4764,19,11,13,"(0.0, 0.02461978404713738, 0.023035932332134326, 0.0, 0.01810411441758469, 0.022173256981297827, 0.0, 0.0, 0.006387567787353117, 0.007273910669695841)",1
4765,19,11,13,"(0.0, 0.02461978404713738, 0.023035932332134326, 0.0, 0.01810411441758469, 0.022173256981297827, 0.0, 0.0, 0.014556989643874595, 0.00476393156717078)",1
4766,19,11,13,"(0.0, 0.03435967622949488, 0.023035932332134326, 0.0, 0.01810411441758469, 0.022173256981297827, 0.0, 0.0, 0.009810323990289301, 0.00476393156717078)",1
4767,19,12,8,"(0.19235562551390653, 0.046525949225991035, 0.0, 0.0, 0.07222973603591547, 0.0, 0.08319516954615302, 0.1116381245929446, 0.0, 0.0)",76
4768,19,12,8,"(0.30196166873016494, 0.046525949225991035, 0.0, 0.0, 0.04573034632799446, 0.0, 0.08319516954615302, 0.1116381245929446, 0.0, 0.0)",1
4769,19,12,8,"(0.19235562551390653, 0.03084615324239639, 0.0, 0.0, 0.07222973603591547, 0.0, 0.08319516954615302, 0.1116381245929446, 0.0, 0.0)",1
4770,19,12,8,"(0.19235562551390653, 0.046525949225991035, 0.0, 0.0, 0.04573034632799446, 0.0, 0.08319516954615302, 0.1116381245929446, 0.0, 0.0)",107
4771,19,12,10,"(0.026325655066369687, 0.09870766302331575, 0.15264954233353364, 0.0017773360538905325, 0.0, 0.06291875767155253, 0.0, 0.12909268688834244, 0.0, 0.0)",51
4772,19,12,10,"(0.03550653097490399, 0.06927916245295945, 0.09682940930282144, 0.0017773360538905325, 0.0, 0.06291875767155253, 0.0, 0.10994488928074131, 0.0, 0.0)",105
4773,19,12,10,"(0.03550653097490399, 0.06927916245295945, 0.06717691357858702, 0.0017773360538905325, 0.0, 0.06291875767155253, 0.0, 0.17969674703108157, 0.0, 0.0)",1
4774,19,12,10,"(0.07734904686468291, 0.06927916245295945, 0.11092873002822595, 0.0017773360538905325, 0.0, 0.06291875767155253, 0.0, 0.10994488928074131, 0.0, 0.0)",3
4775,19,12,10,"(0.03550653097490399, 0.06927916245295945, 0.051808690064124995, 0.0017773360538905325, 0.0, 0.1252511741053074, 0.0, 0.10994488928074131, 0.0, 0.0)",1
4776,19,12,10,"(0.07734904686468291, 0.09870766302331575, 0.15264954233353364, 0.0017773360538905325, 0.0, 0.06291875767155253, 0.0, 0.12909268688834244, 0.0, 0.0)",20
4777,19,12,10,"(0.026325655066369687, 0.09870766302331575, 0.13177375217833348, 0.0017773360538905325, 0.0, 0.06291875767155253, 0.0, 0.12909268688834244, 0.0, 0.0)",1
4778,19,12,10,"(0.12788383887226576, 0.06927916245295945, 0.07612370050969995, 0.0017773360538905325, 0.0, 0.06291875767155253, 0.0, 0.10994488928074131, 0.0, 0.0)",1
4779,19,12,10,"(0.07734904686468291, 0.06927916245295945, 0.09682940930282144, 0.0017773360538905325, 0.0, 0.06291875767155253, 0.0, 0.10994488928074131, 0.0, 0.0)",112
4780,19,13,6,"(0.03426039533065134, 0.011572197494497125, 0.0, 0.030181603934096246, 0.005422768956954101, 0.0, 0.019795240631728064, 0.0, 0.028146417112716555, 0.05874522297052942)",158
4781,19,13,6,"(0.03426039533065134, 0.013403411793712326, 0.0, 0.030181603934096246, 0.005422768956954101, 0.0, 0.019795240631728064, 0.0, 0.028146417112716555, 0.05874522297052942)",14
4782,19,13,14,"(0.0, 0.017248724174617657, 0.0, 0.0, 0.0, 0.0, 0.1096916615896246, 0.07609886892949795, 0.03621416498310447, 0.0)",13
4783,19,13,14,"(0.0, 0.017248724174617657, 0.0, 0.0, 0.0, 0.0, 0.1096916615896246, 0.073204653849611, 0.03621416498310447, 0.0)",35
4784,19,14,11,"(0.0, 0.0, 0.09864539577037362, 0.01650583712158267, 0.0, 0.030645849071221472, 0.16773790467281977, 0.046237642847009, 0.05043764568345911, 0.0)",1
4785,19,14,11,"(0.0, 0.0, 0.09864539577037362, 0.009776207627362152, 0.0, 0.030645849071221472, 0.19047674119718574, 0.046237642847009, 0.026121609841380632, 0.0)",2
4786,19,14,11,"(0.0, 0.0, 0.09864539577037362, 0.01650583712158267, 0.0, 0.030645849071221472, 0.16773790467281977, 0.046237642847009, 0.026121609841380632, 0.0)",199
4787,19,14,11,"(0.0, 0.0, 0.09864539577037362, 0.008384887913069735, 0.0, 0.030645849071221472, 0.16773790467281977, 0.046237642847009, 0.026121609841380632, 0.0)",3
4788,19,14,11,"(0.0, 0.0, 0.09864539577037362, 0.009859014460141253, 0.0, 0.030645849071221472, 0.16773790467281977, 0.046237642847009, 0.0647717960038549, 0.0)",1
4789,19,14,11,"(0.0, 0.0, 0.09864539577037362, 0.01650583712158267, 0.0, 0.030645849071221472, 0.15143808908601328, 0.046237642847009, 0.03149290469454109, 0.0)",3
4790,19,14,11,"(0.0, 0.0, 0.09864539577037362, 0.01650583712158267, 0.0, 0.030645849071221472, 0.16773790467281977, 0.02957671026783901, 0.026121609841380632, 0.0)",1
4791,19,14,11,"(0.0, 0.0, 0.09864539577037362, 0.01650583712158267, 0.0, 0.030645849071221472, 0.16773790467281977, 0.046237642847009, 0.014035308568295877, 0.0)",1
4792,19,14,13,"(0.0, 0.02461978404713738, 0.02418440526648619, 0.0, 0.01810411441758469, 0.022173256981297827, 0.0, 0.0, 0.01089208668844536, 0.00476393156717078)",1
4793,19,14,13,"(0.0, 0.02461978404713738, 0.025708039147581553, 0.0, 0.01810411441758469, 0.022173256981297827, 0.0, 0.0, 0.01089208668844536, 0.00476393156717078)",1
4794,19,14,13,"(0.0, 0.02461978404713738, 0.01779489798529016, 0.0, 0.015928767429267094, 0.022173256981297827, 0.0, 0.0, 0.01089208668844536, 0.00476393156717078)",1
4795,19,14,13,"(0.0, 0.02461978404713738, 0.023035932332134326, 0.0, 0.01810411441758469, 0.01876923469095322, 0.0, 0.0, 0.01089208668844536, 0.00476393156717078)",8
4796,19,14,13,"(0.0, 0.02461978404713738, 0.023035932332134326, 0.0, 0.01810411441758469, 0.022173256981297827, 0.0, 0.0, 0.01089208668844536, 0.00476393156717078)",365
4797,19,14,13,"(0.0, 0.02461978404713738, 0.023035932332134326, 0.0, 0.022321015263371526, 0.022173256981297827, 0.0, 0.0, 0.01089208668844536, 0.00476393156717078)",1
4798,19,14,13,"(0.0, 0.02461978404713738, 0.023035932332134326, 0.0, 0.01810411441758469, 0.022173256981297827, 0.0, 0.0, 0.01118752947359543, 0.00476393156717078)",1
4799,19,14,13,"(0.0, 0.02461978404713738, 0.023035932332134326, 0.0, 0.01810411441758469, 0.013029830859272942, 0.0, 0.0, 0.01089208668844536, 0.00476393156717078)",1
4800,19,15,11,"(0.0, 0.0, 0.11839367174953695, 0.01650583712158267, 0.0, 0.01985322257459236, 0.13625139876973155, 0.0404147798164449, 0.026121609841380632, 0.0)",12
4801,19,15,11,"(0.0, 0.0, 0.11839367174953695, 0.02776393811993131, 0.0, 0.030645849071221472, 0.16773790467281977, 0.0404147798164449, 0.026121609841380632, 0.0)",5
4802,19,15,11,"(0.0, 0.0, 0.11839367174953695, 0.01650583712158267, 0.0, 0.030645849071221472, 0.16773790467281977, 0.0404147798164449, 0.026121609841380632, 0.0)",491
4803,19,15,11,"(0.0, 0.0, 0.11839367174953695, 0.01650583712158267, 0.0, 0.030645849071221472, 0.20870750647571323, 0.0404147798164449, 0.026121609841380632, 0.0)",1
4804,19,15,11,"(0.0, 0.0, 0.11839367174953695, 0.01650583712158267, 0.0, 0.030645849071221472, 0.16773790467281977, 0.0404147798164449, 0.04283043662481655, 0.0)",9
4805,19,15,11,"(0.0, 0.0, 0.11839367174953695, 0.01650583712158267, 0.0, 0.030645849071221472, 0.16773790467281977, 0.0404147798164449, 0.024520226022740916, 0.0)",1
4806,19,15,11,"(0.0, 0.0, 0.16420637433591048, 0.01650583712158267, 0.0, 0.030645849071221472, 0.16773790467281977, 0.0404147798164449, 0.026121609841380632, 0.0)",36
4807,19,15,11,"(0.0, 0.0, 0.16420637433591048, 0.01650583712158267, 0.0, 0.030645849071221472, 0.16610154547653225, 0.0404147798164449, 0.02338838673261458, 0.0)",1
4808,19,15,11,"(0.0, 0.0, 0.11839367174953695, 0.01650583712158267, 0.0, 0.030645849071221472, 0.16773790467281977, 0.0404147798164449, 0.04326945491001049, 0.0)",1
4809,19,15,11,"(0.0, 0.0, 0.11839367174953695, 0.02817931886535683, 0.0, 0.00784681270912167, 0.16773790467281977, 0.0404147798164449, 0.026121609841380632, 0.0)",1
4810,19,15,11,"(0.0, 0.0, 0.11839367174953695, 0.01650583712158267, 0.0, 0.030645849071221472, 0.16773790467281977, 0.0404147798164449, 0.02136084165609003, 0.0)",5
4811,19,15,11,"(0.0, 0.0, 0.10971842645102958, 0.01650583712158267, 0.0, 0.030645849071221472, 0.16773790467281977, 0.0404147798164449, 0.028582486110689732, 0.0)",1
4812,19,16,1,"(0.0, 0.0, 0.027118586003729454, 0.0, 0.0, 0.0199117526153351, 0.0, 0.0, 0.0, 0.09965925051150999)",1
4813,19,16,1,"(0.0, 0.0, 0.041406372128065916, 0.0, 0.0, 0.019078487761882416, 0.0, 0.0, 0.0, 0.09965925051150999)",40
4814,19,16,1,"(0.0, 0.0, 0.041406372128065916, 0.0, 0.0, 0.037667422593066546, 0.0, 0.0, 0.0, 0.07483570244857869)",1
4815,19,16,1,"(0.0, 0.0, 0.03171772071129001, 0.0, 0.0, 0.029226936708265542, 0.0, 0.0, 0.0, 0.09965925051150999)",7
4816,19,16,1,"(0.0, 0.0, 0.041406372128065916, 0.0, 0.0, 0.024398495639936218, 0.0, 0.0, 0.0, 0.09965925051150999)",1
4817,19,16,1,"(0.0, 0.0, 0.041406372128065916, 0.0, 0.0, 0.0199117526153351, 0.0, 0.0, 0.0, 0.1465197887686723)",1
4818,19,16,1,"(0.0, 0.0, 0.039902709805644095, 0.0, 0.0, 0.015368730053390489, 0.0, 0.0, 0.0, 0.10444511486155912)",12
4819,19,16,1,"(0.0, 0.0, 0.041406372128065916, 0.0, 0.0, 0.0199117526153351, 0.0, 0.0, 0.0, 0.09965925051150999)",728
4820,19,16,1,"(0.0, 0.0, 0.11117775504474386, 0.0, 0.0, 0.01725620449483033, 0.0, 0.0, 0.0, 0.16446997261671747)",1
4821,19,16,1,"(0.0, 0.0, 0.04929285872393477, 0.0, 0.0, 0.01725620449483033, 0.0, 0.0, 0.0, 0.09965925051150999)",4
4822,19,16,1,"(0.0, 0.0, 0.01299795409759442, 0.0, 0.0, 0.0199117526153351, 0.0, 0.0, 0.0, 0.09965925051150999)",2
4823,19,16,1,"(0.0, 0.0, 0.02526825110782998, 0.0, 0.0, 0.0199117526153351, 0.0, 0.0, 0.0, 0.09965925051150999)",1
4824,19,16,1,"(0.0, 0.0, 0.041406372128065916, 0.0, 0.0, 0.01861645376189288, 0.0, 0.0, 0.0, 0.09965925051150999)",5
4825,19,16,8,"(0.16507889091742442, 0.046525949225991035, 0.0, 0.0, 0.07022106556493442, 0.0, 0.08319516954615302, 0.1116381245929446, 0.0, 0.0)",221
4826,19,16,8,"(0.0717056734734121, 0.046525949225991035, 0.0, 0.0, 0.07022106556493442, 0.0, 0.08319516954615302, 0.1116381245929446, 0.0, 0.0)",5
4827,19,16,8,"(0.16507889091742442, 0.046525949225991035, 0.0, 0.0, 0.10050548515431723, 0.0, 0.08319516954615302, 0.1116381245929446, 0.0, 0.0)",3
4828,19,16,8,"(0.16507889091742442, 0.05477211609242844, 0.0, 0.0, 0.07022106556493442, 0.0, 0.08319516954615302, 0.1116381245929446, 0.0, 0.0)",2
4829,19,17,1,"(0.0, 0.0, 0.1483083410694333, 0.0, 0.0, 0.01794474724876633, 0.0, 0.0, 0.0, 0.0910060267578522)",2
4830,19,17,1,"(0.0, 0.0, 0.10922905711608999, 0.0, 0.0, 0.012384816235563463, 0.0, 0.0, 0.0, 0.0910060267578522)",1
4831,19,17,1,"(0.0, 0.0, 0.10658102280619032, 0.0, 0.0, 0.015502991842708508, 0.0, 0.0, 0.0, 0.0910060267578522)",3
4832,19,17,1,"(0.0, 0.0, 0.10922905711608999, 0.0, 0.0, 0.028583530351624097, 0.0, 0.0, 0.0, 0.0910060267578522)",1
4833,19,17,1,"(0.0, 0.0, 0.10922905711608999, 0.0, 0.0, 0.030018978917809972, 0.0, 0.0, 0.0, 0.0910060267578522)",588
4834,19,17,1,"(0.0, 0.0, 0.10922905711608999, 0.0, 0.0, 0.033542290393201515, 0.0, 0.0, 0.0, 0.05355544991209662)",1
4835,19,17,1,"(0.0, 0.0, 0.1440486269441199, 0.0, 0.0, 0.030018978917809972, 0.0, 0.0, 0.0, 0.0910060267578522)",4
4836,19,17,1,"(0.0, 0.0, 0.09163865958683112, 0.0, 0.0, 0.030018978917809972, 0.0, 0.0, 0.0, 0.0910060267578522)",1
4837,19,17,1,"(0.0, 0.0, 0.10922905711608999, 0.0, 0.0, 0.042253853833808266, 0.0, 0.0, 0.0, 0.0910060267578522)",1
4838,19,17,1,"(0.0, 0.0, 0.10922905711608999, 0.0, 0.0, 0.07586219177438512, 0.0, 0.0, 0.0, 0.0910060267578522)",2
4839,19,17,1,"(0.0, 0.0, 0.10922905711608999, 0.0, 0.0, 0.038005976049037264, 0.0, 0.0, 0.0, 0.07716427729966005)",1
4840,19,17,1,"(0.0, 0.0, 0.10922905711608999, 0.0, 0.0, 0.03520006334218529, 0.0, 0.0, 0.0, 0.0910060267578522)",41
4841,19,17,1,"(0.0, 0.0, 0.10922905711608999, 0.0, 0.0, 0.03215378157832091, 0.0, 0.0, 0.0, 0.21131417581422446)",1
4842,19,17,1,"(0.0, 0.0, 0.14389556644686322, 0.0, 0.0, 0.030018978917809972, 0.0, 0.0, 0.0, 0.0910060267578522)",5
4843,19,17,1,"(0.0, 0.0, 0.10922905711608999, 0.0, 0.0, 0.01205177452121534, 0.0, 0.0, 0.0, 0.0910060267578522)",1
4844,19,17,1,"(0.0, 0.0, 0.08098448912649808, 0.0, 0.0, 0.034628696879073086, 0.0, 0.0, 0.0, 0.08073116732946876)",1
4845,19,17,1,"(0.0, 0.0, 0.10922905711608999, 0.0, 0.0, 0.030018978917809972, 0.0, 0.0, 0.0, 0.05954112256106453)",1
4846,19,17,1,"(0.0, 0.0, 0.10190538274607186, 0.0, 0.0, 0.030018978917809972, 0.0, 0.0, 0.0, 0.0910060267578522)",1
4847,19,17,1,"(0.0, 0.0, 0.08495703887349144, 0.0, 0.0, 0.030018978917809972, 0.0, 0.0, 0.0, 0.0910060267578522)",1
4848,19,17,1,"(0.0, 0.0, 0.10922905711608999, 0.0, 0.0, 0.03850250071985599, 0.0, 0.0, 0.0, 0.0910060267578522)",1
4849,19,17,1,"(0.0, 0.0, 0.127177487533601, 0.0, 0.0, 0.030018978917809972, 0.0, 0.0, 0.0, 0.0910060267578522)",2
4850,19,17,8,"(0.19235562551390653, 0.08180409773642289, 0.0, 0.0, 0.07022106556493442, 0.0, 0.08319516954615302, 0.1116381245929446, 0.0, 0.0)",1
4851,19,17,8,"(0.18855612180510156, 0.04632028014141928, 0.0, 0.0, 0.07022106556493442, 0.0, 0.08319516954615302, 0.1116381245929446, 0.0, 0.0)",3
4852,19,17,8,"(0.19235562551390653, 0.04632028014141928, 0.0, 0.0, 0.07022106556493442, 0.0, 0.08319516954615302, 0.1116381245929446, 0.0, 0.0)",199
4853,19,17,8,"(0.19235562551390653, 0.04632028014141928, 0.0, 0.0, 0.039844044470912554, 0.0, 0.08319516954615302, 0.1087890427150908, 0.0, 0.0)",1
4854,19,17,8,"(0.19235562551390653, 0.042837205639716665, 0.0, 0.0, 0.07022106556493442, 0.0, 0.08319516954615302, 0.1116381245929446, 0.0, 0.0)",1
4855,19,18,10,"(0.07734904686468291, 0.06927916245295945, 0.09682940930282144, 0.00277368166061232, 0.0, 0.061960811612228724, 0.0, 0.10994488928074131, 0.0, 0.0)",1
4856,19,18,10,"(0.07734904686468291, 0.06927916245295945, 0.09682940930282144, 0.0013250747111538202, 0.0, 0.06291875767155253, 0.0, 0.0851034751348563, 0.0, 0.0)",5
4857,19,18,10,"(0.07734904686468291, 0.06927916245295945, 0.09682940930282144, 0.0017773360538905325, 0.0, 0.06291875767155253, 0.0, 0.10994488928074131, 0.0, 0.0)",137
4858,19,18,11,"(0.0, 0.0, 0.09864539577037362, 0.01650583712158267, 0.0, 0.051929032454626774, 0.16773790467281977, 0.08028238650273146, 0.05441670497081372, 0.0)",1
4859,19,18,11,"(0.0, 0.0, 0.09864539577037362, 0.014667501808207093, 0.0, 0.030645849071221472, 0.16773790467281977, 0.08028238650273146, 0.02873308956446372, 0.0)",4
4860,19,18,11,"(0.0, 0.0, 0.09864539577037362, 0.01650583712158267, 0.0, 0.030645849071221472, 0.16773790467281977, 0.08028238650273146, 0.03621176271043684, 0.0)",3
4861,19,18,11,"(0.0, 0.0, 0.09864539577037362, 0.01650583712158267, 0.0, 0.030645849071221472, 0.16773790467281977, 0.08028238650273146, 0.024401427095165414, 0.0)",1
4862,19,18,11,"(0.0, 0.0, 0.09864539577037362, 0.009911019188796806, 0.0, 0.030645849071221472, 0.16773790467281977, 0.08028238650273146, 0.02873308956446372, 0.0)",7
4863,19,18,11,"(0.0, 0.0, 0.09864539577037362, 0.01650583712158267, 0.0, 0.03150275214907511, 0.13038533056739307, 0.08028238650273146, 0.026121609841380632, 0.0)",59
4864,19,18,11,"(0.0, 0.0, 0.06261626286928279, 0.01650583712158267, 0.0, 0.030645849071221472, 0.16773790467281977, 0.08028238650273146, 0.02873308956446372, 0.0)",3
4865,19,18,11,"(0.0, 0.0, 0.09864539577037362, 0.01650583712158267, 0.0, 0.044099108072929924, 0.16773790467281977, 0.08028238650273146, 0.02873308956446372, 0.0)",6
4866,19,18,11,"(0.0, 0.0, 0.08898107447558858, 0.01650583712158267, 0.0, 0.03150275214907511, 0.13038533056739307, 0.08028238650273146, 0.026121609841380632, 0.0)",26
4867,19,18,11,"(0.0, 0.0, 0.09864539577037362, 0.01650583712158267, 0.0, 0.030645849071221472, 0.16773790467281977, 0.08028238650273146, 0.02873308956446372, 0.0)",453
4868,19,18,11,"(0.0, 0.0, 0.07988778070654334, 0.01650583712158267, 0.0, 0.030645849071221472, 0.16773790467281977, 0.08028238650273146, 0.02873308956446372, 0.0)",5
4869,19,19,0,"(0.07400250769571483, 0.0, 0.0, 0.0, 0.0, 0.017098731129875016, 0.13351867817374313, 0.14982186809104098, 0.0, 0.0)",1
4870,19,19,0,"(0.07400250769571483, 0.0, 0.0, 0.0, 0.0, 0.016038574918425426, 0.08380840797570269, 0.0691048466035698, 0.0, 0.0)",1
4871,19,19,0,"(0.07400250769571483, 0.0, 0.0, 0.0, 0.0, 0.016941698720174245, 0.08380840797570269, 0.0691048466035698, 0.0, 0.0)",25
4872,19,19,0,"(0.07400250769571483, 0.0, 0.0, 0.0, 0.0, 0.017098731129875016, 0.08380840797570269, 0.0691048466035698, 0.0, 0.0)",133
4873,19,19,13,"(0.0, 0.02461978404713738, 0.023035932332134326, 0.0, 0.01810411441758469, 0.022173256981297827, 0.0, 0.0, 0.01089208668844536, 0.00476393156717078)",244
4874,19,19,13,"(0.0, 0.02461978404713738, 0.023035932332134326, 0.0, 0.01810411441758469, 0.012585368451153286, 0.0, 0.0, 0.01089208668844536, 0.00476393156717078)",2
4875,19,19,13,"(0.0, 0.02461978404713738, 0.023035932332134326, 0.0, 0.010335383031014361, 0.022173256981297827, 0.0, 0.0, 0.01089208668844536, 0.00476393156717078)",2
4876,19,19,13,"(0.0, 0.02461978404713738, 0.023035932332134326, 0.0, 0.01810411441758469, 0.022173256981297827, 0.0, 0.0, 0.022003664530689658, 0.00476393156717078)",1
4877,19,19,13,"(0.0, 0.02010752356275246, 0.023035932332134326, 0.0, 0.017617993175834127, 0.022173256981297827, 0.0, 0.0, 0.01089208668844536, 0.004166678253133018)",1
4878,19,19,13,"(0.0, 0.02461978404713738, 0.023035932332134326, 0.0, 0.01810411441758469, 0.022173256981297827, 0.0, 0.0, 0.01089208668844536, 0.005830607233136846)",2
4879,19,20,10,"(0.0703568759726246, 0.06927916245295945, 0.09682940930282144, 0.0017773360538905325, 0.0, 0.06291875767155253, 0.0, 0.17224558700902307, 0.0, 0.0)",14
4880,19,20,10,"(0.07734904686468291, 0.06927916245295945, 0.09682940930282144, 0.0017773360538905325, 0.0, 0.04988940653283949, 0.0, 0.10994488928074131, 0.0, 0.0)",1
4881,19,20,10,"(0.07734904686468291, 0.06927916245295945, 0.09682940930282144, 0.0017773360538905325, 0.0, 0.06291875767155253, 0.0, 0.10994488928074131, 0.0, 0.0)",114
4882,19,20,11,"(0.0, 0.0, 0.020602147497721626, 0.01650583712158267, 0.0, 0.02548938439096223, 0.09572491856946197, 0.08028238650273146, 0.036485718580663774, 0.0)",2
4883,19,20,11,"(0.0, 0.0, 0.10403525731738746, 0.01650583712158267, 0.0, 0.030645849071221472, 0.09902129354819983, 0.08028238650273146, 0.047893853136158515, 0.0)",7
4884,19,20,11,"(0.0, 0.0, 0.09864539577037362, 0.01650583712158267, 0.0, 0.030645849071221472, 0.07457359973933146, 0.08028238650273146, 0.036485718580663774, 0.0)",5
4885,19,20,11,"(0.0, 0.0, 0.09864539577037362, 0.028161569383232606, 0.0, 0.053690864629143215, 0.07457359973933146, 0.08028238650273146, 0.036485718580663774, 0.0)",2
4886,19,20,11,"(0.0, 0.0, 0.03664497950459847, 0.01650583712158267, 0.0, 0.02548938439096223, 0.09572491856946197, 0.048657453890620005, 0.036485718580663774, 0.0)",1
4887,19,20,11,"(0.0, 0.0, 0.03664497950459847, 0.01650583712158267, 0.0, 0.02548938439096223, 0.09572491856946197, 0.08028238650273146, 0.0223542245112197, 0.0)",1
4888,19,20,11,"(0.0, 0.0, 0.12311293314144582, 0.01650583712158267, 0.0, 0.030645849071221472, 0.09572491856946197, 0.08028238650273146, 0.036485718580663774, 0.0)",3
4889,19,20,11,"(0.0, 0.0, 0.09864539577037362, 0.01650583712158267, 0.0, 0.030645849071221472, 0.09252139805958623, 0.08028238650273146, 0.036485718580663774, 0.0)",94
4890,19,20,11,"(0.0, 0.0, 0.03664497950459847, 0.01650583712158267, 0.0, 0.02548938439096223, 0.09572491856946197, 0.08028238650273146, 0.036485718580663774, 0.0)",316
4891,19,20,11,"(0.0, 0.0, 0.08014159865348675, 0.01650583712158267, 0.0, 0.030645849071221472, 0.09572491856946197, 0.08028238650273146, 0.05270342293691383, 0.0)",1
4892,19,20,11,"(0.0, 0.0, 0.03664497950459847, 0.01650583712158267, 0.0, 0.02548938439096223, 0.09572491856946197, 0.044458430783853004, 0.036485718580663774, 0.0)",1
4893,19,20,11,"(0.0, 0.0, 0.08014159865348675, 0.01650583712158267, 0.0, 0.030645849071221472, 0.09572491856946197, 0.08028238650273146, 0.036485718580663774, 0.0)",148
4894,20,0,6,"(0.03426039533065134, 0.011572197494497125, 0.0, 0.030181603934096246, 0.005422768956954101, 0.0, 0.019795240631728064, 0.0, 0.03070331613662604, 0.05874522297052942)",1
4895,20,0,6,"(0.03426039533065134, 0.011572197494497125, 0.0, 0.030181603934096246, 0.005422768956954101, 0.0, 0.019795240631728064, 0.0, 0.028146417112716555, 0.05874522297052942)",167
4896,20,0,6,"(0.03426039533065134, 0.011572197494497125, 0.0, 0.030181603934096246, 0.00648973191688186, 0.0, 0.019795240631728064, 0.0, 0.028146417112716555, 0.05874522297052942)",1
4897,20,0,6,"(0.03426039533065134, 0.011572197494497125, 0.0, 0.030181603934096246, 0.005422768956954101, 0.0, 0.019795240631728064, 0.0, 0.028146417112716555, 0.09145896016978595)",1
4898,20,0,11,"(0.0, 0.0, 0.04169522659952404, 0.010654525538403636, 0.0, 0.030645849071221472, 0.16773790467281977, 0.08028238650273146, 0.026121609841380632, 0.0)",160
4899,20,0,11,"(0.0, 0.0, 0.10123827787032935, 0.010654525538403636, 0.0, 0.030645849071221472, 0.16348896721732092, 0.08028238650273146, 0.026121609841380632, 0.0)",1
4900,20,0,11,"(0.0, 0.0, 0.04169522659952404, 0.012845740321142135, 0.0, 0.030645849071221472, 0.16773790467281977, 0.08028238650273146, 0.026121609841380632, 0.0)",1
4901,20,0,11,"(0.0, 0.0, 0.06200374261520503, 0.010654525538403636, 0.0, 0.030645849071221472, 0.16773790467281977, 0.08028238650273146, 0.026121609841380632, 0.0)",183
4902,20,1,6,"(0.03426039533065134, 0.011572197494497125, 0.0, 0.030181603934096246, 0.005422768956954101, 0.0, 0.019795240631728064, 0.0, 0.028146417112716555, 0.05874522297052942)",205
4903,20,1,6,"(0.03426039533065134, 0.011572197494497125, 0.0, 0.030181603934096246, 0.005422768956954101, 0.0, 0.021926287385828365, 0.0, 0.028146417112716555, 0.05874522297052942)",1
4904,20,1,6,"(0.03426039533065134, 0.011572197494497125, 0.0, 0.015072408381331613, 0.005422768956954101, 0.0, 0.008247745698240746, 0.0, 0.07222815250903826, 0.05874522297052942)",10
4905,20,1,6,"(0.016075819729136267, 0.011572197494497125, 0.0, 0.030181603934096246, 0.005422768956954101, 0.0, 0.019795240631728064, 0.0, 0.028146417112716555, 0.05874522297052942)",1
4906,20,1,6,"(0.0320354496436633, 0.011572197494497125, 0.0, 0.030181603934096246, 0.005422768956954101, 0.0, 0.019795240631728064, 0.0, 0.028146417112716555, 0.05874522297052942)",10
4907,20,1,6,"(0.030989070513446203, 0.018524812362533765, 0.0, 0.030181603934096246, 0.005422768956954101, 0.0, 0.019795240631728064, 0.0, 0.028146417112716555, 0.062274784508557904)",2
4908,20,1,6,"(0.03426039533065134, 0.009417629590826693, 0.0, 0.030181603934096246, 0.005422768956954101, 0.0, 0.019795240631728064, 0.0, 0.028146417112716555, 0.05874522297052942)",2
4909,20,1,6,"(0.03426039533065134, 0.011572197494497125, 0.0, 0.030181603934096246, 0.005422768956954101, 0.0, 0.019795240631728064, 0.0, 0.02035636427382677, 0.05874522297052942)",1
4910,20,1,6,"(0.030989070513446203, 0.018524812362533765, 0.0, 0.04529655164307434, 0.005422768956954101, 0.0, 0.018758429037619845, 0.0, 0.028146417112716555, 0.062274784508557904)",4
4911,20,1,8,"(0.07111035742329365, 0.04627543502022294, 0.0, 0.0, 0.07022106556493442, 0.0, 0.08319516954615302, 0.1415123366655704, 0.0, 0.0)",2
4912,20,1,8,"(0.18231831184192954, 0.046525949225991035, 0.0, 0.0, 0.12682815793762214, 0.0, 0.08319516954615302, 0.1415123366655704, 0.0, 0.0)",2
4913,20,1,8,"(0.07111035742329365, 0.046525949225991035, 0.0, 0.0, 0.07022106556493442, 0.0, 0.08319516954615302, 0.1415123366655704, 0.0, 0.0)",199
4914,20,2,13,"(0.0, 0.022585377521537976, 0.023035932332134326, 0.0, 0.00970885425506607, 0.022173256981297827, 0.0, 0.0, 0.01089208668844536, 0.00476393156717078)",5
4915,20,2,13,"(0.0, 0.02461978404713738, 0.0207649151265447, 0.0, 0.00970885425506607, 0.022173256981297827, 0.0, 0.0, 0.01089208668844536, 0.00476393156717078)",6
4916,20,2,13,"(0.0, 0.02461978404713738, 0.028277542513551957, 0.0, 0.00970885425506607, 0.022173256981297827, 0.0, 0.0, 0.008300671939730726, 0.00476393156717078)",1
4917,20,2,13,"(0.0, 0.02461978404713738, 0.012488192435894057, 0.0, 0.01810411441758469, 0.025902942973352733, 0.0, 0.0, 0.01089208668844536, 0.00476393156717078)",9
4918,20,2,13,"(0.0, 0.02461978404713738, 0.018524393666579105, 0.0, 0.01810411441758469, 0.025902942973352733, 0.0, 0.0, 0.01089208668844536, 0.00476393156717078)",1
4919,20,2,13,"(0.0, 0.02461978404713738, 0.023035932332134326, 0.0, 0.00970885425506607, 0.022173256981297827, 0.0, 0.0, 0.010734815286975641, 0.00476393156717078)",1
4920,20,2,13,"(0.0, 0.02461978404713738, 0.023035932332134326, 0.0, 0.00970885425506607, 0.022173256981297827, 0.0, 0.0, 0.01089208668844536, 0.00476393156717078)",297
4921,20,3,13,"(0.0, 0.02461978404713738, 0.016186861429434724, 0.0, 0.010029229747596168, 0.020808591533830266, 0.0, 0.0, 0.01089208668844536, 0.0024406349647482155)",1
4922,20,3,13,"(0.0, 0.01499955155963068, 0.023035932332134326, 0.0, 0.01810411441758469, 0.022173256981297827, 0.0, 0.0, 0.01089208668844536, 0.0024406349647482155)",2
4923,20,3,13,"(0.0, 0.02461978404713738, 0.023035932332134326, 0.0, 0.015493210895725815, 0.022173256981297827, 0.0, 0.0, 0.009842535304706414, 0.0024406349647482155)",1
4924,20,3,13,"(0.0, 0.02461978404713738, 0.023035932332134326, 0.0, 0.01970959961712058, 0.022173256981297827, 0.0, 0.0, 0.009842535304706414, 0.0024406349647482155)",1
4925,20,3,13,"(0.0, 0.044957728702501566, 0.023035932332134326, 0.0, 0.01810411441758469, 0.022173256981297827, 0.0, 0.0, 0.01089208668844536, 0.0024406349647482155)",1
4926,20,3,13,"(0.0, 0.02784369422066453, 0.020094126072361967, 0.0, 0.01810411441758469, 0.022173256981297827, 0.0, 0.0, 0.01089208668844536, 0.0024406349647482155)",3
4927,20,3,13,"(0.0, 0.02461978404713738, 0.023035932332134326, 0.0, 0.01810411441758469, 0.022173256981297827, 0.0, 0.0, 0.01089208668844536, 0.0024406349647482155)",237
4928,20,3,13,"(0.0, 0.02461978404713738, 0.023035932332134326, 0.0, 0.01810411441758469, 0.022173256981297827, 0.0, 0.0, 0.009842535304706414, 0.0024406349647482155)",32
4929,20,4,11,"(0.0, 0.0, 0.09864539577037362, 0.01650583712158267, 0.0, 0.030645849071221472, 0.12462936048388981, 0.07240876560513207, 0.026121609841380632, 0.0)",3
4930,20,4,11,"(0.0, 0.0, 0.09864539577037362, 0.01650583712158267, 0.0, 0.030645849071221472, 0.08153022673827125, 0.06873223157665678, 0.026121609841380632, 0.0)",1
4931,20,4,11,"(0.0, 0.0, 0.09386695632495005, 0.01650583712158267, 0.0, 0.030645849071221472, 0.08153022673827125, 0.07240876560513207, 0.026121609841380632, 0.0)",1
4932,20,4,11,"(0.0, 0.0, 0.09864539577037362, 0.01650583712158267, 0.0, 0.023085448894740148, 0.08153022673827125, 0.07240876560513207, 0.026121609841380632, 0.0)",2
4933,20,4,11,"(0.0, 0.0, 0.09864539577037362, 0.01650583712158267, 0.0, 0.030645849071221472, 0.08153022673827125, 0.1622053253286284, 0.026121609841380632, 0.0)",1
4934,20,4,11,"(0.0, 0.0, 0.09864539577037362, 0.01776264402047655, 0.0, 0.030645849071221472, 0.08153022673827125, 0.07240876560513207, 0.04008335478787888, 0.0)",2
4935,20,4,11,"(0.0, 0.0, 0.09864539577037362, 0.01650583712158267, 0.0, 0.0212731743891484, 0.1467511602507151, 0.07240876560513207, 0.026121609841380632, 0.0)",1
4936,20,4,11,"(0.0, 0.0, 0.09864539577037362, 0.01650583712158267, 0.0, 0.030645849071221472, 0.1304120560788413, 0.07240876560513207, 0.026121609841380632, 0.0)",1
4937,20,4,11,"(0.0, 0.0, 0.09864539577037362, 0.01650583712158267, 0.0, 0.030645849071221472, 0.08153022673827125, 0.07240876560513207, 0.026121609841380632, 0.0)",506
4938,20,4,11,"(0.0, 0.0, 0.09864539577037362, 0.01650583712158267, 0.0, 0.04866904703624164, 0.09294435582450475, 0.07240876560513207, 0.026121609841380632, 0.0)",1
4939,20,4,11,"(0.0, 0.0, 0.09864539577037362, 0.01650583712158267, 0.0, 0.030645849071221472, 0.08153022673827125, 0.05581693923955001, 0.026121609841380632, 0.0)",1
4940,20,4,11,"(0.0, 0.0, 0.09864539577037362, 0.013616898253916324, 0.0, 0.030645849071221472, 0.08153022673827125, 0.07240876560513207, 0.026121609841380632, 0.0)",1
4941,20,4,11,"(0.0, 0.0, 0.09864539577037362, 0.01650583712158267, 0.0, 0.030645849071221472, 0.0662154915347551, 0.07240876560513207, 0.026121609841380632, 0.0)",1
4942,20,4,11,"(0.0, 0.0, 0.09864539577037362, 0.01650583712158267, 0.0, 0.030645849071221472, 0.05812300083080469, 0.07240876560513207, 0.03131922057943855, 0.0)",2
4943,20,4,11,"(0.0, 0.0, 0.09734328534689207, 0.015004774493790148, 0.0, 0.030645849071221472, 0.08153022673827125, 0.07240876560513207, 0.026121609841380632, 0.0)",2
4944,20,5,0,"(0.07400250769571483, 0.0, 0.0, 0.0, 0.0, 0.038664151314593, 0.08380840797570269, 0.046283280076369705, 0.0, 0.0)",60
4945,20,5,0,"(0.07400250769571483, 0.0, 0.0, 0.0, 0.0, 0.06067447376392407, 0.08380840797570269, 0.046283280076369705, 0.0, 0.0)",11
4946,20,5,0,"(0.07400250769571483, 0.0, 0.0, 0.0, 0.0, 0.038664151314593, 0.08380840797570269, 0.05015325966666236, 0.0, 0.0)",161
4947,20,5,0,"(0.17034658783412082, 0.0, 0.0, 0.0, 0.0, 0.09783665384835992, 0.08380840797570269, 0.05015325966666236, 0.0, 0.0)",1
4948,20,5,0,"(0.07400250769571483, 0.0, 0.0, 0.0, 0.0, 0.03573053161041162, 0.08380840797570269, 0.03935072086397334, 0.0, 0.0)",2
4949,20,5,0,"(0.02574414609450666, 0.0, 0.0, 0.0, 0.0, 0.038664151314593, 0.08380840797570269, 0.05015325966666236, 0.0, 0.0)",1
4950,20,5,6,"(0.03426039533065134, 0.011572197494497125, 0.0, 0.030181603934096246, 0.004418993270577083, 0.0, 0.019795240631728064, 0.0, 0.028146417112716555, 0.05874522297052942)",8
4951,20,5,6,"(0.03426039533065134, 0.012311531850029464, 0.0, 0.030181603934096246, 0.02154431537929578, 0.0, 0.019795240631728064, 0.0, 0.028146417112716555, 0.05874522297052942)",1
4952,20,5,6,"(0.03426039533065134, 0.011572197494497125, 0.0, 0.030181603934096246, 0.005422768956954101, 0.0, 0.019795240631728064, 0.0, 0.028146417112716555, 0.05874522297052942)",287
4953,20,6,0,"(0.07400250769571483, 0.0, 0.0, 0.0, 0.0, 0.017098731129875016, 0.128012122517445, 0.0691048466035698, 0.0, 0.0)",1
4954,20,6,0,"(0.07339720800171601, 0.0, 0.0, 0.0, 0.0, 0.018209257569642215, 0.08380840797570269, 0.0691048466035698, 0.0, 0.0)",1
4955,20,6,0,"(0.07400250769571483, 0.0, 0.0, 0.0, 0.0, 0.017098731129875016, 0.08380840797570269, 0.04994118015352689, 0.0, 0.0)",20
4956,20,6,0,"(0.07400250769571483, 0.0, 0.0, 0.0, 0.0, 0.013555343029059452, 0.18944068279732332, 0.1103157113848306, 0.0, 0.0)",1
4957,20,6,0,"(0.07400250769571483, 0.0, 0.0, 0.0, 0.0, 0.017098731129875016, 0.11739815242005704, 0.0691048466035698, 0.0, 0.0)",1
4958,20,6,0,"(0.07400250769571483, 0.0, 0.0, 0.0, 0.0, 0.017098731129875016, 0.08380840797570269, 0.0691048466035698, 0.0, 0.0)",205
4959,20,7,13,"(0.0, 0.02461978404713738, 0.023035932332134326, 0.0, 0.01810411441758469, 0.022173256981297827, 0.0, 0.0, 0.01089208668844536, 0.00476393156717078)",259
4960,20,7,13,"(0.0, 0.02461978404713738, 0.023501784398883327, 0.0, 0.053998657119877544, 0.022173256981297827, 0.0, 0.0, 0.01089208668844536, 0.00476393156717078)",1
4961,20,7,13,"(0.0, 0.02461978404713738, 0.023035932332134326, 0.0, 0.01810411441758469, 0.022173256981297827, 0.0, 0.0, 0.01089208668844536, 0.0016905395819624635)",1
4962,20,7,13,"(0.0, 0.02461978404713738, 0.023035932332134326, 0.0, 0.01810411441758469, 0.015916197307893867, 0.0, 0.0, 0.00832315041970753, 0.00476393156717078)",1
4963,20,7,13,"(0.0, 0.02461978404713738, 0.023035932332134326, 0.0, 0.01714674678465999, 0.022173256981297827, 0.0, 0.0, 0.01089208668844536, 0.00476393156717078)",2
4964,20,7,13,"(0.0, 0.02461978404713738, 0.022272252249877004, 0.0, 0.01810411441758469, 0.035325631435442074, 0.0, 0.0, 0.01089208668844536, 0.005790408763671432)",2
4965,20,7,13,"(0.0, 0.02461978404713738, 0.026944091283223337, 0.0, 0.01810411441758469, 0.022173256981297827, 0.0, 0.0, 0.01089208668844536, 0.00476393156717078)",2
4966,20,7,13,"(0.0, 0.02461978404713738, 0.026471135664267897, 0.0, 0.01810411441758469, 0.018459672369794542, 0.0, 0.0, 0.01089208668844536, 0.00476393156717078)",1
4967,20,7,13,"(0.0, 0.02461978404713738, 0.023035932332134326, 0.0, 0.01810411441758469, 0.022173256981297827, 0.0, 0.0, 0.01089208668844536, 0.008530043719609259)",1
4968,20,7,13,"(0.0, 0.02461978404713738, 0.023035932332134326, 0.0, 0.01810411441758469, 0.039904278518015555, 0.0, 0.0, 0.01089208668844536, 0.00476393156717078)",20
4969,20,8,6,"(0.03656180599521727, 0.011572197494497125, 0.0, 0.030181603934096246, 0.005422768956954101, 0.0, 0.02084646300026537, 0.0, 0.028146417112716555, 0.07893854893377589)",18
4970,20,8,6,"(0.03656180599521727, 0.011572197494497125, 0.0, 0.030181603934096246, 0.005422768956954101, 0.0, 0.02084646300026537, 0.0, 0.028146417112716555, 0.05874522297052942)",112
4971,20,8,6,"(0.03656180599521727, 0.0128190357640202, 0.0, 0.030181603934096246, 0.005422768956954101, 0.0, 0.02297320065412716, 0.0, 0.028146417112716555, 0.05874522297052942)",1
4972,20,8,11,"(0.0, 0.0, 0.09864539577037362, 0.01650583712158267, 0.0, 0.030645849071221472, 0.16773790467281977, 0.04118381377133975, 0.026121609841380632, 0.0)",16
4973,20,8,11,"(0.0, 0.0, 0.09864539577037362, 0.02150422363422624, 0.0, 0.030645849071221472, 0.16773790467281977, 0.0386197297757742, 0.026121609841380632, 0.0)",6
4974,20,8,11,"(0.0, 0.0, 0.09864539577037362, 0.02418945994636331, 0.0, 0.030645849071221472, 0.16773790467281977, 0.05487587528261972, 0.026121609841380632, 0.0)",1
4975,20,8,11,"(0.0, 0.0, 0.09864539577037362, 0.02150422363422624, 0.0, 0.030645849071221472, 0.16773790467281977, 0.05487587528261972, 0.026121609841380632, 0.0)",167
4976,20,8,11,"(0.0, 0.0, 0.12590179520418987, 0.01650583712158267, 0.0, 0.030645849071221472, 0.16773790467281977, 0.05487587528261972, 0.026121609841380632, 0.0)",8
4977,20,8,11,"(0.0, 0.0, 0.09864539577037362, 0.01650583712158267, 0.0, 0.030645849071221472, 0.15559448027282283, 0.05487587528261972, 0.026121609841380632, 0.0)",1
4978,20,8,11,"(0.0, 0.0, 0.09864539577037362, 0.01650583712158267, 0.0, 0.04705839311170495, 0.15813714709707533, 0.05260649271805405, 0.029640456202834793, 0.0)",6
4979,20,8,11,"(0.0, 0.0, 0.09864539577037362, 0.03289815454646695, 0.0, 0.030645849071221472, 0.16773790467281977, 0.05487587528261972, 0.026121609841380632, 0.0)",32
4980,20,8,11,"(0.0, 0.0, 0.09864539577037362, 0.01650583712158267, 0.0, 0.030645849071221472, 0.16773790467281977, 0.05487587528261972, 0.026121609841380632, 0.0)",182
4981,20,9,11,"(0.0, 0.0, 0.09864539577037362, 0.01650583712158267, 0.0, 0.030645849071221472, 0.16243652964526273, 0.08028238650273146, 0.026121609841380632, 0.0)",292
4982,20,9,11,"(0.0, 0.0, 0.09864539577037362, 0.014196034869520585, 0.0, 0.030645849071221472, 0.16243652964526273, 0.08028238650273146, 0.026121609841380632, 0.0)",1
4983,20,9,11,"(0.0, 0.0, 0.11650725745115434, 0.01650583712158267, 0.0, 0.030645849071221472, 0.16243652964526273, 0.08028238650273146, 0.026121609841380632, 0.0)",4
4984,20,9,11,"(0.0, 0.0, 0.09864539577037362, 0.029219870438761193, 0.0, 0.030645849071221472, 0.16243652964526273, 0.08028238650273146, 0.04026699913544184, 0.0)",1
4985,20,9,11,"(0.0, 0.0, 0.09864539577037362, 0.018837361160961574, 0.0, 0.030645849071221472, 0.16243652964526273, 0.08028238650273146, 0.026121609841380632, 0.0)",9
4986,20,9,11,"(0.0, 0.0, 0.09864539577037362, 0.01650583712158267, 0.0, 0.030645849071221472, 0.16243652964526273, 0.04190634081949974, 0.026121609841380632, 0.0)",2
4987,20,9,11,"(0.0, 0.0, 0.09864539577037362, 0.010920194806094578, 0.0, 0.030645849071221472, 0.16243652964526273, 0.08028238650273146, 0.04010072209076829, 0.0)",1
4988,20,9,11,"(0.0, 0.0, 0.09864539577037362, 0.01650583712158267, 0.0, 0.030645849071221472, 0.16243652964526273, 0.056811114688217666, 0.026121609841380632, 0.0)",2
4989,20,9,11,"(0.0, 0.0, 0.07227617860865089, 0.013312265021719139, 0.0, 0.030645849071221472, 0.16243652964526273, 0.08048309314505803, 0.026121609841380632, 0.0)",2
4990,20,9,11,"(0.0, 0.0, 0.11755819882518005, 0.01650583712158267, 0.0, 0.02375279233445006, 0.16773790467281977, 0.08028238650273146, 0.026121609841380632, 0.0)",159
4991,20,9,11,"(0.0, 0.0, 0.09864539577037362, 0.01650583712158267, 0.0, 0.030645849071221472, 0.20216619818148698, 0.08028238650273146, 0.026121609841380632, 0.0)",18
4992,20,9,11,"(0.0, 0.0, 0.11755819882518005, 0.01650583712158267, 0.0, 0.008524638194857631, 0.16773790467281977, 0.08028238650273146, 0.026121609841380632, 0.0)",23
4993,20,9,11,"(0.0, 0.0, 0.11755819882518005, 0.035077270147515494, 0.0, 0.008524638194857631, 0.16773790467281977, 0.08028238650273146, 0.025603989834327524, 0.0)",1
4994,20,9,11,"(0.0, 0.0, 0.07227617860865089, 0.01650583712158267, 0.0, 0.030645849071221472, 0.16243652964526273, 0.08028238650273146, 0.026121609841380632, 0.0)",38
4995,20,9,11,"(0.0, 0.0, 0.09864539577037362, 0.01650583712158267, 0.0, 0.030645849071221472, 0.3192291076913019, 0.07055233014171863, 0.026121609841380632, 0.0)",2
4996,20,9,11,"(0.0, 0.0, 0.09864539577037362, 0.010920194806094578, 0.0, 0.030645849071221472, 0.16243652964526273, 0.08028238650273146, 0.026121609841380632, 0.0)",33
4997,20,9,11,"(0.0, 0.0, 0.14727347646585384, 0.01650583712158267, 0.0, 0.030645849071221472, 0.16243652964526273, 0.08028238650273146, 0.026121609841380632, 0.0)",1
4998,20,10,13,"(0.0, 0.02461978404713738, 0.023035932332134326, 0.0, 0.01810411441758469, 0.022173256981297827, 0.0, 0.0, 0.01089208668844536, 0.00476393156717078)",327
4999,20,10,13,"(0.0, 0.02461978404713738, 0.023035932332134326, 0.0, 0.01810411441758469, 0.022173256981297827, 0.0, 0.0, 0.01089208668844536, 0.007063005002612087)",1
5000,20,10,13,"(0.0, 0.02461978404713738, 0.023035932332134326, 0.0, 0.01810411441758469, 0.022173256981297827, 0.0, 0.0, 0.01089208668844536, 0.004852203790173069)",10
5001,20,10,13,"(0.0, 0.02461978404713738, 0.023035932332134326, 0.0, 0.01810411441758469, 0.012383706023013915, 0.0, 0.0, 0.01089208668844536, 0.00476393156717078)",2
5002,20,10,13,"(0.0, 0.02529402658534671, 0.023035932332134326, 0.0, 0.01810411441758469, 0.022173256981297827, 0.0, 0.0, 0.01089208668844536, 0.00476393156717078)",1
5003,20,10,13,"(0.0, 0.02461978404713738, 0.023035932332134326, 0.0, 0.01810411441758469, 0.022173256981297827, 0.0, 0.0, 0.016264927121140207, 0.00476393156717078)",1
5004,20,10,13,"(0.0, 0.023987126153306986, 0.02399276552484648, 0.0, 0.01810411441758469, 0.022173256981297827, 0.0, 0.0, 0.01089208668844536, 0.00476393156717078)",1
5005,20,10,13,"(0.0, 0.03807768267114971, 0.023035932332134326, 0.0, 0.01810411441758469, 0.022173256981297827, 0.0, 0.0, 0.01089208668844536, 0.006726639710496948)",1
5006,20,11,13,"(0.0, 0.02461978404713738, 0.023035932332134326, 0.0, 0.01810411441758469, 0.022173256981297827, 0.0, 0.0, 0.01089208668844536, 0.00476393156717078)",307
5007,20,11,13,"(0.0, 0.02461978404713738, 0.023035932332134326, 0.0, 0.01810411441758469, 0.022173256981297827, 0.0, 0.0, 0.010779259963462306, 0.00476393156717078)",1
5008,20,11,13,"(0.0, 0.02461978404713738, 0.023035932332134326, 0.0, 0.017601010595336603, 0.022173256981297827, 0.0, 0.0, 0.01089208668844536, 0.00476393156717078)",2
5009,20,11,13,"(0.0, 0.02461978404713738, 0.023035932332134326, 0.0, 0.03485391938892101, 0.022173256981297827, 0.0, 0.0, 0.01089208668844536, 0.00476393156717078)",1
5010,20,11,13,"(0.0, 0.02461978404713738, 0.023035932332134326, 0.0, 0.01810411441758469, 0.021837172974503077, 0.0, 0.0, 0.01089208668844536, 0.00476393156717078)",2
5011,20,11,13,"(0.0, 0.031200732580365077, 0.023035932332134326, 0.0, 0.01810411441758469, 0.022173256981297827, 0.0, 0.0, 0.01089208668844536, 0.00476393156717078)",9
5012,20,11,13,"(0.0, 0.02461978404713738, 0.023035932332134326, 0.0, 0.017924516386120852, 0.022173256981297827, 0.0, 0.0, 0.01089208668844536, 0.00476393156717078)",6
5013,20,11,13,"(0.0, 0.02461978404713738, 0.023035932332134326, 0.0, 0.01810411441758469, 0.022173256981297827, 0.0, 0.0, 0.01089208668844536, 0.0033759072974192247)",4
5014,20,12,8,"(0.3328212303158447, 0.046525949225991035, 0.0, 0.0, 0.04573034632799446, 0.0, 0.08319516954615302, 0.1116381245929446, 0.0, 0.0)",4
5015,20,12,8,"(0.19235562551390653, 0.046525949225991035, 0.0, 0.0, 0.07222973603591547, 0.0, 0.08319516954615302, 0.1116381245929446, 0.0, 0.0)",64
5016,20,12,8,"(0.19235562551390653, 0.038097156657382246, 0.0, 0.0, 0.04573034632799446, 0.0, 0.08319516954615302, 0.1116381245929446, 0.0, 0.0)",2
5017,20,12,8,"(0.19235562551390653, 0.046525949225991035, 0.0, 0.0, 0.04573034632799446, 0.0, 0.08319516954615302, 0.1116381245929446, 0.0, 0.0)",226
5018,20,12,8,"(0.19235562551390653, 0.046525949225991035, 0.0, 0.0, 0.04573034632799446, 0.0, 0.06554533266124946, 0.1116381245929446, 0.0, 0.0)",1
5019,20,12,10,"(0.07734904686468291, 0.04623591114672434, 0.09682940930282144, 0.0017773360538905325, 0.0, 0.06291875767155253, 0.0, 0.10994488928074131, 0.0, 0.0)",5
5020,20,12,10,"(0.07734904686468291, 0.06927916245295945, 0.09682940930282144, 0.0017773360538905325, 0.0, 0.06291875767155253, 0.0, 0.10994488928074131, 0.0, 0.0)",51
5021,20,12,10,"(0.07734904686468291, 0.09870766302331575, 0.15264954233353364, 0.0017773360538905325, 0.0, 0.06291875767155253, 0.0, 0.12909268688834244, 0.0, 0.0)",1
5022,20,12,10,"(0.03550653097490399, 0.06927916245295945, 0.09682940930282144, 0.0017773360538905325, 0.0, 0.06291875767155253, 0.0, 0.14778179845826908, 0.0, 0.0)",1
5023,20,12,10,"(0.03550653097490399, 0.06927916245295945, 0.09682940930282144, 0.0017773360538905325, 0.0, 0.06291875767155253, 0.0, 0.10994488928074131, 0.0, 0.0)",188
5024,20,12,10,"(0.03550653097490399, 0.06927916245295945, 0.1395268289422068, 0.0017773360538905325, 0.0, 0.06291875767155253, 0.0, 0.10994488928074131, 0.0, 0.0)",3
5025,20,12,10,"(0.03550653097490399, 0.06927916245295945, 0.09682940930282144, 0.0017773360538905325, 0.0, 0.06291875767155253, 0.0, 0.08304436527775376, 0.0, 0.0)",1
5026,20,13,6,"(0.03426039533065134, 0.011572197494497125, 0.0, 0.030181603934096246, 0.005422768956954101, 0.0, 0.019795240631728064, 0.0, 0.01910328089108028, 0.10316802756112489)",62
5027,20,13,6,"(0.03426039533065134, 0.011572197494497125, 0.0, 0.030181603934096246, 0.005422768956954101, 0.0, 0.019795240631728064, 0.0, 0.028146417112716555, 0.05874522297052942)",110
5028,20,13,6,"(0.04987458645900926, 0.011572197494497125, 0.0, 0.030181603934096246, 0.005422768956954101, 0.0, 0.019795240631728064, 0.0, 0.028146417112716555, 0.05874522297052942)",1
5029,20,13,6,"(0.03426039533065134, 0.011572197494497125, 0.0, 0.030181603934096246, 0.005422768956954101, 0.0, 0.019795240631728064, 0.0, 0.01910328089108028, 0.08997075011093887)",2
5030,20,13,6,"(0.03426039533065134, 0.011572197494497125, 0.0, 0.030181603934096246, 0.005422768956954101, 0.0, 0.022991554461753477, 0.0, 0.01910328089108028, 0.06950942393135823)",1
5031,20,13,6,"(0.03426039533065134, 0.018065865368096366, 0.0, 0.030181603934096246, 0.005422768956954101, 0.0, 0.019795240631728064, 0.0, 0.028146417112716555, 0.05874522297052942)",1
5032,20,14,11,"(0.0, 0.0, 0.09864539577037362, 0.01650583712158267, 0.0, 0.030645849071221472, 0.16773790467281977, 0.046237642847009, 0.026121609841380632, 0.0)",218
5033,20,14,13,"(0.0, 0.02461978404713738, 0.025708039147581553, 0.0, 0.01810411441758469, 0.022173256981297827, 0.0, 0.0, 0.01089208668844536, 0.00476393156717078)",32
5034,20,14,13,"(0.0, 0.03554454370047753, 0.025708039147581553, 0.0, 0.01810411441758469, 0.02113779756324043, 0.0, 0.0, 0.01089208668844536, 0.00476393156717078)",6
5035,20,14,13,"(0.0, 0.02461978404713738, 0.023035932332134326, 0.0, 0.01810411441758469, 0.022173256981297827, 0.0, 0.0, 0.01089208668844536, 0.00476393156717078)",240
5036,20,14,13,"(0.0, 0.02461978404713738, 0.023035932332134326, 0.0, 0.016744980561942336, 0.022173256981297827, 0.0, 0.0, 0.01089208668844536, 0.004770820907532002)",1
5037,20,14,13,"(0.0, 0.02461978404713738, 0.023035932332134326, 0.0, 0.01810411441758469, 0.01876923469095322, 0.0, 0.0, 0.01089208668844536, 0.00476393156717078)",34
5038,20,14,13,"(0.0, 0.02461978404713738, 0.023035932332134326, 0.0, 0.01810411441758469, 0.022173256981297827, 0.0, 0.0, 0.01089208668844536, 0.005091980970331784)",3
5039,20,14,13,"(0.0, 0.02461978404713738, 0.023035932332134326, 0.0, 0.01810411441758469, 0.02158263044803816, 0.0, 0.0, 0.01089208668844536, 0.00476393156717078)",1
5040,20,15,11,"(0.0, 0.0, 0.11839367174953695, 0.01650583712158267, 0.0, 0.023946840517116028, 0.16773790467281977, 0.0404147798164449, 0.026121609841380632, 0.0)",1
5041,20,15,11,"(0.0, 0.0, 0.11839367174953695, 0.01650583712158267, 0.0, 0.04559624040835507, 0.16773790467281977, 0.0404147798164449, 0.026121609841380632, 0.0)",1
5042,20,15,11,"(0.0, 0.0, 0.11839367174953695, 0.01650583712158267, 0.0, 0.030645849071221472, 0.16773790467281977, 0.0404147798164449, 0.026121609841380632, 0.0)",587
5043,20,15,11,"(0.0, 0.0, 0.11839367174953695, 0.01650583712158267, 0.0, 0.030645849071221472, 0.16773790467281977, 0.0404147798164449, 0.018922542712937498, 0.0)",2
5044,20,15,11,"(0.0, 0.0, 0.11839367174953695, 0.01650583712158267, 0.0, 0.030645849071221472, 0.16773790467281977, 0.09031019185731913, 0.026121609841380632, 0.0)",1
5045,20,15,11,"(0.0, 0.0, 0.17035530767135137, 0.01650583712158267, 0.0, 0.030645849071221472, 0.14234372845559007, 0.0404147798164449, 0.026121609841380632, 0.0)",1
5046,20,15,11,"(0.0, 0.0, 0.1206631628777335, 0.01650583712158267, 0.0, 0.030645849071221472, 0.16773790467281977, 0.02755337733854258, 0.013213580600982827, 0.0)",1
5047,20,15,11,"(0.0, 0.0, 0.11839367174953695, 0.01650583712158267, 0.0, 0.01985322257459236, 0.13625139876973155, 0.0404147798164449, 0.026121609841380632, 0.0)",7
5048,20,15,11,"(0.0, 0.0, 0.11839367174953695, 0.01650583712158267, 0.0, 0.030645849071221472, 0.16773790467281977, 0.0404147798164449, 0.025746589746313032, 0.0)",4
5049,20,15,11,"(0.0, 0.0, 0.11839367174953695, 0.01650583712158267, 0.0, 0.030645849071221472, 0.16773790467281977, 0.053817193196360025, 0.026121609841380632, 0.0)",7
5050,20,15,11,"(0.0, 0.0, 0.11839367174953695, 0.01650583712158267, 0.0, 0.03738280483634294, 0.16773790467281977, 0.0404147798164449, 0.026121609841380632, 0.0)",3
5051,20,15,11,"(0.0, 0.0, 0.11839367174953695, 0.01650583712158267, 0.0, 0.032772453222380975, 0.16773790467281977, 0.0404147798164449, 0.026121609841380632, 0.0)",22
5052,20,15,11,"(0.0, 0.0, 0.11839367174953695, 0.01650583712158267, 0.0, 0.030645849071221472, 0.16773790467281977, 0.0679039314352363, 0.026121609841380632, 0.0)",3
5053,20,16,1,"(0.0, 0.0, 0.041406372128065916, 0.0, 0.0, 0.02496148088192284, 0.0, 0.0, 0.0, 0.09965925051150999)",1
5054,20,16,1,"(0.0, 0.0, 0.041406372128065916, 0.0, 0.0, 0.0199117526153351, 0.0, 0.0, 0.0, 0.22630393691091125)",2
5055,20,16,1,"(0.0, 0.0, 0.026068191981994518, 0.0, 0.0, 0.0199117526153351, 0.0, 0.0, 0.0, 0.09596442675314401)",1
5056,20,16,1,"(0.0, 0.0, 0.041406372128065916, 0.0, 0.0, 0.019078487761882416, 0.0, 0.0, 0.0, 0.09965925051150999)",33
5057,20,16,1,"(0.0, 0.0, 0.039902709805644095, 0.0, 0.0, 0.015368730053390489, 0.0, 0.0, 0.0, 0.10444511486155912)",3
5058,20,16,1,"(0.0, 0.0, 0.03663680434103691, 0.0, 0.0, 0.0116131145436554, 0.0, 0.0, 0.0, 0.09965925051150999)",1
5059,20,16,1,"(0.0, 0.0, 0.041406372128065916, 0.0, 0.0, 0.01976425893772843, 0.0, 0.0, 0.0, 0.09965925051150999)",3
5060,20,16,1,"(0.0, 0.0, 0.05699867967376099, 0.0, 0.0, 0.0199117526153351, 0.0, 0.0, 0.0, 0.09965925051150999)",2
5061,20,16,1,"(0.0, 0.0, 0.047556623907616676, 0.0, 0.0, 0.03121966190218093, 0.0, 0.0, 0.0, 0.09965925051150999)",1
5062,20,16,1,"(0.0, 0.0, 0.041406372128065916, 0.0, 0.0, 0.0199117526153351, 0.0, 0.0, 0.0, 0.09965925051150999)",642
5063,20,16,1,"(0.0, 0.0, 0.06279942309812324, 0.0, 0.0, 0.0199117526153351, 0.0, 0.0, 0.0, 0.09965925051150999)",1
5064,20,16,1,"(0.0, 0.0, 0.041406372128065916, 0.0, 0.0, 0.017153199608859564, 0.0, 0.0, 0.0, 0.05730805193529771)",1
5065,20,16,1,"(0.0, 0.0, 0.03171772071129001, 0.0, 0.0, 0.029226936708265542, 0.0, 0.0, 0.0, 0.09965925051150999)",12
5066,20,16,1,"(0.0, 0.0, 0.03999940432489887, 0.0, 0.0, 0.0199117526153351, 0.0, 0.0, 0.0, 0.09965925051150999)",3
5067,20,16,8,"(0.16507889091742442, 0.046525949225991035, 0.0, 0.0, 0.07022106556493442, 0.0, 0.08319516954615302, 0.1116381245929446, 0.0, 0.0)",243
5068,20,16,8,"(0.13821668901339282, 0.046525949225991035, 0.0, 0.0, 0.07022106556493442, 0.0, 0.08319516954615302, 0.1116381245929446, 0.0, 0.0)",1
5069,20,17,1,"(0.0, 0.0, 0.10922905711608999, 0.0, 0.0, 0.07586219177438512, 0.0, 0.0, 0.0, 0.0910060267578522)",2
5070,20,17,1,"(0.0, 0.0, 0.10922905711608999, 0.0, 0.0, 0.030018978917809972, 0.0, 0.0, 0.0, 0.1393550957345496)",4
5071,20,17,1,"(0.0, 0.0, 0.10922905711608999, 0.0, 0.0, 0.020028483873845416, 0.0, 0.0, 0.0, 0.06325470991892135)",1
5072,20,17,1,"(0.0, 0.0, 0.10922905711608999, 0.0, 0.0, 0.03351926517208334, 0.0, 0.0, 0.0, 0.06484038130325889)",2
5073,20,17,1,"(0.0, 0.0, 0.10922905711608999, 0.0, 0.0, 0.030018978917809972, 0.0, 0.0, 0.0, 0.0910060267578522)",644
5074,20,17,1,"(0.0, 0.0, 0.10922905711608999, 0.0, 0.0, 0.03188805222454349, 0.0, 0.0, 0.0, 0.0910060267578522)",3
5075,20,17,1,"(0.0, 0.0, 0.12436946518458035, 0.0, 0.0, 0.021292869627607774, 0.0, 0.0, 0.0, 0.0910060267578522)",3
5076,20,17,1,"(0.0, 0.0, 0.10922905711608999, 0.0, 0.0, 0.01604859107184618, 0.0, 0.0, 0.0, 0.0910060267578522)",1
5077,20,17,1,"(0.0, 0.0, 0.10922905711608999, 0.0, 0.0, 0.02990918318209273, 0.0, 0.0, 0.0, 0.0910060267578522)",1
5078,20,17,1,"(0.0, 0.0, 0.10046961303751278, 0.0, 0.0, 0.05549814914123196, 0.0, 0.0, 0.0, 0.10227158795650777)",3
5079,20,17,1,"(0.0, 0.0, 0.20644203853841206, 0.0, 0.0, 0.03520006334218529, 0.0, 0.0, 0.0, 0.0910060267578522)",4
5080,20,17,1,"(0.0, 0.0, 0.14389556644686322, 0.0, 0.0, 0.030018978917809972, 0.0, 0.0, 0.0, 0.0910060267578522)",4
5081,20,17,1,"(0.0, 0.0, 0.10922905711608999, 0.0, 0.0, 0.03520006334218529, 0.0, 0.0, 0.0, 0.0910060267578522)",37
5082,20,17,1,"(0.0, 0.0, 0.20525826500491998, 0.0, 0.0, 0.030018978917809972, 0.0, 0.0, 0.0, 0.0910060267578522)",2
5083,20,17,8,"(0.19235562551390653, 0.04632028014141928, 0.0, 0.0, 0.07022106556493442, 0.0, 0.08319516954615302, 0.1116381245929446, 0.0, 0.0)",241
5084,20,17,8,"(0.19235562551390653, 0.03850846194339138, 0.0, 0.0, 0.07022106556493442, 0.0, 0.08319516954615302, 0.1116381245929446, 0.0, 0.0)",2
5085,20,17,8,"(0.16501711616817613, 0.04632028014141928, 0.0, 0.0, 0.07022106556493442, 0.0, 0.08319516954615302, 0.1116381245929446, 0.0, 0.0)",2
5086,20,17,8,"(0.19235562551390653, 0.04632028014141928, 0.0, 0.0, 0.07022106556493442, 0.0, 0.08319516954615302, 0.07032245944545551, 0.0, 0.0)",1
5087,20,17,8,"(0.19235562551390653, 0.04632028014141928, 0.0, 0.0, 0.06497602604053214, 0.0, 0.08319516954615302, 0.1116381245929446, 0.0, 0.0)",4
5088,20,17,8,"(0.24699364935019721, 0.04632028014141928, 0.0, 0.0, 0.07022106556493442, 0.0, 0.08319516954615302, 0.1116381245929446, 0.0, 0.0)",1
5089,20,17,8,"(0.19235562551390653, 0.02440107949877491, 0.0, 0.0, 0.07022106556493442, 0.0, 0.08319516954615302, 0.1116381245929446, 0.0, 0.0)",1
5090,20,17,8,"(0.19235562551390653, 0.041706596485448014, 0.0, 0.0, 0.07022106556493442, 0.0, 0.08319516954615302, 0.2604813315500366, 0.0, 0.0)",3
5091,20,17,8,"(0.19235562551390653, 0.04632028014141928, 0.0, 0.0, 0.07022106556493442, 0.0, 0.048134319589288585, 0.1116381245929446, 0.0, 0.0)",1
5092,20,18,10,"(0.07734904686468291, 0.06927916245295945, 0.09682940930282144, 0.0017773360538905325, 0.0, 0.06291875767155253, 0.0, 0.10994488928074131, 0.0, 0.0)",176
5093,20,18,11,"(0.0, 0.0, 0.09864539577037362, 0.014858093840012061, 0.0, 0.03150275214907511, 0.13038533056739307, 0.08262367485445689, 0.026121609841380632, 0.0)",2
5094,20,18,11,"(0.0, 0.0, 0.09864539577037362, 0.01650583712158267, 0.0, 0.030645849071221472, 0.16773790467281977, 0.08028238650273146, 0.02873308956446372, 0.0)",303
5095,20,18,11,"(0.0, 0.0, 0.08898107447558858, 0.01650583712158267, 0.0, 0.03150275214907511, 0.13038533056739307, 0.08028238650273146, 0.026121609841380632, 0.0)",127
5096,20,18,11,"(0.0, 0.0, 0.08898107447558858, 0.01650583712158267, 0.0, 0.03150275214907511, 0.13038533056739307, 0.15221845730886369, 0.026121609841380632, 0.0)",2
5097,20,18,11,"(0.0, 0.0, 0.09864539577037362, 0.009911019188796806, 0.0, 0.030645849071221472, 0.16773790467281977, 0.08028238650273146, 0.02873308956446372, 0.0)",10
5098,20,18,11,"(0.0, 0.0, 0.09864539577037362, 0.01650583712158267, 0.0, 0.030645849071221472, 0.1621920954871292, 0.08028238650273146, 0.02873308956446372, 0.0)",1
5099,20,18,11,"(0.0, 0.0, 0.09864539577037362, 0.01650583712158267, 0.0, 0.03150275214907511, 0.13038533056739307, 0.08028238650273146, 0.026121609841380632, 0.0)",128
5100,20,18,11,"(0.0, 0.0, 0.09864539577037362, 0.01650583712158267, 0.0, 0.030645849071221472, 0.16773790467281977, 0.08028238650273146, 0.020108621469095485, 0.0)",20
5101,20,18,11,"(0.0, 0.0, 0.08898107447558858, 0.01650583712158267, 0.0, 0.03150275214907511, 0.13038533056739307, 0.08028238650273146, 0.033371685716163474, 0.0)",9
5102,20,19,0,"(0.07754623471305745, 0.0, 0.0, 0.0, 0.0, 0.01846547133008375, 0.08380840797570269, 0.0691048466035698, 0.0, 0.0)",2
5103,20,19,0,"(0.07400250769571483, 0.0, 0.0, 0.0, 0.0, 0.017098731129875016, 0.08380840797570269, 0.0691048466035698, 0.0, 0.0)",97
5104,20,19,0,"(0.07400250769571483, 0.0, 0.0, 0.0, 0.0, 0.017098731129875016, 0.08380840797570269, 0.09394160835018349, 0.0, 0.0)",4
5105,20,19,13,"(0.0, 0.02461978404713738, 0.01795100139859697, 0.0, 0.0339151371952578, 0.022173256981297827, 0.0, 0.0, 0.01089208668844536, 0.004057455442118049)",1
5106,20,19,13,"(0.0, 0.012457761639340802, 0.023035932332134326, 0.0, 0.01810411441758469, 0.02921678392339223, 0.0, 0.0, 0.01089208668844536, 0.004817790824011373)",1
5107,20,19,13,"(0.0, 0.02461978404713738, 0.023035932332134326, 0.0, 0.01810411441758469, 0.022098480945800206, 0.0, 0.0, 0.01089208668844536, 0.00476393156717078)",1
5108,20,19,13,"(0.0, 0.02461978404713738, 0.023035932332134326, 0.0, 0.01810411441758469, 0.022173256981297827, 0.0, 0.0, 0.01089208668844536, 0.00476393156717078)",239
5109,20,19,13,"(0.0, 0.02461978404713738, 0.02854889880588384, 0.0, 0.01810411441758469, 0.022173256981297827, 0.0, 0.0, 0.009218064816670637, 0.00476393156717078)",1
5110,20,19,13,"(0.0, 0.02461978404713738, 0.028094383779058894, 0.0, 0.01810411441758469, 0.022173256981297827, 0.0, 0.0, 0.01089208668844536, 0.00476393156717078)",1
5111,20,19,13,"(0.0, 0.02461978404713738, 0.023035932332134326, 0.0, 0.017705099059686705, 0.022173256981297827, 0.0, 0.0, 0.01089208668844536, 0.00476393156717078)",1
5112,20,20,10,"(0.07734904686468291, 0.06927916245295945, 0.18325907656169405, 0.004392507918569801, 0.0, 0.032928409135395596, 0.0, 0.10994488928074131, 0.0, 0.0)",2
5113,20,20,10,"(0.07734904686468291, 0.06927916245295945, 0.09682940930282144, 0.0017773360538905325, 0.0, 0.06291875767155253, 0.0, 0.10994488928074131, 0.0, 0.0)",116
5114,20,20,10,"(0.07734904686468291, 0.06927916245295945, 0.09682940930282144, 0.0018202251228012314, 0.0, 0.06291875767155253, 0.0, 0.10994488928074131, 0.0, 0.0)",2
5115,20,20,11,"(0.0, 0.0, 0.08014159865348675, 0.013017905948117985, 0.0, 0.030645849071221472, 0.09572491856946197, 0.08028238650273146, 0.036485718580663774, 0.0)",4
5116,20,20,11,"(0.0, 0.0, 0.03664497950459847, 0.01650583712158267, 0.0, 0.02548938439096223, 0.09572491856946197, 0.08028238650273146, 0.05052588654381646, 0.0)",1
5117,20,20,11,"(0.0, 0.0, 0.08014159865348675, 0.01650583712158267, 0.0, 0.030645849071221472, 0.07328463665058986, 0.08028238650273146, 0.036485718580663774, 0.0)",3
5118,20,20,11,"(0.0, 0.0, 0.08014159865348675, 0.01650583712158267, 0.0, 0.030645849071221472, 0.09572491856946197, 0.08028238650273146, 0.036485718580663774, 0.0)",111
5119,20,20,11,"(0.0, 0.0, 0.08014159865348675, 0.01650583712158267, 0.0, 0.030645849071221472, 0.0904052373395422, 0.08028238650273146, 0.036485718580663774, 0.0)",1
5120,20,20,11,"(0.0, 0.0, 0.03664497950459847, 0.01650583712158267, 0.0, 0.02548938439096223, 0.09572491856946197, 0.08028238650273146, 0.036485718580663774, 0.0)",366
5121,20,20,11,"(0.0, 0.0, 0.09864539577037362, 0.01650583712158267, 0.0, 0.030645849071221472, 0.09252139805958623, 0.08028238650273146, 0.036485718580663774, 0.0)",68
5122,20,20,11,"(0.0, 0.0, 0.03664497950459847, 0.01650583712158267, 0.0, 0.02548938439096223, 0.12149500356748141, 0.08028238650273146, 0.036485718580663774, 0.0)",24
5123,20,20,11,"(0.0, 0.0, 0.022725448092863205, 0.01650583712158267, 0.0, 0.02548938439096223, 0.09572491856946197, 0.08028238650273146, 0.036485718580663774, 0.0)",1
5124,21,0,6,"(0.03426039533065134, 0.011572197494497125, 0.0, 0.030181603934096246, 0.005422768956954101, 0.0, 0.019795240631728064, 0.0, 0.028146417112716555, 0.05874522297052942)",209
5125,21,0,11,"(0.0, 0.0, 0.06200374261520503, 0.010654525538403636, 0.0, 0.030645849071221472, 0.14737240054383122, 0.08028238650273146, 0.026121609841380632, 0.0)",2
5126,21,0,11,"(0.0, 0.0, 0.06200374261520503, 0.03398377638950845, 0.0, 0.030645849071221472, 0.13165730517490004, 0.08028238650273146, 0.026121609841380632, 0.0)",2
5127,21,0,11,"(0.0, 0.0, 0.04169522659952404, 0.010654525538403636, 0.0, 0.030645849071221472, 0.16773790467281977, 0.08028238650273146, 0.026121609841380632, 0.0)",78
5128,21,0,11,"(0.0, 0.0, 0.06200374261520503, 0.010654525538403636, 0.0, 0.030645849071221472, 0.16773790467281977, 0.08028238650273146, 0.054637662265966086, 0.0)",1
5129,21,0,11,"(0.0, 0.0, 0.06200374261520503, 0.010654525538403636, 0.0, 0.030645849071221472, 0.16773790467281977, 0.08028238650273146, 0.026121609841380632, 0.0)",231
5130,21,0,11,"(0.0, 0.0, 0.06200374261520503, 0.010654525538403636, 0.0, 0.026303865652365255, 0.17466915037887565, 0.08028238650273146, 0.026121609841380632, 0.0)",3
5131,21,1,6,"(0.03426039533065134, 0.011572197494497125, 0.0, 0.030181603934096246, 0.005422768956954101, 0.0, 0.019795240631728064, 0.0, 0.028146417112716555, 0.040680185486030966)",1
5132,21,1,6,"(0.03426039533065134, 0.011572197494497125, 0.0, 0.030181603934096246, 0.005422768956954101, 0.0, 0.019795240631728064, 0.0, 0.028146417112716555, 0.05874522297052942)",299
5133,21,1,6,"(0.018690380852894546, 0.011572197494497125, 0.0, 0.03762665338395412, 0.005422768956954101, 0.0, 0.019795240631728064, 0.0, 0.028146417112716555, 0.05874522297052942)",1
5134,21,1,8,"(0.07111035742329365, 0.046525949225991035, 0.0, 0.0, 0.07022106556493442, 0.0, 0.11288484000105638, 0.1415123366655704, 0.0, 0.0)",2
5135,21,1,8,"(0.07111035742329365, 0.046525949225991035, 0.0, 0.0, 0.051217346146779696, 0.0, 0.08319516954615302, 0.07570049526758289, 0.0, 0.0)",1
5136,21,1,8,"(0.07111035742329365, 0.046525949225991035, 0.0, 0.0, 0.05646700796250143, 0.0, 0.08319516954615302, 0.1879817070821923, 0.0, 0.0)",24
5137,21,1,8,"(0.07111035742329365, 0.046525949225991035, 0.0, 0.0, 0.07022106556493442, 0.0, 0.09391378640151349, 0.1415123366655704, 0.0, 0.0)",3
5138,21,1,8,"(0.07111035742329365, 0.046525949225991035, 0.0, 0.0, 0.07022106556493442, 0.0, 0.08319516954615302, 0.1415123366655704, 0.0, 0.0)",138
5139,21,1,8,"(0.07111035742329365, 0.08668181315000145, 0.0, 0.0, 0.07022106556493442, 0.0, 0.08319516954615302, 0.1415123366655704, 0.0, 0.0)",1
5140,21,1,8,"(0.07111035742329365, 0.046525949225991035, 0.0, 0.0, 0.051217346146779696, 0.0, 0.08319516954615302, 0.1415123366655704, 0.0, 0.0)",11
5141,21,2,13,"(0.0, 0.02461978404713738, 0.023035932332134326, 0.0, 0.00970885425506607, 0.013019362879815, 0.0, 0.0, 0.01089208668844536, 0.00476393156717078)",1
5142,21,2,13,"(0.0, 0.02461978404713738, 0.023035932332134326, 0.0, 0.010191782540827959, 0.025303431532111214, 0.0, 0.0, 0.01089208668844536, 0.00476393156717078)",1
5143,21,2,13,"(0.0, 0.02461978404713738, 0.023035932332134326, 0.0, 0.00970885425506607, 0.022173256981297827, 0.0, 0.0, 0.007460342885507234, 0.00476393156717078)",1
5144,21,2,13,"(0.0, 0.02461978404713738, 0.0592464906386276, 0.0, 0.00970885425506607, 0.022173256981297827, 0.0, 0.0, 0.01089208668844536, 0.00476393156717078)",2
5145,21,2,13,"(0.0, 0.02461978404713738, 0.023035932332134326, 0.0, 0.00970885425506607, 0.02981227028861966, 0.0, 0.0, 0.00880680422825879, 0.00476393156717078)",1
5146,21,2,13,"(0.0, 0.02461978404713738, 0.023035932332134326, 0.0, 0.00970885425506607, 0.022173256981297827, 0.0, 0.0, 0.01089208668844536, 0.00476393156717078)",315
5147,21,2,13,"(0.0, 0.02461978404713738, 0.018524393666579105, 0.0, 0.01810411441758469, 0.025902942973352733, 0.0, 0.0, 0.01089208668844536, 0.013701998218647865)",1
5148,21,2,13,"(0.0, 0.02461978404713738, 0.0374942347249018, 0.0, 0.00970885425506607, 0.022173256981297827, 0.0, 0.0, 0.01089208668844536, 0.00476393156717078)",3
5149,21,2,13,"(0.0, 0.02461978404713738, 0.023035932332134326, 0.0, 0.00970885425506607, 0.0245797164011036, 0.0, 0.0, 0.01089208668844536, 0.00476393156717078)",1
5150,21,2,13,"(0.0, 0.029533034760957182, 0.023035932332134326, 0.0, 0.00970885425506607, 0.022173256981297827, 0.0, 0.0, 0.01089208668844536, 0.00476393156717078)",1
5151,21,2,13,"(0.0, 0.02461978404713738, 0.018524393666579105, 0.0, 0.01810411441758469, 0.023798079581958984, 0.0, 0.0, 0.01089208668844536, 0.00476393156717078)",4
5152,21,2,13,"(0.0, 0.02461978404713738, 0.018524393666579105, 0.0, 0.01810411441758469, 0.025902942973352733, 0.0, 0.0, 0.01089208668844536, 0.00476393156717078)",19
5153,21,3,13,"(0.0, 0.02461978404713738, 0.023035932332134326, 0.0, 0.01810411441758469, 0.027774872959819185, 0.0, 0.0, 0.01089208668844536, 0.0024406349647482155)",1
5154,21,3,13,"(0.0, 0.02461978404713738, 0.023035932332134326, 0.0, 0.01810411441758469, 0.022173256981297827, 0.0, 0.0, 0.01089208668844536, 0.003546663739385097)",6
5155,21,3,13,"(0.0, 0.02461978404713738, 0.023035932332134326, 0.0, 0.008182289375743524, 0.022173256981297827, 0.0, 0.0, 0.01089208668844536, 0.0024406349647482155)",1
5156,21,3,13,"(0.0, 0.02901725807170277, 0.023035932332134326, 0.0, 0.01777820024887678, 0.036972125672713435, 0.0, 0.0, 0.01089208668844536, 0.0024406349647482155)",1
5157,21,3,13,"(0.0, 0.02461978404713738, 0.023035932332134326, 0.0, 0.01810411441758469, 0.022173256981297827, 0.0, 0.0, 0.00843614311500419, 0.0024406349647482155)",1
5158,21,3,13,"(0.0, 0.02461978404713738, 0.023035932332134326, 0.0, 0.01810411441758469, 0.03408252357191369, 0.0, 0.0, 0.020343962549414982, 0.0024406349647482155)",1
5159,21,3,13,"(0.0, 0.04374207985729143, 0.023035932332134326, 0.0, 0.01810411441758469, 0.013906865364401605, 0.0, 0.0, 0.005634863786912522, 0.0024406349647482155)",3
5160,21,3,13,"(0.0, 0.02461978404713738, 0.023035932332134326, 0.0, 0.01810411441758469, 0.022173256981297827, 0.0, 0.0, 0.01089208668844536, 0.0024406349647482155)",351
5161,21,3,13,"(0.0, 0.02784369422066453, 0.020094126072361967, 0.0, 0.01810411441758469, 0.022173256981297827, 0.0, 0.0, 0.01089208668844536, 0.0024406349647482155)",3
5162,21,3,13,"(0.0, 0.02461978404713738, 0.025916822790610507, 0.0, 0.01810411441758469, 0.022173256981297827, 0.0, 0.0, 0.01089208668844536, 0.0024406349647482155)",6
5163,21,4,11,"(0.0, 0.0, 0.10949262875182816, 0.01650583712158267, 0.0, 0.030645849071221472, 0.08153022673827125, 0.07240876560513207, 0.026121609841380632, 0.0)",1
5164,21,4,11,"(0.0, 0.0, 0.12467206999957502, 0.01650583712158267, 0.0, 0.030645849071221472, 0.08153022673827125, 0.07240876560513207, 0.026121609841380632, 0.0)",11
5165,21,4,11,"(0.0, 0.0, 0.09864539577037362, 0.01650583712158267, 0.0, 0.030645849071221472, 0.08153022673827125, 0.10557006004392416, 0.01192198631937438, 0.0)",1
5166,21,4,11,"(0.0, 0.0, 0.09864539577037362, 0.013395319185209394, 0.0, 0.030645849071221472, 0.08153022673827125, 0.07240876560513207, 0.026121609841380632, 0.0)",1
5167,21,4,11,"(0.0, 0.0, 0.09864539577037362, 0.01650583712158267, 0.0, 0.030645849071221472, 0.08153022673827125, 0.07240876560513207, 0.026121609841380632, 0.0)",496
5168,21,4,11,"(0.0, 0.0, 0.09386695632495005, 0.01650583712158267, 0.0, 0.030645849071221472, 0.08153022673827125, 0.07240876560513207, 0.026121609841380632, 0.0)",15
5169,21,4,11,"(0.0, 0.0, 0.09864539577037362, 0.01650583712158267, 0.0, 0.030645849071221472, 0.08153022673827125, 0.07240876560513207, 0.02354233291172801, 0.0)",1
5170,21,4,11,"(0.0, 0.0, 0.09864539577037362, 0.01650583712158267, 0.0, 0.033506800033468905, 0.08153022673827125, 0.07240876560513207, 0.03295453154962599, 0.0)",1
5171,21,4,11,"(0.0, 0.0, 0.09864539577037362, 0.01650583712158267, 0.0, 0.030645849071221472, 0.08153022673827125, 0.08196189060678981, 0.019734564734220736, 0.0)",1
5172,21,5,0,"(0.0834764437367406, 0.0, 0.0, 0.0, 0.0, 0.038664151314593, 0.05905292109807655, 0.04617922334977526, 0.0, 0.0)",2
5173,21,5,0,"(0.06926547729331572, 0.0, 0.0, 0.0, 0.0, 0.038664151314593, 0.08380840797570269, 0.05015325966666236, 0.0, 0.0)",1
5174,21,5,0,"(0.07400250769571483, 0.0, 0.0, 0.0, 0.0, 0.038664151314593, 0.08380840797570269, 0.05015325966666236, 0.0, 0.0)",170
5175,21,5,0,"(0.07400250769571483, 0.0, 0.0, 0.0, 0.0, 0.038664151314593, 0.08380840797570269, 0.046283280076369705, 0.0, 0.0)",79
5176,21,5,0,"(0.07400250769571483, 0.0, 0.0, 0.0, 0.0, 0.03799774968538988, 0.08380840797570269, 0.05015325966666236, 0.0, 0.0)",1
5177,21,5,6,"(0.03426039533065134, 0.011572197494497125, 0.0, 0.030181603934096246, 0.005422768956954101, 0.0, 0.019795240631728064, 0.0, 0.028146417112716555, 0.058364916985124075)",2
5178,21,5,6,"(0.03426039533065134, 0.011572197494497125, 0.0, 0.0269119756004745, 0.005422768956954101, 0.0, 0.019795240631728064, 0.0, 0.028146417112716555, 0.05874522297052942)",2
5179,21,5,6,"(0.03426039533065134, 0.011572197494497125, 0.0, 0.030181603934096246, 0.005422768956954101, 0.0, 0.019795240631728064, 0.0, 0.028146417112716555, 0.05874522297052942)",278
5180,21,5,6,"(0.03426039533065134, 0.011572197494497125, 0.0, 0.030181603934096246, 0.005422768956954101, 0.0, 0.019795240631728064, 0.0, 0.0405199816460665, 0.05874522297052942)",2
5181,21,5,6,"(0.03426039533065134, 0.011572197494497125, 0.0, 0.0075795681504517605, 0.005422768956954101, 0.0, 0.014527788235603438, 0.0, 0.028146417112716555, 0.05874522297052942)",3
5182,21,5,6,"(0.03426039533065134, 0.006601069616048236, 0.0, 0.030181603934096246, 0.005422768956954101, 0.0, 0.019795240631728064, 0.0, 0.028146417112716555, 0.05874522297052942)",1
5183,21,6,0,"(0.07400250769571483, 0.0, 0.0, 0.0, 0.0, 0.015224890263406827, 0.08380840797570269, 0.0691048466035698, 0.0, 0.0)",1
5184,21,6,0,"(0.07400250769571483, 0.0, 0.0, 0.0, 0.0, 0.017098731129875016, 0.08380840797570269, 0.07853632865645534, 0.0, 0.0)",2
5185,21,6,0,"(0.07400250769571483, 0.0, 0.0, 0.0, 0.0, 0.017098731129875016, 0.08380840797570269, 0.04994118015352689, 0.0, 0.0)",86
5186,21,6,0,"(0.07400250769571483, 0.0, 0.0, 0.0, 0.0, 0.017098731129875016, 0.08380840797570269, 0.0691048466035698, 0.0, 0.0)",184
5187,21,7,13,"(0.0, 0.02461978404713738, 0.023035932332134326, 0.0, 0.01810411441758469, 0.022173256981297827, 0.0, 0.0, 0.01089208668844536, 0.00476393156717078)",276
5188,21,7,13,"(0.0, 0.02461978404713738, 0.023035932332134326, 0.0, 0.017467342615307746, 0.022173256981297827, 0.0, 0.0, 0.01089208668844536, 0.00476393156717078)",1
5189,21,7,13,"(0.0, 0.02461978404713738, 0.023035932332134326, 0.0, 0.03243295451973145, 0.022173256981297827, 0.0, 0.0, 0.01089208668844536, 0.00476393156717078)",1
5190,21,7,13,"(0.0, 0.02461978404713738, 0.023035932332134326, 0.0, 0.015369014876400213, 0.022173256981297827, 0.0, 0.0, 0.01089208668844536, 0.00476393156717078)",15
5191,21,7,13,"(0.0, 0.02461978404713738, 0.023035932332134326, 0.0, 0.025349672997770096, 0.022173256981297827, 0.0, 0.0, 0.01089208668844536, 0.004859251333584394)",1
5192,21,7,13,"(0.0, 0.02461978404713738, 0.026944091283223337, 0.0, 0.01810411441758469, 0.022173256981297827, 0.0, 0.0, 0.01089208668844536, 0.00476393156717078)",8
5193,21,7,13,"(0.0, 0.02461978404713738, 0.023035932332134326, 0.0, 0.01810411441758469, 0.039904278518015555, 0.0, 0.0, 0.01089208668844536, 0.00476393156717078)",19
5194,21,8,6,"(0.03656180599521727, 0.011572197494497125, 0.0, 0.030181603934096246, 0.005422768956954101, 0.0, 0.02084646300026537, 0.0, 0.028146417112716555, 0.05874522297052942)",122
5195,21,8,6,"(0.03656180599521727, 0.011572197494497125, 0.0, 0.030181603934096246, 0.005422768956954101, 0.0, 0.013386974053364363, 0.0, 0.028146417112716555, 0.05874522297052942)",1
5196,21,8,11,"(0.0, 0.0, 0.09864539577037362, 0.03289815454646695, 0.0, 0.030645849071221472, 0.16773790467281977, 0.05487587528261972, 0.026121609841380632, 0.0)",33
5197,21,8,11,"(0.0, 0.0, 0.09864539577037362, 0.02150422363422624, 0.0, 0.030645849071221472, 0.16773790467281977, 0.0386197297757742, 0.026121609841380632, 0.0)",47
5198,21,8,11,"(0.0, 0.0, 0.09864539577037362, 0.02150422363422624, 0.0, 0.030645849071221472, 0.16773790467281977, 0.05487587528261972, 0.031148658061411295, 0.0)",1
5199,21,8,11,"(0.0, 0.0, 0.09864539577037362, 0.01650583712158267, 0.0, 0.030645849071221472, 0.16773790467281977, 0.05033578326025716, 0.026121609841380632, 0.0)",1
5200,21,8,11,"(0.0, 0.0, 0.09864539577037362, 0.02150422363422624, 0.0, 0.030645849071221472, 0.16773790467281977, 0.05487587528261972, 0.026121609841380632, 0.0)",115
5201,21,8,11,"(0.0, 0.0, 0.09864539577037362, 0.01650583712158267, 0.0, 0.030645849071221472, 0.16773790467281977, 0.05487587528261972, 0.026121609841380632, 0.0)",213
5202,21,8,11,"(0.0, 0.0, 0.09864539577037362, 0.01650583712158267, 0.0, 0.030645849071221472, 0.16773790467281977, 0.04118381377133975, 0.026121609841380632, 0.0)",23
5203,21,9,11,"(0.0, 0.0, 0.0685881486326243, 0.01650583712158267, 0.0, 0.030645849071221472, 0.16243652964526273, 0.08028238650273146, 0.026121609841380632, 0.0)",2
5204,21,9,11,"(0.0, 0.0, 0.09864539577037362, 0.01650583712158267, 0.0, 0.030645849071221472, 0.16243652964526273, 0.10093851246396937, 0.026121609841380632, 0.0)",1
5205,21,9,11,"(0.0, 0.0, 0.09864539577037362, 0.01650583712158267, 0.0, 0.03791793994271285, 0.16243652964526273, 0.08028238650273146, 0.026121609841380632, 0.0)",2
5206,21,9,11,"(0.0, 0.0, 0.09864539577037362, 0.013352209359342133, 0.0, 0.030645849071221472, 0.16243652964526273, 0.09188890093500145, 0.026121609841380632, 0.0)",1
5207,21,9,11,"(0.0, 0.0, 0.09864539577037362, 0.010920194806094578, 0.0, 0.030645849071221472, 0.16243652964526273, 0.08028238650273146, 0.026121609841380632, 0.0)",12
5208,21,9,11,"(0.0, 0.0, 0.09864539577037362, 0.01650583712158267, 0.0, 0.03934842013793599, 0.16243652964526273, 0.08028238650273146, 0.026121609841380632, 0.0)",1
5209,21,9,11,"(0.0, 0.0, 0.09864539577037362, 0.01650583712158267, 0.0, 0.030645849071221472, 0.16243652964526273, 0.08028238650273146, 0.026121609841380632, 0.0)",376
5210,21,9,11,"(0.0, 0.0, 0.11650725745115434, 0.01650583712158267, 0.0, 0.030645849071221472, 0.16243652964526273, 0.08028238650273146, 0.026121609841380632, 0.0)",6
5211,21,9,11,"(0.0, 0.0, 0.09864539577037362, 0.01650583712158267, 0.0, 0.021218794723556752, 0.16243652964526273, 0.08028238650273146, 0.026121609841380632, 0.0)",3
5212,21,9,11,"(0.0, 0.0, 0.09864539577037362, 0.01650583712158267, 0.0, 0.030645849071221472, 0.20216619818148698, 0.08028238650273146, 0.026121609841380632, 0.0)",9
5213,21,9,11,"(0.0, 0.0, 0.09864539577037362, 0.01650583712158267, 0.0, 0.03304889683680364, 0.16468407768101515, 0.09314201683761611, 0.026121609841380632, 0.0)",1
5214,21,9,11,"(0.0, 0.0, 0.09864539577037362, 0.01650583712158267, 0.0, 0.030645849071221472, 0.16243652964526273, 0.08108716099655784, 0.026121609841380632, 0.0)",1
5215,21,9,11,"(0.0, 0.0, 0.09864539577037362, 0.010921208416250388, 0.0, 0.030645849071221472, 0.16243652964526273, 0.08028238650273146, 0.026121609841380632, 0.0)",1
5216,21,9,11,"(0.0, 0.0, 0.09864539577037362, 0.01650583712158267, 0.0, 0.037348124258449814, 0.16243652964526273, 0.08028238650273146, 0.026121609841380632, 0.0)",1
5217,21,9,11,"(0.0, 0.0, 0.11755819882518005, 0.01650583712158267, 0.0, 0.02375279233445006, 0.16773790467281977, 0.08028238650273146, 0.026121609841380632, 0.0)",136
5218,21,10,13,"(0.0, 0.011439180164711711, 0.008903309888329002, 0.0, 0.01810411441758469, 0.022173256981297827, 0.0, 0.0, 0.01089208668844536, 0.00476393156717078)",3
5219,21,10,13,"(0.0, 0.02461978404713738, 0.023035932332134326, 0.0, 0.01810411441758469, 0.022173256981297827, 0.0, 0.0, 0.01089208668844536, 0.0035811834086928312)",9
5220,21,10,13,"(0.0, 0.02461978404713738, 0.023035932332134326, 0.0, 0.01810411441758469, 0.022173256981297827, 0.0, 0.0, 0.01089208668844536, 0.00476393156717078)",307
5221,21,10,13,"(0.0, 0.02461978404713738, 0.023035932332134326, 0.0, 0.01810411441758469, 0.022173256981297827, 0.0, 0.0, 0.01089208668844536, 0.0036311658286740964)",1
5222,21,10,13,"(0.0, 0.02461978404713738, 0.023035932332134326, 0.0, 0.01810411441758469, 0.022173256981297827, 0.0, 0.0, 0.009747891948185372, 0.00476393156717078)",1
5223,21,10,13,"(0.0, 0.02461978404713738, 0.02883381677791684, 0.0, 0.01810411441758469, 0.022173256981297827, 0.0, 0.0, 0.01089208668844536, 0.00476393156717078)",1
5224,21,11,13,"(0.0, 0.02461978404713738, 0.023035932332134326, 0.0, 0.024899779549670285, 0.022173256981297827, 0.0, 0.0, 0.01089208668844536, 0.00476393156717078)",1
5225,21,11,13,"(0.0, 0.02461978404713738, 0.019463775086055332, 0.0, 0.01810411441758469, 0.022173256981297827, 0.0, 0.0, 0.01089208668844536, 0.00476393156717078)",1
5226,21,11,13,"(0.0, 0.02461978404713738, 0.023035932332134326, 0.0, 0.007471922254009606, 0.028004619142625677, 0.0, 0.0, 0.01089208668844536, 0.005480784890359035)",1
5227,21,11,13,"(0.0, 0.02461978404713738, 0.016552670179019142, 0.0, 0.01810411441758469, 0.022173256981297827, 0.0, 0.0, 0.01089208668844536, 0.00476393156717078)",1
5228,21,11,13,"(0.0, 0.02461978404713738, 0.017483234715880546, 0.0, 0.01810411441758469, 0.022173256981297827, 0.0, 0.0, 0.01089208668844536, 0.005751293830569972)",1
5229,21,11,13,"(0.0, 0.02461978404713738, 0.023035932332134326, 0.0, 0.015923859125851793, 0.022173256981297827, 0.0, 0.0, 0.01089208668844536, 0.00476393156717078)",1
5230,21,11,13,"(0.0, 0.02461978404713738, 0.0272995542818203, 0.0, 0.01810411441758469, 0.022173256981297827, 0.0, 0.0, 0.01089208668844536, 0.00476393156717078)",2
5231,21,11,13,"(0.0, 0.02461978404713738, 0.023035932332134326, 0.0, 0.01810411441758469, 0.022173256981297827, 0.0, 0.0, 0.01089208668844536, 0.007050010435322351)",1
5232,21,11,13,"(0.0, 0.02461978404713738, 0.023035932332134326, 0.0, 0.01810411441758469, 0.022173256981297827, 0.0, 0.0, 0.01089208668844536, 0.00476393156717078)",301
5233,21,12,8,"(0.19235562551390653, 0.046525949225991035, 0.0, 0.0, 0.07222973603591547, 0.0, 0.08319516954615302, 0.1116381245929446, 0.0, 0.0)",46
5234,21,12,8,"(0.19235562551390653, 0.046525949225991035, 0.0, 0.0, 0.04573034632799446, 0.0, 0.08319516954615302, 0.10295862797981062, 0.0, 0.0)",1
5235,21,12,8,"(0.19235562551390653, 0.039006446513261066, 0.0, 0.0, 0.07222973603591547, 0.0, 0.08319516954615302, 0.1116381245929446, 0.0, 0.0)",1
5236,21,12,8,"(0.19235562551390653, 0.046525949225991035, 0.0, 0.0, 0.04573034632799446, 0.0, 0.06554533266124946, 0.1116381245929446, 0.0, 0.0)",39
5237,21,12,8,"(0.19235562551390653, 0.046525949225991035, 0.0, 0.0, 0.04573034632799446, 0.0, 0.08319516954615302, 0.1116381245929446, 0.0, 0.0)",81
5238,21,12,8,"(0.20581120309005801, 0.046525949225991035, 0.0, 0.0, 0.04573034632799446, 0.0, 0.06554533266124946, 0.1116381245929446, 0.0, 0.0)",6
5239,21,12,10,"(0.07734904686468291, 0.06927916245295945, 0.09682940930282144, 0.0017773360538905325, 0.0, 0.06291875767155253, 0.0, 0.10994488928074131, 0.0, 0.0)",2
5240,21,12,10,"(0.03550653097490399, 0.06927916245295945, 0.09682940930282144, 0.0017773360538905325, 0.0, 0.05801344195147401, 0.0, 0.10994488928074131, 0.0, 0.0)",2
5241,21,12,10,"(0.03550653097490399, 0.06927916245295945, 0.09682940930282144, 0.0017773360538905325, 0.0, 0.06291875767155253, 0.0, 0.10994488928074131, 0.0, 0.0)",255
5242,21,13,6,"(0.03426039533065134, 0.011572197494497125, 0.0, 0.030181603934096246, 0.005422768956954101, 0.0, 0.019795240631728064, 0.0, 0.028146417112716555, 0.05874522297052942)",170
5243,21,13,6,"(0.03426039533065134, 0.011572197494497125, 0.0, 0.030181603934096246, 0.005422768956954101, 0.0, 0.019795240631728064, 0.0, 0.028146417112716555, 0.03617768049082328)",2
5244,21,13,6,"(0.03426039533065134, 0.011572197494497125, 0.0, 0.030181603934096246, 0.005422768956954101, 0.0, 0.026586617528411058, 0.0, 0.02649955161017721, 0.04935997464934303)",1
5245,21,13,6,"(0.03426039533065134, 0.011572197494497125, 0.0, 0.030181603934096246, 0.0027528035320500887, 0.0, 0.019795240631728064, 0.0, 0.028146417112716555, 0.05874522297052942)",1
5246,21,13,6,"(0.03426039533065134, 0.011572197494497125, 0.0, 0.030181603934096246, 0.005422768956954101, 0.0, 0.019795240631728064, 0.0, 0.01910328089108028, 0.10316802756112489)",7
5247,21,13,6,"(0.03426039533065134, 0.011572197494497125, 0.0, 0.030181603934096246, 0.005422768956954101, 0.0, 0.02498075778353242, 0.0, 0.028146417112716555, 0.05874522297052942)",3
5248,21,14,11,"(0.0, 0.0, 0.09864539577037362, 0.01650583712158267, 0.0, 0.030645849071221472, 0.16773790467281977, 0.057954046436523896, 0.026121609841380632, 0.0)",5
5249,21,14,11,"(0.0, 0.0, 0.09864539577037362, 0.01650583712158267, 0.0, 0.0625624331758294, 0.16773790467281977, 0.046237642847009, 0.026121609841380632, 0.0)",2
5250,21,14,11,"(0.0, 0.0, 0.09864539577037362, 0.016291710429830072, 0.0, 0.030645849071221472, 0.16773790467281977, 0.046237642847009, 0.026121609841380632, 0.0)",1
5251,21,14,11,"(0.0, 0.0, 0.07563427679391872, 0.01650583712158267, 0.0, 0.030645849071221472, 0.16773790467281977, 0.046237642847009, 0.026121609841380632, 0.0)",4
5252,21,14,11,"(0.0, 0.0, 0.09864539577037362, 0.009340025869296666, 0.0, 0.030645849071221472, 0.16773790467281977, 0.046237642847009, 0.026121609841380632, 0.0)",2
5253,21,14,11,"(0.0, 0.0, 0.09864539577037362, 0.010994525295351687, 0.0, 0.030645849071221472, 0.16773790467281977, 0.046237642847009, 0.026121609841380632, 0.0)",6
5254,21,14,11,"(0.0, 0.0, 0.09864539577037362, 0.01650583712158267, 0.0, 0.03132106883940437, 0.16773790467281977, 0.046237642847009, 0.026121609841380632, 0.0)",1
5255,21,14,11,"(0.0, 0.0, 0.09864539577037362, 0.01650583712158267, 0.0, 0.030645849071221472, 0.10147984966874199, 0.046237642847009, 0.026121609841380632, 0.0)",1
5256,21,14,11,"(0.0, 0.0, 0.09864539577037362, 0.01650583712158267, 0.0, 0.030645849071221472, 0.10652117526290779, 0.05309307849150589, 0.026121609841380632, 0.0)",1
5257,21,14,11,"(0.0, 0.0, 0.09864539577037362, 0.01650583712158267, 0.0, 0.030645849071221472, 0.16773790467281977, 0.046237642847009, 0.026121609841380632, 0.0)",283
5258,21,14,11,"(0.0, 0.0, 0.11198611824294669, 0.01650583712158267, 0.0, 0.030645849071221472, 0.16773790467281977, 0.046237642847009, 0.026121609841380632, 0.0)",1
5259,21,14,13,"(0.0, 0.02461978404713738, 0.023035932332134326, 0.0, 0.01810411441758469, 0.02655871006485039, 0.0, 0.0, 0.01089208668844536, 0.00476393156717078)",15
5260,21,14,13,"(0.0, 0.03554454370047753, 0.025708039147581553, 0.0, 0.01810411441758469, 0.02113779756324043, 0.0, 0.0, 0.01089208668844536, 0.00476393156717078)",4
5261,21,14,13,"(0.0, 0.02461978404713738, 0.023035932332134326, 0.0, 0.01810411441758469, 0.022173256981297827, 0.0, 0.0, 0.01089208668844536, 0.00476393156717078)",225
5262,21,14,13,"(0.0, 0.02461978404713738, 0.023035932332134326, 0.0, 0.01810411441758469, 0.01876923469095322, 0.0, 0.0, 0.01089208668844536, 0.00476393156717078)",14
5263,21,14,13,"(0.0, 0.02461978404713738, 0.023035932332134326, 0.0, 0.01810411441758469, 0.022173256981297827, 0.0, 0.0, 0.006121769932366112, 0.004428091706709836)",1
5264,21,14,13,"(0.0, 0.005580715221165185, 0.023035932332134326, 0.0, 0.01810411441758469, 0.022173256981297827, 0.0, 0.0, 0.01089208668844536, 0.00476393156717078)",1
5265,21,14,13,"(0.0, 0.02461978404713738, 0.030536398728425514, 0.0, 0.01810411441758469, 0.022173256981297827, 0.0, 0.0, 0.01089208668844536, 0.004659822440992045)",2
5266,21,14,13,"(0.0, 0.02461978404713738, 0.025708039147581553, 0.0, 0.01810411441758469, 0.022173256981297827, 0.0, 0.0, 0.01089208668844536, 0.00476393156717078)",33
5267,21,15,11,"(0.0, 0.0, 0.11839367174953695, 0.01650583712158267, 0.0, 0.03149733605758953, 0.16773790467281977, 0.0404147798164449, 0.026121609841380632, 0.0)",1
5268,21,15,11,"(0.0, 0.0, 0.12070101227357265, 0.01650583712158267, 0.0, 0.033669695249070514, 0.16773790467281977, 0.0404147798164449, 0.026121609841380632, 0.0)",1
5269,21,15,11,"(0.0, 0.0, 0.11839367174953695, 0.01650583712158267, 0.0, 0.036891251671633964, 0.16773790467281977, 0.0404147798164449, 0.026121609841380632, 0.0)",6
5270,21,15,11,"(0.0, 0.0, 0.11839367174953695, 0.01650583712158267, 0.0, 0.030645849071221472, 0.23975955378148245, 0.05801043013638521, 0.0322117364811854, 0.0)",1
5271,21,15,11,"(0.0, 0.0, 0.11839367174953695, 0.01650583712158267, 0.0, 0.030645849071221472, 0.16773790467281977, 0.07045505622346075, 0.026121609841380632, 0.0)",2
5272,21,15,11,"(0.0, 0.0, 0.09221550310613547, 0.01650583712158267, 0.0, 0.05347273401201231, 0.16773790467281977, 0.0404147798164449, 0.012862395159059905, 0.0)",1
5273,21,15,11,"(0.0, 0.0, 0.11839367174953695, 0.01650583712158267, 0.0, 0.030645849071221472, 0.16773790467281977, 0.039553247212421504, 0.026121609841380632, 0.0)",2
5274,21,15,11,"(0.0, 0.0, 0.11839367174953695, 0.01650583712158267, 0.0, 0.032772453222380975, 0.16773790467281977, 0.0404147798164449, 0.026121609841380632, 0.0)",21
5275,21,15,11,"(0.0, 0.0, 0.11839367174953695, 0.01650583712158267, 0.0, 0.020408404442661433, 0.16773790467281977, 0.0404147798164449, 0.026121609841380632, 0.0)",1
5276,21,15,11,"(0.0, 0.0, 0.11839367174953695, 0.01650583712158267, 0.0, 0.030645849071221472, 0.16773790467281977, 0.0404147798164449, 0.026121609841380632, 0.0)",539
5277,21,16,1,"(0.0, 0.0, 0.0394450850537383, 0.0, 0.0, 0.0199117526153351, 0.0, 0.0, 0.0, 0.09965925051150999)",8
5278,21,16,1,"(0.0, 0.0, 0.041406372128065916, 0.0, 0.0, 0.0199117526153351, 0.0, 0.0, 0.0, 0.08562303179445498)",2
5279,21,16,1,"(0.0, 0.0, 0.03884579962749826, 0.0, 0.0, 0.0199117526153351, 0.0, 0.0, 0.0, 0.09965925051150999)",1
5280,21,16,1,"(0.0, 0.0, 0.04998206226101517, 0.0, 0.0, 0.0199117526153351, 0.0, 0.0, 0.0, 0.09965925051150999)",2
5281,21,16,1,"(0.0, 0.0, 0.0194206032968721, 0.0, 0.0, 0.01948225136689278, 0.0, 0.0, 0.0, 0.09965925051150999)",1
5282,21,16,1,"(0.0, 0.0, 0.03171772071129001, 0.0, 0.0, 0.029226936708265542, 0.0, 0.0, 0.0, 0.09965925051150999)",9
5283,21,16,1,"(0.0, 0.0, 0.041406372128065916, 0.0, 0.0, 0.0199117526153351, 0.0, 0.0, 0.0, 0.06544824558209876)",1
5284,21,16,1,"(0.0, 0.0, 0.041406372128065916, 0.0, 0.0, 0.01901346922047437, 0.0, 0.0, 0.0, 0.09965925051150999)",3
5285,21,16,1,"(0.0, 0.0, 0.041406372128065916, 0.0, 0.0, 0.02572286260592535, 0.0, 0.0, 0.0, 0.09965925051150999)",5
5286,21,16,1,"(0.0, 0.0, 0.041406372128065916, 0.0, 0.0, 0.02327012085542223, 0.0, 0.0, 0.0, 0.09965925051150999)",3
5287,21,16,1,"(0.0, 0.0, 0.03528846617339744, 0.0, 0.0, 0.014738066167263081, 0.0, 0.0, 0.0, 0.09965925051150999)",1
5288,21,16,1,"(0.0, 0.0, 0.04059075571920147, 0.0, 0.0, 0.0199117526153351, 0.0, 0.0, 0.0, 0.09965925051150999)",1
5289,21,16,1,"(0.0, 0.0, 0.041406372128065916, 0.0, 0.0, 0.0199117526153351, 0.0, 0.0, 0.0, 0.12883668625834793)",1
5290,21,16,1,"(0.0, 0.0, 0.041406372128065916, 0.0, 0.0, 0.018533828703146724, 0.0, 0.0, 0.0, 0.09965925051150999)",1
5291,21,16,1,"(0.0, 0.0, 0.041406372128065916, 0.0, 0.0, 0.0199117526153351, 0.0, 0.0, 0.0, 0.09965925051150999)",700
5292,21,16,8,"(0.08345216129181005, 0.046525949225991035, 0.0, 0.0, 0.07022106556493442, 0.0, 0.08319516954615302, 0.1116381245929446, 0.0, 0.0)",1
5293,21,16,8,"(0.16507889091742442, 0.08885913309924469, 0.0, 0.0, 0.07022106556493442, 0.0, 0.08319516954615302, 0.17381486792257642, 0.0, 0.0)",1
5294,21,16,8,"(0.16507889091742442, 0.046525949225991035, 0.0, 0.0, 0.060623989330428535, 0.0, 0.08319516954615302, 0.1116381245929446, 0.0, 0.0)",2
5295,21,16,8,"(0.16507889091742442, 0.046525949225991035, 0.0, 0.0, 0.07022106556493442, 0.0, 0.08319516954615302, 0.1116381245929446, 0.0, 0.0)",215
5296,21,16,8,"(0.16507889091742442, 0.035189613947683114, 0.0, 0.0, 0.06619465598270306, 0.0, 0.08319516954615302, 0.1116381245929446, 0.0, 0.0)",1
5297,21,16,8,"(0.2450242161727208, 0.046525949225991035, 0.0, 0.0, 0.07022106556493442, 0.0, 0.09740043818033833, 0.1116381245929446, 0.0, 0.0)",1
5298,21,16,8,"(0.1764525027796469, 0.046525949225991035, 0.0, 0.0, 0.07022106556493442, 0.0, 0.08319516954615302, 0.1116381245929446, 0.0, 0.0)",2
5299,21,17,1,"(0.0, 0.0, 0.10922905711608999, 0.0, 0.0, 0.030018978917809972, 0.0, 0.0, 0.0, 0.12752960964566987)",6
5300,21,17,1,"(0.0, 0.0, 0.10922905711608999, 0.0, 0.0, 0.03105592882497612, 0.0, 0.0, 0.0, 0.1247871622931535)",13
5301,21,17,1,"(0.0, 0.0, 0.10922905711608999, 0.0, 0.0, 0.036514466058893934, 0.0, 0.0, 0.0, 0.0910060267578522)",1
5302,21,17,1,"(0.0, 0.0, 0.12348675305844557, 0.0, 0.0, 0.030018978917809972, 0.0, 0.0, 0.0, 0.0910060267578522)",1
5303,21,17,1,"(0.0, 0.0, 0.14825214818107615, 0.0, 0.0, 0.030018978917809972, 0.0, 0.0, 0.0, 0.0910060267578522)",1
5304,21,17,1,"(0.0, 0.0, 0.11056234811068472, 0.0, 0.0, 0.030018978917809972, 0.0, 0.0, 0.0, 0.0910060267578522)",1
5305,21,17,1,"(0.0, 0.0, 0.10922905711608999, 0.0, 0.0, 0.030018978917809972, 0.0, 0.0, 0.0, 0.0910060267578522)",710
5306,21,17,1,"(0.0, 0.0, 0.10922905711608999, 0.0, 0.0, 0.03520006334218529, 0.0, 0.0, 0.0, 0.0910060267578522)",24
5307,21,17,1,"(0.0, 0.0, 0.10922905711608999, 0.0, 0.0, 0.030018978917809972, 0.0, 0.0, 0.0, 0.08649209894185507)",1
5308,21,17,1,"(0.0, 0.0, 0.12088712635777725, 0.0, 0.0, 0.036066619967070224, 0.0, 0.0, 0.0, 0.09929860057771918)",2
5309,21,17,1,"(0.0, 0.0, 0.10922905711608999, 0.0, 0.0, 0.06251935834217866, 0.0, 0.0, 0.0, 0.0910060267578522)",1
5310,21,17,1,"(0.0, 0.0, 0.10922905711608999, 0.0, 0.0, 0.02826362388039653, 0.0, 0.0, 0.0, 0.0910060267578522)",1
5311,21,17,8,"(0.19235562551390653, 0.041706596485448014, 0.0, 0.0, 0.07022106556493442, 0.0, 0.08319516954615302, 0.2604813315500366, 0.0, 0.0)",5
5312,21,17,8,"(0.19235562551390653, 0.04632028014141928, 0.0, 0.0, 0.07022106556493442, 0.0, 0.08379006969133626, 0.1116381245929446, 0.0, 0.0)",3
5313,21,17,8,"(0.19235562551390653, 0.04632028014141928, 0.0, 0.0, 0.07022106556493442, 0.0, 0.08319516954615302, 0.15460567740151043, 0.0, 0.0)",1
5314,21,17,8,"(0.19235562551390653, 0.04632028014141928, 0.0, 0.0, 0.07022106556493442, 0.0, 0.08319516954615302, 0.1116381245929446, 0.0, 0.0)",223
5315,21,18,10,"(0.07734904686468291, 0.06927916245295945, 0.09682940930282144, 0.0017773360538905325, 0.0, 0.09142368952409465, 0.0, 0.10994488928074131, 0.0, 0.0)",4
5316,21,18,10,"(0.07734904686468291, 0.06927916245295945, 0.09682940930282144, 0.0017773360538905325, 0.0, 0.06291875767155253, 0.0, 0.10994488928074131, 0.0, 0.0)",162
5317,21,18,11,"(0.0, 0.0, 0.07644436759445535, 0.01650583712158267, 0.0, 0.030645849071221472, 0.16773790467281977, 0.08028238650273146, 0.02873308956446372, 0.0)",24
5318,21,18,11,"(0.0, 0.0, 0.09864539577037362, 0.01650583712158267, 0.0, 0.03150275214907511, 0.13038533056739307, 0.08028238650273146, 0.026121609841380632, 0.0)",124
5319,21,18,11,"(0.0, 0.0, 0.09864539577037362, 0.01650583712158267, 0.0, 0.030645849071221472, 0.16773790467281977, 0.08028238650273146, 0.020108621469095485, 0.0)",18
5320,21,18,11,"(0.0, 0.0, 0.08898107447558858, 0.01650583712158267, 0.0, 0.03150275214907511, 0.08726821953855966, 0.08028238650273146, 0.026121609841380632, 0.0)",1
5321,21,18,11,"(0.0, 0.0, 0.08898107447558858, 0.01650583712158267, 0.0, 0.03150275214907511, 0.12978300845401214, 0.08028238650273146, 0.026121609841380632, 0.0)",3
5322,21,18,11,"(0.0, 0.0, 0.08898107447558858, 0.01650583712158267, 0.0, 0.03150275214907511, 0.06635293032617376, 0.08028238650273146, 0.026121609841380632, 0.0)",1
5323,21,18,11,"(0.0, 0.0, 0.09864539577037362, 0.009911019188796806, 0.0, 0.030645849071221472, 0.16773790467281977, 0.08028238650273146, 0.02873308956446372, 0.0)",12
5324,21,18,11,"(0.0, 0.0, 0.09864539577037362, 0.01650583712158267, 0.0, 0.028716881707962376, 0.16773790467281977, 0.08028238650273146, 0.02873308956446372, 0.0)",1
5325,21,18,11,"(0.0, 0.0, 0.09864539577037362, 0.009911019188796806, 0.0, 0.029314081030068523, 0.16773790467281977, 0.08028238650273146, 0.02873308956446372, 0.0)",1
5326,21,18,11,"(0.0, 0.0, 0.09864539577037362, 0.01650583712158267, 0.0, 0.058450428081407685, 0.16773790467281977, 0.08028238650273146, 0.02873308956446372, 0.0)",1
5327,21,18,11,"(0.0, 0.0, 0.09864539577037362, 0.01650583712158267, 0.0, 0.030645849071221472, 0.16773790467281977, 0.08028238650273146, 0.02873308956446372, 0.0)",197
5328,21,18,11,"(0.0, 0.0, 0.08898107447558858, 0.01650583712158267, 0.0, 0.03150275214907511, 0.13038533056739307, 0.08028238650273146, 0.026121609841380632, 0.0)",179
5329,21,19,0,"(0.07400250769571483, 0.0, 0.0, 0.0, 0.0, 0.017098731129875016, 0.08380840797570269, 0.0691048466035698, 0.0, 0.0)",52
5330,21,19,13,"(0.0, 0.02461978404713738, 0.05117274727745804, 0.0, 0.01810411441758469, 0.022173256981297827, 0.0, 0.0, 0.01089208668844536, 0.00476393156717078)",1
5331,21,19,13,"(0.0, 0.05239708100734752, 0.023035932332134326, 0.0, 0.01810411441758469, 0.013469866940101745, 0.0, 0.0, 0.01089208668844536, 0.00476393156717078)",2
5332,21,19,13,"(0.0, 0.02331517686910486, 0.023035932332134326, 0.0, 0.016419872076293668, 0.022173256981297827, 0.0, 0.0, 0.0088412729344503, 0.00476393156717078)",1
5333,21,19,13,"(0.0, 0.02461978404713738, 0.023035932332134326, 0.0, 0.01810411441758469, 0.022173256981297827, 0.0, 0.0, 0.01089208668844536, 0.00476393156717078)",197
5334,21,19,13,"(0.0, 0.02461978404713738, 0.023035932332134326, 0.0, 0.01810411441758469, 0.01811835545990089, 0.0, 0.0, 0.01089208668844536, 0.00476393156717078)",1
5335,21,19,13,"(0.0, 0.02434108655521493, 0.023035932332134326, 0.0, 0.01810411441758469, 0.022173256981297827, 0.0, 0.0, 0.01089208668844536, 0.00476393156717078)",1
5336,21,19,13,"(0.0, 0.02461978404713738, 0.023035932332134326, 0.0, 0.010250514721301937, 0.022173256981297827, 0.0, 0.0, 0.01089208668844536, 0.00476393156717078)",1
5337,21,19,13,"(0.0, 0.02461978404713738, 0.02662739842278502, 0.0, 0.01810411441758469, 0.022173256981297827, 0.0, 0.0, 0.01089208668844536, 0.007877030038982978)",1
5338,21,20,10,"(0.07734904686468291, 0.06927916245295945, 0.09682940930282144, 0.0017773360538905325, 0.0, 0.06291875767155253, 0.0, 0.10994488928074131, 0.0, 0.0)",145
5339,21,20,11,"(0.0, 0.0, 0.03664497950459847, 0.01650583712158267, 0.0, 0.016963995440857214, 0.09572491856946197, 0.08028238650273146, 0.036485718580663774, 0.0)",2
5340,21,20,11,"(0.0, 0.0, 0.03664497950459847, 0.01650583712158267, 0.0, 0.02548938439096223, 0.09572491856946197, 0.08028238650273146, 0.036485718580663774, 0.0)",480
5341,21,20,11,"(0.0, 0.0, 0.03664497950459847, 0.01650583712158267, 0.0, 0.02548938439096223, 0.09572491856946197, 0.07233491315174358, 0.036485718580663774, 0.0)",2
5342,21,20,11,"(0.0, 0.0, 0.03664497950459847, 0.01650583712158267, 0.0, 0.02548938439096223, 0.09578898717874733, 0.08028238650273146, 0.036485718580663774, 0.0)",1
5343,21,20,11,"(0.0, 0.0, 0.09864539577037362, 0.01650583712158267, 0.0, 0.030645849071221472, 0.09252139805958623, 0.08028238650273146, 0.036485718580663774, 0.0)",10
5344,21,20,11,"(0.0, 0.0, 0.02191113727349336, 0.01650583712158267, 0.0, 0.02548938439096223, 0.09572491856946197, 0.06451761515439364, 0.036485718580663774, 0.0)",3
5345,21,20,11,"(0.0, 0.0, 0.03664497950459847, 0.01650583712158267, 0.0, 0.012645382884017415, 0.09572491856946197, 0.08028238650273146, 0.036485718580663774, 0.0)",1
5346,21,20,11,"(0.0, 0.0, 0.08014159865348675, 0.01650583712158267, 0.0, 0.030645849071221472, 0.09572491856946197, 0.08028238650273146, 0.036485718580663774, 0.0)",38
5347,21,20,11,"(0.0, 0.0, 0.03664497950459847, 0.01650583712158267, 0.0, 0.02548938439096223, 0.12149500356748141, 0.08028238650273146, 0.036485718580663774, 0.0)",6
5348,22,0,6,"(0.03426039533065134, 0.011572197494497125, 0.0, 0.04320959203879749, 0.005422768956954101, 0.0, 0.019795240631728064, 0.0, 0.028146417112716555, 0.05874522297052942)",1
5349,22,0,6,"(0.03426039533065134, 0.011572197494497125, 0.0, 0.030181603934096246, 0.005422768956954101, 0.0, 0.019795240631728064, 0.0, 0.028146417112716555, 0.05874522297052942)",177
5350,22,0,6,"(0.03426039533065134, 0.011572197494497125, 0.0, 0.030181603934096246, 0.005422768956954101, 0.0, 0.019795240631728064, 0.0, 0.028146417112716555, 0.06673442875911471)",1
5351,22,0,11,"(0.0, 0.0, 0.04169522659952404, 0.010654525538403636, 0.0, 0.030645849071221472, 0.16773790467281977, 0.058999818141999116, 0.026121609841380632, 0.0)",2
5352,22,0,11,"(0.0, 0.0, 0.06200374261520503, 0.010654525538403636, 0.0, 0.030645849071221472, 0.16773790467281977, 0.09935329176022774, 0.026121609841380632, 0.0)",1
5353,22,0,11,"(0.0, 0.0, 0.03227203230105749, 0.010654525538403636, 0.0, 0.030645849071221472, 0.09760554354006652, 0.0661092392968882, 0.026121609841380632, 0.0)",1
5354,22,0,11,"(0.0, 0.0, 0.04169522659952404, 0.010654525538403636, 0.0, 0.030645849071221472, 0.16773790467281977, 0.08028238650273146, 0.026121609841380632, 0.0)",85
5355,22,0,11,"(0.0, 0.0, 0.06200374261520503, 0.010654525538403636, 0.0, 0.030645849071221472, 0.16773790467281977, 0.08028238650273146, 0.026121609841380632, 0.0)",265
5356,22,0,11,"(0.0, 0.0, 0.06200374261520503, 0.010654525538403636, 0.0, 0.030645849071221472, 0.16773790467281977, 0.07565352152166714, 0.026121609841380632, 0.0)",1
5357,22,1,6,"(0.03426039533065134, 0.011572197494497125, 0.0, 0.030181603934096246, 0.0073460488149981115, 0.0, 0.019795240631728064, 0.0, 0.028146417112716555, 0.05874522297052942)",1
5358,22,1,6,"(0.03426039533065134, 0.011572197494497125, 0.0, 0.030181603934096246, 0.005422768956954101, 0.0, 0.050897903265159826, 0.0, 0.028146417112716555, 0.05874522297052942)",1
5359,22,1,6,"(0.03426039533065134, 0.011572197494497125, 0.0, 0.030181603934096246, 0.005422768956954101, 0.0, 0.023636565678284396, 0.0, 0.028146417112716555, 0.05874522297052942)",1
5360,22,1,6,"(0.03426039533065134, 0.011572197494497125, 0.0, 0.030181603934096246, 0.005422768956954101, 0.0, 0.017849581008867542, 0.0, 0.028146417112716555, 0.05570478023806033)",1
5361,22,1,6,"(0.03426039533065134, 0.011572197494497125, 0.0, 0.030181603934096246, 0.005422768956954101, 0.0, 0.019795240631728064, 0.0, 0.028146417112716555, 0.05874522297052942)",249
5362,22,1,8,"(0.02875564141468798, 0.046525949225991035, 0.0, 0.0, 0.051217346146779696, 0.0, 0.12957739331056076, 0.1415123366655704, 0.0, 0.0)",2
5363,22,1,8,"(0.07111035742329365, 0.046525949225991035, 0.0, 0.0, 0.07022106556493442, 0.0, 0.09391378640151349, 0.1415123366655704, 0.0, 0.0)",23
5364,22,1,8,"(0.07111035742329365, 0.06403179972501755, 0.0, 0.0, 0.07022106556493442, 0.0, 0.08319516954615302, 0.1415123366655704, 0.0, 0.0)",1
5365,22,1,8,"(0.07111035742329365, 0.046525949225991035, 0.0, 0.0, 0.051217346146779696, 0.0, 0.07940669024033198, 0.1415123366655704, 0.0, 0.0)",1
5366,22,1,8,"(0.07111035742329365, 0.046525949225991035, 0.0, 0.0, 0.0347022587045483, 0.0, 0.08319516954615302, 0.1415123366655704, 0.0, 0.0)",1
5367,22,1,8,"(0.07111035742329365, 0.046525949225991035, 0.0, 0.0, 0.07022106556493442, 0.0, 0.08319516954615302, 0.12328855964503255, 0.0, 0.0)",11
5368,22,1,8,"(0.07111035742329365, 0.046525949225991035, 0.0, 0.0, 0.07022106556493442, 0.0, 0.08319516954615302, 0.08147291091878632, 0.0, 0.0)",9
5369,22,1,8,"(0.07111035742329365, 0.046525949225991035, 0.0, 0.0, 0.07022106556493442, 0.0, 0.08319516954615302, 0.1415123366655704, 0.0, 0.0)",134
5370,22,1,8,"(0.07111035742329365, 0.046525949225991035, 0.0, 0.0, 0.051217346146779696, 0.0, 0.08319516954615302, 0.1415123366655704, 0.0, 0.0)",59
5371,22,1,8,"(0.07111035742329365, 0.046525949225991035, 0.0, 0.0, 0.1288075543231033, 0.0, 0.08319516954615302, 0.1415123366655704, 0.0, 0.0)",2
5372,22,2,13,"(0.0, 0.02461978404713738, 0.018524393666579105, 0.0, 0.01810411441758469, 0.023798079581958984, 0.0, 0.0, 0.01089208668844536, 0.00476393156717078)",9
5373,22,2,13,"(0.0, 0.02461978404713738, 0.023035932332134326, 0.0, 0.006877903302247091, 0.022173256981297827, 0.0, 0.0, 0.01089208668844536, 0.00476393156717078)",1
5374,22,2,13,"(0.0, 0.032800362452797084, 0.023035932332134326, 0.0, 0.00970885425506607, 0.022173256981297827, 0.0, 0.0, 0.01089208668844536, 0.00476393156717078)",1
5375,22,2,13,"(0.0, 0.02461978404713738, 0.023035932332134326, 0.0, 0.00970885425506607, 0.0225100408660321, 0.0, 0.0, 0.005017403732117686, 0.00476393156717078)",1
5376,22,2,13,"(0.0, 0.02461978404713738, 0.023035932332134326, 0.0, 0.008565208783854557, 0.022173256981297827, 0.0, 0.0, 0.01089208668844536, 0.00476393156717078)",1
5377,22,2,13,"(0.0, 0.02461978404713738, 0.023035932332134326, 0.0, 0.00970885425506607, 0.022173256981297827, 0.0, 0.0, 0.011177756459083898, 0.00476393156717078)",1
5378,22,2,13,"(0.0, 0.02461978404713738, 0.023035932332134326, 0.0, 0.00970885425506607, 0.022173256981297827, 0.0, 0.0, 0.01089208668844536, 0.00476393156717078)",275
5379,22,2,13,"(0.0, 0.029533034760957182, 0.023035932332134326, 0.0, 0.00970885425506607, 0.022173256981297827, 0.0, 0.0, 0.01089208668844536, 0.00476393156717078)",30
5380,22,2,13,"(0.0, 0.02461978404713738, 0.027141585537943335, 0.0, 0.00970885425506607, 0.022173256981297827, 0.0, 0.0, 0.01089208668844536, 0.00476393156717078)",9
5381,22,2,13,"(0.0, 0.02461978404713738, 0.023035932332134326, 0.0, 0.00970885425506607, 0.022173256981297827, 0.0, 0.0, 0.01089208668844536, 0.00894276470780036)",1
5382,22,3,13,"(0.0, 0.02115335953922536, 0.023035932332134326, 0.0, 0.01810411441758469, 0.022173256981297827, 0.0, 0.0, 0.01089208668844536, 0.0024406349647482155)",1
5383,22,3,13,"(0.0, 0.02461978404713738, 0.023035932332134326, 0.0, 0.01810411441758469, 0.022173256981297827, 0.0, 0.0, 0.01089208668844536, 0.00225962105498622)",1
5384,22,3,13,"(0.0, 0.02461978404713738, 0.024431750471653337, 0.0, 0.01810411441758469, 0.04031999807191338, 0.0, 0.0, 0.01089208668844536, 0.0024406349647482155)",2
5385,22,3,13,"(0.0, 0.02461978404713738, 0.023035932332134326, 0.0, 0.01810411441758469, 0.022173256981297827, 0.0, 0.0, 0.01089208668844536, 0.0024406349647482155)",192
5386,22,3,13,"(0.0, 0.02461978404713738, 0.023035932332134326, 0.0, 0.03417314438375143, 0.022173256981297827, 0.0, 0.0, 0.01089208668844536, 0.0024406349647482155)",1
5387,22,4,11,"(0.0, 0.0, 0.09864539577037362, 0.01650583712158267, 0.0, 0.030645849071221472, 0.08746657446605675, 0.07240876560513207, 0.026121609841380632, 0.0)",1
5388,22,4,11,"(0.0, 0.0, 0.20138941862783782, 0.01650583712158267, 0.0, 0.06097178168458871, 0.08153022673827125, 0.07240876560513207, 0.026121609841380632, 0.0)",2
5389,22,4,11,"(0.0, 0.0, 0.09864539577037362, 0.01465450924867175, 0.0, 0.030645849071221472, 0.08153022673827125, 0.07240876560513207, 0.026121609841380632, 0.0)",1
5390,22,4,11,"(0.0, 0.0, 0.09864539577037362, 0.01650583712158267, 0.0, 0.035637344704314344, 0.08153022673827125, 0.07240876560513207, 0.026121609841380632, 0.0)",2
5391,22,4,11,"(0.0, 0.0, 0.09864539577037362, 0.01650583712158267, 0.0, 0.030645849071221472, 0.08153022673827125, 0.07240876560513207, 0.026121609841380632, 0.0)",542
5392,22,4,11,"(0.0, 0.0, 0.09458330824204927, 0.01650583712158267, 0.0, 0.030645849071221472, 0.0800547622825042, 0.07240876560513207, 0.026121609841380632, 0.0)",2
5393,22,4,11,"(0.0, 0.0, 0.09864539577037362, 0.01650583712158267, 0.0, 0.030645849071221472, 0.0800547622825042, 0.07240876560513207, 0.026121609841380632, 0.0)",2
5394,22,4,11,"(0.0, 0.0, 0.09864539577037362, 0.01650583712158267, 0.0, 0.030645849071221472, 0.08153022673827125, 0.08028331652609864, 0.01161539000848516, 0.0)",1
5395,22,4,11,"(0.0, 0.0, 0.15379203061550847, 0.01650583712158267, 0.0, 0.013777506714775097, 0.08153022673827125, 0.07240876560513207, 0.026121609841380632, 0.0)",1
5396,22,4,11,"(0.0, 0.0, 0.09864539577037362, 0.01650583712158267, 0.0, 0.030645849071221472, 0.08153022673827125, 0.10196029825327897, 0.026121609841380632, 0.0)",19
5397,22,4,11,"(0.0, 0.0, 0.09864539577037362, 0.01650583712158267, 0.0, 0.021881433819234845, 0.09835761090644266, 0.07240876560513207, 0.026121609841380632, 0.0)",1
5398,22,4,11,"(0.0, 0.0, 0.09864539577037362, 0.010899902708052555, 0.0, 0.030645849071221472, 0.08153022673827125, 0.07240876560513207, 0.026121609841380632, 0.0)",1
5399,22,4,11,"(0.0, 0.0, 0.09864539577037362, 0.01650583712158267, 0.0, 0.04120816685942068, 0.08153022673827125, 0.07240876560513207, 0.026121609841380632, 0.0)",3
5400,22,5,0,"(0.07400250769571483, 0.0, 0.0, 0.0, 0.0, 0.02931218341526615, 0.08380840797570269, 0.05015325966666236, 0.0, 0.0)",1
5401,22,5,0,"(0.07400250769571483, 0.0, 0.0, 0.0, 0.0, 0.038664151314593, 0.08380840797570269, 0.05015325966666236, 0.0, 0.0)",192
5402,22,5,0,"(0.07400250769571483, 0.0, 0.0, 0.0, 0.0, 0.038664151314593, 0.08380840797570269, 0.05652465654869051, 0.0, 0.0)",2
5403,22,5,0,"(0.06583625306635461, 0.0, 0.0, 0.0, 0.0, 0.038664151314593, 0.08380840797570269, 0.046283280076369705, 0.0, 0.0)",1
5404,22,5,0,"(0.07400250769571483, 0.0, 0.0, 0.0, 0.0, 0.038664151314593, 0.08380840797570269, 0.046283280076369705, 0.0, 0.0)",51
5405,22,5,6,"(0.03426039533065134, 0.011572197494497125, 0.0, 0.030181603934096246, 0.005422768956954101, 0.0, 0.019795240631728064, 0.0, 0.028146417112716555, 0.05874522297052942)",247
5406,22,5,6,"(0.03426039533065134, 0.011572197494497125, 0.0, 0.030181603934096246, 0.005422768956954101, 0.0, 0.01076702199769539, 0.0, 0.028146417112716555, 0.05874522297052942)",1
5407,22,5,6,"(0.03426039533065134, 0.008585120978211565, 0.0, 0.030181603934096246, 0.008294191852950434, 0.0, 0.019795240631728064, 0.0, 0.028146417112716555, 0.07735291100724559)",1
5408,22,5,6,"(0.03426039533065134, 0.011572197494497125, 0.0, 0.030181603934096246, 0.0037627373686812855, 0.0, 0.019795240631728064, 0.0, 0.028146417112716555, 0.05874522297052942)",1
5409,22,5,6,"(0.03426039533065134, 0.011572197494497125, 0.0, 0.030181603934096246, 0.005422768956954101, 0.0, 0.019795240631728064, 0.0, 0.0405199816460665, 0.05874522297052942)",11
5410,22,5,6,"(0.01872230427701373, 0.011572197494497125, 0.0, 0.030181603934096246, 0.0023051917553243853, 0.0, 0.019795240631728064, 0.0, 0.028146417112716555, 0.05874522297052942)",1
5411,22,6,0,"(0.09470204905553156, 0.0, 0.0, 0.0, 0.0, 0.017098731129875016, 0.08380840797570269, 0.0691048466035698, 0.0, 0.0)",1
5412,22,6,0,"(0.07400250769571483, 0.0, 0.0, 0.0, 0.0, 0.017098731129875016, 0.08380840797570269, 0.0691048466035698, 0.0, 0.0)",136
5413,22,6,0,"(0.07400250769571483, 0.0, 0.0, 0.0, 0.0, 0.017098731129875016, 0.08380840797570269, 0.04994118015352689, 0.0, 0.0)",118
5414,22,6,0,"(0.09517384480498874, 0.0, 0.0, 0.0, 0.0, 0.017098731129875016, 0.08380840797570269, 0.0691048466035698, 0.0, 0.0)",1
5415,22,6,0,"(0.1744821579277289, 0.0, 0.0, 0.0, 0.0, 0.017098731129875016, 0.08380840797570269, 0.04994118015352689, 0.0, 0.0)",1
5416,22,7,13,"(0.0, 0.02461978404713738, 0.023035932332134326, 0.0, 0.01810411441758469, 0.039904278518015555, 0.0, 0.0, 0.01089208668844536, 0.00476393156717078)",4
5417,22,7,13,"(0.0, 0.022319396773494288, 0.023035932332134326, 0.0, 0.01712763405220117, 0.04007316541129111, 0.0, 0.0, 0.01089208668844536, 0.004695735353038861)",2
5418,22,7,13,"(0.0, 0.02461978404713738, 0.023035932332134326, 0.0, 0.02542355758703936, 0.022173256981297827, 0.0, 0.0, 0.01089208668844536, 0.00476393156717078)",2
5419,22,7,13,"(0.0, 0.08459247201856868, 0.023035932332134326, 0.0, 0.011760482063145833, 0.022173256981297827, 0.0, 0.0, 0.01089208668844536, 0.00476393156717078)",1
5420,22,7,13,"(0.0, 0.02461978404713738, 0.02213454647112859, 0.0, 0.01810411441758469, 0.022173256981297827, 0.0, 0.0, 0.01089208668844536, 0.00476393156717078)",2
5421,22,7,13,"(0.0, 0.02461978404713738, 0.023035932332134326, 0.0, 0.01810411441758469, 0.022173256981297827, 0.0, 0.0, 0.0048194463116620415, 0.00476393156717078)",2
5422,22,7,13,"(0.0, 0.02461978404713738, 0.023035932332134326, 0.0, 0.01810411441758469, 0.022173256981297827, 0.0, 0.0, 0.01089208668844536, 0.00476393156717078)",391
5423,22,7,13,"(0.0, 0.02461978404713738, 0.0201574367220368, 0.0, 0.012822438623888693, 0.022173256981297827, 0.0, 0.0, 0.01089208668844536, 0.00476393156717078)",1
5424,22,7,13,"(0.0, 0.03175924605773954, 0.023035932332134326, 0.0, 0.01810411441758469, 0.022173256981297827, 0.0, 0.0, 0.01089208668844536, 0.00476393156717078)",1
5425,22,7,13,"(0.0, 0.02461978404713738, 0.007708053187780555, 0.0, 0.01810411441758469, 0.02068846726309218, 0.0, 0.0, 0.01089208668844536, 0.00476393156717078)",1
5426,22,8,6,"(0.03656180599521727, 0.011572197494497125, 0.0, 0.030181603934096246, 0.005422768956954101, 0.0, 0.02084646300026537, 0.0, 0.028146417112716555, 0.05874522297052942)",79
5427,22,8,6,"(0.03656180599521727, 0.011572197494497125, 0.0, 0.028173936029764122, 0.005422768956954101, 0.0, 0.02084646300026537, 0.0, 0.028146417112716555, 0.06190980887852822)",4
5428,22,8,11,"(0.0, 0.0, 0.12357616958409547, 0.01650583712158267, 0.0, 0.030645849071221472, 0.16269383798225692, 0.05487587528261972, 0.026121609841380632, 0.0)",2
5429,22,8,11,"(0.0, 0.0, 0.09864539577037362, 0.013116034750509636, 0.0, 0.030645849071221472, 0.16773790467281977, 0.05487587528261972, 0.026121609841380632, 0.0)",1
5430,22,8,11,"(0.0, 0.0, 0.09864539577037362, 0.02150422363422624, 0.0, 0.030645849071221472, 0.16773790467281977, 0.05487587528261972, 0.031148658061411295, 0.0)",78
5431,22,8,11,"(0.0, 0.0, 0.09864539577037362, 0.03289815454646695, 0.0, 0.05906469733954915, 0.16773790467281977, 0.05487587528261972, 0.026121609841380632, 0.0)",1
5432,22,8,11,"(0.0, 0.0, 0.09864539577037362, 0.02150422363422624, 0.0, 0.030645849071221472, 0.16931892369511814, 0.05487587528261972, 0.026121609841380632, 0.0)",2
5433,22,8,11,"(0.0, 0.0, 0.09864539577037362, 0.02150422363422624, 0.0, 0.030645849071221472, 0.16773790467281977, 0.05487587528261972, 0.026121609841380632, 0.0)",100
5434,22,8,11,"(0.0, 0.0, 0.09864539577037362, 0.02150422363422624, 0.0, 0.030645849071221472, 0.16773790467281977, 0.0386197297757742, 0.026121609841380632, 0.0)",111
5435,22,8,11,"(0.0, 0.0, 0.09864539577037362, 0.01650583712158267, 0.0, 0.030645849071221472, 0.16773790467281977, 0.05487587528261972, 0.026067115009414926, 0.0)",1
5436,22,8,11,"(0.0, 0.0, 0.09864539577037362, 0.01650583712158267, 0.0, 0.02246633948123487, 0.16773790467281977, 0.05487587528261972, 0.026121609841380632, 0.0)",2
5437,22,8,11,"(0.0, 0.0, 0.09864539577037362, 0.01650583712158267, 0.0, 0.030645849071221472, 0.16773790467281977, 0.05487587528261972, 0.026121609841380632, 0.0)",106
5438,22,8,11,"(0.0, 0.0, 0.09864539577037362, 0.03289815454646695, 0.0, 0.030645849071221472, 0.16773790467281977, 0.05487587528261972, 0.026121609841380632, 0.0)",101
5439,22,9,11,"(0.0, 0.0, 0.09930035026834273, 0.03510516959562362, 0.0, 0.030645849071221472, 0.16243652964526273, 0.08028238650273146, 0.03935837422686557, 0.0)",2
5440,22,9,11,"(0.0, 0.0, 0.11755819882518005, 0.01650583712158267, 0.0, 0.02375279233445006, 0.16773790467281977, 0.08028238650273146, 0.026121609841380632, 0.0)",198
5441,22,9,11,"(0.0, 0.0, 0.09864539577037362, 0.01650583712158267, 0.0, 0.030645849071221472, 0.16243652964526273, 0.08028238650273146, 0.026121609841380632, 0.0)",295
5442,22,9,11,"(0.0, 0.0, 0.10180008027861122, 0.01650583712158267, 0.0, 0.02375279233445006, 0.16773790467281977, 0.08028238650273146, 0.029774971688429814, 0.0)",2
5443,22,9,11,"(0.0, 0.0, 0.09864539577037362, 0.025573025574874526, 0.0, 0.030645849071221472, 0.16243652964526273, 0.08028238650273146, 0.026121609841380632, 0.0)",1
5444,22,9,11,"(0.0, 0.0, 0.11650725745115434, 0.01650583712158267, 0.0, 0.030645849071221472, 0.16243652964526273, 0.08028238650273146, 0.026121609841380632, 0.0)",9
5445,22,9,11,"(0.0, 0.0, 0.11755819882518005, 0.01650583712158267, 0.0, 0.030513958945516388, 0.16773790467281977, 0.08028238650273146, 0.026121609841380632, 0.0)",4
5446,22,9,11,"(0.0, 0.0, 0.11755819882518005, 0.01650583712158267, 0.0, 0.02375279233445006, 0.14770411715029544, 0.1104553495870555, 0.026121609841380632, 0.0)",1
5447,22,9,11,"(0.0, 0.0, 0.09864539577037362, 0.01650583712158267, 0.0, 0.030645849071221472, 0.16243652964526273, 0.08028238650273146, 0.02543046930972021, 0.0)",2
5448,22,9,11,"(0.0, 0.0, 0.04077930592271428, 0.01650583712158267, 0.0, 0.030645849071221472, 0.16243652964526273, 0.08028238650273146, 0.026121609841380632, 0.0)",2
5449,22,9,11,"(0.0, 0.0, 0.09864539577037362, 0.04877271222237824, 0.0, 0.030645849071221472, 0.16243652964526273, 0.08028238650273146, 0.026121609841380632, 0.0)",4
5450,22,9,11,"(0.0, 0.0, 0.11755819882518005, 0.01650583712158267, 0.0, 0.02375279233445006, 0.16773790467281977, 0.1104553495870555, 0.026121609841380632, 0.0)",1
5451,22,10,13,"(0.0, 0.02461978404713738, 0.023035932332134326, 0.0, 0.01810411441758469, 0.029127728344547923, 0.0, 0.0, 0.01089208668844536, 0.0025064542256724364)",1
5452,22,10,13,"(0.0, 0.02461978404713738, 0.015660374174211594, 0.0, 0.023258102212784803, 0.022173256981297827, 0.0, 0.0, 0.01089208668844536, 0.006166216963649171)",1
5453,22,10,13,"(0.0, 0.02461978404713738, 0.023035932332134326, 0.0, 0.01810411441758469, 0.022173256981297827, 0.0, 0.0, 0.0191316801377086, 0.0035472344001721877)",1
5454,22,10,13,"(0.0, 0.02461978404713738, 0.023035932332134326, 0.0, 0.01810411441758469, 0.0164534487417299, 0.0, 0.0, 0.01089208668844536, 0.0070162898774235455)",1
5455,22,10,13,"(0.0, 0.02461978404713738, 0.023035932332134326, 0.0, 0.01810411441758469, 0.022173256981297827, 0.0, 0.0, 0.008879981038932446, 0.00476393156717078)",1
5456,22,10,13,"(0.0, 0.02461978404713738, 0.023035932332134326, 0.0, 0.01810411441758469, 0.022173256981297827, 0.0, 0.0, 0.01089208668844536, 0.00476393156717078)",169
5457,22,10,13,"(0.0, 0.02461978404713738, 0.023035932332134326, 0.0, 0.01810411441758469, 0.022173256981297827, 0.0, 0.0, 0.01089208668844536, 0.0035811834086928312)",11
5458,22,10,13,"(0.0, 0.02461978404713738, 0.023035932332134326, 0.0, 0.01810411441758469, 0.022173256981297827, 0.0, 0.0, 0.023305958276026415, 0.00476393156717078)",1
5459,22,10,13,"(0.0, 0.02461978404713738, 0.023035932332134326, 0.0, 0.023258102212784803, 0.022173256981297827, 0.0, 0.0, 0.01089208668844536, 0.00476393156717078)",3
5460,22,10,13,"(0.0, 0.027189584191995967, 0.023035932332134326, 0.0, 0.01810411441758469, 0.022173256981297827, 0.0, 0.0, 0.014427236125723135, 0.0050753458640474345)",1
5461,22,10,13,"(0.0, 0.02461978404713738, 0.023035932332134326, 0.0, 0.010653836113175727, 0.01943464577619561, 0.0, 0.0, 0.01089208668844536, 0.0035811834086928312)",1
5462,22,11,13,"(0.0, 0.02461978404713738, 0.023035932332134326, 0.0, 0.01810411441758469, 0.022173256981297827, 0.0, 0.0, 0.007082868655607406, 0.00476393156717078)",1
5463,22,11,13,"(0.0, 0.02461978404713738, 0.03152185554450779, 0.0, 0.043312934929397966, 0.0247012777090347, 0.0, 0.0, 0.01089208668844536, 0.00476393156717078)",1
5464,22,11,13,"(0.0, 0.02461978404713738, 0.023035932332134326, 0.0, 0.01810411441758469, 0.020322032545477674, 0.0, 0.0, 0.01089208668844536, 0.00476393156717078)",1
5465,22,11,13,"(0.0, 0.02461978404713738, 0.023035932332134326, 0.0, 0.01810411441758469, 0.022173256981297827, 0.0, 0.0, 0.01089208668844536, 0.00476393156717078)",302
5466,22,11,13,"(0.0, 0.02461978404713738, 0.027140077002311, 0.0, 0.01810411441758469, 0.022173256981297827, 0.0, 0.0, 0.01089208668844536, 0.005119927870354668)",1
5467,22,11,13,"(0.0, 0.019721640976859352, 0.023035932332134326, 0.0, 0.01810411441758469, 0.022173256981297827, 0.0, 0.0, 0.01089208668844536, 0.00476393156717078)",1
5468,22,11,13,"(0.0, 0.02461978404713738, 0.027140077002311, 0.0, 0.01810411441758469, 0.022173256981297827, 0.0, 0.0, 0.01089208668844536, 0.00476393156717078)",3
5469,22,12,8,"(0.19235562551390653, 0.046525949225991035, 0.0, 0.0, 0.03588267414535643, 0.0, 0.08319516954615302, 0.1116381245929446, 0.0, 0.0)",1
5470,22,12,8,"(0.20581120309005801, 0.046525949225991035, 0.0, 0.0, 0.04573034632799446, 0.0, 0.06554533266124946, 0.0823655921113673, 0.0, 0.0)",1
5471,22,12,8,"(0.20581120309005801, 0.046525949225991035, 0.0, 0.0, 0.04573034632799446, 0.0, 0.06554533266124946, 0.1116381245929446, 0.0, 0.0)",46
5472,22,12,8,"(0.19235562551390653, 0.027466139472764536, 0.0, 0.0, 0.04573034632799446, 0.0, 0.08319516954615302, 0.1116381245929446, 0.0, 0.0)",2
5473,22,12,8,"(0.19235562551390653, 0.046525949225991035, 0.0, 0.0, 0.04573034632799446, 0.0, 0.08319516954615302, 0.1116381245929446, 0.0, 0.0)",231
5474,22,12,10,"(0.07734904686468291, 0.06927916245295945, 0.09682940930282144, 0.0017773360538905325, 0.0, 0.06291875767155253, 0.0, 0.10994488928074131, 0.0, 0.0)",17
5475,22,12,10,"(0.03430238418860796, 0.06927916245295945, 0.0759799333222407, 0.0017773360538905325, 0.0, 0.06291875767155253, 0.0, 0.10994488928074131, 0.0, 0.0)",8
5476,22,12,10,"(0.05655769736822526, 0.06927916245295945, 0.09682940930282144, 0.0026807420389902354, 0.0, 0.04408132419123034, 0.0, 0.10994488928074131, 0.0, 0.0)",1
5477,22,12,10,"(0.03550653097490399, 0.06927916245295945, 0.09682940930282144, 0.002428705931027496, 0.0, 0.06291875767155253, 0.0, 0.10994488928074131, 0.0, 0.0)",2
5478,22,12,10,"(0.026477468370513853, 0.06927916245295945, 0.09682940930282144, 0.0017773360538905325, 0.0, 0.07061926589766826, 0.0, 0.10994488928074131, 0.0, 0.0)",2
5479,22,12,10,"(0.03550653097490399, 0.06927916245295945, 0.09682940930282144, 0.0017773360538905325, 0.0, 0.06291875767155253, 0.0, 0.10994488928074131, 0.0, 0.0)",248
5480,22,13,6,"(0.032912074579098526, 0.011572197494497125, 0.0, 0.030181603934096246, 0.004724835089862908, 0.0, 0.019795240631728064, 0.0, 0.028146417112716555, 0.05874522297052942)",1
5481,22,13,6,"(0.03426039533065134, 0.0062799291514631225, 0.0, 0.030181603934096246, 0.005422768956954101, 0.0, 0.019795240631728064, 0.0, 0.028146417112716555, 0.05874522297052942)",1
5482,22,13,6,"(0.03426039533065134, 0.011572197494497125, 0.0, 0.030181603934096246, 0.0067778860366572435, 0.0, 0.019795240631728064, 0.0, 0.028146417112716555, 0.05874522297052942)",1
5483,22,13,6,"(0.03426039533065134, 0.011572197494497125, 0.0, 0.030181603934096246, 0.005422768956954101, 0.0, 0.019795240631728064, 0.0, 0.028146417112716555, 0.05874522297052942)",130
5484,22,13,6,"(0.03426039533065134, 0.011572197494497125, 0.0, 0.04254041806130105, 0.005422768956954101, 0.0, 0.019795240631728064, 0.0, 0.028146417112716555, 0.05874522297052942)",1
5485,22,14,11,"(0.0, 0.0, 0.09864539577037362, 0.01650583712158267, 0.0, 0.030645849071221472, 0.16773790467281977, 0.01666026581463749, 0.026121609841380632, 0.0)",2
5486,22,14,11,"(0.0, 0.0, 0.07563427679391872, 0.01650583712158267, 0.0, 0.030645849071221472, 0.16773790467281977, 0.046237642847009, 0.026121609841380632, 0.0)",13
5487,22,14,11,"(0.0, 0.0, 0.09864539577037362, 0.01650583712158267, 0.0, 0.030645849071221472, 0.16773790467281977, 0.046237642847009, 0.026121609841380632, 0.0)",237
5488,22,14,11,"(0.0, 0.0, 0.09864539577037362, 0.010994525295351687, 0.0, 0.030645849071221472, 0.16773790467281977, 0.046237642847009, 0.026121609841380632, 0.0)",41
5489,22,14,11,"(0.0, 0.0, 0.09864539577037362, 0.01650583712158267, 0.0, 0.029206412338844072, 0.16773790467281977, 0.046237642847009, 0.026121609841380632, 0.0)",1
5490,22,14,11,"(0.0, 0.0, 0.1251303830634295, 0.01650583712158267, 0.0, 0.030645849071221472, 0.16773790467281977, 0.046237642847009, 0.026121609841380632, 0.0)",1
5491,22,14,13,"(0.0, 0.02461978404713738, 0.023035932332134326, 0.0, 0.01810411441758469, 0.02149831587977021, 0.0, 0.0, 0.01089208668844536, 0.00476393156717078)",2
5492,22,14,13,"(0.0, 0.02461978404713738, 0.023035932332134326, 0.0, 0.012288595212150649, 0.022173256981297827, 0.0, 0.0, 0.01089208668844536, 0.00476393156717078)",1
5493,22,14,13,"(0.0, 0.02461978404713738, 0.02830593238240913, 0.0, 0.01810411441758469, 0.022173256981297827, 0.0, 0.0, 0.01089208668844536, 0.00476393156717078)",1
5494,22,14,13,"(0.0, 0.02461978404713738, 0.023035932332134326, 0.0, 0.02154551357743881, 0.022173256981297827, 0.0, 0.0, 0.01089208668844536, 0.00476393156717078)",1
5495,22,14,13,"(0.0, 0.02461978404713738, 0.023035932332134326, 0.0, 0.01810411441758469, 0.022173256981297827, 0.0, 0.0, 0.01089208668844536, 0.00476393156717078)",285
5496,22,14,13,"(0.0, 0.02461978404713738, 0.023035932332134326, 0.0, 0.01810411441758469, 0.022173256981297827, 0.0, 0.0, 0.01089208668844536, 0.002695228159692996)",12
5497,22,15,11,"(0.0, 0.0, 0.11839367174953695, 0.01650583712158267, 0.0, 0.02838637718267742, 0.32958918498306866, 0.0404147798164449, 0.026121609841380632, 0.0)",1
5498,22,15,11,"(0.0, 0.0, 0.11839367174953695, 0.016607535010107328, 0.0, 0.030645849071221472, 0.16773790467281977, 0.0404147798164449, 0.03457393493532383, 0.0)",3
5499,22,15,11,"(0.0, 0.0, 0.11839367174953695, 0.020184011288218576, 0.0, 0.030645849071221472, 0.16773790467281977, 0.0404147798164449, 0.026121609841380632, 0.0)",2
5500,22,15,11,"(0.0, 0.0, 0.11839367174953695, 0.01650583712158267, 0.0, 0.030645849071221472, 0.16773790467281977, 0.050916340489013334, 0.026121609841380632, 0.0)",1
5501,22,15,11,"(0.0, 0.0, 0.11839367174953695, 0.01115137502866419, 0.0, 0.025709009040639594, 0.16773790467281977, 0.0404147798164449, 0.026121609841380632, 0.0)",1
5502,22,15,11,"(0.0, 0.0, 0.11839367174953695, 0.03707526315242408, 0.0, 0.028051925740683617, 0.17139529398668893, 0.0404147798164449, 0.026121609841380632, 0.0)",1
5503,22,15,11,"(0.0, 0.0, 0.14193856967825647, 0.01650583712158267, 0.0, 0.030645849071221472, 0.16773790467281977, 0.0404147798164449, 0.026121609841380632, 0.0)",4
5504,22,15,11,"(0.0, 0.0, 0.11173458879934857, 0.01650583712158267, 0.0, 0.030645849071221472, 0.16773790467281977, 0.0404147798164449, 0.016633656196033766, 0.0)",2
5505,22,15,11,"(0.0, 0.0, 0.1385587774382036, 0.01650583712158267, 0.0, 0.030645849071221472, 0.16773790467281977, 0.0404147798164449, 0.026121609841380632, 0.0)",2
5506,22,15,11,"(0.0, 0.0, 0.11839367174953695, 0.01650583712158267, 0.0, 0.030645849071221472, 0.16773790467281977, 0.031853420318474095, 0.026121609841380632, 0.0)",3
5507,22,15,11,"(0.0, 0.0, 0.11839367174953695, 0.02681401945131993, 0.0, 0.030645849071221472, 0.16773790467281977, 0.0404147798164449, 0.026121609841380632, 0.0)",1
5508,22,15,11,"(0.0, 0.0, 0.11839367174953695, 0.01650583712158267, 0.0, 0.030645849071221472, 0.16773790467281977, 0.0404147798164449, 0.026121609841380632, 0.0)",592
5509,22,16,1,"(0.0, 0.0, 0.041406372128065916, 0.0, 0.0, 0.02572286260592535, 0.0, 0.0, 0.0, 0.09965925051150999)",21
5510,22,16,1,"(0.0, 0.0, 0.041406372128065916, 0.0, 0.0, 0.0199117526153351, 0.0, 0.0, 0.0, 0.08684562133633301)",1
5511,22,16,1,"(0.0, 0.0, 0.041406372128065916, 0.0, 0.0, 0.0199117526153351, 0.0, 0.0, 0.0, 0.10144556712572646)",1
5512,22,16,1,"(0.0, 0.0, 0.041406372128065916, 0.0, 0.0, 0.022596642217025825, 0.0, 0.0, 0.0, 0.09965925051150999)",1
5513,22,16,1,"(0.0, 0.0, 0.1445279256393337, 0.0, 0.0, 0.026756663882518357, 0.0, 0.0, 0.0, 0.09965925051150999)",1
5514,22,16,1,"(0.0, 0.0, 0.027263267651177852, 0.0, 0.0, 0.0199117526153351, 0.0, 0.0, 0.0, 0.09965925051150999)",2
5515,22,16,1,"(0.0, 0.0, 0.041406372128065916, 0.0, 0.0, 0.0199117526153351, 0.0, 0.0, 0.0, 0.13060580166548438)",1
5516,22,16,1,"(0.0, 0.0, 0.041406372128065916, 0.0, 0.0, 0.021014073076494794, 0.0, 0.0, 0.0, 0.08034846562173452)",2
5517,22,16,1,"(0.0, 0.0, 0.027448046282926224, 0.0, 0.0, 0.0199117526153351, 0.0, 0.0, 0.0, 0.09965925051150999)",6
5518,22,16,1,"(0.0, 0.0, 0.0394450850537383, 0.0, 0.0, 0.0199117526153351, 0.0, 0.0, 0.0, 0.09965925051150999)",19
5519,22,16,1,"(0.0, 0.0, 0.041406372128065916, 0.0, 0.0, 0.025983271789869426, 0.0, 0.0, 0.0, 0.08548040213209804)",1
5520,22,16,1,"(0.0, 0.0, 0.041406372128065916, 0.0, 0.0, 0.0199117526153351, 0.0, 0.0, 0.0, 0.09965925051150999)",621
5521,22,16,1,"(0.0, 0.0, 0.041406372128065916, 0.0, 0.0, 0.014642377482268659, 0.0, 0.0, 0.0, 0.09965925051150999)",1
5522,22,16,8,"(0.16507889091742442, 0.046525949225991035, 0.0, 0.0, 0.07022106556493442, 0.0, 0.08319516954615302, 0.1116381245929446, 0.0, 0.0)",180
5523,22,16,8,"(0.16507889091742442, 0.046525949225991035, 0.0, 0.0, 0.07022106556493442, 0.0, 0.08319516954615302, 0.08808867824268424, 0.0, 0.0)",1
5524,22,17,1,"(0.0, 0.0, 0.10922905711608999, 0.0, 0.0, 0.030018978917809972, 0.0, 0.0, 0.0, 0.10436705401422228)",7
5525,22,17,1,"(0.0, 0.0, 0.10922905711608999, 0.0, 0.0, 0.030018978917809972, 0.0, 0.0, 0.0, 0.12752960964566987)",18
5526,22,17,1,"(0.0, 0.0, 0.0942160350354087, 0.0, 0.0, 0.030018978917809972, 0.0, 0.0, 0.0, 0.0910060267578522)",1
5527,22,17,1,"(0.0, 0.0, 0.10922905711608999, 0.0, 0.0, 0.024773510565717968, 0.0, 0.0, 0.0, 0.0910060267578522)",1
5528,22,17,1,"(0.0, 0.0, 0.11533283818416708, 0.0, 0.0, 0.018500628827464432, 0.0, 0.0, 0.0, 0.0910060267578522)",5
5529,22,17,1,"(0.0, 0.0, 0.08854574211977755, 0.0, 0.0, 0.030018978917809972, 0.0, 0.0, 0.0, 0.0910060267578522)",1
5530,22,17,1,"(0.0, 0.0, 0.0725210313568746, 0.0, 0.0, 0.030018978917809972, 0.0, 0.0, 0.0, 0.0910060267578522)",1
5531,22,17,1,"(0.0, 0.0, 0.14618485121146338, 0.0, 0.0, 0.030018978917809972, 0.0, 0.0, 0.0, 0.10088967941003639)",1
5532,22,17,1,"(0.0, 0.0, 0.10922905711608999, 0.0, 0.0, 0.030018978917809972, 0.0, 0.0, 0.0, 0.0910060267578522)",596
5533,22,17,1,"(0.0, 0.0, 0.10922905711608999, 0.0, 0.0, 0.03105592882497612, 0.0, 0.0, 0.0, 0.1247871622931535)",37
5534,22,17,1,"(0.0, 0.0, 0.10922905711608999, 0.0, 0.0, 0.030018978917809972, 0.0, 0.0, 0.0, 0.13229799438297463)",1
5535,22,17,1,"(0.0, 0.0, 0.10922905711608999, 0.0, 0.0, 0.030018978917809972, 0.0, 0.0, 0.0, 0.07985449888485023)",1
5536,22,17,8,"(0.19235562551390653, 0.04632028014141928, 0.0, 0.0, 0.07280133662690157, 0.0, 0.08319516954615302, 0.1116381245929446, 0.0, 0.0)",5
5537,22,17,8,"(0.19235562551390653, 0.04632028014141928, 0.0, 0.0, 0.07022106556493442, 0.0, 0.07168829537343974, 0.1116381245929446, 0.0, 0.0)",4
5538,22,17,8,"(0.19235562551390653, 0.04632028014141928, 0.0, 0.0, 0.07022106556493442, 0.0, 0.08379006969133626, 0.1116381245929446, 0.0, 0.0)",3
5539,22,17,8,"(0.19235562551390653, 0.04632028014141928, 0.0, 0.0, 0.07022106556493442, 0.0, 0.08319516954615302, 0.1116381245929446, 0.0, 0.0)",231
5540,22,17,8,"(0.19235562551390653, 0.04632028014141928, 0.0, 0.0, 0.07022106556493442, 0.0, 0.08319516954615302, 0.13459944933991913, 0.0, 0.0)",4
5541,22,18,10,"(0.07734904686468291, 0.06927916245295945, 0.12090753172308036, 0.0017773360538905325, 0.0, 0.06291875767155253, 0.0, 0.10994488928074131, 0.0, 0.0)",2
5542,22,18,10,"(0.07734904686468291, 0.06927916245295945, 0.09682940930282144, 0.0015152251224810817, 0.0, 0.06291875767155253, 0.0, 0.10994488928074131, 0.0, 0.0)",2
5543,22,18,10,"(0.07734904686468291, 0.06927916245295945, 0.09682940930282144, 0.0017773360538905325, 0.0, 0.06291875767155253, 0.0, 0.10994488928074131, 0.0, 0.0)",143
5544,22,18,10,"(0.09956706298232185, 0.06927916245295945, 0.09682940930282144, 0.0017773360538905325, 0.0, 0.06291875767155253, 0.0, 0.10994488928074131, 0.0, 0.0)",1
5545,22,18,10,"(0.07734904686468291, 0.06927916245295945, 0.04282565465959066, 0.002069993124760959, 0.0, 0.06291875767155253, 0.0, 0.10994488928074131, 0.0, 0.0)",2
5546,22,18,10,"(0.07734904686468291, 0.059056938798121746, 0.09682940930282144, 0.0017773360538905325, 0.0, 0.06291875767155253, 0.0, 0.10994488928074131, 0.0, 0.0)",3
5547,22,18,11,"(0.0, 0.0, 0.09864539577037362, 0.0075982266770040635, 0.0, 0.03128168318348195, 0.16773790467281977, 0.08028238650273146, 0.02873308956446372, 0.0)",1
5548,22,18,11,"(0.0, 0.0, 0.09864539577037362, 0.01650583712158267, 0.0, 0.030645849071221472, 0.16773790467281977, 0.08028238650273146, 0.02873308956446372, 0.0)",222
5549,22,18,11,"(0.0, 0.0, 0.08898107447558858, 0.01650583712158267, 0.0, 0.03150275214907511, 0.1453397834177312, 0.08028238650273146, 0.026121609841380632, 0.0)",1
5550,22,18,11,"(0.0, 0.0, 0.09864539577037362, 0.017422054368875773, 0.0, 0.03863464229997712, 0.16773790467281977, 0.08028238650273146, 0.02873308956446372, 0.0)",6
5551,22,18,11,"(0.0, 0.0, 0.08898107447558858, 0.01650583712158267, 0.0, 0.03150275214907511, 0.13038533056739307, 0.08028238650273146, 0.026121609841380632, 0.0)",213
5552,22,18,11,"(0.0, 0.0, 0.09864539577037362, 0.01650583712158267, 0.0, 0.030645849071221472, 0.16773790467281977, 0.08028238650273146, 0.020108621469095485, 0.0)",32
5553,22,18,11,"(0.0, 0.0, 0.09864539577037362, 0.009911019188796806, 0.0, 0.030645849071221472, 0.16773790467281977, 0.08028238650273146, 0.02873308956446372, 0.0)",7
5554,22,18,11,"(0.0, 0.0, 0.09864539577037362, 0.01650583712158267, 0.0, 0.03150275214907511, 0.13038533056739307, 0.08028238650273146, 0.026121609841380632, 0.0)",91
5555,22,18,11,"(0.0, 0.0, 0.08898107447558858, 0.01650583712158267, 0.0, 0.023231606420580506, 0.13038533056739307, 0.08028238650273146, 0.026121609841380632, 0.0)",1
5556,22,18,11,"(0.0, 0.0, 0.09864539577037362, 0.01650583712158267, 0.0, 0.030645849071221472, 0.16773790467281977, 0.08829642184007648, 0.02873308956446372, 0.0)",2
5557,22,19,0,"(0.07400250769571483, 0.0, 0.0, 0.0, 0.0, 0.015501037088628763, 0.08380840797570269, 0.0691048466035698, 0.0, 0.0)",2
5558,22,19,0,"(0.07400250769571483, 0.0, 0.0, 0.0, 0.0, 0.026981205011426323, 0.08380840797570269, 0.0691048466035698, 0.0, 0.0)",1
5559,22,19,0,"(0.07400250769571483, 0.0, 0.0, 0.0, 0.0, 0.017098731129875016, 0.07720546006921555, 0.0374528434931333, 0.0, 0.0)",2
5560,22,19,0,"(0.07400250769571483, 0.0, 0.0, 0.0, 0.0, 0.017098731129875016, 0.08380840797570269, 0.0691048466035698, 0.0, 0.0)",217
5561,22,19,0,"(0.07400250769571483, 0.0, 0.0, 0.0, 0.0, 0.017098731129875016, 0.08380840797570269, 0.08382506956280379, 0.0, 0.0)",2
5562,22,19,13,"(0.0, 0.02461978404713738, 0.023035932332134326, 0.0, 0.01810411441758469, 0.022173256981297827, 0.0, 0.0, 0.008154831556255359, 0.00476393156717078)",1
5563,22,19,13,"(0.0, 0.02461978404713738, 0.023035932332134326, 0.0, 0.01810411441758469, 0.022173256981297827, 0.0, 0.0, 0.01089208668844536, 0.00476393156717078)",159
5564,22,19,13,"(0.0, 0.021002947425425435, 0.023035932332134326, 0.0, 0.01810411441758469, 0.022173256981297827, 0.0, 0.0, 0.01089208668844536, 0.00476393156717078)",5
5565,22,20,10,"(0.07734904686468291, 0.07909609113677502, 0.09682940930282144, 0.0017773360538905325, 0.0, 0.06291875767155253, 0.0, 0.10994488928074131, 0.0, 0.0)",2
5566,22,20,10,"(0.07734904686468291, 0.06927916245295945, 0.09682940930282144, 0.0017773360538905325, 0.0, 0.06291875767155253, 0.0, 0.10994488928074131, 0.0, 0.0)",113
5567,22,20,11,"(0.0, 0.0, 0.03664497950459847, 0.01650583712158267, 0.0, 0.02548938439096223, 0.09572491856946197, 0.08028238650273146, 0.036485718580663774, 0.0)",546
5568,22,20,11,"(0.0, 0.0, 0.041933972635650976, 0.01650583712158267, 0.0, 0.02548938439096223, 0.09572491856946197, 0.08028238650273146, 0.036485718580663774, 0.0)",1
5569,22,20,11,"(0.0, 0.0, 0.03664497950459847, 0.02060382167161357, 0.0, 0.02548938439096223, 0.09572491856946197, 0.08028238650273146, 0.036485718580663774, 0.0)",2
5570,22,20,11,"(0.0, 0.0, 0.03664497950459847, 0.012312621922028293, 0.0, 0.02548938439096223, 0.05492688418645738, 0.08028238650273146, 0.036485718580663774, 0.0)",1
5571,22,20,11,"(0.0, 0.0, 0.03664497950459847, 0.0183563235363553, 0.0, 0.02548938439096223, 0.09572491856946197, 0.08028238650273146, 0.036485718580663774, 0.0)",1
5572,22,20,11,"(0.0, 0.0, 0.03664497950459847, 0.01650583712158267, 0.0, 0.02548938439096223, 0.10095689797987363, 0.14346911191769568, 0.036485718580663774, 0.0)",1
5573,22,20,11,"(0.0, 0.0, 0.03664497950459847, 0.01650583712158267, 0.0, 0.02548938439096223, 0.09572491856946197, 0.08028238650273146, 0.03352722017685701, 0.0)",2
5574,22,20,11,"(0.0, 0.0, 0.03664497950459847, 0.01650583712158267, 0.0, 0.02548938439096223, 0.09572491856946197, 0.08028238650273146, 0.04073442968541965, 0.0)",10
5575,22,20,11,"(0.0, 0.0, 0.03664497950459847, 0.020382180553014478, 0.0, 0.02548938439096223, 0.09572491856946197, 0.08028238650273146, 0.036485718580663774, 0.0)",2
5576,22,20,11,"(0.0, 0.0, 0.08014159865348675, 0.01650583712158267, 0.0, 0.030645849071221472, 0.09572491856946197, 0.08028238650273146, 0.036485718580663774, 0.0)",13
5577,22,20,11,"(0.0, 0.0, 0.03664497950459847, 0.01650583712158267, 0.0, 0.012958705473346233, 0.09572491856946197, 0.08028238650273146, 0.04700699552744279, 0.0)",1
5578,22,20,11,"(0.0, 0.0, 0.03664497950459847, 0.01650583712158267, 0.0, 0.02548938439096223, 0.11859565154726787, 0.08028238650273146, 0.036485718580663774, 0.0)",1
5579,22,20,11,"(0.0, 0.0, 0.04315100619183582, 0.01650583712158267, 0.0, 0.02548938439096223, 0.09572491856946197, 0.08028238650273146, 0.036485718580663774, 0.0)",1
5580,22,20,11,"(0.0, 0.0, 0.03664497950459847, 0.01650583712158267, 0.0, 0.026567027376810146, 0.09572491856946197, 0.08028238650273146, 0.036485718580663774, 0.0)",1
5581,22,20,11,"(0.0, 0.0, 0.04396126583314696, 0.01650583712158267, 0.0, 0.03175566850797115, 0.09572491856946197, 0.08028238650273146, 0.029435326477691415, 0.0)",2
5582,23,0,6,"(0.03426039533065134, 0.011572197494497125, 0.0, 0.030181603934096246, 0.005422768956954101, 0.0, 0.019795240631728064, 0.0, 0.028146417112716555, 0.05874522297052942)",168
5583,23,0,6,"(0.03426039533065134, 0.011572197494497125, 0.0, 0.030181603934096246, 0.007505854811797572, 0.0, 0.019795240631728064, 0.0, 0.028146417112716555, 0.05874522297052942)",1
5584,23,0,11,"(0.0, 0.0, 0.06200374261520503, 0.010654525538403636, 0.0, 0.030645849071221472, 0.16773790467281977, 0.08943197057205102, 0.026121609841380632, 0.0)",3
5585,23,0,11,"(0.0, 0.0, 0.06200374261520503, 0.010654525538403636, 0.0, 0.030645849071221472, 0.16773790467281977, 0.13109278529043825, 0.026121609841380632, 0.0)",1
5586,23,0,11,"(0.0, 0.0, 0.06200374261520503, 0.010654525538403636, 0.0, 0.030645849071221472, 0.16773790467281977, 0.08028238650273146, 0.014942534862120816, 0.0)",1
5587,23,0,11,"(0.0, 0.0, 0.12880203165909934, 0.010654525538403636, 0.0, 0.030645849071221472, 0.16773790467281977, 0.08028238650273146, 0.026121609841380632, 0.0)",2
5588,23,0,11,"(0.0, 0.0, 0.04169522659952404, 0.010654525538403636, 0.0, 0.030645849071221472, 0.16773790467281977, 0.08028238650273146, 0.02598479845683616, 0.0)",1
5589,23,0,11,"(0.0, 0.0, 0.04169522659952404, 0.010654525538403636, 0.0, 0.030645849071221472, 0.16773790467281977, 0.08028238650273146, 0.026121609841380632, 0.0)",107
5590,23,0,11,"(0.0, 0.0, 0.04169522659952404, 0.010654525538403636, 0.0, 0.030645849071221472, 0.16773790467281977, 0.08028238650273146, 0.021417361942400247, 0.0)",10
5591,23,0,11,"(0.0, 0.0, 0.06200374261520503, 0.010654525538403636, 0.0, 0.030645849071221472, 0.16773790467281977, 0.08028238650273146, 0.026121609841380632, 0.0)",207
5592,23,1,6,"(0.03426039533065134, 0.007976883861624465, 0.0, 0.030181603934096246, 0.005422768956954101, 0.0, 0.019795240631728064, 0.0, 0.028146417112716555, 0.05874522297052942)",6
5593,23,1,6,"(0.03426039533065134, 0.011572197494497125, 0.0, 0.024395484569579323, 0.005422768956954101, 0.0, 0.019795240631728064, 0.0, 0.028146417112716555, 0.05874522297052942)",1
5594,23,1,6,"(0.03426039533065134, 0.011572197494497125, 0.0, 0.030181603934096246, 0.006567076431086823, 0.0, 0.019795240631728064, 0.0, 0.028146417112716555, 0.05874522297052942)",1
5595,23,1,6,"(0.03426039533065134, 0.011572197494497125, 0.0, 0.030181603934096246, 0.005422768956954101, 0.0, 0.019795240631728064, 0.0, 0.028146417112716555, 0.05874522297052942)",255
5596,23,1,6,"(0.03426039533065134, 0.011572197494497125, 0.0, 0.014694755801748456, 0.005422768956954101, 0.0, 0.019795240631728064, 0.0, 0.028146417112716555, 0.05874522297052942)",1
5597,23,1,6,"(0.03426039533065134, 0.011572197494497125, 0.0, 0.0385425591268055, 0.005422768956954101, 0.0, 0.019795240631728064, 0.0, 0.028146417112716555, 0.05874522297052942)",1
5598,23,1,6,"(0.03426039533065134, 0.006722609308866397, 0.0, 0.030181603934096246, 0.005422768956954101, 0.0, 0.019795240631728064, 0.0, 0.03402122143387584, 0.05874522297052942)",1
5599,23,1,6,"(0.03426039533065134, 0.011572197494497125, 0.0, 0.030181603934096246, 0.0036598829162945955, 0.0, 0.019795240631728064, 0.0, 0.028146417112716555, 0.04644660122630041)",7
5600,23,1,8,"(0.07111035742329365, 0.046525949225991035, 0.0, 0.0, 0.07022106556493442, 0.0, 0.06499228698411362, 0.1415123366655704, 0.0, 0.0)",1
5601,23,1,8,"(0.07111035742329365, 0.046525949225991035, 0.0, 0.0, 0.051217346146779696, 0.0, 0.08319516954615302, 0.1415123366655704, 0.0, 0.0)",24
5602,23,1,8,"(0.07111035742329365, 0.06403179972501755, 0.0, 0.0, 0.07022106556493442, 0.0, 0.08319516954615302, 0.1415123366655704, 0.0, 0.0)",13
5603,23,1,8,"(0.07111035742329365, 0.07743958913108362, 0.0, 0.0, 0.07022106556493442, 0.0, 0.08319516954615302, 0.1415123366655704, 0.0, 0.0)",1
5604,23,1,8,"(0.07111035742329365, 0.046525949225991035, 0.0, 0.0, 0.07022106556493442, 0.0, 0.08319516954615302, 0.1415123366655704, 0.0, 0.0)",137
5605,23,1,8,"(0.07111035742329365, 0.046525949225991035, 0.0, 0.0, 0.07022106556493442, 0.0, 0.07804391889481542, 0.14611709124221284, 0.0, 0.0)",1
5606,23,2,13,"(0.0, 0.02461978404713738, 0.023035932332134326, 0.0, 0.00970885425506607, 0.041291061522431644, 0.0, 0.0, 0.01089208668844536, 0.00476393156717078)",1
5607,23,2,13,"(0.0, 0.029533034760957182, 0.023035932332134326, 0.0, 0.00970885425506607, 0.022173256981297827, 0.0, 0.0, 0.01089208668844536, 0.00476393156717078)",9
5608,23,2,13,"(0.0, 0.02461978404713738, 0.023035932332134326, 0.0, 0.00864133103772339, 0.022173256981297827, 0.0, 0.0, 0.01089208668844536, 0.00476393156717078)",1
5609,23,2,13,"(0.0, 0.02461978404713738, 0.023035932332134326, 0.0, 0.00970885425506607, 0.022173256981297827, 0.0, 0.0, 0.01089208668844536, 0.00476393156717078)",376
5610,23,2,13,"(0.0, 0.02461978404713738, 0.023035932332134326, 0.0, 0.00970885425506607, 0.01309254534654425, 0.0, 0.0, 0.01089208668844536, 0.00476393156717078)",3
5611,23,3,13,"(0.0, 0.02461978404713738, 0.023035932332134326, 0.0, 0.01810411441758469, 0.022173256981297827, 0.0, 0.0, 0.01089208668844536, 0.0024406349647482155)",338
5612,23,3,13,"(0.0, 0.02461978404713738, 0.023035932332134326, 0.0, 0.01810411441758469, 0.022173256981297827, 0.0, 0.0, 0.022253602146191216, 0.0024406349647482155)",1
5613,23,3,13,"(0.0, 0.02461978404713738, 0.023035932332134326, 0.0, 0.01810411441758469, 0.022173256981297827, 0.0, 0.0, 0.01089208668844536, 0.0026638621543428314)",3
5614,23,3,13,"(0.0, 0.02461978404713738, 0.023035932332134326, 0.0, 0.01810411441758469, 0.01849963243657899, 0.0, 0.0, 0.01089208668844536, 0.0024406349647482155)",3
5615,23,3,13,"(0.0, 0.02461978404713738, 0.023035932332134326, 0.0, 0.01810411441758469, 0.022173256981297827, 0.0, 0.0, 0.01089208668844536, 0.0013068764785616777)",2
5616,23,3,13,"(0.0, 0.02461978404713738, 0.023035932332134326, 0.0, 0.02276955058449538, 0.022173256981297827, 0.0, 0.0, 0.01089208668844536, 0.0024406349647482155)",1
5617,23,3,13,"(0.0, 0.02461978404713738, 0.023035932332134326, 0.0, 0.01810411441758469, 0.028250177736059846, 0.0, 0.0, 0.01089208668844536, 0.0024406349647482155)",1
5618,23,4,11,"(0.0, 0.0, 0.09864539577037362, 0.01650583712158267, 0.0, 0.030645849071221472, 0.08153022673827125, 0.07240876560513207, 0.024850400892779498, 0.0)",1
5619,23,4,11,"(0.0, 0.0, 0.09864539577037362, 0.01650583712158267, 0.0, 0.030645849071221472, 0.08153022673827125, 0.08540737938113106, 0.026121609841380632, 0.0)",3
5620,23,4,11,"(0.0, 0.0, 0.09864539577037362, 0.01650583712158267, 0.0, 0.030645849071221472, 0.08153022673827125, 0.10196029825327897, 0.026121609841380632, 0.0)",35
5621,23,4,11,"(0.0, 0.0, 0.09864539577037362, 0.01650583712158267, 0.0, 0.030645849071221472, 0.08153022673827125, 0.07240876560513207, 0.029941856079678683, 0.0)",1
5622,23,4,11,"(0.0, 0.0, 0.09864539577037362, 0.01650583712158267, 0.0, 0.03583765835864569, 0.08153022673827125, 0.07240876560513207, 0.023533106745688235, 0.0)",3
5623,23,4,11,"(0.0, 0.0, 0.09864539577037362, 0.01650583712158267, 0.0, 0.03440976610609885, 0.08153022673827125, 0.07240876560513207, 0.026121609841380632, 0.0)",1
5624,23,4,11,"(0.0, 0.0, 0.09864539577037362, 0.01650583712158267, 0.0, 0.030645849071221472, 0.08153022673827125, 0.07240876560513207, 0.026121609841380632, 0.0)",432
5625,23,4,11,"(0.0, 0.0, 0.09864539577037362, 0.01650583712158267, 0.0, 0.030645849071221472, 0.08153022673827125, 0.05812919739272432, 0.026121609841380632, 0.0)",1
5626,23,4,11,"(0.0, 0.0, 0.20138941862783782, 0.01650583712158267, 0.0, 0.06097178168458871, 0.08153022673827125, 0.07240876560513207, 0.026121609841380632, 0.0)",11
5627,23,4,11,"(0.0, 0.0, 0.19457850560170134, 0.01650583712158267, 0.0, 0.04443678712999763, 0.08153022673827125, 0.07240876560513207, 0.026121609841380632, 0.0)",5
5628,23,5,0,"(0.07400250769571483, 0.0, 0.0, 0.0, 0.0, 0.05180762247323077, 0.08380840797570269, 0.05015325966666236, 0.0, 0.0)",7
5629,23,5,0,"(0.0702297799581562, 0.0, 0.0, 0.0, 0.0, 0.05180762247323077, 0.045278190232053525, 0.05015325966666236, 0.0, 0.0)",1
5630,23,5,0,"(0.07400250769571483, 0.0, 0.0, 0.0, 0.0, 0.05487578860594703, 0.08380840797570269, 0.046283280076369705, 0.0, 0.0)",1
5631,23,5,0,"(0.07400250769571483, 0.0, 0.0, 0.0, 0.0, 0.038664151314593, 0.08380840797570269, 0.03898516449909419, 0.0, 0.0)",1
5632,23,5,0,"(0.07400250769571483, 0.0, 0.0, 0.0, 0.0, 0.038664151314593, 0.08380840797570269, 0.046283280076369705, 0.0, 0.0)",54
5633,23,5,0,"(0.07400250769571483, 0.0, 0.0, 0.0, 0.0, 0.038664151314593, 0.08380840797570269, 0.051720777343621564, 0.0, 0.0)",1
5634,23,5,0,"(0.07400250769571483, 0.0, 0.0, 0.0, 0.0, 0.038664151314593, 0.09937175076976765, 0.05015325966666236, 0.0, 0.0)",28
5635,23,5,0,"(0.07400250769571483, 0.0, 0.0, 0.0, 0.0, 0.038664151314593, 0.08380840797570269, 0.05015325966666236, 0.0, 0.0)",160
5636,23,5,0,"(0.1160134655628329, 0.0, 0.0, 0.0, 0.0, 0.023524259961302578, 0.08380840797570269, 0.05015325966666236, 0.0, 0.0)",2
5637,23,5,0,"(0.06264993656599996, 0.0, 0.0, 0.0, 0.0, 0.11980092466900821, 0.0737097454520288, 0.03606520149906435, 0.0, 0.0)",1
5638,23,5,6,"(0.03426039533065134, 0.011572197494497125, 0.0, 0.030181603934096246, 0.004129165755904161, 0.0, 0.019795240631728064, 0.0, 0.028146417112716555, 0.05874522297052942)",5
5639,23,5,6,"(0.02768397695135939, 0.011572197494497125, 0.0, 0.030181603934096246, 0.005422768956954101, 0.0, 0.019795240631728064, 0.0, 0.028146417112716555, 0.05874522297052942)",2
5640,23,5,6,"(0.03426039533065134, 0.011572197494497125, 0.0, 0.025548857972419653, 0.005422768956954101, 0.0, 0.019795240631728064, 0.0, 0.028146417112716555, 0.05874522297052942)",3
5641,23,5,6,"(0.03426039533065134, 0.013225934316191864, 0.0, 0.030181603934096246, 0.005422768956954101, 0.0, 0.019795240631728064, 0.0, 0.02437382987229334, 0.05874522297052942)",2
5642,23,5,6,"(0.03426039533065134, 0.011572197494497125, 0.0, 0.030181603934096246, 0.005422768956954101, 0.0, 0.019795240631728064, 0.0, 0.0405199816460665, 0.05874522297052942)",34
5643,23,5,6,"(0.03426039533065134, 0.011572197494497125, 0.0, 0.030181603934096246, 0.0026296523085183117, 0.0, 0.019795240631728064, 0.0, 0.028146417112716555, 0.05874522297052942)",2
5644,23,5,6,"(0.03426039533065134, 0.011572197494497125, 0.0, 0.030181603934096246, 0.005422768956954101, 0.0, 0.019795240631728064, 0.0, 0.028146417112716555, 0.05874522297052942)",240
5645,23,5,6,"(0.03426039533065134, 0.010337429367775316, 0.0, 0.030181603934096246, 0.004129165755904161, 0.0, 0.019795240631728064, 0.0, 0.028146417112716555, 0.05874522297052942)",2
5646,23,6,0,"(0.07400250769571483, 0.0, 0.0, 0.0, 0.0, 0.017098731129875016, 0.08527423379585154, 0.0691048466035698, 0.0, 0.0)",1
5647,23,6,0,"(0.07928659857695611, 0.0, 0.0, 0.0, 0.0, 0.023269139385654718, 0.08380840797570269, 0.0691048466035698, 0.0, 0.0)",1
5648,23,6,0,"(0.07400250769571483, 0.0, 0.0, 0.0, 0.0, 0.0164627012498422, 0.08380840797570269, 0.0691048466035698, 0.0, 0.0)",1
5649,23,6,0,"(0.07400250769571483, 0.0, 0.0, 0.0, 0.0, 0.017098731129875016, 0.08380840797570269, 0.053837402123733114, 0.0, 0.0)",6
5650,23,6,0,"(0.07400250769571483, 0.0, 0.0, 0.0, 0.0, 0.017098731129875016, 0.08380840797570269, 0.05410602430916215, 0.0, 0.0)",1
5651,23,6,0,"(0.07400250769571483, 0.0, 0.0, 0.0, 0.0, 0.017098731129875016, 0.08380840797570269, 0.0715703576832279, 0.0, 0.0)",3
5652,23,6,0,"(0.07400250769571483, 0.0, 0.0, 0.0, 0.0, 0.017098731129875016, 0.08380840797570269, 0.04994118015352689, 0.0, 0.0)",132
5653,23,6,0,"(0.07400250769571483, 0.0, 0.0, 0.0, 0.0, 0.013673706520665485, 0.08380840797570269, 0.04867039670847621, 0.0, 0.0)",1
5654,23,6,0,"(0.07400250769571483, 0.0, 0.0, 0.0, 0.0, 0.017098731129875016, 0.08380840797570269, 0.0691048466035698, 0.0, 0.0)",94
5655,23,7,13,"(0.0, 0.02461978404713738, 0.023035932332134326, 0.0, 0.01810411441758469, 0.022173256981297827, 0.0, 0.0, 0.01089208668844536, 0.006513736391031096)",2
5656,23,7,13,"(0.0, 0.015594485167851377, 0.023035932332134326, 0.0, 0.01810411441758469, 0.022173256981297827, 0.0, 0.0, 0.01089208668844536, 0.00476393156717078)",1
5657,23,7,13,"(0.0, 0.01747469708740401, 0.023035932332134326, 0.0, 0.01810411441758469, 0.022173256981297827, 0.0, 0.0, 0.01089208668844536, 0.00476393156717078)",3
5658,23,7,13,"(0.0, 0.02461978404713738, 0.023035932332134326, 0.0, 0.009480972152333487, 0.022173256981297827, 0.0, 0.0, 0.01089208668844536, 0.00476393156717078)",1
5659,23,7,13,"(0.0, 0.02461978404713738, 0.023035932332134326, 0.0, 0.01810411441758469, 0.022173256981297827, 0.0, 0.0, 0.01089208668844536, 0.00476393156717078)",213
5660,23,7,13,"(0.0, 0.01747469708740401, 0.023035932332134326, 0.0, 0.01015300664018295, 0.022173256981297827, 0.0, 0.0, 0.01089208668844536, 0.00476393156717078)",2
5661,23,7,13,"(0.0, 0.02461978404713738, 0.023035932332134326, 0.0, 0.01810411441758469, 0.019357130577100964, 0.0, 0.0, 0.01089208668844536, 0.00476393156717078)",1
5662,23,8,6,"(0.03656180599521727, 0.011572197494497125, 0.0, 0.030181603934096246, 0.005422768956954101, 0.0, 0.02084646300026537, 0.0, 0.028146417112716555, 0.05874522297052942)",89
5663,23,8,6,"(0.03656180599521727, 0.011572197494497125, 0.0, 0.028173936029764122, 0.005422768956954101, 0.0, 0.02084646300026537, 0.0, 0.04764138623538066, 0.07012287481810689)",2
5664,23,8,6,"(0.03656180599521727, 0.011572197494497125, 0.0, 0.028173936029764122, 0.005422768956954101, 0.0, 0.02084646300026537, 0.0, 0.028146417112716555, 0.06190980887852822)",37
5665,23,8,6,"(0.03656180599521727, 0.011572197494497125, 0.0, 0.030181603934096246, 0.005422768956954101, 0.0, 0.02084646300026537, 0.0, 0.019110185008175597, 0.05874522297052942)",1
5666,23,8,6,"(0.03656180599521727, 0.011572197494497125, 0.0, 0.028173936029764122, 0.005422768956954101, 0.0, 0.02084646300026537, 0.0, 0.023577119675401194, 0.06190980887852822)",1
5667,23,8,11,"(0.0, 0.0, 0.09864539577037362, 0.03289815454646695, 0.0, 0.030645849071221472, 0.16773790467281977, 0.05487587528261972, 0.026121609841380632, 0.0)",52
5668,23,8,11,"(0.0, 0.0, 0.09864539577037362, 0.02150422363422624, 0.0, 0.033200407459914545, 0.119435842937449, 0.04384088914743009, 0.026121609841380632, 0.0)",1
5669,23,8,11,"(0.0, 0.0, 0.09864539577037362, 0.01650583712158267, 0.0, 0.030645849071221472, 0.16773790467281977, 0.05487587528261972, 0.026121609841380632, 0.0)",33
5670,23,8,11,"(0.0, 0.0, 0.08846205670711914, 0.02150422363422624, 0.0, 0.030645849071221472, 0.16773790467281977, 0.05487587528261972, 0.026121609841380632, 0.0)",1
5671,23,8,11,"(0.0, 0.0, 0.09864539577037362, 0.02150422363422624, 0.0, 0.030645849071221472, 0.16773790467281977, 0.0386197297757742, 0.026121609841380632, 0.0)",141
5672,23,8,11,"(0.0, 0.0, 0.09864539577037362, 0.02150422363422624, 0.0, 0.030645849071221472, 0.16773790467281977, 0.05487587528261972, 0.026121609841380632, 0.0)",173
5673,23,8,11,"(0.0, 0.0, 0.09864539577037362, 0.02150422363422624, 0.0, 0.030645849071221472, 0.16773790467281977, 0.051075249004878254, 0.026121609841380632, 0.0)",1
5674,23,9,11,"(0.0, 0.0, 0.06180351342174532, 0.01650583712158267, 0.0, 0.030645849071221472, 0.16243652964526273, 0.08028238650273146, 0.05012299433642849, 0.0)",3
5675,23,9,11,"(0.0, 0.0, 0.11650725745115434, 0.01650583712158267, 0.0, 0.030645849071221472, 0.16243652964526273, 0.08028238650273146, 0.026121609841380632, 0.0)",30
5676,23,9,11,"(0.0, 0.0, 0.09864539577037362, 0.01650583712158267, 0.0, 0.030645849071221472, 0.1289051997940318, 0.08028238650273146, 0.026121609841380632, 0.0)",1
5677,23,9,11,"(0.0, 0.0, 0.09864539577037362, 0.010960774420831564, 0.0, 0.030645849071221472, 0.16243652964526273, 0.08028238650273146, 0.026121609841380632, 0.0)",12
5678,23,9,11,"(0.0, 0.0, 0.11755819882518005, 0.01650583712158267, 0.0, 0.02375279233445006, 0.16773790467281977, 0.03871588245129684, 0.026121609841380632, 0.0)",3
5679,23,9,11,"(0.0, 0.0, 0.09864539577037362, 0.01650583712158267, 0.0, 0.030645849071221472, 0.16243652964526273, 0.08028238650273146, 0.026121609841380632, 0.0)",353
5680,23,9,11,"(0.0, 0.0, 0.11755819882518005, 0.01650583712158267, 0.0, 0.02375279233445006, 0.16773790467281977, 0.08028238650273146, 0.026121609841380632, 0.0)",133
5681,23,9,11,"(0.0, 0.0, 0.11064337155959708, 0.01650583712158267, 0.0, 0.07363795670644896, 0.14308302140088064, 0.1390688966662384, 0.026121609841380632, 0.0)",2
5682,23,10,13,"(0.0, 0.02461978404713738, 0.023035932332134326, 0.0, 0.01810411441758469, 0.022173256981297827, 0.0, 0.0, 0.012122752518063223, 0.00476393156717078)",31
5683,23,10,13,"(0.0, 0.02461978404713738, 0.055561184149856925, 0.0, 0.01810411441758469, 0.022173256981297827, 0.0, 0.0, 0.01089208668844536, 0.0035811834086928312)",1
5684,23,10,13,"(0.0, 0.02461978404713738, 0.023035932332134326, 0.0, 0.01810411441758469, 0.022173256981297827, 0.0, 0.0, 0.01089208668844536, 0.0035811834086928312)",18
5685,23,10,13,"(0.0, 0.02461978404713738, 0.023035932332134326, 0.0, 0.01810411441758469, 0.022173256981297827, 0.0, 0.0, 0.01089208668844536, 0.00476393156717078)",198
5686,23,11,13,"(0.0, 0.02461978404713738, 0.023035932332134326, 0.0, 0.014511752153891081, 0.022173256981297827, 0.0, 0.0, 0.01089208668844536, 0.004877052438702805)",2
5687,23,11,13,"(0.0, 0.02461978404713738, 0.023035932332134326, 0.0, 0.01810411441758469, 0.022173256981297827, 0.0, 0.0, 0.01950769907191792, 0.00476393156717078)",1
5688,23,11,13,"(0.0, 0.017533544034867697, 0.023035932332134326, 0.0, 0.01810411441758469, 0.022173256981297827, 0.0, 0.0, 0.01089208668844536, 0.00476393156717078)",1
5689,23,11,13,"(0.0, 0.02461978404713738, 0.023035932332134326, 0.0, 0.01810411441758469, 0.022173256981297827, 0.0, 0.0, 0.007140621513594779, 0.00476393156717078)",1
5690,23,11,13,"(0.0, 0.029902602933376828, 0.023035932332134326, 0.0, 0.01810411441758469, 0.022173256981297827, 0.0, 0.0, 0.01089208668844536, 0.00476393156717078)",1
5691,23,11,13,"(0.0, 0.02461978404713738, 0.023035932332134326, 0.0, 0.01810411441758469, 0.022173256981297827, 0.0, 0.0, 0.01089208668844536, 0.00476393156717078)",310
5692,23,11,13,"(0.0, 0.02461978404713738, 0.023035932332134326, 0.0, 0.01810411441758469, 0.03310998522598165, 0.0, 0.0, 0.014015398325019175, 0.006269443443191277)",2
5693,23,11,13,"(0.0, 0.02461978404713738, 0.023035932332134326, 0.0, 0.01810411441758469, 0.022173256981297827, 0.0, 0.0, 0.01435228940501531, 0.00476393156717078)",1
5694,23,11,13,"(0.0, 0.02461978404713738, 0.023035932332134326, 0.0, 0.029689268994556296, 0.016428809352353385, 0.0, 0.0, 0.01089208668844536, 0.00476393156717078)",1
5695,23,11,13,"(0.0, 0.02461978404713738, 0.012568990180420701, 0.0, 0.01810411441758469, 0.022173256981297827, 0.0, 0.0, 0.01089208668844536, 0.00476393156717078)",1
5696,23,12,8,"(0.1613854324818733, 0.05650990252165093, 0.0, 0.0, 0.04573034632799446, 0.0, 0.08319516954615302, 0.1116381245929446, 0.0, 0.0)",1
5697,23,12,8,"(0.20581120309005801, 0.046525949225991035, 0.0, 0.0, 0.04573034632799446, 0.0, 0.06554533266124946, 0.1116381245929446, 0.0, 0.0)",13
5698,23,12,8,"(0.19235562551390653, 0.046525949225991035, 0.0, 0.0, 0.04573034632799446, 0.0, 0.08319516954615302, 0.1116381245929446, 0.0, 0.0)",224
5699,23,12,8,"(0.30077132145805413, 0.046525949225991035, 0.0, 0.0, 0.04573034632799446, 0.0, 0.053060130525481745, 0.1116381245929446, 0.0, 0.0)",1
5700,23,12,8,"(0.20581120309005801, 0.046525949225991035, 0.0, 0.0, 0.04573034632799446, 0.0, 0.06554533266124946, 0.17314557454368323, 0.0, 0.0)",6
5701,23,12,8,"(0.19235562551390653, 0.025162257956125856, 0.0, 0.0, 0.03684509360664651, 0.0, 0.08319516954615302, 0.09248921909426938, 0.0, 0.0)",1
5702,23,12,10,"(0.07734904686468291, 0.06927916245295945, 0.09682940930282144, 0.0017773360538905325, 0.0, 0.06291875767155253, 0.0, 0.10994488928074131, 0.0, 0.0)",21
5703,23,12,10,"(0.03550653097490399, 0.13589621679655528, 0.09682940930282144, 0.0017773360538905325, 0.0, 0.06291875767155253, 0.0, 0.10994488928074131, 0.0, 0.0)",1
5704,23,12,10,"(0.03550653097490399, 0.06927916245295945, 0.09682940930282144, 0.0017773360538905325, 0.0, 0.06291875767155253, 0.0, 0.10994488928074131, 0.0, 0.0)",220
5705,23,12,10,"(0.05655769736822526, 0.06927916245295945, 0.09682940930282144, 0.0026807420389902354, 0.0, 0.04408132419123034, 0.0, 0.10994488928074131, 0.0, 0.0)",1
5706,23,12,10,"(0.03550653097490399, 0.04671407423640862, 0.09682940930282144, 0.0017773360538905325, 0.0, 0.10190441334974464, 0.0, 0.15116051293633492, 0.0, 0.0)",3
5707,23,12,10,"(0.03550653097490399, 0.10699482167723519, 0.09682940930282144, 0.0017773360538905325, 0.0, 0.06291875767155253, 0.0, 0.10994488928074131, 0.0, 0.0)",1
5708,23,13,6,"(0.03426039533065134, 0.011572197494497125, 0.0, 0.030181603934096246, 0.005422768956954101, 0.0, 0.019795240631728064, 0.0, 0.028146417112716555, 0.05116630031892697)",2
5709,23,13,6,"(0.03426039533065134, 0.011572197494497125, 0.0, 0.030181603934096246, 0.005422768956954101, 0.0, 0.019795240631728064, 0.0, 0.028146417112716555, 0.06275566685093739)",2
5710,23,13,6,"(0.03426039533065134, 0.011572197494497125, 0.0, 0.030181603934096246, 0.005422768956954101, 0.0, 0.019795240631728064, 0.0, 0.028146417112716555, 0.05874522297052942)",148
5711,23,14,11,"(0.0, 0.0, 0.09864539577037362, 0.01650583712158267, 0.0, 0.030645849071221472, 0.16773790467281977, 0.046237642847009, 0.026121609841380632, 0.0)",62
5712,23,14,11,"(0.0, 0.0, 0.07563427679391872, 0.01650583712158267, 0.0, 0.030645849071221472, 0.16773790467281977, 0.046237642847009, 0.029084673339347306, 0.0)",1
5713,23,14,11,"(0.0, 0.0, 0.07563427679391872, 0.01650583712158267, 0.0, 0.030645849071221472, 0.16773790467281977, 0.046237642847009, 0.026121609841380632, 0.0)",127
5714,23,14,11,"(0.0, 0.0, 0.09864539577037362, 0.01650583712158267, 0.0, 0.030645849071221472, 0.16773790467281977, 0.03828338018642072, 0.026121609841380632, 0.0)",1
5715,23,14,11,"(0.0, 0.0, 0.03235246348295836, 0.01650583712158267, 0.0, 0.030645849071221472, 0.16773790467281977, 0.046237642847009, 0.026121609841380632, 0.0)",4
5716,23,14,11,"(0.0, 0.0, 0.07563427679391872, 0.0216225493047391, 0.0, 0.030645849071221472, 0.16773790467281977, 0.046237642847009, 0.026121609841380632, 0.0)",3
5717,23,14,13,"(0.0, 0.022297663254520695, 0.009498275641057898, 0.0, 0.01810411441758469, 0.022173256981297827, 0.0, 0.0, 0.01089208668844536, 0.00476393156717078)",2
5718,23,14,13,"(0.0, 0.02854296444596619, 0.023035932332134326, 0.0, 0.01810411441758469, 0.03396342924238707, 0.0, 0.0, 0.01809251111582576, 0.005115926748714072)",1
5719,23,14,13,"(0.0, 0.02461978404713738, 0.011686260622509907, 0.0, 0.01810411441758469, 0.022173256981297827, 0.0, 0.0, 0.01089208668844536, 0.00476393156717078)",7
5720,23,14,13,"(0.0, 0.02461978404713738, 0.023035932332134326, 0.0, 0.01810411441758469, 0.022173256981297827, 0.0, 0.0, 0.01089208668844536, 0.00476393156717078)",382
5721,23,14,13,"(0.0, 0.032356355737970306, 0.023035932332134326, 0.0, 0.01810411441758469, 0.022173256981297827, 0.0, 0.0, 0.01089208668844536, 0.00476393156717078)",1
5722,23,14,13,"(0.0, 0.02461978404713738, 0.02901337590543582, 0.0, 0.01810411441758469, 0.022173256981297827, 0.0, 0.0, 0.01089208668844536, 0.00476393156717078)",3
5723,23,14,13,"(0.0, 0.02461978404713738, 0.023035932332134326, 0.0, 0.01810411441758469, 0.02189583455807252, 0.0, 0.0, 0.008659631770924945, 0.00476393156717078)",1
5724,23,14,13,"(0.0, 0.02461978404713738, 0.023035932332134326, 0.0, 0.019966034907908766, 0.022173256981297827, 0.0, 0.0, 0.007320697139173544, 0.006972669612459366)",1
5725,23,14,13,"(0.0, 0.02461978404713738, 0.023035932332134326, 0.0, 0.01810411441758469, 0.022173256981297827, 0.0, 0.0, 0.010503921609905013, 0.009550679805061605)",1
5726,23,15,11,"(0.0, 0.0, 0.0884654438410057, 0.01650583712158267, 0.0, 0.030645849071221472, 0.16773790467281977, 0.0404147798164449, 0.026121609841380632, 0.0)",2
5727,23,15,11,"(0.0, 0.0, 0.11043291953321578, 0.011801360265920796, 0.0, 0.030645849071221472, 0.16773790467281977, 0.0404147798164449, 0.026121609841380632, 0.0)",1
5728,23,15,11,"(0.0, 0.0, 0.11839367174953695, 0.01650583712158267, 0.0, 0.030645849071221472, 0.16773790467281977, 0.0404147798164449, 0.026121609841380632, 0.0)",589
5729,23,15,11,"(0.0, 0.0, 0.11173458879934857, 0.01650583712158267, 0.0, 0.030645849071221472, 0.16773790467281977, 0.0404147798164449, 0.016633656196033766, 0.0)",16
5730,23,15,11,"(0.0, 0.0, 0.11839367174953695, 0.01650583712158267, 0.0, 0.030645849071221472, 0.16773790467281977, 0.04833674662436843, 0.026121609841380632, 0.0)",1
5731,23,15,11,"(0.0, 0.0, 0.11839367174953695, 0.01650583712158267, 0.0, 0.030645849071221472, 0.13078463317818081, 0.0404147798164449, 0.026121609841380632, 0.0)",1
5732,23,15,11,"(0.0, 0.0, 0.11839367174953695, 0.01650583712158267, 0.0, 0.030645849071221472, 0.21741887574876778, 0.0404147798164449, 0.03329253422231109, 0.0)",2
5733,23,15,11,"(0.0, 0.0, 0.19520781491172462, 0.01650583712158267, 0.0, 0.030645849071221472, 0.16773790467281977, 0.0404147798164449, 0.026121609841380632, 0.0)",1
5734,23,15,11,"(0.0, 0.0, 0.14964403390966818, 0.01650583712158267, 0.0, 0.030645849071221472, 0.16773790467281977, 0.0404147798164449, 0.026121609841380632, 0.0)",1
5735,23,15,11,"(0.0, 0.0, 0.11839367174953695, 0.01650583712158267, 0.0, 0.02913440543306964, 0.16773790467281977, 0.0404147798164449, 0.026121609841380632, 0.0)",4
5736,23,15,11,"(0.0, 0.0, 0.11839367174953695, 0.01650583712158267, 0.0, 0.030645849071221472, 0.237216282485821, 0.0404147798164449, 0.026121609841380632, 0.0)",2
5737,23,16,1,"(0.0, 0.0, 0.035431470221778595, 0.0, 0.0, 0.0199117526153351, 0.0, 0.0, 0.0, 0.09965925051150999)",2
5738,23,16,1,"(0.0, 0.0, 0.05054499667041099, 0.0, 0.0, 0.0199117526153351, 0.0, 0.0, 0.0, 0.09965925051150999)",4
5739,23,16,1,"(0.0, 0.0, 0.0637288863424589, 0.0, 0.0, 0.0199117526153351, 0.0, 0.0, 0.0, 0.08160807788392106)",1
5740,23,16,1,"(0.0, 0.0, 0.03854109061399758, 0.0, 0.0, 0.0199117526153351, 0.0, 0.0, 0.0, 0.09965925051150999)",1
5741,23,16,1,"(0.0, 0.0, 0.041406372128065916, 0.0, 0.0, 0.020084730876966217, 0.0, 0.0, 0.0, 0.09965925051150999)",1
5742,23,16,1,"(0.0, 0.0, 0.041406372128065916, 0.0, 0.0, 0.0199117526153351, 0.0, 0.0, 0.0, 0.09965925051150999)",645
5743,23,16,1,"(0.0, 0.0, 0.05700927670243973, 0.0, 0.0, 0.024322362823212366, 0.0, 0.0, 0.0, 0.09965925051150999)",2
5744,23,16,1,"(0.0, 0.0, 0.041406372128065916, 0.0, 0.0, 0.026498164876515413, 0.0, 0.0, 0.0, 0.09965925051150999)",1
5745,23,16,1,"(0.0, 0.0, 0.041406372128065916, 0.0, 0.0, 0.02572286260592535, 0.0, 0.0, 0.0, 0.10149442764993737)",1
5746,23,16,1,"(0.0, 0.0, 0.041406372128065916, 0.0, 0.0, 0.010827526848199404, 0.0, 0.0, 0.0, 0.09965925051150999)",1
5747,23,16,1,"(0.0, 0.0, 0.032440170870853456, 0.0, 0.0, 0.0199117526153351, 0.0, 0.0, 0.0, 0.1345556248346464)",3
5748,23,16,1,"(0.0, 0.0, 0.041406372128065916, 0.0, 0.0, 0.0199117526153351, 0.0, 0.0, 0.0, 0.1456062271395799)",1
5749,23,16,1,"(0.0, 0.0, 0.041406372128065916, 0.0, 0.0, 0.02572286260592535, 0.0, 0.0, 0.0, 0.09965925051150999)",42
5750,23,16,1,"(0.0, 0.0, 0.041406372128065916, 0.0, 0.0, 0.0199117526153351, 0.0, 0.0, 0.0, 0.08581683334614833)",2
5751,23,16,1,"(0.0, 0.0, 0.06369782947109437, 0.0, 0.0, 0.0199117526153351, 0.0, 0.0, 0.0, 0.12513998257115852)",1
5752,23,16,1,"(0.0, 0.0, 0.032440170870853456, 0.0, 0.0, 0.0199117526153351, 0.0, 0.0, 0.0, 0.09965925051150999)",2
5753,23,16,1,"(0.0, 0.0, 0.041406372128065916, 0.0, 0.0, 0.0199117526153351, 0.0, 0.0, 0.0, 0.10144556712572646)",14
5754,23,16,1,"(0.0, 0.0, 0.041406372128065916, 0.0, 0.0, 0.0199117526153351, 0.0, 0.0, 0.0, 0.047529216575968564)",13
5755,23,16,1,"(0.0, 0.0, 0.041406372128065916, 0.0, 0.0, 0.019200023738541808, 0.0, 0.0, 0.0, 0.09965925051150999)",1
5756,23,16,1,"(0.0, 0.0, 0.0436786650348932, 0.0, 0.0, 0.0199117526153351, 0.0, 0.0, 0.0, 0.09965925051150999)",1
5757,23,16,1,"(0.0, 0.0, 0.041406372128065916, 0.0, 0.0, 0.0199117526153351, 0.0, 0.0, 0.0, 0.06558091051816017)",1
5758,23,16,8,"(0.15939368841119428, 0.046525949225991035, 0.0, 0.0, 0.07022106556493442, 0.0, 0.08319516954615302, 0.1116381245929446, 0.0, 0.0)",1
5759,23,16,8,"(0.16507889091742442, 0.046525949225991035, 0.0, 0.0, 0.14145811290927354, 0.0, 0.08319516954615302, 0.1116381245929446, 0.0, 0.0)",1
5760,23,16,8,"(0.16507889091742442, 0.06199749400056466, 0.0, 0.0, 0.07022106556493442, 0.0, 0.08319516954615302, 0.1116381245929446, 0.0, 0.0)",1
5761,23,16,8,"(0.1450676338786122, 0.046525949225991035, 0.0, 0.0, 0.06491355871870408, 0.0, 0.08319516954615302, 0.1116381245929446, 0.0, 0.0)",2
5762,23,16,8,"(0.16507889091742442, 0.046525949225991035, 0.0, 0.0, 0.07022106556493442, 0.0, 0.08319516954615302, 0.1116381245929446, 0.0, 0.0)",234
5763,23,17,1,"(0.0, 0.0, 0.10922905711608999, 0.0, 0.0, 0.026983595514788194, 0.0, 0.0, 0.0, 0.0910060267578522)",12
5764,23,17,1,"(0.0, 0.0, 0.20462927988688034, 0.0, 0.0, 0.030018978917809972, 0.0, 0.0, 0.0, 0.0910060267578522)",1
5765,23,17,1,"(0.0, 0.0, 0.10922905711608999, 0.0, 0.0, 0.030018978917809972, 0.0, 0.0, 0.0, 0.16447175219082047)",1
5766,23,17,1,"(0.0, 0.0, 0.10922905711608999, 0.0, 0.0, 0.030018978917809972, 0.0, 0.0, 0.0, 0.12994175807512934)",1
5767,23,17,1,"(0.0, 0.0, 0.10731714992334006, 0.0, 0.0, 0.014386271155817306, 0.0, 0.0, 0.0, 0.0910060267578522)",1
5768,23,17,1,"(0.0, 0.0, 0.10922905711608999, 0.0, 0.0, 0.030018978917809972, 0.0, 0.0, 0.0, 0.0910060267578522)",651
5769,23,17,1,"(0.0, 0.0, 0.10922905711608999, 0.0, 0.0, 0.030018978917809972, 0.0, 0.0, 0.0, 0.12752960964566987)",18
5770,23,17,1,"(0.0, 0.0, 0.10922905711608999, 0.0, 0.0, 0.030018978917809972, 0.0, 0.0, 0.0, 0.057639819682740664)",2
5771,23,17,1,"(0.0, 0.0, 0.10922905711608999, 0.0, 0.0, 0.018297366233621087, 0.0, 0.0, 0.0, 0.0910060267578522)",2
5772,23,17,1,"(0.0, 0.0, 0.07993923542944739, 0.0, 0.0, 0.030018978917809972, 0.0, 0.0, 0.0, 0.0910060267578522)",1
5773,23,17,1,"(0.0, 0.0, 0.10922905711608999, 0.0, 0.0, 0.03325723398355113, 0.0, 0.0, 0.0, 0.0910060267578522)",1
5774,23,17,1,"(0.0, 0.0, 0.10922905711608999, 0.0, 0.0, 0.030018978917809972, 0.0, 0.0, 0.0, 0.10436705401422228)",17
5775,23,17,1,"(0.0, 0.0, 0.10922905711608999, 0.0, 0.0, 0.030018978917809972, 0.0, 0.0, 0.0, 0.19910807530349106)",1
5776,23,17,1,"(0.0, 0.0, 0.10922905711608999, 0.0, 0.0, 0.03285487306203359, 0.0, 0.0, 0.0, 0.10436705401422228)",1
5777,23,17,1,"(0.0, 0.0, 0.17651333560606322, 0.0, 0.0, 0.05698254306421027, 0.0, 0.0, 0.0, 0.0910060267578522)",1
5778,23,17,8,"(0.19235562551390653, 0.04632028014141928, 0.0, 0.0, 0.07022106556493442, 0.0, 0.08319516954615302, 0.13459944933991913, 0.0, 0.0)",26
5779,23,17,8,"(0.19235562551390653, 0.04632028014141928, 0.0, 0.0, 0.07022106556493442, 0.0, 0.08319516954615302, 0.1116381245929446, 0.0, 0.0)",182
5780,23,18,10,"(0.07734904686468291, 0.09299897080502764, 0.09682940930282144, 0.0012688615826507623, 0.0, 0.06291875767155253, 0.0, 0.10994488928074131, 0.0, 0.0)",1
5781,23,18,10,"(0.07734904686468291, 0.06927916245295945, 0.09682940930282144, 0.0017773360538905325, 0.0, 0.06291875767155253, 0.0, 0.10994488928074131, 0.0, 0.0)",145
5782,23,18,10,"(0.07734904686468291, 0.06927916245295945, 0.09682940930282144, 0.0017773360538905325, 0.0, 0.05395263307004833, 0.0, 0.10994488928074131, 0.0, 0.0)",4
5783,23,18,11,"(0.0, 0.0, 0.13873772059881173, 0.012624054835257177, 0.0, 0.05144106319939226, 0.16773790467281977, 0.08028238650273146, 0.02873308956446372, 0.0)",2
5784,23,18,11,"(0.0, 0.0, 0.08898107447558858, 0.01650583712158267, 0.0, 0.03150275214907511, 0.13038533056739307, 0.08028238650273146, 0.026121609841380632, 0.0)",210
5785,23,18,11,"(0.0, 0.0, 0.09864539577037362, 0.01650583712158267, 0.0, 0.030645849071221472, 0.16773790467281977, 0.08028238650273146, 0.029954983038300426, 0.0)",5
5786,23,18,11,"(0.0, 0.0, 0.09864539577037362, 0.01650583712158267, 0.0, 0.03150275214907511, 0.13038533056739307, 0.11688555749080767, 0.026121609841380632, 0.0)",2
5787,23,18,11,"(0.0, 0.0, 0.09864539577037362, 0.01650583712158267, 0.0, 0.030645849071221472, 0.16773790467281977, 0.06635622435617326, 0.02873308956446372, 0.0)",1
5788,23,18,11,"(0.0, 0.0, 0.09864539577037362, 0.01650583712158267, 0.0, 0.03150275214907511, 0.13038533056739307, 0.08028238650273146, 0.026121609841380632, 0.0)",60
5789,23,18,11,"(0.0, 0.0, 0.09864539577037362, 0.01650583712158267, 0.0, 0.030645849071221472, 0.16773790467281977, 0.08028238650273146, 0.02873308956446372, 0.0)",325
5790,23,18,11,"(0.0, 0.0, 0.09864539577037362, 0.01650583712158267, 0.0, 0.030645849071221472, 0.13244001451195844, 0.08028238650273146, 0.02873308956446372, 0.0)",1
5791,23,18,11,"(0.0, 0.0, 0.08898107447558858, 0.01650583712158267, 0.0, 0.03150275214907511, 0.13038533056739307, 0.0681268870604837, 0.020604333337054484, 0.0)",3
5792,23,18,11,"(0.0, 0.0, 0.09864539577037362, 0.01650583712158267, 0.0, 0.029438501729054375, 0.16773790467281977, 0.08028238650273146, 0.02873308956446372, 0.0)",3
5793,23,18,11,"(0.0, 0.0, 0.09864539577037362, 0.01650583712158267, 0.0, 0.030645849071221472, 0.16773790467281977, 0.08114233266449376, 0.02873308956446372, 0.0)",1
5794,23,19,0,"(0.07400250769571483, 0.0, 0.0, 0.0, 0.0, 0.017098731129875016, 0.08380840797570269, 0.0691048466035698, 0.0, 0.0)",130
5795,23,19,13,"(0.0, 0.02610071912768725, 0.023035932332134326, 0.0, 0.01810411441758469, 0.022173256981297827, 0.0, 0.0, 0.01089208668844536, 0.00476393156717078)",1
5796,23,19,13,"(0.0, 0.02461978404713738, 0.020236388292254662, 0.0, 0.01810411441758469, 0.02513209962493934, 0.0, 0.0, 0.01089208668844536, 0.003843874625950041)",1
5797,23,19,13,"(0.0, 0.02461978404713738, 0.017841949213140005, 0.0, 0.027712613921652248, 0.022173256981297827, 0.0, 0.0, 0.01089208668844536, 0.00476393156717078)",1
5798,23,19,13,"(0.0, 0.014377525237344185, 0.023035932332134326, 0.0, 0.01810411441758469, 0.022173256981297827, 0.0, 0.0, 0.01089208668844536, 0.00476393156717078)",2
5799,23,19,13,"(0.0, 0.02461978404713738, 0.020622243191071348, 0.0, 0.01810411441758469, 0.022173256981297827, 0.0, 0.0, 0.01089208668844536, 0.00476393156717078)",1
5800,23,19,13,"(0.0, 0.02461978404713738, 0.023035932332134326, 0.0, 0.01810411441758469, 0.030300971207075544, 0.0, 0.0, 0.01089208668844536, 0.00476393156717078)",1
5801,23,19,13,"(0.0, 0.03715663808403939, 0.023035932332134326, 0.0, 0.01810411441758469, 0.022173256981297827, 0.0, 0.0, 0.01089208668844536, 0.009620376761274668)",1
5802,23,19,13,"(0.0, 0.020048152251133985, 0.023035932332134326, 0.0, 0.020647241843810837, 0.022173256981297827, 0.0, 0.0, 0.01089208668844536, 0.006214672508614952)",1
5803,23,19,13,"(0.0, 0.02461978404713738, 0.023035932332134326, 0.0, 0.01810411441758469, 0.022173256981297827, 0.0, 0.0, 0.01089208668844536, 0.0038769063896122342)",1
5804,23,19,13,"(0.0, 0.02461978404713738, 0.023035932332134326, 0.0, 0.01810411441758469, 0.022173256981297827, 0.0, 0.0, 0.01089208668844536, 0.00476393156717078)",308
5805,23,19,13,"(0.0, 0.028262267456592806, 0.023035932332134326, 0.0, 0.01810411441758469, 0.022173256981297827, 0.0, 0.0, 0.011615169525349847, 0.006054298077533857)",1
5806,23,20,10,"(0.07734904686468291, 0.06927916245295945, 0.09682940930282144, 0.0017773360538905325, 0.0, 0.06291875767155253, 0.0, 0.10994488928074131, 0.0, 0.0)",129
5807,23,20,10,"(0.11317307846313565, 0.06927916245295945, 0.09682940930282144, 0.0017773360538905325, 0.0, 0.06291875767155253, 0.0, 0.10994488928074131, 0.0, 0.0)",2
5808,23,20,11,"(0.0, 0.0, 0.03664497950459847, 0.012312621922028293, 0.0, 0.02548938439096223, 0.05492688418645738, 0.08028238650273146, 0.036485718580663774, 0.0)",8
5809,23,20,11,"(0.0, 0.0, 0.040264408130274564, 0.01650583712158267, 0.0, 0.012327524154330832, 0.09572491856946197, 0.06453991081234721, 0.036485718580663774, 0.0)",4
5810,23,20,11,"(0.0, 0.0, 0.027755227490371945, 0.01650583712158267, 0.0, 0.02548938439096223, 0.09572491856946197, 0.08028238650273146, 0.036485718580663774, 0.0)",1
5811,23,20,11,"(0.0, 0.0, 0.03664497950459847, 0.01650583712158267, 0.0, 0.02548938439096223, 0.09572491856946197, 0.08028238650273146, 0.042237478696063646, 0.0)",7
5812,23,20,11,"(0.0, 0.0, 0.03664497950459847, 0.01650583712158267, 0.0, 0.02548938439096223, 0.09572491856946197, 0.08028238650273146, 0.036485718580663774, 0.0)",490
5813,23,20,11,"(0.0, 0.0, 0.05236596078079628, 0.01650583712158267, 0.0, 0.02548938439096223, 0.09572491856946197, 0.08028238650273146, 0.036485718580663774, 0.0)",1
5814,23,20,11,"(0.0, 0.0, 0.07201879475099285, 0.020851841626539663, 0.0, 0.030645849071221472, 0.09572491856946197, 0.08028238650273146, 0.036485718580663774, 0.0)",4
5815,23,20,11,"(0.0, 0.0, 0.03664497950459847, 0.01650583712158267, 0.0, 0.02548938439096223, 0.09572491856946197, 0.08028238650273146, 0.0600749425757301, 0.0)",2
5816,23,20,11,"(0.0, 0.0, 0.08014159865348675, 0.01650583712158267, 0.0, 0.030645849071221472, 0.09572491856946197, 0.08028238650273146, 0.036485718580663774, 0.0)",40
5817,23,20,11,"(0.0, 0.0, 0.04014683011064294, 0.01650583712158267, 0.0, 0.02548938439096223, 0.09572491856946197, 0.08028238650273146, 0.036485718580663774, 0.0)",1
5818,24,0,6,"(0.03426039533065134, 0.011572197494497125, 0.0, 0.030181603934096246, 0.005422768956954101, 0.0, 0.017690081360017214, 0.0, 0.028146417112716555, 0.12101790152926135)",1
5819,24,0,6,"(0.03426039533065134, 0.011572197494497125, 0.0, 0.030181603934096246, 0.005422768956954101, 0.0, 0.019795240631728064, 0.0, 0.028146417112716555, 0.05874522297052942)",160
5820,24,0,11,"(0.0, 0.0, 0.06200374261520503, 0.016364511767460656, 0.0, 0.030645849071221472, 0.16773790467281977, 0.08028238650273146, 0.011736415211382184, 0.0)",1
5821,24,0,11,"(0.0, 0.0, 0.10453056526811921, 0.010654525538403636, 0.0, 0.030645849071221472, 0.16773790467281977, 0.08028238650273146, 0.026121609841380632, 0.0)",1
5822,24,0,11,"(0.0, 0.0, 0.04169522659952404, 0.010654525538403636, 0.0, 0.030645849071221472, 0.16773790467281977, 0.08028238650273146, 0.026121609841380632, 0.0)",90
5823,24,0,11,"(0.0, 0.0, 0.06200374261520503, 0.010654525538403636, 0.0, 0.05222414541190035, 0.16773790467281977, 0.08028238650273146, 0.026121609841380632, 0.0)",2
5824,24,0,11,"(0.0, 0.0, 0.06200374261520503, 0.012578731381121996, 0.0, 0.030645849071221472, 0.16773790467281977, 0.08028238650273146, 0.01463101598694914, 0.0)",2
5825,24,0,11,"(0.0, 0.0, 0.04169522659952404, 0.010654525538403636, 0.0, 0.01565131051704464, 0.16773790467281977, 0.08028238650273146, 0.026121609841380632, 0.0)",1
5826,24,0,11,"(0.0, 0.0, 0.040294731126663375, 0.010654525538403636, 0.0, 0.030645849071221472, 0.08545735097183603, 0.08028238650273146, 0.026121609841380632, 0.0)",1
5827,24,0,11,"(0.0, 0.0, 0.06200374261520503, 0.010654525538403636, 0.0, 0.030645849071221472, 0.16773790467281977, 0.08028238650273146, 0.026121609841380632, 0.0)",285
5828,24,0,11,"(0.0, 0.0, 0.06200374261520503, 0.0072564304518220836, 0.0, 0.014408786917091392, 0.16773790467281977, 0.08028238650273146, 0.026121609841380632, 0.0)",2
5829,24,0,11,"(0.0, 0.0, 0.10216425608229347, 0.010192597908512447, 0.0, 0.030645849071221472, 0.16773790467281977, 0.08028238650273146, 0.026121609841380632, 0.0)",1
5830,24,0,11,"(0.0, 0.0, 0.06200374261520503, 0.010654525538403636, 0.0, 0.030645849071221472, 0.16773790467281977, 0.06471128129841798, 0.026121609841380632, 0.0)",1
5831,24,1,6,"(0.03426039533065134, 0.011240372736901583, 0.0, 0.030181603934096246, 0.005422768956954101, 0.0, 0.019795240631728064, 0.0, 0.03163139870165753, 0.05874522297052942)",1
5832,24,1,6,"(0.03225552166556745, 0.014648907857034882, 0.0, 0.030181603934096246, 0.005422768956954101, 0.0, 0.019795240631728064, 0.0, 0.028146417112716555, 0.05874522297052942)",1
5833,24,1,6,"(0.03426039533065134, 0.011572197494497125, 0.0, 0.030181603934096246, 0.005422768956954101, 0.0, 0.019795240631728064, 0.0, 0.03957530186643922, 0.05874522297052942)",1
5834,24,1,6,"(0.03225552166556745, 0.011572197494497125, 0.0, 0.030181603934096246, 0.005422768956954101, 0.0, 0.019795240631728064, 0.0, 0.028146417112716555, 0.05874522297052942)",1
5835,24,1,6,"(0.03426039533065134, 0.011572197494497125, 0.0, 0.030181603934096246, 0.005399482997883904, 0.0, 0.019795240631728064, 0.0, 0.028146417112716555, 0.05874522297052942)",2
5836,24,1,6,"(0.03426039533065134, 0.011572197494497125, 0.0, 0.030181603934096246, 0.005247318076905628, 0.0, 0.019795240631728064, 0.0, 0.028146417112716555, 0.05874522297052942)",2
5837,24,1,6,"(0.03426039533065134, 0.011572197494497125, 0.0, 0.014694755801748456, 0.005422768956954101, 0.0, 0.019795240631728064, 0.0, 0.028146417112716555, 0.05874522297052942)",33
5838,24,1,6,"(0.03426039533065134, 0.011572197494497125, 0.0, 0.030181603934096246, 0.00860031981060462, 0.0, 0.019795240631728064, 0.0, 0.028146417112716555, 0.05952984795433146)",1
5839,24,1,6,"(0.03426039533065134, 0.011572197494497125, 0.0, 0.030181603934096246, 0.005422768956954101, 0.0, 0.019795240631728064, 0.0, 0.028146417112716555, 0.05874522297052942)",247
5840,24,1,8,"(0.07111035742329365, 0.06403179972501755, 0.0, 0.0, 0.07022106556493442, 0.0, 0.08319516954615302, 0.1415123366655704, 0.0, 0.0)",19
5841,24,1,8,"(0.07111035742329365, 0.046525949225991035, 0.0, 0.0, 0.07022106556493442, 0.0, 0.08319516954615302, 0.11378399884670892, 0.0, 0.0)",1
5842,24,1,8,"(0.06288008876205382, 0.046525949225991035, 0.0, 0.0, 0.051217346146779696, 0.0, 0.08319516954615302, 0.1415123366655704, 0.0, 0.0)",1
5843,24,1,8,"(0.07111035742329365, 0.06403179972501755, 0.0, 0.0, 0.07022106556493442, 0.0, 0.07467713212283392, 0.1415123366655704, 0.0, 0.0)",3
5844,24,1,8,"(0.07111035742329365, 0.046525949225991035, 0.0, 0.0, 0.07022106556493442, 0.0, 0.08319516954615302, 0.1415123366655704, 0.0, 0.0)",93
5845,24,1,8,"(0.07111035742329365, 0.046525949225991035, 0.0, 0.0, 0.051217346146779696, 0.0, 0.08319516954615302, 0.1415123366655704, 0.0, 0.0)",103
5846,24,1,8,"(0.07111035742329365, 0.046525949225991035, 0.0, 0.0, 0.06425115076436105, 0.0, 0.08319516954615302, 0.1415123366655704, 0.0, 0.0)",3
5847,24,1,8,"(0.07111035742329365, 0.046525949225991035, 0.0, 0.0, 0.051217346146779696, 0.0, 0.08319516954615302, 0.07460961800363337, 0.0, 0.0)",2
5848,24,2,13,"(0.0, 0.02461978404713738, 0.02508648406784502, 0.0, 0.00970885425506607, 0.022173256981297827, 0.0, 0.0, 0.01089208668844536, 0.00476393156717078)",1
5849,24,2,13,"(0.0, 0.02461978404713738, 0.023035932332134326, 0.0, 0.00970885425506607, 0.022173256981297827, 0.0, 0.0, 0.01089208668844536, 0.00476393156717078)",313
5850,24,2,13,"(0.0, 0.02461978404713738, 0.023035932332134326, 0.0, 0.00970885425506607, 0.02093778743166828, 0.0, 0.0, 0.01089208668844536, 0.0043443440724545675)",1
5851,24,2,13,"(0.0, 0.02461978404713738, 0.023035932332134326, 0.0, 0.00970885425506607, 0.022173256981297827, 0.0, 0.0, 0.01089208668844536, 0.0028493934277252116)",1
5852,24,2,13,"(0.0, 0.02461978404713738, 0.023035932332134326, 0.0, 0.00970885425506607, 0.022173256981297827, 0.0, 0.0, 0.01089208668844536, 0.004105520798066765)",1
5853,24,2,13,"(0.0, 0.02461978404713738, 0.023035932332134326, 0.0, 0.0070292425875193385, 0.022173256981297827, 0.0, 0.0, 0.01089208668844536, 0.00476393156717078)",2
5854,24,2,13,"(0.0, 0.02461978404713738, 0.023035932332134326, 0.0, 0.00970885425506607, 0.022173256981297827, 0.0, 0.0, 0.007501173961826955, 0.00476393156717078)",1
5855,24,2,13,"(0.0, 0.0324279194347695, 0.023035932332134326, 0.0, 0.010843557525382881, 0.022173256981297827, 0.0, 0.0, 0.01089208668844536, 0.00476393156717078)",2
5856,24,2,13,"(0.0, 0.02461978404713738, 0.02821570733116952, 0.0, 0.00970885425506607, 0.022173256981297827, 0.0, 0.0, 0.02112958442375915, 0.00476393156717078)",1
5857,24,3,13,"(0.0, 0.02461978404713738, 0.023035932332134326, 0.0, 0.01810411441758469, 0.037457143115172196, 0.0, 0.0, 0.01089208668844536, 0.0024406349647482155)",1
5858,24,3,13,"(0.0, 0.02461978404713738, 0.023035932332134326, 0.0, 0.01810411441758469, 0.022173256981297827, 0.0, 0.0, 0.01089208668844536, 0.0024406349647482155)",232
5859,24,3,13,"(0.0, 0.02461978404713738, 0.023035932332134326, 0.0, 0.019733381579019, 0.022173256981297827, 0.0, 0.0, 0.01089208668844536, 0.0024406349647482155)",1
5860,24,3,13,"(0.0, 0.02461978404713738, 0.014440272212911475, 0.0, 0.01810411441758469, 0.022173256981297827, 0.0, 0.0, 0.01089208668844536, 0.0024406349647482155)",1
5861,24,3,13,"(0.0, 0.02461978404713738, 0.023035932332134326, 0.0, 0.01810411441758469, 0.030281581121089012, 0.0, 0.0, 0.01089208668844536, 0.0024406349647482155)",1
5862,24,3,13,"(0.0, 0.02461978404713738, 0.023035932332134326, 0.0, 0.01810411441758469, 0.04256249086712551, 0.0, 0.0, 0.01089208668844536, 0.0024406349647482155)",3
5863,24,3,13,"(0.0, 0.02461978404713738, 0.023035932332134326, 0.0, 0.01810411441758469, 0.02013716260505922, 0.0, 0.0, 0.01089208668844536, 0.0024406349647482155)",1
5864,24,3,13,"(0.0, 0.02461978404713738, 0.023035932332134326, 0.0, 0.01810411441758469, 0.022173256981297827, 0.0, 0.0, 0.01089208668844536, 0.001898219696908826)",1
5865,24,3,13,"(0.0, 0.01592547402924042, 0.023035932332134326, 0.0, 0.01810411441758469, 0.022173256981297827, 0.0, 0.0, 0.01089208668844536, 0.0024406349647482155)",1
5866,24,4,11,"(0.0, 0.0, 0.09864539577037362, 0.01650583712158267, 0.0, 0.030645849071221472, 0.08153022673827125, 0.07889805650517777, 0.026121609841380632, 0.0)",1
5867,24,4,11,"(0.0, 0.0, 0.09864539577037362, 0.01650583712158267, 0.0, 0.030645849071221472, 0.08153022673827125, 0.10196029825327897, 0.026121609841380632, 0.0)",8
5868,24,4,11,"(0.0, 0.0, 0.11684946545078675, 0.01583330234542895, 0.0, 0.030645849071221472, 0.08153022673827125, 0.07240876560513207, 0.026121609841380632, 0.0)",1
5869,24,4,11,"(0.0, 0.0, 0.0761854498846089, 0.01650583712158267, 0.0, 0.030645849071221472, 0.06250594365522623, 0.13469235895570836, 0.029207123667780728, 0.0)",1
5870,24,4,11,"(0.0, 0.0, 0.20138941862783782, 0.01650583712158267, 0.0, 0.06097178168458871, 0.08153022673827125, 0.07240876560513207, 0.026121609841380632, 0.0)",12
5871,24,4,11,"(0.0, 0.0, 0.09864539577037362, 0.01650583712158267, 0.0, 0.029671726254867015, 0.05983217217757903, 0.033808025320571054, 0.024294242138096615, 0.0)",4
5872,24,4,11,"(0.0, 0.0, 0.09864539577037362, 0.01650583712158267, 0.0, 0.030645849071221472, 0.08153022673827125, 0.07240876560513207, 0.025474693411566485, 0.0)",1
5873,24,4,11,"(0.0, 0.0, 0.09864539577037362, 0.01650583712158267, 0.0, 0.030645849071221472, 0.08153022673827125, 0.09052355474855842, 0.026121609841380632, 0.0)",2
5874,24,4,11,"(0.0, 0.0, 0.09864539577037362, 0.01650583712158267, 0.0, 0.030645849071221472, 0.12496824160817316, 0.07240876560513207, 0.026121609841380632, 0.0)",1
5875,24,4,11,"(0.0, 0.0, 0.09864539577037362, 0.01650583712158267, 0.0, 0.03767035372304844, 0.08153022673827125, 0.07240876560513207, 0.026121609841380632, 0.0)",1
5876,24,4,11,"(0.0, 0.0, 0.08812888818817131, 0.01650583712158267, 0.0, 0.030645849071221472, 0.08153022673827125, 0.07240876560513207, 0.026121609841380632, 0.0)",1
5877,24,4,11,"(0.0, 0.0, 0.09864539577037362, 0.01650583712158267, 0.0, 0.02368317730459122, 0.08153022673827125, 0.07240876560513207, 0.026121609841380632, 0.0)",1
5878,24,4,11,"(0.0, 0.0, 0.09864539577037362, 0.01650583712158267, 0.0, 0.030645849071221472, 0.08153022673827125, 0.07240876560513207, 0.026121609841380632, 0.0)",528
5879,24,5,0,"(0.07400250769571483, 0.0, 0.0, 0.0, 0.0, 0.038664151314593, 0.08380840797570269, 0.05015325966666236, 0.0, 0.0)",95
5880,24,5,0,"(0.07400250769571483, 0.0, 0.0, 0.0, 0.0, 0.038664151314593, 0.08380840797570269, 0.0741788450997343, 0.0, 0.0)",2
5881,24,5,0,"(0.07400250769571483, 0.0, 0.0, 0.0, 0.0, 0.038664151314593, 0.04077036821683569, 0.062217969861113116, 0.0, 0.0)",1
5882,24,5,0,"(0.07400250769571483, 0.0, 0.0, 0.0, 0.0, 0.05180762247323077, 0.08380840797570269, 0.05015325966666236, 0.0, 0.0)",2
5883,24,5,0,"(0.07400250769571483, 0.0, 0.0, 0.0, 0.0, 0.038664151314593, 0.04077036821683569, 0.046283280076369705, 0.0, 0.0)",3
5884,24,5,0,"(0.06814688792094656, 0.0, 0.0, 0.0, 0.0, 0.038664151314593, 0.04077036821683569, 0.046283280076369705, 0.0, 0.0)",2
5885,24,5,0,"(0.07400250769571483, 0.0, 0.0, 0.0, 0.0, 0.038664151314593, 0.08380840797570269, 0.046283280076369705, 0.0, 0.0)",58
5886,24,5,0,"(0.10786437333499184, 0.0, 0.0, 0.0, 0.0, 0.026344852856387827, 0.08380840797570269, 0.046283280076369705, 0.0, 0.0)",1
5887,24,5,0,"(0.07400250769571483, 0.0, 0.0, 0.0, 0.0, 0.038664151314593, 0.08380840797570269, 0.06261049614614052, 0.0, 0.0)",2
5888,24,5,0,"(0.07400250769571483, 0.0, 0.0, 0.0, 0.0, 0.038664151314593, 0.09937175076976765, 0.05015325966666236, 0.0, 0.0)",58
5889,24,5,0,"(0.07400250769571483, 0.0, 0.0, 0.0, 0.0, 0.038664151314593, 0.08380840797570269, 0.03898516449909419, 0.0, 0.0)",10
5890,24,5,0,"(0.0577281007567322, 0.0, 0.0, 0.0, 0.0, 0.05180762247323077, 0.08380840797570269, 0.05015325966666236, 0.0, 0.0)",3
5891,24,5,6,"(0.03426039533065134, 0.011572197494497125, 0.0, 0.030181603934096246, 0.005422768956954101, 0.0, 0.019795240631728064, 0.0, 0.028146417112716555, 0.05874522297052942)",177
5892,24,5,6,"(0.02768397695135939, 0.011572197494497125, 0.0, 0.030181603934096246, 0.005422768956954101, 0.0, 0.019795240631728064, 0.0, 0.028146417112716555, 0.05874522297052942)",20
5893,24,5,6,"(0.03426039533065134, 0.011572197494497125, 0.0, 0.030181603934096246, 0.005422768956954101, 0.0, 0.019795240631728064, 0.0, 0.04832532678372403, 0.05874522297052942)",1
5894,24,5,6,"(0.03426039533065134, 0.011572197494497125, 0.0, 0.030181603934096246, 0.004129165755904161, 0.0, 0.019795240631728064, 0.0, 0.028146417112716555, 0.05874522297052942)",63
5895,24,5,6,"(0.03426039533065134, 0.011572197494497125, 0.0, 0.030181603934096246, 0.015425364166725058, 0.0, 0.019795240631728064, 0.0, 0.028146417112716555, 0.05874522297052942)",1
5896,24,5,6,"(0.03426039533065134, 0.011572197494497125, 0.0, 0.030181603934096246, 0.005422768956954101, 0.0, 0.019795240631728064, 0.0, 0.028146417112716555, 0.037196307862178486)",1
5897,24,5,6,"(0.03426039533065134, 0.011572197494497125, 0.0, 0.030181603934096246, 0.004129165755904161, 0.0, 0.022750864158958165, 0.0, 0.028146417112716555, 0.05874522297052942)",2
5898,24,5,6,"(0.03426039533065134, 0.011572197494497125, 0.0, 0.030181603934096246, 0.005241583601856478, 0.0, 0.019795240631728064, 0.0, 0.028146417112716555, 0.05874522297052942)",1
5899,24,6,0,"(0.07400250769571483, 0.0, 0.0, 0.0, 0.0, 0.017098731129875016, 0.08380840797570269, 0.037033927606952455, 0.0, 0.0)",1
5900,24,6,0,"(0.07400250769571483, 0.0, 0.0, 0.0, 0.0, 0.026498593776137835, 0.08380840797570269, 0.0691048466035698, 0.0, 0.0)",1
5901,24,6,0,"(0.04742648657949072, 0.0, 0.0, 0.0, 0.0, 0.017098731129875016, 0.1040592668239712, 0.0691048466035698, 0.0, 0.0)",1
5902,24,6,0,"(0.07400250769571483, 0.0, 0.0, 0.0, 0.0, 0.017098731129875016, 0.08380840797570269, 0.0691048466035698, 0.0, 0.0)",136
5903,24,6,0,"(0.07400250769571483, 0.0, 0.0, 0.0, 0.0, 0.022397075354997274, 0.08830344017112918, 0.047273718514119614, 0.0, 0.0)",1
5904,24,6,0,"(0.07400250769571483, 0.0, 0.0, 0.0, 0.0, 0.017098731129875016, 0.08380840797570269, 0.12652596159237764, 0.0, 0.0)",1
5905,24,6,0,"(0.07400250769571483, 0.0, 0.0, 0.0, 0.0, 0.017098731129875016, 0.08380840797570269, 0.10253968846293847, 0.0, 0.0)",5
5906,24,6,0,"(0.07400250769571483, 0.0, 0.0, 0.0, 0.0, 0.017098731129875016, 0.08380840797570269, 0.04994118015352689, 0.0, 0.0)",140
5907,24,6,0,"(0.07400250769571483, 0.0, 0.0, 0.0, 0.0, 0.018202613928847262, 0.08380840797570269, 0.0691048466035698, 0.0, 0.0)",2
5908,24,6,0,"(0.06393005917263786, 0.0, 0.0, 0.0, 0.0, 0.029266601878074658, 0.15040298248, 0.10720489578504645, 0.0, 0.0)",1
5909,24,7,13,"(0.0, 0.02461978404713738, 0.023035932332134326, 0.0, 0.01810411441758469, 0.03128079994415146, 0.0, 0.0, 0.01089208668844536, 0.00476393156717078)",1
5910,24,7,13,"(0.0, 0.021293182991882396, 0.023035932332134326, 0.0, 0.01810411441758469, 0.022173256981297827, 0.0, 0.0, 0.01089208668844536, 0.00476393156717078)",3
5911,24,7,13,"(0.0, 0.014199947038028803, 0.023035932332134326, 0.0, 0.01810411441758469, 0.022173256981297827, 0.0, 0.0, 0.01089208668844536, 0.00476393156717078)",2
5912,24,7,13,"(0.0, 0.02461978404713738, 0.023035932332134326, 0.0, 0.01810411441758469, 0.022173256981297827, 0.0, 0.0, 0.01089208668844536, 0.00476393156717078)",221
5913,24,7,13,"(0.0, 0.02461978404713738, 0.023035932332134326, 0.0, 0.015122236359544636, 0.022173256981297827, 0.0, 0.0, 0.01089208668844536, 0.00476393156717078)",1
5914,24,8,6,"(0.03656180599521727, 0.011572197494497125, 0.0, 0.028173936029764122, 0.005422768956954101, 0.0, 0.02084646300026537, 0.0, 0.028146417112716555, 0.06190980887852822)",2
5915,24,8,6,"(0.03656180599521727, 0.011572197494497125, 0.0, 0.030181603934096246, 0.007906913342594406, 0.0, 0.02084646300026537, 0.0, 0.028146417112716555, 0.03161363977520146)",3
5916,24,8,6,"(0.03656180599521727, 0.011572197494497125, 0.0, 0.0334087678223874, 0.006616789655332956, 0.0, 0.02084646300026537, 0.0, 0.028146417112716555, 0.05874522297052942)",1
5917,24,8,6,"(0.03656180599521727, 0.011572197494497125, 0.0, 0.030181603934096246, 0.005422768956954101, 0.0, 0.02084646300026537, 0.0, 0.028146417112716555, 0.05874522297052942)",132
5918,24,8,11,"(0.0, 0.0, 0.19126387756047308, 0.02150422363422624, 0.0, 0.038266501102807465, 0.1653847255243968, 0.0386197297757742, 0.026121609841380632, 0.0)",2
5919,24,8,11,"(0.0, 0.0, 0.09864539577037362, 0.02150422363422624, 0.0, 0.030645849071221472, 0.16773790467281977, 0.0386197297757742, 0.026121609841380632, 0.0)",255
5920,24,8,11,"(0.0, 0.0, 0.09334223684485692, 0.02150422363422624, 0.0, 0.030645849071221472, 0.16773790467281977, 0.06578913222981506, 0.026121609841380632, 0.0)",3
5921,24,8,11,"(0.0, 0.0, 0.09864539577037362, 0.028648408979777322, 0.0, 0.030645849071221472, 0.16773790467281977, 0.0386197297757742, 0.023686738784090944, 0.0)",1
5922,24,8,11,"(0.0, 0.0, 0.09864539577037362, 0.03289815454646695, 0.0, 0.030645849071221472, 0.16773790467281977, 0.05487587528261972, 0.026121609841380632, 0.0)",23
5923,24,8,11,"(0.0, 0.0, 0.05268269197400116, 0.03289815454646695, 0.0, 0.030645849071221472, 0.1180798761406496, 0.05487587528261972, 0.026121609841380632, 0.0)",1
5924,24,8,11,"(0.0, 0.0, 0.09864539577037362, 0.02150422363422624, 0.0, 0.030645849071221472, 0.16773790467281977, 0.05487587528261972, 0.026121609841380632, 0.0)",72
5925,24,8,11,"(0.0, 0.0, 0.09864539577037362, 0.02150422363422624, 0.0, 0.03520372910475709, 0.14485088221394182, 0.05487587528261972, 0.026121609841380632, 0.0)",3
5926,24,8,11,"(0.0, 0.0, 0.09864539577037362, 0.01650583712158267, 0.0, 0.030645849071221472, 0.16773790467281977, 0.05487587528261972, 0.026121609841380632, 0.0)",51
5927,24,9,11,"(0.0, 0.0, 0.11755819882518005, 0.01650583712158267, 0.0, 0.02375279233445006, 0.16773790467281977, 0.058981099447046964, 0.026121609841380632, 0.0)",1
5928,24,9,11,"(0.0, 0.0, 0.09864539577037362, 0.01650583712158267, 0.0, 0.030645849071221472, 0.16243652964526273, 0.08028238650273146, 0.026121609841380632, 0.0)",396
5929,24,9,11,"(0.0, 0.0, 0.11650725745115434, 0.01650583712158267, 0.0, 0.030645849071221472, 0.16243652964526273, 0.08028238650273146, 0.026121609841380632, 0.0)",10
5930,24,9,11,"(0.0, 0.0, 0.09864539577037362, 0.010579837541411171, 0.0, 0.030645849071221472, 0.16243652964526273, 0.08028238650273146, 0.026121609841380632, 0.0)",3
5931,24,9,11,"(0.0, 0.0, 0.09864539577037362, 0.01650583712158267, 0.0, 0.0698786392041035, 0.16243652964526273, 0.08028238650273146, 0.026121609841380632, 0.0)",2
5932,24,9,11,"(0.0, 0.0, 0.11755819882518005, 0.01650583712158267, 0.0, 0.02375279233445006, 0.1613829649104213, 0.08028238650273146, 0.026121609841380632, 0.0)",1
5933,24,9,11,"(0.0, 0.0, 0.09864539577037362, 0.01650583712158267, 0.0, 0.030645849071221472, 0.16243652964526273, 0.06270762308547219, 0.026121609841380632, 0.0)",1
5934,24,9,11,"(0.0, 0.0, 0.11755819882518005, 0.01650583712158267, 0.0, 0.02375279233445006, 0.16773790467281977, 0.08028238650273146, 0.026121609841380632, 0.0)",155
5935,24,10,13,"(0.0, 0.02461978404713738, 0.023035932332134326, 0.0, 0.012498811908851904, 0.022173256981297827, 0.0, 0.0, 0.01089208668844536, 0.00476393156717078)",1
5936,24,10,13,"(0.0, 0.02461978404713738, 0.021080024683985888, 0.0, 0.01810411441758469, 0.022173256981297827, 0.0, 0.0, 0.01089208668844536, 0.0035811834086928312)",2
5937,24,10,13,"(0.0, 0.02461978404713738, 0.023035932332134326, 0.0, 0.01810411441758469, 0.022173256981297827, 0.0, 0.0, 0.01089208668844536, 0.0035811834086928312)",62
5938,24,10,13,"(0.0, 0.02461978404713738, 0.023035932332134326, 0.0, 0.01810411441758469, 0.022173256981297827, 0.0, 0.0, 0.012122752518063223, 0.00476393156717078)",77
5939,24,10,13,"(0.0, 0.02461978404713738, 0.023035932332134326, 0.0, 0.01810411441758469, 0.022173256981297827, 0.0, 0.0, 0.01089208668844536, 0.006833308029979018)",1
5940,24,10,13,"(0.0, 0.02461978404713738, 0.023035932332134326, 0.0, 0.015125360574735437, 0.022173256981297827, 0.0, 0.0, 0.01089208668844536, 0.00476393156717078)",5
5941,24,10,13,"(0.0, 0.02461978404713738, 0.023035932332134326, 0.0, 0.01810411441758469, 0.022173256981297827, 0.0, 0.0, 0.01089208668844536, 0.00476393156717078)",190
5942,24,10,13,"(0.0, 0.02461978404713738, 0.023035932332134326, 0.0, 0.007428442484850825, 0.022173256981297827, 0.0, 0.0, 0.00652730105790364, 0.00476393156717078)",1
5943,24,10,13,"(0.0, 0.02461978404713738, 0.019986231061038313, 0.0, 0.01810411441758469, 0.022173256981297827, 0.0, 0.0, 0.01089208668844536, 0.004537542308038734)",14
5944,24,10,13,"(0.0, 0.02461978404713738, 0.023035932332134326, 0.0, 0.014280925712705304, 0.022173256981297827, 0.0, 0.0, 0.01089208668844536, 0.00476393156717078)",1
5945,24,10,13,"(0.0, 0.02461978404713738, 0.023035932332134326, 0.0, 0.01810411441758469, 0.022173256981297827, 0.0, 0.0, 0.016743573661845923, 0.00476393156717078)",1
5946,24,10,13,"(0.0, 0.019985578379488327, 0.023035932332134326, 0.0, 0.01810411441758469, 0.022173256981297827, 0.0, 0.0, 0.01089208668844536, 0.00476393156717078)",5
5947,24,11,13,"(0.0, 0.02461978404713738, 0.013733458209716222, 0.0, 0.01810411441758469, 0.022173256981297827, 0.0, 0.0, 0.02343354863850784, 0.00476393156717078)",1
5948,24,11,13,"(0.0, 0.010465184534828349, 0.0212518667951994, 0.0, 0.01810411441758469, 0.022173256981297827, 0.0, 0.0, 0.011790782339025068, 0.005123915221828372)",1
5949,24,11,13,"(0.0, 0.02461978404713738, 0.023035932332134326, 0.0, 0.01810411441758469, 0.022173256981297827, 0.0, 0.0, 0.007107991484869928, 0.004837698313453881)",1
5950,24,11,13,"(0.0, 0.02461978404713738, 0.023035932332134326, 0.0, 0.01810411441758469, 0.022173256981297827, 0.0, 0.0, 0.01089208668844536, 0.00476393156717078)",153
5951,24,12,8,"(0.19235562551390653, 0.046525949225991035, 0.0, 0.0, 0.06732837396579731, 0.0, 0.09065611378837639, 0.1116381245929446, 0.0, 0.0)",1
5952,24,12,8,"(0.19235562551390653, 0.046525949225991035, 0.0, 0.0, 0.024823833208943526, 0.0, 0.08319516954615302, 0.1116381245929446, 0.0, 0.0)",1
5953,24,12,8,"(0.14403912001585895, 0.046525949225991035, 0.0, 0.0, 0.07195067716854786, 0.0, 0.06554533266124946, 0.1116381245929446, 0.0, 0.0)",1
5954,24,12,8,"(0.19235562551390653, 0.046525949225991035, 0.0, 0.0, 0.04573034632799446, 0.0, 0.08319516954615302, 0.1116381245929446, 0.0, 0.0)",171
5955,24,12,8,"(0.19235562551390653, 0.046525949225991035, 0.0, 0.0, 0.07381104427936473, 0.0, 0.08319516954615302, 0.1116381245929446, 0.0, 0.0)",1
5956,24,12,8,"(0.20581120309005801, 0.046525949225991035, 0.0, 0.0, 0.04573034632799446, 0.0, 0.06554533266124946, 0.1116381245929446, 0.0, 0.0)",64
5957,24,12,10,"(0.07734904686468291, 0.06927916245295945, 0.09682940930282144, 0.0017773360538905325, 0.0, 0.06291875767155253, 0.0, 0.10994488928074131, 0.0, 0.0)",36
5958,24,12,10,"(0.03550653097490399, 0.06927916245295945, 0.09682940930282144, 0.0011794647394566212, 0.0, 0.06291875767155253, 0.0, 0.10994488928074131, 0.0, 0.0)",1
5959,24,12,10,"(0.03550653097490399, 0.07341463220616408, 0.09682940930282144, 0.0017773360538905325, 0.0, 0.06291875767155253, 0.0, 0.10994488928074131, 0.0, 0.0)",1
5960,24,12,10,"(0.03550653097490399, 0.06927916245295945, 0.08158870232675625, 0.0017773360538905325, 0.0, 0.06291875767155253, 0.0, 0.10994488928074131, 0.0, 0.0)",2
5961,24,12,10,"(0.03550653097490399, 0.06927916245295945, 0.09682940930282144, 0.0017773360538905325, 0.0, 0.06291875767155253, 0.0, 0.10994488928074131, 0.0, 0.0)",217
5962,24,12,10,"(0.0399483293232701, 0.06927916245295945, 0.09682940930282144, 0.0017773360538905325, 0.0, 0.06291875767155253, 0.0, 0.10994488928074131, 0.0, 0.0)",1
5963,24,13,6,"(0.03426039533065134, 0.010358324031322008, 0.0, 0.030181603934096246, 0.005422768956954101, 0.0, 0.019795240631728064, 0.0, 0.028146417112716555, 0.05874522297052942)",1
5964,24,13,6,"(0.03426039533065134, 0.009922733121860594, 0.0, 0.030181603934096246, 0.005422768956954101, 0.0, 0.019795240631728064, 0.0, 0.028146417112716555, 0.05874522297052942)",1
5965,24,13,6,"(0.03426039533065134, 0.011572197494497125, 0.0, 0.030181603934096246, 0.005422768956954101, 0.0, 0.019795240631728064, 0.0, 0.05452862581967307, 0.07358071754401672)",2
5966,24,13,6,"(0.03426039533065134, 0.011572197494497125, 0.0, 0.030181603934096246, 0.005422768956954101, 0.0, 0.019795240631728064, 0.0, 0.028146417112716555, 0.05874522297052942)",160
5967,24,14,11,"(0.0, 0.0, 0.09864539577037362, 0.01650583712158267, 0.0, 0.030645849071221472, 0.16773790467281977, 0.046237642847009, 0.026121609841380632, 0.0)",140
5968,24,14,11,"(0.0, 0.0, 0.07563427679391872, 0.01650583712158267, 0.0, 0.030645849071221472, 0.16773790467281977, 0.05393499187058603, 0.026121609841380632, 0.0)",1
5969,24,14,11,"(0.0, 0.0, 0.03263853948452433, 0.01650583712158267, 0.0, 0.030645849071221472, 0.16773790467281977, 0.046237642847009, 0.02478798128338809, 0.0)",2
5970,24,14,11,"(0.0, 0.0, 0.09864539577037362, 0.012578312618971257, 0.0, 0.04690441327352632, 0.26689990950962406, 0.046237642847009, 0.026121609841380632, 0.0)",3
5971,24,14,11,"(0.0, 0.0, 0.053568223533217774, 0.01650583712158267, 0.0, 0.030645849071221472, 0.16773790467281977, 0.046237642847009, 0.026121609841380632, 0.0)",1
5972,24,14,11,"(0.0, 0.0, 0.07563427679391872, 0.01650583712158267, 0.0, 0.030645849071221472, 0.16773790467281977, 0.046237642847009, 0.04910058218754978, 0.0)",1
5973,24,14,11,"(0.0, 0.0, 0.07563427679391872, 0.01650583712158267, 0.0, 0.030645849071221472, 0.16773790467281977, 0.046237642847009, 0.026121609841380632, 0.0)",131
5974,24,14,11,"(0.0, 0.0, 0.09864539577037362, 0.01650583712158267, 0.0, 0.02424222872102957, 0.16773790467281977, 0.046237642847009, 0.026121609841380632, 0.0)",1
5975,24,14,13,"(0.0, 0.02461978404713738, 0.023035932332134326, 0.0, 0.01810411441758469, 0.022173256981297827, 0.0, 0.0, 0.013824098632986434, 0.00476393156717078)",1
5976,24,14,13,"(0.0, 0.02461978404713738, 0.023035932332134326, 0.0, 0.01813750264002033, 0.022173256981297827, 0.0, 0.0, 0.01089208668844536, 0.00476393156717078)",1
5977,24,14,13,"(0.0, 0.02461978404713738, 0.023035932332134326, 0.0, 0.010052706203386795, 0.03366809725134838, 0.0, 0.0, 0.01089208668844536, 0.00476393156717078)",1
5978,24,14,13,"(0.0, 0.058502461008163316, 0.023035932332134326, 0.0, 0.01810411441758469, 0.022173256981297827, 0.0, 0.0, 0.01089208668844536, 0.00476393156717078)",1
5979,24,14,13,"(0.0, 0.02461978404713738, 0.023035932332134326, 0.0, 0.01810411441758469, 0.022173256981297827, 0.0, 0.0, 0.01089208668844536, 0.00476393156717078)",256
5980,24,14,13,"(0.0, 0.02461978404713738, 0.023035932332134326, 0.0, 0.01810411441758469, 0.024522266285328925, 0.0, 0.0, 0.01089208668844536, 0.00476393156717078)",2
5981,24,14,13,"(0.0, 0.02461978404713738, 0.04259927346507924, 0.0, 0.01810411441758469, 0.022173256981297827, 0.0, 0.0, 0.01089208668844536, 0.00476393156717078)",1
5982,24,15,11,"(0.0, 0.0, 0.11839367174953695, 0.017308269602534735, 0.0, 0.026209832863160285, 0.16773790467281977, 0.0404147798164449, 0.026121609841380632, 0.0)",2
5983,24,15,11,"(0.0, 0.0, 0.14964403390966818, 0.01650583712158267, 0.0, 0.030645849071221472, 0.16773790467281977, 0.0404147798164449, 0.026121609841380632, 0.0)",3
5984,24,15,11,"(0.0, 0.0, 0.11839367174953695, 0.01650583712158267, 0.0, 0.030645849071221472, 0.16773790467281977, 0.0404147798164449, 0.020750807689837655, 0.0)",10
5985,24,15,11,"(0.0, 0.0, 0.11839367174953695, 0.014536479966580317, 0.0, 0.030645849071221472, 0.16773790467281977, 0.0404147798164449, 0.026121609841380632, 0.0)",4
5986,24,15,11,"(0.0, 0.0, 0.11839367174953695, 0.01650583712158267, 0.0, 0.030645849071221472, 0.16773790467281977, 0.0404147798164449, 0.026121609841380632, 0.0)",575
5987,24,15,11,"(0.0, 0.0, 0.15518824209714352, 0.01650583712158267, 0.0, 0.030645849071221472, 0.16773790467281977, 0.0404147798164449, 0.026121609841380632, 0.0)",1
5988,24,15,11,"(0.0, 0.0, 0.10123947495978813, 0.01650583712158267, 0.0, 0.030645849071221472, 0.07773984022658816, 0.0404147798164449, 0.026121609841380632, 0.0)",1
5989,24,15,11,"(0.0, 0.0, 0.11907752899853914, 0.01650583712158267, 0.0, 0.023512908659086694, 0.16773790467281977, 0.0404147798164449, 0.026121609841380632, 0.0)",1
5990,24,15,11,"(0.0, 0.0, 0.11839367174953695, 0.01650583712158267, 0.0, 0.030645849071221472, 0.17536807638149612, 0.0404147798164449, 0.026121609841380632, 0.0)",11
5991,24,15,11,"(0.0, 0.0, 0.11839367174953695, 0.01650583712158267, 0.0, 0.030645849071221472, 0.16773790467281977, 0.033955511602928486, 0.026121609841380632, 0.0)",2
5992,24,15,11,"(0.0, 0.0, 0.11839367174953695, 0.01650583712158267, 0.0, 0.030645849071221472, 0.16773790467281977, 0.0404147798164449, 0.012333007900173238, 0.0)",1
5993,24,15,11,"(0.0, 0.0, 0.11839367174953695, 0.01650583712158267, 0.0, 0.030645849071221472, 0.21741887574876778, 0.0404147798164449, 0.03329253422231109, 0.0)",6
5994,24,15,11,"(0.0, 0.0, 0.11839367174953695, 0.01650583712158267, 0.0, 0.030645849071221472, 0.16773790467281977, 0.0404147798164449, 0.012179944361820232, 0.0)",1
5995,24,16,1,"(0.0, 0.0, 0.041406372128065916, 0.0, 0.0, 0.01644341158344031, 0.0, 0.0, 0.0, 0.09965925051150999)",1
5996,24,16,1,"(0.0, 0.0, 0.032440170870853456, 0.0, 0.0, 0.0199117526153351, 0.0, 0.0, 0.0, 0.1345556248346464)",33
5997,24,16,1,"(0.0, 0.0, 0.041406372128065916, 0.0, 0.0, 0.02572286260592535, 0.0, 0.0, 0.0, 0.09965925051150999)",162
5998,24,16,1,"(0.0, 0.0, 0.06326107632078651, 0.0, 0.0, 0.02572286260592535, 0.0, 0.0, 0.0, 0.16371683799627443)",8
5999,24,16,1,"(0.0, 0.0, 0.04461716856147454, 0.0, 0.0, 0.02572286260592535, 0.0, 0.0, 0.0, 0.09965925051150999)",1
6000,24,16,1,"(0.0, 0.0, 0.041406372128065916, 0.0, 0.0, 0.0199117526153351, 0.0, 0.0, 0.0, 0.09965925051150999)",417
6001,24,16,1,"(0.0, 0.0, 0.041406372128065916, 0.0, 0.0, 0.010453215456505337, 0.0, 0.0, 0.0, 0.09965925051150999)",1
6002,24,16,1,"(0.0, 0.0, 0.08449264988105881, 0.0, 0.0, 0.0199117526153351, 0.0, 0.0, 0.0, 0.09965925051150999)",2
6003,24,16,1,"(0.0, 0.0, 0.041406372128065916, 0.0, 0.0, 0.0199117526153351, 0.0, 0.0, 0.0, 0.10144556712572646)",15
6004,24,16,1,"(0.0, 0.0, 0.041406372128065916, 0.0, 0.0, 0.0199117526153351, 0.0, 0.0, 0.0, 0.047529216575968564)",13
6005,24,16,1,"(0.0, 0.0, 0.06396899135877647, 0.0, 0.0, 0.0199117526153351, 0.0, 0.0, 0.0, 0.09965925051150999)",5
6006,24,16,1,"(0.0, 0.0, 0.022794705261815318, 0.0, 0.0, 0.02572286260592535, 0.0, 0.0, 0.0, 0.09965925051150999)",3
6007,24,16,1,"(0.0, 0.0, 0.051590005036479133, 0.0, 0.0, 0.02572286260592535, 0.0, 0.0, 0.0, 0.09965925051150999)",6
6008,24,16,1,"(0.0, 0.0, 0.02351657783910868, 0.0, 0.0, 0.030190766014105787, 0.0, 0.0, 0.0, 0.09965925051150999)",1
6009,24,16,8,"(0.2338521577653535, 0.046525949225991035, 0.0, 0.0, 0.07022106556493442, 0.0, 0.04081390067556229, 0.1116381245929446, 0.0, 0.0)",1
6010,24,16,8,"(0.17321844227114103, 0.046525949225991035, 0.0, 0.0, 0.07022106556493442, 0.0, 0.08319516954615302, 0.1116381245929446, 0.0, 0.0)",1
6011,24,16,8,"(0.12035044808349261, 0.046525949225991035, 0.0, 0.0, 0.07022106556493442, 0.0, 0.08319516954615302, 0.09363785419248326, 0.0, 0.0)",1
6012,24,16,8,"(0.16507889091742442, 0.046525949225991035, 0.0, 0.0, 0.07022106556493442, 0.0, 0.08319516954615302, 0.1116381245929446, 0.0, 0.0)",239
6013,24,16,8,"(0.16507889091742442, 0.046525949225991035, 0.0, 0.0, 0.10812614478794831, 0.0, 0.1366891988918998, 0.1032224847123382, 0.0, 0.0)",1
6014,24,16,8,"(0.16507889091742442, 0.046525949225991035, 0.0, 0.0, 0.02693726407865769, 0.0, 0.08319516954615302, 0.1116381245929446, 0.0, 0.0)",1
6015,24,16,8,"(0.16507889091742442, 0.046525949225991035, 0.0, 0.0, 0.07022106556493442, 0.0, 0.1366891988918998, 0.1116381245929446, 0.0, 0.0)",3
6016,24,16,8,"(0.16507889091742442, 0.046525949225991035, 0.0, 0.0, 0.07022106556493442, 0.0, 0.060652411967164296, 0.1116381245929446, 0.0, 0.0)",2
6017,24,17,1,"(0.0, 0.0, 0.10922905711608999, 0.0, 0.0, 0.030018978917809972, 0.0, 0.0, 0.0, 0.10436705401422228)",33
6018,24,17,1,"(0.0, 0.0, 0.10922905711608999, 0.0, 0.0, 0.030018978917809972, 0.0, 0.0, 0.0, 0.0910060267578522)",580
6019,24,17,1,"(0.0, 0.0, 0.10922905711608999, 0.0, 0.0, 0.018494879801765052, 0.0, 0.0, 0.0, 0.0910060267578522)",4
6020,24,17,1,"(0.0, 0.0, 0.07993923542944739, 0.0, 0.0, 0.030018978917809972, 0.0, 0.0, 0.0, 0.0910060267578522)",38
6021,24,17,1,"(0.0, 0.0, 0.17651333560606322, 0.0, 0.0, 0.05698254306421027, 0.0, 0.0, 0.0, 0.0910060267578522)",8
6022,24,17,1,"(0.0, 0.0, 0.12092926464007384, 0.0, 0.0, 0.030018978917809972, 0.0, 0.0, 0.0, 0.0910060267578522)",1
6023,24,17,1,"(0.0, 0.0, 0.10922905711608999, 0.0, 0.0, 0.030018978917809972, 0.0, 0.0, 0.0, 0.09038999020441531)",1
6024,24,17,1,"(0.0, 0.0, 0.10922905711608999, 0.0, 0.0, 0.030018978917809972, 0.0, 0.0, 0.0, 0.14455083683733894)",1
6025,24,17,1,"(0.0, 0.0, 0.1317361822710863, 0.0, 0.0, 0.030018978917809972, 0.0, 0.0, 0.0, 0.0910060267578522)",1
6026,24,17,1,"(0.0, 0.0, 0.08744987203338356, 0.0, 0.0, 0.030018978917809972, 0.0, 0.0, 0.0, 0.0910060267578522)",1
6027,24,17,8,"(0.19235562551390653, 0.04632028014141928, 0.0, 0.0, 0.07022106556493442, 0.0, 0.08528073613530619, 0.1116381245929446, 0.0, 0.0)",4
6028,24,17,8,"(0.19235562551390653, 0.04632028014141928, 0.0, 0.0, 0.07022106556493442, 0.0, 0.08319516954615302, 0.1116381245929446, 0.0, 0.0)",212
6029,24,17,8,"(0.19235562551390653, 0.03815817313119192, 0.0, 0.0, 0.07022106556493442, 0.0, 0.08319516954615302, 0.1116381245929446, 0.0, 0.0)",1
6030,24,17,8,"(0.22843631765022981, 0.04632028014141928, 0.0, 0.0, 0.07022106556493442, 0.0, 0.08319516954615302, 0.1116381245929446, 0.0, 0.0)",1
6031,24,18,10,"(0.07734904686468291, 0.06927916245295945, 0.09682940930282144, 0.0017773360538905325, 0.0, 0.05395263307004833, 0.0, 0.11063272492538785, 0.0, 0.0)",1
6032,24,18,10,"(0.07734904686468291, 0.06927916245295945, 0.09682940930282144, 0.0028836063328494532, 0.0, 0.06291875767155253, 0.0, 0.11080647432129549, 0.0, 0.0)",1
6033,24,18,10,"(0.07734904686468291, 0.06927916245295945, 0.09682940930282144, 0.0017773360538905325, 0.0, 0.05395263307004833, 0.0, 0.10994488928074131, 0.0, 0.0)",12
6034,24,18,10,"(0.07734904686468291, 0.06927916245295945, 0.09682940930282144, 0.0017773360538905325, 0.0, 0.06291875767155253, 0.0, 0.06904607174191986, 0.0, 0.0)",1
6035,24,18,10,"(0.07734904686468291, 0.06927916245295945, 0.08670350112230363, 0.0017773360538905325, 0.0, 0.06291875767155253, 0.0, 0.10994488928074131, 0.0, 0.0)",1
6036,24,18,10,"(0.07734904686468291, 0.06927916245295945, 0.09682940930282144, 0.0018552361601610345, 0.0, 0.06291875767155253, 0.0, 0.10994488928074131, 0.0, 0.0)",1
6037,24,18,10,"(0.07734904686468291, 0.06927916245295945, 0.09682940930282144, 0.0017773360538905325, 0.0, 0.06291875767155253, 0.0, 0.10994488928074131, 0.0, 0.0)",146
6038,24,18,11,"(0.0, 0.0, 0.09475360914517729, 0.01650583712158267, 0.0, 0.03150275214907511, 0.13038533056739307, 0.08028238650273146, 0.026121609841380632, 0.0)",2
6039,24,18,11,"(0.0, 0.0, 0.09864539577037362, 0.01650583712158267, 0.0, 0.03150275214907511, 0.2461330035188936, 0.08028238650273146, 0.026121609841380632, 0.0)",2
6040,24,18,11,"(0.0, 0.0, 0.08898107447558858, 0.01650583712158267, 0.0, 0.03150275214907511, 0.13038533056739307, 0.08028238650273146, 0.026121609841380632, 0.0)",259
6041,24,18,11,"(0.0, 0.0, 0.09864539577037362, 0.01650583712158267, 0.0, 0.03150275214907511, 0.13038533056739307, 0.08028238650273146, 0.026121609841380632, 0.0)",206
6042,24,18,11,"(0.0, 0.0, 0.09864539577037362, 0.01650583712158267, 0.0, 0.03150275214907511, 0.14400845052429365, 0.08028238650273146, 0.026121609841380632, 0.0)",1
6043,24,18,11,"(0.0, 0.0, 0.13750730557161708, 0.01650583712158267, 0.0, 0.03150275214907511, 0.13038533056739307, 0.08028238650273146, 0.026121609841380632, 0.0)",1
6044,24,18,11,"(0.0, 0.0, 0.09864539577037362, 0.01650583712158267, 0.0, 0.030645849071221472, 0.16773790467281977, 0.08028238650273146, 0.02873308956446372, 0.0)",119
6045,24,18,11,"(0.0, 0.0, 0.14020756763897954, 0.014028507659830224, 0.0, 0.030645849071221472, 0.16773790467281977, 0.08028238650273146, 0.02873308956446372, 0.0)",1
6046,24,18,11,"(0.0, 0.0, 0.09864539577037362, 0.01650583712158267, 0.0, 0.03150275214907511, 0.13038533056739307, 0.08028238650273146, 0.040285813678437296, 0.0)",11
6047,24,18,11,"(0.0, 0.0, 0.09864539577037362, 0.01650583712158267, 0.0, 0.03150275214907511, 0.13038533056739307, 0.08028238650273146, 0.030615523405399903, 0.0)",4
6048,24,18,11,"(0.0, 0.0, 0.08898107447558858, 0.02738742233010176, 0.0, 0.03150275214907511, 0.13038533056739307, 0.08028238650273146, 0.026121609841380632, 0.0)",1
6049,24,18,11,"(0.0, 0.0, 0.08498038468500733, 0.01650583712158267, 0.0, 0.030645849071221472, 0.16773790467281977, 0.08028238650273146, 0.02873308956446372, 0.0)",2
6050,24,18,11,"(0.0, 0.0, 0.08898107447558858, 0.01650583712158267, 0.0, 0.03459666639001769, 0.13038533056739307, 0.08028238650273146, 0.026121609841380632, 0.0)",1
6051,24,19,0,"(0.07827060333106911, 0.0, 0.0, 0.0, 0.0, 0.017483905155812364, 0.08380840797570269, 0.0691048466035698, 0.0, 0.0)",1
6052,24,19,0,"(0.07400250769571483, 0.0, 0.0, 0.0, 0.0, 0.017098731129875016, 0.08380840797570269, 0.1649277850093589, 0.0, 0.0)",1
6053,24,19,0,"(0.07400250769571483, 0.0, 0.0, 0.0, 0.0, 0.017098731129875016, 0.08380840797570269, 0.0691048466035698, 0.0, 0.0)",105
6054,24,19,13,"(0.0, 0.020289191951104988, 0.023035932332134326, 0.0, 0.01810411441758469, 0.022173256981297827, 0.0, 0.0, 0.01089208668844536, 0.00476393156717078)",1
6055,24,19,13,"(0.0, 0.02610071912768725, 0.023035932332134326, 0.0, 0.01810411441758469, 0.022173256981297827, 0.0, 0.0, 0.01089208668844536, 0.00476393156717078)",21
6056,24,19,13,"(0.0, 0.02461978404713738, 0.0229065679765686, 0.0, 0.01810411441758469, 0.022173256981297827, 0.0, 0.0, 0.01089208668844536, 0.00476393156717078)",1
6057,24,19,13,"(0.0, 0.02461978404713738, 0.023035932332134326, 0.0, 0.01810411441758469, 0.022173256981297827, 0.0, 0.0, 0.01089208668844536, 0.00476393156717078)",232
6058,24,19,13,"(0.0, 0.02461978404713738, 0.023035932332134326, 0.0, 0.01992070120716546, 0.022173256981297827, 0.0, 0.0, 0.01089208668844536, 0.00476393156717078)",1
6059,24,19,13,"(0.0, 0.02610071912768725, 0.023035932332134326, 0.0, 0.020713048189651674, 0.022173256981297827, 0.0, 0.0, 0.01089208668844536, 0.00476393156717078)",1
6060,24,20,10,"(0.07734904686468291, 0.06927916245295945, 0.09682940930282144, 0.0017773360538905325, 0.0, 0.06291875767155253, 0.0, 0.10994488928074131, 0.0, 0.0)",100
6061,24,20,11,"(0.0, 0.0, 0.06624622573710863, 0.01650583712158267, 0.0, 0.02548938439096223, 0.09572491856946197, 0.08028238650273146, 0.036485718580663774, 0.0)",1
6062,24,20,11,"(0.0, 0.0, 0.03664497950459847, 0.01650583712158267, 0.0, 0.02548938439096223, 0.11523235805348017, 0.08028238650273146, 0.036485718580663774, 0.0)",3
6063,24,20,11,"(0.0, 0.0, 0.06877822357017672, 0.01650583712158267, 0.0, 0.02548938439096223, 0.09572491856946197, 0.08028238650273146, 0.036485718580663774, 0.0)",2
6064,24,20,11,"(0.0, 0.0, 0.03664497950459847, 0.01650583712158267, 0.0, 0.02548938439096223, 0.09572491856946197, 0.08028238650273146, 0.021915137680176725, 0.0)",1
6065,24,20,11,"(0.0, 0.0, 0.03664497950459847, 0.01650583712158267, 0.0, 0.02548938439096223, 0.09572491856946197, 0.08028238650273146, 0.036485718580663774, 0.0)",485
6066,24,20,11,"(0.0, 0.0, 0.03664497950459847, 0.01650583712158267, 0.0, 0.02548938439096223, 0.07981869300737816, 0.08028238650273146, 0.036485718580663774, 0.0)",1
6067,24,20,11,"(0.0, 0.0, 0.025119593684679226, 0.01650583712158267, 0.0, 0.02548938439096223, 0.09572491856946197, 0.08028238650273146, 0.036485718580663774, 0.0)",1
6068,24,20,11,"(0.0, 0.0, 0.08014159865348675, 0.01650583712158267, 0.0, 0.030645849071221472, 0.09572491856946197, 0.08028238650273146, 0.036485718580663774, 0.0)",30
6069,24,20,11,"(0.0, 0.0, 0.03664497950459847, 0.01650583712158267, 0.0, 0.02155217230361473, 0.09572491856946197, 0.06773143794656425, 0.036485718580663774, 0.0)",5
6070,24,20,11,"(0.0, 0.0, 0.032943575318578916, 0.01650583712158267, 0.0, 0.021437765495273268, 0.09572491856946197, 0.08028238650273146, 0.036485718580663774, 0.0)",2
6071,24,20,11,"(0.0, 0.0, 0.03664497950459847, 0.014983136036401494, 0.0, 0.02548938439096223, 0.09572491856946197, 0.08028238650273146, 0.036485718580663774, 0.0)",3
6072,24,20,11,"(0.0, 0.0, 0.03664497950459847, 0.01650583712158267, 0.0, 0.02842643044377911, 0.09572491856946197, 0.08028238650273146, 0.036485718580663774, 0.0)",14
6073,24,20,11,"(0.0, 0.0, 0.03464557525582123, 0.01650583712158267, 0.0, 0.02548938439096223, 0.09572491856946197, 0.08028238650273146, 0.036485718580663774, 0.0)",1
6074,25,0,6,"(0.03426039533065134, 0.011572197494497125, 0.0, 0.030181603934096246, 0.005422768956954101, 0.0, 0.019795240631728064, 0.0, 0.028146417112716555, 0.080773161007287)",2
6075,25,0,6,"(0.03426039533065134, 0.011572197494497125, 0.0, 0.030181603934096246, 0.005422768956954101, 0.0, 0.019795240631728064, 0.0, 0.028146417112716555, 0.05874522297052942)",177
6076,25,0,6,"(0.02930963161704111, 0.011393961495654201, 0.0, 0.030181603934096246, 0.005422768956954101, 0.0, 0.019795240631728064, 0.0, 0.04727426083942965, 0.05874522297052942)",1
6077,25,0,11,"(0.0, 0.0, 0.06200374261520503, 0.008379372751678181, 0.0, 0.030645849071221472, 0.16773790467281977, 0.06471128129841798, 0.026121609841380632, 0.0)",1
6078,25,0,11,"(0.0, 0.0, 0.06200374261520503, 0.010654525538403636, 0.0, 0.030645849071221472, 0.16773790467281977, 0.08028238650273146, 0.026121609841380632, 0.0)",226
6079,25,0,11,"(0.0, 0.0, 0.04169522659952404, 0.010654525538403636, 0.0, 0.030645849071221472, 0.16773790467281977, 0.08028238650273146, 0.026121609841380632, 0.0)",70
6080,25,0,11,"(0.0, 0.0, 0.06200374261520503, 0.011323384930682797, 0.0, 0.030645849071221472, 0.16773790467281977, 0.08028238650273146, 0.026121609841380632, 0.0)",1
6081,25,0,11,"(0.0, 0.0, 0.06200374261520503, 0.010654525538403636, 0.0, 0.030645849071221472, 0.16773790467281977, 0.06471128129841798, 0.026121609841380632, 0.0)",70
6082,25,0,11,"(0.0, 0.0, 0.06200374261520503, 0.010654525538403636, 0.0, 0.030645849071221472, 0.12419546107624561, 0.08028238650273146, 0.026121609841380632, 0.0)",3
6083,25,1,6,"(0.03426039533065134, 0.020965419819757625, 0.0, 0.030181603934096246, 0.005422768956954101, 0.0, 0.019795240631728064, 0.0, 0.027983839500851725, 0.05874522297052942)",4
6084,25,1,6,"(0.03426039533065134, 0.011572197494497125, 0.0, 0.030181603934096246, 0.005422768956954101, 0.0, 0.019795240631728064, 0.0, 0.028146417112716555, 0.05874522297052942)",217
6085,25,1,6,"(0.021807572967872828, 0.011572197494497125, 0.0, 0.030181603934096246, 0.005422768956954101, 0.0, 0.019795240631728064, 0.0, 0.028146417112716555, 0.05874522297052942)",1
6086,25,1,6,"(0.03426039533065134, 0.011572197494497125, 0.0, 0.014694755801748456, 0.005422768956954101, 0.0, 0.019795240631728064, 0.0, 0.028146417112716555, 0.05874522297052942)",46
6087,25,1,6,"(0.03426039533065134, 0.011572197494497125, 0.0, 0.03776150549705244, 0.005422768956954101, 0.0, 0.019795240631728064, 0.0, 0.028146417112716555, 0.05874522297052942)",1
6088,25,1,8,"(0.11567994803125055, 0.06403179972501755, 0.0, 0.0, 0.07022106556493442, 0.0, 0.08319516954615302, 0.1415123366655704, 0.0, 0.0)",1
6089,25,1,8,"(0.07111035742329365, 0.04707516713495168, 0.0, 0.0, 0.051217346146779696, 0.0, 0.08319516954615302, 0.1415123366655704, 0.0, 0.0)",5
6090,25,1,8,"(0.07111035742329365, 0.046525949225991035, 0.0, 0.0, 0.051217346146779696, 0.0, 0.08319516954615302, 0.1415123366655704, 0.0, 0.0)",130
6091,25,1,8,"(0.07111035742329365, 0.06403179972501755, 0.0, 0.0, 0.07022106556493442, 0.0, 0.08319516954615302, 0.1415123366655704, 0.0, 0.0)",40
6092,25,2,13,"(0.0, 0.02461978404713738, 0.023035932332134326, 0.0, 0.00970885425506607, 0.029440094283278578, 0.0, 0.0, 0.01089208668844536, 0.00476393156717078)",3
6093,25,2,13,"(0.0, 0.02461978404713738, 0.023035932332134326, 0.0, 0.01141318078977466, 0.022173256981297827, 0.0, 0.0, 0.01089208668844536, 0.00476393156717078)",8
6094,25,2,13,"(0.0, 0.02461978404713738, 0.023035932332134326, 0.0, 0.00970885425506607, 0.022173256981297827, 0.0, 0.0, 0.01089208668844536, 0.00476393156717078)",193
6095,25,2,13,"(0.0, 0.02461978404713738, 0.023035932332134326, 0.0, 0.00970885425506607, 0.022173256981297827, 0.0, 0.0, 0.018171718753387557, 0.00476393156717078)",1
6096,25,2,13,"(0.0, 0.01626460969144709, 0.023035932332134326, 0.0, 0.00970885425506607, 0.022173256981297827, 0.0, 0.0, 0.01089208668844536, 0.00476393156717078)",1
6097,25,3,13,"(0.0, 0.02461978404713738, 0.023035932332134326, 0.0, 0.01810411441758469, 0.022173256981297827, 0.0, 0.0, 0.01089208668844536, 0.0024406349647482155)",357
6098,25,3,13,"(0.0, 0.02461978404713738, 0.023035932332134326, 0.0, 0.013453152593055483, 0.022173256981297827, 0.0, 0.0, 0.01089208668844536, 0.0024406349647482155)",1
6099,25,3,13,"(0.0, 0.02461978404713738, 0.023035932332134326, 0.0, 0.01810411441758469, 0.022173256981297827, 0.0, 0.0, 0.010051736657128184, 0.0024406349647482155)",2
6100,25,3,13,"(0.0, 0.02461978404713738, 0.023035932332134326, 0.0, 0.010520731602017261, 0.022173256981297827, 0.0, 0.0, 0.01089208668844536, 0.0024406349647482155)",1
6101,25,3,13,"(0.0, 0.02461978404713738, 0.023035932332134326, 0.0, 0.01810411441758469, 0.058943371201504835, 0.0, 0.0, 0.01089208668844536, 0.0024406349647482155)",1
6102,25,4,11,"(0.0, 0.0, 0.14756807632264518, 0.01650583712158267, 0.0, 0.06364580359418917, 0.08153022673827125, 0.07240876560513207, 0.026121609841380632, 0.0)",1
6103,25,4,11,"(0.0, 0.0, 0.09864539577037362, 0.01650583712158267, 0.0, 0.030645849071221472, 0.08153022673827125, 0.03896749589139114, 0.026121609841380632, 0.0)",1
6104,25,4,11,"(0.0, 0.0, 0.09864539577037362, 0.01650583712158267, 0.0, 0.030645849071221472, 0.08153022673827125, 0.07240876560513207, 0.026121609841380632, 0.0)",531
6105,25,4,11,"(0.0, 0.0, 0.09864539577037362, 0.01650583712158267, 0.0, 0.030645849071221472, 0.08153022673827125, 0.07240876560513207, 0.025474693411566485, 0.0)",10
6106,25,4,11,"(0.0, 0.0, 0.09864539577037362, 0.01650583712158267, 0.0, 0.030645849071221472, 0.04152795883974308, 0.07240876560513207, 0.026121609841380632, 0.0)",1
6107,25,4,11,"(0.0, 0.0, 0.09864539577037362, 0.01650583712158267, 0.0, 0.030645849071221472, 0.08153022673827125, 0.09339518899813516, 0.026121609841380632, 0.0)",7
6108,25,4,11,"(0.0, 0.0, 0.09864539577037362, 0.013624114369850407, 0.0, 0.030645849071221472, 0.08153022673827125, 0.07240876560513207, 0.026121609841380632, 0.0)",1
6109,25,4,11,"(0.0, 0.0, 0.09864539577037362, 0.01650583712158267, 0.0, 0.030645849071221472, 0.08153022673827125, 0.07240876560513207, 0.02466272107933726, 0.0)",1
6110,25,4,11,"(0.0, 0.0, 0.06802589644811652, 0.01650583712158267, 0.0, 0.017677917344359927, 0.07905140778555082, 0.07240876560513207, 0.026121609841380632, 0.0)",2
6111,25,4,11,"(0.0, 0.0, 0.09864539577037362, 0.01650583712158267, 0.0, 0.030645849071221472, 0.08153022673827125, 0.07240876560513207, 0.022104363133887698, 0.0)",1
6112,25,4,11,"(0.0, 0.0, 0.09864539577037362, 0.01650583712158267, 0.0, 0.019841766420660215, 0.08153022673827125, 0.07240876560513207, 0.039141541105236224, 0.0)",4
6113,25,4,11,"(0.0, 0.0, 0.09864539577037362, 0.01650583712158267, 0.0, 0.03875011132481838, 0.08153022673827125, 0.07240876560513207, 0.026121609841380632, 0.0)",1
6114,25,4,11,"(0.0, 0.0, 0.13953212668512194, 0.01650583712158267, 0.0, 0.030645849071221472, 0.08153022673827125, 0.07240876560513207, 0.017100392878246863, 0.0)",2
6115,25,4,11,"(0.0, 0.0, 0.09864539577037362, 0.01650583712158267, 0.0, 0.030645849071221472, 0.08153022673827125, 0.04907434064604866, 0.026121609841380632, 0.0)",1
6116,25,5,0,"(0.07400250769571483, 0.0, 0.0, 0.0, 0.0, 0.038664151314593, 0.08380840797570269, 0.06261049614614052, 0.0, 0.0)",32
6117,25,5,0,"(0.07400250769571483, 0.0, 0.0, 0.0, 0.0, 0.05180762247323077, 0.08380840797570269, 0.05015325966666236, 0.0, 0.0)",31
6118,25,5,0,"(0.07400250769571483, 0.0, 0.0, 0.0, 0.0, 0.038664151314593, 0.08380840797570269, 0.05015325966666236, 0.0, 0.0)",20
6119,25,5,0,"(0.07400250769571483, 0.0, 0.0, 0.0, 0.0, 0.038664151314593, 0.08380840797570269, 0.046283280076369705, 0.0, 0.0)",68
6120,25,5,0,"(0.07400250769571483, 0.0, 0.0, 0.0, 0.0, 0.038664151314593, 0.09937175076976765, 0.05015325966666236, 0.0, 0.0)",112
6121,25,5,0,"(0.04313280004762016, 0.0, 0.0, 0.0, 0.0, 0.038664151314593, 0.09937175076976765, 0.06976998126030001, 0.0, 0.0)",2
6122,25,5,6,"(0.03426039533065134, 0.011572197494497125, 0.0, 0.030181603934096246, 0.005422768956954101, 0.0, 0.019795240631728064, 0.0, 0.028146417112716555, 0.05874522297052942)",154
6123,25,5,6,"(0.03426039533065134, 0.017112772590412363, 0.0, 0.030181603934096246, 0.005422768956954101, 0.0, 0.019795240631728064, 0.0, 0.038620581644876306, 0.06827705812060621)",3
6124,25,5,6,"(0.03426039533065134, 0.011572197494497125, 0.0, 0.030181603934096246, 0.004129165755904161, 0.0, 0.019795240631728064, 0.0, 0.028146417112716555, 0.05874522297052942)",100
6125,25,5,6,"(0.02768397695135939, 0.011572197494497125, 0.0, 0.030181603934096246, 0.005422768956954101, 0.0, 0.019795240631728064, 0.0, 0.028146417112716555, 0.05874522297052942)",1
6126,25,5,6,"(0.03669897894699214, 0.011572197494497125, 0.0, 0.030181603934096246, 0.007674857327462319, 0.0, 0.019169527656366536, 0.0, 0.028146417112716555, 0.05874522297052942)",4
6127,25,5,6,"(0.03426039533065134, 0.011572197494497125, 0.0, 0.030181603934096246, 0.005007634075628519, 0.0, 0.019795240631728064, 0.0, 0.028146417112716555, 0.05874522297052942)",1
6128,25,6,0,"(0.07400250769571483, 0.0, 0.0, 0.0, 0.0, 0.017098731129875016, 0.04498777291139541, 0.0691048466035698, 0.0, 0.0)",4
6129,25,6,0,"(0.07400250769571483, 0.0, 0.0, 0.0, 0.0, 0.017098731129875016, 0.08380840797570269, 0.0691048466035698, 0.0, 0.0)",136
6130,25,6,0,"(0.07400250769571483, 0.0, 0.0, 0.0, 0.0, 0.017098731129875016, 0.08380840797570269, 0.12652596159237764, 0.0, 0.0)",4
6131,25,6,0,"(0.119817041735172, 0.0, 0.0, 0.0, 0.0, 0.026963840243621064, 0.08380840797570269, 0.1327838329606017, 0.0, 0.0)",1
6132,25,6,0,"(0.07400250769571483, 0.0, 0.0, 0.0, 0.0, 0.017098731129875016, 0.08380840797570269, 0.04994118015352689, 0.0, 0.0)",139
6133,25,7,13,"(0.0, 0.02461978404713738, 0.03214920635023404, 0.0, 0.011676992874752925, 0.022173256981297827, 0.0, 0.0, 0.01089208668844536, 0.00476393156717078)",2
6134,25,7,13,"(0.0, 0.02461978404713738, 0.023035932332134326, 0.0, 0.01810411441758469, 0.022173256981297827, 0.0, 0.0, 0.01089208668844536, 0.0038576031851920954)",2
6135,25,7,13,"(0.0, 0.02461978404713738, 0.030300804839681204, 0.0, 0.01810411441758469, 0.022173256981297827, 0.0, 0.0, 0.012414823294581536, 0.00476393156717078)",4
6136,25,7,13,"(0.0, 0.02461978404713738, 0.023035932332134326, 0.0, 0.01810411441758469, 0.022173256981297827, 0.0, 0.0, 0.01089208668844536, 0.005070842953661989)",3
6137,25,7,13,"(0.0, 0.02461978404713738, 0.023035932332134326, 0.0, 0.01810411441758469, 0.022173256981297827, 0.0, 0.0, 0.01089208668844536, 0.00476393156717078)",369
6138,25,7,13,"(0.0, 0.02461978404713738, 0.023035932332134326, 0.0, 0.012016778968709103, 0.022173256981297827, 0.0, 0.0, 0.01089208668844536, 0.00476393156717078)",5
6139,25,7,13,"(0.0, 0.02461978404713738, 0.023035932332134326, 0.0, 0.01810411441758469, 0.022173256981297827, 0.0, 0.0, 0.01089208668844536, 0.0054179751318373685)",4
6140,25,7,13,"(0.0, 0.02461978404713738, 0.009734414428939651, 0.0, 0.01810411441758469, 0.022173256981297827, 0.0, 0.0, 0.01089208668844536, 0.00476393156717078)",1
6141,25,8,6,"(0.03656180599521727, 0.014699550317466323, 0.0, 0.030181603934096246, 0.00629520371361095, 0.0, 0.02084646300026537, 0.0, 0.028146417112716555, 0.05874522297052942)",2
6142,25,8,6,"(0.03656180599521727, 0.011572197494497125, 0.0, 0.030181603934096246, 0.005422768956954101, 0.0, 0.02084646300026537, 0.0, 0.028146417112716555, 0.05874522297052942)",94
6143,25,8,11,"(0.0, 0.0, 0.10552150190404039, 0.02150422363422624, 0.0, 0.030645849071221472, 0.16773790467281977, 0.0386197297757742, 0.026121609841380632, 0.0)",1
6144,25,8,11,"(0.0, 0.0, 0.09864539577037362, 0.02150422363422624, 0.0, 0.030645849071221472, 0.16773790467281977, 0.079754731016857, 0.026121609841380632, 0.0)",1
6145,25,8,11,"(0.0, 0.0, 0.09864539577037362, 0.02150422363422624, 0.0, 0.030645849071221472, 0.09909040982327671, 0.0386197297757742, 0.026121609841380632, 0.0)",3
6146,25,8,11,"(0.0, 0.0, 0.09864539577037362, 0.02150422363422624, 0.0, 0.030645849071221472, 0.16773790467281977, 0.0386197297757742, 0.026121609841380632, 0.0)",354
6147,25,8,11,"(0.0, 0.0, 0.09864539577037362, 0.02150422363422624, 0.0, 0.030645849071221472, 0.16773790467281977, 0.05487587528261972, 0.026121609841380632, 0.0)",41
6148,25,8,11,"(0.0, 0.0, 0.19126387756047308, 0.02150422363422624, 0.0, 0.038266501102807465, 0.1653847255243968, 0.0386197297757742, 0.026121609841380632, 0.0)",6
6149,25,8,11,"(0.0, 0.0, 0.09864539577037362, 0.01650583712158267, 0.0, 0.030645849071221472, 0.16773790467281977, 0.05487587528261972, 0.026121609841380632, 0.0)",90
6150,25,9,11,"(0.0, 0.0, 0.06063715879881103, 0.01650583712158267, 0.0, 0.030645849071221472, 0.16243652964526273, 0.08028238650273146, 0.026121609841380632, 0.0)",1
6151,25,9,11,"(0.0, 0.0, 0.11755819882518005, 0.01650583712158267, 0.0, 0.02375279233445006, 0.16773790467281977, 0.08028238650273146, 0.03629425512662685, 0.0)",5
6152,25,9,11,"(0.0, 0.0, 0.11755819882518005, 0.01650583712158267, 0.0, 0.02375279233445006, 0.16773790467281977, 0.08028238650273146, 0.026121609841380632, 0.0)",82
6153,25,9,11,"(0.0, 0.0, 0.09864539577037362, 0.01650583712158267, 0.0, 0.030645849071221472, 0.2069849418313597, 0.08028238650273146, 0.026121609841380632, 0.0)",2
6154,25,9,11,"(0.0, 0.0, 0.2169901902153437, 0.01650583712158267, 0.0, 0.02375279233445006, 0.16773790467281977, 0.08028238650273146, 0.017559344925862884, 0.0)",1
6155,25,9,11,"(0.0, 0.0, 0.09864539577037362, 0.01650583712158267, 0.0, 0.030645849071221472, 0.16243652964526273, 0.07990178809652541, 0.026121609841380632, 0.0)",4
6156,25,9,11,"(0.0, 0.0, 0.09864539577037362, 0.01650583712158267, 0.0, 0.030645849071221472, 0.16243652964526273, 0.08028238650273146, 0.026121609841380632, 0.0)",427
6157,25,9,11,"(0.0, 0.0, 0.09833794298402883, 0.027670515880528695, 0.0, 0.02915756431197996, 0.16243652964526273, 0.08028238650273146, 0.026121609841380632, 0.0)",10
6158,25,9,11,"(0.0, 0.0, 0.09864539577037362, 0.01650583712158267, 0.0, 0.030645849071221472, 0.16243652964526273, 0.11079194042678805, 0.026121609841380632, 0.0)",2
6159,25,9,11,"(0.0, 0.0, 0.09864539577037362, 0.03888099747029095, 0.0, 0.030645849071221472, 0.16243652964526273, 0.08028238650273146, 0.026121609841380632, 0.0)",2
6160,25,9,11,"(0.0, 0.0, 0.11650725745115434, 0.01650583712158267, 0.0, 0.030645849071221472, 0.16243652964526273, 0.08028238650273146, 0.026121609841380632, 0.0)",38
6161,25,10,13,"(0.0, 0.02461978404713738, 0.012001373288978934, 0.0, 0.015125360574735437, 0.022173256981297827, 0.0, 0.0, 0.01089208668844536, 0.00476393156717078)",1
6162,25,10,13,"(0.0, 0.02461978404713738, 0.023035932332134326, 0.0, 0.01810411441758469, 0.027380036522067604, 0.0, 0.0, 0.01089208668844536, 0.00476393156717078)",1
6163,25,10,13,"(0.0, 0.020910028553714984, 0.023035932332134326, 0.0, 0.01810411441758469, 0.022173256981297827, 0.0, 0.0, 0.01089208668844536, 0.00476393156717078)",1
6164,25,10,13,"(0.0, 0.02461978404713738, 0.023035932332134326, 0.0, 0.01810411441758469, 0.022173256981297827, 0.0, 0.0, 0.008234854019143444, 0.00476393156717078)",14
6165,25,10,13,"(0.0, 0.02461978404713738, 0.023035932332134326, 0.0, 0.01810411441758469, 0.022173256981297827, 0.0, 0.0, 0.01089208668844536, 0.0035811834086928312)",94
6166,25,10,13,"(0.0, 0.02461978404713738, 0.023035932332134326, 0.0, 0.01810411441758469, 0.021407431961440446, 0.0, 0.0, 0.01089208668844536, 0.002112838825939952)",1
6167,25,10,13,"(0.0, 0.02461978404713738, 0.023035932332134326, 0.0, 0.01810411441758469, 0.022173256981297827, 0.0, 0.0, 0.01089208668844536, 0.00476393156717078)",201
6168,25,10,13,"(0.0, 0.02461978404713738, 0.023035932332134326, 0.0, 0.01810411441758469, 0.022173256981297827, 0.0, 0.0, 0.012122752518063223, 0.00476393156717078)",20
6169,25,10,13,"(0.0, 0.02461978404713738, 0.01445230965193895, 0.0, 0.01810411441758469, 0.022173256981297827, 0.0, 0.0, 0.01089208668844536, 0.0035811834086928312)",1
6170,25,10,13,"(0.0, 0.02461978404713738, 0.01693319857581034, 0.0, 0.01810411441758469, 0.022173256981297827, 0.0, 0.0, 0.01089208668844536, 0.0050773714916955825)",5
6171,25,10,13,"(0.0, 0.02461978404713738, 0.023035932332134326, 0.0, 0.01810411441758469, 0.016404799208549013, 0.0, 0.0, 0.01089208668844536, 0.0031329465261073614)",1
6172,25,10,13,"(0.0, 0.02461978404713738, 0.023035932332134326, 0.0, 0.01810411441758469, 0.022173256981297827, 0.0, 0.0, 0.01089208668844536, 0.0040755517806853915)",1
6173,25,10,13,"(0.0, 0.02461978404713738, 0.010333974539061475, 0.0, 0.013727333259024203, 0.022173256981297827, 0.0, 0.0, 0.01089208668844536, 0.00476393156717078)",1
6174,25,10,13,"(0.0, 0.02461978404713738, 0.023035932332134326, 0.0, 0.015125360574735437, 0.022173256981297827, 0.0, 0.0, 0.01089208668844536, 0.00476393156717078)",20
6175,25,10,13,"(0.0, 0.02461978404713738, 0.03919686046810079, 0.0, 0.01810411441758469, 0.022173256981297827, 0.0, 0.0, 0.01089208668844536, 0.00476393156717078)",3
6176,25,10,13,"(0.0, 0.02461978404713738, 0.023035932332134326, 0.0, 0.01810411441758469, 0.022173256981297827, 0.0, 0.0, 0.014508344291398509, 0.00476393156717078)",1
6177,25,10,13,"(0.0, 0.02461978404713738, 0.023035932332134326, 0.0, 0.015125360574735437, 0.022173256981297827, 0.0, 0.0, 0.01089208668844536, 0.006364769311763468)",2
6178,25,11,13,"(0.0, 0.02461978404713738, 0.023035932332134326, 0.0, 0.01810411441758469, 0.022173256981297827, 0.0, 0.0, 0.01089208668844536, 0.00647196964988894)",1
6179,25,11,13,"(0.0, 0.02461978404713738, 0.023035932332134326, 0.0, 0.01810411441758469, 0.022173256981297827, 0.0, 0.0, 0.01089208668844536, 0.00476393156717078)",228
6180,25,11,13,"(0.0, 0.02461978404713738, 0.023035932332134326, 0.0, 0.01810411441758469, 0.022173256981297827, 0.0, 0.0, 0.020197045693843757, 0.00476393156717078)",1
6181,25,11,13,"(0.0, 0.02461978404713738, 0.023035932332134326, 0.0, 0.018312533910099273, 0.022173256981297827, 0.0, 0.0, 0.01089208668844536, 0.00476393156717078)",1
6182,25,11,13,"(0.0, 0.02461978404713738, 0.023035932332134326, 0.0, 0.01810411441758469, 0.01827117849261634, 0.0, 0.0, 0.01089208668844536, 0.00476393156717078)",2
6183,25,11,13,"(0.0, 0.02461978404713738, 0.023035932332134326, 0.0, 0.01810411441758469, 0.0195425563831474, 0.0, 0.0, 0.01089208668844536, 0.00476393156717078)",1
6184,25,12,8,"(0.20581120309005801, 0.046525949225991035, 0.0, 0.0, 0.04573034632799446, 0.0, 0.06554533266124946, 0.1116381245929446, 0.0, 0.0)",27
6185,25,12,8,"(0.19235562551390653, 0.046525949225991035, 0.0, 0.0, 0.04573034632799446, 0.0, 0.08319516954615302, 0.1116381245929446, 0.0, 0.0)",121
6186,25,12,8,"(0.19235562551390653, 0.046525949225991035, 0.0, 0.0, 0.04573034632799446, 0.0, 0.08319516954615302, 0.06141240610822944, 0.0, 0.0)",1
6187,25,12,10,"(0.03550653097490399, 0.13412753072614994, 0.09682940930282144, 0.0017773360538905325, 0.0, 0.06291875767155253, 0.0, 0.10994488928074131, 0.0, 0.0)",2
6188,25,12,10,"(0.03550653097490399, 0.07670990959536761, 0.09758296381198717, 0.0017773360538905325, 0.0, 0.06291875767155253, 0.0, 0.1270647727359666, 0.0, 0.0)",5
6189,25,12,10,"(0.03550653097490399, 0.06927916245295945, 0.09682940930282144, 0.0018165768158425644, 0.0, 0.06291875767155253, 0.0, 0.10994488928074131, 0.0, 0.0)",2
6190,25,12,10,"(0.03550653097490399, 0.06927916245295945, 0.0522863428777396, 0.0017773360538905325, 0.0, 0.04457327155506615, 0.0, 0.06169342636489706, 0.0, 0.0)",1
6191,25,12,10,"(0.0247077711158225, 0.06927916245295945, 0.1502527595802517, 0.0017773360538905325, 0.0, 0.06291875767155253, 0.0, 0.14972155281247881, 0.0, 0.0)",1
6192,25,12,10,"(0.03550653097490399, 0.06927916245295945, 0.09682940930282144, 0.0017773360538905325, 0.0, 0.06291875767155253, 0.0, 0.10994488928074131, 0.0, 0.0)",250
6193,25,13,6,"(0.04548728174008775, 0.011572197494497125, 0.0, 0.030181603934096246, 0.005422768956954101, 0.0, 0.019795240631728064, 0.0, 0.02386480699641001, 0.05874522297052942)",1
6194,25,13,6,"(0.03426039533065134, 0.011572197494497125, 0.0, 0.030181603934096246, 0.004869787950709462, 0.0, 0.019795240631728064, 0.0, 0.028146417112716555, 0.0835765894122105)",1
6195,25,13,6,"(0.03426039533065134, 0.011572197494497125, 0.0, 0.030181603934096246, 0.005422768956954101, 0.0, 0.019795240631728064, 0.0, 0.028146417112716555, 0.05874522297052942)",184
6196,25,13,6,"(0.03426039533065134, 0.011572197494497125, 0.0, 0.030181603934096246, 0.005729298280664016, 0.0, 0.019795240631728064, 0.0, 0.028146417112716555, 0.05874522297052942)",1
6197,25,13,6,"(0.03426039533065134, 0.010645756024347615, 0.0, 0.030181603934096246, 0.005422768956954101, 0.0, 0.019795240631728064, 0.0, 0.028146417112716555, 0.05874522297052942)",1
6198,25,13,6,"(0.03426039533065134, 0.011572197494497125, 0.0, 0.030181603934096246, 0.005422768956954101, 0.0, 0.031245619968751238, 0.0, 0.028146417112716555, 0.05874522297052942)",1
6199,25,14,11,"(0.0, 0.0, 0.03263853948452433, 0.01650583712158267, 0.0, 0.030645849071221472, 0.16773790467281977, 0.046237642847009, 0.02478798128338809, 0.0)",1
6200,25,14,11,"(0.0, 0.0, 0.09864539577037362, 0.01650583712158267, 0.0, 0.030645849071221472, 0.17407543240060794, 0.046237642847009, 0.026121609841380632, 0.0)",1
6201,25,14,11,"(0.0, 0.0, 0.07563427679391872, 0.01650583712158267, 0.0, 0.030645849071221472, 0.17107062160146694, 0.046237642847009, 0.026121609841380632, 0.0)",2
6202,25,14,11,"(0.0, 0.0, 0.09864539577037362, 0.01650583712158267, 0.0, 0.030645849071221472, 0.16773790467281977, 0.03104422110213138, 0.011098822818663224, 0.0)",1
6203,25,14,11,"(0.0, 0.0, 0.07563427679391872, 0.01650583712158267, 0.0, 0.030645849071221472, 0.16773790467281977, 0.046237642847009, 0.034406473715224456, 0.0)",1
6204,25,14,11,"(0.0, 0.0, 0.09864539577037362, 0.01650583712158267, 0.0, 0.030645849071221472, 0.16773790467281977, 0.046237642847009, 0.026121609841380632, 0.0)",268
6205,25,14,11,"(0.0, 0.0, 0.07563427679391872, 0.00837511920666058, 0.0, 0.030645849071221472, 0.16773790467281977, 0.046237642847009, 0.026121609841380632, 0.0)",10
6206,25,14,11,"(0.0, 0.0, 0.07563427679391872, 0.01650583712158267, 0.0, 0.030645849071221472, 0.16773790467281977, 0.046237642847009, 0.026121609841380632, 0.0)",114
6207,25,14,11,"(0.0, 0.0, 0.07563427679391872, 0.025151218524166474, 0.0, 0.03846414300237496, 0.16773790467281977, 0.046237642847009, 0.026121609841380632, 0.0)",1
6208,25,14,11,"(0.0, 0.0, 0.07739562024313892, 0.01650583712158267, 0.0, 0.030645849071221472, 0.16773790467281977, 0.046237642847009, 0.026121609841380632, 0.0)",2
6209,25,14,13,"(0.0, 0.02461978404713738, 0.023035932332134326, 0.0, 0.008444564879832335, 0.042167568373387775, 0.0, 0.0, 0.01089208668844536, 0.0036115760887187663)",1
6210,25,14,13,"(0.0, 0.02461978404713738, 0.024052758859168088, 0.0, 0.008444564879832335, 0.042167568373387775, 0.0, 0.0, 0.01089208668844536, 0.00476393156717078)",1
6211,25,14,13,"(0.0, 0.02461978404713738, 0.023035932332134326, 0.0, 0.01810411441758469, 0.022173256981297827, 0.0, 0.0, 0.01089208668844536, 0.00476393156717078)",322
6212,25,14,13,"(0.0, 0.02461978404713738, 0.023035932332134326, 0.0, 0.01810411441758469, 0.009109386688285601, 0.0, 0.0, 0.01089208668844536, 0.00476393156717078)",2
6213,25,14,13,"(0.0, 0.020650248625272448, 0.023035932332134326, 0.0, 0.01810411441758469, 0.01847335122441369, 0.0, 0.0, 0.01089208668844536, 0.00476393156717078)",2
6214,25,14,13,"(0.0, 0.02461978404713738, 0.023035932332134326, 0.0, 0.01810411441758469, 0.022173256981297827, 0.0, 0.0, 0.01089208668844536, 0.0027560597556128595)",1
6215,25,14,13,"(0.0, 0.02461978404713738, 0.023035932332134326, 0.0, 0.01810411441758469, 0.014557817527482654, 0.0, 0.0, 0.01089208668844536, 0.00476393156717078)",3
6216,25,14,13,"(0.0, 0.02461978404713738, 0.023035932332134326, 0.0, 0.008444564879832335, 0.042167568373387775, 0.0, 0.0, 0.01089208668844536, 0.00476393156717078)",4
6217,25,14,13,"(0.0, 0.02461978404713738, 0.023035932332134326, 0.0, 0.014049875749745562, 0.022173256981297827, 0.0, 0.0, 0.01089208668844536, 0.00476393156717078)",1
6218,25,15,11,"(0.0, 0.0, 0.11907752899853914, 0.01650583712158267, 0.0, 0.023512908659086694, 0.16773790467281977, 0.0404147798164449, 0.026121609841380632, 0.0)",10
6219,25,15,11,"(0.0, 0.0, 0.14096796363285471, 0.01650583712158267, 0.0, 0.030645849071221472, 0.16773790467281977, 0.0404147798164449, 0.026121609841380632, 0.0)",1
6220,25,15,11,"(0.0, 0.0, 0.14964403390966818, 0.01650583712158267, 0.0, 0.030645849071221472, 0.16773790467281977, 0.0404147798164449, 0.026121609841380632, 0.0)",34
6221,25,15,11,"(0.0, 0.0, 0.11839367174953695, 0.01650583712158267, 0.0, 0.030645849071221472, 0.16773790467281977, 0.04724059993257818, 0.026121609841380632, 0.0)",3
6222,25,15,11,"(0.0, 0.0, 0.11839367174953695, 0.02290432610404495, 0.0, 0.030645849071221472, 0.16773790467281977, 0.0404147798164449, 0.026121609841380632, 0.0)",4
6223,25,15,11,"(0.0, 0.0, 0.11839367174953695, 0.01650583712158267, 0.0, 0.030645849071221472, 0.16773790467281977, 0.0404147798164449, 0.026121609841380632, 0.0)",471
6224,25,15,11,"(0.0, 0.0, 0.11839367174953695, 0.01650583712158267, 0.0, 0.021953238003829877, 0.16773790467281977, 0.0404147798164449, 0.026121609841380632, 0.0)",1
6225,25,15,11,"(0.0, 0.0, 0.11839367174953695, 0.022687887156657458, 0.0, 0.030645849071221472, 0.16773790467281977, 0.07064812757232578, 0.026121609841380632, 0.0)",9
6226,25,15,11,"(0.0, 0.0, 0.11839367174953695, 0.017308269602534735, 0.0, 0.026209832863160285, 0.16773790467281977, 0.0404147798164449, 0.026121609841380632, 0.0)",11
6227,25,15,11,"(0.0, 0.0, 0.11839367174953695, 0.0117014609062318, 0.0, 0.030645849071221472, 0.16773790467281977, 0.0404147798164449, 0.026121609841380632, 0.0)",1
6228,25,15,11,"(0.0, 0.0, 0.11839367174953695, 0.01650583712158267, 0.0, 0.030645849071221472, 0.16773790467281977, 0.07675653178061127, 0.026121609841380632, 0.0)",1
6229,25,15,11,"(0.0, 0.0, 0.14964403390966818, 0.014516762288842739, 0.0, 0.030645849071221472, 0.16773790467281977, 0.0404147798164449, 0.026121609841380632, 0.0)",2
6230,25,15,11,"(0.0, 0.0, 0.11839367174953695, 0.01650583712158267, 0.0, 0.03852027453148335, 0.16773790467281977, 0.0404147798164449, 0.026121609841380632, 0.0)",1
6231,25,15,11,"(0.0, 0.0, 0.11839367174953695, 0.017308269602534735, 0.0, 0.026209832863160285, 0.20291302898059518, 0.0404147798164449, 0.026121609841380632, 0.0)",1
6232,25,15,11,"(0.0, 0.0, 0.11839367174953695, 0.01650583712158267, 0.0, 0.030645849071221472, 0.21741887574876778, 0.0404147798164449, 0.03329253422231109, 0.0)",1
6233,25,15,11,"(0.0, 0.0, 0.1080595220152862, 0.017308269602534735, 0.0, 0.026209832863160285, 0.16773790467281977, 0.0404147798164449, 0.026121609841380632, 0.0)",2
6234,25,16,1,"(0.0, 0.0, 0.041406372128065916, 0.0, 0.0, 0.017507034477595645, 0.0, 0.0, 0.0, 0.0589158079179667)",1
6235,25,16,1,"(0.0, 0.0, 0.041406372128065916, 0.0, 0.0, 0.022535904451619366, 0.0, 0.0, 0.0, 0.09965925051150999)",35
6236,25,16,1,"(0.0, 0.0, 0.041406372128065916, 0.0, 0.0, 0.0199117526153351, 0.0, 0.0, 0.0, 0.09965925051150999)",337
6237,25,16,1,"(0.0, 0.0, 0.041406372128065916, 0.0, 0.0, 0.014414706490522216, 0.0, 0.0, 0.0, 0.09965925051150999)",2
6238,25,16,1,"(0.0, 0.0, 0.041406372128065916, 0.0, 0.0, 0.01314209598525875, 0.0, 0.0, 0.0, 0.09965925051150999)",1
6239,25,16,1,"(0.0, 0.0, 0.041406372128065916, 0.0, 0.0, 0.02572286260592535, 0.0, 0.0, 0.0, 0.09965925051150999)",107
6240,25,16,1,"(0.0, 0.0, 0.041406372128065916, 0.0, 0.0, 0.018185396510013864, 0.0, 0.0, 0.0, 0.09965925051150999)",2
6241,25,16,1,"(0.0, 0.0, 0.041406372128065916, 0.0, 0.0, 0.009974153425537934, 0.0, 0.0, 0.0, 0.09965925051150999)",1
6242,25,16,1,"(0.0, 0.0, 0.030390661674645828, 0.0, 0.0, 0.022535904451619366, 0.0, 0.0, 0.0, 0.09965925051150999)",1
6243,25,16,1,"(0.0, 0.0, 0.04356622612196615, 0.0, 0.0, 0.022535904451619366, 0.0, 0.0, 0.0, 0.09965925051150999)",1
6244,25,16,1,"(0.0, 0.0, 0.041406372128065916, 0.0, 0.0, 0.02006997263241959, 0.0, 0.0, 0.0, 0.09965925051150999)",4
6245,25,16,1,"(0.0, 0.0, 0.041406372128065916, 0.0, 0.0, 0.02572286260592535, 0.0, 0.0, 0.0, 0.0660354910783598)",1
6246,25,16,1,"(0.0, 0.0, 0.041406372128065916, 0.0, 0.0, 0.0199117526153351, 0.0, 0.0, 0.0, 0.047529216575968564)",128
6247,25,16,1,"(0.0, 0.0, 0.032440170870853456, 0.0, 0.0, 0.0199117526153351, 0.0, 0.0, 0.0, 0.1345556248346464)",33
6248,25,16,1,"(0.0, 0.0, 0.06633357942208225, 0.0, 0.0, 0.02572286260592535, 0.0, 0.0, 0.0, 0.09416385707115746)",1
6249,25,16,1,"(0.0, 0.0, 0.041406372128065916, 0.0, 0.0, 0.014713773334273646, 0.0, 0.0, 0.0, 0.08007182686063238)",2
6250,25,16,1,"(0.0, 0.0, 0.033788616534338095, 0.0, 0.0, 0.024930301223815232, 0.0, 0.0, 0.0, 0.047529216575968564)",1
6251,25,16,1,"(0.0, 0.0, 0.041406372128065916, 0.0, 0.0, 0.036513793382681466, 0.0, 0.0, 0.0, 0.2158326012899658)",2
6252,25,16,1,"(0.0, 0.0, 0.03437861199161104, 0.0, 0.0, 0.0199117526153351, 0.0, 0.0, 0.0, 0.09965925051150999)",1
6253,25,16,1,"(0.0, 0.0, 0.056640891044559265, 0.0, 0.0, 0.0199117526153351, 0.0, 0.0, 0.0, 0.09965925051150999)",1
6254,25,16,8,"(0.16507889091742442, 0.046525949225991035, 0.0, 0.0, 0.10243037477641018, 0.0, 0.08319516954615302, 0.1116381245929446, 0.0, 0.0)",3
6255,25,16,8,"(0.16507889091742442, 0.046525949225991035, 0.0, 0.0, 0.07665019551925047, 0.0, 0.08319516954615302, 0.10927521169457322, 0.0, 0.0)",1
6256,25,16,8,"(0.16735792859861837, 0.046525949225991035, 0.0, 0.0, 0.04406965238659135, 0.0, 0.07104144146143472, 0.1116381245929446, 0.0, 0.0)",1
6257,25,16,8,"(0.08395685436839721, 0.046525949225991035, 0.0, 0.0, 0.07294915354312183, 0.0, 0.08319516954615302, 0.1116381245929446, 0.0, 0.0)",1
6258,25,16,8,"(0.16507889091742442, 0.046525949225991035, 0.0, 0.0, 0.07022106556493442, 0.0, 0.08319516954615302, 0.1116381245929446, 0.0, 0.0)",237
6259,25,17,1,"(0.0, 0.0, 0.10922905711608999, 0.0, 0.0, 0.030018978917809972, 0.0, 0.0, 0.0, 0.10436705401422228)",64
6260,25,17,1,"(0.0, 0.0, 0.06884678465662798, 0.0, 0.0, 0.030018978917809972, 0.0, 0.0, 0.0, 0.07117814172323728)",5
6261,25,17,1,"(0.0, 0.0, 0.07993923542944739, 0.0, 0.0, 0.030018978917809972, 0.0, 0.0, 0.0, 0.0910060267578522)",4
6262,25,17,1,"(0.0, 0.0, 0.10922905711608999, 0.0, 0.0, 0.018494879801765052, 0.0, 0.0, 0.0, 0.0910060267578522)",20
6263,25,17,1,"(0.0, 0.0, 0.3794996090394334, 0.0, 0.0, 0.030018978917809972, 0.0, 0.0, 0.0, 0.0910060267578522)",5
6264,25,17,1,"(0.0, 0.0, 0.05843171667290719, 0.0, 0.0, 0.02106821682807661, 0.0, 0.0, 0.0, 0.04297296585472449)",1
6265,25,17,1,"(0.0, 0.0, 0.06393522174584794, 0.0, 0.0, 0.030018978917809972, 0.0, 0.0, 0.0, 0.11959149048967245)",2
6266,25,17,1,"(0.0, 0.0, 0.10922905711608999, 0.0, 0.0, 0.03593937615282164, 0.0, 0.0, 0.0, 0.0910060267578522)",1
6267,25,17,1,"(0.0, 0.0, 0.10385110007109337, 0.0, 0.0, 0.0418110560080938, 0.0, 0.0, 0.0, 0.0910060267578522)",3
6268,25,17,1,"(0.0, 0.0, 0.10922905711608999, 0.0, 0.0, 0.015726544059909583, 0.0, 0.0, 0.0, 0.0910060267578522)",1
6269,25,17,1,"(0.0, 0.0, 0.10922905711608999, 0.0, 0.0, 0.030018978917809972, 0.0, 0.0, 0.0, 0.0910060267578522)",560
6270,25,17,8,"(0.19235562551390653, 0.04632028014141928, 0.0, 0.0, 0.07022106556493442, 0.0, 0.08319516954615302, 0.1116381245929446, 0.0, 0.0)",189
6271,25,17,8,"(0.19235562551390653, 0.06294154739176305, 0.0, 0.0, 0.08167153052220266, 0.0, 0.08319516954615302, 0.1116381245929446, 0.0, 0.0)",1
6272,25,17,8,"(0.19235562551390653, 0.04632028014141928, 0.0, 0.0, 0.05840984449072773, 0.0, 0.08319516954615302, 0.1116381245929446, 0.0, 0.0)",44
6273,25,17,8,"(0.19235562551390653, 0.04632028014141928, 0.0, 0.0, 0.05840984449072773, 0.0, 0.08319516954615302, 0.09242760025548091, 0.0, 0.0)",1
6274,25,18,10,"(0.0559242017505771, 0.06927916245295945, 0.09682940930282144, 0.0017773360538905325, 0.0, 0.06291875767155253, 0.0, 0.10994488928074131, 0.0, 0.0)",1
6275,25,18,10,"(0.07734904686468291, 0.06927916245295945, 0.09682940930282144, 0.0017773360538905325, 0.0, 0.06291875767155253, 0.0, 0.10994488928074131, 0.0, 0.0)",169
6276,25,18,10,"(0.07734904686468291, 0.06927916245295945, 0.09682940930282144, 0.00199325827163175, 0.0, 0.06864733445062073, 0.0, 0.0860141750866562, 0.0, 0.0)",1
6277,25,18,10,"(0.07734904686468291, 0.06927916245295945, 0.09682940930282144, 0.0025766645289384636, 0.0, 0.06291875767155253, 0.0, 0.10994488928074131, 0.0, 0.0)",2
6278,25,18,11,"(0.0, 0.0, 0.08898107447558858, 0.011987363282382455, 0.0, 0.0464021044721926, 0.13038533056739307, 0.07330058709402762, 0.024267295255067944, 0.0)",3
6279,25,18,11,"(0.0, 0.0, 0.09864539577037362, 0.01650583712158267, 0.0, 0.030645849071221472, 0.21163599865190663, 0.08028238650273146, 0.02873308956446372, 0.0)",4
6280,25,18,11,"(0.0, 0.0, 0.09864539577037362, 0.019164090936980748, 0.0, 0.03150275214907511, 0.13038533056739307, 0.08028238650273146, 0.026121609841380632, 0.0)",1
6281,25,18,11,"(0.0, 0.0, 0.09864539577037362, 0.01650583712158267, 0.0, 0.03150275214907511, 0.13038533056739307, 0.08028238650273146, 0.026121609841380632, 0.0)",263
6282,25,18,11,"(0.0, 0.0, 0.09864539577037362, 0.01650583712158267, 0.0, 0.03150275214907511, 0.13038533056739307, 0.08028238650273146, 0.03189811594333864, 0.0)",2
6283,25,18,11,"(0.0, 0.0, 0.08898107447558858, 0.01650583712158267, 0.0, 0.03150275214907511, 0.13038533056739307, 0.20455068071931568, 0.026121609841380632, 0.0)",1
6284,25,18,11,"(0.0, 0.0, 0.09864539577037362, 0.01650583712158267, 0.0, 0.030645849071221472, 0.16773790467281977, 0.08028238650273146, 0.02873308956446372, 0.0)",41
6285,25,18,11,"(0.0, 0.0, 0.08898107447558858, 0.01650583712158267, 0.0, 0.03150275214907511, 0.13038533056739307, 0.08028238650273146, 0.026121609841380632, 0.0)",218
6286,25,18,11,"(0.0, 0.0, 0.09737075266848054, 0.01650583712158267, 0.0, 0.03150275214907511, 0.13038533056739307, 0.08028238650273146, 0.035967951944639275, 0.0)",1
6287,25,18,11,"(0.0, 0.0, 0.09864539577037362, 0.01159378824065865, 0.0, 0.03150275214907511, 0.13038533056739307, 0.08028238650273146, 0.026121609841380632, 0.0)",1
6288,25,18,11,"(0.0, 0.0, 0.08898107447558858, 0.01650583712158267, 0.0, 0.03150275214907511, 0.1351980863981635, 0.08028238650273146, 0.026121609841380632, 0.0)",1
6289,25,19,0,"(0.07400250769571483, 0.0, 0.0, 0.0, 0.0, 0.017098731129875016, 0.08380840797570269, 0.0691048466035698, 0.0, 0.0)",94
6290,25,19,0,"(0.07400250769571483, 0.0, 0.0, 0.0, 0.0, 0.02025627921630151, 0.08380840797570269, 0.0691048466035698, 0.0, 0.0)",1
6291,25,19,13,"(0.0, 0.02461978404713738, 0.023035932332134326, 0.0, 0.01810411441758469, 0.022173256981297827, 0.0, 0.0, 0.01089208668844536, 0.00476393156717078)",399
6292,25,19,13,"(0.0, 0.02461978404713738, 0.023035932332134326, 0.0, 0.01810411441758469, 0.009078742547523182, 0.0, 0.0, 0.01089208668844536, 0.00476393156717078)",2
6293,25,19,13,"(0.0, 0.02461978404713738, 0.023035932332134326, 0.0, 0.01810411441758469, 0.022173256981297827, 0.0, 0.0, 0.01089208668844536, 0.006237904860836016)",2
6294,25,19,13,"(0.0, 0.02461978404713738, 0.03776084225924459, 0.0, 0.01810411441758469, 0.03499020110998716, 0.0, 0.0, 0.01089208668844536, 0.00476393156717078)",1
6295,25,19,13,"(0.0, 0.022605992979336735, 0.023035932332134326, 0.0, 0.01810411441758469, 0.022173256981297827, 0.0, 0.0, 0.01089208668844536, 0.00476393156717078)",3
6296,25,19,13,"(0.0, 0.02461978404713738, 0.023035932332134326, 0.0, 0.0060195288423970554, 0.022173256981297827, 0.0, 0.0, 0.01089208668844536, 0.00476393156717078)",1
6297,25,19,13,"(0.0, 0.027302160507364684, 0.023035932332134326, 0.0, 0.01810411441758469, 0.022173256981297827, 0.0, 0.0, 0.01089208668844536, 0.00476393156717078)",1
6298,25,20,10,"(0.07734904686468291, 0.06927916245295945, 0.09682940930282144, 0.0017773360538905325, 0.0, 0.06291875767155253, 0.0, 0.10994488928074131, 0.0, 0.0)",120
6299,25,20,10,"(0.07734904686468291, 0.06927916245295945, 0.09682940930282144, 0.0017773360538905325, 0.0, 0.06291875767155253, 0.0, 0.11680629974016099, 0.0, 0.0)",1
6300,25,20,11,"(0.0, 0.0, 0.06624622573710863, 0.01650583712158267, 0.0, 0.02548938439096223, 0.09572491856946197, 0.08028238650273146, 0.036485718580663774, 0.0)",6
6301,25,20,11,"(0.0, 0.0, 0.03664497950459847, 0.01650583712158267, 0.0, 0.02548938439096223, 0.09572491856946197, 0.08028238650273146, 0.019572242238609785, 0.0)",1
6302,25,20,11,"(0.0, 0.0, 0.03664497950459847, 0.01650583712158267, 0.0, 0.01570870091089919, 0.09572491856946197, 0.09914108848797905, 0.036485718580663774, 0.0)",1
6303,25,20,11,"(0.0, 0.0, 0.03664497950459847, 0.01650583712158267, 0.0, 0.02548938439096223, 0.09572491856946197, 0.13892830074015358, 0.023892295345318153, 0.0)",4
6304,25,20,11,"(0.0, 0.0, 0.03664497950459847, 0.01650583712158267, 0.0, 0.02548938439096223, 0.09572491856946197, 0.08028238650273146, 0.034756995159150116, 0.0)",1
6305,25,20,11,"(0.0, 0.0, 0.03664497950459847, 0.01650583712158267, 0.0, 0.02548938439096223, 0.09572491856946197, 0.08028238650273146, 0.036485718580663774, 0.0)",534
6306,25,20,11,"(0.0, 0.0, 0.01910096043316429, 0.01650583712158267, 0.0, 0.02548938439096223, 0.09572491856946197, 0.08028238650273146, 0.05221198786709103, 0.0)",3
6307,25,20,11,"(0.0, 0.0, 0.08014159865348675, 0.01650583712158267, 0.0, 0.030645849071221472, 0.09572491856946197, 0.08028238650273146, 0.036485718580663774, 0.0)",8
6308,25,20,11,"(0.0, 0.0, 0.04246561101823154, 0.01650583712158267, 0.0, 0.02548938439096223, 0.09572491856946197, 0.08028238650273146, 0.036485718580663774, 0.0)",1
6309,25,20,11,"(0.0, 0.0, 0.03664497950459847, 0.01650583712158267, 0.0, 0.010084367488119078, 0.09572491856946197, 0.08028238650273146, 0.036485718580663774, 0.0)",1
6310,25,20,11,"(0.0, 0.0, 0.03664497950459847, 0.01650583712158267, 0.0, 0.02548938439096223, 0.10588040541340137, 0.08028238650273146, 0.036485718580663774, 0.0)",1
6311,26,0,6,"(0.03426039533065134, 0.011572197494497125, 0.0, 0.07888423329517456, 0.005422768956954101, 0.0, 0.024224760034316988, 0.0, 0.028146417112716555, 0.05874522297052942)",1
6312,26,0,6,"(0.03426039533065134, 0.011572197494497125, 0.0, 0.030181603934096246, 0.005422768956954101, 0.0, 0.019795240631728064, 0.0, 0.028146417112716555, 0.05874522297052942)",166
6313,26,0,11,"(0.0, 0.0, 0.04169522659952404, 0.010654525538403636, 0.0, 0.030645849071221472, 0.22213417277329284, 0.08028238650273146, 0.037708386224628576, 0.0)",1
6314,26,0,11,"(0.0, 0.0, 0.06200374261520503, 0.010654525538403636, 0.0, 0.030645849071221472, 0.16773790467281977, 0.06471128129841798, 0.026121609841380632, 0.0)",58
6315,26,0,11,"(0.0, 0.0, 0.06200374261520503, 0.013327471570436282, 0.0, 0.025623450902524197, 0.23456892057489484, 0.08028238650273146, 0.024048621050439083, 0.0)",1
6316,26,0,11,"(0.0, 0.0, 0.04169522659952404, 0.010152783280013926, 0.0, 0.030645849071221472, 0.10735587614293413, 0.08028238650273146, 0.026121609841380632, 0.0)",1
6317,26,0,11,"(0.0, 0.0, 0.06200374261520503, 0.010654525538403636, 0.0, 0.030645849071221472, 0.16773790467281977, 0.08028238650273146, 0.026121609841380632, 0.0)",218
6318,26,0,11,"(0.0, 0.0, 0.06200374261520503, 0.010654525538403636, 0.0, 0.030645849071221472, 0.16773790467281977, 0.08028238650273146, 0.011529560275152539, 0.0)",3
6319,26,0,11,"(0.0, 0.0, 0.04169522659952404, 0.010654525538403636, 0.0, 0.030645849071221472, 0.16773790467281977, 0.08028238650273146, 0.026121609841380632, 0.0)",96
6320,26,0,11,"(0.0, 0.0, 0.06200374261520503, 0.010654525538403636, 0.0, 0.030645849071221472, 0.1517832230847845, 0.08028238650273146, 0.026121609841380632, 0.0)",2
6321,26,1,6,"(0.03426039533065134, 0.011572197494497125, 0.0, 0.030181603934096246, 0.004063425715064528, 0.0, 0.02001615997639454, 0.0, 0.02005395548040692, 0.05874522297052942)",1
6322,26,1,6,"(0.03426039533065134, 0.011572197494497125, 0.0, 0.030181603934096246, 0.005422768956954101, 0.0, 0.019795240631728064, 0.0, 0.028146417112716555, 0.05874522297052942)",252
6323,26,1,6,"(0.03426039533065134, 0.011572197494497125, 0.0, 0.014694755801748456, 0.005422768956954101, 0.0, 0.019795240631728064, 0.0, 0.028146417112716555, 0.05874522297052942)",31
6324,26,1,6,"(0.03426039533065134, 0.011572197494497125, 0.0, 0.030181603934096246, 0.005422768956954101, 0.0, 0.01962184966437283, 0.0, 0.028146417112716555, 0.05874522297052942)",1
6325,26,1,6,"(0.03426039533065134, 0.011572197494497125, 0.0, 0.030181603934096246, 0.004304801022150483, 0.0, 0.019795240631728064, 0.0, 0.028146417112716555, 0.05874522297052942)",1
6326,26,1,6,"(0.03426039533065134, 0.011572197494497125, 0.0, 0.030181603934096246, 0.005422768956954101, 0.0, 0.04643664602257171, 0.0, 0.028146417112716555, 0.05874522297052942)",2
6327,26,1,6,"(0.03426039533065134, 0.011572197494497125, 0.0, 0.030181603934096246, 0.005422768956954101, 0.0, 0.019795240631728064, 0.0, 0.0248681045019805, 0.05874522297052942)",3
6328,26,1,8,"(0.07111035742329365, 0.046525949225991035, 0.0, 0.0, 0.051217346146779696, 0.0, 0.08319516954615302, 0.1415123366655704, 0.0, 0.0)",184
6329,26,1,8,"(0.07111035742329365, 0.046525949225991035, 0.0, 0.0, 0.05647900483353866, 0.0, 0.08319516954615302, 0.1415123366655704, 0.0, 0.0)",1
6330,26,1,8,"(0.07111035742329365, 0.06403179972501755, 0.0, 0.0, 0.07022106556493442, 0.0, 0.08319516954615302, 0.1415123366655704, 0.0, 0.0)",4
6331,26,2,13,"(0.0, 0.02461978404713738, 0.023035932332134326, 0.0, 0.00970885425506607, 0.022173256981297827, 0.0, 0.0, 0.01089208668844536, 0.003966310057459001)",1
6332,26,2,13,"(0.0, 0.02461978404713738, 0.023035932332134326, 0.0, 0.00970885425506607, 0.022173256981297827, 0.0, 0.0, 0.009032938049852193, 0.00476393156717078)",1
6333,26,2,13,"(0.0, 0.02461978404713738, 0.023035932332134326, 0.0, 0.00970885425506607, 0.022173256981297827, 0.0, 0.0, 0.008341146933595316, 0.0058419461993318034)",1
6334,26,2,13,"(0.0, 0.02461978404713738, 0.023035932332134326, 0.0, 0.00970885425506607, 0.022173256981297827, 0.0, 0.0, 0.008181207749221564, 0.00476393156717078)",1
6335,26,2,13,"(0.0, 0.02461978404713738, 0.023035932332134326, 0.0, 0.00970885425506607, 0.014849181361028831, 0.0, 0.0, 0.01089208668844536, 0.00476393156717078)",1
6336,26,2,13,"(0.0, 0.02131338863598839, 0.019795853613636515, 0.0, 0.007586708690493348, 0.022173256981297827, 0.0, 0.0, 0.01089208668844536, 0.00476393156717078)",1
6337,26,2,13,"(0.0, 0.02461978404713738, 0.023035932332134326, 0.0, 0.00970885425506607, 0.022173256981297827, 0.0, 0.0, 0.007665068446557878, 0.00476393156717078)",1
6338,26,2,13,"(0.0, 0.02461978404713738, 0.023035932332134326, 0.0, 0.00970885425506607, 0.022173256981297827, 0.0, 0.0, 0.01089208668844536, 0.00476393156717078)",366
6339,26,2,13,"(0.0, 0.02461978404713738, 0.023035932332134326, 0.0, 0.00970885425506607, 0.022173256981297827, 0.0, 0.0, 0.01089208668844536, 0.0038185810002210794)",6
6340,26,2,13,"(0.0, 0.02461978404713738, 0.023035932332134326, 0.0, 0.011774680114432516, 0.022173256981297827, 0.0, 0.0, 0.01089208668844536, 0.008356926077413583)",2
6341,26,3,13,"(0.0, 0.02461978404713738, 0.023035932332134326, 0.0, 0.01810411441758469, 0.053390709438164076, 0.0, 0.0, 0.01089208668844536, 0.0024406349647482155)",1
6342,26,3,13,"(0.0, 0.026720936137923475, 0.02355041555933792, 0.0, 0.01810411441758469, 0.03012613194081328, 0.0, 0.0, 0.01089208668844536, 0.0024406349647482155)",3
6343,26,3,13,"(0.0, 0.02461978404713738, 0.015621281641928135, 0.0, 0.01810411441758469, 0.022173256981297827, 0.0, 0.0, 0.020036746536801053, 0.0024406349647482155)",2
6344,26,3,13,"(0.0, 0.02461978404713738, 0.018800085725791737, 0.0, 0.01810411441758469, 0.022173256981297827, 0.0, 0.0, 0.01089208668844536, 0.0024406349647482155)",1
6345,26,3,13,"(0.0, 0.02461978404713738, 0.017169199059004634, 0.0, 0.01810411441758469, 0.0409113076619781, 0.0, 0.0, 0.009034507893725363, 0.001988885222545856)",1
6346,26,3,13,"(0.0, 0.02461978404713738, 0.023035932332134326, 0.0, 0.01810411441758469, 0.022173256981297827, 0.0, 0.0, 0.01089208668844536, 0.0024406349647482155)",269
6347,26,3,13,"(0.0, 0.02461978404713738, 0.023035932332134326, 0.0, 0.01167955086676621, 0.022173256981297827, 0.0, 0.0, 0.01089208668844536, 0.0024406349647482155)",1
6348,26,3,13,"(0.0, 0.02461978404713738, 0.023035932332134326, 0.0, 0.01810411441758469, 0.022173256981297827, 0.0, 0.0, 0.006300002103463279, 0.0024406349647482155)",1
6349,26,4,11,"(0.0, 0.0, 0.10104938523232204, 0.01650583712158267, 0.0, 0.030645849071221472, 0.08153022673827125, 0.07240876560513207, 0.026121609841380632, 0.0)",1
6350,26,4,11,"(0.0, 0.0, 0.09864539577037362, 0.01650583712158267, 0.0, 0.030645849071221472, 0.08153022673827125, 0.15683016860568455, 0.026121609841380632, 0.0)",1
6351,26,4,11,"(0.0, 0.0, 0.09864539577037362, 0.01650583712158267, 0.0, 0.030645849071221472, 0.08153022673827125, 0.07240876560513207, 0.021652389632717678, 0.0)",1
6352,26,4,11,"(0.0, 0.0, 0.09864539577037362, 0.0064348718700226026, 0.0, 0.026536362544157224, 0.08153022673827125, 0.07240876560513207, 0.026121609841380632, 0.0)",3
6353,26,4,11,"(0.0, 0.0, 0.09864539577037362, 0.01650583712158267, 0.0, 0.030645849071221472, 0.08153022673827125, 0.07240876560513207, 0.026121609841380632, 0.0)",553
6354,26,4,11,"(0.0, 0.0, 0.09864539577037362, 0.01650583712158267, 0.0, 0.030645849071221472, 0.08153022673827125, 0.07240876560513207, 0.04226493271979321, 0.0)",1
6355,26,4,11,"(0.0, 0.0, 0.09864539577037362, 0.01650583712158267, 0.0, 0.030645849071221472, 0.08153022673827125, 0.07240876560513207, 0.024967128640794856, 0.0)",1
6356,26,4,11,"(0.0, 0.0, 0.09864539577037362, 0.014426582037967014, 0.0, 0.030645849071221472, 0.08153022673827125, 0.07240876560513207, 0.026121609841380632, 0.0)",1
6357,26,4,11,"(0.0, 0.0, 0.09864539577037362, 0.01650583712158267, 0.0, 0.030645849071221472, 0.08153022673827125, 0.06258783603214357, 0.026121609841380632, 0.0)",1
6358,26,4,11,"(0.0, 0.0, 0.09864539577037362, 0.01650583712158267, 0.0, 0.030645849071221472, 0.08153022673827125, 0.04569890848234095, 0.026121609841380632, 0.0)",14
6359,26,4,11,"(0.0, 0.0, 0.09864539577037362, 0.01650583712158267, 0.0, 0.030645849071221472, 0.08153022673827125, 0.1081007546893217, 0.026121609841380632, 0.0)",4
6360,26,4,11,"(0.0, 0.0, 0.09864539577037362, 0.01650583712158267, 0.0, 0.030645849071221472, 0.08153022673827125, 0.07733724013419618, 0.026121609841380632, 0.0)",1
6361,26,4,11,"(0.0, 0.0, 0.09864539577037362, 0.01650583712158267, 0.0, 0.05958276075408746, 0.08153022673827125, 0.07240876560513207, 0.026121609841380632, 0.0)",2
6362,26,5,0,"(0.07400250769571483, 0.0, 0.0, 0.0, 0.0, 0.038664151314593, 0.1302115446225343, 0.06261049614614052, 0.0, 0.0)",1
6363,26,5,0,"(0.07400250769571483, 0.0, 0.0, 0.0, 0.0, 0.038664151314593, 0.08380840797570269, 0.046283280076369705, 0.0, 0.0)",61
6364,26,5,0,"(0.07400250769571483, 0.0, 0.0, 0.0, 0.0, 0.038664151314593, 0.09937175076976765, 0.05015325966666236, 0.0, 0.0)",10
6365,26,5,0,"(0.07400250769571483, 0.0, 0.0, 0.0, 0.0, 0.038664151314593, 0.08380840797570269, 0.06261049614614052, 0.0, 0.0)",214
6366,26,5,0,"(0.07400250769571483, 0.0, 0.0, 0.0, 0.0, 0.05180762247323077, 0.08380840797570269, 0.05015325966666236, 0.0, 0.0)",17
6367,26,5,6,"(0.03426039533065134, 0.011572197494497125, 0.0, 0.030181603934096246, 0.005007634075628519, 0.0, 0.019795240631728064, 0.0, 0.028146417112716555, 0.05874522297052942)",3
6368,26,5,6,"(0.03426039533065134, 0.011572197494497125, 0.0, 0.030181603934096246, 0.005422768956954101, 0.0, 0.024375216671820327, 0.0, 0.028146417112716555, 0.06715108187032628)",2
6369,26,5,6,"(0.03426039533065134, 0.011572197494497125, 0.0, 0.030181603934096246, 0.004129165755904161, 0.0, 0.019795240631728064, 0.0, 0.028146417112716555, 0.05874522297052942)",96
6370,26,5,6,"(0.03426039533065134, 0.011572197494497125, 0.0, 0.030181603934096246, 0.005422768956954101, 0.0, 0.019795240631728064, 0.0, 0.028146417112716555, 0.05874522297052942)",148
6371,26,6,0,"(0.07400250769571483, 0.0, 0.0, 0.0, 0.0, 0.018885251935103414, 0.08380840797570269, 0.04994118015352689, 0.0, 0.0)",1
6372,26,6,0,"(0.07400250769571483, 0.0, 0.0, 0.0, 0.0, 0.017098731129875016, 0.08380840797570269, 0.12652596159237764, 0.0, 0.0)",4
6373,26,6,0,"(0.07400250769571483, 0.0, 0.0, 0.0, 0.0, 0.017098731129875016, 0.08380840797570269, 0.04994118015352689, 0.0, 0.0)",69
6374,26,6,0,"(0.07400250769571483, 0.0, 0.0, 0.0, 0.0, 0.017098731129875016, 0.08380840797570269, 0.0691048466035698, 0.0, 0.0)",141
6375,26,6,0,"(0.07400250769571483, 0.0, 0.0, 0.0, 0.0, 0.01755535560270207, 0.16519042437222367, 0.1825806770222594, 0.0, 0.0)",1
6376,26,6,0,"(0.07400250769571483, 0.0, 0.0, 0.0, 0.0, 0.017098731129875016, 0.08380840797570269, 0.05851400734419345, 0.0, 0.0)",1
6377,26,6,0,"(0.07400250769571483, 0.0, 0.0, 0.0, 0.0, 0.017098731129875016, 0.04498777291139541, 0.0691048466035698, 0.0, 0.0)",21
6378,26,6,0,"(0.07400250769571483, 0.0, 0.0, 0.0, 0.0, 0.017098731129875016, 0.08380840797570269, 0.0377468249866176, 0.0, 0.0)",1
6379,26,7,13,"(0.0, 0.02461978404713738, 0.023035932332134326, 0.0, 0.020953302196254398, 0.022173256981297827, 0.0, 0.0, 0.01089208668844536, 0.00476393156717078)",1
6380,26,7,13,"(0.0, 0.02461978404713738, 0.023035932332134326, 0.0, 0.01322255623593789, 0.031695911551690666, 0.0, 0.0, 0.01089208668844536, 0.00476393156717078)",1
6381,26,7,13,"(0.0, 0.02461978404713738, 0.023035932332134326, 0.0, 0.01810411441758469, 0.022173256981297827, 0.0, 0.0, 0.01089208668844536, 0.00476393156717078)",283
6382,26,7,13,"(0.0, 0.02461978404713738, 0.023035932332134326, 0.0, 0.01322255623593789, 0.022173256981297827, 0.0, 0.0, 0.010925092301422409, 0.00476393156717078)",1
6383,26,7,13,"(0.0, 0.02461978404713738, 0.023035932332134326, 0.0, 0.01810411441758469, 0.022173256981297827, 0.0, 0.0, 0.01104485280039471, 0.00476393156717078)",1
6384,26,7,13,"(0.0, 0.02461978404713738, 0.023035932332134326, 0.0, 0.01322255623593789, 0.022173256981297827, 0.0, 0.0, 0.01089208668844536, 0.00476393156717078)",23
6385,26,7,13,"(0.0, 0.02461978404713738, 0.023035932332134326, 0.0, 0.01810411441758469, 0.022173256981297827, 0.0, 0.0, 0.01089208668844536, 0.005070842953661989)",68
6386,26,8,6,"(0.05128192503940637, 0.011572197494497125, 0.0, 0.030181603934096246, 0.005422768956954101, 0.0, 0.02084646300026537, 0.0, 0.028146417112716555, 0.05874522297052942)",1
6387,26,8,6,"(0.03656180599521727, 0.011572197494497125, 0.0, 0.030181603934096246, 0.005422768956954101, 0.0, 0.02084646300026537, 0.0, 0.028146417112716555, 0.05874522297052942)",31
6388,26,8,11,"(0.0, 0.0, 0.09864539577037362, 0.02150422363422624, 0.0, 0.030645849071221472, 0.16773790467281977, 0.0386197297757742, 0.02369692922360699, 0.0)",2
6389,26,8,11,"(0.0, 0.0, 0.09864539577037362, 0.02150422363422624, 0.0, 0.030645849071221472, 0.16773790467281977, 0.0386197297757742, 0.029023684597026405, 0.0)",1
6390,26,8,11,"(0.0, 0.0, 0.09864539577037362, 0.0326997869335993, 0.0, 0.030645849071221472, 0.16773790467281977, 0.05487587528261972, 0.026121609841380632, 0.0)",1
6391,26,8,11,"(0.0, 0.0, 0.09864539577037362, 0.02150422363422624, 0.0, 0.025714056468127532, 0.16773790467281977, 0.01861988192188856, 0.026121609841380632, 0.0)",1
6392,26,8,11,"(0.0, 0.0, 0.05831247682390246, 0.02150422363422624, 0.0, 0.030645849071221472, 0.16773790467281977, 0.026494145344892323, 0.026121609841380632, 0.0)",1
6393,26,8,11,"(0.0, 0.0, 0.09864539577037362, 0.02150422363422624, 0.0, 0.030645849071221472, 0.16773790467281977, 0.05487587528261972, 0.026121609841380632, 0.0)",48
6394,26,8,11,"(0.0, 0.0, 0.09864539577037362, 0.01650583712158267, 0.0, 0.030645849071221472, 0.16773790467281977, 0.05487587528261972, 0.026121609841380632, 0.0)",69
6395,26,8,11,"(0.0, 0.0, 0.09864539577037362, 0.018911707961217526, 0.0, 0.020338743377390393, 0.16773790467281977, 0.0386197297757742, 0.026121609841380632, 0.0)",4
6396,26,8,11,"(0.0, 0.0, 0.09864539577037362, 0.02150422363422624, 0.0, 0.030645849071221472, 0.16773790467281977, 0.0386197297757742, 0.026984014154061035, 0.0)",2
6397,26,8,11,"(0.0, 0.0, 0.16271667976209514, 0.026349488170149756, 0.0, 0.025259014929058996, 0.22053165478829503, 0.0386197297757742, 0.026121609841380632, 0.0)",2
6398,26,8,11,"(0.0, 0.0, 0.11467739536903623, 0.02150422363422624, 0.0, 0.030645849071221472, 0.16773790467281977, 0.0386197297757742, 0.026121609841380632, 0.0)",2
6399,26,8,11,"(0.0, 0.0, 0.19126387756047308, 0.02150422363422624, 0.0, 0.038266501102807465, 0.1653847255243968, 0.0386197297757742, 0.026121609841380632, 0.0)",22
6400,26,8,11,"(0.0, 0.0, 0.10387347012433869, 0.01650583712158267, 0.0, 0.030645849071221472, 0.21791950605936047, 0.05487587528261972, 0.026121609841380632, 0.0)",1
6401,26,8,11,"(0.0, 0.0, 0.09864539577037362, 0.02150422363422624, 0.0, 0.030645849071221472, 0.16773790467281977, 0.0386197297757742, 0.026121609841380632, 0.0)",407
6402,26,8,11,"(0.0, 0.0, 0.09864539577037362, 0.02150422363422624, 0.0, 0.02582111555377711, 0.1887020157464008, 0.0386197297757742, 0.026121609841380632, 0.0)",5
6403,26,9,11,"(0.0, 0.0, 0.11755819882518005, 0.01650583712158267, 0.0, 0.02375279233445006, 0.16773790467281977, 0.08028238650273146, 0.026121609841380632, 0.0)",184
6404,26,9,11,"(0.0, 0.0, 0.09864539577037362, 0.01650583712158267, 0.0, 0.030645849071221472, 0.16243652964526273, 0.070937979716015, 0.026121609841380632, 0.0)",1
6405,26,9,11,"(0.0, 0.0, 0.12402730316958765, 0.01650583712158267, 0.0, 0.02375279233445006, 0.16773790467281977, 0.08028238650273146, 0.026121609841380632, 0.0)",7
6406,26,9,11,"(0.0, 0.0, 0.09864539577037362, 0.01650583712158267, 0.0, 0.030645849071221472, 0.16243652964526273, 0.026020850928191133, 0.026121609841380632, 0.0)",2
6407,26,9,11,"(0.0, 0.0, 0.09864539577037362, 0.014082201286921427, 0.0, 0.030645849071221472, 0.17636562699027208, 0.08028238650273146, 0.026121609841380632, 0.0)",2
6408,26,9,11,"(0.0, 0.0, 0.10661789179366098, 0.01650583712158267, 0.0, 0.030645849071221472, 0.16243652964526273, 0.08028238650273146, 0.026121609841380632, 0.0)",1
6409,26,9,11,"(0.0, 0.0, 0.05618974293249497, 0.01218570384952125, 0.0, 0.01642507025524364, 0.20698235287595654, 0.08028238650273146, 0.026121609841380632, 0.0)",2
6410,26,9,11,"(0.0, 0.0, 0.09864539577037362, 0.01650583712158267, 0.0, 0.030645849071221472, 0.16243652964526273, 0.08028238650273146, 0.02525838019448341, 0.0)",2
6411,26,9,11,"(0.0, 0.0, 0.11650725745115434, 0.01650583712158267, 0.0, 0.030645849071221472, 0.16243652964526273, 0.08028238650273146, 0.026121609841380632, 0.0)",7
6412,26,9,11,"(0.0, 0.0, 0.20187320947617451, 0.01650583712158267, 0.0, 0.030645849071221472, 0.16243652964526273, 0.08028238650273146, 0.026121609841380632, 0.0)",1
6413,26,9,11,"(0.0, 0.0, 0.09864539577037362, 0.01650583712158267, 0.0, 0.030645849071221472, 0.16243652964526273, 0.08028238650273146, 0.026121609841380632, 0.0)",379
6414,26,10,13,"(0.0, 0.03426745818812769, 0.030999734926193803, 0.0, 0.0183112202035762, 0.022173256981297827, 0.0, 0.0, 0.01089208668844536, 0.00476393156717078)",1
6415,26,10,13,"(0.0, 0.03426745818812769, 0.023035932332134326, 0.0, 0.0183112202035762, 0.022173256981297827, 0.0, 0.0, 0.01089208668844536, 0.00476393156717078)",5
6416,26,10,13,"(0.0, 0.02461978404713738, 0.010333974539061475, 0.0, 0.013727333259024203, 0.022173256981297827, 0.0, 0.0, 0.01089208668844536, 0.002945747022572603)",1
6417,26,10,13,"(0.0, 0.02461978404713738, 0.023035932332134326, 0.0, 0.01810411441758469, 0.022173256981297827, 0.0, 0.0, 0.01089208668844536, 0.0035811834086928312)",49
6418,26,10,13,"(0.0, 0.022168846828869177, 0.023035932332134326, 0.0, 0.01810411441758469, 0.022173256981297827, 0.0, 0.0, 0.01089208668844536, 0.003470145419246182)",1
6419,26,10,13,"(0.0, 0.02461978404713738, 0.023035932332134326, 0.0, 0.01810411441758469, 0.022173256981297827, 0.0, 0.0, 0.012682419105241283, 0.00476393156717078)",1
6420,26,10,13,"(0.0, 0.02461978404713738, 0.023035932332134326, 0.0, 0.01810411441758469, 0.022173256981297827, 0.0, 0.0, 0.01089208668844536, 0.00476393156717078)",236
6421,26,10,13,"(0.0, 0.02461978404713738, 0.010333974539061475, 0.0, 0.013727333259024203, 0.022173256981297827, 0.0, 0.0, 0.01089208668844536, 0.00476393156717078)",16
6422,26,11,13,"(0.0, 0.02461978404713738, 0.023035932332134326, 0.0, 0.025055644225246892, 0.019670992644049663, 0.0, 0.0, 0.01089208668844536, 0.003592876659966804)",2
6423,26,11,13,"(0.0, 0.02461978404713738, 0.023035932332134326, 0.0, 0.01810411441758469, 0.022173256981297827, 0.0, 0.0, 0.01089208668844536, 0.00476393156717078)",416
6424,26,11,13,"(0.0, 0.02461978404713738, 0.018298846082419863, 0.0, 0.01810411441758469, 0.012261639082267649, 0.0, 0.0, 0.008268418909892206, 0.00476393156717078)",1
6425,26,11,13,"(0.0, 0.02461978404713738, 0.023035932332134326, 0.0, 0.01810411441758469, 0.013815984429009087, 0.0, 0.0, 0.01089208668844536, 0.00338562308150297)",1
6426,26,11,13,"(0.0, 0.02461978404713738, 0.023035932332134326, 0.0, 0.01810411441758469, 0.03516872022414308, 0.0, 0.0, 0.01089208668844536, 0.00476393156717078)",1
6427,26,11,13,"(0.0, 0.0591434897828512, 0.023035932332134326, 0.0, 0.01810411441758469, 0.022173256981297827, 0.0, 0.0, 0.01089208668844536, 0.00476393156717078)",1
6428,26,11,13,"(0.0, 0.02461978404713738, 0.054202198552594984, 0.0, 0.01810411441758469, 0.026899151490472964, 0.0, 0.0, 0.01089208668844536, 0.00476393156717078)",1
6429,26,11,13,"(0.0, 0.02461978404713738, 0.02515906560878126, 0.0, 0.01810411441758469, 0.022173256981297827, 0.0, 0.0, 0.01089208668844536, 0.00476393156717078)",4
6430,26,11,13,"(0.0, 0.02461978404713738, 0.024349440143771828, 0.0, 0.01810411441758469, 0.022173256981297827, 0.0, 0.0, 0.01089208668844536, 0.00476393156717078)",1
6431,26,11,13,"(0.0, 0.02461978404713738, 0.023035932332134326, 0.0, 0.01810411441758469, 0.022173256981297827, 0.0, 0.0, 0.01089208668844536, 0.004919939749773215)",1
6432,26,12,8,"(0.19235562551390653, 0.046525949225991035, 0.0, 0.0, 0.04573034632799446, 0.0, 0.0804202127203899, 0.1116381245929446, 0.0, 0.0)",1
6433,26,12,8,"(0.19235562551390653, 0.04885576479688635, 0.0, 0.0, 0.03810553465475549, 0.0, 0.08319516954615302, 0.1116381245929446, 0.0, 0.0)",13
6434,26,12,8,"(0.09643269540124563, 0.04872077976327087, 0.0, 0.0, 0.024202172863755072, 0.0, 0.08319516954615302, 0.1116381245929446, 0.0, 0.0)",3
6435,26,12,8,"(0.20581120309005801, 0.046525949225991035, 0.0, 0.0, 0.04573034632799446, 0.0, 0.06554533266124946, 0.1116381245929446, 0.0, 0.0)",11
6436,26,12,8,"(0.19235562551390653, 0.046525949225991035, 0.0, 0.0, 0.04573034632799446, 0.0, 0.11971823093412363, 0.2124173187956688, 0.0, 0.0)",2
6437,26,12,8,"(0.19235562551390653, 0.046525949225991035, 0.0, 0.0, 0.04573034632799446, 0.0, 0.08319516954615302, 0.1116381245929446, 0.0, 0.0)",258
6438,26,12,10,"(0.03550653097490399, 0.06927916245295945, 0.2460733953170594, 0.0017773360538905325, 0.0, 0.06291875767155253, 0.0, 0.10994488928074131, 0.0, 0.0)",6
6439,26,12,10,"(0.04369075479774185, 0.06927916245295945, 0.18031615353806496, 0.0017773360538905325, 0.0, 0.06291875767155253, 0.0, 0.10994488928074131, 0.0, 0.0)",1
6440,26,12,10,"(0.04556195087887347, 0.057396145940232436, 0.09199972299725194, 0.0017773360538905325, 0.0, 0.06291875767155253, 0.0, 0.10994488928074131, 0.0, 0.0)",1
6441,26,12,10,"(0.03550653097490399, 0.06927916245295945, 0.09682940930282144, 0.0017773360538905325, 0.0, 0.06291875767155253, 0.0, 0.10994488928074131, 0.0, 0.0)",237
6442,26,13,6,"(0.03426039533065134, 0.011572197494497125, 0.0, 0.030181603934096246, 0.005422768956954101, 0.0, 0.019795240631728064, 0.0, 0.028146417112716555, 0.05874522297052942)",150
6443,26,13,6,"(0.03426039533065134, 0.011572197494497125, 0.0, 0.030181603934096246, 0.005422768956954101, 0.0, 0.01053785551788322, 0.0, 0.028146417112716555, 0.05874522297052942)",1
6444,26,14,11,"(0.0, 0.0, 0.09864539577037362, 0.01650583712158267, 0.0, 0.03271878461081875, 0.16773790467281977, 0.046237642847009, 0.026121609841380632, 0.0)",2
6445,26,14,11,"(0.0, 0.0, 0.09864539577037362, 0.01650583712158267, 0.0, 0.030645849071221472, 0.16773790467281977, 0.046237642847009, 0.018999084684024562, 0.0)",1
6446,26,14,11,"(0.0, 0.0, 0.07563427679391872, 0.01650583712158267, 0.0, 0.030645849071221472, 0.16773790467281977, 0.046237642847009, 0.026121609841380632, 0.0)",88
6447,26,14,11,"(0.0, 0.0, 0.07563427679391872, 0.00837511920666058, 0.0, 0.030645849071221472, 0.16773790467281977, 0.046237642847009, 0.026121609841380632, 0.0)",4
6448,26,14,11,"(0.0, 0.0, 0.09864539577037362, 0.01650583712158267, 0.0, 0.030645849071221472, 0.16773790467281977, 0.046237642847009, 0.026121609841380632, 0.0)",203
6449,26,14,11,"(0.0, 0.0, 0.14192608669076082, 0.01650583712158267, 0.0, 0.030645849071221472, 0.16773790467281977, 0.046237642847009, 0.026121609841380632, 0.0)",2
6450,26,14,13,"(0.0, 0.02461978404713738, 0.023035932332134326, 0.0, 0.01810411441758469, 0.022173256981297827, 0.0, 0.0, 0.01089208668844536, 0.00476393156717078)",257
6451,26,14,13,"(0.0, 0.02461978404713738, 0.023035932332134326, 0.0, 0.01810411441758469, 0.035744913079092965, 0.0, 0.0, 0.01089208668844536, 0.00476393156717078)",4
6452,26,14,13,"(0.0, 0.02461978404713738, 0.023035932332134326, 0.0, 0.01810411441758469, 0.022173256981297827, 0.0, 0.0, 0.0151150635200534, 0.00476393156717078)",3
6453,26,14,13,"(0.0, 0.02461978404713738, 0.023035932332134326, 0.0, 0.01810411441758469, 0.022173256981297827, 0.0, 0.0, 0.01089208668844536, 0.0027560597556128595)",5
6454,26,14,13,"(0.0, 0.02461978404713738, 0.023035932332134326, 0.0, 0.01810411441758469, 0.022173256981297827, 0.0, 0.0, 0.01089208668844536, 0.006727538365470249)",1
6455,26,15,11,"(0.0, 0.0, 0.11839367174953695, 0.01650583712158267, 0.0, 0.030645849071221472, 0.22587624221138253, 0.0404147798164449, 0.026121609841380632, 0.0)",1
6456,26,15,11,"(0.0, 0.0, 0.1210487252807123, 0.01650583712158267, 0.0, 0.030645849071221472, 0.16773790467281977, 0.0404147798164449, 0.026121609841380632, 0.0)",4
6457,26,15,11,"(0.0, 0.0, 0.11839367174953695, 0.01650583712158267, 0.0, 0.030645849071221472, 0.16773790467281977, 0.0404147798164449, 0.044693520336692584, 0.0)",4
6458,26,15,11,"(0.0, 0.0, 0.11839367174953695, 0.022687887156657458, 0.0, 0.030645849071221472, 0.16773790467281977, 0.07064812757232578, 0.026121609841380632, 0.0)",23
6459,26,15,11,"(0.0, 0.0, 0.11839367174953695, 0.01650583712158267, 0.0, 0.030645849071221472, 0.16773790467281977, 0.034305281352522976, 0.026121609841380632, 0.0)",14
6460,26,15,11,"(0.0, 0.0, 0.11839367174953695, 0.01696404973641309, 0.0, 0.030645849071221472, 0.16773790467281977, 0.03702111859325857, 0.026121609841380632, 0.0)",11
6461,26,15,11,"(0.0, 0.0, 0.11839367174953695, 0.01650583712158267, 0.0, 0.030645849071221472, 0.16773790467281977, 0.054276017565976976, 0.026121609841380632, 0.0)",1
6462,26,15,11,"(0.0, 0.0, 0.11839367174953695, 0.01650583712158267, 0.0, 0.030645849071221472, 0.16773790467281977, 0.043496971575352754, 0.026121609841380632, 0.0)",1
6463,26,15,11,"(0.0, 0.0, 0.14964403390966818, 0.014516762288842739, 0.0, 0.030645849071221472, 0.16773790467281977, 0.0404147798164449, 0.026121609841380632, 0.0)",2
6464,26,15,11,"(0.0, 0.0, 0.11839367174953695, 0.01650583712158267, 0.0, 0.030645849071221472, 0.16773790467281977, 0.0404147798164449, 0.026121609841380632, 0.0)",511
6465,26,15,11,"(0.0, 0.0, 0.0697315670848248, 0.01650583712158267, 0.0, 0.030645849071221472, 0.16773790467281977, 0.0404147798164449, 0.026121609841380632, 0.0)",1
6466,26,16,1,"(0.0, 0.0, 0.05132597224026495, 0.0, 0.0, 0.0199117526153351, 0.0, 0.0, 0.0, 0.15795400443453794)",2
6467,26,16,1,"(0.0, 0.0, 0.041406372128065916, 0.0, 0.0, 0.0199117526153351, 0.0, 0.0, 0.0, 0.052461204997503084)",11
6468,26,16,1,"(0.0, 0.0, 0.055691642532699696, 0.0, 0.0, 0.0199117526153351, 0.0, 0.0, 0.0, 0.09965925051150999)",3
6469,26,16,1,"(0.0, 0.0, 0.041406372128065916, 0.0, 0.0, 0.022535904451619366, 0.0, 0.0, 0.0, 0.09965925051150999)",40
6470,26,16,1,"(0.0, 0.0, 0.03437861199161104, 0.0, 0.0, 0.03267657887460559, 0.0, 0.0, 0.0, 0.13199636046870514)",1
6471,26,16,1,"(0.0, 0.0, 0.041406372128065916, 0.0, 0.0, 0.0199117526153351, 0.0, 0.0, 0.0, 0.1367258178376294)",2
6472,26,16,1,"(0.0, 0.0, 0.037600566768194295, 0.0, 0.0, 0.0199117526153351, 0.0, 0.0, 0.0, 0.09965925051150999)",1
6473,26,16,1,"(0.0, 0.0, 0.03528656053252481, 0.0, 0.0, 0.0199117526153351, 0.0, 0.0, 0.0, 0.10326666249443776)",1
6474,26,16,1,"(0.0, 0.0, 0.041406372128065916, 0.0, 0.0, 0.013785671001543303, 0.0, 0.0, 0.0, 0.09965925051150999)",1
6475,26,16,1,"(0.0, 0.0, 0.032440170870853456, 0.0, 0.0, 0.01200059467464287, 0.0, 0.0, 0.0, 0.3032662360903581)",1
6476,26,16,1,"(0.0, 0.0, 0.041406372128065916, 0.0, 0.0, 0.02652919255110269, 0.0, 0.0, 0.0, 0.09965925051150999)",1
6477,26,16,1,"(0.0, 0.0, 0.041406372128065916, 0.0, 0.0, 0.0199117526153351, 0.0, 0.0, 0.0, 0.047529216575968564)",169
6478,26,16,1,"(0.0, 0.0, 0.041406372128065916, 0.0, 0.0, 0.0199117526153351, 0.0, 0.0, 0.0, 0.09965925051150999)",380
6479,26,16,1,"(0.0, 0.0, 0.03437861199161104, 0.0, 0.0, 0.0199117526153351, 0.0, 0.0, 0.0, 0.09965925051150999)",43
6480,26,16,1,"(0.0, 0.0, 0.023804963171197423, 0.0, 0.0, 0.022535904451619366, 0.0, 0.0, 0.0, 0.09965925051150999)",2
6481,26,16,1,"(0.0, 0.0, 0.041406372128065916, 0.0, 0.0, 0.025765655824671444, 0.0, 0.0, 0.0, 0.09965925051150999)",2
6482,26,16,1,"(0.0, 0.0, 0.041406372128065916, 0.0, 0.0, 0.021329969852205123, 0.0, 0.0, 0.0, 0.09965925051150999)",2
6483,26,16,1,"(0.0, 0.0, 0.032440170870853456, 0.0, 0.0, 0.014978532704135267, 0.0, 0.0, 0.0, 0.1345556248346464)",1
6484,26,16,1,"(0.0, 0.0, 0.041406372128065916, 0.0, 0.0, 0.010939238974851299, 0.0, 0.0, 0.0, 0.09965925051150999)",1
6485,26,16,1,"(0.0, 0.0, 0.032440170870853456, 0.0, 0.0, 0.0199117526153351, 0.0, 0.0, 0.0, 0.1345556248346464)",73
6486,26,16,1,"(0.0, 0.0, 0.041406372128065916, 0.0, 0.0, 0.02899328923609236, 0.0, 0.0, 0.0, 0.09965925051150999)",1
6487,26,16,8,"(0.16507889091742442, 0.046525949225991035, 0.0, 0.0, 0.07022106556493442, 0.0, 0.12955295891563887, 0.1116381245929446, 0.0, 0.0)",6
6488,26,16,8,"(0.16507889091742442, 0.046525949225991035, 0.0, 0.0, 0.07022106556493442, 0.0, 0.03610232344439825, 0.1116381245929446, 0.0, 0.0)",2
6489,26,16,8,"(0.16507889091742442, 0.046525949225991035, 0.0, 0.0, 0.07022106556493442, 0.0, 0.08319516954615302, 0.1116381245929446, 0.0, 0.0)",219
6490,26,16,8,"(0.1435858607189014, 0.03701675717629152, 0.0, 0.0, 0.1565069477104107, 0.0, 0.08319516954615302, 0.1116381245929446, 0.0, 0.0)",2
6491,26,16,8,"(0.16507889091742442, 0.046525949225991035, 0.0, 0.0, 0.04881086205005954, 0.0, 0.15518886738026094, 0.1116381245929446, 0.0, 0.0)",1
6492,26,16,8,"(0.16507889091742442, 0.046525949225991035, 0.0, 0.0, 0.07022106556493442, 0.0, 0.08319516954615302, 0.14967441730214912, 0.0, 0.0)",1
6493,26,16,8,"(0.16507889091742442, 0.042407338961802196, 0.0, 0.0, 0.07022106556493442, 0.0, 0.10640627084498142, 0.1116381245929446, 0.0, 0.0)",1
6494,26,17,1,"(0.0, 0.0, 0.10922905711608999, 0.0, 0.0, 0.030018978917809972, 0.0, 0.0, 0.0, 0.10436705401422228)",20
6495,26,17,1,"(0.0, 0.0, 0.08624984632770889, 0.0, 0.0, 0.030018978917809972, 0.0, 0.0, 0.0, 0.0910060267578522)",1
6496,26,17,1,"(0.0, 0.0, 0.10922905711608999, 0.0, 0.0, 0.021201836938694606, 0.0, 0.0, 0.0, 0.0910060267578522)",2
6497,26,17,1,"(0.0, 0.0, 0.07993923542944739, 0.0, 0.0, 0.030018978917809972, 0.0, 0.0, 0.0, 0.0910060267578522)",15
6498,26,17,1,"(0.0, 0.0, 0.10316473237769022, 0.0, 0.0, 0.030018978917809972, 0.0, 0.0, 0.0, 0.0910060267578522)",3
6499,26,17,1,"(0.0, 0.0, 0.10922905711608999, 0.0, 0.0, 0.01906886807475707, 0.0, 0.0, 0.0, 0.0910060267578522)",1
6500,26,17,1,"(0.0, 0.0, 0.047973100182887855, 0.0, 0.0, 0.023341036446741736, 0.0, 0.0, 0.0, 0.0910060267578522)",2
6501,26,17,1,"(0.0, 0.0, 0.10922905711608999, 0.0, 0.0, 0.030018978917809972, 0.0, 0.0, 0.0, 0.0910060267578522)",600
6502,26,17,1,"(0.0, 0.0, 0.06393522174584794, 0.0, 0.0, 0.030018978917809972, 0.0, 0.0, 0.0, 0.11959149048967245)",21
6503,26,17,8,"(0.19235562551390653, 0.04632028014141928, 0.0, 0.0, 0.05840984449072773, 0.0, 0.15532141982433167, 0.1116381245929446, 0.0, 0.0)",20
6504,26,17,8,"(0.19235562551390653, 0.04632028014141928, 0.0, 0.0, 0.05840984449072773, 0.0, 0.08319516954615302, 0.1116381245929446, 0.0, 0.0)",35
6505,26,17,8,"(0.10294337677241405, 0.04632028014141928, 0.0, 0.0, 0.07022106556493442, 0.0, 0.08319516954615302, 0.1116381245929446, 0.0, 0.0)",3
6506,26,17,8,"(0.19235562551390653, 0.04632028014141928, 0.0, 0.0, 0.07022106556493442, 0.0, 0.09187765048472789, 0.09783758517827808, 0.0, 0.0)",1
6507,26,17,8,"(0.19235562551390653, 0.04632028014141928, 0.0, 0.0, 0.07022106556493442, 0.0, 0.08319516954615302, 0.1116381245929446, 0.0, 0.0)",174
6508,26,18,10,"(0.07734904686468291, 0.06927916245295945, 0.1071782159180393, 0.0017773360538905325, 0.0, 0.06291875767155253, 0.0, 0.10994488928074131, 0.0, 0.0)",44
6509,26,18,10,"(0.07734904686468291, 0.06927916245295945, 0.09682940930282144, 0.0017773360538905325, 0.0, 0.06291875767155253, 0.0, 0.10994488928074131, 0.0, 0.0)",135
6510,26,18,11,"(0.0, 0.0, 0.09864539577037362, 0.01650583712158267, 0.0, 0.03150275214907511, 0.13038533056739307, 0.11834470961964515, 0.026121609841380632, 0.0)",1
6511,26,18,11,"(0.0, 0.0, 0.09864539577037362, 0.01650583712158267, 0.0, 0.030645849071221472, 0.16773790467281977, 0.0658875366833652, 0.02873308956446372, 0.0)",1
6512,26,18,11,"(0.0, 0.0, 0.09864539577037362, 0.01650583712158267, 0.0, 0.03150275214907511, 0.13038533056739307, 0.08028238650273146, 0.01642390009685322, 0.0)",9
6513,26,18,11,"(0.0, 0.0, 0.09864539577037362, 0.01650583712158267, 0.0, 0.030645849071221472, 0.16773790467281977, 0.08028238650273146, 0.02873308956446372, 0.0)",138
6514,26,18,11,"(0.0, 0.0, 0.08898107447558858, 0.015015615787489318, 0.0, 0.03150275214907511, 0.1351980863981635, 0.08028238650273146, 0.026121609841380632, 0.0)",1
6515,26,18,11,"(0.0, 0.0, 0.09864539577037362, 0.014840598151677379, 0.0, 0.030645849071221472, 0.16773790467281977, 0.08028238650273146, 0.02873308956446372, 0.0)",1
6516,26,18,11,"(0.0, 0.0, 0.08898107447558858, 0.01650583712158267, 0.0, 0.03150275214907511, 0.13038533056739307, 0.08028238650273146, 0.026121609841380632, 0.0)",54
6517,26,18,11,"(0.0, 0.0, 0.09864539577037362, 0.01650583712158267, 0.0, 0.03150275214907511, 0.13038533056739307, 0.08028238650273146, 0.026121609841380632, 0.0)",324
6518,26,18,11,"(0.0, 0.0, 0.09864539577037362, 0.01650583712158267, 0.0, 0.03150275214907511, 0.2138988074334493, 0.08028238650273146, 0.026121609841380632, 0.0)",7
6519,26,18,11,"(0.0, 0.0, 0.08898107447558858, 0.01650583712158267, 0.0, 0.03150275214907511, 0.1351980863981635, 0.08028238650273146, 0.026121609841380632, 0.0)",15
6520,26,18,11,"(0.0, 0.0, 0.09864539577037362, 0.01650583712158267, 0.0, 0.034884358099907864, 0.16773790467281977, 0.08028238650273146, 0.02873308956446372, 0.0)",9
6521,26,19,0,"(0.07400250769571483, 0.0, 0.0, 0.0, 0.0, 0.014179622797147505, 0.08380840797570269, 0.0691048466035698, 0.0, 0.0)",1
6522,26,19,0,"(0.06225270401075497, 0.0, 0.0, 0.0, 0.0, 0.009702570157256384, 0.054707130788557504, 0.0691048466035698, 0.0, 0.0)",1
6523,26,19,0,"(0.07400250769571483, 0.0, 0.0, 0.0, 0.0, 0.017782668716522627, 0.08380840797570269, 0.0691048466035698, 0.0, 0.0)",4
6524,26,19,0,"(0.07400250769571483, 0.0, 0.0, 0.0, 0.0, 0.017098731129875016, 0.14522252069160854, 0.0691048466035698, 0.0, 0.0)",4
6525,26,19,0,"(0.07400250769571483, 0.0, 0.0, 0.0, 0.0, 0.017098731129875016, 0.08380840797570269, 0.0691048466035698, 0.0, 0.0)",122
6526,26,19,0,"(0.07400250769571483, 0.0, 0.0, 0.0, 0.0, 0.017098731129875016, 0.09790792194449993, 0.0691048466035698, 0.0, 0.0)",1
6527,26,19,0,"(0.07400250769571483, 0.0, 0.0, 0.0, 0.0, 0.011021038899298133, 0.08171836289168356, 0.05402889886694869, 0.0, 0.0)",1
6528,26,19,13,"(0.0, 0.02461978404713738, 0.023035932332134326, 0.0, 0.01810411441758469, 0.022173256981297827, 0.0, 0.0, 0.01089208668844536, 0.00476393156717078)",220
6529,26,19,13,"(0.0, 0.030324969919699418, 0.023035932332134326, 0.0, 0.01810411441758469, 0.022173256981297827, 0.0, 0.0, 0.01089208668844536, 0.00476393156717078)",1
6530,26,19,13,"(0.0, 0.023465903490037892, 0.023035932332134326, 0.0, 0.01810411441758469, 0.022173256981297827, 0.0, 0.0, 0.01089208668844536, 0.003995427672409207)",1
6531,26,19,13,"(0.0, 0.02461978404713738, 0.02377277096292209, 0.0, 0.01810411441758469, 0.022173256981297827, 0.0, 0.0, 0.01089208668844536, 0.00476393156717078)",1
6532,26,19,13,"(0.0, 0.022020521900980767, 0.023035932332134326, 0.0, 0.01810411441758469, 0.020819720669749332, 0.0, 0.0, 0.01089208668844536, 0.00476393156717078)",1
6533,26,20,10,"(0.07734904686468291, 0.06927916245295945, 0.09682940930282144, 0.0017773360538905325, 0.0, 0.06291875767155253, 0.0, 0.10994488928074131, 0.0, 0.0)",160
6534,26,20,11,"(0.0, 0.0, 0.03664497950459847, 0.01650583712158267, 0.0, 0.02548938439096223, 0.10995341643615719, 0.08028238650273146, 0.036485718580663774, 0.0)",1
6535,26,20,11,"(0.0, 0.0, 0.03664497950459847, 0.01650583712158267, 0.0, 0.02548938439096223, 0.09572491856946197, 0.08028238650273146, 0.036485718580663774, 0.0)",521
6536,26,20,11,"(0.0, 0.0, 0.024430938044571342, 0.01650583712158267, 0.0, 0.02548938439096223, 0.09572491856946197, 0.05792165261799633, 0.036485718580663774, 0.0)",1
6537,26,20,11,"(0.0, 0.0, 0.03664497950459847, 0.01650583712158267, 0.0, 0.02548938439096223, 0.045565619203871956, 0.08028238650273146, 0.036485718580663774, 0.0)",1
6538,26,20,11,"(0.0, 0.0, 0.03664497950459847, 0.01650583712158267, 0.0, 0.02548938439096223, 0.09572491856946197, 0.13892830074015358, 0.023892295345318153, 0.0)",7
6539,26,20,11,"(0.0, 0.0, 0.03664497950459847, 0.01650583712158267, 0.0, 0.02548938439096223, 0.11341817069573708, 0.08028238650273146, 0.036485718580663774, 0.0)",4
6540,26,20,11,"(0.0, 0.0, 0.03664497950459847, 0.01650583712158267, 0.0, 0.02548938439096223, 0.09572491856946197, 0.05320035943613191, 0.036485718580663774, 0.0)",1
6541,27,0,6,"(0.03426039533065134, 0.011572197494497125, 0.0, 0.030181603934096246, 0.005422768956954101, 0.0, 0.019795240631728064, 0.0, 0.028146417112716555, 0.05874522297052942)",176
6542,27,0,6,"(0.03426039533065134, 0.011572197494497125, 0.0, 0.030181603934096246, 0.005422768956954101, 0.0, 0.019795240631728064, 0.0, 0.0166549213905299, 0.05874522297052942)",1
6543,27,0,11,"(0.0, 0.0, 0.06200374261520503, 0.010654525538403636, 0.0, 0.030645849071221472, 0.16773790467281977, 0.06471128129841798, 0.026121609841380632, 0.0)",74
6544,27,0,11,"(0.0, 0.0, 0.06200374261520503, 0.010654525538403636, 0.0, 0.0852540437248243, 0.16773790467281977, 0.08028238650273146, 0.026121609841380632, 0.0)",2
6545,27,0,11,"(0.0, 0.0, 0.06200374261520503, 0.010654525538403636, 0.0, 0.030645849071221472, 0.16773790467281977, 0.08028238650273146, 0.026121609841380632, 0.0)",269
6546,27,0,11,"(0.0, 0.0, 0.06200374261520503, 0.007454875164891496, 0.0, 0.02038461274774319, 0.16773790467281977, 0.06471128129841798, 0.026121609841380632, 0.0)",1
6547,27,0,11,"(0.0, 0.0, 0.06200374261520503, 0.010654525538403636, 0.0, 0.030645849071221472, 0.16773790467281977, 0.13283752346456526, 0.026121609841380632, 0.0)",5
6548,27,0,11,"(0.0, 0.0, 0.06200374261520503, 0.006359560275617098, 0.0, 0.06939492444767272, 0.2972228953985637, 0.08028238650273146, 0.026121609841380632, 0.0)",2
6549,27,0,11,"(0.0, 0.0, 0.06200374261520503, 0.025068748075032028, 0.0, 0.030645849071221472, 0.16773790467281977, 0.08028238650273146, 0.026121609841380632, 0.0)",6
6550,27,0,11,"(0.0, 0.0, 0.04169522659952404, 0.010654525538403636, 0.0, 0.030645849071221472, 0.16773790467281977, 0.08028238650273146, 0.026121609841380632, 0.0)",38
6551,27,1,6,"(0.03426039533065134, 0.011572197494497125, 0.0, 0.014694755801748456, 0.005422768956954101, 0.0, 0.019795240631728064, 0.0, 0.028146417112716555, 0.05874522297052942)",46
6552,27,1,6,"(0.03426039533065134, 0.011572197494497125, 0.0, 0.030181603934096246, 0.005422768956954101, 0.0, 0.019795240631728064, 0.0, 0.028146417112716555, 0.05874522297052942)",266
6553,27,1,6,"(0.03426039533065134, 0.006620278738556472, 0.0, 0.030867082028875278, 0.007179205799227226, 0.0, 0.019795240631728064, 0.0, 0.028146417112716555, 0.05874522297052942)",1
6554,27,1,6,"(0.025646697003353907, 0.011572197494497125, 0.0, 0.030181603934096246, 0.005422768956954101, 0.0, 0.019795240631728064, 0.0, 0.05432778901088425, 0.05874522297052942)",4
6555,27,1,6,"(0.03426039533065134, 0.011572197494497125, 0.0, 0.02552092006066668, 0.005422768956954101, 0.0, 0.019795240631728064, 0.0, 0.028146417112716555, 0.05874522297052942)",1
6556,27,1,6,"(0.03426039533065134, 0.011572197494497125, 0.0, 0.030181603934096246, 0.009274039499618903, 0.0, 0.019795240631728064, 0.0, 0.03157596526819156, 0.05874522297052942)",1
6557,27,1,6,"(0.03426039533065134, 0.011572197494497125, 0.0, 0.030181603934096246, 0.005422768956954101, 0.0, 0.019795240631728064, 0.0, 0.018596214967432648, 0.05874522297052942)",1
6558,27,1,8,"(0.062116524367186475, 0.046525949225991035, 0.0, 0.0, 0.051217346146779696, 0.0, 0.08319516954615302, 0.1415123366655704, 0.0, 0.0)",1
6559,27,1,8,"(0.07111035742329365, 0.046525949225991035, 0.0, 0.0, 0.051217346146779696, 0.0, 0.08319516954615302, 0.1415123366655704, 0.0, 0.0)",209
6560,27,2,13,"(0.0, 0.02461978404713738, 0.009108777691271462, 0.0, 0.008349274042095218, 0.022173256981297827, 0.0, 0.0, 0.01089208668844536, 0.0026763617188082516)",2
6561,27,2,13,"(0.0, 0.02461978404713738, 0.023035932332134326, 0.0, 0.00970885425506607, 0.022173256981297827, 0.0, 0.0, 0.01089208668844536, 0.006642348737041589)",1
6562,27,2,13,"(0.0, 0.02461978404713738, 0.023035932332134326, 0.0, 0.00970885425506607, 0.022173256981297827, 0.0, 0.0, 0.01089208668844536, 0.010214253854594426)",3
6563,27,2,13,"(0.0, 0.02461978404713738, 0.023035932332134326, 0.0, 0.00970885425506607, 0.022173256981297827, 0.0, 0.0, 0.008181207749221564, 0.00476393156717078)",2
6564,27,2,13,"(0.0, 0.02461978404713738, 0.023035932332134326, 0.0, 0.00970885425506607, 0.022173256981297827, 0.0, 0.0, 0.01089208668844536, 0.005219136120797845)",1
6565,27,2,13,"(0.0, 0.02461978404713738, 0.023035932332134326, 0.0, 0.00970885425506607, 0.022173256981297827, 0.0, 0.0, 0.01089208668844536, 0.00476393156717078)",361
6566,27,3,13,"(0.0, 0.02461978404713738, 0.023035932332134326, 0.0, 0.01547096199618679, 0.022173256981297827, 0.0, 0.0, 0.01089208668844536, 0.0024406349647482155)",10
6567,27,3,13,"(0.0, 0.02461978404713738, 0.023035932332134326, 0.0, 0.01810411441758469, 0.022173256981297827, 0.0, 0.0, 0.01089208668844536, 0.0029944546315111235)",1
6568,27,3,13,"(0.0, 0.02461978404713738, 0.013277338836444148, 0.0, 0.01810411441758469, 0.022173256981297827, 0.0, 0.0, 0.01089208668844536, 0.0018669967227796008)",14
6569,27,3,13,"(0.0, 0.02461978404713738, 0.023035932332134326, 0.0, 0.01547096199618679, 0.02170173246298407, 0.0, 0.0, 0.01089208668844536, 0.0024406349647482155)",1
6570,27,3,13,"(0.0, 0.01809975553689372, 0.023035932332134326, 0.0, 0.01810411441758469, 0.022173256981297827, 0.0, 0.0, 0.01089208668844536, 0.0024406349647482155)",4
6571,27,3,13,"(0.0, 0.02461978404713738, 0.023035932332134326, 0.0, 0.01810411441758469, 0.02842530926493428, 0.0, 0.0, 0.01089208668844536, 0.0024406349647482155)",1
6572,27,3,13,"(0.0, 0.02461978404713738, 0.023035932332134326, 0.0, 0.01810411441758469, 0.044152816243287665, 0.0, 0.0, 0.013675262372102526, 0.0024406349647482155)",2
6573,27,3,13,"(0.0, 0.03395282311200994, 0.023035932332134326, 0.0, 0.023854647396348096, 0.027713577415805775, 0.0, 0.0, 0.01089208668844536, 0.0024406349647482155)",1
6574,27,3,13,"(0.0, 0.02461978404713738, 0.023035932332134326, 0.0, 0.01810411441758469, 0.022173256981297827, 0.0, 0.0, 0.00810360073605784, 0.0024406349647482155)",2
6575,27,3,13,"(0.0, 0.02461978404713738, 0.021943805670382423, 0.0, 0.01547096199618679, 0.022173256981297827, 0.0, 0.0, 0.01089208668844536, 0.0024406349647482155)",1
6576,27,3,13,"(0.0, 0.02461978404713738, 0.023035932332134326, 0.0, 0.01810411441758469, 0.022173256981297827, 0.0, 0.0, 0.01089208668844536, 0.0024406349647482155)",259
6577,27,3,13,"(0.0, 0.02461978404713738, 0.023035932332134326, 0.0, 0.015268169392697976, 0.022173256981297827, 0.0, 0.0, 0.01089208668844536, 0.0024406349647482155)",1
6578,27,3,13,"(0.0, 0.02461978404713738, 0.0526021595141467, 0.0, 0.01810411441758469, 0.02032082530365997, 0.0, 0.0, 0.01089208668844536, 0.003409315386368273)",1
6579,27,4,11,"(0.0, 0.0, 0.09864539577037362, 0.01650583712158267, 0.0, 0.030645849071221472, 0.08153022673827125, 0.07240876560513207, 0.024967128640794856, 0.0)",18
6580,27,4,11,"(0.0, 0.0, 0.09864539577037362, 0.01650583712158267, 0.0, 0.030645849071221472, 0.08153022673827125, 0.07240876560513207, 0.026121609841380632, 0.0)",458
6581,27,4,11,"(0.0, 0.0, 0.09864539577037362, 0.02985598918537503, 0.0, 0.030645849071221472, 0.08153022673827125, 0.07240876560513207, 0.026121609841380632, 0.0)",3
6582,27,4,11,"(0.0, 0.0, 0.09864539577037362, 0.01650583712158267, 0.0, 0.030645849071221472, 0.08153022673827125, 0.057566492315533214, 0.026121609841380632, 0.0)",1
6583,27,4,11,"(0.0, 0.0, 0.09864539577037362, 0.01650583712158267, 0.0, 0.030645849071221472, 0.10156881289319276, 0.07240876560513207, 0.026121609841380632, 0.0)",1
6584,27,4,11,"(0.0, 0.0, 0.19856575017970923, 0.01650583712158267, 0.0, 0.030645849071221472, 0.08153022673827125, 0.07240876560513207, 0.026121609841380632, 0.0)",1
6585,27,4,11,"(0.0, 0.0, 0.09864539577037362, 0.01650583712158267, 0.0, 0.030645849071221472, 0.08153022673827125, 0.0930117093613955, 0.026121609841380632, 0.0)",2
6586,27,4,11,"(0.0, 0.0, 0.09864539577037362, 0.01650583712158267, 0.0, 0.047937415528757354, 0.08153022673827125, 0.07240876560513207, 0.026121609841380632, 0.0)",1
6587,27,4,11,"(0.0, 0.0, 0.09864539577037362, 0.012096458783433756, 0.0, 0.030645849071221472, 0.08153022673827125, 0.07240876560513207, 0.026121609841380632, 0.0)",1
6588,27,4,11,"(0.0, 0.0, 0.09864539577037362, 0.01143524815916305, 0.0, 0.030645849071221472, 0.08153022673827125, 0.07240876560513207, 0.026121609841380632, 0.0)",1
6589,27,4,11,"(0.0, 0.0, 0.09864539577037362, 0.01650583712158267, 0.0, 0.044883300548585615, 0.08153022673827125, 0.07240876560513207, 0.026121609841380632, 0.0)",1
6590,27,5,0,"(0.07400250769571483, 0.0, 0.0, 0.0, 0.0, 0.038664151314593, 0.08380840797570269, 0.046283280076369705, 0.0, 0.0)",70
6591,27,5,0,"(0.07400250769571483, 0.0, 0.0, 0.0, 0.0, 0.038664151314593, 0.11774914386558825, 0.06261049614614052, 0.0, 0.0)",1
6592,27,5,0,"(0.07400250769571483, 0.0, 0.0, 0.0, 0.0, 0.038664151314593, 0.08380840797570269, 0.06261049614614052, 0.0, 0.0)",161
6593,27,5,6,"(0.03426039533065134, 0.011572197494497125, 0.0, 0.030181603934096246, 0.005422768956954101, 0.0, 0.019795240631728064, 0.0, 0.028132939089651948, 0.05874522297052942)",1
6594,27,5,6,"(0.03255365833958806, 0.011572197494497125, 0.0, 0.030181603934096246, 0.005422768956954101, 0.0, 0.019795240631728064, 0.0, 0.028146417112716555, 0.05874522297052942)",1
6595,27,5,6,"(0.05531528642111028, 0.011572197494497125, 0.0, 0.030181603934096246, 0.005422768956954101, 0.0, 0.019795240631728064, 0.0, 0.028146417112716555, 0.05874522297052942)",1
6596,27,5,6,"(0.03426039533065134, 0.008256580092489415, 0.0, 0.030181603934096246, 0.005422768956954101, 0.0, 0.019795240631728064, 0.0, 0.028146417112716555, 0.05874522297052942)",1
6597,27,5,6,"(0.03426039533065134, 0.011572197494497125, 0.0, 0.030181603934096246, 0.005422768956954101, 0.0, 0.019795240631728064, 0.0, 0.028146417112716555, 0.05874522297052942)",138
6598,27,5,6,"(0.03426039533065134, 0.011572197494497125, 0.0, 0.030181603934096246, 0.004129165755904161, 0.0, 0.019795240631728064, 0.0, 0.028146417112716555, 0.05874522297052942)",142
6599,27,6,0,"(0.07400250769571483, 0.0, 0.0, 0.0, 0.0, 0.017098731129875016, 0.08741100415245992, 0.0691048466035698, 0.0, 0.0)",1
6600,27,6,0,"(0.07400250769571483, 0.0, 0.0, 0.0, 0.0, 0.017098731129875016, 0.08380840797570269, 0.0691048466035698, 0.0, 0.0)",198
6601,27,6,0,"(0.07400250769571483, 0.0, 0.0, 0.0, 0.0, 0.017098731129875016, 0.10033239982580486, 0.0691048466035698, 0.0, 0.0)",2
6602,27,6,0,"(0.07400250769571483, 0.0, 0.0, 0.0, 0.0, 0.017098731129875016, 0.08380840797570269, 0.04994118015352689, 0.0, 0.0)",31
6603,27,6,0,"(0.07400250769571483, 0.0, 0.0, 0.0, 0.0, 0.025728504266029423, 0.08380840797570269, 0.0691048466035698, 0.0, 0.0)",1
6604,27,7,13,"(0.0, 0.02461978404713738, 0.023035932332134326, 0.0, 0.01322255623593789, 0.022173256981297827, 0.0, 0.0, 0.01089208668844536, 0.00476393156717078)",1
6605,27,7,13,"(0.0, 0.02461978404713738, 0.023035932332134326, 0.0, 0.029555248549351643, 0.022173256981297827, 0.0, 0.0, 0.03374003624453103, 0.005070842953661989)",1
6606,27,7,13,"(0.0, 0.02461978404713738, 0.023035932332134326, 0.0, 0.01810411441758469, 0.022173256981297827, 0.0, 0.0, 0.01089208668844536, 0.005070842953661989)",46
6607,27,7,13,"(0.0, 0.02461978404713738, 0.023035932332134326, 0.0, 0.01810411441758469, 0.022173256981297827, 0.0, 0.0, 0.01089208668844536, 0.0064988894496548115)",1
6608,27,7,13,"(0.0, 0.02461978404713738, 0.023035932332134326, 0.0, 0.01322255623593789, 0.031695911551690666, 0.0, 0.0, 0.01089208668844536, 0.00476393156717078)",65
6609,27,7,13,"(0.0, 0.02461978404713738, 0.023035932332134326, 0.0, 0.01810411441758469, 0.022173256981297827, 0.0, 0.0, 0.01089208668844536, 0.00476393156717078)",202
6610,27,7,13,"(0.0, 0.02461978404713738, 0.023035932332134326, 0.0, 0.01810411441758469, 0.022173256981297827, 0.0, 0.0, 0.01089208668844536, 0.0051669160283413776)",2
6611,27,7,13,"(0.0, 0.02461978404713738, 0.015760631844255527, 0.0, 0.01810411441758469, 0.022173256981297827, 0.0, 0.0, 0.01089208668844536, 0.00476393156717078)",1
6612,27,7,13,"(0.0, 0.02461978404713738, 0.023035932332134326, 0.0, 0.01810411441758469, 0.014484970621925967, 0.0, 0.0, 0.01089208668844536, 0.00476393156717078)",1
6613,27,7,13,"(0.0, 0.02461978404713738, 0.023035932332134326, 0.0, 0.01810411441758469, 0.022173256981297827, 0.0, 0.0, 0.018575245463678617, 0.00476393156717078)",1
6614,27,8,6,"(0.03656180599521727, 0.011572197494497125, 0.0, 0.045919601674535376, 0.005422768956954101, 0.0, 0.04495402599427197, 0.0, 0.028146417112716555, 0.05874522297052942)",3
6615,27,8,6,"(0.03656180599521727, 0.011572197494497125, 0.0, 0.030181603934096246, 0.004622678273709352, 0.0, 0.02084646300026537, 0.0, 0.028146417112716555, 0.05874522297052942)",9
6616,27,8,6,"(0.03656180599521727, 0.011572197494497125, 0.0, 0.04083289815480461, 0.005422768956954101, 0.0, 0.02136361098857435, 0.0, 0.028146417112716555, 0.05874522297052942)",1
6617,27,8,6,"(0.03656180599521727, 0.011572197494497125, 0.0, 0.030181603934096246, 0.005422768956954101, 0.0, 0.02084646300026537, 0.0, 0.028146417112716555, 0.05874522297052942)",70
6618,27,8,11,"(0.0, 0.0, 0.19126387756047308, 0.02150422363422624, 0.0, 0.038266501102807465, 0.1653847255243968, 0.0386197297757742, 0.026121609841380632, 0.0)",5
6619,27,8,11,"(0.0, 0.0, 0.09864539577037362, 0.02150422363422624, 0.0, 0.030645849071221472, 0.16773790467281977, 0.0386197297757742, 0.02445230927819957, 0.0)",1
6620,27,8,11,"(0.0, 0.0, 0.09864539577037362, 0.03799132261015464, 0.0, 0.030645849071221472, 0.16773790467281977, 0.0386197297757742, 0.026121609841380632, 0.0)",2
6621,27,8,11,"(0.0, 0.0, 0.08205408701511806, 0.02150422363422624, 0.0, 0.030645849071221472, 0.16773790467281977, 0.0386197297757742, 0.026121609841380632, 0.0)",2
6622,27,8,11,"(0.0, 0.0, 0.09864539577037362, 0.02150422363422624, 0.0, 0.04732112653193386, 0.16773790467281977, 0.0386197297757742, 0.026121609841380632, 0.0)",2
6623,27,8,11,"(0.0, 0.0, 0.09864539577037362, 0.02150422363422624, 0.0, 0.030645849071221472, 0.16773790467281977, 0.0386197297757742, 0.026121609841380632, 0.0)",435
6624,27,8,11,"(0.0, 0.0, 0.09864539577037362, 0.020441475167396677, 0.0, 0.030645849071221472, 0.16773790467281977, 0.0386197297757742, 0.026121609841380632, 0.0)",1
6625,27,8,11,"(0.0, 0.0, 0.09864539577037362, 0.01650583712158267, 0.0, 0.030645849071221472, 0.16773790467281977, 0.05487587528261972, 0.026121609841380632, 0.0)",49
6626,27,8,11,"(0.0, 0.0, 0.09864539577037362, 0.02150422363422624, 0.0, 0.030645849071221472, 0.21615414778861194, 0.0386197297757742, 0.026121609841380632, 0.0)",2
6627,27,8,11,"(0.0, 0.0, 0.09864539577037362, 0.02150422363422624, 0.0, 0.030645849071221472, 0.16773790467281977, 0.05487587528261972, 0.026121609841380632, 0.0)",6
6628,27,9,11,"(0.0, 0.0, 0.05965748340293963, 0.01650583712158267, 0.0, 0.030645849071221472, 0.16966946209317352, 0.08028238650273146, 0.026121609841380632, 0.0)",1
6629,27,9,11,"(0.0, 0.0, 0.11755819882518005, 0.01939443756559465, 0.0, 0.02375279233445006, 0.16773790467281977, 0.08028238650273146, 0.026121609841380632, 0.0)",1
6630,27,9,11,"(0.0, 0.0, 0.09607895392040651, 0.021101987000091197, 0.0, 0.02375279233445006, 0.17362635827202386, 0.08028238650273146, 0.026121609841380632, 0.0)",1
6631,27,9,11,"(0.0, 0.0, 0.09864539577037362, 0.017182141147503122, 0.0, 0.031162766486315472, 0.16243652964526273, 0.08028238650273146, 0.026121609841380632, 0.0)",2
6632,27,9,11,"(0.0, 0.0, 0.09864539577037362, 0.017676691464139745, 0.0, 0.030645849071221472, 0.16243652964526273, 0.08028238650273146, 0.026121609841380632, 0.0)",1
6633,27,9,11,"(0.0, 0.0, 0.11755819882518005, 0.01650583712158267, 0.0, 0.02661364561483636, 0.16773790467281977, 0.07026839899125761, 0.026121609841380632, 0.0)",6
6634,27,9,11,"(0.0, 0.0, 0.11755819882518005, 0.01650583712158267, 0.0, 0.02375279233445006, 0.16773790467281977, 0.08028238650273146, 0.02725072312840745, 0.0)",1
6635,27,9,11,"(0.0, 0.0, 0.11755819882518005, 0.01650583712158267, 0.0, 0.02375279233445006, 0.16773790467281977, 0.08028238650273146, 0.026121609841380632, 0.0)",215
6636,27,9,11,"(0.0, 0.0, 0.05618974293249497, 0.01218570384952125, 0.0, 0.01642507025524364, 0.20698235287595654, 0.08028238650273146, 0.026121609841380632, 0.0)",6
6637,27,9,11,"(0.0, 0.0, 0.09864539577037362, 0.01650583712158267, 0.0, 0.030645849071221472, 0.16243652964526273, 0.08028238650273146, 0.026121609841380632, 0.0)",331
6638,27,9,11,"(0.0, 0.0, 0.09864539577037362, 0.01650583712158267, 0.0, 0.030645849071221472, 0.16243652964526273, 0.057959070844817634, 0.026121609841380632, 0.0)",2
6639,27,9,11,"(0.0, 0.0, 0.09864539577037362, 0.01650583712158267, 0.0, 0.030645849071221472, 0.16243652964526273, 0.1339977741226143, 0.026121609841380632, 0.0)",1
6640,27,10,13,"(0.0, 0.02461978404713738, 0.023035932332134326, 0.0, 0.01810411441758469, 0.022173256981297827, 0.0, 0.0, 0.01089208668844536, 0.0035811834086928312)",19
6641,27,10,13,"(0.0, 0.02461978404713738, 0.023035932332134326, 0.0, 0.01810411441758469, 0.022173256981297827, 0.0, 0.0, 0.015533752378607263, 0.00476393156717078)",1
6642,27,10,13,"(0.0, 0.02461978404713738, 0.010333974539061475, 0.0, 0.013727333259024203, 0.022173256981297827, 0.0, 0.0, 0.01089208668844536, 0.00476393156717078)",14
6643,27,10,13,"(0.0, 0.02461978404713738, 0.023035932332134326, 0.0, 0.01810411441758469, 0.011786464444108405, 0.0, 0.0, 0.01089208668844536, 0.00476393156717078)",1
6644,27,10,13,"(0.0, 0.028612582489904757, 0.023035932332134326, 0.0, 0.01810411441758469, 0.022173256981297827, 0.0, 0.0, 0.01089208668844536, 0.00476393156717078)",2
6645,27,10,13,"(0.0, 0.02461978404713738, 0.023035932332134326, 0.0, 0.01810411441758469, 0.022173256981297827, 0.0, 0.0, 0.01089208668844536, 0.00476393156717078)",160
6646,27,10,13,"(0.0, 0.02461978404713738, 0.023035932332134326, 0.0, 0.028387848262020014, 0.022173256981297827, 0.0, 0.0, 0.01089208668844536, 0.00476393156717078)",8
6647,27,11,13,"(0.0, 0.02461978404713738, 0.023035932332134326, 0.0, 0.017678098087595313, 0.022173256981297827, 0.0, 0.0, 0.01089208668844536, 0.004333734339168119)",1
6648,27,11,13,"(0.0, 0.02461978404713738, 0.023035932332134326, 0.0, 0.01810411441758469, 0.022173256981297827, 0.0, 0.0, 0.01089208668844536, 0.00476393156717078)",205
6649,27,11,13,"(0.0, 0.02461978404713738, 0.023035932332134326, 0.0, 0.013706972226266786, 0.022173256981297827, 0.0, 0.0, 0.01089208668844536, 0.00476393156717078)",1
6650,27,11,13,"(0.0, 0.02461978404713738, 0.023035932332134326, 0.0, 0.013038178986753015, 0.022173256981297827, 0.0, 0.0, 0.01089208668844536, 0.00476393156717078)",1
6651,27,11,13,"(0.0, 0.02461978404713738, 0.023035932332134326, 0.0, 0.02146742343005767, 0.022173256981297827, 0.0, 0.0, 0.01089208668844536, 0.00476393156717078)",1
6652,27,12,8,"(0.19235562551390653, 0.046525949225991035, 0.0, 0.0, 0.04573034632799446, 0.0, 0.1316965398908287, 0.1116381245929446, 0.0, 0.0)",2
6653,27,12,8,"(0.19235562551390653, 0.046525949225991035, 0.0, 0.0, 0.0257856229728668, 0.0, 0.08319516954615302, 0.1116381245929446, 0.0, 0.0)",1
6654,27,12,8,"(0.19235562551390653, 0.046525949225991035, 0.0, 0.0, 0.025602858999389685, 0.0, 0.08319516954615302, 0.1116381245929446, 0.0, 0.0)",11
6655,27,12,8,"(0.19235562551390653, 0.046525949225991035, 0.0, 0.0, 0.04573034632799446, 0.0, 0.08319516954615302, 0.1116381245929446, 0.0, 0.0)",237
6656,27,12,10,"(0.03550653097490399, 0.06927916245295945, 0.09682940930282144, 0.0017773360538905325, 0.0, 0.06291875767155253, 0.0, 0.10994488928074131, 0.0, 0.0)",203
6657,27,12,10,"(0.03550653097490399, 0.06927916245295945, 0.10811809637425338, 0.0017773360538905325, 0.0, 0.06291875767155253, 0.0, 0.10994488928074131, 0.0, 0.0)",5
6658,27,12,10,"(0.03550653097490399, 0.06927916245295945, 0.2460733953170594, 0.0017773360538905325, 0.0, 0.06291875767155253, 0.0, 0.10994488928074131, 0.0, 0.0)",11
6659,27,12,10,"(0.03550653097490399, 0.06927916245295945, 0.09682940930282144, 0.0027178753107610547, 0.0, 0.06291875767155253, 0.0, 0.06229235234607111, 0.0, 0.0)",1
6660,27,12,10,"(0.03550653097490399, 0.06927916245295945, 0.08781598692205644, 0.0017773360538905325, 0.0, 0.06291875767155253, 0.0, 0.10994488928074131, 0.0, 0.0)",1
6661,27,12,10,"(0.03550653097490399, 0.06927916245295945, 0.09682940930282144, 0.0017773360538905325, 0.0, 0.06291875767155253, 0.0, 0.1394005879110901, 0.0, 0.0)",1
6662,27,12,10,"(0.022384570735347664, 0.06927916245295945, 0.09682940930282144, 0.0017773360538905325, 0.0, 0.06291875767155253, 0.0, 0.10994488928074131, 0.0, 0.0)",28
6663,27,13,6,"(0.051419444300525266, 0.011572197494497125, 0.0, 0.030181603934096246, 0.005422768956954101, 0.0, 0.019795240631728064, 0.0, 0.028146417112716555, 0.05874522297052942)",1
6664,27,13,6,"(0.03426039533065134, 0.011572197494497125, 0.0, 0.030181603934096246, 0.005422768956954101, 0.0, 0.019795240631728064, 0.0, 0.028146417112716555, 0.05874522297052942)",126
6665,27,13,6,"(0.03426039533065134, 0.011572197494497125, 0.0, 0.030181603934096246, 0.005422768956954101, 0.0, 0.019795240631728064, 0.0, 0.017089964974421883, 0.05874522297052942)",1
6666,27,13,6,"(0.03422646581514889, 0.011572197494497125, 0.0, 0.030181603934096246, 0.005422768956954101, 0.0, 0.019795240631728064, 0.0, 0.028146417112716555, 0.05874522297052942)",5
6667,27,13,6,"(0.03426039533065134, 0.011572197494497125, 0.0, 0.030181603934096246, 0.005422768956954101, 0.0, 0.019795240631728064, 0.0, 0.013973386031388747, 0.05874522297052942)",3
6668,27,13,6,"(0.03426039533065134, 0.011572197494497125, 0.0, 0.06214354653900844, 0.005422768956954101, 0.0, 0.019795240631728064, 0.0, 0.028146417112716555, 0.05874522297052942)",1
6669,27,14,11,"(0.0, 0.0, 0.09864539577037362, 0.01650583712158267, 0.0, 0.030645849071221472, 0.16773790467281977, 0.046237642847009, 0.026121609841380632, 0.0)",69
6670,27,14,11,"(0.0, 0.0, 0.07563427679391872, 0.00837511920666058, 0.0, 0.030645849071221472, 0.16773790467281977, 0.046237642847009, 0.026121609841380632, 0.0)",6
6671,27,14,11,"(0.0, 0.0, 0.07563427679391872, 0.01650583712158267, 0.0, 0.030645849071221472, 0.16773790467281977, 0.05159880276051053, 0.026121609841380632, 0.0)",1
6672,27,14,11,"(0.0, 0.0, 0.0678222115302726, 0.01650583712158267, 0.0, 0.030645849071221472, 0.16773790467281977, 0.046237642847009, 0.09268189226814523, 0.0)",1
6673,27,14,11,"(0.0, 0.0, 0.07563427679391872, 0.01650583712158267, 0.0, 0.030645849071221472, 0.16773790467281977, 0.05800734483196219, 0.026121609841380632, 0.0)",2
6674,27,14,11,"(0.0, 0.0, 0.07563427679391872, 0.01650583712158267, 0.0, 0.030645849071221472, 0.16773790467281977, 0.046237642847009, 0.026121609841380632, 0.0)",251
6675,27,14,11,"(0.0, 0.0, 0.13929564895200378, 0.02100512876415371, 0.0, 0.030645849071221472, 0.16773790467281977, 0.046237642847009, 0.03808353282470098, 0.0)",2
6676,27,14,11,"(0.0, 0.0, 0.09864539577037362, 0.01650583712158267, 0.0, 0.022244797198704973, 0.16773790467281977, 0.046237642847009, 0.052776718217731645, 0.0)",1
6677,27,14,11,"(0.0, 0.0, 0.20626109288097436, 0.01650583712158267, 0.0, 0.030645849071221472, 0.16773790467281977, 0.054594221983727306, 0.012478242324592655, 0.0)",1
6678,27,14,13,"(0.0, 0.02461978404713738, 0.03340040495099594, 0.0, 0.009920830643364326, 0.029570190919356563, 0.0, 0.0, 0.01089208668844536, 0.00476393156717078)",2
6679,27,14,13,"(0.0, 0.02461978404713738, 0.028311211767408164, 0.0, 0.01810411441758469, 0.022173256981297827, 0.0, 0.0, 0.01089208668844536, 0.00476393156717078)",1
6680,27,14,13,"(0.0, 0.02461978404713738, 0.023035932332134326, 0.0, 0.01810411441758469, 0.022173256981297827, 0.0, 0.0, 0.01089208668844536, 0.00476393156717078)",223
6681,27,14,13,"(0.0, 0.02461978404713738, 0.023035932332134326, 0.0, 0.01800865508769072, 0.022173256981297827, 0.0, 0.0, 0.007765500070866632, 0.0030311531295772885)",4
6682,27,15,11,"(0.0, 0.0, 0.11839367174953695, 0.022687887156657458, 0.0, 0.030645849071221472, 0.16773790467281977, 0.07064812757232578, 0.015265680845447258, 0.0)",1
6683,27,15,11,"(0.0, 0.0, 0.11839367174953695, 0.022687887156657458, 0.0, 0.030645849071221472, 0.16773790467281977, 0.07064812757232578, 0.026121609841380632, 0.0)",92
6684,27,15,11,"(0.0, 0.0, 0.10688289885346881, 0.01650583712158267, 0.0, 0.030645849071221472, 0.16773790467281977, 0.044558369055076145, 0.017424777369327363, 0.0)",3
6685,27,15,11,"(0.0, 0.0, 0.11839367174953695, 0.01650583712158267, 0.0, 0.030645849071221472, 0.1792228742827695, 0.01768315120779157, 0.045170815173244776, 0.0)",5
6686,27,15,11,"(0.0, 0.0, 0.05276838212237613, 0.01650583712158267, 0.0, 0.030645849071221472, 0.16773790467281977, 0.05387301262983337, 0.026121609841380632, 0.0)",1
6687,27,15,11,"(0.0, 0.0, 0.11839367174953695, 0.012782075124159818, 0.0, 0.030645849071221472, 0.16773790467281977, 0.0404147798164449, 0.026121609841380632, 0.0)",4
6688,27,15,11,"(0.0, 0.0, 0.11839367174953695, 0.01421243933665354, 0.0, 0.030645849071221472, 0.16773790467281977, 0.0404147798164449, 0.026121609841380632, 0.0)",2
6689,27,15,11,"(0.0, 0.0, 0.11839367174953695, 0.01650583712158267, 0.0, 0.030645849071221472, 0.16773790467281977, 0.025749418873965327, 0.026121609841380632, 0.0)",1
6690,27,15,11,"(0.0, 0.0, 0.11839367174953695, 0.01650583712158267, 0.0, 0.030645849071221472, 0.16773790467281977, 0.0404147798164449, 0.026121609841380632, 0.0)",470
6691,27,15,11,"(0.0, 0.0, 0.13950525189467386, 0.01650583712158267, 0.0, 0.04956008773077865, 0.10385178339707507, 0.0404147798164449, 0.026121609841380632, 0.0)",1
6692,27,15,11,"(0.0, 0.0, 0.11839367174953695, 0.01650583712158267, 0.0, 0.030645849071221472, 0.16773790467281977, 0.0404147798164449, 0.02976103846804356, 0.0)",1
6693,27,15,11,"(0.0, 0.0, 0.11839367174953695, 0.01650583712158267, 0.0, 0.030645849071221472, 0.15705626056732017, 0.0404147798164449, 0.026121609841380632, 0.0)",1
6694,27,15,11,"(0.0, 0.0, 0.11839367174953695, 0.01650583712158267, 0.0, 0.030645849071221472, 0.16773790467281977, 0.056205812828684386, 0.026121609841380632, 0.0)",4
6695,27,15,11,"(0.0, 0.0, 0.11839367174953695, 0.01650583712158267, 0.0, 0.030645849071221472, 0.16773790467281977, 0.034305281352522976, 0.026121609841380632, 0.0)",2
6696,27,16,1,"(0.0, 0.0, 0.041406372128065916, 0.0, 0.0, 0.02835370787783581, 0.0, 0.0, 0.0, 0.1073067864702304)",1
6697,27,16,1,"(0.0, 0.0, 0.041406372128065916, 0.0, 0.0, 0.0199117526153351, 0.0, 0.0, 0.0, 0.2096207265672923)",1
6698,27,16,1,"(0.0, 0.0, 0.041406372128065916, 0.0, 0.0, 0.0199117526153351, 0.0, 0.0, 0.0, 0.047529216575968564)",274
6699,27,16,1,"(0.0, 0.0, 0.041406372128065916, 0.0, 0.0, 0.0199117526153351, 0.0, 0.0, 0.0, 0.09965925051150999)",358
6700,27,16,1,"(0.0, 0.0, 0.03349413049880815, 0.0, 0.0, 0.0199117526153351, 0.0, 0.0, 0.0, 0.047529216575968564)",10
6701,27,16,1,"(0.0, 0.0, 0.03437861199161104, 0.0, 0.0, 0.0199117526153351, 0.0, 0.0, 0.0, 0.09965925051150999)",25
6702,27,16,1,"(0.0, 0.0, 0.024005202273666617, 0.0, 0.0, 0.0199117526153351, 0.0, 0.0, 0.0, 0.09965925051150999)",2
6703,27,16,1,"(0.0, 0.0, 0.041406372128065916, 0.0, 0.0, 0.022535904451619366, 0.0, 0.0, 0.0, 0.09965925051150999)",36
6704,27,16,1,"(0.0, 0.0, 0.041406372128065916, 0.0, 0.0, 0.0199117526153351, 0.0, 0.0, 0.0, 0.07172565802401132)",1
6705,27,16,1,"(0.0, 0.0, 0.041406372128065916, 0.0, 0.0, 0.0199117526153351, 0.0, 0.0, 0.0, 0.0653465489517463)",5
6706,27,16,1,"(0.0, 0.0, 0.02517103708633915, 0.0, 0.0, 0.0199117526153351, 0.0, 0.0, 0.0, 0.09965925051150999)",4
6707,27,16,1,"(0.0, 0.0, 0.02346594338297835, 0.0, 0.0, 0.0199117526153351, 0.0, 0.0, 0.0, 0.05217175940192811)",1
6708,27,16,1,"(0.0, 0.0, 0.041406372128065916, 0.0, 0.0, 0.0199117526153351, 0.0, 0.0, 0.0, 0.06032780063119478)",1
6709,27,16,8,"(0.16507889091742442, 0.046525949225991035, 0.0, 0.0, 0.07022106556493442, 0.0, 0.08319516954615302, 0.1116381245929446, 0.0, 0.0)",235
6710,27,16,8,"(0.16507889091742442, 0.046525949225991035, 0.0, 0.0, 0.07022106556493442, 0.0, 0.060701614823567854, 0.1116381245929446, 0.0, 0.0)",17
6711,27,17,1,"(0.0, 0.0, 0.08932231229441782, 0.0, 0.0, 0.030018978917809972, 0.0, 0.0, 0.0, 0.10519113397994213)",2
6712,27,17,1,"(0.0, 0.0, 0.06830090975046287, 0.0, 0.0, 0.030018978917809972, 0.0, 0.0, 0.0, 0.0910060267578522)",2
6713,27,17,1,"(0.0, 0.0, 0.10922905711608999, 0.0, 0.0, 0.030018978917809972, 0.0, 0.0, 0.0, 0.11971137098316939)",1
6714,27,17,1,"(0.0, 0.0, 0.08711045662642364, 0.0, 0.0, 0.030018978917809972, 0.0, 0.0, 0.0, 0.0910060267578522)",1
6715,27,17,1,"(0.0, 0.0, 0.06393522174584794, 0.0, 0.0, 0.030018978917809972, 0.0, 0.0, 0.0, 0.11959149048967245)",9
6716,27,17,1,"(0.0, 0.0, 0.10922905711608999, 0.0, 0.0, 0.030018978917809972, 0.0, 0.0, 0.0, 0.0910060267578522)",668
6717,27,17,1,"(0.0, 0.0, 0.10922905711608999, 0.0, 0.0, 0.013697153083462137, 0.0, 0.0, 0.0, 0.0910060267578522)",1
6718,27,17,1,"(0.0, 0.0, 0.10922905711608999, 0.0, 0.0, 0.02787407754399897, 0.0, 0.0, 0.0, 0.0910060267578522)",1
6719,27,17,1,"(0.0, 0.0, 0.0343497352644192, 0.0, 0.0, 0.030018978917809972, 0.0, 0.0, 0.0, 0.0910060267578522)",1
6720,27,17,1,"(0.0, 0.0, 0.10922905711608999, 0.0, 0.0, 0.030018978917809972, 0.0, 0.0, 0.0, 0.08652434004145397)",2
6721,27,17,1,"(0.0, 0.0, 0.050578888129599625, 0.0, 0.0, 0.030018978917809972, 0.0, 0.0, 0.0, 0.0910060267578522)",1
6722,27,17,1,"(0.0, 0.0, 0.10922905711608999, 0.0, 0.0, 0.030018978917809972, 0.0, 0.0, 0.0, 0.1528778577223967)",2
6723,27,17,1,"(0.0, 0.0, 0.10922905711608999, 0.0, 0.0, 0.030018978917809972, 0.0, 0.0, 0.0, 0.1004255361059385)",1
6724,27,17,1,"(0.0, 0.0, 0.10922905711608999, 0.0, 0.0, 0.020497625728013363, 0.0, 0.0, 0.0, 0.0910060267578522)",1
6725,27,17,8,"(0.2657748120855156, 0.04632028014141928, 0.0, 0.0, 0.07022106556493442, 0.0, 0.08319516954615302, 0.1116381245929446, 0.0, 0.0)",1
6726,27,17,8,"(0.19235562551390653, 0.04632028014141928, 0.0, 0.0, 0.07022106556493442, 0.0, 0.08319516954615302, 0.1116381245929446, 0.0, 0.0)",152
6727,27,17,8,"(0.10294337677241405, 0.0693058055879099, 0.0, 0.0, 0.07022106556493442, 0.0, 0.0638937446846744, 0.1116381245929446, 0.0, 0.0)",13
6728,27,17,8,"(0.10294337677241405, 0.04632028014141928, 0.0, 0.0, 0.07022106556493442, 0.0, 0.08319516954615302, 0.1116381245929446, 0.0, 0.0)",84
6729,27,17,8,"(0.19235562551390653, 0.0557470787114463, 0.0, 0.0, 0.07022106556493442, 0.0, 0.08319516954615302, 0.1116381245929446, 0.0, 0.0)",1
6730,27,18,10,"(0.07734904686468291, 0.06927916245295945, 0.1071782159180393, 0.0017773360538905325, 0.0, 0.06291875767155253, 0.0, 0.10994488928074131, 0.0, 0.0)",19
6731,27,18,10,"(0.07734904686468291, 0.06927916245295945, 0.09682940930282144, 0.0017773360538905325, 0.0, 0.06291875767155253, 0.0, 0.10994488928074131, 0.0, 0.0)",94
6732,27,18,10,"(0.09385850656386648, 0.06927916245295945, 0.09682940930282144, 0.0017773360538905325, 0.0, 0.06291875767155253, 0.0, 0.10994488928074131, 0.0, 0.0)",11
6733,27,18,10,"(0.07734904686468291, 0.09661721461303904, 0.09682940930282144, 0.0017773360538905325, 0.0, 0.03872161780620794, 0.0, 0.10994488928074131, 0.0, 0.0)",16
6734,27,18,11,"(0.0, 0.0, 0.09864539577037362, 0.01650583712158267, 0.0, 0.03150275214907511, 0.13038533056739307, 0.08028238650273146, 0.026121609841380632, 0.0)",385
6735,27,18,11,"(0.0, 0.0, 0.09864539577037362, 0.01650583712158267, 0.0, 0.030645849071221472, 0.16773790467281977, 0.08028238650273146, 0.02873308956446372, 0.0)",65
6736,27,18,11,"(0.0, 0.0, 0.09864539577037362, 0.01650583712158267, 0.0, 0.03150275214907511, 0.13038533056739307, 0.10009750937433451, 0.018199893023836736, 0.0)",3
6737,27,18,11,"(0.0, 0.0, 0.09864539577037362, 0.01650583712158267, 0.0, 0.05432332305673122, 0.13038533056739307, 0.08028238650273146, 0.026121609841380632, 0.0)",2
6738,27,18,11,"(0.0, 0.0, 0.09864539577037362, 0.01650583712158267, 0.0, 0.03150275214907511, 0.25683404446256886, 0.08028238650273146, 0.026121609841380632, 0.0)",1
6739,27,18,11,"(0.0, 0.0, 0.09864539577037362, 0.01650583712158267, 0.0, 0.03150275214907511, 0.13038533056739307, 0.0639093171764402, 0.026121609841380632, 0.0)",1
6740,27,18,11,"(0.0, 0.0, 0.08898107447558858, 0.01650583712158267, 0.0, 0.03150275214907511, 0.13038533056739307, 0.08028238650273146, 0.026121609841380632, 0.0)",69
6741,27,18,11,"(0.0, 0.0, 0.09864539577037362, 0.01650583712158267, 0.0, 0.03150275214907511, 0.13038533056739307, 0.08028238650273146, 0.01642390009685322, 0.0)",14
6742,27,18,11,"(0.0, 0.0, 0.09864539577037362, 0.01650583712158267, 0.0, 0.03150275214907511, 0.2138988074334493, 0.08028238650273146, 0.026121609841380632, 0.0)",38
6743,27,18,11,"(0.0, 0.0, 0.09864539577037362, 0.01650583712158267, 0.0, 0.03150275214907511, 0.13038533056739307, 0.08028238650273146, 0.027711267117047352, 0.0)",1
6744,27,18,11,"(0.0, 0.0, 0.06606986252855536, 0.01650583712158267, 0.0, 0.030645849071221472, 0.16773790467281977, 0.08028238650273146, 0.02873308956446372, 0.0)",1
6745,27,19,0,"(0.07400250769571483, 0.0, 0.0, 0.0, 0.0, 0.017098731129875016, 0.08380840797570269, 0.0691048466035698, 0.0, 0.0)",131
6746,27,19,0,"(0.13263757147632885, 0.0, 0.0, 0.0, 0.0, 0.017098731129875016, 0.08380840797570269, 0.0691048466035698, 0.0, 0.0)",2
6747,27,19,13,"(0.0, 0.02972909959097153, 0.023035932332134326, 0.0, 0.01810411441758469, 0.022173256981297827, 0.0, 0.0, 0.01089208668844536, 0.003748475482336298)",2
6748,27,19,13,"(0.0, 0.02461978404713738, 0.013674643692896272, 0.0, 0.01810411441758469, 0.022173256981297827, 0.0, 0.0, 0.01089208668844536, 0.0028621211431144253)",2
6749,27,19,13,"(0.0, 0.02461978404713738, 0.024312183591722488, 0.0, 0.01810411441758469, 0.022173256981297827, 0.0, 0.0, 0.01089208668844536, 0.00476393156717078)",1
6750,27,19,13,"(0.0, 0.02461978404713738, 0.023035932332134326, 0.0, 0.01810411441758469, 0.022173256981297827, 0.0, 0.0, 0.01089208668844536, 0.002130674319108906)",1
6751,27,19,13,"(0.0, 0.02461978404713738, 0.023035932332134326, 0.0, 0.01810411441758469, 0.022173256981297827, 0.0, 0.0, 0.01089208668844536, 0.00476393156717078)",258
6752,27,19,13,"(0.0, 0.02461978404713738, 0.023035932332134326, 0.0, 0.01810411441758469, 0.02610320098683241, 0.0, 0.0, 0.01089208668844536, 0.00476393156717078)",1
6753,27,19,13,"(0.0, 0.02573552168740439, 0.023035932332134326, 0.0, 0.01810411441758469, 0.022173256981297827, 0.0, 0.0, 0.01089208668844536, 0.00476393156717078)",3
6754,27,19,13,"(0.0, 0.04047313375372743, 0.023035932332134326, 0.0, 0.03837157983446791, 0.022173256981297827, 0.0, 0.0, 0.01089208668844536, 0.004552618345256605)",3
6755,27,19,13,"(0.0, 0.02461978404713738, 0.03187733571111329, 0.0, 0.01810411441758469, 0.022173256981297827, 0.0, 0.0, 0.01089208668844536, 0.00476393156717078)",1
6756,27,19,13,"(0.0, 0.02461978404713738, 0.03662318038140122, 0.0, 0.01810411441758469, 0.022173256981297827, 0.0, 0.0, 0.01089208668844536, 0.00476393156717078)",1
6757,27,20,10,"(0.07734904686468291, 0.06927916245295945, 0.09682940930282144, 0.0017773360538905325, 0.0, 0.06291875767155253, 0.0, 0.10994488928074131, 0.0, 0.0)",96
6758,27,20,10,"(0.07734904686468291, 0.06927916245295945, 0.09682940930282144, 0.0017773360538905325, 0.0, 0.04455749276671493, 0.0, 0.10994488928074131, 0.0, 0.0)",1
6759,27,20,11,"(0.0, 0.0, 0.03664497950459847, 0.01650583712158267, 0.0, 0.02548938439096223, 0.09572491856946197, 0.08028238650273146, 0.036485718580663774, 0.0)",500
6760,27,20,11,"(0.0, 0.0, 0.03664497950459847, 0.010509038044241815, 0.0, 0.02548938439096223, 0.09572491856946197, 0.08028238650273146, 0.036485718580663774, 0.0)",1
6761,27,20,11,"(0.0, 0.0, 0.05673556385685889, 0.01650583712158267, 0.0, 0.02548938439096223, 0.09572491856946197, 0.08028238650273146, 0.036485718580663774, 0.0)",2
6762,27,20,11,"(0.0, 0.0, 0.03664497950459847, 0.01650583712158267, 0.0, 0.02548938439096223, 0.09572491856946197, 0.0951650437485075, 0.036485718580663774, 0.0)",2
6763,27,20,11,"(0.0, 0.0, 0.026958289807506648, 0.01650583712158267, 0.0, 0.02548938439096223, 0.05327171915461577, 0.08028238650273146, 0.036485718580663774, 0.0)",3
6764,27,20,11,"(0.0, 0.0, 0.03664497950459847, 0.01650583712158267, 0.0, 0.022099962898003835, 0.09572491856946197, 0.08028238650273146, 0.036485718580663774, 0.0)",2
6765,28,0,6,"(0.03426039533065134, 0.011572197494497125, 0.0, 0.046921636171351595, 0.005422768956954101, 0.0, 0.019795240631728064, 0.0, 0.028146417112716555, 0.05874522297052942)",1
6766,28,0,6,"(0.03426039533065134, 0.017142764935369703, 0.0, 0.030181603934096246, 0.005422768956954101, 0.0, 0.019795240631728064, 0.0, 0.01662259260596645, 0.05874522297052942)",1
6767,28,0,6,"(0.03426039533065134, 0.008350445415007337, 0.0, 0.030181603934096246, 0.005422768956954101, 0.0, 0.019795240631728064, 0.0, 0.028146417112716555, 0.05874522297052942)",1
6768,28,0,6,"(0.03426039533065134, 0.011572197494497125, 0.0, 0.030181603934096246, 0.005422768956954101, 0.0, 0.010409555257257683, 0.0, 0.028146417112716555, 0.05874522297052942)",2
6769,28,0,6,"(0.03426039533065134, 0.011572197494497125, 0.0, 0.030181603934096246, 0.005422768956954101, 0.0, 0.019795240631728064, 0.0, 0.028146417112716555, 0.05874522297052942)",166
6770,28,0,6,"(0.03426039533065134, 0.011572197494497125, 0.0, 0.030181603934096246, 0.005422768956954101, 0.0, 0.03500685023048324, 0.0, 0.028146417112716555, 0.05874522297052942)",1
6771,28,0,11,"(0.0, 0.0, 0.06200374261520503, 0.010654525538403636, 0.0, 0.030645849071221472, 0.1545476986517947, 0.08028238650273146, 0.026121609841380632, 0.0)",1
6772,28,0,11,"(0.0, 0.0, 0.04169522659952404, 0.010654525538403636, 0.0, 0.030645849071221472, 0.16773790467281977, 0.08028238650273146, 0.026121609841380632, 0.0)",32
6773,28,0,11,"(0.0, 0.0, 0.06200374261520503, 0.010654525538403636, 0.0, 0.033558532695531225, 0.16773790467281977, 0.08028238650273146, 0.026121609841380632, 0.0)",1
6774,28,0,11,"(0.0, 0.0, 0.06200374261520503, 0.010654525538403636, 0.0, 0.030645849071221472, 0.16773790467281977, 0.06471128129841798, 0.026121609841380632, 0.0)",65
6775,28,0,11,"(0.0, 0.0, 0.06200374261520503, 0.010654525538403636, 0.0, 0.030645849071221472, 0.16773790467281977, 0.08028238650273146, 0.026121609841380632, 0.0)",244
6776,28,0,11,"(0.0, 0.0, 0.0867149717795404, 0.010654525538403636, 0.0, 0.030645849071221472, 0.16773790467281977, 0.06471128129841798, 0.026121609841380632, 0.0)",1
6777,28,1,6,"(0.06150302691006142, 0.011572197494497125, 0.0, 0.030181603934096246, 0.005422768956954101, 0.0, 0.019795240631728064, 0.0, 0.028146417112716555, 0.05874522297052942)",12
6778,28,1,6,"(0.03426039533065134, 0.011572197494497125, 0.0, 0.030181603934096246, 0.005422768956954101, 0.0, 0.019795240631728064, 0.0, 0.028146417112716555, 0.05874522297052942)",240
6779,28,1,6,"(0.03426039533065134, 0.011572197494497125, 0.0, 0.014694755801748456, 0.005422768956954101, 0.0, 0.019795240631728064, 0.0, 0.028146417112716555, 0.05874522297052942)",47
6780,28,1,6,"(0.03426039533065134, 0.011572197494497125, 0.0, 0.030181603934096246, 0.005422768956954101, 0.0, 0.024404371063746436, 0.0, 0.028146417112716555, 0.05874522297052942)",1
6781,28,1,8,"(0.054666356817362004, 0.046525949225991035, 0.0, 0.0, 0.051217346146779696, 0.0, 0.08319516954615302, 0.1415123366655704, 0.0, 0.0)",2
6782,28,1,8,"(0.07111035742329365, 0.046525949225991035, 0.0, 0.0, 0.051217346146779696, 0.0, 0.08319516954615302, 0.1415123366655704, 0.0, 0.0)",215
6783,28,1,8,"(0.07111035742329365, 0.046525949225991035, 0.0, 0.0, 0.05612305551516165, 0.0, 0.08319516954615302, 0.1415123366655704, 0.0, 0.0)",1
6784,28,2,13,"(0.0, 0.02461978404713738, 0.023035932332134326, 0.0, 0.007046518832576851, 0.022173256981297827, 0.0, 0.0, 0.01089208668844536, 0.00476393156717078)",3
6785,28,2,13,"(0.0, 0.02461978404713738, 0.023035932332134326, 0.0, 0.00970885425506607, 0.022173256981297827, 0.0, 0.0, 0.01089208668844536, 0.00476393156717078)",186
6786,28,2,13,"(0.0, 0.02461978404713738, 0.03958897888481682, 0.0, 0.00970885425506607, 0.022173256981297827, 0.0, 0.0, 0.01089208668844536, 0.00476393156717078)",1
6787,28,2,13,"(0.0, 0.06610630583725458, 0.023035932332134326, 0.0, 0.00970885425506607, 0.022173256981297827, 0.0, 0.0, 0.01089208668844536, 0.0075243105836313336)",1
6788,28,2,13,"(0.0, 0.02461978404713738, 0.02033774345702423, 0.0, 0.00970885425506607, 0.022173256981297827, 0.0, 0.0, 0.01089208668844536, 0.00476393156717078)",1
6789,28,3,13,"(0.0, 0.02461978404713738, 0.023035932332134326, 0.0, 0.01810411441758469, 0.022173256981297827, 0.0, 0.0, 0.01089208668844536, 0.0024406349647482155)",374
6790,28,3,13,"(0.0, 0.03608005071392896, 0.023035932332134326, 0.0, 0.01810411441758469, 0.022173256981297827, 0.0, 0.0, 0.01089208668844536, 0.0024406349647482155)",1
6791,28,3,13,"(0.0, 0.017956155498266495, 0.023035932332134326, 0.0, 0.01810411441758469, 0.022173256981297827, 0.0, 0.0, 0.01089208668844536, 0.0024406349647482155)",2
6792,28,3,13,"(0.0, 0.02461978404713738, 0.023035932332134326, 0.0, 0.01810411441758469, 0.022173256981297827, 0.0, 0.0, 0.01089208668844536, 0.0022445407513754898)",1
6793,28,3,13,"(0.0, 0.019201882496874444, 0.023035932332134326, 0.0, 0.01810411441758469, 0.027030816216486498, 0.0, 0.0, 0.01089208668844536, 0.0024406349647482155)",1
6794,28,3,13,"(0.0, 0.02461978404713738, 0.023035932332134326, 0.0, 0.009338780306008142, 0.022173256981297827, 0.0, 0.0, 0.01089208668844536, 0.0024406349647482155)",1
6795,28,3,13,"(0.0, 0.02461978404713738, 0.017327794596394948, 0.0, 0.018970939335960526, 0.022173256981297827, 0.0, 0.0, 0.011915737227819403, 0.0024406349647482155)",1
6796,28,3,13,"(0.0, 0.02461978404713738, 0.023035932332134326, 0.0, 0.018865721818808776, 0.022173256981297827, 0.0, 0.0, 0.01089208668844536, 0.0024406349647482155)",1
6797,28,3,13,"(0.0, 0.02461978404713738, 0.023035932332134326, 0.0, 0.01810411441758469, 0.027291297218706812, 0.0, 0.0, 0.01089208668844536, 0.0024406349647482155)",1
6798,28,4,11,"(0.0, 0.0, 0.08452983532413395, 0.01650583712158267, 0.0, 0.030645849071221472, 0.08153022673827125, 0.07240876560513207, 0.050212749557952616, 0.0)",1
6799,28,4,11,"(0.0, 0.0, 0.19856575017970923, 0.01650583712158267, 0.0, 0.030645849071221472, 0.08153022673827125, 0.07240876560513207, 0.026121609841380632, 0.0)",17
6800,28,4,11,"(0.0, 0.0, 0.09864539577037362, 0.01650583712158267, 0.0, 0.030645849071221472, 0.08153022673827125, 0.07240876560513207, 0.026121609841380632, 0.0)",488
6801,28,4,11,"(0.0, 0.0, 0.09864539577037362, 0.01650583712158267, 0.0, 0.028003230689668836, 0.044908366930023494, 0.07240876560513207, 0.026121609841380632, 0.0)",2
6802,28,5,0,"(0.06490531475426582, 0.0, 0.0, 0.0, 0.0, 0.038664151314593, 0.08380840797570269, 0.06261049614614052, 0.0, 0.0)",2
6803,28,5,0,"(0.07400250769571483, 0.0, 0.0, 0.0, 0.0, 0.038664151314593, 0.08380840797570269, 0.06569435298999736, 0.0, 0.0)",1
6804,28,5,0,"(0.07400250769571483, 0.0, 0.0, 0.0, 0.0, 0.038664151314593, 0.07279146063757817, 0.06261049614614052, 0.0, 0.0)",1
6805,28,5,0,"(0.07400250769571483, 0.0, 0.0, 0.0, 0.0, 0.038664151314593, 0.08380840797570269, 0.10104815890069611, 0.0, 0.0)",1
6806,28,5,0,"(0.07400250769571483, 0.0, 0.0, 0.0, 0.0, 0.038664151314593, 0.08687456052484559, 0.06261049614614052, 0.0, 0.0)",3
6807,28,5,0,"(0.07400250769571483, 0.0, 0.0, 0.0, 0.0, 0.038664151314593, 0.08380840797570269, 0.06261049614614052, 0.0, 0.0)",277
6808,28,5,0,"(0.07400250769571483, 0.0, 0.0, 0.0, 0.0, 0.038664151314593, 0.1296120411989353, 0.06261049614614052, 0.0, 0.0)",1
6809,28,5,6,"(0.03426039533065134, 0.011572197494497125, 0.0, 0.030181603934096246, 0.004129165755904161, 0.0, 0.019795240631728064, 0.0, 0.028146417112716555, 0.05874522297052942)",162
6810,28,5,6,"(0.03426039533065134, 0.011572197494497125, 0.0, 0.030181603934096246, 0.005422768956954101, 0.0, 0.019795240631728064, 0.0, 0.028146417112716555, 0.05874522297052942)",120
6811,28,5,6,"(0.03426039533065134, 0.011572197494497125, 0.0, 0.030181603934096246, 0.005933033742498178, 0.0, 0.019795240631728064, 0.0, 0.028146417112716555, 0.05874522297052942)",1
6812,28,5,6,"(0.03426039533065134, 0.006502383866065487, 0.0, 0.030181603934096246, 0.004129165755904161, 0.0, 0.019795240631728064, 0.0, 0.028146417112716555, 0.05874522297052942)",1
6813,28,5,6,"(0.03426039533065134, 0.011572197494497125, 0.0, 0.030181603934096246, 0.004129165755904161, 0.0, 0.02522167999630064, 0.0, 0.028146417112716555, 0.05874522297052942)",1
6814,28,6,0,"(0.12651248481531274, 0.0, 0.0, 0.0, 0.0, 0.017098731129875016, 0.08380840797570269, 0.0691048466035698, 0.0, 0.0)",3
6815,28,6,0,"(0.08664867408060581, 0.0, 0.0, 0.0, 0.0, 0.017098731129875016, 0.08380840797570269, 0.0691048466035698, 0.0, 0.0)",1
6816,28,6,0,"(0.07400250769571483, 0.0, 0.0, 0.0, 0.0, 0.017098731129875016, 0.08380840797570269, 0.0691048466035698, 0.0, 0.0)",284
6817,28,7,13,"(0.0, 0.02461978404713738, 0.023035932332134326, 0.0, 0.01810411441758469, 0.022173256981297827, 0.0, 0.0, 0.01089208668844536, 0.00476393156717078)",134
6818,28,7,13,"(0.0, 0.02461978404713738, 0.023035932332134326, 0.0, 0.019945870170476266, 0.022173256981297827, 0.0, 0.0, 0.01089208668844536, 0.00476393156717078)",1
6819,28,7,13,"(0.0, 0.02461978404713738, 0.023035932332134326, 0.0, 0.01810411441758469, 0.022173256981297827, 0.0, 0.0, 0.01089208668844536, 0.005070842953661989)",10
6820,28,7,13,"(0.0, 0.02461978404713738, 0.031890892631289317, 0.0, 0.010767543281602116, 0.022173256981297827, 0.0, 0.0, 0.01089208668844536, 0.00476393156717078)",1
6821,28,7,13,"(0.0, 0.02461978404713738, 0.023035932332134326, 0.0, 0.01322255623593789, 0.031695911551690666, 0.0, 0.0, 0.01089208668844536, 0.00476393156717078)",60
6822,28,8,6,"(0.03656180599521727, 0.011572197494497125, 0.0, 0.030181603934096246, 0.005422768956954101, 0.0, 0.02084646300026537, 0.0, 0.028146417112716555, 0.05874522297052942)",48
6823,28,8,6,"(0.03656180599521727, 0.01145384435509258, 0.0, 0.030181603934096246, 0.005422768956954101, 0.0, 0.02084646300026537, 0.0, 0.028146417112716555, 0.05874522297052942)",2
6824,28,8,11,"(0.0, 0.0, 0.09864539577037362, 0.02150422363422624, 0.0, 0.030645849071221472, 0.15543507127830616, 0.0386197297757742, 0.026121609841380632, 0.0)",1
6825,28,8,11,"(0.0, 0.0, 0.09864539577037362, 0.02150422363422624, 0.0, 0.030645849071221472, 0.09567630759017422, 0.05574581142338814, 0.02264248615632468, 0.0)",1
6826,28,8,11,"(0.0, 0.0, 0.09864539577037362, 0.02150422363422624, 0.0, 0.030645849071221472, 0.16773790467281977, 0.0723876642719973, 0.026121609841380632, 0.0)",1
6827,28,8,11,"(0.0, 0.0, 0.09864539577037362, 0.02150422363422624, 0.0, 0.025171571577093616, 0.16773790467281977, 0.0386197297757742, 0.026121609841380632, 0.0)",6
6828,28,8,11,"(0.0, 0.0, 0.09864539577037362, 0.02150422363422624, 0.0, 0.03385584166974633, 0.16773790467281977, 0.0386197297757742, 0.026121609841380632, 0.0)",1
6829,28,8,11,"(0.0, 0.0, 0.09864539577037362, 0.02150422363422624, 0.0, 0.030645849071221472, 0.13686061680736697, 0.021130502678836295, 0.027535720540171713, 0.0)",2
6830,28,8,11,"(0.0, 0.0, 0.09864539577037362, 0.02150422363422624, 0.0, 0.04732112653193386, 0.16773790467281977, 0.0386197297757742, 0.026121609841380632, 0.0)",40
6831,28,8,11,"(0.0, 0.0, 0.09864539577037362, 0.02150422363422624, 0.0, 0.030645849071221472, 0.16773790467281977, 0.05243360338901089, 0.026121609841380632, 0.0)",1
6832,28,8,11,"(0.0, 0.0, 0.09864539577037362, 0.02150422363422624, 0.0, 0.024884790998669408, 0.16773790467281977, 0.0386197297757742, 0.026121609841380632, 0.0)",1
6833,28,8,11,"(0.0, 0.0, 0.09864539577037362, 0.01650583712158267, 0.0, 0.030645849071221472, 0.16773790467281977, 0.05487587528261972, 0.026121609841380632, 0.0)",54
6834,28,8,11,"(0.0, 0.0, 0.09864539577037362, 0.02150422363422624, 0.0, 0.030645849071221472, 0.16773790467281977, 0.0386197297757742, 0.026121609841380632, 0.0)",459
6835,28,8,11,"(0.0, 0.0, 0.06269643382719971, 0.02150422363422624, 0.0, 0.030645849071221472, 0.16773790467281977, 0.0386197297757742, 0.06472954489064524, 0.0)",1
6836,28,8,11,"(0.0, 0.0, 0.09864539577037362, 0.014651624231943319, 0.0, 0.030645849071221472, 0.16773790467281977, 0.0386197297757742, 0.026121609841380632, 0.0)",1
6837,28,9,11,"(0.0, 0.0, 0.09864539577037362, 0.01650583712158267, 0.0, 0.030645849071221472, 0.16243652964526273, 0.08028238650273146, 0.026121609841380632, 0.0)",324
6838,28,9,11,"(0.0, 0.0, 0.11755819882518005, 0.01650583712158267, 0.0, 0.02375279233445006, 0.16773790467281977, 0.08028238650273146, 0.026121609841380632, 0.0)",198
6839,28,9,11,"(0.0, 0.0, 0.09864539577037362, 0.01650583712158267, 0.0, 0.030645849071221472, 0.16243652964526273, 0.08028238650273146, 0.01640293317877118, 0.0)",1
6840,28,9,11,"(0.0, 0.0, 0.09864539577037362, 0.01650583712158267, 0.0, 0.030645849071221472, 0.19037637280372277, 0.08028238650273146, 0.026121609841380632, 0.0)",5
6841,28,10,13,"(0.0, 0.02461978404713738, 0.023035932332134326, 0.0, 0.01810411441758469, 0.022173256981297827, 0.0, 0.0, 0.01089208668844536, 0.00476393156717078)",193
6842,28,10,13,"(0.0, 0.02461978404713738, 0.023035932332134326, 0.0, 0.01810411441758469, 0.011786464444108405, 0.0, 0.0, 0.01089208668844536, 0.00476393156717078)",15
6843,28,10,13,"(0.0, 0.02461978404713738, 0.023035932332134326, 0.0, 0.01810411441758469, 0.022173256981297827, 0.0, 0.0, 0.014111465601069066, 0.00476393156717078)",1
6844,28,10,13,"(0.0, 0.02461978404713738, 0.023035932332134326, 0.0, 0.006136299020276548, 0.020913459150940502, 0.0, 0.0, 0.010740245586426266, 0.0038165045095487488)",2
6845,28,10,13,"(0.0, 0.04567132085225499, 0.023035932332134326, 0.0, 0.020957794176445475, 0.022173256981297827, 0.0, 0.0, 0.01089208668844536, 0.00476393156717078)",1
6846,28,11,13,"(0.0, 0.02461978404713738, 0.023035932332134326, 0.0, 0.004109868819840985, 0.022173256981297827, 0.0, 0.0, 0.01089208668844536, 0.00476393156717078)",4
6847,28,11,13,"(0.0, 0.02461978404713738, 0.023035932332134326, 0.0, 0.01810411441758469, 0.022173256981297827, 0.0, 0.0, 0.012683661207427383, 0.00476393156717078)",1
6848,28,11,13,"(0.0, 0.02591100435525156, 0.023035932332134326, 0.0, 0.01810411441758469, 0.022173256981297827, 0.0, 0.0, 0.01089208668844536, 0.00476393156717078)",1
6849,28,11,13,"(0.0, 0.02461978404713738, 0.023035932332134326, 0.0, 0.013706972226266786, 0.022173256981297827, 0.0, 0.0, 0.01089208668844536, 0.00476393156717078)",66
6850,28,11,13,"(0.0, 0.02461978404713738, 0.055286833145944556, 0.0, 0.013706972226266786, 0.022173256981297827, 0.0, 0.0, 0.006143145598510568, 0.00476393156717078)",1
6851,28,11,13,"(0.0, 0.02461978404713738, 0.023035932332134326, 0.0, 0.01810411441758469, 0.022173256981297827, 0.0, 0.0, 0.01089208668844536, 0.00476393156717078)",298
6852,28,12,8,"(0.19235562551390653, 0.046525949225991035, 0.0, 0.0, 0.030150343057468484, 0.0, 0.08319516954615302, 0.1116381245929446, 0.0, 0.0)",1
6853,28,12,8,"(0.19235562551390653, 0.046525949225991035, 0.0, 0.0, 0.04573034632799446, 0.0, 0.10172545733805775, 0.1116381245929446, 0.0, 0.0)",2
6854,28,12,8,"(0.19235562551390653, 0.046525949225991035, 0.0, 0.0, 0.04573034632799446, 0.0, 0.08319516954615302, 0.1116381245929446, 0.0, 0.0)",219
6855,28,12,8,"(0.19235562551390653, 0.046525949225991035, 0.0, 0.0, 0.04250042119803855, 0.0, 0.08319516954615302, 0.1116381245929446, 0.0, 0.0)",4
6856,28,12,8,"(0.19235562551390653, 0.046525949225991035, 0.0, 0.0, 0.04573034632799446, 0.0, 0.10882577575626645, 0.1116381245929446, 0.0, 0.0)",8
6857,28,12,8,"(0.19235562551390653, 0.041062073788848547, 0.0, 0.0, 0.04573034632799446, 0.0, 0.08319516954615302, 0.1116381245929446, 0.0, 0.0)",3
6858,28,12,10,"(0.03550653097490399, 0.06927916245295945, 0.09682940930282144, 0.0017773360538905325, 0.0, 0.06291875767155253, 0.0, 0.10994488928074131, 0.0, 0.0)",189
6859,28,12,10,"(0.03550653097490399, 0.051522349930083346, 0.09682940930282144, 0.0017773360538905325, 0.0, 0.06291875767155253, 0.0, 0.10994488928074131, 0.0, 0.0)",1
6860,28,12,10,"(0.022384570735347664, 0.06927916245295945, 0.09682940930282144, 0.0017773360538905325, 0.0, 0.08100687479854718, 0.0, 0.10994488928074131, 0.0, 0.0)",3
6861,28,12,10,"(0.07899634663147763, 0.06927916245295945, 0.09682940930282144, 0.0017773360538905325, 0.0, 0.06291875767155253, 0.0, 0.10994488928074131, 0.0, 0.0)",4
6862,28,12,10,"(0.03550653097490399, 0.06927916245295945, 0.10811809637425338, 0.0017773360538905325, 0.0, 0.06291875767155253, 0.0, 0.10994488928074131, 0.0, 0.0)",14
6863,28,12,10,"(0.022384570735347664, 0.06927916245295945, 0.09768080255129206, 0.0017773360538905325, 0.0, 0.06291875767155253, 0.0, 0.10994488928074131, 0.0, 0.0)",1
6864,28,12,10,"(0.022384570735347664, 0.06927916245295945, 0.09682940930282144, 0.0017773360538905325, 0.0, 0.06291875767155253, 0.0, 0.10994488928074131, 0.0, 0.0)",40
6865,28,13,6,"(0.03426039533065134, 0.011572197494497125, 0.0, 0.030181603934096246, 0.005422768956954101, 0.0, 0.019795240631728064, 0.0, 0.028146417112716555, 0.05874522297052942)",139
6866,28,13,6,"(0.03422646581514889, 0.011572197494497125, 0.0, 0.030181603934096246, 0.005422768956954101, 0.0, 0.019795240631728064, 0.0, 0.028146417112716555, 0.05874522297052942)",18
6867,28,14,11,"(0.0, 0.0, 0.07563427679391872, 0.01650583712158267, 0.0, 0.030645849071221472, 0.16773790467281977, 0.031202362293251323, 0.026121609841380632, 0.0)",1
6868,28,14,11,"(0.0, 0.0, 0.07563427679391872, 0.01650583712158267, 0.0, 0.030645849071221472, 0.16773790467281977, 0.06755180566341507, 0.026121609841380632, 0.0)",2
6869,28,14,11,"(0.0, 0.0, 0.07563427679391872, 0.01650583712158267, 0.0, 0.030645849071221472, 0.16773790467281977, 0.030824825413654694, 0.026121609841380632, 0.0)",1
6870,28,14,11,"(0.0, 0.0, 0.07563427679391872, 0.01650583712158267, 0.0, 0.030645849071221472, 0.18136494990648772, 0.030342669041848142, 0.026121609841380632, 0.0)",2
6871,28,14,11,"(0.0, 0.0, 0.07563427679391872, 0.01650583712158267, 0.0, 0.030645849071221472, 0.16773790467281977, 0.046237642847009, 0.016719551475473292, 0.0)",2
6872,28,14,11,"(0.0, 0.0, 0.07563427679391872, 0.0074496296026338804, 0.0, 0.030645849071221472, 0.16773790467281977, 0.046237642847009, 0.026121609841380632, 0.0)",1
6873,28,14,11,"(0.0, 0.0, 0.058980146764214675, 0.01650583712158267, 0.0, 0.030645849071221472, 0.24109314770776238, 0.046237642847009, 0.026121609841380632, 0.0)",1
6874,28,14,11,"(0.0, 0.0, 0.09864539577037362, 0.01650583712158267, 0.0, 0.030645849071221472, 0.16773790467281977, 0.046237642847009, 0.026121609841380632, 0.0)",89
6875,28,14,11,"(0.0, 0.0, 0.07563427679391872, 0.01650583712158267, 0.0, 0.030645849071221472, 0.16773790467281977, 0.046237642847009, 0.026121609841380632, 0.0)",209
6876,28,14,13,"(0.0, 0.02461978404713738, 0.023035932332134326, 0.0, 0.01810411441758469, 0.022173256981297827, 0.0, 0.0, 0.01089208668844536, 0.00476393156717078)",236
6877,28,14,13,"(0.0, 0.02461978404713738, 0.023035932332134326, 0.0, 0.013145612081027384, 0.022173256981297827, 0.0, 0.0, 0.01089208668844536, 0.00476393156717078)",3
6878,28,14,13,"(0.0, 0.025266271964020728, 0.023035932332134326, 0.0, 0.01810411441758469, 0.022173256981297827, 0.0, 0.0, 0.01089208668844536, 0.0045799830468481045)",2
6879,28,14,13,"(0.0, 0.02461978404713738, 0.0301851769995846, 0.0, 0.01810411441758469, 0.022173256981297827, 0.0, 0.0, 0.01089208668844536, 0.008762061187810392)",1
6880,28,14,13,"(0.0, 0.04023392828517888, 0.023035932332134326, 0.0, 0.01810411441758469, 0.022173256981297827, 0.0, 0.0, 0.01089208668844536, 0.00476393156717078)",1
6881,28,15,11,"(0.0, 0.0, 0.11839367174953695, 0.01546699249189596, 0.0, 0.030645849071221472, 0.16773790467281977, 0.0404147798164449, 0.026121609841380632, 0.0)",1
6882,28,15,11,"(0.0, 0.0, 0.11839367174953695, 0.022687887156657458, 0.0, 0.030645849071221472, 0.16773790467281977, 0.07064812757232578, 0.026121609841380632, 0.0)",40
6883,28,15,11,"(0.0, 0.0, 0.11839367174953695, 0.01650583712158267, 0.0, 0.030645849071221472, 0.16773790467281977, 0.02735476144025034, 0.026121609841380632, 0.0)",1
6884,28,15,11,"(0.0, 0.0, 0.11839367174953695, 0.01650583712158267, 0.0, 0.030645849071221472, 0.16773790467281977, 0.034278187847220795, 0.026121609841380632, 0.0)",1
6885,28,15,11,"(0.0, 0.0, 0.11839367174953695, 0.018083351408901646, 0.0, 0.030645849071221472, 0.16773790467281977, 0.0404147798164449, 0.019576278489454806, 0.0)",1
6886,28,15,11,"(0.0, 0.0, 0.11839367174953695, 0.013426816009973542, 0.0, 0.030645849071221472, 0.16773790467281977, 0.0404147798164449, 0.026121609841380632, 0.0)",1
6887,28,15,11,"(0.0, 0.0, 0.11839367174953695, 0.01650583712158267, 0.0, 0.030645849071221472, 0.16773790467281977, 0.0404147798164449, 0.026121609841380632, 0.0)",566
6888,28,15,11,"(0.0, 0.0, 0.11839367174953695, 0.01650583712158267, 0.0, 0.030645849071221472, 0.16773790467281977, 0.056205812828684386, 0.026121609841380632, 0.0)",18
6889,28,15,11,"(0.0, 0.0, 0.11839367174953695, 0.01650583712158267, 0.0, 0.035090823345855046, 0.16773790467281977, 0.0404147798164449, 0.026121609841380632, 0.0)",2
6890,28,15,11,"(0.0, 0.0, 0.11839367174953695, 0.01650583712158267, 0.0, 0.030645849071221472, 0.16773790467281977, 0.0404147798164449, 0.020106883413329744, 0.0)",1
6891,28,15,11,"(0.0, 0.0, 0.14004128884305583, 0.01650583712158267, 0.0, 0.030645849071221472, 0.16773790467281977, 0.0404147798164449, 0.026121609841380632, 0.0)",2
6892,28,15,11,"(0.0, 0.0, 0.11839367174953695, 0.007459666468244371, 0.0, 0.03159526480585002, 0.16773790467281977, 0.08439462402609328, 0.026121609841380632, 0.0)",1
6893,28,15,11,"(0.0, 0.0, 0.11839367174953695, 0.015026127527282551, 0.0, 0.030645849071221472, 0.1999002839715954, 0.0404147798164449, 0.026121609841380632, 0.0)",1
6894,28,16,1,"(0.0, 0.0, 0.041406372128065916, 0.0, 0.0, 0.020235802210299903, 0.0, 0.0, 0.0, 0.09965925051150999)",1
6895,28,16,1,"(0.0, 0.0, 0.041406372128065916, 0.0, 0.0, 0.0199117526153351, 0.0, 0.0, 0.0, 0.08351453141484831)",1
6896,28,16,1,"(0.0, 0.0, 0.04443043026853062, 0.0, 0.0, 0.0199117526153351, 0.0, 0.0, 0.0, 0.09965925051150999)",28
6897,28,16,1,"(0.0, 0.0, 0.041406372128065916, 0.0, 0.0, 0.022535904451619366, 0.0, 0.0, 0.0, 0.09965925051150999)",77
6898,28,16,1,"(0.0, 0.0, 0.03437861199161104, 0.0, 0.0, 0.0199117526153351, 0.0, 0.0, 0.0, 0.09965925051150999)",26
6899,28,16,1,"(0.0, 0.0, 0.041406372128065916, 0.0, 0.0, 0.0199117526153351, 0.0, 0.0, 0.0, 0.047529216575968564)",210
6900,28,16,1,"(0.0, 0.0, 0.04094438720790409, 0.0, 0.0, 0.0199117526153351, 0.0, 0.0, 0.0, 0.09965925051150999)",2
6901,28,16,1,"(0.0, 0.0, 0.041406372128065916, 0.0, 0.0, 0.0199117526153351, 0.0, 0.0, 0.0, 0.09965925051150999)",324
6902,28,16,1,"(0.0, 0.0, 0.02864816963411637, 0.0, 0.0, 0.022535904451619366, 0.0, 0.0, 0.0, 0.09965925051150999)",4
6903,28,16,1,"(0.0, 0.0, 0.041406372128065916, 0.0, 0.0, 0.0199117526153351, 0.0, 0.0, 0.0, 0.03399523692791239)",1
6904,28,16,1,"(0.0, 0.0, 0.041406372128065916, 0.0, 0.0, 0.024047452007889446, 0.0, 0.0, 0.0, 0.09965925051150999)",1
6905,28,16,1,"(0.0, 0.0, 0.041406372128065916, 0.0, 0.0, 0.022535904451619366, 0.0, 0.0, 0.0, 0.05685349689977357)",1
6906,28,16,1,"(0.0, 0.0, 0.022397531283150363, 0.0, 0.0, 0.0199117526153351, 0.0, 0.0, 0.0, 0.047529216575968564)",10
6907,28,16,8,"(0.14795677227176088, 0.046525949225991035, 0.0, 0.0, 0.07022106556493442, 0.0, 0.060701614823567854, 0.1116381245929446, 0.0, 0.0)",1
6908,28,16,8,"(0.16507889091742442, 0.046525949225991035, 0.0, 0.0, 0.07022106556493442, 0.0, 0.060701614823567854, 0.1116381245929446, 0.0, 0.0)",87
6909,28,16,8,"(0.16507889091742442, 0.046525949225991035, 0.0, 0.0, 0.07022106556493442, 0.0, 0.08319516954615302, 0.10847725141816246, 0.0, 0.0)",1
6910,28,16,8,"(0.16507889091742442, 0.046525949225991035, 0.0, 0.0, 0.07022106556493442, 0.0, 0.08319516954615302, 0.1116381245929446, 0.0, 0.0)",141
6911,28,17,1,"(0.0, 0.0, 0.08654100416504869, 0.0, 0.0, 0.030018978917809972, 0.0, 0.0, 0.0, 0.0910060267578522)",1
6912,28,17,1,"(0.0, 0.0, 0.10922905711608999, 0.0, 0.0, 0.07175072148849576, 0.0, 0.0, 0.0, 0.0910060267578522)",1
6913,28,17,1,"(0.0, 0.0, 0.13699991976968537, 0.0, 0.0, 0.030018978917809972, 0.0, 0.0, 0.0, 0.0910060267578522)",1
6914,28,17,1,"(0.0, 0.0, 0.10922905711608999, 0.0, 0.0, 0.030018978917809972, 0.0, 0.0, 0.0, 0.1325741731717615)",1
6915,28,17,1,"(0.0, 0.0, 0.10650950881622333, 0.0, 0.0, 0.022640784901484766, 0.0, 0.0, 0.0, 0.04557123282186749)",17
6916,28,17,1,"(0.0, 0.0, 0.15762880918240382, 0.0, 0.0, 0.0293887370148229, 0.0, 0.0, 0.0, 0.0910060267578522)",1
6917,28,17,1,"(0.0, 0.0, 0.10922905711608999, 0.0, 0.0, 0.020898846898243884, 0.0, 0.0, 0.0, 0.0910060267578522)",1
6918,28,17,1,"(0.0, 0.0, 0.10922905711608999, 0.0, 0.0, 0.030018978917809972, 0.0, 0.0, 0.0, 0.0910060267578522)",682
6919,28,17,1,"(0.0, 0.0, 0.06330507870873177, 0.0, 0.0, 0.02041345094961567, 0.0, 0.0, 0.0, 0.0910060267578522)",1
6920,28,17,1,"(0.0, 0.0, 0.05877278310475902, 0.0, 0.0, 0.030018978917809972, 0.0, 0.0, 0.0, 0.0910060267578522)",1
6921,28,17,1,"(0.0, 0.0, 0.10922905711608999, 0.0, 0.0, 0.030018978917809972, 0.0, 0.0, 0.0, 0.13004004716181672)",1
6922,28,17,8,"(0.10294337677241405, 0.0693058055879099, 0.0, 0.0, 0.07022106556493442, 0.0, 0.0638937446846744, 0.1116381245929446, 0.0, 0.0)",24
6923,28,17,8,"(0.10294337677241405, 0.04632028014141928, 0.0, 0.0, 0.07022106556493442, 0.0, 0.08319516954615302, 0.1116381245929446, 0.0, 0.0)",148
6924,28,17,8,"(0.10294337677241405, 0.04632028014141928, 0.0, 0.0, 0.07022106556493442, 0.0, 0.08319516954615302, 0.0859934438974474, 0.0, 0.0)",2
6925,28,17,8,"(0.19235562551390653, 0.04632028014141928, 0.0, 0.0, 0.07022106556493442, 0.0, 0.08319516954615302, 0.1116381245929446, 0.0, 0.0)",99
6926,28,17,8,"(0.19235562551390653, 0.04632028014141928, 0.0, 0.0, 0.07022106556493442, 0.0, 0.04414105778826532, 0.1116381245929446, 0.0, 0.0)",5
6927,28,17,8,"(0.19235562551390653, 0.04632028014141928, 0.0, 0.0, 0.08805885881279416, 0.0, 0.08319516954615302, 0.1116381245929446, 0.0, 0.0)",3
6928,28,18,10,"(0.07734904686468291, 0.06927916245295945, 0.09682940930282144, 0.0017773360538905325, 0.0, 0.07860671763277158, 0.0, 0.10994488928074131, 0.0, 0.0)",1
6929,28,18,10,"(0.09385850656386648, 0.06927916245295945, 0.09682940930282144, 0.0017773360538905325, 0.0, 0.06291875767155253, 0.0, 0.10994488928074131, 0.0, 0.0)",3
6930,28,18,10,"(0.07734904686468291, 0.09661721461303904, 0.09682940930282144, 0.0017773360538905325, 0.0, 0.03872161780620794, 0.0, 0.10994488928074131, 0.0, 0.0)",16
6931,28,18,10,"(0.08108059021221546, 0.06927916245295945, 0.09682940930282144, 0.0017773360538905325, 0.0, 0.06291875767155253, 0.0, 0.10994488928074131, 0.0, 0.0)",2
6932,28,18,10,"(0.07734904686468291, 0.06927916245295945, 0.1071782159180393, 0.0017773360538905325, 0.0, 0.06291875767155253, 0.0, 0.10994488928074131, 0.0, 0.0)",49
6933,28,18,10,"(0.07734904686468291, 0.06927916245295945, 0.09682940930282144, 0.0017773360538905325, 0.0, 0.06291875767155253, 0.0, 0.19038248329437787, 0.0, 0.0)",1
6934,28,18,10,"(0.07734904686468291, 0.06927916245295945, 0.09682940930282144, 0.0017773360538905325, 0.0, 0.06291875767155253, 0.0, 0.10994488928074131, 0.0, 0.0)",68
6935,28,18,10,"(0.07734904686468291, 0.09661721461303904, 0.09671516968638036, 0.0017773360538905325, 0.0, 0.03872161780620794, 0.0, 0.10994488928074131, 0.0, 0.0)",1
6936,28,18,11,"(0.0, 0.0, 0.09864539577037362, 0.01650583712158267, 0.0, 0.03150275214907511, 0.1982155431731843, 0.08028238650273146, 0.026121609841380632, 0.0)",6
6937,28,18,11,"(0.0, 0.0, 0.09864539577037362, 0.01650583712158267, 0.0, 0.03150275214907511, 0.13038533056739307, 0.08028238650273146, 0.026121609841380632, 0.0)",355
6938,28,18,11,"(0.0, 0.0, 0.08898107447558858, 0.01650583712158267, 0.0, 0.03150275214907511, 0.13038533056739307, 0.08028238650273146, 0.026121609841380632, 0.0)",163
6939,28,18,11,"(0.0, 0.0, 0.09864539577037362, 0.01650583712158267, 0.0, 0.03150275214907511, 0.2138988074334493, 0.08028238650273146, 0.026121609841380632, 0.0)",57
6940,28,18,11,"(0.0, 0.0, 0.09864539577037362, 0.026528507726668562, 0.0, 0.03150275214907511, 0.13038533056739307, 0.08028238650273146, 0.026121609841380632, 0.0)",1
6941,28,18,11,"(0.0, 0.0, 0.08898107447558858, 0.01650583712158267, 0.0, 0.03150275214907511, 0.13038533056739307, 0.08028238650273146, 0.056226340468910806, 0.0)",5
6942,28,18,11,"(0.0, 0.0, 0.09164762009999623, 0.01650583712158267, 0.0, 0.03150275214907511, 0.13038533056739307, 0.08028238650273146, 0.026121609841380632, 0.0)",1
6943,28,18,11,"(0.0, 0.0, 0.08898107447558858, 0.01650583712158267, 0.0, 0.03150275214907511, 0.13038533056739307, 0.06639385223986276, 0.026121609841380632, 0.0)",2
6944,28,18,11,"(0.0, 0.0, 0.09054196524936622, 0.01650583712158267, 0.0, 0.03150275214907511, 0.13038533056739307, 0.08028238650273146, 0.026121609841380632, 0.0)",1
6945,28,18,11,"(0.0, 0.0, 0.09864539577037362, 0.01650583712158267, 0.0, 0.030645849071221472, 0.16773790467281977, 0.08028238650273146, 0.02873308956446372, 0.0)",43
6946,28,18,11,"(0.0, 0.0, 0.09864539577037362, 0.01650583712158267, 0.0, 0.0713599713917805, 0.13038533056739307, 0.08028238650273146, 0.026121609841380632, 0.0)",1
6947,28,19,0,"(0.07400250769571483, 0.0, 0.0, 0.0, 0.0, 0.017098731129875016, 0.08380840797570269, 0.0691048466035698, 0.0, 0.0)",63
6948,28,19,13,"(0.0, 0.02461978404713738, 0.023035932332134326, 0.0, 0.01810411441758469, 0.02382042616616355, 0.0, 0.0, 0.01089208668844536, 0.00476393156717078)",1
6949,28,19,13,"(0.0, 0.02461978404713738, 0.023035932332134326, 0.0, 0.01810411441758469, 0.022173256981297827, 0.0, 0.0, 0.01089208668844536, 0.003031679837620615)",1
6950,28,19,13,"(0.0, 0.02461978404713738, 0.023035932332134326, 0.0, 0.009587734210920454, 0.022173256981297827, 0.0, 0.0, 0.01089208668844536, 0.00476393156717078)",1
6951,28,19,13,"(0.0, 0.02461978404713738, 0.013674643692896272, 0.0, 0.01810411441758469, 0.022173256981297827, 0.0, 0.0, 0.01089208668844536, 0.0028621211431144253)",8
6952,28,19,13,"(0.0, 0.02461978404713738, 0.023035932332134326, 0.0, 0.01810411441758469, 0.022173256981297827, 0.0, 0.0, 0.012567321205563023, 0.00476393156717078)",1
6953,28,19,13,"(0.0, 0.02704253587339072, 0.023035932332134326, 0.0, 0.01810411441758469, 0.022173256981297827, 0.0, 0.0, 0.01089208668844536, 0.00476393156717078)",1
6954,28,19,13,"(0.0, 0.03261134975761859, 0.023035932332134326, 0.0, 0.01810411441758469, 0.022173256981297827, 0.0, 0.0, 0.01089208668844536, 0.00476393156717078)",6
6955,28,19,13,"(0.0, 0.02461978404713738, 0.023035932332134326, 0.0, 0.01810411441758469, 0.022173256981297827, 0.0, 0.0, 0.010051786675139509, 0.00476393156717078)",1
6956,28,19,13,"(0.0, 0.02461978404713738, 0.023035932332134326, 0.0, 0.01810411441758469, 0.021509614802278768, 0.0, 0.0, 0.01089208668844536, 0.00476393156717078)",1
6957,28,19,13,"(0.0, 0.02461978404713738, 0.023035932332134326, 0.0, 0.011430477908691183, 0.022173256981297827, 0.0, 0.0, 0.01089208668844536, 0.00476393156717078)",1
6958,28,19,13,"(0.0, 0.02461978404713738, 0.023035932332134326, 0.0, 0.01810411441758469, 0.022173256981297827, 0.0, 0.0, 0.01089208668844536, 0.00476393156717078)",318
6959,28,19,13,"(0.0, 0.04087694899513476, 0.023035932332134326, 0.0, 0.01810411441758469, 0.022173256981297827, 0.0, 0.0, 0.01089208668844536, 0.00476393156717078)",1
6960,28,20,10,"(0.07734904686468291, 0.06927916245295945, 0.09682940930282144, 0.0017773360538905325, 0.0, 0.06291875767155253, 0.0, 0.10994488928074131, 0.0, 0.0)",104
6961,28,20,11,"(0.0, 0.0, 0.03664497950459847, 0.0628958883407637, 0.0, 0.02548938439096223, 0.09572491856946197, 0.08028238650273146, 0.036485718580663774, 0.0)",1
6962,28,20,11,"(0.0, 0.0, 0.03664497950459847, 0.01650583712158267, 0.0, 0.02548938439096223, 0.09572491856946197, 0.08028238650273146, 0.036485718580663774, 0.0)",495
6963,28,20,11,"(0.0, 0.0, 0.03664497950459847, 0.01650583712158267, 0.0, 0.02548938439096223, 0.09572491856946197, 0.0951650437485075, 0.036485718580663774, 0.0)",29
6964,28,20,11,"(0.0, 0.0, 0.03664497950459847, 0.01650583712158267, 0.0, 0.02548938439096223, 0.09572491856946197, 0.08513513907418664, 0.036485718580663774, 0.0)",1
6965,28,20,11,"(0.0, 0.0, 0.03664497950459847, 0.01650583712158267, 0.0, 0.02548938439096223, 0.10333703768644473, 0.08028238650273146, 0.036485718580663774, 0.0)",2
6966,28,20,11,"(0.0, 0.0, 0.08808408674625079, 0.01650583712158267, 0.0, 0.02548938439096223, 0.06478361790727746, 0.0485382599527088, 0.036485718580663774, 0.0)",1
6967,28,20,11,"(0.0, 0.0, 0.03664497950459847, 0.021234548889576054, 0.0, 0.02548938439096223, 0.09572491856946197, 0.0951650437485075, 0.036485718580663774, 0.0)",2
6968,29,0,6,"(0.051582917762115196, 0.011572197494497125, 0.0, 0.024311459389706455, 0.005422768956954101, 0.0, 0.019795240631728064, 0.0, 0.028146417112716555, 0.03908432387549902)",2
6969,29,0,6,"(0.03426039533065134, 0.011572197494497125, 0.0, 0.030181603934096246, 0.005422768956954101, 0.0, 0.019795240631728064, 0.0, 0.028146417112716555, 0.09306079494852006)",1
6970,29,0,6,"(0.03426039533065134, 0.011572197494497125, 0.0, 0.030181603934096246, 0.005422768956954101, 0.0, 0.019795240631728064, 0.0, 0.028146417112716555, 0.05874522297052942)",172
6971,29,0,11,"(0.0, 0.0, 0.06200374261520503, 0.010654525538403636, 0.0, 0.030645849071221472, 0.16773790467281977, 0.06471128129841798, 0.026121609841380632, 0.0)",105
6972,29,0,11,"(0.0, 0.0, 0.06200374261520503, 0.010654525538403636, 0.0, 0.030645849071221472, 0.16773790467281977, 0.08028238650273146, 0.026121609841380632, 0.0)",248
6973,29,0,11,"(0.0, 0.0, 0.06200374261520503, 0.010654525538403636, 0.0, 0.030645849071221472, 0.16773790467281977, 0.10496785078424044, 0.026121609841380632, 0.0)",1
6974,29,0,11,"(0.0, 0.0, 0.06200374261520503, 0.010654525538403636, 0.0, 0.030645849071221472, 0.16773790467281977, 0.08028238650273146, 0.02160031210966243, 0.0)",1
6975,29,0,11,"(0.0, 0.0, 0.06200374261520503, 0.010654525538403636, 0.0, 0.030645849071221472, 0.16773790467281977, 0.06471128129841798, 0.03093779983791631, 0.0)",5
6976,29,0,11,"(0.0, 0.0, 0.06200374261520503, 0.010654525538403636, 0.0, 0.030645849071221472, 0.16773790467281977, 0.06156044695157414, 0.026121609841380632, 0.0)",1
6977,29,0,11,"(0.0, 0.0, 0.04169522659952404, 0.010654525538403636, 0.0, 0.030645849071221472, 0.16773790467281977, 0.08028238650273146, 0.026121609841380632, 0.0)",16
6978,29,0,11,"(0.0, 0.0, 0.06200374261520503, 0.010654525538403636, 0.0, 0.030645849071221472, 0.16773790467281977, 0.09722593069040068, 0.026121609841380632, 0.0)",1
6979,29,1,6,"(0.06150302691006142, 0.008541940684350506, 0.0, 0.030181603934096246, 0.005422768956954101, 0.0, 0.019795240631728064, 0.0, 0.02655140967498584, 0.05874522297052942)",2
6980,29,1,6,"(0.06150302691006142, 0.00920480000334165, 0.0, 0.030181603934096246, 0.005422768956954101, 0.0, 0.019795240631728064, 0.0, 0.028146417112716555, 0.05874522297052942)",4
6981,29,1,6,"(0.03426039533065134, 0.011572197494497125, 0.0, 0.030181603934096246, 0.004115590556979552, 0.0, 0.019795240631728064, 0.0, 0.017145951957451624, 0.05874522297052942)",2
6982,29,1,6,"(0.03426039533065134, 0.011572197494497125, 0.0, 0.030181603934096246, 0.005422768956954101, 0.0, 0.019795240631728064, 0.0, 0.028146417112716555, 0.05874522297052942)",237
6983,29,1,6,"(0.03426039533065134, 0.011572197494497125, 0.0, 0.030181603934096246, 0.004026550027087177, 0.0, 0.013133456730889255, 0.0, 0.022719475567866104, 0.05874522297052942)",3
6984,29,1,6,"(0.06150302691006142, 0.011572197494497125, 0.0, 0.030181603934096246, 0.005422768956954101, 0.0, 0.019795240631728064, 0.0, 0.028146417112716555, 0.05874522297052942)",51
6985,29,1,6,"(0.03426039533065134, 0.011572197494497125, 0.0, 0.030181603934096246, 0.005422768956954101, 0.0, 0.019795240631728064, 0.0, 0.019822652508217437, 0.05874522297052942)",1
6986,29,1,6,"(0.03426039533065134, 0.011572197494497125, 0.0, 0.03526687158252803, 0.005422768956954101, 0.0, 0.019795240631728064, 0.0, 0.028146417112716555, 0.05874522297052942)",1
6987,29,1,6,"(0.03426039533065134, 0.01271665643855956, 0.0, 0.030181603934096246, 0.005422768956954101, 0.0, 0.019795240631728064, 0.0, 0.028146417112716555, 0.05874522297052942)",3
6988,29,1,8,"(0.07111035742329365, 0.046525949225991035, 0.0, 0.0, 0.051217346146779696, 0.0, 0.08319516954615302, 0.1415123366655704, 0.0, 0.0)",226
6989,29,1,8,"(0.07111035742329365, 0.07385207127301982, 0.0, 0.0, 0.051217346146779696, 0.0, 0.08319516954615302, 0.10029703108768429, 0.0, 0.0)",3
6990,29,1,8,"(0.07111035742329365, 0.046525949225991035, 0.0, 0.0, 0.051217346146779696, 0.0, 0.166149603928203, 0.1415123366655704, 0.0, 0.0)",1
6991,29,1,8,"(0.07111035742329365, 0.03762701073567516, 0.0, 0.0, 0.051217346146779696, 0.0, 0.08319516954615302, 0.1415123366655704, 0.0, 0.0)",9
6992,29,1,8,"(0.07111035742329365, 0.046525949225991035, 0.0, 0.0, 0.051217346146779696, 0.0, 0.08319516954615302, 0.21057159835638334, 0.0, 0.0)",2
6993,29,2,13,"(0.0, 0.014409433427951155, 0.023035932332134326, 0.0, 0.00970885425506607, 0.022173256981297827, 0.0, 0.0, 0.01089208668844536, 0.00476393156717078)",1
6994,29,2,13,"(0.0, 0.02461978404713738, 0.023035932332134326, 0.0, 0.008466181363174795, 0.022173256981297827, 0.0, 0.0, 0.01089208668844536, 0.00476393156717078)",1
6995,29,2,13,"(0.0, 0.017988074205317752, 0.026459910322664797, 0.0, 0.00970885425506607, 0.022173256981297827, 0.0, 0.0, 0.009174090555830143, 0.00476393156717078)",2
6996,29,2,13,"(0.0, 0.027910755621050908, 0.023035932332134326, 0.0, 0.021196322318528776, 0.022173256981297827, 0.0, 0.0, 0.01089208668844536, 0.00476393156717078)",1
6997,29,2,13,"(0.0, 0.02461978404713738, 0.023035932332134326, 0.0, 0.011976210331549051, 0.022173256981297827, 0.0, 0.0, 0.01089208668844536, 0.00476393156717078)",3
6998,29,2,13,"(0.0, 0.011339062230031314, 0.023035932332134326, 0.0, 0.00970885425506607, 0.022173256981297827, 0.0, 0.0, 0.01089208668844536, 0.00476393156717078)",1
6999,29,2,13,"(0.0, 0.02461978404713738, 0.053045167818857826, 0.0, 0.00970885425506607, 0.022173256981297827, 0.0, 0.0, 0.01089208668844536, 0.00476393156717078)",3
7000,29,2,13,"(0.0, 0.02461978404713738, 0.023035932332134326, 0.0, 0.00970885425506607, 0.022173256981297827, 0.0, 0.0, 0.01089208668844536, 0.00476393156717078)",263
7001,29,3,13,"(0.0, 0.02461978404713738, 0.023035932332134326, 0.0, 0.01810411441758469, 0.022173256981297827, 0.0, 0.0, 0.01089208668844536, 0.0024406349647482155)",203
7002,29,3,13,"(0.0, 0.02461978404713738, 0.023035932332134326, 0.0, 0.01810411441758469, 0.022173256981297827, 0.0, 0.0, 0.020332327003003605, 0.0024406349647482155)",5
7003,29,3,13,"(0.0, 0.02461978404713738, 0.023035932332134326, 0.0, 0.01810411441758469, 0.022173256981297827, 0.0, 0.0, 0.01089208668844536, 0.002605151430002918)",1
7004,29,3,13,"(0.0, 0.02461978404713738, 0.023035932332134326, 0.0, 0.01810411441758469, 0.022173256981297827, 0.0, 0.0, 0.015092897222716832, 0.0024406349647482155)",1
7005,29,3,13,"(0.0, 0.02461978404713738, 0.023035932332134326, 0.0, 0.028016404748438698, 0.022173256981297827, 0.0, 0.0, 0.01089208668844536, 0.0024406349647482155)",4
7006,29,3,13,"(0.0, 0.02714215647110402, 0.023035932332134326, 0.0, 0.01810411441758469, 0.022173256981297827, 0.0, 0.0, 0.01089208668844536, 0.0024406349647482155)",13
7007,29,3,13,"(0.0, 0.02461978404713738, 0.044761644147773554, 0.0, 0.017786163548154946, 0.022173256981297827, 0.0, 0.0, 0.0067678230773707765, 0.0024406349647482155)",1
7008,29,3,13,"(0.0, 0.02461978404713738, 0.023035932332134326, 0.0, 0.03212464930882208, 0.022173256981297827, 0.0, 0.0, 0.010674099240644304, 0.0024406349647482155)",1
7009,29,4,11,"(0.0, 0.0, 0.09864539577037362, 0.01650583712158267, 0.0, 0.030645849071221472, 0.08153022673827125, 0.07240876560513207, 0.026121609841380632, 0.0)",408
7010,29,4,11,"(0.0, 0.0, 0.09864539577037362, 0.01650583712158267, 0.0, 0.030645849071221472, 0.08153022673827125, 0.04844779090470996, 0.026121609841380632, 0.0)",1
7011,29,4,11,"(0.0, 0.0, 0.09864539577037362, 0.01650583712158267, 0.0, 0.030645849071221472, 0.08153022673827125, 0.06379515388625533, 0.026121609841380632, 0.0)",1
7012,29,4,11,"(0.0, 0.0, 0.09864539577037362, 0.01650583712158267, 0.0, 0.030645849071221472, 0.08153022673827125, 0.04253581796195437, 0.026121609841380632, 0.0)",1
7013,29,4,11,"(0.0, 0.0, 0.09864539577037362, 0.01650583712158267, 0.0, 0.030645849071221472, 0.09328276841441976, 0.07240876560513207, 0.026121609841380632, 0.0)",14
7014,29,4,11,"(0.0, 0.0, 0.09864539577037362, 0.01650583712158267, 0.0, 0.040195465022072094, 0.08153022673827125, 0.07240876560513207, 0.026121609841380632, 0.0)",1
7015,29,4,11,"(0.0, 0.0, 0.09864539577037362, 0.02639002573614981, 0.0, 0.030645849071221472, 0.08153022673827125, 0.0749803726459286, 0.026121609841380632, 0.0)",1
7016,29,4,11,"(0.0, 0.0, 0.09864539577037362, 0.01650583712158267, 0.0, 0.023432268471412717, 0.08153022673827125, 0.07240876560513207, 0.026121609841380632, 0.0)",1
7017,29,4,11,"(0.0, 0.0, 0.09864539577037362, 0.01650583712158267, 0.0, 0.030645849071221472, 0.08903442546543787, 0.07240876560513207, 0.032974875716732854, 0.0)",1
7018,29,4,11,"(0.0, 0.0, 0.09864539577037362, 0.01650583712158267, 0.0, 0.030645849071221472, 0.11990637119618695, 0.07240876560513207, 0.026121609841380632, 0.0)",1
7019,29,4,11,"(0.0, 0.0, 0.09864539577037362, 0.02746707909122696, 0.0, 0.030645849071221472, 0.08153022673827125, 0.07240876560513207, 0.007430680724009645, 0.0)",3
7020,29,4,11,"(0.0, 0.0, 0.09864539577037362, 0.01650583712158267, 0.0, 0.030645849071221472, 0.08153022673827125, 0.10708651016950728, 0.026121609841380632, 0.0)",6
7021,29,4,11,"(0.0, 0.0, 0.09864539577037362, 0.01650583712158267, 0.0, 0.021798638869736875, 0.08153022673827125, 0.07240876560513207, 0.026121609841380632, 0.0)",4
7022,29,4,11,"(0.0, 0.0, 0.09864539577037362, 0.01650583712158267, 0.0, 0.04483440250521384, 0.08153022673827125, 0.07240876560513207, 0.04529825972746827, 0.0)",1
7023,29,4,11,"(0.0, 0.0, 0.09864539577037362, 0.01650583712158267, 0.0, 0.030645849071221472, 0.08903442546543787, 0.07240876560513207, 0.026121609841380632, 0.0)",3
7024,29,4,11,"(0.0, 0.0, 0.09864539577037362, 0.01650583712158267, 0.0, 0.030645849071221472, 0.08153022673827125, 0.13454288952697577, 0.026121609841380632, 0.0)",1
7025,29,4,11,"(0.0, 0.0, 0.09864539577037362, 0.010069925351558215, 0.0, 0.030645849071221472, 0.08153022673827125, 0.07240876560513207, 0.026121609841380632, 0.0)",22
7026,29,4,11,"(0.0, 0.0, 0.09864539577037362, 0.01650583712158267, 0.0, 0.030645849071221472, 0.08153022673827125, 0.07240876560513207, 0.02346977946287154, 0.0)",21
7027,29,4,11,"(0.0, 0.0, 0.11535494357186607, 0.01650583712158267, 0.0, 0.030645849071221472, 0.08153022673827125, 0.07240876560513207, 0.026121609841380632, 0.0)",1
7028,29,5,0,"(0.07400250769571483, 0.0, 0.0, 0.0, 0.0, 0.05254159538818502, 0.04923893865903655, 0.07354708989286995, 0.0, 0.0)",3
7029,29,5,0,"(0.07400250769571483, 0.0, 0.0, 0.0, 0.0, 0.038664151314593, 0.08380840797570269, 0.06261049614614052, 0.0, 0.0)",237
7030,29,5,0,"(0.07400250769571483, 0.0, 0.0, 0.0, 0.0, 0.038664151314593, 0.08380840797570269, 0.0751305601965374, 0.0, 0.0)",2
7031,29,5,6,"(0.03426039533065134, 0.011572197494497125, 0.0, 0.030181603934096246, 0.004129165755904161, 0.0, 0.019795240631728064, 0.0, 0.028146417112716555, 0.05874522297052942)",113
7032,29,5,6,"(0.03426039533065134, 0.011572197494497125, 0.0, 0.030181603934096246, 0.003900592107369506, 0.0, 0.019795240631728064, 0.0, 0.028146417112716555, 0.05874522297052942)",13
7033,29,5,6,"(0.04841320238713775, 0.011572197494497125, 0.0, 0.030181603934096246, 0.005422768956954101, 0.0, 0.019795240631728064, 0.0, 0.028146417112716555, 0.05874522297052942)",1
7034,29,5,6,"(0.03426039533065134, 0.011572197494497125, 0.0, 0.030181603934096246, 0.005422768956954101, 0.0, 0.019795240631728064, 0.0, 0.028146417112716555, 0.05874522297052942)",143
7035,29,6,0,"(0.09348083625400108, 0.0, 0.0, 0.0, 0.0, 0.017098731129875016, 0.08380840797570269, 0.0691048466035698, 0.0, 0.0)",12
7036,29,6,0,"(0.06234213132962305, 0.0, 0.0, 0.0, 0.0, 0.017098731129875016, 0.07011830437097326, 0.0691048466035698, 0.0, 0.0)",2
7037,29,6,0,"(0.07400250769571483, 0.0, 0.0, 0.0, 0.0, 0.017098731129875016, 0.08380840797570269, 0.04272271831282602, 0.0, 0.0)",10
7038,29,6,0,"(0.07400250769571483, 0.0, 0.0, 0.0, 0.0, 0.017098731129875016, 0.08380840797570269, 0.0691048466035698, 0.0, 0.0)",248
7039,29,7,13,"(0.0, 0.02461978404713738, 0.026989250083851515, 0.0, 0.01810411441758469, 0.022173256981297827, 0.0, 0.0, 0.01089208668844536, 0.005070842953661989)",1
7040,29,7,13,"(0.0, 0.02461978404713738, 0.023035932332134326, 0.0, 0.01810411441758469, 0.022173256981297827, 0.0, 0.0, 0.01089208668844536, 0.005070842953661989)",79
7041,29,7,13,"(0.0, 0.02461978404713738, 0.023035932332134326, 0.0, 0.01810411441758469, 0.022173256981297827, 0.0, 0.0, 0.01089208668844536, 0.00476393156717078)",140
7042,29,7,13,"(0.0, 0.02461978404713738, 0.023035932332134326, 0.0, 0.01322255623593789, 0.031695911551690666, 0.0, 0.0, 0.01089208668844536, 0.00476393156717078)",31
7043,29,8,11,"(0.0, 0.0, 0.09864539577037362, 0.02150422363422624, 0.0, 0.030645849071221472, 0.16773790467281977, 0.0386197297757742, 0.026121609841380632, 0.0)",570
7044,29,8,11,"(0.0, 0.0, 0.04934731400313799, 0.023590514883431262, 0.0, 0.04732112653193386, 0.16773790467281977, 0.0386197297757742, 0.035834272434248284, 0.0)",3
7045,29,8,11,"(0.0, 0.0, 0.09864539577037362, 0.02150422363422624, 0.0, 0.025171571577093616, 0.16773790467281977, 0.0386197297757742, 0.026121609841380632, 0.0)",7
7046,29,8,11,"(0.0, 0.0, 0.09864539577037362, 0.02150422363422624, 0.0, 0.020365002826679482, 0.16773790467281977, 0.0386197297757742, 0.026121609841380632, 0.0)",1
7047,29,8,11,"(0.0, 0.0, 0.09864539577037362, 0.02150422363422624, 0.0, 0.04732112653193386, 0.16773790467281977, 0.0386197297757742, 0.026121609841380632, 0.0)",22
7048,29,8,11,"(0.0, 0.0, 0.09864539577037362, 0.02150422363422624, 0.0, 0.030645849071221472, 0.11704774339548057, 0.0386197297757742, 0.026121609841380632, 0.0)",1
7049,29,8,11,"(0.0, 0.0, 0.09864539577037362, 0.028874112047785352, 0.0, 0.030645849071221472, 0.16773790467281977, 0.0386197297757742, 0.026121609841380632, 0.0)",6
7050,29,8,11,"(0.0, 0.0, 0.12770522633804543, 0.01650583712158267, 0.0, 0.030645849071221472, 0.16773790467281977, 0.05487587528261972, 0.026121609841380632, 0.0)",1
7051,29,8,11,"(0.0, 0.0, 0.059456488922267695, 0.02150422363422624, 0.0, 0.030645849071221472, 0.16773790467281977, 0.0386197297757742, 0.015766180118634305, 0.0)",5
7052,29,8,11,"(0.0, 0.0, 0.09864539577037362, 0.01650583712158267, 0.0, 0.030645849071221472, 0.16773790467281977, 0.05487587528261972, 0.026121609841380632, 0.0)",8
7053,29,8,11,"(0.0, 0.0, 0.05965852605557505, 0.02150422363422624, 0.0, 0.030645849071221472, 0.16773790467281977, 0.0386197297757742, 0.026121609841380632, 0.0)",2
7054,29,9,11,"(0.0, 0.0, 0.12969153927468363, 0.01650583712158267, 0.0, 0.02375279233445006, 0.16773790467281977, 0.08028238650273146, 0.026121609841380632, 0.0)",5
7055,29,9,11,"(0.0, 0.0, 0.09864539577037362, 0.01650583712158267, 0.0, 0.036502535955812106, 0.16243652964526273, 0.08028238650273146, 0.026121609841380632, 0.0)",3
7056,29,9,11,"(0.0, 0.0, 0.09864539577037362, 0.01650583712158267, 0.0, 0.030645849071221472, 0.16243652964526273, 0.08028238650273146, 0.026121609841380632, 0.0)",219
7057,29,9,11,"(0.0, 0.0, 0.11755819882518005, 0.01650583712158267, 0.0, 0.02375279233445006, 0.16773790467281977, 0.08028238650273146, 0.026121609841380632, 0.0)",303
7058,29,9,11,"(0.0, 0.0, 0.09864539577037362, 0.014606604117567621, 0.0, 0.030645849071221472, 0.16243652964526273, 0.08028238650273146, 0.026121609841380632, 0.0)",1
7059,29,9,11,"(0.0, 0.0, 0.11755819882518005, 0.009961452430877635, 0.0, 0.02375279233445006, 0.16773790467281977, 0.08028238650273146, 0.026121609841380632, 0.0)",3
7060,29,9,11,"(0.0, 0.0, 0.11755819882518005, 0.01650583712158267, 0.0, 0.02375279233445006, 0.22950671046376467, 0.08028238650273146, 0.026121609841380632, 0.0)",3
7061,29,9,11,"(0.0, 0.0, 0.11981964446492228, 0.01650583712158267, 0.0, 0.030645849071221472, 0.16243652964526273, 0.08028238650273146, 0.026121609841380632, 0.0)",1
7062,29,9,11,"(0.0, 0.0, 0.09864539577037362, 0.01650583712158267, 0.0, 0.030645849071221472, 0.06812115487044249, 0.08028238650273146, 0.026121609841380632, 0.0)",3
7063,29,9,11,"(0.0, 0.0, 0.09224521345048213, 0.01650583712158267, 0.0, 0.02375279233445006, 0.16773790467281977, 0.08028238650273146, 0.026121609841380632, 0.0)",4
7064,29,9,11,"(0.0, 0.0, 0.09864539577037362, 0.01867441644416974, 0.0, 0.030645849071221472, 0.16243652964526273, 0.12169897284227439, 0.026121609841380632, 0.0)",1
7065,29,10,13,"(0.0, 0.02461978404713738, 0.01732909465141074, 0.0, 0.01810411441758469, 0.022173256981297827, 0.0, 0.0, 0.01089208668844536, 0.00476393156717078)",1
7066,29,10,13,"(0.0, 0.02461978404713738, 0.022096300053100537, 0.0, 0.023145081347324323, 0.022173256981297827, 0.0, 0.0, 0.01089208668844536, 0.00476393156717078)",2
7067,29,10,13,"(0.0, 0.02461978404713738, 0.023035932332134326, 0.0, 0.01810411441758469, 0.022173256981297827, 0.0, 0.0, 0.01089208668844536, 0.00476393156717078)",223
7068,29,10,13,"(0.0, 0.028903116264086308, 0.023035932332134326, 0.0, 0.01810411441758469, 0.022173256981297827, 0.0, 0.0, 0.01089208668844536, 0.00476393156717078)",1
7069,29,10,13,"(0.0, 0.02461978404713738, 0.022096300053100537, 0.0, 0.01810411441758469, 0.022173256981297827, 0.0, 0.0, 0.01089208668844536, 0.00476393156717078)",13
7070,29,10,13,"(0.0, 0.02461978404713738, 0.023035932332134326, 0.0, 0.01810411441758469, 0.022173256981297827, 0.0, 0.0, 0.010457050485454674, 0.00476393156717078)",1
7071,29,10,13,"(0.0, 0.02461978404713738, 0.03977121413309903, 0.0, 0.016885970356438438, 0.022173256981297827, 0.0, 0.0, 0.01089208668844536, 0.00476393156717078)",1
7072,29,10,13,"(0.0, 0.02461978404713738, 0.012418011800951978, 0.0, 0.012138288328057231, 0.029857347887318315, 0.0, 0.0, 0.01089208668844536, 0.00476393156717078)",1
7073,29,11,13,"(0.0, 0.02591100435525156, 0.023035932332134326, 0.0, 0.01810411441758469, 0.024623100347085734, 0.0, 0.0, 0.01089208668844536, 0.0029228575739258657)",1
7074,29,11,13,"(0.0, 0.02461978404713738, 0.023035932332134326, 0.0, 0.01810411441758469, 0.022173256981297827, 0.0, 0.0, 0.01089208668844536, 0.005144612887457153)",2
7075,29,11,13,"(0.0, 0.02591100435525156, 0.023035932332134326, 0.0, 0.01810411441758469, 0.022173256981297827, 0.0, 0.0, 0.01089208668844536, 0.00476393156717078)",17
7076,29,11,13,"(0.0, 0.02461978404713738, 0.023035932332134326, 0.0, 0.01810411441758469, 0.022173256981297827, 0.0, 0.0, 0.01089208668844536, 0.0027735930377126776)",2
7077,29,11,13,"(0.0, 0.02461978404713738, 0.023035932332134326, 0.0, 0.013706972226266786, 0.022173256981297827, 0.0, 0.0, 0.01089208668844536, 0.00476393156717078)",41
7078,29,11,13,"(0.0, 0.02461978404713738, 0.023035932332134326, 0.0, 0.01810411441758469, 0.022173256981297827, 0.0, 0.0, 0.01089208668844536, 0.00476393156717078)",257
7079,29,11,13,"(0.0, 0.02461978404713738, 0.015449724003845032, 0.0, 0.01810411441758469, 0.022173256981297827, 0.0, 0.0, 0.01089208668844536, 0.00476393156717078)",1
7080,29,12,8,"(0.19235562551390653, 0.06928199432563306, 0.0, 0.0, 0.04573034632799446, 0.0, 0.08319516954615302, 0.1116381245929446, 0.0, 0.0)",1
7081,29,12,8,"(0.19235562551390653, 0.046525949225991035, 0.0, 0.0, 0.02914158810327099, 0.0, 0.08319516954615302, 0.1116381245929446, 0.0, 0.0)",2
7082,29,12,8,"(0.19235562551390653, 0.046525949225991035, 0.0, 0.0, 0.02914158810327099, 0.0, 0.07898047237943068, 0.1116381245929446, 0.0, 0.0)",1
7083,29,12,8,"(0.19235562551390653, 0.046525949225991035, 0.0, 0.0, 0.04573034632799446, 0.0, 0.08319516954615302, 0.1116381245929446, 0.0, 0.0)",228
7084,29,12,10,"(0.03550653097490399, 0.06927916245295945, 0.09682940930282144, 0.0017773360538905325, 0.0, 0.06291875767155253, 0.0, 0.10994488928074131, 0.0, 0.0)",231
7085,29,12,10,"(0.022384570735347664, 0.06927916245295945, 0.09682940930282144, 0.0017773360538905325, 0.0, 0.06291875767155253, 0.0, 0.10994488928074131, 0.0, 0.0)",26
7086,29,12,10,"(0.03550653097490399, 0.08684179188823857, 0.09292944037091978, 0.0015103729499709988, 0.0, 0.06291875767155253, 0.0, 0.10994488928074131, 0.0, 0.0)",2
7087,29,13,6,"(0.03426039533065134, 0.011572197494497125, 0.0, 0.030181603934096246, 0.008298517698430565, 0.0, 0.019795240631728064, 0.0, 0.028146417112716555, 0.05874522297052942)",1
7088,29,13,6,"(0.03426039533065134, 0.01217723136418305, 0.0, 0.030181603934096246, 0.005422768956954101, 0.0, 0.019795240631728064, 0.0, 0.028146417112716555, 0.05874522297052942)",1
7089,29,13,6,"(0.03426039533065134, 0.011572197494497125, 0.0, 0.04766213620626633, 0.005422768956954101, 0.0, 0.019795240631728064, 0.0, 0.028146417112716555, 0.05874522297052942)",4
7090,29,13,6,"(0.03426039533065134, 0.011572197494497125, 0.0, 0.030181603934096246, 0.005422768956954101, 0.0, 0.025669443628555458, 0.0, 0.028146417112716555, 0.05874522297052942)",1
7091,29,13,6,"(0.03426039533065134, 0.011572197494497125, 0.0, 0.030181603934096246, 0.005422768956954101, 0.0, 0.019795240631728064, 0.0, 0.028146417112716555, 0.05874522297052942)",164
7092,29,13,6,"(0.03426039533065134, 0.011572197494497125, 0.0, 0.03477968807313371, 0.005422768956954101, 0.0, 0.019795240631728064, 0.0, 0.028146417112716555, 0.05874522297052942)",1
7093,29,13,6,"(0.04976781855188095, 0.011572197494497125, 0.0, 0.030181603934096246, 0.005422768956954101, 0.0, 0.019795240631728064, 0.0, 0.028146417112716555, 0.05874522297052942)",9
7094,29,14,11,"(0.0, 0.0, 0.07563427679391872, 0.01650583712158267, 0.0, 0.030645849071221472, 0.18136494990648772, 0.030342669041848142, 0.026121609841380632, 0.0)",2
7095,29,14,11,"(0.0, 0.0, 0.07563427679391872, 0.01650583712158267, 0.0, 0.030645849071221472, 0.16773790467281977, 0.046237642847009, 0.026121609841380632, 0.0)",154
7096,29,14,11,"(0.0, 0.0, 0.09864539577037362, 0.01650583712158267, 0.0, 0.030645849071221472, 0.16773790467281977, 0.046237642847009, 0.026121609841380632, 0.0)",165
7097,29,14,11,"(0.0, 0.0, 0.09864539577037362, 0.01650583712158267, 0.0, 0.030645849071221472, 0.16773790467281977, 0.046237642847009, 0.020726557542129497, 0.0)",2
7098,29,14,11,"(0.0, 0.0, 0.07563427679391872, 0.01650583712158267, 0.0, 0.04191449122650161, 0.16773790467281977, 0.046237642847009, 0.026121609841380632, 0.0)",2
7099,29,14,13,"(0.0, 0.02461978404713738, 0.023035932332134326, 0.0, 0.018697334527442745, 0.022173256981297827, 0.0, 0.0, 0.01089208668844536, 0.00476393156717078)",5
7100,29,14,13,"(0.0, 0.02461978404713738, 0.023035932332134326, 0.0, 0.01810411441758469, 0.022173256981297827, 0.0, 0.0, 0.01089208668844536, 0.003184796601131853)",1
7101,29,14,13,"(0.0, 0.02461978404713738, 0.023035932332134326, 0.0, 0.01810411441758469, 0.022173256981297827, 0.0, 0.0, 0.01089208668844536, 0.0059246546084402996)",1
7102,29,14,13,"(0.0, 0.02461978404713738, 0.023035932332134326, 0.0, 0.01810411441758469, 0.012617904211420217, 0.0, 0.0, 0.01089208668844536, 0.00476393156717078)",1
7103,29,14,13,"(0.0, 0.02461978404713738, 0.023035932332134326, 0.0, 0.01810411441758469, 0.022173256981297827, 0.0, 0.0, 0.01089208668844536, 0.00476393156717078)",238
7104,29,15,11,"(0.0, 0.0, 0.11839367174953695, 0.01650583712158267, 0.0, 0.030645849071221472, 0.16773790467281977, 0.03966306934401757, 0.043268561198360186, 0.0)",2
7105,29,15,11,"(0.0, 0.0, 0.11839367174953695, 0.01650583712158267, 0.0, 0.030645849071221472, 0.16773790467281977, 0.0404147798164449, 0.026121609841380632, 0.0)",507
7106,29,15,11,"(0.0, 0.0, 0.11839367174953695, 0.01650583712158267, 0.0, 0.030645849071221472, 0.2037616956545653, 0.0404147798164449, 0.026121609841380632, 0.0)",2
7107,29,15,11,"(0.0, 0.0, 0.11839367174953695, 0.01650583712158267, 0.0, 0.030645849071221472, 0.13905283767377613, 0.0404147798164449, 0.026121609841380632, 0.0)",2
7108,29,15,11,"(0.0, 0.0, 0.11839367174953695, 0.01650583712158267, 0.0, 0.02810840934964291, 0.16773790467281977, 0.0404147798164449, 0.026121609841380632, 0.0)",2
7109,29,15,11,"(0.0, 0.0, 0.11839367174953695, 0.01650583712158267, 0.0, 0.030645849071221472, 0.16773790467281977, 0.056205812828684386, 0.026121609841380632, 0.0)",62
7110,29,15,11,"(0.0, 0.0, 0.11839367174953695, 0.01650583712158267, 0.0, 0.030645849071221472, 0.1690820148156961, 0.0404147798164449, 0.026121609841380632, 0.0)",2
7111,29,16,1,"(0.0, 0.0, 0.041406372128065916, 0.0, 0.0, 0.022535904451619366, 0.0, 0.0, 0.0, 0.22352501786541115)",1
7112,29,16,1,"(0.0, 0.0, 0.03437861199161104, 0.0, 0.0, 0.0199117526153351, 0.0, 0.0, 0.0, 0.06838460304471844)",1
7113,29,16,1,"(0.0, 0.0, 0.041406372128065916, 0.0, 0.0, 0.0199117526153351, 0.0, 0.0, 0.0, 0.09965925051150999)",145
7114,29,16,1,"(0.0, 0.0, 0.041406372128065916, 0.0, 0.0, 0.0199117526153351, 0.0, 0.0, 0.0, 0.09901901886014632)",1
7115,29,16,1,"(0.0, 0.0, 0.025433581414862218, 0.0, 0.0, 0.0199117526153351, 0.0, 0.0, 0.0, 0.047529216575968564)",13
7116,29,16,1,"(0.0, 0.0, 0.041406372128065916, 0.0, 0.0, 0.030156576995145797, 0.0, 0.0, 0.0, 0.09965925051150999)",5
7117,29,16,1,"(0.0, 0.0, 0.041406372128065916, 0.0, 0.0, 0.017540356514397316, 0.0, 0.0, 0.0, 0.047529216575968564)",1
7118,29,16,1,"(0.0, 0.0, 0.041406372128065916, 0.0, 0.0, 0.0199117526153351, 0.0, 0.0, 0.0, 0.047529216575968564)",350
7119,29,16,1,"(0.0, 0.0, 0.041406372128065916, 0.0, 0.0, 0.0199117526153351, 0.0, 0.0, 0.0, 0.12018995696413838)",4
7120,29,16,1,"(0.0, 0.0, 0.03437861199161104, 0.0, 0.0, 0.0199117526153351, 0.0, 0.0, 0.0, 0.09965925051150999)",51
7121,29,16,1,"(0.0, 0.0, 0.03990218058000403, 0.0, 0.0, 0.0199117526153351, 0.0, 0.0, 0.0, 0.051935210666242175)",1
7122,29,16,1,"(0.0, 0.0, 0.041406372128065916, 0.0, 0.0, 0.03021214073634639, 0.0, 0.0, 0.0, 0.09965925051150999)",6
7123,29,16,1,"(0.0, 0.0, 0.041406372128065916, 0.0, 0.0, 0.022535904451619366, 0.0, 0.0, 0.0, 0.09965925051150999)",194
7124,29,16,1,"(0.0, 0.0, 0.041406372128065916, 0.0, 0.0, 0.024047452007889446, 0.0, 0.0, 0.0, 0.09965925051150999)",7
7125,29,16,8,"(0.16507889091742442, 0.046525949225991035, 0.0, 0.0, 0.07022106556493442, 0.0, 0.060701614823567854, 0.1116381245929446, 0.0, 0.0)",72
7126,29,16,8,"(0.16507889091742442, 0.046525949225991035, 0.0, 0.0, 0.0927390973600034, 0.0, 0.08319516954615302, 0.10847725141816246, 0.0, 0.0)",1
7127,29,16,8,"(0.16507889091742442, 0.046525949225991035, 0.0, 0.0, 0.07022106556493442, 0.0, 0.08319516954615302, 0.1116381245929446, 0.0, 0.0)",113
7128,29,16,8,"(0.19325127897694255, 0.046525949225991035, 0.0, 0.0, 0.07022106556493442, 0.0, 0.08319516954615302, 0.10847725141816246, 0.0, 0.0)",1
7129,29,16,8,"(0.16507889091742442, 0.046525949225991035, 0.0, 0.0, 0.07022106556493442, 0.0, 0.060701614823567854, 0.12896674725311108, 0.0, 0.0)",22
7130,29,16,8,"(0.16507889091742442, 0.046525949225991035, 0.0, 0.0, 0.07022106556493442, 0.0, 0.08319516954615302, 0.10847725141816246, 0.0, 0.0)",48
7131,29,17,1,"(0.0, 0.0, 0.09860641913107855, 0.0, 0.0, 0.030018978917809972, 0.0, 0.0, 0.0, 0.10664157541949136)",3
7132,29,17,1,"(0.0, 0.0, 0.10922905711608999, 0.0, 0.0, 0.01796604583912329, 0.0, 0.0, 0.0, 0.0910060267578522)",4
7133,29,17,1,"(0.0, 0.0, 0.10650950881622333, 0.0, 0.0, 0.022640784901484766, 0.0, 0.0, 0.0, 0.04557123282186749)",14
7134,29,17,1,"(0.0, 0.0, 0.13699991976968537, 0.0, 0.0, 0.030018978917809972, 0.0, 0.0, 0.0, 0.0910060267578522)",10
7135,29,17,1,"(0.0, 0.0, 0.10922905711608999, 0.0, 0.0, 0.030018978917809972, 0.0, 0.0, 0.0, 0.11319487361049406)",1
7136,29,17,1,"(0.0, 0.0, 0.08362478504663849, 0.0, 0.0, 0.030018978917809972, 0.0, 0.0, 0.0, 0.0910060267578522)",1
7137,29,17,1,"(0.0, 0.0, 0.224662230578157, 0.0, 0.0, 0.030018978917809972, 0.0, 0.0, 0.0, 0.08106367345890242)",2
7138,29,17,1,"(0.0, 0.0, 0.10922905711608999, 0.0, 0.0, 0.030018978917809972, 0.0, 0.0, 0.0, 0.0910060267578522)",693
7139,29,17,8,"(0.10294337677241405, 0.0693058055879099, 0.0, 0.0, 0.07022106556493442, 0.0, 0.0638937446846744, 0.1116381245929446, 0.0, 0.0)",80
7140,29,17,8,"(0.10294337677241405, 0.04632028014141928, 0.0, 0.0, 0.07022106556493442, 0.0, 0.08319516954615302, 0.1116381245929446, 0.0, 0.0)",154
7141,29,17,8,"(0.10294337677241405, 0.08413323852773015, 0.0, 0.0, 0.07022106556493442, 0.0, 0.0638937446846744, 0.1116381245929446, 0.0, 0.0)",1
7142,29,17,8,"(0.19235562551390653, 0.04632028014141928, 0.0, 0.0, 0.07022106556493442, 0.0, 0.08319516954615302, 0.1116381245929446, 0.0, 0.0)",36
7143,29,17,8,"(0.10294337677241405, 0.0693058055879099, 0.0, 0.0, 0.08155116573287557, 0.0, 0.0638937446846744, 0.11096117630006615, 0.0, 0.0)",6
7144,29,17,8,"(0.10294337677241405, 0.049787763766273224, 0.0, 0.0, 0.07022106556493442, 0.0, 0.0858277539404377, 0.1116381245929446, 0.0, 0.0)",1
7145,29,17,8,"(0.10294337677241405, 0.04632028014141928, 0.0, 0.0, 0.07022106556493442, 0.0, 0.08319516954615302, 0.06960841731815763, 0.0, 0.0)",2
7146,29,17,8,"(0.10294337677241405, 0.0693058055879099, 0.0, 0.0, 0.0908199210276536, 0.0, 0.0638937446846744, 0.1116381245929446, 0.0, 0.0)",6
7147,29,17,8,"(0.10590360979569266, 0.04632028014141928, 0.0, 0.0, 0.07022106556493442, 0.0, 0.08319516954615302, 0.08443480331842862, 0.0, 0.0)",14
7148,29,18,10,"(0.02341966509059081, 0.06927916245295945, 0.09682940930282144, 0.0017773360538905325, 0.0, 0.06291875767155253, 0.0, 0.10994488928074131, 0.0, 0.0)",2
7149,29,18,10,"(0.07734904686468291, 0.06927916245295945, 0.09682940930282144, 0.0017773360538905325, 0.0, 0.06291875767155253, 0.0, 0.10994488928074131, 0.0, 0.0)",139
7150,29,18,11,"(0.0, 0.0, 0.09864539577037362, 0.01650583712158267, 0.0, 0.03150275214907511, 0.2138988074334493, 0.08028238650273146, 0.026121609841380632, 0.0)",19
7151,29,18,11,"(0.0, 0.0, 0.08898107447558858, 0.01650583712158267, 0.0, 0.03150275214907511, 0.13038533056739307, 0.08028238650273146, 0.056226340468910806, 0.0)",10
7152,29,18,11,"(0.0, 0.0, 0.09864539577037362, 0.01902395914872699, 0.0, 0.03150275214907511, 0.13038533056739307, 0.08028238650273146, 0.026121609841380632, 0.0)",1
7153,29,18,11,"(0.0, 0.0, 0.09864539577037362, 0.01650583712158267, 0.0, 0.015506041710560014, 0.13038533056739307, 0.08028238650273146, 0.026121609841380632, 0.0)",5
7154,29,18,11,"(0.0, 0.0, 0.09864539577037362, 0.01650583712158267, 0.0, 0.033548537689580965, 0.13038533056739307, 0.08028238650273146, 0.020238649778708366, 0.0)",1
7155,29,18,11,"(0.0, 0.0, 0.08898107447558858, 0.01650583712158267, 0.0, 0.03150275214907511, 0.13038533056739307, 0.08028238650273146, 0.026121609841380632, 0.0)",224
7156,29,18,11,"(0.0, 0.0, 0.09864539577037362, 0.01650583712158267, 0.0, 0.03150275214907511, 0.13038533056739307, 0.08028238650273146, 0.026121609841380632, 0.0)",260
7157,29,18,11,"(0.0, 0.0, 0.16980062790552897, 0.01650583712158267, 0.0, 0.03150275214907511, 0.13038533056739307, 0.08028238650273146, 0.026121609841380632, 0.0)",8
7158,29,18,11,"(0.0, 0.0, 0.09864539577037362, 0.02166208646590461, 0.0, 0.03150275214907511, 0.13038533056739307, 0.08028238650273146, 0.026121609841380632, 0.0)",1
7159,29,18,11,"(0.0, 0.0, 0.09864539577037362, 0.01650583712158267, 0.0, 0.047822414752716556, 0.13038533056739307, 0.08028238650273146, 0.04394411131615905, 0.0)",1
7160,29,19,0,"(0.07400250769571483, 0.0, 0.0, 0.0, 0.0, 0.017098731129875016, 0.08380840797570269, 0.0691048466035698, 0.0, 0.0)",55
7161,29,19,13,"(0.0, 0.02461978404713738, 0.023035932332134326, 0.0, 0.01810411441758469, 0.0381496382162112, 0.0, 0.0, 0.01089208668844536, 0.00476393156717078)",1
7162,29,19,13,"(0.0, 0.02461978404713738, 0.023035932332134326, 0.0, 0.01810411441758469, 0.01998057655893956, 0.0, 0.0, 0.01362250327948519, 0.00476393156717078)",1
7163,29,19,13,"(0.0, 0.02461978404713738, 0.023035932332134326, 0.0, 0.01810411441758469, 0.022173256981297827, 0.0, 0.0, 0.01334435082712492, 0.00476393156717078)",1
7164,29,19,13,"(0.0, 0.02461978404713738, 0.023035932332134326, 0.0, 0.01810411441758469, 0.08241310062582571, 0.0, 0.0, 0.007135380004254207, 0.00476393156717078)",1
7165,29,19,13,"(0.0, 0.02461978404713738, 0.023035932332134326, 0.0, 0.01810411441758469, 0.022173256981297827, 0.0, 0.0, 0.01089208668844536, 0.00476393156717078)",295
7166,29,19,13,"(0.0, 0.02461978404713738, 0.023035932332134326, 0.0, 0.01810411441758469, 0.022173256981297827, 0.0, 0.0, 0.01089208668844536, 0.0054612823399920385)",3
7167,29,19,13,"(0.0, 0.02252572199023894, 0.023035932332134326, 0.0, 0.01810411441758469, 0.022173256981297827, 0.0, 0.0, 0.01089208668844536, 0.004058558982453413)",1
7168,29,19,13,"(0.0, 0.02461978404713738, 0.027176957300198583, 0.0, 0.01810411441758469, 0.022173256981297827, 0.0, 0.0, 0.01089208668844536, 0.00476393156717078)",1
7169,29,19,13,"(0.0, 0.02461978404713738, 0.023035932332134326, 0.0, 0.01810411441758469, 0.011484250275741823, 0.0, 0.0, 0.007647115190228469, 0.00476393156717078)",2
7170,29,19,13,"(0.0, 0.02461978404713738, 0.013674643692896272, 0.0, 0.01810411441758469, 0.022173256981297827, 0.0, 0.0, 0.01089208668844536, 0.0028621211431144253)",8
7171,29,19,13,"(0.0, 0.02461978404713738, 0.023035932332134326, 0.0, 0.01810411441758469, 0.023884313502135882, 0.0, 0.0, 0.01089208668844536, 0.00476393156717078)",1
7172,29,19,13,"(0.0, 0.02461978404713738, 0.023035932332134326, 0.0, 0.01810411441758469, 0.02298823972831858, 0.0, 0.0, 0.01089208668844536, 0.00476393156717078)",1
7173,29,19,13,"(0.0, 0.02461978404713738, 0.023035932332134326, 0.0, 0.01810411441758469, 0.022173256981297827, 0.0, 0.0, 0.01084670351419648, 0.00476393156717078)",8
7174,29,20,10,"(0.07734904686468291, 0.06927916245295945, 0.09682940930282144, 0.0017773360538905325, 0.0, 0.06291875767155253, 0.0, 0.10994488928074131, 0.0, 0.0)",122
7175,29,20,10,"(0.07734904686468291, 0.13313523516230155, 0.09682940930282144, 0.0017773360538905325, 0.0, 0.06291875767155253, 0.0, 0.10994488928074131, 0.0, 0.0)",1
7176,29,20,11,"(0.0, 0.0, 0.03664497950459847, 0.01650583712158267, 0.0, 0.02548938439096223, 0.09572491856946197, 0.08028238650273146, 0.036485718580663774, 0.0)",496
7177,29,20,11,"(0.0, 0.0, 0.03664497950459847, 0.01650583712158267, 0.0, 0.02548938439096223, 0.09572491856946197, 0.0951650437485075, 0.036485718580663774, 0.0)",53
7178,29,20,11,"(0.0, 0.0, 0.03664497950459847, 0.008967865240519126, 0.0, 0.02350592573845817, 0.09572491856946197, 0.08040736045120632, 0.04652090135904035, 0.0)",1
7179,29,20,11,"(0.0, 0.0, 0.03664497950459847, 0.01650583712158267, 0.0, 0.02548938439096223, 0.09572491856946197, 0.05807714781644029, 0.036485718580663774, 0.0)",1
7180,29,20,11,"(0.0, 0.0, 0.03664497950459847, 0.01650583712158267, 0.0, 0.02548938439096223, 0.19791236529410897, 0.08028238650273146, 0.036485718580663774, 0.0)",1
7181,29,20,11,"(0.0, 0.0, 0.03664497950459847, 0.01650583712158267, 0.0, 0.02548938439096223, 0.09572491856946197, 0.08028238650273146, 0.04230238260281508, 0.0)",1
7182,29,20,11,"(0.0, 0.0, 0.03664497950459847, 0.01650583712158267, 0.0, 0.05178823194537947, 0.09572491856946197, 0.08028238650273146, 0.05244062848183636, 0.0)",1
7183,29,20,11,"(0.0, 0.0, 0.03664497950459847, 0.01650583712158267, 0.0, 0.019087372037448102, 0.09572491856946197, 0.08028238650273146, 0.036485718580663774, 0.0)",1
7184,30,0,6,"(0.019561528860598826, 0.011572197494497125, 0.0, 0.030181603934096246, 0.009270256139432272, 0.0, 0.019795240631728064, 0.0, 0.05907475783076312, 0.05874522297052942)",1
7185,30,0,6,"(0.03426039533065134, 0.011572197494497125, 0.0, 0.030181603934096246, 0.005422768956954101, 0.0, 0.019795240631728064, 0.0, 0.028146417112716555, 0.05874522297052942)",129
7186,30,0,6,"(0.03426039533065134, 0.011572197494497125, 0.0, 0.030181603934096246, 0.005422768956954101, 0.0, 0.03288769457745868, 0.0, 0.028146417112716555, 0.05874522297052942)",1
7187,30,0,6,"(0.03426039533065134, 0.011572197494497125, 0.0, 0.030181603934096246, 0.005422768956954101, 0.0, 0.015259882522651867, 0.0, 0.028146417112716555, 0.05874522297052942)",1
7188,30,0,11,"(0.0, 0.0, 0.06200374261520503, 0.012324359879633012, 0.0, 0.030645849071221472, 0.17128142217778794, 0.08028238650273146, 0.026121609841380632, 0.0)",2
7189,30,0,11,"(0.0, 0.0, 0.06200374261520503, 0.010654525538403636, 0.0, 0.030645849071221472, 0.16773790467281977, 0.1073016772872723, 0.026121609841380632, 0.0)",1
7190,30,0,11,"(0.0, 0.0, 0.06200374261520503, 0.010654525538403636, 0.0, 0.030645849071221472, 0.15247289334478248, 0.06471128129841798, 0.03093779983791631, 0.0)",1
7191,30,0,11,"(0.0, 0.0, 0.06200374261520503, 0.010654525538403636, 0.0, 0.030645849071221472, 0.16773790467281977, 0.10729357509255408, 0.026121609841380632, 0.0)",2
7192,30,0,11,"(0.0, 0.0, 0.06200374261520503, 0.010654525538403636, 0.0, 0.030645849071221472, 0.16773790467281977, 0.06471128129841798, 0.03093779983791631, 0.0)",35
7193,30,0,11,"(0.0, 0.0, 0.056102358320474714, 0.010654525538403636, 0.0, 0.030645849071221472, 0.20667617395711332, 0.06471128129841798, 0.024895286626168245, 0.0)",1
7194,30,0,11,"(0.0, 0.0, 0.07835299940676105, 0.010654525538403636, 0.0, 0.030645849071221472, 0.16773790467281977, 0.06471128129841798, 0.026121609841380632, 0.0)",1
7195,30,0,11,"(0.0, 0.0, 0.06200374261520503, 0.010654525538403636, 0.0, 0.030645849071221472, 0.16773790467281977, 0.06471128129841798, 0.026121609841380632, 0.0)",182
7196,30,0,11,"(0.0, 0.0, 0.06200374261520503, 0.010654525538403636, 0.0, 0.030645849071221472, 0.16773790467281977, 0.08028238650273146, 0.026121609841380632, 0.0)",183
7197,30,0,11,"(0.0, 0.0, 0.06200374261520503, 0.010654525538403636, 0.0, 0.030645849071221472, 0.16773790467281977, 0.10481349903881922, 0.010640364160921442, 0.0)",2
7198,30,0,11,"(0.0, 0.0, 0.06200374261520503, 0.010654525538403636, 0.0, 0.030645849071221472, 0.16773790467281977, 0.06471128129841798, 0.058976042917681076, 0.0)",1
7199,30,0,11,"(0.0, 0.0, 0.06200374261520503, 0.009079506426246655, 0.0, 0.030645849071221472, 0.16773790467281977, 0.08028238650273146, 0.07435771008798957, 0.0)",1
7200,30,1,6,"(0.01898630527777704, 0.01471104030516541, 0.0, 0.030181603934096246, 0.005422768956954101, 0.0, 0.019795240631728064, 0.0, 0.028146417112716555, 0.05874522297052942)",1
7201,30,1,6,"(0.06150302691006142, 0.011572197494497125, 0.0, 0.030181603934096246, 0.005422768956954101, 0.0, 0.019795240631728064, 0.0, 0.028146417112716555, 0.05874522297052942)",32
7202,30,1,6,"(0.03426039533065134, 0.011572197494497125, 0.0, 0.030181603934096246, 0.005422768956954101, 0.0, 0.019795240631728064, 0.0, 0.019822652508217437, 0.05874522297052942)",17
7203,30,1,6,"(0.03426039533065134, 0.011572197494497125, 0.0, 0.030181603934096246, 0.005422768956954101, 0.0, 0.019795240631728064, 0.0, 0.028146417112716555, 0.05874522297052942)",209
7204,30,1,6,"(0.03426039533065134, 0.011572197494497125, 0.0, 0.0385669239268949, 0.005422768956954101, 0.0, 0.019795240631728064, 0.0, 0.028146417112716555, 0.05874522297052942)",2
7205,30,1,6,"(0.03426039533065134, 0.011572197494497125, 0.0, 0.06655281015832756, 0.005422768956954101, 0.0, 0.019795240631728064, 0.0, 0.028146417112716555, 0.05874522297052942)",1
7206,30,1,8,"(0.07111035742329365, 0.03762701073567516, 0.0, 0.0, 0.051217346146779696, 0.0, 0.08319516954615302, 0.1415123366655704, 0.0, 0.0)",20
7207,30,1,8,"(0.07111035742329365, 0.046525949225991035, 0.0, 0.0, 0.051217346146779696, 0.0, 0.08319516954615302, 0.1415123366655704, 0.0, 0.0)",163
7208,30,1,8,"(0.04841035210541919, 0.046525949225991035, 0.0, 0.0, 0.051217346146779696, 0.0, 0.08249916235985746, 0.1415123366655704, 0.0, 0.0)",2
7209,30,1,8,"(0.07111035742329365, 0.0717387503473285, 0.0, 0.0, 0.05019734809287271, 0.0, 0.08319516954615302, 0.18741910805008133, 0.0, 0.0)",1
7210,30,2,13,"(0.0, 0.02461978404713738, 0.02665754454229409, 0.0, 0.00970885425506607, 0.022173256981297827, 0.0, 0.0, 0.01089208668844536, 0.00476393156717078)",1
7211,30,2,13,"(0.0, 0.02461978404713738, 0.023035932332134326, 0.0, 0.00970885425506607, 0.022173256981297827, 0.0, 0.0, 0.01089208668844536, 0.00476393156717078)",377
7212,30,2,13,"(0.0, 0.010305141594037186, 0.026459910322664797, 0.0, 0.01051444507808058, 0.022173256981297827, 0.0, 0.0, 0.009174090555830143, 0.00476393156717078)",1
7213,30,2,13,"(0.0, 0.02461978404713738, 0.023035932332134326, 0.0, 0.00970885425506607, 0.022173256981297827, 0.0, 0.0, 0.007308993080641324, 0.00476393156717078)",1
7214,30,2,13,"(0.0, 0.040475986940279034, 0.023035932332134326, 0.0, 0.00970885425506607, 0.022173256981297827, 0.0, 0.0, 0.01089208668844536, 0.00476393156717078)",1
7215,30,2,13,"(0.0, 0.017988074205317752, 0.026459910322664797, 0.0, 0.00970885425506607, 0.022173256981297827, 0.0, 0.0, 0.009174090555830143, 0.00476393156717078)",26
7216,30,2,13,"(0.0, 0.02461978404713738, 0.023035932332134326, 0.0, 0.019637386525968414, 0.022173256981297827, 0.0, 0.0, 0.01089208668844536, 0.00476393156717078)",1
7217,30,2,13,"(0.0, 0.02461978404713738, 0.023035932332134326, 0.0, 0.00970885425506607, 0.022173256981297827, 0.0, 0.0, 0.01089208668844536, 0.007358089136036652)",1
7218,30,3,13,"(0.0, 0.02461978404713738, 0.023035932332134326, 0.0, 0.028016404748438698, 0.022173256981297827, 0.0, 0.0, 0.01089208668844536, 0.0024406349647482155)",7
7219,30,3,13,"(0.0, 0.02714215647110402, 0.023035932332134326, 0.0, 0.01810411441758469, 0.022173256981297827, 0.0, 0.0, 0.01089208668844536, 0.004758486154158629)",1
7220,30,3,13,"(0.0, 0.02714215647110402, 0.023035932332134326, 0.0, 0.01810411441758469, 0.022173256981297827, 0.0, 0.0, 0.01089208668844536, 0.0024406349647482155)",47
7221,30,3,13,"(0.0, 0.02461978404713738, 0.023035932332134326, 0.0, 0.01810411441758469, 0.022173256981297827, 0.0, 0.0, 0.01089208668844536, 0.004714474909367712)",1
7222,30,3,13,"(0.0, 0.02461978404713738, 0.023035932332134326, 0.0, 0.01810411441758469, 0.022173256981297827, 0.0, 0.0, 0.01089208668844536, 0.0024406349647482155)",157
7223,30,3,13,"(0.0, 0.02461978404713738, 0.023035932332134326, 0.0, 0.01810411441758469, 0.022173256981297827, 0.0, 0.0, 0.008900137404024696, 0.0024406349647482155)",1
7224,30,3,13,"(0.0, 0.026339928227527294, 0.023035932332134326, 0.0, 0.02346072769616648, 0.022173256981297827, 0.0, 0.0, 0.01089208668844536, 0.0024406349647482155)",1
7225,30,3,13,"(0.0, 0.02461978404713738, 0.017770483112311393, 0.0, 0.01810411441758469, 0.022173256981297827, 0.0, 0.0, 0.01089208668844536, 0.0024406349647482155)",1
7226,30,4,11,"(0.0, 0.0, 0.09864539577037362, 0.007514105399456558, 0.0, 0.030645849071221472, 0.08153022673827125, 0.07240876560513207, 0.026121609841380632, 0.0)",2
7227,30,4,11,"(0.0, 0.0, 0.09864539577037362, 0.03429894226948216, 0.0, 0.030645849071221472, 0.08153022673827125, 0.06537296510142145, 0.026121609841380632, 0.0)",1
7228,30,4,11,"(0.0, 0.0, 0.09864539577037362, 0.01650583712158267, 0.0, 0.030645849071221472, 0.06588345772002362, 0.07240876560513207, 0.026121609841380632, 0.0)",2
7229,30,4,11,"(0.0, 0.0, 0.09864539577037362, 0.01650583712158267, 0.0, 0.030645849071221472, 0.08153022673827125, 0.07240876560513207, 0.026121609841380632, 0.0)",557
7230,30,4,11,"(0.0, 0.0, 0.042678383342099876, 0.01650583712158267, 0.0, 0.030645849071221472, 0.08153022673827125, 0.09786158328589502, 0.027540620073440235, 0.0)",2
7231,30,4,11,"(0.0, 0.0, 0.09864539577037362, 0.01810100812034284, 0.0, 0.030645849071221472, 0.08153022673827125, 0.111165709553436, 0.026121609841380632, 0.0)",2
7232,30,4,11,"(0.0, 0.0, 0.09864539577037362, 0.01650583712158267, 0.0, 0.030645849071221472, 0.08153022673827125, 0.07240876560513207, 0.03241792314406358, 0.0)",1
7233,30,4,11,"(0.0, 0.0, 0.09864539577037362, 0.01356548739009668, 0.0, 0.030645849071221472, 0.08153022673827125, 0.07240876560513207, 0.026121609841380632, 0.0)",1
7234,30,4,11,"(0.0, 0.0, 0.1747813555606001, 0.01650583712158267, 0.0, 0.030645849071221472, 0.08153022673827125, 0.08616810849397553, 0.026121609841380632, 0.0)",1
7235,30,5,0,"(0.07400250769571483, 0.0, 0.0, 0.0, 0.0, 0.038664151314593, 0.08380840797570269, 0.0751305601965374, 0.0, 0.0)",11
7236,30,5,0,"(0.10265285734847629, 0.0, 0.0, 0.0, 0.0, 0.038664151314593, 0.08380840797570269, 0.053654688702645253, 0.0, 0.0)",1
7237,30,5,0,"(0.08511266896037928, 0.0, 0.0, 0.0, 0.0, 0.038664151314593, 0.08380840797570269, 0.06261049614614052, 0.0, 0.0)",1
7238,30,5,0,"(0.049424789908844566, 0.0, 0.0, 0.0, 0.0, 0.038664151314593, 0.08380840797570269, 0.08105639660289785, 0.0, 0.0)",5
7239,30,5,0,"(0.07400250769571483, 0.0, 0.0, 0.0, 0.0, 0.038664151314593, 0.08380840797570269, 0.06261049614614052, 0.0, 0.0)",226
7240,30,5,0,"(0.07400250769571483, 0.0, 0.0, 0.0, 0.0, 0.038664151314593, 0.10734966963712922, 0.06261049614614052, 0.0, 0.0)",4
7241,30,5,0,"(0.07400250769571483, 0.0, 0.0, 0.0, 0.0, 0.06016181733346026, 0.08380840797570269, 0.06261049614614052, 0.0, 0.0)",1
7242,30,5,6,"(0.03426039533065134, 0.011572197494497125, 0.0, 0.030181603934096246, 0.0028769335448462895, 0.0, 0.019795240631728064, 0.0, 0.028146417112716555, 0.05874522297052942)",1
7243,30,5,6,"(0.03426039533065134, 0.011562166887132293, 0.0, 0.030181603934096246, 0.005422768956954101, 0.0, 0.019795240631728064, 0.0, 0.028146417112716555, 0.05874522297052942)",2
7244,30,5,6,"(0.03426039533065134, 0.011572197494497125, 0.0, 0.030181603934096246, 0.005422768956954101, 0.0, 0.019795240631728064, 0.0, 0.028146417112716555, 0.05874522297052942)",194
7245,30,5,6,"(0.03426039533065134, 0.011572197494497125, 0.0, 0.030181603934096246, 0.005422768956954101, 0.0, 0.008260507686828017, 0.0, 0.028146417112716555, 0.05874522297052942)",9
7246,30,5,6,"(0.03426039533065134, 0.011572197494497125, 0.0, 0.030181603934096246, 0.004129165755904161, 0.0, 0.019795240631728064, 0.0, 0.028146417112716555, 0.05874522297052942)",39
7247,30,5,6,"(0.03426039533065134, 0.011572197494497125, 0.0, 0.030181603934096246, 0.005422768956954101, 0.0, 0.019795240631728064, 0.0, 0.028146417112716555, 0.03616081261166203)",1
7248,30,5,6,"(0.0557074035136058, 0.011572197494497125, 0.0, 0.030181603934096246, 0.005422768956954101, 0.0, 0.019795240631728064, 0.0, 0.028146417112716555, 0.05874522297052942)",3
7249,30,5,6,"(0.03426039533065134, 0.011572197494497125, 0.0, 0.030181603934096246, 0.005422768956954101, 0.0, 0.031107931966738996, 0.0, 0.028146417112716555, 0.05874522297052942)",1
7250,30,5,6,"(0.03426039533065134, 0.010507618417712703, 0.0, 0.030181603934096246, 0.005422768956954101, 0.0, 0.019795240631728064, 0.0, 0.01613526767293902, 0.05874522297052942)",1
7251,30,6,0,"(0.07400250769571483, 0.0, 0.0, 0.0, 0.0, 0.027540828574215095, 0.08183151896965836, 0.0691048466035698, 0.0, 0.0)",1
7252,30,6,0,"(0.06234213132962305, 0.0, 0.0, 0.0, 0.0, 0.017098731129875016, 0.07011830437097326, 0.0691048466035698, 0.0, 0.0)",19
7253,30,6,0,"(0.09348083625400108, 0.0, 0.0, 0.0, 0.0, 0.017098731129875016, 0.08380840797570269, 0.0691048466035698, 0.0, 0.0)",12
7254,30,6,0,"(0.07400250769571483, 0.0, 0.0, 0.0, 0.0, 0.01619116925631897, 0.08380840797570269, 0.0691048466035698, 0.0, 0.0)",1
7255,30,6,0,"(0.07400250769571483, 0.0, 0.0, 0.0, 0.0, 0.017098731129875016, 0.08380840797570269, 0.0691048466035698, 0.0, 0.0)",192
7256,30,6,0,"(0.06234213132962305, 0.0, 0.0, 0.0, 0.0, 0.017366705602797728, 0.04612616730290708, 0.0691048466035698, 0.0, 0.0)",1
7257,30,7,13,"(0.0, 0.02101701178811472, 0.023035932332134326, 0.0, 0.01810411441758469, 0.022173256981297827, 0.0, 0.0, 0.01089208668844536, 0.00476393156717078)",1
7258,30,7,13,"(0.0, 0.02461978404713738, 0.023035932332134326, 0.0, 0.01810411441758469, 0.022173256981297827, 0.0, 0.0, 0.01089208668844536, 0.003329683549532987)",1
7259,30,7,13,"(0.0, 0.02461978404713738, 0.023035932332134326, 0.0, 0.01810411441758469, 0.022173256981297827, 0.0, 0.0, 0.01089208668844536, 0.00476393156717078)",167
7260,30,7,13,"(0.0, 0.02461978404713738, 0.023035932332134326, 0.0, 0.01810411441758469, 0.022173256981297827, 0.0, 0.0, 0.01089208668844536, 0.005070842953661989)",26
7261,30,7,13,"(0.0, 0.02461978404713738, 0.023035932332134326, 0.0, 0.01810411441758469, 0.02444321472106327, 0.0, 0.0, 0.01089208668844536, 0.005070842953661989)",1
7262,30,8,11,"(0.0, 0.0, 0.09864539577037362, 0.028874112047785352, 0.0, 0.030645849071221472, 0.16773790467281977, 0.0386197297757742, 0.026121609841380632, 0.0)",4
7263,30,8,11,"(0.0, 0.0, 0.09864539577037362, 0.02937625182298247, 0.0, 0.030645849071221472, 0.16773790467281977, 0.0386197297757742, 0.026121609841380632, 0.0)",2
7264,30,8,11,"(0.0, 0.0, 0.09864539577037362, 0.02150422363422624, 0.0, 0.030645849071221472, 0.16773790467281977, 0.029232724992307568, 0.03276443152420851, 0.0)",2
7265,30,8,11,"(0.0, 0.0, 0.07385595712275206, 0.028874112047785352, 0.0, 0.030645849071221472, 0.16773790467281977, 0.0386197297757742, 0.026121609841380632, 0.0)",2
7266,30,8,11,"(0.0, 0.0, 0.09864539577037362, 0.0179549433659928, 0.0, 0.030645849071221472, 0.16773790467281977, 0.0386197297757742, 0.026121609841380632, 0.0)",2
7267,30,8,11,"(0.0, 0.0, 0.09864539577037362, 0.02150422363422624, 0.0, 0.02938889239573597, 0.13841535177957304, 0.0386197297757742, 0.026121609841380632, 0.0)",7
7268,30,8,11,"(0.0, 0.0, 0.09864539577037362, 0.02150422363422624, 0.0, 0.030645849071221472, 0.16773790467281977, 0.0386197297757742, 0.026121609841380632, 0.0)",555
7269,30,8,11,"(0.0, 0.0, 0.09864539577037362, 0.02652331532290397, 0.0, 0.030645849071221472, 0.16773790467281977, 0.0386197297757742, 0.026121609841380632, 0.0)",5
7270,30,8,11,"(0.0, 0.0, 0.09864539577037362, 0.015336304071056048, 0.0, 0.030645849071221472, 0.16773790467281977, 0.0386197297757742, 0.026121609841380632, 0.0)",4
7271,30,8,11,"(0.0, 0.0, 0.08937115825017528, 0.02150422363422624, 0.0, 0.030645849071221472, 0.16773790467281977, 0.0386197297757742, 0.026121609841380632, 0.0)",3
7272,30,8,11,"(0.0, 0.0, 0.09864539577037362, 0.02150422363422624, 0.0, 0.030645849071221472, 0.11704774339548057, 0.0386197297757742, 0.026121609841380632, 0.0)",23
7273,30,8,11,"(0.0, 0.0, 0.09864539577037362, 0.028874112047785352, 0.0, 0.03369130530576843, 0.16773790467281977, 0.0386197297757742, 0.026121609841380632, 0.0)",1
7274,30,8,11,"(0.0, 0.0, 0.09864539577037362, 0.02150422363422624, 0.0, 0.030645849071221472, 0.1337889390694634, 0.0386197297757742, 0.026121609841380632, 0.0)",1
7275,30,8,11,"(0.0, 0.0, 0.09864539577037362, 0.02150422363422624, 0.0, 0.030645849071221472, 0.3798707387410046, 0.0386197297757742, 0.026121609841380632, 0.0)",1
7276,30,8,11,"(0.0, 0.0, 0.09864539577037362, 0.01396867560714608, 0.0, 0.030645849071221472, 0.16773790467281977, 0.0386197297757742, 0.026121609841380632, 0.0)",1
7277,30,8,11,"(0.0, 0.0, 0.09864539577037362, 0.02150422363422624, 0.0, 0.030645849071221472, 0.2432709030218552, 0.0386197297757742, 0.026121609841380632, 0.0)",1
7278,30,9,11,"(0.0, 0.0, 0.11755819882518005, 0.01650583712158267, 0.0, 0.02375279233445006, 0.16773790467281977, 0.061695345546580224, 0.026121609841380632, 0.0)",14
7279,30,9,11,"(0.0, 0.0, 0.09864539577037362, 0.019989946350165873, 0.0, 0.030645849071221472, 0.16243652964526273, 0.08028238650273146, 0.026121609841380632, 0.0)",1
7280,30,9,11,"(0.0, 0.0, 0.09864539577037362, 0.01650583712158267, 0.0, 0.030645849071221472, 0.16243652964526273, 0.08028238650273146, 0.016992370642213754, 0.0)",1
7281,30,9,11,"(0.0, 0.0, 0.11755819882518005, 0.01779964797873006, 0.0, 0.02375279233445006, 0.43622299911609946, 0.11258153327120547, 0.026121609841380632, 0.0)",1
7282,30,9,11,"(0.0, 0.0, 0.11755819882518005, 0.01650583712158267, 0.0, 0.02375279233445006, 0.16773790467281977, 0.08028238650273146, 0.026121609841380632, 0.0)",250
7283,30,9,11,"(0.0, 0.0, 0.08134549007652164, 0.01650583712158267, 0.0, 0.030645849071221472, 0.16243652964526273, 0.08028238650273146, 0.010244364969432698, 0.0)",1
7284,30,9,11,"(0.0, 0.0, 0.11755819882518005, 0.01650583712158267, 0.0, 0.02375279233445006, 0.16773790467281977, 0.04567444302427328, 0.026121609841380632, 0.0)",1
7285,30,9,11,"(0.0, 0.0, 0.09864539577037362, 0.01650583712158267, 0.0, 0.030645849071221472, 0.16243652964526273, 0.08028238650273146, 0.026121609841380632, 0.0)",290
7286,30,9,11,"(0.0, 0.0, 0.11755819882518005, 0.036072950518832664, 0.0, 0.02375279233445006, 0.16773790467281977, 0.08028238650273146, 0.03761072341901297, 0.0)",1
7287,30,9,11,"(0.0, 0.0, 0.11755819882518005, 0.01650583712158267, 0.0, 0.02375279233445006, 0.22950671046376467, 0.08028238650273146, 0.026121609841380632, 0.0)",6
7288,30,10,13,"(0.0, 0.02461978404713738, 0.023035932332134326, 0.0, 0.01810411441758469, 0.022173256981297827, 0.0, 0.0, 0.009314614465374762, 0.00476393156717078)",1
7289,30,10,13,"(0.0, 0.02461978404713738, 0.02243442926017706, 0.0, 0.01810411441758469, 0.022173256981297827, 0.0, 0.0, 0.01089208668844536, 0.00476393156717078)",1
7290,30,10,13,"(0.0, 0.02461978404713738, 0.023035932332134326, 0.0, 0.01810411441758469, 0.022173256981297827, 0.0, 0.0, 0.013469880847093161, 0.00476393156717078)",1
7291,30,10,13,"(0.0, 0.02461978404713738, 0.023035932332134326, 0.0, 0.01810411441758469, 0.022173256981297827, 0.0, 0.0, 0.006864901173800012, 0.00476393156717078)",1
7292,30,10,13,"(0.0, 0.02461978404713738, 0.022096300053100537, 0.0, 0.023145081347324323, 0.022173256981297827, 0.0, 0.0, 0.01089208668844536, 0.00476393156717078)",1
7293,30,10,13,"(0.0, 0.02461978404713738, 0.023035932332134326, 0.0, 0.01810411441758469, 0.04168476735089447, 0.0, 0.0, 0.01089208668844536, 0.00476393156717078)",1
7294,30,10,13,"(0.0, 0.02461978404713738, 0.03559133462528637, 0.0, 0.01810411441758469, 0.022173256981297827, 0.0, 0.0, 0.01089208668844536, 0.00476393156717078)",2
7295,30,10,13,"(0.0, 0.02461978404713738, 0.023035932332134326, 0.0, 0.01810411441758469, 0.022173256981297827, 0.0, 0.0, 0.013267381182190447, 0.00476393156717078)",1
7296,30,10,13,"(0.0, 0.040123292008746224, 0.023035932332134326, 0.0, 0.013267275592266549, 0.019308924399732096, 0.0, 0.0, 0.013922022512301799, 0.00476393156717078)",1
7297,30,10,13,"(0.0, 0.02461978404713738, 0.0648984222931985, 0.0, 0.01810411441758469, 0.022173256981297827, 0.0, 0.0, 0.01089208668844536, 0.00476393156717078)",1
7298,30,10,13,"(0.0, 0.02461978404713738, 0.022096300053100537, 0.0, 0.01810411441758469, 0.022173256981297827, 0.0, 0.0, 0.01089208668844536, 0.00476393156717078)",75
7299,30,10,13,"(0.0, 0.02461978404713738, 0.023035932332134326, 0.0, 0.01810411441758469, 0.022173256981297827, 0.0, 0.0, 0.026311540067255827, 0.00476393156717078)",1
7300,30,10,13,"(0.0, 0.02461978404713738, 0.023035932332134326, 0.0, 0.01810411441758469, 0.022173256981297827, 0.0, 0.0, 0.01089208668844536, 0.00476393156717078)",245
7301,30,11,13,"(0.0, 0.02461978404713738, 0.023035932332134326, 0.0, 0.01810411441758469, 0.022173256981297827, 0.0, 0.0, 0.01089208668844536, 0.00476393156717078)",164
7302,30,11,13,"(0.0, 0.02461978404713738, 0.023035932332134326, 0.0, 0.013706972226266786, 0.022173256981297827, 0.0, 0.0, 0.008132700084562069, 0.00476393156717078)",1
7303,30,11,13,"(0.0, 0.034903480683435045, 0.02406316555338891, 0.0, 0.01810411441758469, 0.022173256981297827, 0.0, 0.0, 0.016353467581788156, 0.00476393156717078)",1
7304,30,11,13,"(0.0, 0.02461978404713738, 0.023035932332134326, 0.0, 0.013706972226266786, 0.022173256981297827, 0.0, 0.0, 0.01089208668844536, 0.00476393156717078)",50
7305,30,11,13,"(0.0, 0.02461978404713738, 0.023035932332134326, 0.0, 0.014460563974971356, 0.022173256981297827, 0.0, 0.0, 0.01089208668844536, 0.00476393156717078)",2
7306,30,11,13,"(0.0, 0.02461978404713738, 0.023035932332134326, 0.0, 0.013706972226266786, 0.022173256981297827, 0.0, 0.0, 0.0072200685495993795, 0.00476393156717078)",1
7307,30,11,13,"(0.0, 0.02461978404713738, 0.023035932332134326, 0.0, 0.025734360838253752, 0.022173256981297827, 0.0, 0.0, 0.01089208668844536, 0.00476393156717078)",1
7308,30,11,13,"(0.0, 0.024937943995109825, 0.023035932332134326, 0.0, 0.009672854260820494, 0.022173256981297827, 0.0, 0.0, 0.006158152130655676, 0.00476393156717078)",2
7309,30,11,13,"(0.0, 0.02461978404713738, 0.009850954608131983, 0.0, 0.009672854260820494, 0.01246864211570786, 0.0, 0.0, 0.01089208668844536, 0.00476393156717078)",1
7310,30,11,13,"(0.0, 0.02461978404713738, 0.023035932332134326, 0.0, 0.009672854260820494, 0.022173256981297827, 0.0, 0.0, 0.01089208668844536, 0.00476393156717078)",17
7311,30,12,8,"(0.19235562551390653, 0.046525949225991035, 0.0, 0.0, 0.09960467071430029, 0.0, 0.08319516954615302, 0.1116381245929446, 0.0, 0.0)",1
7312,30,12,8,"(0.19235562551390653, 0.046525949225991035, 0.0, 0.0, 0.04573034632799446, 0.0, 0.08319516954615302, 0.12532685541444746, 0.0, 0.0)",1
7313,30,12,8,"(0.19235562551390653, 0.046525949225991035, 0.0, 0.0, 0.04573034632799446, 0.0, 0.08319516954615302, 0.1116381245929446, 0.0, 0.0)",233
7314,30,12,8,"(0.09936136831698275, 0.046525949225991035, 0.0, 0.0, 0.04573034632799446, 0.0, 0.08319516954615302, 0.1116381245929446, 0.0, 0.0)",13
7315,30,12,8,"(0.19235562551390653, 0.046525949225991035, 0.0, 0.0, 0.04573034632799446, 0.0, 0.08319516954615302, 0.29629338525260435, 0.0, 0.0)",1
7316,30,12,10,"(0.03550653097490399, 0.06927916245295945, 0.09682940930282144, 0.0017773360538905325, 0.0, 0.04443698590935846, 0.0, 0.10994488928074131, 0.0, 0.0)",2
7317,30,12,10,"(0.03550653097490399, 0.06927916245295945, 0.09682940930282144, 0.0017773360538905325, 0.0, 0.06648666239485534, 0.0, 0.10994488928074131, 0.0, 0.0)",1
7318,30,12,10,"(0.022384570735347664, 0.06927916245295945, 0.09682940930282144, 0.0017773360538905325, 0.0, 0.06291875767155253, 0.0, 0.10994488928074131, 0.0, 0.0)",45
7319,30,12,10,"(0.03550653097490399, 0.06927916245295945, 0.09682940930282144, 0.0011852379636360902, 0.0, 0.050650994813988146, 0.0, 0.10994488928074131, 0.0, 0.0)",1
7320,30,12,10,"(0.03550653097490399, 0.06927916245295945, 0.09682940930282144, 0.0017773360538905325, 0.0, 0.09794800980788547, 0.0, 0.10994488928074131, 0.0, 0.0)",2
7321,30,12,10,"(0.03550653097490399, 0.06927916245295945, 0.09682940930282144, 0.0017773360538905325, 0.0, 0.06291875767155253, 0.0, 0.10994488928074131, 0.0, 0.0)",172
7322,30,12,10,"(0.03550653097490399, 0.08102502206427813, 0.09682940930282144, 0.002027075084503597, 0.0, 0.06291875767155253, 0.0, 0.10994488928074131, 0.0, 0.0)",2
7323,30,12,10,"(0.031687766933066415, 0.06927916245295945, 0.10930319526562149, 0.0017773360538905325, 0.0, 0.06291875767155253, 0.0, 0.10994488928074131, 0.0, 0.0)",1
7324,30,13,6,"(0.03576865483084948, 0.011572197494497125, 0.0, 0.030181603934096246, 0.005422768956954101, 0.0, 0.019795240631728064, 0.0, 0.028146417112716555, 0.06930159982391079)",1
7325,30,13,6,"(0.03426039533065134, 0.011572197494497125, 0.0, 0.030181603934096246, 0.005422768956954101, 0.0, 0.019795240631728064, 0.0, 0.028146417112716555, 0.05874522297052942)",164
7326,30,13,6,"(0.03426039533065134, 0.011572197494497125, 0.0, 0.030181603934096246, 0.005422768956954101, 0.0, 0.019795240631728064, 0.0, 0.017225955152081387, 0.05874522297052942)",1
7327,30,13,6,"(0.03426039533065134, 0.011572197494497125, 0.0, 0.030181603934096246, 0.005422768956954101, 0.0, 0.019795240631728064, 0.0, 0.028146417112716555, 0.06862171797206865)",1
7328,30,13,6,"(0.03426039533065134, 0.011572197494497125, 0.0, 0.030181603934096246, 0.005422768956954101, 0.0, 0.019795240631728064, 0.0, 0.028146417112716555, 0.0713310901211193)",1
7329,30,14,11,"(0.0, 0.0, 0.07862646850060614, 0.01650583712158267, 0.0, 0.030645849071221472, 0.16773790467281977, 0.046237642847009, 0.022902743578584947, 0.0)",1
7330,30,14,11,"(0.0, 0.0, 0.07563427679391872, 0.01650583712158267, 0.0, 0.021324844732330706, 0.16773790467281977, 0.046237642847009, 0.026121609841380632, 0.0)",2
7331,30,14,11,"(0.0, 0.0, 0.07563427679391872, 0.01650583712158267, 0.0, 0.030645849071221472, 0.16773790467281977, 0.04614606965251334, 0.026121609841380632, 0.0)",1
7332,30,14,11,"(0.0, 0.0, 0.14941953975829875, 0.01650583712158267, 0.0, 0.030645849071221472, 0.16773790467281977, 0.046237642847009, 0.026121609841380632, 0.0)",2
7333,30,14,11,"(0.0, 0.0, 0.09864539577037362, 0.018848449333195027, 0.0, 0.030645849071221472, 0.16773790467281977, 0.06547508920822512, 0.026121609841380632, 0.0)",1
7334,30,14,11,"(0.0, 0.0, 0.09864539577037362, 0.01650583712158267, 0.0, 0.030645849071221472, 0.16773790467281977, 0.046237642847009, 0.026121609841380632, 0.0)",100
7335,30,14,11,"(0.0, 0.0, 0.07563427679391872, 0.01650583712158267, 0.0, 0.030645849071221472, 0.16773790467281977, 0.046237642847009, 0.026121609841380632, 0.0)",174
7336,30,14,11,"(0.0, 0.0, 0.09864539577037362, 0.01650583712158267, 0.0, 0.030645849071221472, 0.16773790467281977, 0.059614025815103486, 0.026121609841380632, 0.0)",3
7337,30,14,11,"(0.0, 0.0, 0.12868336937287372, 0.01650583712158267, 0.0, 0.03588884963444411, 0.16773790467281977, 0.046237642847009, 0.026121609841380632, 0.0)",1
7338,30,14,11,"(0.0, 0.0, 0.07563427679391872, 0.01650583712158267, 0.0, 0.030645849071221472, 0.18136494990648772, 0.030342669041848142, 0.026121609841380632, 0.0)",28
7339,30,14,11,"(0.0, 0.0, 0.07563427679391872, 0.01650583712158267, 0.0, 0.030645849071221472, 0.21411316346805115, 0.046237642847009, 0.026121609841380632, 0.0)",2
7340,30,14,13,"(0.0, 0.024641683687111737, 0.023035932332134326, 0.0, 0.01810411441758469, 0.022173256981297827, 0.0, 0.0, 0.01089208668844536, 0.00476393156717078)",2
7341,30,14,13,"(0.0, 0.02461978404713738, 0.023035932332134326, 0.0, 0.015870581981669157, 0.022173256981297827, 0.0, 0.0, 0.01089208668844536, 0.00476393156717078)",1
7342,30,14,13,"(0.0, 0.02461978404713738, 0.023035932332134326, 0.0, 0.01810411441758469, 0.022173256981297827, 0.0, 0.0, 0.01089208668844536, 0.00476393156717078)",261
7343,30,15,11,"(0.0, 0.0, 0.11839367174953695, 0.01650583712158267, 0.0, 0.030645849071221472, 0.16773790467281977, 0.0404147798164449, 0.019435594420154006, 0.0)",8
7344,30,15,11,"(0.0, 0.0, 0.11839367174953695, 0.01650583712158267, 0.0, 0.030645849071221472, 0.16773790467281977, 0.0404147798164449, 0.026121609841380632, 0.0)",599
7345,30,15,11,"(0.0, 0.0, 0.08728243396983752, 0.01650583712158267, 0.0, 0.030645849071221472, 0.16773790467281977, 0.042774775500766755, 0.026121609841380632, 0.0)",2
7346,30,15,11,"(0.0, 0.0, 0.11839367174953695, 0.01650583712158267, 0.0, 0.041310392798883634, 0.16773790467281977, 0.0404147798164449, 0.026121609841380632, 0.0)",1
7347,30,15,11,"(0.0, 0.0, 0.11839367174953695, 0.01650583712158267, 0.0, 0.030645849071221472, 0.16773790467281977, 0.032889606285103644, 0.026121609841380632, 0.0)",1
7348,30,15,11,"(0.0, 0.0, 0.19010069208733804, 0.012362806426361641, 0.0, 0.030645849071221472, 0.16773790467281977, 0.0404147798164449, 0.026121609841380632, 0.0)",1
7349,30,16,1,"(0.0, 0.0, 0.025433581414862218, 0.0, 0.0, 0.0199117526153351, 0.0, 0.0, 0.0, 0.047529216575968564)",66
7350,30,16,1,"(0.0, 0.0, 0.041406372128065916, 0.0, 0.0, 0.0199117526153351, 0.0, 0.0, 0.0, 0.07348004448396527)",1
7351,30,16,1,"(0.0, 0.0, 0.0438826815007282, 0.0, 0.0, 0.023648095152296798, 0.0, 0.0, 0.0, 0.09642071044031823)",1
7352,30,16,1,"(0.0, 0.0, 0.07020833310802112, 0.0, 0.0, 0.013644892457436938, 0.0, 0.0, 0.0, 0.09965925051150999)",1
7353,30,16,1,"(0.0, 0.0, 0.041406372128065916, 0.0, 0.0, 0.013644892457436938, 0.0, 0.0, 0.0, 0.09965925051150999)",8
7354,30,16,1,"(0.0, 0.0, 0.041406372128065916, 0.0, 0.0, 0.0199117526153351, 0.0, 0.0, 0.0, 0.047529216575968564)",289
7355,30,16,1,"(0.0, 0.0, 0.041406372128065916, 0.0, 0.0, 0.022535904451619366, 0.0, 0.0, 0.0, 0.09965925051150999)",160
7356,30,16,1,"(0.0, 0.0, 0.041406372128065916, 0.0, 0.0, 0.022198927076702853, 0.0, 0.0, 0.0, 0.060894519490159706)",1
7357,30,16,1,"(0.0, 0.0, 0.025433581414862218, 0.0, 0.0, 0.0199117526153351, 0.0, 0.0, 0.0, 0.05995611508971411)",1
7358,30,16,1,"(0.0, 0.0, 0.04749822367371145, 0.0, 0.0, 0.0199117526153351, 0.0, 0.0, 0.0, 0.047529216575968564)",1
7359,30,16,1,"(0.0, 0.0, 0.041406372128065916, 0.0, 0.0, 0.0199117526153351, 0.0, 0.0, 0.0, 0.040065305285126605)",4
7360,30,16,1,"(0.0, 0.0, 0.041406372128065916, 0.0, 0.0, 0.0199117526153351, 0.0, 0.0, 0.0, 0.053079885168575563)",12
7361,30,16,1,"(0.0, 0.0, 0.041406372128065916, 0.0, 0.0, 0.0199117526153351, 0.0, 0.0, 0.0, 0.09965925051150999)",129
7362,30,16,1,"(0.0, 0.0, 0.041406372128065916, 0.0, 0.0, 0.0199117526153351, 0.0, 0.0, 0.0, 0.10812697663297213)",1
7363,30,16,1,"(0.0, 0.0, 0.041406372128065916, 0.0, 0.0, 0.022916431830163692, 0.0, 0.0, 0.0, 0.09965925051150999)",2
7364,30,16,1,"(0.0, 0.0, 0.020480319805506884, 0.0, 0.0, 0.0199117526153351, 0.0, 0.0, 0.0, 0.047529216575968564)",1
7365,30,16,1,"(0.0, 0.0, 0.03437861199161104, 0.0, 0.0, 0.0199117526153351, 0.0, 0.0, 0.0, 0.09965925051150999)",3
7366,30,16,8,"(0.16507889091742442, 0.046525949225991035, 0.0, 0.0, 0.07022106556493442, 0.0, 0.060701614823567854, 0.12896674725311108, 0.0, 0.0)",53
7367,30,16,8,"(0.16507889091742442, 0.046525949225991035, 0.0, 0.0, 0.07022106556493442, 0.0, 0.08319516954615302, 0.1116381245929446, 0.0, 0.0)",44
7368,30,16,8,"(0.16507889091742442, 0.046525949225991035, 0.0, 0.0, 0.07022106556493442, 0.0, 0.08319516954615302, 0.10847725141816246, 0.0, 0.0)",42
7369,30,16,8,"(0.16507889091742442, 0.046525949225991035, 0.0, 0.0, 0.07022106556493442, 0.0, 0.060701614823567854, 0.1116381245929446, 0.0, 0.0)",132
7370,30,17,1,"(0.0, 0.0, 0.08388842568144961, 0.0, 0.0, 0.021012264354530373, 0.0, 0.0, 0.0, 0.09706515867794374)",1
7371,30,17,1,"(0.0, 0.0, 0.10650950881622333, 0.0, 0.0, 0.022640784901484766, 0.0, 0.0, 0.0, 0.04557123282186749)",45
7372,30,17,1,"(0.0, 0.0, 0.10922905711608999, 0.0, 0.0, 0.030018978917809972, 0.0, 0.0, 0.0, 0.10820215034278477)",3
7373,30,17,1,"(0.0, 0.0, 0.10922905711608999, 0.0, 0.0, 0.030018978917809972, 0.0, 0.0, 0.0, 0.0910060267578522)",676
7374,30,17,1,"(0.0, 0.0, 0.1262296834714325, 0.0, 0.0, 0.030018978917809972, 0.0, 0.0, 0.0, 0.0910060267578522)",1
7375,30,17,1,"(0.0, 0.0, 0.13699991976968537, 0.0, 0.0, 0.030018978917809972, 0.0, 0.0, 0.0, 0.0910060267578522)",1
7376,30,17,1,"(0.0, 0.0, 0.10922905711608999, 0.0, 0.0, 0.03357510584986291, 0.0, 0.0, 0.0, 0.0910060267578522)",4
7377,30,17,1,"(0.0, 0.0, 0.10922905711608999, 0.0, 0.0, 0.030018978917809972, 0.0, 0.0, 0.0, 0.07841441083529531)",1
7378,30,17,1,"(0.0, 0.0, 0.0899279129558958, 0.0, 0.0, 0.030018978917809972, 0.0, 0.0, 0.0, 0.0910060267578522)",2
7379,30,17,1,"(0.0, 0.0, 0.0872719265578811, 0.0, 0.0, 0.05000698624764843, 0.0, 0.0, 0.0, 0.0910060267578522)",2
7380,30,17,1,"(0.0, 0.0, 0.12375688473972321, 0.0, 0.0, 0.02426597313119317, 0.0, 0.0, 0.0, 0.08436490911915007)",5
7381,30,17,1,"(0.0, 0.0, 0.1543275003530219, 0.0, 0.0, 0.030018978917809972, 0.0, 0.0, 0.0, 0.0910060267578522)",2
7382,30,17,8,"(0.10294337677241405, 0.0693058055879099, 0.0, 0.0, 0.07022106556493442, 0.0, 0.0638937446846744, 0.1116381245929446, 0.0, 0.0)",103
7383,30,17,8,"(0.10294337677241405, 0.04632028014141928, 0.0, 0.0, 0.06374397858850095, 0.0, 0.08319516954615302, 0.1116381245929446, 0.0, 0.0)",3
7384,30,17,8,"(0.10294337677241405, 0.04632028014141928, 0.0, 0.0, 0.07022106556493442, 0.0, 0.10402321689056752, 0.1116381245929446, 0.0, 0.0)",40
7385,30,17,8,"(0.19235562551390653, 0.04632028014141928, 0.0, 0.0, 0.07022106556493442, 0.0, 0.08319516954615302, 0.1116381245929446, 0.0, 0.0)",21
7386,30,17,8,"(0.10294337677241405, 0.04632028014141928, 0.0, 0.0, 0.07022106556493442, 0.0, 0.08319516954615302, 0.1116381245929446, 0.0, 0.0)",152
7387,30,18,10,"(0.07734904686468291, 0.12004649279728614, 0.09682940930282144, 0.0017773360538905325, 0.0, 0.06291875767155253, 0.0, 0.10994488928074131, 0.0, 0.0)",1
7388,30,18,10,"(0.07734904686468291, 0.08445418022274129, 0.09682940930282144, 0.0017773360538905325, 0.0, 0.06291875767155253, 0.0, 0.10994488928074131, 0.0, 0.0)",4
7389,30,18,10,"(0.07734904686468291, 0.06927916245295945, 0.11171371596517105, 0.0018680197732793581, 0.0, 0.08897265203000299, 0.0, 0.10994488928074131, 0.0, 0.0)",1
7390,30,18,10,"(0.07734904686468291, 0.06927916245295945, 0.09076614550784047, 0.0017773360538905325, 0.0, 0.06291875767155253, 0.0, 0.10994488928074131, 0.0, 0.0)",1
7391,30,18,10,"(0.07734904686468291, 0.06927916245295945, 0.09682940930282144, 0.0017773360538905325, 0.0, 0.06291875767155253, 0.0, 0.10606929349036048, 0.0, 0.0)",1
7392,30,18,10,"(0.07734904686468291, 0.06927916245295945, 0.09682940930282144, 0.0017773360538905325, 0.0, 0.06291875767155253, 0.0, 0.10994488928074131, 0.0, 0.0)",162
7393,30,18,11,"(0.0, 0.0, 0.08898107447558858, 0.01650583712158267, 0.0, 0.03150275214907511, 0.13038533056739307, 0.08028238650273146, 0.026121609841380632, 0.0)",221
7394,30,18,11,"(0.0, 0.0, 0.09864539577037362, 0.01650583712158267, 0.0, 0.03150275214907511, 0.13038533056739307, 0.08028238650273146, 0.026121609841380632, 0.0)",222
7395,30,18,11,"(0.0, 0.0, 0.08898107447558858, 0.01650583712158267, 0.0, 0.03150275214907511, 0.13038533056739307, 0.08028238650273146, 0.016875557153391712, 0.0)",1
7396,30,18,11,"(0.0, 0.0, 0.16980062790552897, 0.01650583712158267, 0.0, 0.03150275214907511, 0.13038533056739307, 0.08028238650273146, 0.026121609841380632, 0.0)",7
7397,30,18,11,"(0.0, 0.0, 0.09864539577037362, 0.01650583712158267, 0.0, 0.03662145624156692, 0.13038533056739307, 0.08028238650273146, 0.026121609841380632, 0.0)",1
7398,30,18,11,"(0.0, 0.0, 0.09864539577037362, 0.01650583712158267, 0.0, 0.021212666799157842, 0.13038533056739307, 0.08028238650273146, 0.026121609841380632, 0.0)",1
7399,30,18,11,"(0.0, 0.0, 0.16980062790552897, 0.01650583712158267, 0.0, 0.03153106582731453, 0.13038533056739307, 0.08028238650273146, 0.026121609841380632, 0.0)",1
7400,30,18,11,"(0.0, 0.0, 0.08898107447558858, 0.012408479611400848, 0.0, 0.013032017520826734, 0.13038533056739307, 0.08028238650273146, 0.026121609841380632, 0.0)",2
7401,30,18,11,"(0.0, 0.0, 0.08898107447558858, 0.03275927507164089, 0.0, 0.03150275214907511, 0.13038533056739307, 0.08028238650273146, 0.026121609841380632, 0.0)",3
7402,30,18,11,"(0.0, 0.0, 0.08898107447558858, 0.01650583712158267, 0.0, 0.03150275214907511, 0.13038533056739307, 0.08028238650273146, 0.056226340468910806, 0.0)",68
7403,30,19,0,"(0.07400250769571483, 0.0, 0.0, 0.0, 0.0, 0.017098731129875016, 0.08380840797570269, 0.0691048466035698, 0.0, 0.0)",3
7404,30,19,13,"(0.0, 0.03216230000106831, 0.01164780544696078, 0.0, 0.01810411441758469, 0.021154402685514613, 0.0, 0.0, 0.0064947786725963255, 0.00476393156717078)",1
7405,30,19,13,"(0.0, 0.02461978404713738, 0.013674643692896272, 0.0, 0.01810411441758469, 0.022173256981297827, 0.0, 0.0, 0.018034540696479664, 0.0028621211431144253)",1
7406,30,19,13,"(0.0, 0.02461978404713738, 0.023035932332134326, 0.0, 0.01810411441758469, 0.022173256981297827, 0.0, 0.0, 0.01089208668844536, 0.0037713652408710723)",1
7407,30,19,13,"(0.0, 0.02461978404713738, 0.025570845277019732, 0.0, 0.01810411441758469, 0.022173256981297827, 0.0, 0.0, 0.01089208668844536, 0.0028621211431144253)",1
7408,30,19,13,"(0.0, 0.02461978404713738, 0.023035932332134326, 0.0, 0.014015353896668581, 0.022173256981297827, 0.0, 0.0, 0.01089208668844536, 0.00476393156717078)",2
7409,30,19,13,"(0.0, 0.01768261862937061, 0.023035932332134326, 0.0, 0.013790323565090214, 0.022173256981297827, 0.0, 0.0, 0.01089208668844536, 0.00476393156717078)",1
7410,30,19,13,"(0.0, 0.02461978404713738, 0.013689114289655685, 0.0, 0.01810411441758469, 0.022485505691817672, 0.0, 0.0, 0.01089208668844536, 0.0028621211431144253)",1
7411,30,19,13,"(0.0, 0.020974206004850914, 0.013674643692896272, 0.0, 0.01810411441758469, 0.022173256981297827, 0.0, 0.0, 0.007103133913069625, 0.0028621211431144253)",2
7412,30,19,13,"(0.0, 0.02461978404713738, 0.013674643692896272, 0.0, 0.012752703986458808, 0.022173256981297827, 0.0, 0.0, 0.01089208668844536, 0.0028621211431144253)",1
7413,30,19,13,"(0.0, 0.020260361601385207, 0.023035932332134326, 0.0, 0.01810411441758469, 0.022173256981297827, 0.0, 0.0, 0.01089208668844536, 0.00476393156717078)",5
7414,30,19,13,"(0.0, 0.02461978404713738, 0.023035932332134326, 0.0, 0.01810411441758469, 0.022173256981297827, 0.0, 0.0, 0.008006948926104167, 0.00476393156717078)",1
7415,30,19,13,"(0.0, 0.02461978404713738, 0.023035932332134326, 0.0, 0.01810411441758469, 0.022173256981297827, 0.0, 0.0, 0.01089208668844536, 0.00476393156717078)",216
7416,30,19,13,"(0.0, 0.02461978404713738, 0.013674643692896272, 0.0, 0.01810411441758469, 0.022173256981297827, 0.0, 0.0, 0.008104453013931501, 0.0028621211431144253)",1
7417,30,19,13,"(0.0, 0.02461978404713738, 0.013674643692896272, 0.0, 0.01810411441758469, 0.022173256981297827, 0.0, 0.0, 0.01089208668844536, 0.0028621211431144253)",101
7418,30,20,10,"(0.07734904686468291, 0.06927916245295945, 0.09682940930282144, 0.0017773360538905325, 0.0, 0.06291875767155253, 0.0, 0.10994488928074131, 0.0, 0.0)",107
7419,30,20,10,"(0.07734904686468291, 0.06927916245295945, 0.09682940930282144, 0.0017773360538905325, 0.0, 0.06291875767155253, 0.0, 0.27002465697067674, 0.0, 0.0)",2
7420,30,20,10,"(0.060119883504882364, 0.06927916245295945, 0.09682940930282144, 0.0017773360538905325, 0.0, 0.06291875767155253, 0.0, 0.1134726965050424, 0.0, 0.0)",1
7421,30,20,11,"(0.0, 0.0, 0.03664497950459847, 0.013379263481367136, 0.0, 0.02548938439096223, 0.09572491856946197, 0.08028238650273146, 0.036485718580663774, 0.0)",3
7422,30,20,11,"(0.0, 0.0, 0.03664497950459847, 0.01650583712158267, 0.0, 0.02548938439096223, 0.09572491856946197, 0.05885302880459243, 0.036485718580663774, 0.0)",1
7423,30,20,11,"(0.0, 0.0, 0.03664497950459847, 0.01650583712158267, 0.0, 0.018426255439352092, 0.09572491856946197, 0.08028238650273146, 0.036485718580663774, 0.0)",1
7424,30,20,11,"(0.0, 0.0, 0.03664497950459847, 0.01650583712158267, 0.0, 0.019087372037448102, 0.09572491856946197, 0.08028238650273146, 0.036485718580663774, 0.0)",29
7425,30,20,11,"(0.0, 0.0, 0.03664497950459847, 0.009746912803478227, 0.0, 0.02548938439096223, 0.09572491856946197, 0.08028238650273146, 0.036485718580663774, 0.0)",1
7426,30,20,11,"(0.0, 0.0, 0.03664497950459847, 0.023747062729250836, 0.0, 0.02548938439096223, 0.09572491856946197, 0.08028238650273146, 0.028442955734184237, 0.0)",9
7427,30,20,11,"(0.0, 0.0, 0.03664497950459847, 0.011404479837548461, 0.0, 0.02548938439096223, 0.09572491856946197, 0.08028238650273146, 0.036485718580663774, 0.0)",1
7428,30,20,11,"(0.0, 0.0, 0.03664497950459847, 0.01650583712158267, 0.0, 0.03093359871326162, 0.09572491856946197, 0.08028238650273146, 0.036485718580663774, 0.0)",1
7429,30,20,11,"(0.0, 0.0, 0.03664497950459847, 0.01650583712158267, 0.0, 0.02548938439096223, 0.09572491856946197, 0.0951650437485075, 0.036485718580663774, 0.0)",21
7430,30,20,11,"(0.0, 0.0, 0.03664497950459847, 0.01650583712158267, 0.0, 0.02548938439096223, 0.09572491856946197, 0.08028238650273146, 0.036485718580663774, 0.0)",456
7431,31,0,6,"(0.03426039533065134, 0.011572197494497125, 0.0, 0.030181603934096246, 0.005422768956954101, 0.0, 0.019795240631728064, 0.0, 0.028146417112716555, 0.05874522297052942)",141
7432,31,0,6,"(0.03426039533065134, 0.011572197494497125, 0.0, 0.030181603934096246, 0.005422768956954101, 0.0, 0.015259882522651867, 0.0, 0.028146417112716555, 0.028468612921076535)",1
7433,31,0,6,"(0.03426039533065134, 0.011572197494497125, 0.0, 0.02261543965875508, 0.005422768956954101, 0.0, 0.019795240631728064, 0.0, 0.028146417112716555, 0.05874522297052942)",3
7434,31,0,6,"(0.03426039533065134, 0.011572197494497125, 0.0, 0.030181603934096246, 0.005422768956954101, 0.0, 0.015259882522651867, 0.0, 0.028146417112716555, 0.05874522297052942)",15
7435,31,0,11,"(0.0, 0.0, 0.06200374261520503, 0.00979529466228858, 0.0, 0.030645849071221472, 0.16773790467281977, 0.08028238650273146, 0.026121609841380632, 0.0)",2
7436,31,0,11,"(0.0, 0.0, 0.06200374261520503, 0.010654525538403636, 0.0, 0.030645849071221472, 0.16773790467281977, 0.07863698868186299, 0.020376457263181748, 0.0)",2
7437,31,0,11,"(0.0, 0.0, 0.06200374261520503, 0.010654525538403636, 0.0, 0.030645849071221472, 0.16773790467281977, 0.06471128129841798, 0.03093779983791631, 0.0)",10
7438,31,0,11,"(0.0, 0.0, 0.06200374261520503, 0.010654525538403636, 0.0, 0.030645849071221472, 0.16773790467281977, 0.08028238650273146, 0.026121609841380632, 0.0)",117
7439,31,0,11,"(0.0, 0.0, 0.04652860890739248, 0.011741239661157109, 0.0, 0.030645849071221472, 0.10493917481125341, 0.08028238650273146, 0.026121609841380632, 0.0)",1
7440,31,0,11,"(0.0, 0.0, 0.06200374261520503, 0.010654525538403636, 0.0, 0.030645849071221472, 0.16773790467281977, 0.06471128129841798, 0.026121609841380632, 0.0)",211
7441,31,1,6,"(0.03426039533065134, 0.011572197494497125, 0.0, 0.03165523696194712, 0.002501640125036847, 0.0, 0.019795240631728064, 0.0, 0.028146417112716555, 0.029092761247376444)",1
7442,31,1,6,"(0.01647831211386961, 0.011572197494497125, 0.0, 0.030181603934096246, 0.005422768956954101, 0.0, 0.011480100530961447, 0.0, 0.028146417112716555, 0.05874522297052942)",10
7443,31,1,6,"(0.03426039533065134, 0.010307228070467536, 0.0, 0.030181603934096246, 0.005695996899297804, 0.0, 0.013284556320640977, 0.0, 0.028146417112716555, 0.05874522297052942)",1
7444,31,1,6,"(0.06150302691006142, 0.011572197494497125, 0.0, 0.030181603934096246, 0.005422768956954101, 0.0, 0.019795240631728064, 0.0, 0.028146417112716555, 0.05874522297052942)",20
7445,31,1,6,"(0.03426039533065134, 0.011572197494497125, 0.0, 0.030181603934096246, 0.005422768956954101, 0.0, 0.019795240631728064, 0.0, 0.028146417112716555, 0.05874522297052942)",220
7446,31,1,8,"(0.07111035742329365, 0.046525949225991035, 0.0, 0.0, 0.0954836510820758, 0.0, 0.08319516954615302, 0.1415123366655704, 0.0, 0.0)",1
7447,31,1,8,"(0.07111035742329365, 0.046525949225991035, 0.0, 0.0, 0.051217346146779696, 0.0, 0.08319516954615302, 0.1415123366655704, 0.0, 0.0)",155
7448,31,1,8,"(0.07111035742329365, 0.06995322894936153, 0.0, 0.0, 0.051217346146779696, 0.0, 0.18060137459138945, 0.1415123366655704, 0.0, 0.0)",3
7449,31,2,13,"(0.0, 0.02461978404713738, 0.023035932332134326, 0.0, 0.012456585404782708, 0.022173256981297827, 0.0, 0.0, 0.01089208668844536, 0.00476393156717078)",1
7450,31,2,13,"(0.0, 0.02461978404713738, 0.023035932332134326, 0.0, 0.00970885425506607, 0.022173256981297827, 0.0, 0.0, 0.01089208668844536, 0.00476393156717078)",171
7451,31,2,13,"(0.0, 0.017988074205317752, 0.026459910322664797, 0.0, 0.00970885425506607, 0.022173256981297827, 0.0, 0.0, 0.009174090555830143, 0.00476393156717078)",19
7452,31,2,13,"(0.0, 0.017988074205317752, 0.026459910322664797, 0.0, 0.006828473448031205, 0.022173256981297827, 0.0, 0.0, 0.009174090555830143, 0.00476393156717078)",1
7453,31,3,13,"(0.0, 0.02461978404713738, 0.022987533115860794, 0.0, 0.01810411441758469, 0.022173256981297827, 0.0, 0.0, 0.012641582919176114, 0.00401770817786719)",2
7454,31,3,13,"(0.0, 0.02461978404713738, 0.023035932332134326, 0.0, 0.01810411441758469, 0.022173256981297827, 0.0, 0.0, 0.023103692696932628, 0.0024406349647482155)",11
7455,31,3,13,"(0.0, 0.02461978404713738, 0.023035932332134326, 0.0, 0.022638621617661538, 0.022173256981297827, 0.0, 0.0, 0.01089208668844536, 0.0024406349647482155)",1
7456,31,3,13,"(0.0, 0.02461978404713738, 0.023035932332134326, 0.0, 0.01810411441758469, 0.011941905924382445, 0.0, 0.0, 0.01089208668844536, 0.0024406349647482155)",1
7457,31,3,13,"(0.0, 0.02461978404713738, 0.023035932332134326, 0.0, 0.009982319257178941, 0.022173256981297827, 0.0, 0.0, 0.01089208668844536, 0.0024406349647482155)",1
7458,31,3,13,"(0.0, 0.02461978404713738, 0.023035932332134326, 0.0, 0.01810411441758469, 0.022173256981297827, 0.0, 0.0, 0.01089208668844536, 0.0024406349647482155)",339
7459,31,3,13,"(0.0, 0.02461978404713738, 0.023035932332134326, 0.0, 0.01810411441758469, 0.0073544552491039555, 0.0, 0.0, 0.01089208668844536, 0.0024406349647482155)",1
7460,31,4,11,"(0.0, 0.0, 0.06943326809349035, 0.01650583712158267, 0.0, 0.030645849071221472, 0.08153022673827125, 0.07240876560513207, 0.026121609841380632, 0.0)",2
7461,31,4,11,"(0.0, 0.0, 0.1997214774657897, 0.01650583712158267, 0.0, 0.030645849071221472, 0.08153022673827125, 0.07240876560513207, 0.026121609841380632, 0.0)",1
7462,31,4,11,"(0.0, 0.0, 0.09864539577037362, 0.01650583712158267, 0.0, 0.030645849071221472, 0.08153022673827125, 0.07240876560513207, 0.026121609841380632, 0.0)",519
7463,31,4,11,"(0.0, 0.0, 0.09864539577037362, 0.01650583712158267, 0.0, 0.03137791389230764, 0.08153022673827125, 0.07240876560513207, 0.026121609841380632, 0.0)",1
7464,31,4,11,"(0.0, 0.0, 0.09864539577037362, 0.01650583712158267, 0.0, 0.030645849071221472, 0.08153022673827125, 0.07240876560513207, 0.028005252103305543, 0.0)",1
7465,31,4,11,"(0.0, 0.0, 0.09864539577037362, 0.01650583712158267, 0.0, 0.030645849071221472, 0.08153022673827125, 0.058992102938836145, 0.026121609841380632, 0.0)",7
7466,31,4,11,"(0.0, 0.0, 0.09864539577037362, 0.01650583712158267, 0.0, 0.02432874716746368, 0.08153022673827125, 0.07240876560513207, 0.026121609841380632, 0.0)",3
7467,31,4,11,"(0.0, 0.0, 0.09864539577037362, 0.01650583712158267, 0.0, 0.030645849071221472, 0.08153022673827125, 0.07642577185970172, 0.026121609841380632, 0.0)",1
7468,31,4,11,"(0.0, 0.0, 0.09864539577037362, 0.01650583712158267, 0.0, 0.030645849071221472, 0.08153022673827125, 0.07240876560513207, 0.0339031926128712, 0.0)",3
7469,31,5,0,"(0.07400250769571483, 0.0, 0.0, 0.0, 0.0, 0.06016181733346026, 0.08380840797570269, 0.06261049614614052, 0.0, 0.0)",34
7470,31,5,0,"(0.037824223569904766, 0.0, 0.0, 0.0, 0.0, 0.038664151314593, 0.08380840797570269, 0.06261049614614052, 0.0, 0.0)",5
7471,31,5,0,"(0.07400250769571483, 0.0, 0.0, 0.0, 0.0, 0.038664151314593, 0.08380840797570269, 0.054194040715577305, 0.0, 0.0)",4
7472,31,5,0,"(0.07400250769571483, 0.0, 0.0, 0.0, 0.0, 0.038664151314593, 0.08380840797570269, 0.06261049614614052, 0.0, 0.0)",207
7473,31,5,0,"(0.07400250769571483, 0.0, 0.0, 0.0, 0.0, 0.06016181733346026, 0.08380840797570269, 0.0908131303530023, 0.0, 0.0)",1
7474,31,5,0,"(0.07400250769571483, 0.0, 0.0, 0.0, 0.0, 0.038664151314593, 0.08380840797570269, 0.0751305601965374, 0.0, 0.0)",20
7475,31,5,6,"(0.03426039533065134, 0.01538687090684687, 0.0, 0.030181603934096246, 0.005422768956954101, 0.0, 0.019795240631728064, 0.0, 0.028146417112716555, 0.05874522297052942)",1
7476,31,5,6,"(0.03426039533065134, 0.00838218844103438, 0.0, 0.030181603934096246, 0.005422768956954101, 0.0, 0.02474004269433779, 0.0, 0.028146417112716555, 0.05874522297052942)",3
7477,31,5,6,"(0.03426039533065134, 0.012851672155760016, 0.0, 0.03978445960347427, 0.006899791144396106, 0.0, 0.010694216600954938, 0.0, 0.028146417112716555, 0.05874522297052942)",3
7478,31,5,6,"(0.04242885177171078, 0.011572197494497125, 0.0, 0.030181603934096246, 0.005422768956954101, 0.0, 0.019795240631728064, 0.0, 0.028146417112716555, 0.05874522297052942)",3
7479,31,5,6,"(0.03426039533065134, 0.011572197494497125, 0.0, 0.030181603934096246, 0.005422768956954101, 0.0, 0.019795240631728064, 0.0, 0.028146417112716555, 0.05874522297052942)",205
7480,31,5,6,"(0.03426039533065134, 0.011572197494497125, 0.0, 0.030181603934096246, 0.004129165755904161, 0.0, 0.019795240631728064, 0.0, 0.028146417112716555, 0.05874522297052942)",37
7481,31,5,6,"(0.03426039533065134, 0.011572197494497125, 0.0, 0.030181603934096246, 0.004311250819757176, 0.0, 0.019795240631728064, 0.0, 0.028146417112716555, 0.05874522297052942)",6
7482,31,6,0,"(0.07400250769571483, 0.0, 0.0, 0.0, 0.0, 0.017098731129875016, 0.08380840797570269, 0.10047308915122453, 0.0, 0.0)",6
7483,31,6,0,"(0.06234213132962305, 0.0, 0.0, 0.0, 0.0, 0.017098731129875016, 0.07011830437097326, 0.0691048466035698, 0.0, 0.0)",5
7484,31,6,0,"(0.10760195159007127, 0.0, 0.0, 0.0, 0.0, 0.0138415279873069, 0.08380840797570269, 0.053234852325306795, 0.0, 0.0)",1
7485,31,6,0,"(0.07400250769571483, 0.0, 0.0, 0.0, 0.0, 0.017098731129875016, 0.08380840797570269, 0.0691048466035698, 0.0, 0.0)",202
7486,31,6,0,"(0.07400250769571483, 0.0, 0.0, 0.0, 0.0, 0.017098731129875016, 0.07677635010471068, 0.0691048466035698, 0.0, 0.0)",2
7487,31,6,0,"(0.10723614721100168, 0.0, 0.0, 0.0, 0.0, 0.017098731129875016, 0.038602592867143175, 0.0593731829866358, 0.0, 0.0)",1
7488,31,6,0,"(0.054013597476547714, 0.0, 0.0, 0.0, 0.0, 0.017098731129875016, 0.08380840797570269, 0.0691048466035698, 0.0, 0.0)",1
7489,31,6,0,"(0.05607576045432886, 0.0, 0.0, 0.0, 0.0, 0.017098731129875016, 0.09443341824885096, 0.07699699878639091, 0.0, 0.0)",1
7490,31,6,0,"(0.06234213132962305, 0.0, 0.0, 0.0, 0.0, 0.011172998857118064, 0.10997427351707967, 0.0691048466035698, 0.0, 0.0)",30
7491,31,6,0,"(0.057001969567255166, 0.0, 0.0, 0.0, 0.0, 0.011172998857118064, 0.10997427351707967, 0.032148477608595835, 0.0, 0.0)",3
7492,31,7,13,"(0.0, 0.02461978404713738, 0.023035932332134326, 0.0, 0.01810411441758469, 0.013505081099891797, 0.0, 0.0, 0.01089208668844536, 0.00476393156717078)",4
7493,31,7,13,"(0.0, 0.02461978404713738, 0.023035932332134326, 0.0, 0.014602583113778274, 0.023304172154409056, 0.0, 0.0, 0.01089208668844536, 0.00476393156717078)",1
7494,31,7,13,"(0.0, 0.026920113352301305, 0.023035932332134326, 0.0, 0.01810411441758469, 0.022173256981297827, 0.0, 0.0, 0.01089208668844536, 0.00476393156717078)",2
7495,31,7,13,"(0.0, 0.02461978404713738, 0.0309651890677595, 0.0, 0.01810411441758469, 0.022173256981297827, 0.0, 0.0, 0.01089208668844536, 0.00476393156717078)",1
7496,31,7,13,"(0.0, 0.02461978404713738, 0.04747759520367756, 0.0, 0.018340696525649628, 0.022173256981297827, 0.0, 0.0, 0.01089208668844536, 0.008888999360010327)",2
7497,31,7,13,"(0.0, 0.02461978404713738, 0.023035932332134326, 0.0, 0.01810411441758469, 0.022173256981297827, 0.0, 0.0, 0.012380168594964071, 0.00476393156717078)",1
7498,31,7,13,"(0.0, 0.02419891440237388, 0.023035932332134326, 0.0, 0.02411404900036277, 0.022173256981297827, 0.0, 0.0, 0.01089208668844536, 0.00476393156717078)",1
7499,31,7,13,"(0.0, 0.02461978404713738, 0.023035932332134326, 0.0, 0.01810411441758469, 0.022173256981297827, 0.0, 0.0, 0.01089208668844536, 0.00476393156717078)",295
7500,31,8,11,"(0.0, 0.0, 0.09864539577037362, 0.02150422363422624, 0.0, 0.030645849071221472, 0.16773790467281977, 0.043575632065656636, 0.026121609841380632, 0.0)",1
7501,31,8,11,"(0.0, 0.0, 0.09864539577037362, 0.02150422363422624, 0.0, 0.030645849071221472, 0.14164297144734314, 0.0386197297757742, 0.026121609841380632, 0.0)",1
7502,31,8,11,"(0.0, 0.0, 0.09864539577037362, 0.02150422363422624, 0.0, 0.030645849071221472, 0.16773790467281977, 0.0386197297757742, 0.026121609841380632, 0.0)",650
7503,31,8,11,"(0.0, 0.0, 0.09864539577037362, 0.015570104297796187, 0.0, 0.030645849071221472, 0.5389779048910799, 0.0386197297757742, 0.026121609841380632, 0.0)",1
7504,31,8,11,"(0.0, 0.0, 0.09864539577037362, 0.02150422363422624, 0.0, 0.030645849071221472, 0.16773790467281977, 0.03028711214193253, 0.026121609841380632, 0.0)",1
7505,31,8,11,"(0.0, 0.0, 0.09864539577037362, 0.02150422363422624, 0.0, 0.03245191706886042, 0.16773790467281977, 0.0386197297757742, 0.026121609841380632, 0.0)",1
7506,31,9,11,"(0.0, 0.0, 0.11755819882518005, 0.01650583712158267, 0.0, 0.021493909322305507, 0.16773790467281977, 0.061695345546580224, 0.026121609841380632, 0.0)",1
7507,31,9,11,"(0.0, 0.0, 0.17991827535139068, 0.01650583712158267, 0.0, 0.02375279233445006, 0.16773790467281977, 0.08028238650273146, 0.026121609841380632, 0.0)",5
7508,31,9,11,"(0.0, 0.0, 0.09864539577037362, 0.01650583712158267, 0.0, 0.030645849071221472, 0.16243652964526273, 0.08028238650273146, 0.03308415974568291, 0.0)",7
7509,31,9,11,"(0.0, 0.0, 0.09864539577037362, 0.01650583712158267, 0.0, 0.030645849071221472, 0.16243652964526273, 0.05528334051193388, 0.02687137015392919, 0.0)",1
7510,31,9,11,"(0.0, 0.0, 0.11755819882518005, 0.01650583712158267, 0.0, 0.01452222923234646, 0.16773790467281977, 0.08028238650273146, 0.026121609841380632, 0.0)",2
7511,31,9,11,"(0.0, 0.0, 0.09864539577037362, 0.01650583712158267, 0.0, 0.030645849071221472, 0.16243652964526273, 0.08028238650273146, 0.026121609841380632, 0.0)",172
7512,31,9,11,"(0.0, 0.0, 0.11755819882518005, 0.01650583712158267, 0.0, 0.02375279233445006, 0.22950671046376467, 0.08028238650273146, 0.026121609841380632, 0.0)",36
7513,31,9,11,"(0.0, 0.0, 0.1620498186091516, 0.01650583712158267, 0.0, 0.02375279233445006, 0.16773790467281977, 0.08028238650273146, 0.026121609841380632, 0.0)",1
7514,31,9,11,"(0.0, 0.0, 0.09864539577037362, 0.01650583712158267, 0.0, 0.030645849071221472, 0.16243652964526273, 0.06792936019780225, 0.026121609841380632, 0.0)",1
7515,31,9,11,"(0.0, 0.0, 0.11755819882518005, 0.01650583712158267, 0.0, 0.02375279233445006, 0.16773790467281977, 0.0880654737687785, 0.026121609841380632, 0.0)",1
7516,31,9,11,"(0.0, 0.0, 0.11755819882518005, 0.01650583712158267, 0.0, 0.02375279233445006, 0.3740145701640781, 0.08859942867877305, 0.026121609841380632, 0.0)",1
7517,31,9,11,"(0.0, 0.0, 0.09864539577037362, 0.01650583712158267, 0.0, 0.030645849071221472, 0.16243652964526273, 0.08028238650273146, 0.028696826721167825, 0.0)",1
7518,31,9,11,"(0.0, 0.0, 0.11755819882518005, 0.01650583712158267, 0.0, 0.027880204889809163, 0.16773790467281977, 0.08028238650273146, 0.026121609841380632, 0.0)",1
7519,31,9,11,"(0.0, 0.0, 0.11755819882518005, 0.01650583712158267, 0.0, 0.02375279233445006, 0.16773790467281977, 0.08028238650273146, 0.026121609841380632, 0.0)",338
7520,31,9,11,"(0.0, 0.0, 0.09864539577037362, 0.01650583712158267, 0.0, 0.030645849071221472, 0.07433084792433889, 0.08028238650273146, 0.026121609841380632, 0.0)",1
7521,31,9,11,"(0.0, 0.0, 0.11755819882518005, 0.01650583712158267, 0.0, 0.02375279233445006, 0.16773790467281977, 0.061695345546580224, 0.026121609841380632, 0.0)",30
7522,31,10,13,"(0.0, 0.02461978404713738, 0.022096300053100537, 0.0, 0.01810411441758469, 0.022173256981297827, 0.0, 0.0, 0.01089208668844536, 0.00476393156717078)",51
7523,31,10,13,"(0.0, 0.028230282037269416, 0.023035932332134326, 0.0, 0.01810411441758469, 0.022173256981297827, 0.0, 0.0, 0.01089208668844536, 0.00476393156717078)",1
7524,31,10,13,"(0.0, 0.02461978404713738, 0.023035932332134326, 0.0, 0.01810411441758469, 0.022173256981297827, 0.0, 0.0, 0.01089208668844536, 0.006943082079763698)",1
7525,31,10,13,"(0.0, 0.02461978404713738, 0.016146148192014882, 0.0, 0.016927746395460918, 0.022173256981297827, 0.0, 0.0, 0.01089208668844536, 0.00476393156717078)",1
7526,31,10,13,"(0.0, 0.025621212974992452, 0.022096300053100537, 0.0, 0.01810411441758469, 0.022173256981297827, 0.0, 0.0, 0.01089208668844536, 0.00476393156717078)",6
7527,31,10,13,"(0.0, 0.02461978404713738, 0.017496037918380933, 0.0, 0.01810411441758469, 0.022173256981297827, 0.0, 0.0, 0.01089208668844536, 0.00476393156717078)",2
7528,31,10,13,"(0.0, 0.02461978404713738, 0.022096300053100537, 0.0, 0.01810411441758469, 0.022173256981297827, 0.0, 0.0, 0.01089208668844536, 0.005852918956463184)",1
7529,31,10,13,"(0.0, 0.02307383337038631, 0.023035932332134326, 0.0, 0.027421892670605588, 0.022173256981297827, 0.0, 0.0, 0.01089208668844536, 0.00476393156717078)",3
7530,31,10,13,"(0.0, 0.02461978404713738, 0.023035932332134326, 0.0, 0.01810411441758469, 0.022173256981297827, 0.0, 0.0, 0.01089208668844536, 0.00476393156717078)",156
7531,31,11,13,"(0.0, 0.02461978404713738, 0.023035932332134326, 0.0, 0.009672854260820494, 0.022173256981297827, 0.0, 0.0, 0.01089208668844536, 0.00476393156717078)",4
7532,31,11,13,"(0.0, 0.02461978404713738, 0.014779086005315793, 0.0, 0.01810411441758469, 0.022173256981297827, 0.0, 0.0, 0.01089208668844536, 0.00476393156717078)",1
7533,31,11,13,"(0.0, 0.02461978404713738, 0.023035932332134326, 0.0, 0.013706972226266786, 0.022173256981297827, 0.0, 0.0, 0.015061368666104347, 0.00476393156717078)",1
7534,31,11,13,"(0.0, 0.02461978404713738, 0.023035932332134326, 0.0, 0.01696013225093802, 0.022173256981297827, 0.0, 0.0, 0.01089208668844536, 0.00476393156717078)",1
7535,31,11,13,"(0.0, 0.02461978404713738, 0.023035932332134326, 0.0, 0.013706972226266786, 0.032733657693624615, 0.0, 0.0, 0.009806357707393302, 0.013531340405229395)",1
7536,31,11,13,"(0.0, 0.02461978404713738, 0.023035932332134326, 0.0, 0.01810411441758469, 0.022173256981297827, 0.0, 0.0, 0.01089208668844536, 0.00476393156717078)",141
7537,31,11,13,"(0.0, 0.02461978404713738, 0.023035932332134326, 0.0, 0.009672854260820494, 0.022173256981297827, 0.0, 0.0, 0.016513556827961528, 0.00476393156717078)",3
7538,31,11,13,"(0.0, 0.02461978404713738, 0.05442099113655986, 0.0, 0.01810411441758469, 0.016463756158473012, 0.0, 0.0, 0.01089208668844536, 0.00476393156717078)",2
7539,31,11,13,"(0.0, 0.02461978404713738, 0.023035932332134326, 0.0, 0.013706972226266786, 0.022173256981297827, 0.0, 0.0, 0.01089208668844536, 0.00476393156717078)",78
7540,31,12,8,"(0.19235562551390653, 0.0722135317446457, 0.0, 0.0, 0.04573034632799446, 0.0, 0.08319516954615302, 0.1116381245929446, 0.0, 0.0)",1
7541,31,12,8,"(0.19235562551390653, 0.06555636893927219, 0.0, 0.0, 0.13328571973743492, 0.0, 0.08319516954615302, 0.1116381245929446, 0.0, 0.0)",1
7542,31,12,8,"(0.19235562551390653, 0.046525949225991035, 0.0, 0.0, 0.04573034632799446, 0.0, 0.08319516954615302, 0.1116381245929446, 0.0, 0.0)",180
7543,31,12,10,"(0.022384570735347664, 0.06927916245295945, 0.09682940930282144, 0.0017773360538905325, 0.0, 0.06291875767155253, 0.0, 0.10994488928074131, 0.0, 0.0)",115
7544,31,12,10,"(0.022384570735347664, 0.06927916245295945, 0.09682940930282144, 0.0017773360538905325, 0.0, 0.10026817244212582, 0.0, 0.10994488928074131, 0.0, 0.0)",2
7545,31,12,10,"(0.03550653097490399, 0.06927916245295945, 0.09682940930282144, 0.0017773360538905325, 0.0, 0.101407885009597, 0.0, 0.10994488928074131, 0.0, 0.0)",6
7546,31,12,10,"(0.02568465605944112, 0.06927916245295945, 0.09682940930282144, 0.0017773360538905325, 0.0, 0.06291875767155253, 0.0, 0.13834123195733622, 0.0, 0.0)",2
7547,31,12,10,"(0.03550653097490399, 0.06927916245295945, 0.09682940930282144, 0.0017773360538905325, 0.0, 0.09794800980788547, 0.0, 0.10994488928074131, 0.0, 0.0)",14
7548,31,12,10,"(0.03550653097490399, 0.06927916245295945, 0.09682940930282144, 0.0017773360538905325, 0.0, 0.06291875767155253, 0.0, 0.10994488928074131, 0.0, 0.0)",118
7549,31,12,10,"(0.03550653097490399, 0.06927916245295945, 0.09682940930282144, 0.0017773360538905325, 0.0, 0.051600666938171044, 0.0, 0.16283531584602284, 0.0, 0.0)",1
7550,31,13,6,"(0.03426039533065134, 0.011572197494497125, 0.0, 0.030181603934096246, 0.005422768956954101, 0.0, 0.019795240631728064, 0.0, 0.019227492070094103, 0.05874522297052942)",1
7551,31,13,6,"(0.03491756074871415, 0.011572197494497125, 0.0, 0.030181603934096246, 0.005422768956954101, 0.0, 0.019795240631728064, 0.0, 0.028146417112716555, 0.05874522297052942)",1
7552,31,13,6,"(0.03426039533065134, 0.011572197494497125, 0.0, 0.030181603934096246, 0.005422768956954101, 0.0, 0.019795240631728064, 0.0, 0.028146417112716555, 0.08889276630205169)",1
7553,31,13,6,"(0.03426039533065134, 0.011572197494497125, 0.0, 0.030181603934096246, 0.005422768956954101, 0.0, 0.019795240631728064, 0.0, 0.028146417112716555, 0.12047748912416963)",2
7554,31,13,6,"(0.03426039533065134, 0.011572197494497125, 0.0, 0.030181603934096246, 0.005422768956954101, 0.0, 0.01630969232077616, 0.0, 0.036081923700962894, 0.05874522297052942)",7
7555,31,13,6,"(0.03426039533065134, 0.011572197494497125, 0.0, 0.030181603934096246, 0.005422768956954101, 0.0, 0.019795240631728064, 0.0, 0.028146417112716555, 0.05874522297052942)",186
7556,31,14,11,"(0.0, 0.0, 0.09864539577037362, 0.01650583712158267, 0.0, 0.030645849071221472, 0.16773790467281977, 0.046237642847009, 0.026121609841380632, 0.0)",127
7557,31,14,11,"(0.0, 0.0, 0.07563427679391872, 0.01650583712158267, 0.0, 0.030645849071221472, 0.16773790467281977, 0.046237642847009, 0.026121609841380632, 0.0)",147
7558,31,14,11,"(0.0, 0.0, 0.07563427679391872, 0.01650583712158267, 0.0, 0.030645849071221472, 0.18136494990648772, 0.030342669041848142, 0.026121609841380632, 0.0)",28
7559,31,14,11,"(0.0, 0.0, 0.09864539577037362, 0.01650583712158267, 0.0, 0.022793597128386123, 0.15787426857478407, 0.046237642847009, 0.026121609841380632, 0.0)",2
7560,31,14,11,"(0.0, 0.0, 0.07563427679391872, 0.010705677364909358, 0.0, 0.030645849071221472, 0.6039248146091544, 0.046237642847009, 0.03980094256615057, 0.0)",1
7561,31,14,11,"(0.0, 0.0, 0.09864539577037362, 0.01650583712158267, 0.0, 0.022793597128386123, 0.07403173408782222, 0.046237642847009, 0.026121609841380632, 0.0)",1
7562,31,14,11,"(0.0, 0.0, 0.07266704391126295, 0.01650583712158267, 0.0, 0.030645849071221472, 0.14306135329247086, 0.046237642847009, 0.026121609841380632, 0.0)",3
7563,31,14,11,"(0.0, 0.0, 0.07563427679391872, 0.01650583712158267, 0.0, 0.024664935055256562, 0.16773790467281977, 0.046237642847009, 0.026121609841380632, 0.0)",3
7564,31,14,11,"(0.0, 0.0, 0.07563427679391872, 0.01650583712158267, 0.0, 0.030645849071221472, 0.16773790467281977, 0.04579508678282547, 0.026121609841380632, 0.0)",1
7565,31,14,13,"(0.0, 0.02461978404713738, 0.023035932332134326, 0.0, 0.02782635193618294, 0.022173256981297827, 0.0, 0.0, 0.01089208668844536, 0.00476393156717078)",1
7566,31,14,13,"(0.0, 0.02461978404713738, 0.023035932332134326, 0.0, 0.012055311991322117, 0.022173256981297827, 0.0, 0.0, 0.01089208668844536, 0.00476393156717078)",3
7567,31,14,13,"(0.0, 0.02461978404713738, 0.023035932332134326, 0.0, 0.015682515837790453, 0.022173256981297827, 0.0, 0.0, 0.01089208668844536, 0.00476393156717078)",1
7568,31,14,13,"(0.0, 0.02461978404713738, 0.023035932332134326, 0.0, 0.01810411441758469, 0.022173256981297827, 0.0, 0.0, 0.01089208668844536, 0.00476393156717078)",238
7569,31,15,11,"(0.0, 0.0, 0.11839367174953695, 0.01650583712158267, 0.0, 0.030645849071221472, 0.16773790467281977, 0.0404147798164449, 0.026121609841380632, 0.0)",549
7570,31,15,11,"(0.0, 0.0, 0.11839367174953695, 0.01650583712158267, 0.0, 0.030645849071221472, 0.16773790467281977, 0.0404147798164449, 0.02509876015944868, 0.0)",1
7571,31,15,11,"(0.0, 0.0, 0.15111295946443176, 0.01650583712158267, 0.0, 0.031855945818016276, 0.15181274520729268, 0.0404147798164449, 0.026121609841380632, 0.0)",1
7572,31,15,11,"(0.0, 0.0, 0.22394627618462765, 0.01650583712158267, 0.0, 0.030645849071221472, 0.16773790467281977, 0.0404147798164449, 0.026121609841380632, 0.0)",1
7573,31,15,11,"(0.0, 0.0, 0.11839367174953695, 0.01650583712158267, 0.0, 0.021513891721677007, 0.16773790467281977, 0.03159541249497326, 0.023994876975270765, 0.0)",3
7574,31,15,11,"(0.0, 0.0, 0.11839367174953695, 0.01650583712158267, 0.0, 0.030645849071221472, 0.16773790467281977, 0.03352173028476992, 0.013992234103870592, 0.0)",2
7575,31,15,11,"(0.0, 0.0, 0.11839367174953695, 0.01650583712158267, 0.0, 0.030645849071221472, 0.16773790467281977, 0.044348688677703356, 0.026121609841380632, 0.0)",2
7576,31,15,11,"(0.0, 0.0, 0.11839367174953695, 0.01650583712158267, 0.0, 0.030645849071221472, 0.1367789958846297, 0.05051720314393137, 0.026121609841380632, 0.0)",1
7577,31,16,1,"(0.0, 0.0, 0.041406372128065916, 0.0, 0.0, 0.020446415898821117, 0.0, 0.0, 0.0, 0.047529216575968564)",2
7578,31,16,1,"(0.0, 0.0, 0.041406372128065916, 0.0, 0.0, 0.022654797741616044, 0.0, 0.0, 0.0, 0.06796382094747233)",1
7579,31,16,1,"(0.0, 0.0, 0.041406372128065916, 0.0, 0.0, 0.022535904451619366, 0.0, 0.0, 0.0, 0.09965925051150999)",73
7580,31,16,1,"(0.0, 0.0, 0.041406372128065916, 0.0, 0.0, 0.0199117526153351, 0.0, 0.0, 0.0, 0.047259846958128605)",10
7581,31,16,1,"(0.0, 0.0, 0.041406372128065916, 0.0, 0.0, 0.013644892457436938, 0.0, 0.0, 0.0, 0.09965925051150999)",21
7582,31,16,1,"(0.0, 0.0, 0.041406372128065916, 0.0, 0.0, 0.0199117526153351, 0.0, 0.0, 0.0, 0.053079885168575563)",22
7583,31,16,1,"(0.0, 0.0, 0.041406372128065916, 0.0, 0.0, 0.0199117526153351, 0.0, 0.0, 0.0, 0.047529216575968564)",383
7584,31,16,1,"(0.0, 0.0, 0.041406372128065916, 0.0, 0.0, 0.014851488001892142, 0.0, 0.0, 0.0, 0.047529216575968564)",2
7585,31,16,1,"(0.0, 0.0, 0.041406372128065916, 0.0, 0.0, 0.0199117526153351, 0.0, 0.0, 0.0, 0.09965925051150999)",212
7586,31,16,1,"(0.0, 0.0, 0.041406372128065916, 0.0, 0.0, 0.02922844517207136, 0.0, 0.0, 0.0, 0.047529216575968564)",3
7587,31,16,1,"(0.0, 0.0, 0.041406372128065916, 0.0, 0.0, 0.03350853805393532, 0.0, 0.0, 0.0, 0.047529216575968564)",3
7588,31,16,1,"(0.0, 0.0, 0.029342663701969758, 0.0, 0.0, 0.0199117526153351, 0.0, 0.0, 0.0, 0.09965925051150999)",4
7589,31,16,1,"(0.0, 0.0, 0.05177927027974863, 0.0, 0.0, 0.023053237337984634, 0.0, 0.0, 0.0, 0.09965925051150999)",1
7590,31,16,1,"(0.0, 0.0, 0.041406372128065916, 0.0, 0.0, 0.022535904451619366, 0.0, 0.0, 0.0, 0.09308035117262335)",1
7591,31,16,1,"(0.0, 0.0, 0.025433581414862218, 0.0, 0.0, 0.0199117526153351, 0.0, 0.0, 0.0, 0.047529216575968564)",6
7592,31,16,1,"(0.0, 0.0, 0.041406372128065916, 0.0, 0.0, 0.0199117526153351, 0.0, 0.0, 0.0, 0.027763674863882575)",1
7593,31,16,1,"(0.0, 0.0, 0.041406372128065916, 0.0, 0.0, 0.0199117526153351, 0.0, 0.0, 0.0, 0.1977478459828808)",1
7594,31,16,1,"(0.0, 0.0, 0.041690447908248385, 0.0, 0.0, 0.06478333421865119, 0.0, 0.0, 0.0, 0.09965925051150999)",1
7595,31,16,1,"(0.0, 0.0, 0.041406372128065916, 0.0, 0.0, 0.011960463066015205, 0.0, 0.0, 0.0, 0.047529216575968564)",1
7596,31,16,8,"(0.16507889091742442, 0.046525949225991035, 0.0, 0.0, 0.07022106556493442, 0.0, 0.060701614823567854, 0.12896674725311108, 0.0, 0.0)",67
7597,31,16,8,"(0.16507889091742442, 0.046525949225991035, 0.0, 0.0, 0.07022106556493442, 0.0, 0.055583507593958546, 0.1116381245929446, 0.0, 0.0)",1
7598,31,16,8,"(0.09948902774139998, 0.046525949225991035, 0.0, 0.0, 0.07022106556493442, 0.0, 0.060701614823567854, 0.1116381245929446, 0.0, 0.0)",2
7599,31,16,8,"(0.16507889091742442, 0.046525949225991035, 0.0, 0.0, 0.07022106556493442, 0.0, 0.060701614823567854, 0.1116381245929446, 0.0, 0.0)",134
7600,31,16,8,"(0.16507889091742442, 0.046525949225991035, 0.0, 0.0, 0.07022106556493442, 0.0, 0.060701614823567854, 0.13095513165217057, 0.0, 0.0)",1
7601,31,16,8,"(0.16507889091742442, 0.046525949225991035, 0.0, 0.0, 0.07022106556493442, 0.0, 0.08319516954615302, 0.10847725141816246, 0.0, 0.0)",18
7602,31,17,1,"(0.0, 0.0, 0.10922905711608999, 0.0, 0.0, 0.030018978917809972, 0.0, 0.0, 0.0, 0.08352991151611319)",2
7603,31,17,1,"(0.0, 0.0, 0.11149163635209249, 0.0, 0.0, 0.030018978917809972, 0.0, 0.0, 0.0, 0.0910060267578522)",2
7604,31,17,1,"(0.0, 0.0, 0.13155175537465202, 0.0, 0.0, 0.010411245651517305, 0.0, 0.0, 0.0, 0.12771065988479685)",2
7605,31,17,1,"(0.0, 0.0, 0.10922905711608999, 0.0, 0.0, 0.014679675916919013, 0.0, 0.0, 0.0, 0.08912426570757179)",1
7606,31,17,1,"(0.0, 0.0, 0.10650950881622333, 0.0, 0.0, 0.026355234332179747, 0.0, 0.0, 0.0, 0.04557123282186749)",1
7607,31,17,1,"(0.0, 0.0, 0.11970136403788782, 0.0, 0.0, 0.030018978917809972, 0.0, 0.0, 0.0, 0.04255569373604204)",4
7608,31,17,1,"(0.0, 0.0, 0.17823927348490626, 0.0, 0.0, 0.030018978917809972, 0.0, 0.0, 0.0, 0.0910060267578522)",1
7609,31,17,1,"(0.0, 0.0, 0.10922905711608999, 0.0, 0.0, 0.018960691369951713, 0.0, 0.0, 0.0, 0.0910060267578522)",3
7610,31,17,1,"(0.0, 0.0, 0.13303990053041798, 0.0, 0.0, 0.030018978917809972, 0.0, 0.0, 0.0, 0.0910060267578522)",1
7611,31,17,1,"(0.0, 0.0, 0.10922905711608999, 0.0, 0.0, 0.030018978917809972, 0.0, 0.0, 0.0, 0.0910060267578522)",700
7612,31,17,1,"(0.0, 0.0, 0.10650950881622333, 0.0, 0.0, 0.022640784901484766, 0.0, 0.0, 0.0, 0.04557123282186749)",25
7613,31,17,8,"(0.10294337677241405, 0.04632028014141928, 0.0, 0.0, 0.07022106556493442, 0.0, 0.10402321689056752, 0.1116381245929446, 0.0, 0.0)",9
7614,31,17,8,"(0.10294337677241405, 0.03762859860118518, 0.0, 0.0, 0.07022106556493442, 0.0, 0.08319516954615302, 0.1116381245929446, 0.0, 0.0)",1
7615,31,17,8,"(0.0761586992152023, 0.04632028014141928, 0.0, 0.0, 0.07022106556493442, 0.0, 0.08319516954615302, 0.1116381245929446, 0.0, 0.0)",6
7616,31,17,8,"(0.19235562551390653, 0.04632028014141928, 0.0, 0.0, 0.07022106556493442, 0.0, 0.08319516954615302, 0.1116381245929446, 0.0, 0.0)",33
7617,31,17,8,"(0.07264289970012217, 0.04632028014141928, 0.0, 0.0, 0.07022106556493442, 0.0, 0.08319516954615302, 0.10611660762036107, 0.0, 0.0)",1
7618,31,17,8,"(0.10294337677241405, 0.0693058055879099, 0.0, 0.0, 0.07022106556493442, 0.0, 0.0638937446846744, 0.1116381245929446, 0.0, 0.0)",52
7619,31,17,8,"(0.10294337677241405, 0.04632028014141928, 0.0, 0.0, 0.07022106556493442, 0.0, 0.08319516954615302, 0.1116381245929446, 0.0, 0.0)",156
7620,31,18,10,"(0.07734904686468291, 0.06927916245295945, 0.09798512249246677, 0.0017773360538905325, 0.0, 0.06291875767155253, 0.0, 0.10994488928074131, 0.0, 0.0)",1
7621,31,18,10,"(0.04415615380775369, 0.06927916245295945, 0.07972607630471518, 0.0017773360538905325, 0.0, 0.07652961854977364, 0.0, 0.10994488928074131, 0.0, 0.0)",1
7622,31,18,10,"(0.07734904686468291, 0.06927916245295945, 0.09682940930282144, 0.0017773360538905325, 0.0, 0.06291875767155253, 0.0, 0.10994488928074131, 0.0, 0.0)",153
7623,31,18,10,"(0.07734904686468291, 0.06927916245295945, 0.06043296499839751, 0.0017773360538905325, 0.0, 0.06291875767155253, 0.0, 0.10994488928074131, 0.0, 0.0)",1
7624,31,18,10,"(0.0747834281833318, 0.06927916245295945, 0.09682940930282144, 0.0017773360538905325, 0.0, 0.06291875767155253, 0.0, 0.10994488928074131, 0.0, 0.0)",2
7625,31,18,11,"(0.0, 0.0, 0.08898107447558858, 0.01650583712158267, 0.0, 0.03150275214907511, 0.13038533056739307, 0.08028238650273146, 0.026121609841380632, 0.0)",358
7626,31,18,11,"(0.0, 0.0, 0.06384207443256425, 0.01650583712158267, 0.0, 0.03150275214907511, 0.13038533056739307, 0.08028238650273146, 0.026121609841380632, 0.0)",9
7627,31,18,11,"(0.0, 0.0, 0.10162229243639816, 0.01650583712158267, 0.0, 0.03150275214907511, 0.13038533056739307, 0.08028238650273146, 0.056226340468910806, 0.0)",3
7628,31,18,11,"(0.0, 0.0, 0.09864539577037362, 0.01650583712158267, 0.0, 0.03150275214907511, 0.13038533056739307, 0.08028238650273146, 0.02168373388423522, 0.0)",1
7629,31,18,11,"(0.0, 0.0, 0.08898107447558858, 0.01650583712158267, 0.0, 0.017389869999077167, 0.13038533056739307, 0.08028238650273146, 0.026121609841380632, 0.0)",2
7630,31,18,11,"(0.0, 0.0, 0.08898107447558858, 0.01548739538796353, 0.0, 0.03150275214907511, 0.13038533056739307, 0.08028238650273146, 0.026121609841380632, 0.0)",3
7631,31,18,11,"(0.0, 0.0, 0.08898107447558858, 0.01650583712158267, 0.0, 0.03150275214907511, 0.13038533056739307, 0.08028238650273146, 0.056226340468910806, 0.0)",96
7632,31,18,11,"(0.0, 0.0, 0.09864539577037362, 0.01650583712158267, 0.0, 0.03150275214907511, 0.13038533056739307, 0.08028238650273146, 0.026121609841380632, 0.0)",114
7633,31,18,11,"(0.0, 0.0, 0.08809126514598488, 0.01650583712158267, 0.0, 0.03150275214907511, 0.13038533056739307, 0.08028238650273146, 0.026121609841380632, 0.0)",1
7634,31,18,11,"(0.0, 0.0, 0.1724190295072097, 0.01650583712158267, 0.0, 0.03150275214907511, 0.13038533056739307, 0.060978984331018525, 0.026121609841380632, 0.0)",4
7635,31,19,13,"(0.0, 0.02461978404713738, 0.013674643692896272, 0.0, 0.01810411441758469, 0.022173256981297827, 0.0, 0.0, 0.01089208668844536, 0.0046235838435737895)",1
7636,31,19,13,"(0.0, 0.02461978404713738, 0.023035932332134326, 0.0, 0.01810411441758469, 0.022173256981297827, 0.0, 0.0, 0.01089208668844536, 0.00476393156717078)",160
7637,31,19,13,"(0.0, 0.02461978404713738, 0.013674643692896272, 0.0, 0.05056505032684706, 0.022173256981297827, 0.0, 0.0, 0.01089208668844536, 0.0028621211431144253)",2
7638,31,19,13,"(0.0, 0.02461978404713738, 0.023035932332134326, 0.0, 0.044504759498835256, 0.022173256981297827, 0.0, 0.0, 0.01089208668844536, 0.00476393156717078)",1
7639,31,19,13,"(0.0, 0.02461978404713738, 0.013674643692896272, 0.0, 0.01810411441758469, 0.022173256981297827, 0.0, 0.0, 0.01089208668844536, 0.0028621211431144253)",109
7640,31,20,10,"(0.07734904686468291, 0.06927916245295945, 0.09682940930282144, 0.0017773360538905325, 0.0, 0.06291875767155253, 0.0, 0.10994488928074131, 0.0, 0.0)",126
7641,31,20,10,"(0.07734904686468291, 0.0943192934505169, 0.09682940930282144, 0.0017773360538905325, 0.0, 0.06291875767155253, 0.0, 0.10994488928074131, 0.0, 0.0)",1
7642,31,20,11,"(0.0, 0.0, 0.03664497950459847, 0.01650583712158267, 0.0, 0.02548938439096223, 0.09572491856946197, 0.02144956500811941, 0.036485718580663774, 0.0)",1
7643,31,20,11,"(0.0, 0.0, 0.03664497950459847, 0.023970141509268676, 0.0, 0.02548938439096223, 0.09572491856946197, 0.08028238650273146, 0.036485718580663774, 0.0)",1
7644,31,20,11,"(0.0, 0.0, 0.03664497950459847, 0.022444918411715455, 0.0, 0.02548938439096223, 0.09572491856946197, 0.09067586848052991, 0.036485718580663774, 0.0)",1
7645,31,20,11,"(0.0, 0.0, 0.03664497950459847, 0.01650583712158267, 0.0, 0.02548938439096223, 0.08087839993698963, 0.08028238650273146, 0.036485718580663774, 0.0)",1
7646,31,20,11,"(0.0, 0.0, 0.03664497950459847, 0.01650583712158267, 0.0, 0.01780455315179954, 0.09572491856946197, 0.0951650437485075, 0.036485718580663774, 0.0)",1
7647,31,20,11,"(0.0, 0.0, 0.03664497950459847, 0.01650583712158267, 0.0, 0.02548938439096223, 0.09572491856946197, 0.08028238650273146, 0.036485718580663774, 0.0)",424
7648,31,20,11,"(0.0, 0.0, 0.03664497950459847, 0.01650583712158267, 0.0, 0.02548938439096223, 0.09572491856946197, 0.05885302880459243, 0.036485718580663774, 0.0)",28
7649,31,20,11,"(0.0, 0.0, 0.03664497950459847, 0.020460479251480132, 0.0, 0.02548938439096223, 0.09572491856946197, 0.08028238650273146, 0.036485718580663774, 0.0)",2
7650,31,20,11,"(0.0, 0.0, 0.03504074074931641, 0.01650583712158267, 0.0, 0.02548938439096223, 0.09572491856946197, 0.05451646272873941, 0.0448304978771166, 0.0)",1
7651,31,20,11,"(0.0, 0.0, 0.03664497950459847, 0.01650583712158267, 0.0, 0.02548938439096223, 0.09572491856946197, 0.0951650437485075, 0.036485718580663774, 0.0)",77
7652,31,20,11,"(0.0, 0.0, 0.03664497950459847, 0.029682903578661022, 0.0, 0.019087372037448102, 0.09572491856946197, 0.08028238650273146, 0.036485718580663774, 0.0)",1
7653,31,20,11,"(0.0, 0.0, 0.03664497950459847, 0.01650583712158267, 0.0, 0.019087372037448102, 0.09572491856946197, 0.08028238650273146, 0.036485718580663774, 0.0)",21
7654,31,20,11,"(0.0, 0.0, 0.03664497950459847, 0.01650583712158267, 0.0, 0.02548938439096223, 0.09572491856946197, 0.08028238650273146, 0.0672099333832433, 0.0)",5
7655,32,0,6,"(0.03426039533065134, 0.011572197494497125, 0.0, 0.030181603934096246, 0.005422768956954101, 0.0, 0.019795240631728064, 0.0, 0.028146417112716555, 0.05874522297052942)",157
7656,32,0,6,"(0.03426039533065134, 0.011572197494497125, 0.0, 0.030181603934096246, 0.005422768956954101, 0.0, 0.015259882522651867, 0.0, 0.028146417112716555, 0.05874522297052942)",11
7657,32,0,11,"(0.0, 0.0, 0.06200374261520503, 0.010654525538403636, 0.0, 0.030645849071221472, 0.16773790467281977, 0.06471128129841798, 0.026121609841380632, 0.0)",242
7658,32,0,11,"(0.0, 0.0, 0.060217123654052865, 0.010654525538403636, 0.0, 0.030645849071221472, 0.16773790467281977, 0.08028238650273146, 0.026121609841380632, 0.0)",2
7659,32,0,11,"(0.0, 0.0, 0.08066487521111047, 0.010654525538403636, 0.0, 0.030645849071221472, 0.16773790467281977, 0.08028238650273146, 0.026121609841380632, 0.0)",1
7660,32,0,11,"(0.0, 0.0, 0.06200374261520503, 0.010654525538403636, 0.0, 0.030645849071221472, 0.16773790467281977, 0.0797456997777123, 0.012752179848913896, 0.0)",1
7661,32,0,11,"(0.0, 0.0, 0.04059677683224259, 0.010654525538403636, 0.0, 0.030645849071221472, 0.16773790467281977, 0.08028238650273146, 0.026121609841380632, 0.0)",1
7662,32,0,11,"(0.0, 0.0, 0.06200374261520503, 0.007054549791795298, 0.0, 0.030645849071221472, 0.16773790467281977, 0.06471128129841798, 0.026121609841380632, 0.0)",2
7663,32,0,11,"(0.0, 0.0, 0.0395938191837526, 0.010654525538403636, 0.0, 0.030645849071221472, 0.14906927094304023, 0.06471128129841798, 0.013943104321756036, 0.0)",2
7664,32,0,11,"(0.0, 0.0, 0.06200374261520503, 0.011645053884145957, 0.0, 0.030645849071221472, 0.16773790467281977, 0.08028238650273146, 0.026121609841380632, 0.0)",3
7665,32,0,11,"(0.0, 0.0, 0.06200374261520503, 0.010654525538403636, 0.0, 0.030645849071221472, 0.16773790467281977, 0.08028238650273146, 0.026121609841380632, 0.0)",123
7666,32,1,6,"(0.06150302691006142, 0.011572197494497125, 0.0, 0.030181603934096246, 0.005422768956954101, 0.0, 0.019795240631728064, 0.0, 0.028146417112716555, 0.041710180489617256)",1
7667,32,1,6,"(0.01707141141507064, 0.011572197494497125, 0.0, 0.030181603934096246, 0.005422768956954101, 0.0, 0.019795240631728064, 0.0, 0.028146417112716555, 0.05874522297052942)",1
7668,32,1,6,"(0.03426039533065134, 0.012677549799613316, 0.0, 0.030181603934096246, 0.011800878069153906, 0.0, 0.019795240631728064, 0.0, 0.028146417112716555, 0.05874522297052942)",1
7669,32,1,6,"(0.02513793793143382, 0.00921012897445905, 0.0, 0.030181603934096246, 0.0053870673393245, 0.0, 0.019795240631728064, 0.0, 0.028146417112716555, 0.05874522297052942)",1
7670,32,1,6,"(0.03426039533065134, 0.011572197494497125, 0.0, 0.030181603934096246, 0.005422768956954101, 0.0, 0.019795240631728064, 0.0, 0.028146417112716555, 0.05874522297052942)",209
7671,32,1,6,"(0.06336739115613985, 0.011572197494497125, 0.0, 0.030181603934096246, 0.005422768956954101, 0.0, 0.019795240631728064, 0.0, 0.028146417112716555, 0.05874522297052942)",1
7672,32,1,6,"(0.01647831211386961, 0.011572197494497125, 0.0, 0.030181603934096246, 0.005422768956954101, 0.0, 0.011480100530961447, 0.0, 0.028146417112716555, 0.05874522297052942)",31
7673,32,1,6,"(0.03426039533065134, 0.011572197494497125, 0.0, 0.030181603934096246, 0.005422768956954101, 0.0, 0.019795240631728064, 0.0, 0.028146417112716555, 0.04661594169213449)",5
7674,32,1,6,"(0.03426039533065134, 0.011572197494497125, 0.0, 0.030181603934096246, 0.005422768956954101, 0.0, 0.0172115166126772, 0.0, 0.028146417112716555, 0.05874522297052942)",1
7675,32,1,6,"(0.06150302691006142, 0.011572197494497125, 0.0, 0.030181603934096246, 0.005422768956954101, 0.0, 0.019795240631728064, 0.0, 0.028146417112716555, 0.05874522297052942)",9
7676,32,1,8,"(0.07111035742329365, 0.046525949225991035, 0.0, 0.0, 0.051217346146779696, 0.0, 0.08319516954615302, 0.06425315078703381, 0.0, 0.0)",5
7677,32,1,8,"(0.07111035742329365, 0.046525949225991035, 0.0, 0.0, 0.051217346146779696, 0.0, 0.08319516954615302, 0.1415123366655704, 0.0, 0.0)",160
7678,32,2,13,"(0.0, 0.02461978404713738, 0.023035932332134326, 0.0, 0.00970885425506607, 0.022173256981297827, 0.0, 0.0, 0.01089208668844536, 0.00476393156717078)",334
7679,32,2,13,"(0.0, 0.030648976596614072, 0.023035932332134326, 0.0, 0.00970885425506607, 0.022173256981297827, 0.0, 0.0, 0.01089208668844536, 0.00476393156717078)",2
7680,32,2,13,"(0.0, 0.024196303817282213, 0.023035932332134326, 0.0, 0.00970885425506607, 0.022173256981297827, 0.0, 0.0, 0.01089208668844536, 0.00476393156717078)",1
7681,32,2,13,"(0.0, 0.02461978404713738, 0.023035932332134326, 0.0, 0.00970885425506607, 0.030837392009797824, 0.0, 0.0, 0.01089208668844536, 0.00476393156717078)",5
7682,32,2,13,"(0.0, 0.02461978404713738, 0.014440732857357037, 0.0, 0.00970885425506607, 0.022173256981297827, 0.0, 0.0, 0.01089208668844536, 0.00476393156717078)",1
7683,32,2,13,"(0.0, 0.02461978404713738, 0.023035932332134326, 0.0, 0.00970885425506607, 0.01435246438494864, 0.0, 0.0, 0.01089208668844536, 0.00476393156717078)",4
7684,32,3,13,"(0.0, 0.02461978404713738, 0.023035932332134326, 0.0, 0.01810411441758469, 0.022173256981297827, 0.0, 0.0, 0.01089208668844536, 0.0024406349647482155)",430
7685,32,3,13,"(0.0, 0.027684270526714943, 0.023035932332134326, 0.0, 0.01810411441758469, 0.022173256981297827, 0.0, 0.0, 0.01089208668844536, 0.0024406349647482155)",1
7686,32,3,13,"(0.0, 0.02461978404713738, 0.023035932332134326, 0.0, 0.01810411441758469, 0.022173256981297827, 0.0, 0.0, 0.01089208668844536, 0.002221456719193688)",1
7687,32,3,13,"(0.0, 0.01594764275943796, 0.023035932332134326, 0.0, 0.01810411441758469, 0.022173256981297827, 0.0, 0.0, 0.01089208668844536, 0.0024406349647482155)",1
7688,32,3,13,"(0.0, 0.02461978404713738, 0.02271017914197471, 0.0, 0.01810411441758469, 0.022173256981297827, 0.0, 0.0, 0.01089208668844536, 0.0024406349647482155)",2
7689,32,3,13,"(0.0, 0.02461978404713738, 0.023035932332134326, 0.0, 0.01810411441758469, 0.021260879812773803, 0.0, 0.0, 0.01089208668844536, 0.0024406349647482155)",1
7690,32,3,13,"(0.0, 0.02461978404713738, 0.023035932332134326, 0.0, 0.01810411441758469, 0.022173256981297827, 0.0, 0.0, 0.01257687887716895, 0.0024406349647482155)",3
7691,32,3,13,"(0.0, 0.02461978404713738, 0.023035932332134326, 0.0, 0.01810411441758469, 0.022173256981297827, 0.0, 0.0, 0.009088634761344699, 0.0024406349647482155)",1
7692,32,4,11,"(0.0, 0.0, 0.09864539577037362, 0.01650583712158267, 0.0, 0.030645849071221472, 0.08153022673827125, 0.07240876560513207, 0.026121609841380632, 0.0)",486
7693,32,4,11,"(0.0, 0.0, 0.09864539577037362, 0.01650583712158267, 0.0, 0.028471226796343733, 0.08153022673827125, 0.06671881032432517, 0.026121609841380632, 0.0)",1
7694,32,4,11,"(0.0, 0.0, 0.09864539577037362, 0.01650583712158267, 0.0, 0.01996003480769166, 0.08153022673827125, 0.07240876560513207, 0.026121609841380632, 0.0)",1
7695,32,4,11,"(0.0, 0.0, 0.09864539577037362, 0.01650583712158267, 0.0, 0.030645849071221472, 0.08153022673827125, 0.058992102938836145, 0.026121609841380632, 0.0)",18
7696,32,4,11,"(0.0, 0.0, 0.08254094863774417, 0.012438299265196464, 0.0, 0.030645849071221472, 0.08153022673827125, 0.07240876560513207, 0.026121609841380632, 0.0)",1
7697,32,4,11,"(0.0, 0.0, 0.09864539577037362, 0.025283669803774896, 0.0, 0.030645849071221472, 0.08153022673827125, 0.07240876560513207, 0.026121609841380632, 0.0)",9
7698,32,4,11,"(0.0, 0.0, 0.09864539577037362, 0.01650583712158267, 0.0, 0.030645849071221472, 0.08153022673827125, 0.05053894575347843, 0.026121609841380632, 0.0)",4
7699,32,4,11,"(0.0, 0.0, 0.15915667341859743, 0.01650583712158267, 0.0, 0.030645849071221472, 0.08153022673827125, 0.15363938347932543, 0.026121609841380632, 0.0)",1
7700,32,4,11,"(0.0, 0.0, 0.09864539577037362, 0.010244515989289077, 0.0, 0.030645849071221472, 0.08153022673827125, 0.07240876560513207, 0.026121609841380632, 0.0)",2
7701,32,5,0,"(0.053209390331101565, 0.0, 0.0, 0.0, 0.0, 0.038664151314593, 0.08380840797570269, 0.06261049614614052, 0.0, 0.0)",1
7702,32,5,0,"(0.07400250769571483, 0.0, 0.0, 0.0, 0.0, 0.038664151314593, 0.08380840797570269, 0.036940807544228786, 0.0, 0.0)",4
7703,32,5,0,"(0.037824223569904766, 0.0, 0.0, 0.0, 0.0, 0.038664151314593, 0.08380840797570269, 0.06261049614614052, 0.0, 0.0)",8
7704,32,5,0,"(0.07400250769571483, 0.0, 0.0, 0.0, 0.0, 0.038664151314593, 0.08380840797570269, 0.0618723446685027, 0.0, 0.0)",1
7705,32,5,0,"(0.07400250769571483, 0.0, 0.0, 0.0, 0.0, 0.06016181733346026, 0.08380840797570269, 0.06261049614614052, 0.0, 0.0)",46
7706,32,5,0,"(0.07400250769571483, 0.0, 0.0, 0.0, 0.0, 0.038664151314593, 0.07284674450029566, 0.06261092678273217, 0.0, 0.0)",1
7707,32,5,0,"(0.05466841069046677, 0.0, 0.0, 0.0, 0.0, 0.038664151314593, 0.08380840797570269, 0.06261049614614052, 0.0, 0.0)",1
7708,32,5,0,"(0.07400250769571483, 0.0, 0.0, 0.0, 0.0, 0.038664151314593, 0.08380840797570269, 0.06261049614614052, 0.0, 0.0)",199
7709,32,5,0,"(0.07400250769571483, 0.0, 0.0, 0.0, 0.0, 0.038664151314593, 0.08380840797570269, 0.0751305601965374, 0.0, 0.0)",10
7710,32,5,0,"(0.09941600621874802, 0.0, 0.0, 0.0, 0.0, 0.038664151314593, 0.08380840797570269, 0.06261049614614052, 0.0, 0.0)",1
7711,32,5,0,"(0.07400250769571483, 0.0, 0.0, 0.0, 0.0, 0.038664151314593, 0.08380840797570269, 0.05257813298470212, 0.0, 0.0)",3
7712,32,5,0,"(0.07400250769571483, 0.0, 0.0, 0.0, 0.0, 0.038664151314593, 0.0866994946653439, 0.07555986381556788, 0.0, 0.0)",1
7713,32,5,6,"(0.03426039533065134, 0.011572197494497125, 0.0, 0.030181603934096246, 0.004129165755904161, 0.0, 0.019795240631728064, 0.0, 0.01753446257520459, 0.05874522297052942)",1
7714,32,5,6,"(0.03426039533065134, 0.011572197494497125, 0.0, 0.030181603934096246, 0.004311250819757176, 0.0, 0.019795240631728064, 0.0, 0.028146417112716555, 0.05874522297052942)",32
7715,32,5,6,"(0.03426039533065134, 0.011572197494497125, 0.0, 0.030181603934096246, 0.005422768956954101, 0.0, 0.019795240631728064, 0.0, 0.028146417112716555, 0.07025841865126332)",1
7716,32,5,6,"(0.03426039533065134, 0.008710193296634583, 0.0, 0.030181603934096246, 0.004129165755904161, 0.0, 0.019795240631728064, 0.0, 0.028146417112716555, 0.05874522297052942)",1
7717,32,5,6,"(0.039393038675299204, 0.011572197494497125, 0.0, 0.04969363094013087, 0.004311250819757176, 0.0, 0.019795240631728064, 0.0, 0.028146417112716555, 0.08039207905192475)",7
7718,32,5,6,"(0.039740274579578294, 0.011572197494497125, 0.0, 0.030181603934096246, 0.005422768956954101, 0.0, 0.019795240631728064, 0.0, 0.028146417112716555, 0.05874522297052942)",1
7719,32,5,6,"(0.03426039533065134, 0.011572197494497125, 0.0, 0.030181603934096246, 0.005422768956954101, 0.0, 0.019795240631728064, 0.0, 0.028146417112716555, 0.05874522297052942)",162
7720,32,5,6,"(0.03426039533065134, 0.011572197494497125, 0.0, 0.030181603934096246, 0.005422768956954101, 0.0, 0.024408263977224644, 0.0, 0.028146417112716555, 0.05874522297052942)",1
7721,32,5,6,"(0.04242885177171078, 0.011572197494497125, 0.0, 0.030181603934096246, 0.005422768956954101, 0.0, 0.019795240631728064, 0.0, 0.028146417112716555, 0.05874522297052942)",4
7722,32,5,6,"(0.03426039533065134, 0.011572197494497125, 0.0, 0.030181603934096246, 0.004129165755904161, 0.0, 0.019795240631728064, 0.0, 0.028146417112716555, 0.05874522297052942)",59
7723,32,6,0,"(0.06234213132962305, 0.0, 0.0, 0.0, 0.0, 0.017098731129875016, 0.07011830437097326, 0.0691048466035698, 0.0, 0.0)",96
7724,32,6,0,"(0.07400250769571483, 0.0, 0.0, 0.0, 0.0, 0.012018569664300278, 0.08380840797570269, 0.0691048466035698, 0.0, 0.0)",5
7725,32,6,0,"(0.07400250769571483, 0.0, 0.0, 0.0, 0.0, 0.017098731129875016, 0.08380840797570269, 0.0691048466035698, 0.0, 0.0)",135
7726,32,6,0,"(0.13116470990386536, 0.0, 0.0, 0.0, 0.0, 0.017098731129875016, 0.08380840797570269, 0.0691048466035698, 0.0, 0.0)",3
7727,32,7,13,"(0.0, 0.02461978404713738, 0.023035932332134326, 0.0, 0.01810411441758469, 0.0235602883053541, 0.0, 0.0, 0.01089208668844536, 0.00476393156717078)",1
7728,32,7,13,"(0.0, 0.02461978404713738, 0.023035932332134326, 0.0, 0.01810411441758469, 0.022173256981297827, 0.0, 0.0, 0.01089208668844536, 0.00476393156717078)",201
7729,32,7,13,"(0.0, 0.02507909888164219, 0.023035932332134326, 0.0, 0.01810411441758469, 0.022173256981297827, 0.0, 0.0, 0.01089208668844536, 0.00476393156717078)",1
7730,32,7,13,"(0.0, 0.02021838932432901, 0.023035932332134326, 0.0, 0.01810411441758469, 0.022173256981297827, 0.0, 0.0, 0.01089208668844536, 0.00476393156717078)",2
7731,32,7,13,"(0.0, 0.02461978404713738, 0.023035932332134326, 0.0, 0.01810411441758469, 0.03203222975816444, 0.0, 0.0, 0.01089208668844536, 0.004776837852955356)",1
7732,32,7,13,"(0.0, 0.02461978404713738, 0.02061530399499599, 0.0, 0.011000534585692298, 0.022173256981297827, 0.0, 0.0, 0.01089208668844536, 0.00476393156717078)",6
7733,32,7,13,"(0.0, 0.02461978404713738, 0.023035932332134326, 0.0, 0.01810411441758469, 0.022173256981297827, 0.0, 0.0, 0.010551791789438337, 0.00476393156717078)",1
7734,32,8,11,"(0.0, 0.0, 0.09864539577037362, 0.02150422363422624, 0.0, 0.030645849071221472, 0.16773790467281977, 0.07853938228671843, 0.026121609841380632, 0.0)",2
7735,32,8,11,"(0.0, 0.0, 0.09864539577037362, 0.02150422363422624, 0.0, 0.030645849071221472, 0.16773790467281977, 0.0386197297757742, 0.02681522670816983, 0.0)",3
7736,32,8,11,"(0.0, 0.0, 0.09864539577037362, 0.02150422363422624, 0.0, 0.04266756662917528, 0.16773790467281977, 0.0386197297757742, 0.026121609841380632, 0.0)",2
7737,32,8,11,"(0.0, 0.0, 0.09864539577037362, 0.02150422363422624, 0.0, 0.030645849071221472, 0.20237985172774856, 0.0386197297757742, 0.026121609841380632, 0.0)",1
7738,32,8,11,"(0.0, 0.0, 0.09864539577037362, 0.02150422363422624, 0.0, 0.026075529121804317, 0.16773790467281977, 0.0386197297757742, 0.026121609841380632, 0.0)",30
7739,32,8,11,"(0.0, 0.0, 0.09864539577037362, 0.027866420657468093, 0.0, 0.026075529121804317, 0.16773790467281977, 0.0386197297757742, 0.026121609841380632, 0.0)",1
7740,32,8,11,"(0.0, 0.0, 0.09864539577037362, 0.02150422363422624, 0.0, 0.030645849071221472, 0.16773790467281977, 0.0386197297757742, 0.026121609841380632, 0.0)",589
7741,32,8,11,"(0.0, 0.0, 0.09864539577037362, 0.02150422363422624, 0.0, 0.030645849071221472, 0.13887576776532906, 0.0386197297757742, 0.026121609841380632, 0.0)",2
7742,32,8,11,"(0.0, 0.0, 0.07959246896506024, 0.02150422363422624, 0.0, 0.030645849071221472, 0.16773790467281977, 0.0386197297757742, 0.026121609841380632, 0.0)",2
7743,32,9,11,"(0.0, 0.0, 0.09864539577037362, 0.01650583712158267, 0.0, 0.01879732149564954, 0.16243652964526273, 0.08028238650273146, 0.026121609841380632, 0.0)",1
7744,32,9,11,"(0.0, 0.0, 0.17991827535139068, 0.01650583712158267, 0.0, 0.02375279233445006, 0.16773790467281977, 0.08028238650273146, 0.026121609841380632, 0.0)",17
7745,32,9,11,"(0.0, 0.0, 0.09864539577037362, 0.01650583712158267, 0.0, 0.030645849071221472, 0.16243652964526273, 0.06792936019780225, 0.026121609841380632, 0.0)",7
7746,32,9,11,"(0.0, 0.0, 0.15529162080299805, 0.01650583712158267, 0.0, 0.02375279233445006, 0.2416482554373891, 0.08028238650273146, 0.026121609841380632, 0.0)",2
7747,32,9,11,"(0.0, 0.0, 0.11755819882518005, 0.01650583712158267, 0.0, 0.021493909322305507, 0.16773790467281977, 0.061695345546580224, 0.026121609841380632, 0.0)",36
7748,32,9,11,"(0.0, 0.0, 0.11755819882518005, 0.008824630923786946, 0.0, 0.02375279233445006, 0.15777332994513785, 0.08028238650273146, 0.026121609841380632, 0.0)",1
7749,32,9,11,"(0.0, 0.0, 0.11755819882518005, 0.008824630923786946, 0.0, 0.02375279233445006, 0.2811263739323141, 0.08028238650273146, 0.026121609841380632, 0.0)",1
7750,32,9,11,"(0.0, 0.0, 0.11755819882518005, 0.01650583712158267, 0.0, 0.02375279233445006, 0.16773790467281977, 0.08028238650273146, 0.01990572213593993, 0.0)",1
7751,32,9,11,"(0.0, 0.0, 0.11755819882518005, 0.008824630923786946, 0.0, 0.02375279233445006, 0.16773790467281977, 0.08028238650273146, 0.026121609841380632, 0.0)",26
7752,32,9,11,"(0.0, 0.0, 0.11755819882518005, 0.01650583712158267, 0.0, 0.02375279233445006, 0.1254348761332085, 0.08028238650273146, 0.026121609841380632, 0.0)",6
7753,32,9,11,"(0.0, 0.0, 0.11755819882518005, 0.01650583712158267, 0.0, 0.02375279233445006, 0.22950671046376467, 0.08028238650273146, 0.026121609841380632, 0.0)",8
7754,32,9,11,"(0.0, 0.0, 0.11755819882518005, 0.01650583712158267, 0.0, 0.02375279233445006, 0.16773790467281977, 0.061695345546580224, 0.026121609841380632, 0.0)",57
7755,32,9,11,"(0.0, 0.0, 0.09864539577037362, 0.01650583712158267, 0.0, 0.030645849071221472, 0.16243652964526273, 0.08028238650273146, 0.026121609841380632, 0.0)",150
7756,32,9,11,"(0.0, 0.0, 0.3137580848539741, 0.01650583712158267, 0.0, 0.02375279233445006, 0.16773790467281977, 0.061695345546580224, 0.026121609841380632, 0.0)",1
7757,32,9,11,"(0.0, 0.0, 0.11755819882518005, 0.01650583712158267, 0.0, 0.02375279233445006, 0.16773790467281977, 0.08028238650273146, 0.026121609841380632, 0.0)",243
7758,32,10,13,"(0.0, 0.03802341298675171, 0.023035932332134326, 0.0, 0.01810411441758469, 0.022173256981297827, 0.0, 0.0, 0.01089208668844536, 0.00476393156717078)",1
7759,32,10,13,"(0.0, 0.02461978404713738, 0.02198527347175777, 0.0, 0.01810411441758469, 0.022173256981297827, 0.0, 0.0, 0.01089208668844536, 0.00476393156717078)",1
7760,32,10,13,"(0.0, 0.02461978404713738, 0.02189549257548575, 0.0, 0.01810411441758469, 0.022173256981297827, 0.0, 0.0, 0.01089208668844536, 0.00476393156717078)",1
7761,32,10,13,"(0.0, 0.04778773511559643, 0.023035932332134326, 0.0, 0.013331147548264883, 0.022173256981297827, 0.0, 0.0, 0.01089208668844536, 0.00476393156717078)",1
7762,32,10,13,"(0.0, 0.02461978404713738, 0.023035932332134326, 0.0, 0.01810411441758469, 0.022173256981297827, 0.0, 0.0, 0.01089208668844536, 0.00476393156717078)",243
7763,32,10,13,"(0.0, 0.02461978404713738, 0.023035932332134326, 0.0, 0.01315848290114781, 0.022173256981297827, 0.0, 0.0, 0.01089208668844536, 0.00476393156717078)",1
7764,32,10,13,"(0.0, 0.02307383337038631, 0.023035932332134326, 0.0, 0.027421892670605588, 0.022173256981297827, 0.0, 0.0, 0.01089208668844536, 0.00476393156717078)",17
7765,32,10,13,"(0.0, 0.018883581081304023, 0.022096300053100537, 0.0, 0.01810411441758469, 0.07419934947703741, 0.0, 0.0, 0.01089208668844536, 0.00476393156717078)",2
7766,32,10,13,"(0.0, 0.02461978404713738, 0.022096300053100537, 0.0, 0.01810411441758469, 0.022173256981297827, 0.0, 0.0, 0.01314419857834415, 0.00476393156717078)",4
7767,32,10,13,"(0.0, 0.02461978404713738, 0.022096300053100537, 0.0, 0.01810411441758469, 0.022173256981297827, 0.0, 0.0, 0.01089208668844536, 0.00476393156717078)",63
7768,32,11,13,"(0.0, 0.02461978404713738, 0.023035932332134326, 0.0, 0.01810411441758469, 0.022173256981297827, 0.0, 0.0, 0.01089208668844536, 0.004798430706637645)",2
7769,32,11,13,"(0.0, 0.02461978404713738, 0.023035932332134326, 0.0, 0.01810411441758469, 0.022173256981297827, 0.0, 0.0, 0.01089208668844536, 0.00476393156717078)",243
7770,32,11,13,"(0.0, 0.02461978404713738, 0.023035932332134326, 0.0, 0.01810411441758469, 0.022173256981297827, 0.0, 0.0, 0.01089208668844536, 0.004984627541632632)",2
7771,32,11,13,"(0.0, 0.02461978404713738, 0.01872749706100941, 0.0, 0.01810411441758469, 0.01092572526788496, 0.0, 0.0, 0.017787228183358438, 0.008834260564559814)",1
7772,32,11,13,"(0.0, 0.02461978404713738, 0.01840333397402146, 0.0, 0.01810411441758469, 0.022173256981297827, 0.0, 0.0, 0.01089208668844536, 0.00476393156717078)",1
7773,32,11,13,"(0.0, 0.02461978404713738, 0.020831055674161162, 0.0, 0.01810411441758469, 0.022173256981297827, 0.0, 0.0, 0.01089208668844536, 0.00476393156717078)",2
7774,32,11,13,"(0.0, 0.02461978404713738, 0.023035932332134326, 0.0, 0.01810411441758469, 0.011867301571871724, 0.0, 0.0, 0.01089208668844536, 0.00476393156717078)",1
7775,32,11,13,"(0.0, 0.02461978404713738, 0.023035932332134326, 0.0, 0.01810411441758469, 0.017926044274408054, 0.0, 0.0, 0.01089208668844536, 0.00476393156717078)",1
7776,32,11,13,"(0.0, 0.02461978404713738, 0.015206583909397761, 0.0, 0.01601821480772377, 0.022173256981297827, 0.0, 0.0, 0.01089208668844536, 0.00476393156717078)",8
7777,32,11,13,"(0.0, 0.02461978404713738, 0.023035932332134326, 0.0, 0.01810411441758469, 0.022173256981297827, 0.0, 0.0, 0.01089208668844536, 0.004157627251114839)",1
7778,32,11,13,"(0.0, 0.02089111398810478, 0.023035932332134326, 0.0, 0.01810411441758469, 0.022173256981297827, 0.0, 0.0, 0.01089208668844536, 0.00476393156717078)",15
7779,32,11,13,"(0.0, 0.02461978404713738, 0.023035932332134326, 0.0, 0.01810411441758469, 0.022173256981297827, 0.0, 0.0, 0.01089208668844536, 0.005885462492787565)",1
7780,32,11,13,"(0.0, 0.02461978404713738, 0.023035932332134326, 0.0, 0.01810411441758469, 0.018667231732995903, 0.0, 0.0, 0.01089208668844536, 0.0052857337872374895)",1
7781,32,11,13,"(0.0, 0.02461978404713738, 0.0314893232694475, 0.0, 0.01810411441758469, 0.022173256981297827, 0.0, 0.0, 0.01089208668844536, 0.00476393156717078)",1
7782,32,12,8,"(0.19235562551390653, 0.046525949225991035, 0.0, 0.0, 0.04573034632799446, 0.0, 0.08319516954615302, 0.1116381245929446, 0.0, 0.0)",172
7783,32,12,8,"(0.4870311402795961, 0.046525949225991035, 0.0, 0.0, 0.04573034632799446, 0.0, 0.08319516954615302, 0.1116381245929446, 0.0, 0.0)",1
7784,32,12,8,"(0.19235562551390653, 0.08911206566453155, 0.0, 0.0, 0.04573034632799446, 0.0, 0.08319516954615302, 0.1116381245929446, 0.0, 0.0)",1
7785,32,12,8,"(0.20904915018108294, 0.046525949225991035, 0.0, 0.0, 0.04573034632799446, 0.0, 0.08319516954615302, 0.1116381245929446, 0.0, 0.0)",1
7786,32,12,10,"(0.03550653097490399, 0.06927916245295945, 0.09682940930282144, 0.0017773360538905325, 0.0, 0.06291875767155253, 0.0, 0.10994488928074131, 0.0, 0.0)",118
7787,32,12,10,"(0.022384570735347664, 0.06927916245295945, 0.09682940930282144, 0.0017773360538905325, 0.0, 0.06291875767155253, 0.0, 0.10994488928074131, 0.0, 0.0)",107
7788,32,12,10,"(0.022384570735347664, 0.06927916245295945, 0.09682940930282144, 0.0017773360538905325, 0.0, 0.06291875767155253, 0.0, 0.07710594260432355, 0.0, 0.0)",1
7789,32,12,10,"(0.03550653097490399, 0.06927916245295945, 0.09682940930282144, 0.0011474606297960407, 0.0, 0.06291875767155253, 0.0, 0.10994488928074131, 0.0, 0.0)",1
7790,32,12,10,"(0.03550653097490399, 0.06927916245295945, 0.09682940930282144, 0.0017773360538905325, 0.0, 0.09794800980788547, 0.0, 0.10994488928074131, 0.0, 0.0)",26
7791,32,13,6,"(0.03426039533065134, 0.015858151065592352, 0.0, 0.030181603934096246, 0.005422768956954101, 0.0, 0.019795240631728064, 0.0, 0.028146417112716555, 0.05874522297052942)",2
7792,32,13,6,"(0.03426039533065134, 0.011572197494497125, 0.0, 0.03059477880262686, 0.005422768956954101, 0.0, 0.019795240631728064, 0.0, 0.028146417112716555, 0.05874522297052942)",1
7793,32,13,6,"(0.03426039533065134, 0.011572197494497125, 0.0, 0.030181603934096246, 0.008259893935414332, 0.0, 0.019795240631728064, 0.0, 0.03835757627859864, 0.05874522297052942)",1
7794,32,13,6,"(0.03426039533065134, 0.011572197494497125, 0.0, 0.030181603934096246, 0.005422768956954101, 0.0, 0.019795240631728064, 0.0, 0.028146417112716555, 0.05874522297052942)",183
7795,32,14,11,"(0.0, 0.0, 0.07563427679391872, 0.01650583712158267, 0.0, 0.030645849071221472, 0.16773790467281977, 0.046237642847009, 0.026121609841380632, 0.0)",195
7796,32,14,11,"(0.0, 0.0, 0.07563427679391872, 0.01650583712158267, 0.0, 0.030645849071221472, 0.18136494990648772, 0.030342669041848142, 0.026121609841380632, 0.0)",25
7797,32,14,11,"(0.0, 0.0, 0.09864539577037362, 0.01650583712158267, 0.0, 0.030645849071221472, 0.16773790467281977, 0.046237642847009, 0.026121609841380632, 0.0)",24
7798,32,14,11,"(0.0, 0.0, 0.07563427679391872, 0.007625686045184814, 0.0, 0.030645849071221472, 0.16773790467281977, 0.046237642847009, 0.026121609841380632, 0.0)",3
7799,32,14,11,"(0.0, 0.0, 0.07563427679391872, 0.02532215848286715, 0.0, 0.03337859930402396, 0.16773790467281977, 0.046237642847009, 0.026121609841380632, 0.0)",2
7800,32,14,11,"(0.0, 0.0, 0.07266704391126295, 0.01650583712158267, 0.0, 0.030645849071221472, 0.14306135329247086, 0.046237642847009, 0.026121609841380632, 0.0)",31
7801,32,14,11,"(0.0, 0.0, 0.08236358586183261, 0.01650583712158267, 0.0, 0.01962185446792892, 0.16773790467281977, 0.046237642847009, 0.026121609841380632, 0.0)",1
7802,32,14,11,"(0.0, 0.0, 0.12557380005373261, 0.01650583712158267, 0.0, 0.02309974716024654, 0.16773790467281977, 0.046237642847009, 0.01472256553049802, 0.0)",3
7803,32,14,13,"(0.0, 0.024050300815858, 0.023035932332134326, 0.0, 0.01810411441758469, 0.022173256981297827, 0.0, 0.0, 0.01089208668844536, 0.00476393156717078)",2
7804,32,14,13,"(0.0, 0.02461978404713738, 0.023035932332134326, 0.0, 0.01810411441758469, 0.022173256981297827, 0.0, 0.0, 0.01089208668844536, 0.00476393156717078)",291
7805,32,14,13,"(0.0, 0.02461978404713738, 0.024797374594082277, 0.0, 0.01810411441758469, 0.022173256981297827, 0.0, 0.0, 0.017492571683346735, 0.00476393156717078)",2
7806,32,15,11,"(0.0, 0.0, 0.11839367174953695, 0.01650583712158267, 0.0, 0.025611709633867493, 0.18181856465341767, 0.0404147798164449, 0.026121609841380632, 0.0)",6
7807,32,15,11,"(0.0, 0.0, 0.11839367174953695, 0.01650583712158267, 0.0, 0.030645849071221472, 0.16773790467281977, 0.02692953711462911, 0.026121609841380632, 0.0)",1
7808,32,15,11,"(0.0, 0.0, 0.11839367174953695, 0.01650583712158267, 0.0, 0.030645849071221472, 0.11663546953505614, 0.0404147798164449, 0.026121609841380632, 0.0)",15
7809,32,15,11,"(0.0, 0.0, 0.11839367174953695, 0.013700608354818837, 0.0, 0.030645849071221472, 0.16773790467281977, 0.0404147798164449, 0.019667930930816514, 0.0)",1
7810,32,15,11,"(0.0, 0.0, 0.11839367174953695, 0.01650583712158267, 0.0, 0.030645849071221472, 0.16773790467281977, 0.0404147798164449, 0.02144222512510923, 0.0)",1
7811,32,15,11,"(0.0, 0.0, 0.11839367174953695, 0.01650583712158267, 0.0, 0.030645849071221472, 0.16773790467281977, 0.0404147798164449, 0.026121609841380632, 0.0)",542
7812,32,15,11,"(0.0, 0.0, 0.11839367174953695, 0.01650583712158267, 0.0, 0.030645849071221472, 0.16773790467281977, 0.0404147798164449, 0.025542157956350724, 0.0)",1
7813,32,15,11,"(0.0, 0.0, 0.11839367174953695, 0.01650583712158267, 0.0, 0.030645849071221472, 0.13384409736760883, 0.0404147798164449, 0.026121609841380632, 0.0)",2
7814,32,15,11,"(0.0, 0.0, 0.11839367174953695, 0.01650583712158267, 0.0, 0.030645849071221472, 0.16773790467281977, 0.0404147798164449, 0.02158132598340613, 0.0)",3
7815,32,15,11,"(0.0, 0.0, 0.11839367174953695, 0.01650583712158267, 0.0, 0.019715594871484155, 0.16773790467281977, 0.0404147798164449, 0.026121609841380632, 0.0)",1
7816,32,15,11,"(0.0, 0.0, 0.11839367174953695, 0.014297902622630884, 0.0, 0.030645849071221472, 0.16773790467281977, 0.0404147798164449, 0.026121609841380632, 0.0)",1
7817,32,15,11,"(0.0, 0.0, 0.11839367174953695, 0.009284152420875543, 0.0, 0.030645849071221472, 0.16773790467281977, 0.0404147798164449, 0.026121609841380632, 0.0)",11
7818,32,15,11,"(0.0, 0.0, 0.11839367174953695, 0.01650583712158267, 0.0, 0.035329580207653394, 0.16773790467281977, 0.0404147798164449, 0.026121609841380632, 0.0)",3
7819,32,16,1,"(0.0, 0.0, 0.041406372128065916, 0.0, 0.0, 0.02922844517207136, 0.0, 0.0, 0.0, 0.047529216575968564)",11
7820,32,16,1,"(0.0, 0.0, 0.041406372128065916, 0.0, 0.0, 0.0199117526153351, 0.0, 0.0, 0.0, 0.09965925051150999)",153
7821,32,16,1,"(0.0, 0.0, 0.041406372128065916, 0.0, 0.0, 0.016091630402398367, 0.0, 0.0, 0.0, 0.047529216575968564)",3
7822,32,16,1,"(0.0, 0.0, 0.041406372128065916, 0.0, 0.0, 0.022535904451619366, 0.0, 0.0, 0.0, 0.09965925051150999)",15
7823,32,16,1,"(0.0, 0.0, 0.03412386560231512, 0.0, 0.0, 0.009119170953664135, 0.0, 0.0, 0.0, 0.09940043992799491)",1
7824,32,16,1,"(0.0, 0.0, 0.041406372128065916, 0.0, 0.0, 0.0199117526153351, 0.0, 0.0, 0.0, 0.047529216575968564)",444
7825,32,16,1,"(0.0, 0.0, 0.041406372128065916, 0.0, 0.0, 0.0199117526153351, 0.0, 0.0, 0.0, 0.053079885168575563)",104
7826,32,16,1,"(0.0, 0.0, 0.041406372128065916, 0.0, 0.0, 0.006916992226076993, 0.0, 0.0, 0.0, 0.047529216575968564)",1
7827,32,16,1,"(0.0, 0.0, 0.04028763565096257, 0.0, 0.0, 0.0199117526153351, 0.0, 0.0, 0.0, 0.059396742742854995)",1
7828,32,16,1,"(0.0, 0.0, 0.041406372128065916, 0.0, 0.0, 0.0199117526153351, 0.0, 0.0, 0.0, 0.04261900439778187)",2
7829,32,16,1,"(0.0, 0.0, 0.04600539167048009, 0.0, 0.0, 0.0199117526153351, 0.0, 0.0, 0.0, 0.09965925051150999)",1
7830,32,16,1,"(0.0, 0.0, 0.041406372128065916, 0.0, 0.0, 0.011960463066015205, 0.0, 0.0, 0.0, 0.047529216575968564)",3
7831,32,16,1,"(0.0, 0.0, 0.05254118045918081, 0.0, 0.0, 0.021433053784424873, 0.0, 0.0, 0.0, 0.06240823596729262)",1
7832,32,16,1,"(0.0, 0.0, 0.028346634975856103, 0.0, 0.0, 0.0199117526153351, 0.0, 0.0, 0.0, 0.047529216575968564)",2
7833,32,16,1,"(0.0, 0.0, 0.041406372128065916, 0.0, 0.0, 0.0199117526153351, 0.0, 0.0, 0.0, 0.04607846094247066)",1
7834,32,16,1,"(0.0, 0.0, 0.041406372128065916, 0.0, 0.0, 0.0199117526153351, 0.0, 0.0, 0.0, 0.03792220167601545)",1
7835,32,16,1,"(0.0, 0.0, 0.041406372128065916, 0.0, 0.0, 0.01892606304236061, 0.0, 0.0, 0.0, 0.047529216575968564)",1
7836,32,16,1,"(0.0, 0.0, 0.041406372128065916, 0.0, 0.0, 0.0199117526153351, 0.0, 0.0, 0.0, 0.037395917030938884)",2
7837,32,16,8,"(0.16507889091742442, 0.046525949225991035, 0.0, 0.0, 0.07022106556493442, 0.0, 0.060701614823567854, 0.1116381245929446, 0.0, 0.0)",133
7838,32,16,8,"(0.16507889091742442, 0.046525949225991035, 0.0, 0.0, 0.034262884185992215, 0.0, 0.08319516954615302, 0.10847725141816246, 0.0, 0.0)",3
7839,32,16,8,"(0.16507889091742442, 0.046525949225991035, 0.0, 0.0, 0.07022106556493442, 0.0, 0.060701614823567854, 0.12896674725311108, 0.0, 0.0)",39
7840,32,16,8,"(0.16507889091742442, 0.046525949225991035, 0.0, 0.0, 0.07022106556493442, 0.0, 0.060701614823567854, 0.19585772638057766, 0.0, 0.0)",1
7841,32,16,8,"(0.16507889091742442, 0.046525949225991035, 0.0, 0.0, 0.07022106556493442, 0.0, 0.08319516954615302, 0.10847725141816246, 0.0, 0.0)",60
7842,32,16,8,"(0.16507889091742442, 0.046525949225991035, 0.0, 0.0, 0.07022106556493442, 0.0, 0.08319516954615302, 0.042580395774073354, 0.0, 0.0)",2
7843,32,17,1,"(0.0, 0.0, 0.10922905711608999, 0.0, 0.0, 0.030018978917809972, 0.0, 0.0, 0.0, 0.07015418476056715)",1
7844,32,17,1,"(0.0, 0.0, 0.10922905711608999, 0.0, 0.0, 0.030018978917809972, 0.0, 0.0, 0.0, 0.05617152606114725)",1
7845,32,17,1,"(0.0, 0.0, 0.10922905711608999, 0.0, 0.0, 0.018960691369951713, 0.0, 0.0, 0.0, 0.0910060267578522)",77
7846,32,17,1,"(0.0, 0.0, 0.11523185205641269, 0.0, 0.0, 0.018960691369951713, 0.0, 0.0, 0.0, 0.1007251977016852)",1
7847,32,17,1,"(0.0, 0.0, 0.11616967155031056, 0.0, 0.0, 0.030018978917809972, 0.0, 0.0, 0.0, 0.0910060267578522)",1
7848,32,17,1,"(0.0, 0.0, 0.05668154420986759, 0.0, 0.0, 0.030018978917809972, 0.0, 0.0, 0.0, 0.0910060267578522)",2
7849,32,17,1,"(0.0, 0.0, 0.05126765493131856, 0.0, 0.0, 0.021914325119958975, 0.0, 0.0, 0.0, 0.0910060267578522)",1
7850,32,17,1,"(0.0, 0.0, 0.10922905711608999, 0.0, 0.0, 0.030018978917809972, 0.0, 0.0, 0.0, 0.0910060267578522)",577
7851,32,17,1,"(0.0, 0.0, 0.10650950881622333, 0.0, 0.0, 0.022640784901484766, 0.0, 0.0, 0.0, 0.04557123282186749)",31
7852,32,17,8,"(0.07292105694451154, 0.0693058055879099, 0.0, 0.0, 0.07022106556493442, 0.0, 0.0638937446846744, 0.1116381245929446, 0.0, 0.0)",2
7853,32,17,8,"(0.0761586992152023, 0.04632028014141928, 0.0, 0.0, 0.07022106556493442, 0.0, 0.08319516954615302, 0.1116381245929446, 0.0, 0.0)",56
7854,32,17,8,"(0.10539833439432517, 0.0693058055879099, 0.0, 0.0, 0.10022874144381023, 0.0, 0.0638937446846744, 0.1116381245929446, 0.0, 0.0)",1
7855,32,17,8,"(0.10294337677241405, 0.0693058055879099, 0.0, 0.0, 0.07022106556493442, 0.0, 0.0638937446846744, 0.1116381245929446, 0.0, 0.0)",95
7856,32,17,8,"(0.0761586992152023, 0.053920632074885094, 0.0, 0.0, 0.07022106556493442, 0.0, 0.08319516954615302, 0.1116381245929446, 0.0, 0.0)",3
7857,32,17,8,"(0.10294337677241405, 0.04632028014141928, 0.0, 0.0, 0.07022106556493442, 0.0, 0.08319516954615302, 0.1116381245929446, 0.0, 0.0)",158
7858,32,18,10,"(0.07734904686468291, 0.06008464948805785, 0.09682940930282144, 0.0017773360538905325, 0.0, 0.11636185927433126, 0.0, 0.10994488928074131, 0.0, 0.0)",1
7859,32,18,10,"(0.07734904686468291, 0.07215566697218063, 0.09682940930282144, 0.0017773360538905325, 0.0, 0.06291875767155253, 0.0, 0.10994488928074131, 0.0, 0.0)",1
7860,32,18,10,"(0.07734904686468291, 0.06927916245295945, 0.09682940930282144, 0.0017773360538905325, 0.0, 0.06291875767155253, 0.0, 0.10994488928074131, 0.0, 0.0)",143
7861,32,18,11,"(0.0, 0.0, 0.08898107447558858, 0.01650583712158267, 0.0, 0.03150275214907511, 0.13038533056739307, 0.08028238650273146, 0.02280867302168255, 0.0)",9
7862,32,18,11,"(0.0, 0.0, 0.09864539577037362, 0.01650583712158267, 0.0, 0.03150275214907511, 0.13038533056739307, 0.14657302791199694, 0.02635704791200667, 0.0)",2
7863,32,18,11,"(0.0, 0.0, 0.08898107447558858, 0.013252019201366481, 0.0, 0.03150275214907511, 0.31796577469907167, 0.08028238650273146, 0.026121609841380632, 0.0)",1
7864,32,18,11,"(0.0, 0.0, 0.08898107447558858, 0.01650583712158267, 0.0, 0.029112230065884807, 0.13038533056739307, 0.08028238650273146, 0.026121609841380632, 0.0)",1
7865,32,18,11,"(0.0, 0.0, 0.09864539577037362, 0.01650583712158267, 0.0, 0.03150275214907511, 0.13038533056739307, 0.08028238650273146, 0.026121609841380632, 0.0)",74
7866,32,18,11,"(0.0, 0.0, 0.08898107447558858, 0.01650583712158267, 0.0, 0.03150275214907511, 0.13038533056739307, 0.08028238650273146, 0.056226340468910806, 0.0)",31
7867,32,18,11,"(0.0, 0.0, 0.05034590998593108, 0.01650583712158267, 0.0, 0.03150275214907511, 0.13038533056739307, 0.08028238650273146, 0.026121609841380632, 0.0)",1
7868,32,18,11,"(0.0, 0.0, 0.08898107447558858, 0.01650583712158267, 0.0, 0.03150275214907511, 0.1283471692366011, 0.08028238650273146, 0.026121609841380632, 0.0)",2
7869,32,18,11,"(0.0, 0.0, 0.10550996765402114, 0.01650583712158267, 0.0, 0.03150275214907511, 0.13038533056739307, 0.08028238650273146, 0.026121609841380632, 0.0)",1
7870,32,18,11,"(0.0, 0.0, 0.09864539577037362, 0.01650583712158267, 0.0, 0.03150275214907511, 0.13038533056739307, 0.10517337035991678, 0.026121609841380632, 0.0)",5
7871,32,18,11,"(0.0, 0.0, 0.08898107447558858, 0.01650583712158267, 0.0, 0.03150275214907511, 0.13038533056739307, 0.08028238650273146, 0.026121609841380632, 0.0)",437
7872,32,18,11,"(0.0, 0.0, 0.08898107447558858, 0.014977005751984492, 0.0, 0.03150275214907511, 0.13038533056739307, 0.08028238650273146, 0.026121609841380632, 0.0)",6
7873,32,19,13,"(0.0, 0.02461978404713738, 0.013674643692896272, 0.0, 0.01810411441758469, 0.022173256981297827, 0.0, 0.0, 0.01089208668844536, 0.0031339188616635247)",1
7874,32,19,13,"(0.0, 0.02461978404713738, 0.023035932332134326, 0.0, 0.01810411441758469, 0.022173256981297827, 0.0, 0.0, 0.01089208668844536, 0.004193172949066974)",2
7875,32,19,13,"(0.0, 0.02461978404713738, 0.023035932332134326, 0.0, 0.01810411441758469, 0.022173256981297827, 0.0, 0.0, 0.01089208668844536, 0.00476393156717078)",115
7876,32,19,13,"(0.0, 0.02461978404713738, 0.013674643692896272, 0.0, 0.01810411441758469, 0.022173256981297827, 0.0, 0.0, 0.01089208668844536, 0.0028621211431144253)",77
7877,32,20,10,"(0.07734904686468291, 0.06927916245295945, 0.09682940930282144, 0.0017773360538905325, 0.0, 0.06291875767155253, 0.0, 0.10994488928074131, 0.0, 0.0)",101
7878,32,20,10,"(0.07734904686468291, 0.06927916245295945, 0.0750659662978733, 0.0017773360538905325, 0.0, 0.06291875767155253, 0.0, 0.10994488928074131, 0.0, 0.0)",3
7879,32,20,10,"(0.07734904686468291, 0.06927916245295945, 0.09682940930282144, 0.0012411814134578166, 0.0, 0.06291875767155253, 0.0, 0.10994488928074131, 0.0, 0.0)",1
7880,32,20,10,"(0.07734904686468291, 0.04660039559856438, 0.2124680268817504, 0.0017773360538905325, 0.0, 0.06291875767155253, 0.0, 0.10994488928074131, 0.0, 0.0)",1
7881,32,20,11,"(0.0, 0.0, 0.03664497950459847, 0.01650583712158267, 0.0, 0.02548938439096223, 0.09572491856946197, 0.08028238650273146, 0.036485718580663774, 0.0)",322
7882,32,20,11,"(0.0, 0.0, 0.03664497950459847, 0.01650583712158267, 0.0, 0.02548938439096223, 0.09572491856946197, 0.0951650437485075, 0.02540378566960593, 0.0)",2
7883,32,20,11,"(0.0, 0.0, 0.03664497950459847, 0.01650583712158267, 0.0, 0.02548938439096223, 0.15432653479652067, 0.0951650437485075, 0.036485718580663774, 0.0)",1
7884,32,20,11,"(0.0, 0.0, 0.03664497950459847, 0.020460479251480132, 0.0, 0.02548938439096223, 0.09572491856946197, 0.08028238650273146, 0.036485718580663774, 0.0)",10
7885,32,20,11,"(0.0, 0.0, 0.029271906406089357, 0.01650583712158267, 0.0, 0.019322459831580492, 0.09572491856946197, 0.08028238650273146, 0.036485718580663774, 0.0)",2
7886,32,20,11,"(0.0, 0.0, 0.03664497950459847, 0.01834885943208105, 0.0, 0.02548938439096223, 0.09572491856946197, 0.0951650437485075, 0.036485718580663774, 0.0)",10
7887,32,20,11,"(0.0, 0.0, 0.03664497950459847, 0.01650583712158267, 0.0, 0.02548938439096223, 0.09926124206765796, 0.03288664935056517, 0.036485718580663774, 0.0)",1
7888,32,20,11,"(0.0, 0.0, 0.03664497950459847, 0.01650583712158267, 0.0, 0.02548938439096223, 0.09572491856946197, 0.0951650437485075, 0.036485718580663774, 0.0)",148
7889,32,20,11,"(0.0, 0.0, 0.03664497950459847, 0.01650583712158267, 0.0, 0.03228710411672648, 0.07622338223175128, 0.08028238650273146, 0.023839413307502402, 0.0)",4
7890,32,20,11,"(0.0, 0.0, 0.03664497950459847, 0.01650583712158267, 0.0, 0.02548938439096223, 0.09572491856946197, 0.0951650437485075, 0.02202521558416309, 0.0)",1
7891,32,20,11,"(0.0, 0.0, 0.03664497950459847, 0.01650583712158267, 0.0, 0.02548938439096223, 0.13642973194348623, 0.0951650437485075, 0.036485718580663774, 0.0)",1
7892,32,20,11,"(0.0, 0.0, 0.03664497950459847, 0.01650583712158267, 0.0, 0.02548938439096223, 0.09572491856946197, 0.10959201910188936, 0.036485718580663774, 0.0)",1
7893,32,20,11,"(0.0, 0.0, 0.03664497950459847, 0.01650583712158267, 0.0, 0.02548938439096223, 0.09572491856946197, 0.0849126458745626, 0.036485718580663774, 0.0)",2
7894,32,20,11,"(0.0, 0.0, 0.06521007780562808, 0.01650583712158267, 0.0, 0.02548938439096223, 0.09572491856946197, 0.08028238650273146, 0.036485718580663774, 0.0)",16
7895,32,20,11,"(0.0, 0.0, 0.03664497950459847, 0.01650583712158267, 0.0, 0.02548938439096223, 0.09572491856946197, 0.05885302880459243, 0.036485718580663774, 0.0)",60
7896,33,0,6,"(0.03426039533065134, 0.011572197494497125, 0.0, 0.030181603934096246, 0.005422768956954101, 0.0, 0.019795240631728064, 0.0, 0.028146417112716555, 0.04734024937433338)",1
7897,33,0,6,"(0.03426039533065134, 0.011572197494497125, 0.0, 0.030181603934096246, 0.005422768956954101, 0.0, 0.015259882522651867, 0.0, 0.028146417112716555, 0.05874522297052942)",23
7898,33,0,6,"(0.03426039533065134, 0.011572197494497125, 0.0, 0.030181603934096246, 0.005422768956954101, 0.0, 0.019795240631728064, 0.0, 0.028146417112716555, 0.05874522297052942)",128
7899,33,0,11,"(0.0, 0.0, 0.06200374261520503, 0.010654525538403636, 0.0, 0.030645849071221472, 0.12965420237697925, 0.06471128129841798, 0.026121609841380632, 0.0)",2
7900,33,0,11,"(0.0, 0.0, 0.06200374261520503, 0.012681644719785563, 0.0, 0.030645849071221472, 0.16773790467281977, 0.06471128129841798, 0.026121609841380632, 0.0)",1
7901,33,0,11,"(0.0, 0.0, 0.04059677683224259, 0.010654525538403636, 0.0, 0.046895134553696045, 0.16773790467281977, 0.08028238650273146, 0.026121609841380632, 0.0)",1
7902,33,0,11,"(0.0, 0.0, 0.06200374261520503, 0.010654525538403636, 0.0, 0.030645849071221472, 0.16773790467281977, 0.033049083378694145, 0.05052517945191105, 0.0)",1
7903,33,0,11,"(0.0, 0.0, 0.06200374261520503, 0.010654525538403636, 0.0, 0.04958942306974441, 0.16773790467281977, 0.06471128129841798, 0.026121609841380632, 0.0)",1
7904,33,0,11,"(0.0, 0.0, 0.06200374261520503, 0.010654525538403636, 0.0, 0.030645849071221472, 0.16773790467281977, 0.08028238650273146, 0.026121609841380632, 0.0)",135
7905,33,0,11,"(0.0, 0.0, 0.04059677683224259, 0.010654525538403636, 0.0, 0.030645849071221472, 0.16773790467281977, 0.08028238650273146, 0.026121609841380632, 0.0)",6
7906,33,0,11,"(0.0, 0.0, 0.06200374261520503, 0.010654525538403636, 0.0, 0.030645849071221472, 0.16773790467281977, 0.06471128129841798, 0.026121609841380632, 0.0)",242
7907,33,1,6,"(0.04297043088598373, 0.013865285313516978, 0.0, 0.030181603934096246, 0.005422768956954101, 0.0, 0.019795240631728064, 0.0, 0.028146417112716555, 0.11976891597006503)",1
7908,33,1,6,"(0.03426039533065134, 0.011572197494497125, 0.0, 0.030181603934096246, 0.005422768956954101, 0.0, 0.019795240631728064, 0.0, 0.04513046637300075, 0.05874522297052942)",1
7909,33,1,6,"(0.03426039533065134, 0.011572197494497125, 0.0, 0.030181603934096246, 0.005422768956954101, 0.0, 0.019795240631728064, 0.0, 0.028146417112716555, 0.05874522297052942)",149
7910,33,1,6,"(0.02344698615815016, 0.011572197494497125, 0.0, 0.030181603934096246, 0.005422768956954101, 0.0, 0.01830165967299669, 0.0, 0.023533238107052847, 0.05874522297052942)",4
7911,33,1,6,"(0.01647831211386961, 0.011572197494497125, 0.0, 0.030181603934096246, 0.005422768956954101, 0.0, 0.011480100530961447, 0.0, 0.028146417112716555, 0.05874522297052942)",109
7912,33,1,6,"(0.03426039533065134, 0.011572197494497125, 0.0, 0.030181603934096246, 0.005311471392392269, 0.0, 0.019795240631728064, 0.0, 0.04513046637300075, 0.05874522297052942)",1
7913,33,1,8,"(0.12488596923730842, 0.046525949225991035, 0.0, 0.0, 0.09643057453375793, 0.0, 0.08319516954615302, 0.1415123366655704, 0.0, 0.0)",1
7914,33,1,8,"(0.07111035742329365, 0.026592336023796997, 0.0, 0.0, 0.051217346146779696, 0.0, 0.08319516954615302, 0.1415123366655704, 0.0, 0.0)",1
7915,33,1,8,"(0.07111035742329365, 0.046525949225991035, 0.0, 0.0, 0.051217346146779696, 0.0, 0.08319516954615302, 0.1415123366655704, 0.0, 0.0)",200
7916,33,2,13,"(0.0, 0.02834529768854451, 0.023035932332134326, 0.0, 0.00970885425506607, 0.022173256981297827, 0.0, 0.0, 0.01089208668844536, 0.00476393156717078)",9
7917,33,2,13,"(0.0, 0.022669795847596808, 0.023035932332134326, 0.0, 0.00970885425506607, 0.022173256981297827, 0.0, 0.0, 0.01089208668844536, 0.00476393156717078)",2
7918,33,2,13,"(0.0, 0.02461978404713738, 0.023035932332134326, 0.0, 0.00970885425506607, 0.022173256981297827, 0.0, 0.0, 0.01089208668844536, 0.0014934615080768453)",2
7919,33,2,13,"(0.0, 0.02461978404713738, 0.023035932332134326, 0.0, 0.010950586919995078, 0.022173256981297827, 0.0, 0.0, 0.01089208668844536, 0.00476393156717078)",1
7920,33,2,13,"(0.0, 0.02461978404713738, 0.033313848049946096, 0.0, 0.00970885425506607, 0.022173256981297827, 0.0, 0.0, 0.01089208668844536, 0.004984339241642651)",2
7921,33,2,13,"(0.0, 0.02461978404713738, 0.02573230324982768, 0.0, 0.00970885425506607, 0.022173256981297827, 0.0, 0.0, 0.01089208668844536, 0.007244722672768902)",1
7922,33,2,13,"(0.0, 0.02461978404713738, 0.023035932332134326, 0.0, 0.00970885425506607, 0.022173256981297827, 0.0, 0.0, 0.008319381588549708, 0.00476393156717078)",1
7923,33,2,13,"(0.0, 0.02461978404713738, 0.023035932332134326, 0.0, 0.0036198210303060936, 0.022173256981297827, 0.0, 0.0, 0.01089208668844536, 0.00476393156717078)",1
7924,33,2,13,"(0.0, 0.02461978404713738, 0.023035932332134326, 0.0, 0.00970885425506607, 0.022173256981297827, 0.0, 0.0, 0.01089208668844536, 0.00476393156717078)",283
7925,33,2,13,"(0.0, 0.02461978404713738, 0.02433970738741325, 0.0, 0.008932746232057127, 0.022173256981297827, 0.0, 0.0, 0.01089208668844536, 0.00476393156717078)",4
7926,33,3,13,"(0.0, 0.02461978404713738, 0.023035932332134326, 0.0, 0.01810411441758469, 0.011027838495741772, 0.0, 0.0, 0.01089208668844536, 0.0024406349647482155)",1
7927,33,3,13,"(0.0, 0.02461978404713738, 0.023035932332134326, 0.0, 0.01810411441758469, 0.022173256981297827, 0.0, 0.0, 0.01089208668844536, 0.0024406349647482155)",337
7928,33,3,13,"(0.0, 0.02211990961947789, 0.023035932332134326, 0.0, 0.01810411441758469, 0.024268874796508556, 0.0, 0.0, 0.01089208668844536, 0.0024406349647482155)",1
7929,33,3,13,"(0.0, 0.02461978404713738, 0.023035932332134326, 0.0, 0.01810411441758469, 0.022173256981297827, 0.0, 0.0, 0.01089208668844536, 0.0031051276447847556)",1
7930,33,3,13,"(0.0, 0.02461978404713738, 0.015850318517662422, 0.0, 0.01810411441758469, 0.022173256981297827, 0.0, 0.0, 0.01089208668844536, 0.0024406349647482155)",1
7931,33,3,13,"(0.0, 0.02461978404713738, 0.04941187597110362, 0.0, 0.01810411441758469, 0.029988125755629712, 0.0, 0.0, 0.01089208668844536, 0.0024406349647482155)",1
7932,33,3,13,"(0.0, 0.02461978404713738, 0.016383758472449595, 0.0, 0.01810411441758469, 0.022173256981297827, 0.0, 0.0, 0.012130330023930458, 0.002762935590684276)",1
7933,33,4,11,"(0.0, 0.0, 0.09864539577037362, 0.01650583712158267, 0.0, 0.030645849071221472, 0.08153022673827125, 0.07240876560513207, 0.04521344250732086, 0.0)",3
7934,33,4,11,"(0.0, 0.0, 0.09864539577037362, 0.010180734913344872, 0.0, 0.030645849071221472, 0.08153022673827125, 0.07240876560513207, 0.026121609841380632, 0.0)",3
7935,33,4,11,"(0.0, 0.0, 0.1495620170908426, 0.01650583712158267, 0.0, 0.030645849071221472, 0.08153022673827125, 0.1396256898874492, 0.026121609841380632, 0.0)",3
7936,33,4,11,"(0.0, 0.0, 0.09864539577037362, 0.01650583712158267, 0.0, 0.01996003480769166, 0.05016520471412601, 0.07240876560513207, 0.022765089294054536, 0.0)",1
7937,33,4,11,"(0.0, 0.0, 0.09864539577037362, 0.01650583712158267, 0.0, 0.01996003480769166, 0.08153022673827125, 0.07240876560513207, 0.026121609841380632, 0.0)",7
7938,33,4,11,"(0.0, 0.0, 0.09864539577037362, 0.01650583712158267, 0.0, 0.030645849071221472, 0.08153022673827125, 0.058992102938836145, 0.026121609841380632, 0.0)",47
7939,33,4,11,"(0.0, 0.0, 0.09864539577037362, 0.01650583712158267, 0.0, 0.030645849071221472, 0.05379995204300876, 0.07240876560513207, 0.026121609841380632, 0.0)",1
7940,33,4,11,"(0.0, 0.0, 0.09864539577037362, 0.01650583712158267, 0.0, 0.017369198437648812, 0.08153022673827125, 0.07240876560513207, 0.028384698087643483, 0.0)",1
7941,33,4,11,"(0.0, 0.0, 0.09864539577037362, 0.01650583712158267, 0.0, 0.030645849071221472, 0.08153022673827125, 0.07240876560513207, 0.026121609841380632, 0.0)",432
7942,33,5,0,"(0.07400250769571483, 0.0, 0.0, 0.0, 0.0, 0.04445046914854972, 0.08380840797570269, 0.06261049614614052, 0.0, 0.0)",9
7943,33,5,0,"(0.07400250769571483, 0.0, 0.0, 0.0, 0.0, 0.038664151314593, 0.08380840797570269, 0.06261049614614052, 0.0, 0.0)",208
7944,33,5,0,"(0.04420842824664229, 0.0, 0.0, 0.0, 0.0, 0.02265407275633245, 0.08380840797570269, 0.06879644600083637, 0.0, 0.0)",1
7945,33,5,0,"(0.07400250769571483, 0.0, 0.0, 0.0, 0.0, 0.038664151314593, 0.08666351580692247, 0.06261049614614052, 0.0, 0.0)",1
7946,33,5,0,"(0.07400250769571483, 0.0, 0.0, 0.0, 0.0, 0.06016181733346026, 0.08380840797570269, 0.06261049614614052, 0.0, 0.0)",28
7947,33,5,0,"(0.05079906377985868, 0.0, 0.0, 0.0, 0.0, 0.038664151314593, 0.08380840797570269, 0.06261049614614052, 0.0, 0.0)",1
7948,33,5,6,"(0.039393038675299204, 0.011572197494497125, 0.0, 0.04969363094013087, 0.004311250819757176, 0.0, 0.019795240631728064, 0.0, 0.028146417112716555, 0.08039207905192475)",4
7949,33,5,6,"(0.03426039533065134, 0.011572197494497125, 0.0, 0.030181603934096246, 0.002166043246630517, 0.0, 0.019795240631728064, 0.0, 0.028146417112716555, 0.05874522297052942)",1
7950,33,5,6,"(0.03426039533065134, 0.011572197494497125, 0.0, 0.030181603934096246, 0.004129165755904161, 0.0, 0.019795240631728064, 0.0, 0.028146417112716555, 0.05874522297052942)",34
7951,33,5,6,"(0.03426039533065134, 0.02204190015812985, 0.0, 0.030181603934096246, 0.005422768956954101, 0.0, 0.019795240631728064, 0.0, 0.028146417112716555, 0.05874522297052942)",1
7952,33,5,6,"(0.039393038675299204, 0.011572197494497125, 0.0, 0.04969363094013087, 0.004311250819757176, 0.0, 0.019795240631728064, 0.0, 0.028146417112716555, 0.11991541338710604)",1
7953,33,5,6,"(0.03426039533065134, 0.011572197494497125, 0.0, 0.030181603934096246, 0.005422768956954101, 0.0, 0.019795240631728064, 0.0, 0.028146417112716555, 0.025978204559783672)",2
7954,33,5,6,"(0.058816113149230395, 0.011572197494497125, 0.0, 0.030181603934096246, 0.005422768956954101, 0.0, 0.019795240631728064, 0.0, 0.028146417112716555, 0.05874522297052942)",1
7955,33,5,6,"(0.03426039533065134, 0.011572197494497125, 0.0, 0.030181603934096246, 0.0030002042575985872, 0.0, 0.019795240631728064, 0.0, 0.028146417112716555, 0.05874522297052942)",1
7956,33,5,6,"(0.03426039533065134, 0.011572197494497125, 0.0, 0.030181603934096246, 0.005422768956954101, 0.0, 0.019795240631728064, 0.0, 0.028146417112716555, 0.05874522297052942)",216
7957,33,5,6,"(0.03426039533065134, 0.011572197494497125, 0.0, 0.030181603934096246, 0.005422768956954101, 0.0, 0.023770855833023845, 0.0, 0.04895811067325924, 0.09091810096748985)",1
7958,33,6,0,"(0.10391610536068852, 0.0, 0.0, 0.0, 0.0, 0.013126635406507624, 0.07011830437097326, 0.0691048466035698, 0.0, 0.0)",1
7959,33,6,0,"(0.07400250769571483, 0.0, 0.0, 0.0, 0.0, 0.017098731129875016, 0.08380840797570269, 0.0691048466035698, 0.0, 0.0)",118
7960,33,6,0,"(0.13116470990386536, 0.0, 0.0, 0.0, 0.0, 0.017098731129875016, 0.08380840797570269, 0.0691048466035698, 0.0, 0.0)",7
7961,33,6,0,"(0.058009334286863286, 0.0, 0.0, 0.0, 0.0, 0.017098731129875016, 0.08380840797570269, 0.0691048466035698, 0.0, 0.0)",2
7962,33,6,0,"(0.06234213132962305, 0.0, 0.0, 0.0, 0.0, 0.013126635406507624, 0.07011830437097326, 0.0691048466035698, 0.0, 0.0)",1
7963,33,6,0,"(0.06234213132962305, 0.0, 0.0, 0.0, 0.0, 0.017098731129875016, 0.07011830437097326, 0.0691048466035698, 0.0, 0.0)",112
7964,33,6,0,"(0.06234213132962305, 0.0, 0.0, 0.0, 0.0, 0.017098731129875016, 0.07011830437097326, 0.10006668484590386, 0.0, 0.0)",1
7965,33,7,13,"(0.0, 0.02461978404713738, 0.023035932332134326, 0.0, 0.01810411441758469, 0.022173256981297827, 0.0, 0.0, 0.005298057915552519, 0.00476393156717078)",1
7966,33,7,13,"(0.0, 0.02461978404713738, 0.02836440885276024, 0.0, 0.01810411441758469, 0.022173256981297827, 0.0, 0.0, 0.016500257537315703, 0.00476393156717078)",3
7967,33,7,13,"(0.0, 0.013371467577940452, 0.033448342924327634, 0.0, 0.01810411441758469, 0.022173256981297827, 0.0, 0.0, 0.01089208668844536, 0.00476393156717078)",1
7968,33,7,13,"(0.0, 0.02461978404713738, 0.02196011343002704, 0.0, 0.01810411441758469, 0.01778319621930535, 0.0, 0.0, 0.01089208668844536, 0.00476393156717078)",1
7969,33,7,13,"(0.0, 0.02461978404713738, 0.023035932332134326, 0.0, 0.01810411441758469, 0.022173256981297827, 0.0, 0.0, 0.01089208668844536, 0.00476393156717078)",260
7970,33,7,13,"(0.0, 0.02461978404713738, 0.023035932332134326, 0.0, 0.01810411441758469, 0.03524881530482626, 0.0, 0.0, 0.01089208668844536, 0.00476393156717078)",1
7971,33,8,11,"(0.0, 0.0, 0.09864539577037362, 0.02150422363422624, 0.0, 0.030645849071221472, 0.14374513397114955, 0.0386197297757742, 0.026121609841380632, 0.0)",1
7972,33,8,11,"(0.0, 0.0, 0.09864539577037362, 0.02150422363422624, 0.0, 0.030645849071221472, 0.16773790467281977, 0.0386197297757742, 0.030575859166418893, 0.0)",1
7973,33,8,11,"(0.0, 0.0, 0.09864539577037362, 0.02150422363422624, 0.0, 0.030645849071221472, 0.16773790467281977, 0.0386197297757742, 0.020098089866527898, 0.0)",2
7974,33,8,11,"(0.0, 0.0, 0.09864539577037362, 0.0271868792622959, 0.0, 0.030645849071221472, 0.12930465044744166, 0.026968603245931328, 0.026121609841380632, 0.0)",2
7975,33,8,11,"(0.0, 0.0, 0.09864539577037362, 0.02150422363422624, 0.0, 0.01806965199242604, 0.16773790467281977, 0.0386197297757742, 0.026121609841380632, 0.0)",1
7976,33,8,11,"(0.0, 0.0, 0.09864539577037362, 0.02150422363422624, 0.0, 0.030645849071221472, 0.12786423023633353, 0.03160596580933353, 0.026121609841380632, 0.0)",2
7977,33,8,11,"(0.0, 0.0, 0.09864539577037362, 0.024376551931935282, 0.0, 0.030645849071221472, 0.16773790467281977, 0.0386197297757742, 0.026121609841380632, 0.0)",1
7978,33,8,11,"(0.0, 0.0, 0.07959246896506024, 0.02150422363422624, 0.0, 0.030645849071221472, 0.16773790467281977, 0.0386197297757742, 0.026121609841380632, 0.0)",11
7979,33,8,11,"(0.0, 0.0, 0.09864539577037362, 0.02150422363422624, 0.0, 0.030645849071221472, 0.16773790467281977, 0.03743426146133641, 0.026121609841380632, 0.0)",2
7980,33,8,11,"(0.0, 0.0, 0.09864539577037362, 0.02150422363422624, 0.0, 0.030645849071221472, 0.12930465044744166, 0.026968603245931328, 0.026121609841380632, 0.0)",17
7981,33,8,11,"(0.0, 0.0, 0.09864539577037362, 0.02150422363422624, 0.0, 0.030645849071221472, 0.16773790467281977, 0.0386197297757742, 0.026121609841380632, 0.0)",512
7982,33,8,11,"(0.0, 0.0, 0.09864539577037362, 0.02150422363422624, 0.0, 0.030645849071221472, 0.16773790467281977, 0.0386197297757742, 0.02681522670816983, 0.0)",18
7983,33,9,11,"(0.0, 0.0, 0.11755819882518005, 0.008824630923786946, 0.0, 0.02375279233445006, 0.16773790467281977, 0.08028238650273146, 0.026121609841380632, 0.0)",30
7984,33,9,11,"(0.0, 0.0, 0.1569558784463737, 0.01650583712158267, 0.0, 0.030645849071221472, 0.16243652964526273, 0.13835982401732735, 0.026121609841380632, 0.0)",1
7985,33,9,11,"(0.0, 0.0, 0.11755819882518005, 0.01650583712158267, 0.0, 0.02375279233445006, 0.16773790467281977, 0.08028238650273146, 0.026121609841380632, 0.0)",158
7986,33,9,11,"(0.0, 0.0, 0.11755819882518005, 0.01650583712158267, 0.0, 0.02375279233445006, 0.16773790467281977, 0.07200040675510197, 0.026121609841380632, 0.0)",3
7987,33,9,11,"(0.0, 0.0, 0.09864539577037362, 0.01650583712158267, 0.0, 0.030645849071221472, 0.16243652964526273, 0.08028238650273146, 0.026121609841380632, 0.0)",251
7988,33,9,11,"(0.0, 0.0, 0.09864539577037362, 0.01650583712158267, 0.0, 0.024455192264534333, 0.16243652964526273, 0.08028238650273146, 0.026121609841380632, 0.0)",1
7989,33,9,11,"(0.0, 0.0, 0.10318235094039369, 0.008824630923786946, 0.0, 0.02375279233445006, 0.16773790467281977, 0.08028238650273146, 0.026121609841380632, 0.0)",2
7990,33,9,11,"(0.0, 0.0, 0.11755819882518005, 0.01650583712158267, 0.0, 0.02375279233445006, 0.16773790467281977, 0.061695345546580224, 0.026121609841380632, 0.0)",10
7991,33,9,11,"(0.0, 0.0, 0.11755819882518005, 0.01650583712158267, 0.0, 0.02375279233445006, 0.1254348761332085, 0.08028238650273146, 0.026121609841380632, 0.0)",2
7992,33,9,11,"(0.0, 0.0, 0.11755819882518005, 0.01650583712158267, 0.0, 0.01411518582916876, 0.16773790467281977, 0.061695345546580224, 0.026121609841380632, 0.0)",5
7993,33,9,11,"(0.0, 0.0, 0.11755819882518005, 0.01650583712158267, 0.0, 0.030447571050753297, 0.16773790467281977, 0.08028238650273146, 0.026121609841380632, 0.0)",1
7994,33,9,11,"(0.0, 0.0, 0.09864539577037362, 0.01650583712158267, 0.0, 0.030645849071221472, 0.16243652964526273, 0.08535006754158554, 0.026121609841380632, 0.0)",1
7995,33,9,11,"(0.0, 0.0, 0.09864539577037362, 0.01650583712158267, 0.0, 0.030645849071221472, 0.16243652964526273, 0.05293061968917504, 0.026121609841380632, 0.0)",5
7996,33,9,11,"(0.0, 0.0, 0.17991827535139068, 0.01650583712158267, 0.0, 0.02375279233445006, 0.16773790467281977, 0.08028238650273146, 0.026121609841380632, 0.0)",56
7997,33,9,11,"(0.0, 0.0, 0.11755819882518005, 0.01650583712158267, 0.0, 0.02375279233445006, 0.22950671046376467, 0.08028238650273146, 0.026121609841380632, 0.0)",8
7998,33,9,11,"(0.0, 0.0, 0.09864539577037362, 0.01650583712158267, 0.0, 0.030645849071221472, 0.15321871706704934, 0.08028238650273146, 0.026121609841380632, 0.0)",3
7999,33,9,11,"(0.0, 0.0, 0.15529162080299805, 0.01650583712158267, 0.0, 0.02375279233445006, 0.2416482554373891, 0.08028238650273146, 0.026121609841380632, 0.0)",3
8000,33,10,13,"(0.0, 0.02461978404713738, 0.022096300053100537, 0.0, 0.01810411441758469, 0.03718892215445091, 0.0, 0.0, 0.01089208668844536, 0.00476393156717078)",2
8001,33,10,13,"(0.0, 0.02461978404713738, 0.023035932332134326, 0.0, 0.01810411441758469, 0.022173256981297827, 0.0, 0.0, 0.012020133472893166, 0.00476393156717078)",1
8002,33,10,13,"(0.0, 0.02307383337038631, 0.023035932332134326, 0.0, 0.027421892670605588, 0.022173256981297827, 0.0, 0.0, 0.01089208668844536, 0.00476393156717078)",5
8003,33,10,13,"(0.0, 0.02461978404713738, 0.022096300053100537, 0.0, 0.01810411441758469, 0.022173256981297827, 0.0, 0.0, 0.01089208668844536, 0.00476393156717078)",85
8004,33,10,13,"(0.0, 0.02461978404713738, 0.023035932332134326, 0.0, 0.01810411441758469, 0.022173256981297827, 0.0, 0.0, 0.01089208668844536, 0.00476393156717078)",174
8005,33,10,13,"(0.0, 0.02461978404713738, 0.02116605803111109, 0.0, 0.01810411441758469, 0.022173256981297827, 0.0, 0.0, 0.01089208668844536, 0.00476393156717078)",3
8006,33,10,13,"(0.0, 0.02461978404713738, 0.027722689669485386, 0.0, 0.01810411441758469, 0.022173256981297827, 0.0, 0.0, 0.01089208668844536, 0.00476393156717078)",1
8007,33,10,13,"(0.0, 0.02461978404713738, 0.023035932332134326, 0.0, 0.027071149772471804, 0.022173256981297827, 0.0, 0.0, 0.00861324811343075, 0.00476393156717078)",2
8008,33,10,13,"(0.0, 0.02461978404713738, 0.0549404056100617, 0.0, 0.01810411441758469, 0.022173256981297827, 0.0, 0.0, 0.01089208668844536, 0.00476393156717078)",1
8009,33,10,13,"(0.0, 0.02461978404713738, 0.022096300053100537, 0.0, 0.01810411441758469, 0.022173256981297827, 0.0, 0.0, 0.01089208668844536, 0.0049102405683647855)",2
8010,33,11,13,"(0.0, 0.02650177772871359, 0.023035932332134326, 0.0, 0.01810411441758469, 0.022173256981297827, 0.0, 0.0, 0.009529036874132086, 0.00476393156717078)",1
8011,33,11,13,"(0.0, 0.02461978404713738, 0.023035932332134326, 0.0, 0.01810411441758469, 0.04580180040462814, 0.0, 0.0, 0.01089208668844536, 0.00476393156717078)",1
8012,33,11,13,"(0.0, 0.02461978404713738, 0.015206583909397761, 0.0, 0.01601821480772377, 0.022173256981297827, 0.0, 0.0, 0.01089208668844536, 0.00476393156717078)",2
8013,33,11,13,"(0.0, 0.02461978404713738, 0.023035932332134326, 0.0, 0.01810411441758469, 0.010507909884104896, 0.0, 0.0, 0.01089208668844536, 0.00476393156717078)",1
8014,33,11,13,"(0.0, 0.02461978404713738, 0.023035932332134326, 0.0, 0.01810411441758469, 0.022173256981297827, 0.0, 0.0, 0.01089208668844536, 0.00476393156717078)",346
8015,33,11,13,"(0.0, 0.02461978404713738, 0.023035932332134326, 0.0, 0.01810411441758469, 0.022173256981297827, 0.0, 0.0, 0.01089208668844536, 0.005653623864486879)",1
8016,33,11,13,"(0.0, 0.02461978404713738, 0.023035932332134326, 0.0, 0.01810411441758469, 0.018566258035313577, 0.0, 0.0, 0.01089208668844536, 0.00476393156717078)",2
8017,33,11,13,"(0.0, 0.02461978404713738, 0.015206583909397761, 0.0, 0.01601821480772377, 0.022173256981297827, 0.0, 0.0, 0.01089208668844536, 0.0042368122714708835)",17
8018,33,12,8,"(0.19235562551390653, 0.046525949225991035, 0.0, 0.0, 0.04573034632799446, 0.0, 0.08319516954615302, 0.14190308358462458, 0.0, 0.0)",1
8019,33,12,8,"(0.19235562551390653, 0.05194364291322009, 0.0, 0.0, 0.04573034632799446, 0.0, 0.08319516954615302, 0.1116381245929446, 0.0, 0.0)",32
8020,33,12,8,"(0.19235562551390653, 0.046525949225991035, 0.0, 0.0, 0.04573034632799446, 0.0, 0.08319516954615302, 0.1116381245929446, 0.0, 0.0)",131
8021,33,12,10,"(0.03550653097490399, 0.06927916245295945, 0.09682940930282144, 0.0017773360538905325, 0.0, 0.09794800980788547, 0.0, 0.10994488928074131, 0.0, 0.0)",14
8022,33,12,10,"(0.03550653097490399, 0.06927916245295945, 0.09682940930282144, 0.0017773360538905325, 0.0, 0.06291875767155253, 0.0, 0.10994488928074131, 0.0, 0.0)",145
8023,33,12,10,"(0.022384570735347664, 0.06927916245295945, 0.09682940930282144, 0.0017773360538905325, 0.0, 0.06291875767155253, 0.0, 0.07710594260432355, 0.0, 0.0)",41
8024,33,12,10,"(0.03550653097490399, 0.03538942620960261, 0.09682940930282144, 0.0017773360538905325, 0.0, 0.06291875767155253, 0.0, 0.10994488928074131, 0.0, 0.0)",22
8025,33,12,10,"(0.022384570735347664, 0.06927916245295945, 0.09682940930282144, 0.0017773360538905325, 0.0, 0.06291875767155253, 0.0, 0.10994488928074131, 0.0, 0.0)",52
8026,33,12,10,"(0.03550653097490399, 0.06927916245295945, 0.09682940930282144, 0.0017773360538905325, 0.0, 0.037233071062620346, 0.0, 0.10994488928074131, 0.0, 0.0)",1
8027,33,13,6,"(0.10045263870842815, 0.015858151065592352, 0.0, 0.030181603934096246, 0.005422768956954101, 0.0, 0.019795240631728064, 0.0, 0.028146417112716555, 0.05874522297052942)",2
8028,33,13,6,"(0.03426039533065134, 0.011572197494497125, 0.0, 0.030181603934096246, 0.005422768956954101, 0.0, 0.025716372694873497, 0.0, 0.028146417112716555, 0.05874522297052942)",1
8029,33,13,6,"(0.03426039533065134, 0.011572197494497125, 0.0, 0.030181603934096246, 0.005422768956954101, 0.0, 0.019795240631728064, 0.0, 0.028146417112716555, 0.05874522297052942)",162
8030,33,13,6,"(0.03426039533065134, 0.015858151065592352, 0.0, 0.030181603934096246, 0.005422768956954101, 0.0, 0.019795240631728064, 0.0, 0.028146417112716555, 0.05874522297052942)",9
8031,33,14,11,"(0.0, 0.0, 0.07563427679391872, 0.01650583712158267, 0.0, 0.030645849071221472, 0.18136494990648772, 0.030342669041848142, 0.026121609841380632, 0.0)",40
8032,33,14,11,"(0.0, 0.0, 0.07563427679391872, 0.01650583712158267, 0.0, 0.030645849071221472, 0.1266443408788093, 0.046237642847009, 0.026121609841380632, 0.0)",2
8033,33,14,11,"(0.0, 0.0, 0.07563427679391872, 0.01650583712158267, 0.0, 0.030645849071221472, 0.16773790467281977, 0.03740482121086417, 0.026121609841380632, 0.0)",1
8034,33,14,11,"(0.0, 0.0, 0.07563427679391872, 0.01650583712158267, 0.0, 0.030645849071221472, 0.16773790467281977, 0.046237642847009, 0.026121609841380632, 0.0)",295
8035,33,14,13,"(0.0, 0.02461978404713738, 0.023035932332134326, 0.0, 0.014357247478278967, 0.022173256981297827, 0.0, 0.0, 0.01089208668844536, 0.00476393156717078)",1
8036,33,14,13,"(0.0, 0.021423194238546907, 0.023035932332134326, 0.0, 0.01810411441758469, 0.022173256981297827, 0.0, 0.0, 0.01089208668844536, 0.00476393156717078)",6
8037,33,14,13,"(0.0, 0.02461978404713738, 0.023035932332134326, 0.0, 0.01810411441758469, 0.022173256981297827, 0.0, 0.0, 0.01089208668844536, 0.00476393156717078)",267
8038,33,15,11,"(0.0, 0.0, 0.11839367174953695, 0.01650583712158267, 0.0, 0.030645849071221472, 0.16773790467281977, 0.027442232451470778, 0.026121609841380632, 0.0)",1
8039,33,15,11,"(0.0, 0.0, 0.11839367174953695, 0.01650583712158267, 0.0, 0.030645849071221472, 0.219318887105734, 0.0404147798164449, 0.026121609841380632, 0.0)",1
8040,33,15,11,"(0.0, 0.0, 0.11839367174953695, 0.01650583712158267, 0.0, 0.030645849071221472, 0.21563591507093804, 0.0404147798164449, 0.026121609841380632, 0.0)",12
8041,33,15,11,"(0.0, 0.0, 0.11839367174953695, 0.023006736315015274, 0.0, 0.030645849071221472, 0.16773790467281977, 0.0404147798164449, 0.026121609841380632, 0.0)",1
8042,33,15,11,"(0.0, 0.0, 0.11839367174953695, 0.01650583712158267, 0.0, 0.03398646504128584, 0.16773790467281977, 0.0404147798164449, 0.026121609841380632, 0.0)",2
8043,33,15,11,"(0.0, 0.0, 0.11839367174953695, 0.01650583712158267, 0.0, 0.030645849071221472, 0.2284317074711027, 0.0404147798164449, 0.026121609841380632, 0.0)",3
8044,33,15,11,"(0.0, 0.0, 0.11839367174953695, 0.006781574142132145, 0.0, 0.030645849071221472, 0.16773790467281977, 0.0404147798164449, 0.026121609841380632, 0.0)",1
8045,33,15,11,"(0.0, 0.0, 0.11839367174953695, 0.01650583712158267, 0.0, 0.030645849071221472, 0.16773790467281977, 0.0404147798164449, 0.026121609841380632, 0.0)",529
8046,33,15,11,"(0.0, 0.0, 0.10147880580913625, 0.006781574142132145, 0.0, 0.030645849071221472, 0.16773790467281977, 0.0404147798164449, 0.026121609841380632, 0.0)",1
8047,33,15,11,"(0.0, 0.0, 0.11839367174953695, 0.01650583712158267, 0.0, 0.030645849071221472, 0.16773790467281977, 0.0404147798164449, 0.020580173879417667, 0.0)",6
8048,33,15,11,"(0.0, 0.0, 0.11839367174953695, 0.01650583712158267, 0.0, 0.030645849071221472, 0.16773790467281977, 0.03326603110747034, 0.026121609841380632, 0.0)",1
8049,33,15,11,"(0.0, 0.0, 0.11839367174953695, 0.023610849194348638, 0.0, 0.030645849071221472, 0.16773790467281977, 0.04933944813004564, 0.026121609841380632, 0.0)",3
8050,33,15,11,"(0.0, 0.0, 0.11839367174953695, 0.01650583712158267, 0.0, 0.030645849071221472, 0.4109292650654647, 0.0404147798164449, 0.025201377009179467, 0.0)",1
8051,33,15,11,"(0.0, 0.0, 0.11839367174953695, 0.01650583712158267, 0.0, 0.030645849071221472, 0.16773790467281977, 0.033607823581011685, 0.026121609841380632, 0.0)",1
8052,33,15,11,"(0.0, 0.0, 0.11839367174953695, 0.01650583712158267, 0.0, 0.03610437259563825, 0.16773790467281977, 0.0404147798164449, 0.026121609841380632, 0.0)",1
8053,33,15,11,"(0.0, 0.0, 0.11839367174953695, 0.009284152420875543, 0.0, 0.030645849071221472, 0.16773790467281977, 0.0404147798164449, 0.026121609841380632, 0.0)",9
8054,33,16,1,"(0.0, 0.0, 0.041406372128065916, 0.0, 0.0, 0.017671343442032836, 0.0, 0.0, 0.0, 0.040706548045463434)",1
8055,33,16,1,"(0.0, 0.0, 0.041406372128065916, 0.0, 0.0, 0.03423035395227985, 0.0, 0.0, 0.0, 0.047529216575968564)",1
8056,33,16,1,"(0.0, 0.0, 0.041406372128065916, 0.0, 0.0, 0.0199117526153351, 0.0, 0.0, 0.0, 0.047529216575968564)",461
8057,33,16,1,"(0.0, 0.0, 0.041406372128065916, 0.0, 0.0, 0.0199117526153351, 0.0, 0.0, 0.0, 0.05471018923835244)",1
8058,33,16,1,"(0.0, 0.0, 0.041406372128065916, 0.0, 0.0, 0.0199117526153351, 0.0, 0.0, 0.0, 0.034601260266401784)",1
8059,33,16,1,"(0.0, 0.0, 0.04193821352921267, 0.0, 0.0, 0.0199117526153351, 0.0, 0.0, 0.0, 0.039292660844474435)",4
8060,33,16,1,"(0.0, 0.0, 0.04331068198690435, 0.0, 0.0, 0.0199117526153351, 0.0, 0.0, 0.0, 0.0708704425856599)",1
8061,33,16,1,"(0.0, 0.0, 0.02333911001360443, 0.0, 0.0, 0.0199117526153351, 0.0, 0.0, 0.0, 0.047529216575968564)",1
8062,33,16,1,"(0.0, 0.0, 0.041406372128065916, 0.0, 0.0, 0.020090616310230097, 0.0, 0.0, 0.0, 0.06077690938757395)",3
8063,33,16,1,"(0.0, 0.0, 0.041406372128065916, 0.0, 0.0, 0.0199117526153351, 0.0, 0.0, 0.0, 0.031726237659880446)",1
8064,33,16,1,"(0.0, 0.0, 0.041406372128065916, 0.0, 0.0, 0.0199117526153351, 0.0, 0.0, 0.0, 0.09965925051150999)",146
8065,33,16,1,"(0.0, 0.0, 0.041406372128065916, 0.0, 0.0, 0.01892606304236061, 0.0, 0.0, 0.0, 0.047529216575968564)",12
8066,33,16,1,"(0.0, 0.0, 0.03169994223500868, 0.0, 0.0, 0.0199117526153351, 0.0, 0.0, 0.0, 0.053079885168575563)",13
8067,33,16,1,"(0.0, 0.0, 0.041406372128065916, 0.0, 0.0, 0.0199117526153351, 0.0, 0.0, 0.0, 0.053079885168575563)",105
8068,33,16,8,"(0.16507889091742442, 0.046525949225991035, 0.0, 0.0, 0.08246175477059295, 0.0, 0.08319516954615302, 0.10847725141816246, 0.0, 0.0)",1
8069,33,16,8,"(0.11173918171985751, 0.046525949225991035, 0.0, 0.0, 0.07022106556493442, 0.0, 0.04446758449884422, 0.1116381245929446, 0.0, 0.0)",3
8070,33,16,8,"(0.16507889091742442, 0.046525949225991035, 0.0, 0.0, 0.07022106556493442, 0.0, 0.060701614823567854, 0.12896674725311108, 0.0, 0.0)",18
8071,33,16,8,"(0.16507889091742442, 0.046525949225991035, 0.0, 0.0, 0.07022106556493442, 0.0, 0.08319516954615302, 0.10847725141816246, 0.0, 0.0)",81
8072,33,16,8,"(0.16507889091742442, 0.046525949225991035, 0.0, 0.0, 0.07022106556493442, 0.0, 0.061299920972695, 0.12896674725311108, 0.0, 0.0)",1
8073,33,16,8,"(0.31949804372531915, 0.046525949225991035, 0.0, 0.0, 0.07022106556493442, 0.0, 0.060701614823567854, 0.1116381245929446, 0.0, 0.0)",1
8074,33,16,8,"(0.16507889091742442, 0.046525949225991035, 0.0, 0.0, 0.07022106556493442, 0.0, 0.060701614823567854, 0.1116381245929446, 0.0, 0.0)",116
8075,33,16,8,"(0.13800136266011112, 0.031268550486897015, 0.0, 0.0, 0.07022106556493442, 0.0, 0.08319516954615302, 0.1173581306771632, 0.0, 0.0)",1
8076,33,17,1,"(0.0, 0.0, 0.10650950881622333, 0.0, 0.0, 0.022640784901484766, 0.0, 0.0, 0.0, 0.04706905727350264)",1
8077,33,17,1,"(0.0, 0.0, 0.057707575768574236, 0.0, 0.0, 0.030018978917809972, 0.0, 0.0, 0.0, 0.0910060267578522)",3
8078,33,17,1,"(0.0, 0.0, 0.10922905711608999, 0.0, 0.0, 0.01371228059494006, 0.0, 0.0, 0.0, 0.0910060267578522)",1
8079,33,17,1,"(0.0, 0.0, 0.10922905711608999, 0.0, 0.0, 0.020551541813958997, 0.0, 0.0, 0.0, 0.0910060267578522)",3
8080,33,17,1,"(0.0, 0.0, 0.10650950881622333, 0.0, 0.0, 0.022640784901484766, 0.0, 0.0, 0.0, 0.04557123282186749)",71
8081,33,17,1,"(0.0, 0.0, 0.10922905711608999, 0.0, 0.0, 0.030018978917809972, 0.0, 0.0, 0.0, 0.0910060267578522)",538
8082,33,17,1,"(0.0, 0.0, 0.10922905711608999, 0.0, 0.0, 0.027672480551771014, 0.0, 0.0, 0.0, 0.0910060267578522)",1
8083,33,17,1,"(0.0, 0.0, 0.11262654570743674, 0.0, 0.0, 0.022640784901484766, 0.0, 0.0, 0.0, 0.04557123282186749)",1
8084,33,17,1,"(0.0, 0.0, 0.10922905711608999, 0.0, 0.0, 0.018960691369951713, 0.0, 0.0, 0.0, 0.0910060267578522)",88
8085,33,17,8,"(0.09047208030203105, 0.04632028014141928, 0.0, 0.0, 0.07022106556493442, 0.0, 0.08319516954615302, 0.08725085346713767, 0.0, 0.0)",8
8086,33,17,8,"(0.10294337677241405, 0.04632028014141928, 0.0, 0.0, 0.07022106556493442, 0.0, 0.08319516954615302, 0.1116381245929446, 0.0, 0.0)",187
8087,33,17,8,"(0.10294337677241405, 0.031100849365314428, 0.0, 0.0, 0.07022106556493442, 0.0, 0.08319516954615302, 0.1116381245929446, 0.0, 0.0)",3
8088,33,17,8,"(0.10294337677241405, 0.037183915449083164, 0.0, 0.0, 0.07022106556493442, 0.0, 0.08319516954615302, 0.1116381245929446, 0.0, 0.0)",1
8089,33,17,8,"(0.1384629072708763, 0.0693058055879099, 0.0, 0.0, 0.07022106556493442, 0.0, 0.0638937446846744, 0.1116381245929446, 0.0, 0.0)",2
8090,33,17,8,"(0.0761586992152023, 0.04632028014141928, 0.0, 0.0, 0.07022106556493442, 0.0, 0.050847780993230444, 0.1116381245929446, 0.0, 0.0)",1
8091,33,17,8,"(0.10294337677241405, 0.0693058055879099, 0.0, 0.0, 0.07022106556493442, 0.0, 0.0638937446846744, 0.1116381245929446, 0.0, 0.0)",50
8092,33,17,8,"(0.0761586992152023, 0.04632028014141928, 0.0, 0.0, 0.07022106556493442, 0.0, 0.08319516954615302, 0.1116381245929446, 0.0, 0.0)",85
8093,33,18,10,"(0.07726012761536312, 0.06927916245295945, 0.09682940930282144, 0.0015538550374051632, 0.0, 0.06291875767155253, 0.0, 0.09006836568596893, 0.0, 0.0)",1
8094,33,18,10,"(0.07734904686468291, 0.06927916245295945, 0.09682940930282144, 0.0017773360538905325, 0.0, 0.06291875767155253, 0.0, 0.10994488928074131, 0.0, 0.0)",145
8095,33,18,11,"(0.0, 0.0, 0.08898107447558858, 0.011812121968784929, 0.0, 0.03150275214907511, 0.16463180721707332, 0.08028238650273146, 0.026121609841380632, 0.0)",1
8096,33,18,11,"(0.0, 0.0, 0.08898107447558858, 0.01650583712158267, 0.0, 0.04228383499046532, 0.11993220027604466, 0.08028238650273146, 0.026121609841380632, 0.0)",2
8097,33,18,11,"(0.0, 0.0, 0.08898107447558858, 0.014431354293360189, 0.0, 0.03150275214907511, 0.13038533056739307, 0.08028238650273146, 0.026121609841380632, 0.0)",1
8098,33,18,11,"(0.0, 0.0, 0.08898107447558858, 0.01650583712158267, 0.0, 0.02241747529903465, 0.13038533056739307, 0.08028238650273146, 0.026121609841380632, 0.0)",8
8099,33,18,11,"(0.0, 0.0, 0.09864539577037362, 0.01650583712158267, 0.0, 0.03150275214907511, 0.20859010431252353, 0.08028238650273146, 0.026121609841380632, 0.0)",4
8100,33,18,11,"(0.0, 0.0, 0.08898107447558858, 0.01650583712158267, 0.0, 0.03150275214907511, 0.13038533056739307, 0.08028238650273146, 0.026121609841380632, 0.0)",499
8101,33,18,11,"(0.0, 0.0, 0.09864539577037362, 0.01650583712158267, 0.0, 0.03150275214907511, 0.13038533056739307, 0.08028238650273146, 0.026121609841380632, 0.0)",67
8102,33,18,11,"(0.0, 0.0, 0.08898107447558858, 0.01650583712158267, 0.0, 0.03150275214907511, 0.22502780449233306, 0.08028238650273146, 0.026121609841380632, 0.0)",2
8103,33,18,11,"(0.0, 0.0, 0.08898107447558858, 0.01650583712158267, 0.0, 0.03150275214907511, 0.13038533056739307, 0.08028238650273146, 0.036466587644060765, 0.0)",3
8104,33,18,11,"(0.0, 0.0, 0.09864539577037362, 0.01650583712158267, 0.0, 0.03150275214907511, 0.16119872117120088, 0.08028238650273146, 0.04318866173060103, 0.0)",2
8105,33,18,11,"(0.0, 0.0, 0.08898107447558858, 0.01650583712158267, 0.0, 0.03583607715328256, 0.13038533056739307, 0.08028238650273146, 0.03197959240932326, 0.0)",1
8106,33,19,13,"(0.0, 0.04251359904362327, 0.013674643692896272, 0.0, 0.01810411441758469, 0.022173256981297827, 0.0, 0.0, 0.01089208668844536, 0.0028621211431144253)",7
8107,33,19,13,"(0.0, 0.024954045519241307, 0.013674643692896272, 0.0, 0.01810411441758469, 0.015361385970026694, 0.0, 0.0, 0.01089208668844536, 0.0028621211431144253)",2
8108,33,19,13,"(0.0, 0.02461978404713738, 0.023035932332134326, 0.0, 0.01810411441758469, 0.022173256981297827, 0.0, 0.0, 0.01089208668844536, 0.00476393156717078)",7
8109,33,19,13,"(0.0, 0.019169115560411103, 0.013674643692896272, 0.0, 0.01810411441758469, 0.01922796150222314, 0.0, 0.0, 0.011740131795510277, 0.0028621211431144253)",44
8110,33,19,13,"(0.0, 0.02461978404713738, 0.013674643692896272, 0.0, 0.01810411441758469, 0.022173256981297827, 0.0, 0.0, 0.01089208668844536, 0.0020880571570994788)",4
8111,33,19,13,"(0.0, 0.02461978404713738, 0.013674643692896272, 0.0, 0.01810411441758469, 0.022173256981297827, 0.0, 0.0, 0.01089208668844536, 0.0028621211431144253)",194
8112,33,19,13,"(0.0, 0.02461978404713738, 0.013674643692896272, 0.0, 0.01810411441758469, 0.022173256981297827, 0.0, 0.0, 0.01089208668844536, 0.0020078284502145567)",1
8113,33,19,13,"(0.0, 0.02461978404713738, 0.013674643692896272, 0.0, 0.02664365474708814, 0.04095675575452614, 0.0, 0.0, 0.01089208668844536, 0.0028621211431144253)",1
8114,33,19,13,"(0.0, 0.02461978404713738, 0.032043058834177865, 0.0, 0.01810411441758469, 0.022173256981297827, 0.0, 0.0, 0.01089208668844536, 0.0028621211431144253)",1
8115,33,19,13,"(0.0, 0.02461978404713738, 0.013674643692896272, 0.0, 0.01810411441758469, 0.016029682845478035, 0.0, 0.0, 0.01089208668844536, 0.0028621211431144253)",3
8116,33,19,13,"(0.0, 0.014183989177881953, 0.013674643692896272, 0.0, 0.01926744373616517, 0.022173256981297827, 0.0, 0.0, 0.01089208668844536, 0.0028621211431144253)",2
8117,33,19,13,"(0.0, 0.02461978404713738, 0.013674643692896272, 0.0, 0.027386401995594143, 0.011179885001554027, 0.0, 0.0, 0.01089208668844536, 0.0028621211431144253)",1
8118,33,20,10,"(0.07734904686468291, 0.06927916245295945, 0.09682940930282144, 0.0017773360538905325, 0.0, 0.06291875767155253, 0.0, 0.10994488928074131, 0.0, 0.0)",115
8119,33,20,10,"(0.043084240559243134, 0.06927916245295945, 0.09682940930282144, 0.0017773360538905325, 0.0, 0.06291875767155253, 0.0, 0.10994488928074131, 0.0, 0.0)",1
8120,33,20,11,"(0.0, 0.0, 0.018004387155732684, 0.01650583712158267, 0.0, 0.02548938439096223, 0.09572491856946197, 0.05885302880459243, 0.036485718580663774, 0.0)",3
8121,33,20,11,"(0.0, 0.0, 0.03664497950459847, 0.01650583712158267, 0.0, 0.02548938439096223, 0.09572491856946197, 0.08028238650273146, 0.036485718580663774, 0.0)",395
8122,33,20,11,"(0.0, 0.0, 0.03664497950459847, 0.006874922772356436, 0.0, 0.02548938439096223, 0.06679290802338855, 0.08028238650273146, 0.036485718580663774, 0.0)",5
8123,33,20,11,"(0.0, 0.0, 0.03664497950459847, 0.01650583712158267, 0.0, 0.026267494758020534, 0.09572491856946197, 0.0951650437485075, 0.04037440186867334, 0.0)",2
8124,33,20,11,"(0.0, 0.0, 0.03664497950459847, 0.01650583712158267, 0.0, 0.02548938439096223, 0.13642973194348623, 0.0951650437485075, 0.036485718580663774, 0.0)",13
8125,33,20,11,"(0.0, 0.0, 0.03664497950459847, 0.01650583712158267, 0.0, 0.02548938439096223, 0.09572491856946197, 0.05885302880459243, 0.036485718580663774, 0.0)",28
8126,33,20,11,"(0.0, 0.0, 0.04918868185357296, 0.01650583712158267, 0.0, 0.02548938439096223, 0.09572491856946197, 0.08028238650273146, 0.036485718580663774, 0.0)",7
8127,33,20,11,"(0.0, 0.0, 0.030657842324456213, 0.01650583712158267, 0.0, 0.02548938439096223, 0.09572491856946197, 0.08028238650273146, 0.036485718580663774, 0.0)",1
8128,33,20,11,"(0.0, 0.0, 0.03664497950459847, 0.01650583712158267, 0.0, 0.02548938439096223, 0.09572491856946197, 0.0951650437485075, 0.036485718580663774, 0.0)",116
8129,33,20,11,"(0.0, 0.0, 0.03664497950459847, 0.01650583712158267, 0.0, 0.02548938439096223, 0.09572491856946197, 0.07550578908685486, 0.036485718580663774, 0.0)",1
8130,33,20,11,"(0.0, 0.0, 0.03664497950459847, 0.011270301759088192, 0.0, 0.01761198974402341, 0.1876045088353856, 0.04584496258558659, 0.036485718580663774, 0.0)",4
8131,33,20,11,"(0.0, 0.0, 0.03664497950459847, 0.013868099301848113, 0.0, 0.02548938439096223, 0.09572491856946197, 0.0951650437485075, 0.036485718580663774, 0.0)",5
8132,33,20,11,"(0.0, 0.0, 0.09324737632074745, 0.01650583712158267, 0.0, 0.02548938439096223, 0.09572491856946197, 0.05885302880459243, 0.03937762806848474, 0.0)",10
8133,34,0,6,"(0.03426039533065134, 0.011572197494497125, 0.0, 0.048250566178580576, 0.005422768956954101, 0.0, 0.019795240631728064, 0.0, 0.028146417112716555, 0.05874522297052942)",2
8134,34,0,6,"(0.03426039533065134, 0.011572197494497125, 0.0, 0.030181603934096246, 0.005422768956954101, 0.0, 0.015259882522651867, 0.0, 0.028146417112716555, 0.05874522297052942)",43
8135,34,0,6,"(0.03426039533065134, 0.011572197494497125, 0.0, 0.030181603934096246, 0.005422768956954101, 0.0, 0.019795240631728064, 0.0, 0.028146417112716555, 0.05874522297052942)",102
8136,34,0,11,"(0.0, 0.0, 0.06200374261520503, 0.010654525538403636, 0.0, 0.030645849071221472, 0.12965420237697925, 0.06471128129841798, 0.026121609841380632, 0.0)",20
8137,34,0,11,"(0.0, 0.0, 0.06200374261520503, 0.010654525538403636, 0.0, 0.030645849071221472, 0.16773790467281977, 0.08028238650273146, 0.026121609841380632, 0.0)",153
8138,34,0,11,"(0.0, 0.0, 0.06200374261520503, 0.02178764458684511, 0.0, 0.030645849071221472, 0.16773790467281977, 0.08028238650273146, 0.026121609841380632, 0.0)",1
8139,34,0,11,"(0.0, 0.0, 0.06200374261520503, 0.010654525538403636, 0.0, 0.030645849071221472, 0.16773790467281977, 0.06471128129841798, 0.026121609841380632, 0.0)",183
8140,34,0,11,"(0.0, 0.0, 0.06200374261520503, 0.010654525538403636, 0.0, 0.030645849071221472, 0.11846227663576518, 0.08028238650273146, 0.026121609841380632, 0.0)",1
8141,34,0,11,"(0.0, 0.0, 0.03859313776493092, 0.010654525538403636, 0.0, 0.030645849071221472, 0.12094056019789076, 0.08028238650273146, 0.026121609841380632, 0.0)",1
8142,34,1,6,"(0.03426039533065134, 0.011572197494497125, 0.0, 0.030181603934096246, 0.005422768956954101, 0.0, 0.019795240631728064, 0.0, 0.028146417112716555, 0.05874522297052942)",203
8143,34,1,6,"(0.03426039533065134, 0.012454725044518321, 0.0, 0.04411774235048609, 0.005422768956954101, 0.0, 0.01294489430795196, 0.0, 0.028146417112716555, 0.05874522297052942)",1
8144,34,1,6,"(0.01647831211386961, 0.011572197494497125, 0.0, 0.030181603934096246, 0.005422768956954101, 0.0, 0.015638187926190754, 0.0, 0.028146417112716555, 0.05874522297052942)",1
8145,34,1,6,"(0.03426039533065134, 0.012454725044518321, 0.0, 0.030181603934096246, 0.005422768956954101, 0.0, 0.019795240631728064, 0.0, 0.028146417112716555, 0.05874522297052942)",1
8146,34,1,6,"(0.03426039533065134, 0.011572197494497125, 0.0, 0.030181603934096246, 0.005422768956954101, 0.0, 0.012404899746136748, 0.0, 0.028146417112716555, 0.05874522297052942)",3
8147,34,1,6,"(0.01647831211386961, 0.011572197494497125, 0.0, 0.030181603934096246, 0.005422768956954101, 0.0, 0.011480100530961447, 0.0, 0.028146417112716555, 0.05874522297052942)",34
8148,34,1,6,"(0.03426039533065134, 0.011572197494497125, 0.0, 0.030181603934096246, 0.005422768956954101, 0.0, 0.019795240631728064, 0.0, 0.04513046637300075, 0.05874522297052942)",21
8149,34,1,8,"(0.07111035742329365, 0.046525949225991035, 0.0, 0.0, 0.051217346146779696, 0.0, 0.08319516954615302, 0.1415123366655704, 0.0, 0.0)",182
8150,34,1,8,"(0.07111035742329365, 0.046525949225991035, 0.0, 0.0, 0.051217346146779696, 0.0, 0.04010295502734656, 0.1415123366655704, 0.0, 0.0)",4
8151,34,1,8,"(0.07897822424543323, 0.046525949225991035, 0.0, 0.0, 0.051217346146779696, 0.0, 0.08319516954615302, 0.1415123366655704, 0.0, 0.0)",5
8152,34,1,8,"(0.0740195338115413, 0.06473338607246347, 0.0, 0.0, 0.051217346146779696, 0.0, 0.08319516954615302, 0.1415123366655704, 0.0, 0.0)",2
8153,34,2,13,"(0.0, 0.02461978404713738, 0.023035932332134326, 0.0, 0.00970885425506607, 0.022173256981297827, 0.0, 0.0, 0.01089208668844536, 0.003786907278460094)",1
8154,34,2,13,"(0.0, 0.02461978404713738, 0.0225168514566799, 0.0, 0.008775628327334101, 0.022173256981297827, 0.0, 0.0, 0.01089208668844536, 0.005974438353393021)",1
8155,34,2,13,"(0.0, 0.02461978404713738, 0.02433970738741325, 0.0, 0.008932746232057127, 0.01941170647404239, 0.0, 0.0, 0.01089208668844536, 0.00476393156717078)",1
8156,34,2,13,"(0.0, 0.02461978404713738, 0.02433970738741325, 0.0, 0.008932746232057127, 0.022173256981297827, 0.0, 0.0, 0.01089208668844536, 0.00476393156717078)",1
8157,34,2,13,"(0.0, 0.02461978404713738, 0.023035932332134326, 0.0, 0.00970885425506607, 0.022173256981297827, 0.0, 0.0, 0.01089208668844536, 0.00476393156717078)",169
8158,34,2,13,"(0.0, 0.025709375450860286, 0.023035932332134326, 0.0, 0.00970885425506607, 0.022173256981297827, 0.0, 0.0, 0.01089208668844536, 0.00476393156717078)",3
8159,34,2,13,"(0.0, 0.02461978404713738, 0.016579480704767884, 0.0, 0.00970885425506607, 0.022173256981297827, 0.0, 0.0, 0.01089208668844536, 0.00476393156717078)",4
8160,34,3,13,"(0.0, 0.02461978404713738, 0.023035932332134326, 0.0, 0.01810411441758469, 0.017318114079903517, 0.0, 0.0, 0.01089208668844536, 0.0024406349647482155)",1
8161,34,3,13,"(0.0, 0.02461978404713738, 0.023035932332134326, 0.0, 0.01810411441758469, 0.022173256981297827, 0.0, 0.0, 0.01089208668844536, 0.0017455333967571374)",1
8162,34,3,13,"(0.0, 0.02461978404713738, 0.023035932332134326, 0.0, 0.01810411441758469, 0.022173256981297827, 0.0, 0.0, 0.01089208668844536, 0.0031051276447847556)",2
8163,34,3,13,"(0.0, 0.015538075128550672, 0.023035932332134326, 0.0, 0.018719379159295085, 0.022173256981297827, 0.0, 0.0, 0.01089208668844536, 0.0024406349647482155)",4
8164,34,3,13,"(0.0, 0.02461978404713738, 0.023035932332134326, 0.0, 0.01810411441758469, 0.022173256981297827, 0.0, 0.0, 0.01089208668844536, 0.0024406349647482155)",293
8165,34,3,13,"(0.0, 0.02461978404713738, 0.023035932332134326, 0.0, 0.06529757832343738, 0.02593686554209542, 0.0, 0.0, 0.01089208668844536, 0.0024406349647482155)",1
8166,34,3,13,"(0.0, 0.044279661252232316, 0.012506720401844761, 0.0, 0.01810411441758469, 0.008471401519979358, 0.0, 0.0, 0.01089208668844536, 0.0024406349647482155)",3
8167,34,3,13,"(0.0, 0.02647748879406034, 0.023035932332134326, 0.0, 0.01810411441758469, 0.022173256981297827, 0.0, 0.0, 0.01089208668844536, 0.0024406349647482155)",1
8168,34,3,13,"(0.0, 0.02461978404713738, 0.015850318517662422, 0.0, 0.01810411441758469, 0.022173256981297827, 0.0, 0.0, 0.01089208668844536, 0.0024406349647482155)",10
8169,34,3,13,"(0.0, 0.02461978404713738, 0.04941187597110362, 0.0, 0.01810411441758469, 0.029988125755629712, 0.0, 0.0, 0.01089208668844536, 0.0024406349647482155)",11
8170,34,4,11,"(0.0, 0.0, 0.09864539577037362, 0.01650583712158267, 0.0, 0.03469165196538163, 0.08153022673827125, 0.07240876560513207, 0.026121609841380632, 0.0)",1
8171,34,4,11,"(0.0, 0.0, 0.09864539577037362, 0.01650583712158267, 0.0, 0.030645849071221472, 0.08153022673827125, 0.058992102938836145, 0.026121609841380632, 0.0)",31
8172,34,4,11,"(0.0, 0.0, 0.09864539577037362, 0.01650583712158267, 0.0, 0.030645849071221472, 0.08153022673827125, 0.07835217850456255, 0.026121609841380632, 0.0)",1
8173,34,4,11,"(0.0, 0.0, 0.09864539577037362, 0.01650583712158267, 0.0, 0.030645849071221472, 0.08153022673827125, 0.07240876560513207, 0.026121609841380632, 0.0)",464
8174,34,4,11,"(0.0, 0.0, 0.09864539577037362, 0.01650583712158267, 0.0, 0.01996003480769166, 0.08153022673827125, 0.07240876560513207, 0.026121609841380632, 0.0)",33
8175,34,4,11,"(0.0, 0.0, 0.09864539577037362, 0.01224519248951658, 0.0, 0.030645849071221472, 0.08153022673827125, 0.07240876560513207, 0.026121609841380632, 0.0)",1
8176,34,4,11,"(0.0, 0.0, 0.09864539577037362, 0.01650583712158267, 0.0, 0.030645849071221472, 0.09432665128482245, 0.07240876560513207, 0.026121609841380632, 0.0)",1
8177,34,5,0,"(0.07400250769571483, 0.0, 0.0, 0.0, 0.0, 0.05970604163596948, 0.08380840797570269, 0.06261049614614052, 0.0, 0.0)",2
8178,34,5,0,"(0.08579539696041343, 0.0, 0.0, 0.0, 0.0, 0.038664151314593, 0.08380840797570269, 0.06261049614614052, 0.0, 0.0)",1
8179,34,5,0,"(0.0402479284341202, 0.0, 0.0, 0.0, 0.0, 0.038664151314593, 0.08380840797570269, 0.06261049614614052, 0.0, 0.0)",2
8180,34,5,0,"(0.07400250769571483, 0.0, 0.0, 0.0, 0.0, 0.038664151314593, 0.08380840797570269, 0.06261049614614052, 0.0, 0.0)",235
8181,34,5,0,"(0.12352974491755873, 0.0, 0.0, 0.0, 0.0, 0.038664151314593, 0.08380840797570269, 0.06261049614614052, 0.0, 0.0)",12
8182,34,5,6,"(0.03426039533065134, 0.011572197494497125, 0.0, 0.030181603934096246, 0.005422768956954101, 0.0, 0.019795240631728064, 0.0, 0.028146417112716555, 0.05874522297052942)",262
8183,34,5,6,"(0.03426039533065134, 0.011572197494497125, 0.0, 0.030181603934096246, 0.005422768956954101, 0.0, 0.030272195334840855, 0.0, 0.028146417112716555, 0.05874522297052942)",4
8184,34,5,6,"(0.028705002661057813, 0.011572197494497125, 0.0, 0.030181603934096246, 0.005422768956954101, 0.0, 0.019795240631728064, 0.0, 0.028146417112716555, 0.05874522297052942)",1
8185,34,5,6,"(0.03426039533065134, 0.007149607046354521, 0.0, 0.030181603934096246, 0.005422768956954101, 0.0, 0.019795240631728064, 0.0, 0.028146417112716555, 0.05874522297052942)",3
8186,34,5,6,"(0.03426039533065134, 0.011572197494497125, 0.0, 0.030181603934096246, 0.004129165755904161, 0.0, 0.019795240631728064, 0.0, 0.028146417112716555, 0.05874522297052942)",11
8187,34,5,6,"(0.02177681590901596, 0.011572197494497125, 0.0, 0.030181603934096246, 0.005422768956954101, 0.0, 0.019795240631728064, 0.0, 0.028146417112716555, 0.05874522297052942)",7
8188,34,6,0,"(0.10403391908507283, 0.0, 0.0, 0.0, 0.0, 0.010347434341054682, 0.07011830437097326, 0.0691048466035698, 0.0, 0.0)",1
8189,34,6,0,"(0.06234213132962305, 0.0, 0.0, 0.0, 0.0, 0.017098731129875016, 0.07011830437097326, 0.0691048466035698, 0.0, 0.0)",185
8190,34,6,0,"(0.06234213132962305, 0.0, 0.0, 0.0, 0.0, 0.017416558339143587, 0.07011830437097326, 0.0691048466035698, 0.0, 0.0)",2
8191,34,6,0,"(0.07400250769571483, 0.0, 0.0, 0.0, 0.0, 0.017098731129875016, 0.08380840797570269, 0.0691048466035698, 0.0, 0.0)",47
8192,34,6,0,"(0.06234213132962305, 0.0, 0.0, 0.0, 0.0, 0.018696398025339792, 0.07011830437097326, 0.0691048466035698, 0.0, 0.0)",4
8193,34,7,13,"(0.0, 0.02461978404713738, 0.04380859692439714, 0.0, 0.01810411441758469, 0.022173256981297827, 0.0, 0.0, 0.01089208668844536, 0.00476393156717078)",1
8194,34,7,13,"(0.0, 0.02461978404713738, 0.023035932332134326, 0.0, 0.01810411441758469, 0.022173256981297827, 0.0, 0.0, 0.01089208668844536, 0.00476393156717078)",198
8195,34,7,13,"(0.0, 0.02461978404713738, 0.023035932332134326, 0.0, 0.01810411441758469, 0.022173256981297827, 0.0, 0.0, 0.01089208668844536, 0.0030649334045681396)",1
8196,34,7,13,"(0.0, 0.02461978404713738, 0.01926690217173391, 0.0, 0.01810411441758469, 0.022173256981297827, 0.0, 0.0, 0.01089208668844536, 0.00476393156717078)",1
8197,34,7,13,"(0.0, 0.02461978404713738, 0.023035932332134326, 0.0, 0.016158918811047737, 0.017553623594295725, 0.0, 0.0, 0.01089208668844536, 0.00476393156717078)",1
8198,34,7,13,"(0.0, 0.02461978404713738, 0.013056011355525242, 0.0, 0.01810411441758469, 0.022173256981297827, 0.0, 0.0, 0.01089208668844536, 0.00476393156717078)",2
8199,34,8,11,"(0.0, 0.0, 0.09864539577037362, 0.02150422363422624, 0.0, 0.02185151300090678, 0.16773790467281977, 0.0386197297757742, 0.026121609841380632, 0.0)",3
8200,34,8,11,"(0.0, 0.0, 0.09864539577037362, 0.02150422363422624, 0.0, 0.030645849071221472, 0.16773790467281977, 0.0386197297757742, 0.026121609841380632, 0.0)",509
8201,34,8,11,"(0.0, 0.0, 0.09864539577037362, 0.02150422363422624, 0.0, 0.030645849071221472, 0.12930465044744166, 0.026968603245931328, 0.023563010091137614, 0.0)",1
8202,34,8,11,"(0.0, 0.0, 0.09864539577037362, 0.02150422363422624, 0.0, 0.030645849071221472, 0.10252608916754023, 0.0386197297757742, 0.026121609841380632, 0.0)",1
8203,34,8,11,"(0.0, 0.0, 0.09864539577037362, 0.02150422363422624, 0.0, 0.030645849071221472, 0.1404614723478765, 0.0386197297757742, 0.026121609841380632, 0.0)",1
8204,34,8,11,"(0.0, 0.0, 0.09864539577037362, 0.02150422363422624, 0.0, 0.030645849071221472, 0.12930465044744166, 0.026968603245931328, 0.026121609841380632, 0.0)",20
8205,34,8,11,"(0.0, 0.0, 0.5396649258140264, 0.02150422363422624, 0.0, 0.030645849071221472, 0.16773790467281977, 0.0386197297757742, 0.026121609841380632, 0.0)",1
8206,34,8,11,"(0.0, 0.0, 0.09864539577037362, 0.02150422363422624, 0.0, 0.030645849071221472, 0.16773790467281977, 0.0386197297757742, 0.030168908552817043, 0.0)",1
8207,34,8,11,"(0.0, 0.0, 0.09864539577037362, 0.032101124016621824, 0.0, 0.030645849071221472, 0.16773790467281977, 0.0386197297757742, 0.026121609841380632, 0.0)",1
8208,34,8,11,"(0.0, 0.0, 0.09864539577037362, 0.02150422363422624, 0.0, 0.030645849071221472, 0.133987320574917, 0.0386197297757742, 0.026121609841380632, 0.0)",1
8209,34,9,11,"(0.0, 0.0, 0.11755819882518005, 0.008824630923786946, 0.0, 0.02375279233445006, 0.16773790467281977, 0.08028238650273146, 0.026121609841380632, 0.0)",154
8210,34,9,11,"(0.0, 0.0, 0.11755819882518005, 0.01650583712158267, 0.0, 0.01411518582916876, 0.16773790467281977, 0.061695345546580224, 0.026121609841380632, 0.0)",8
8211,34,9,11,"(0.0, 0.0, 0.22735126795897537, 0.01650583712158267, 0.0, 0.02375279233445006, 0.16773790467281977, 0.08028238650273146, 0.026121609841380632, 0.0)",1
8212,34,9,11,"(0.0, 0.0, 0.15529162080299805, 0.01650583712158267, 0.0, 0.02375279233445006, 0.2416482554373891, 0.08028238650273146, 0.026121609841380632, 0.0)",15
8213,34,9,11,"(0.0, 0.0, 0.09864539577037362, 0.01650583712158267, 0.0, 0.030645849071221472, 0.16243652964526273, 0.03990649997486982, 0.026121609841380632, 0.0)",3
8214,34,9,11,"(0.0, 0.0, 0.09864539577037362, 0.01650583712158267, 0.0, 0.030645849071221472, 0.16243652964526273, 0.08028238650273146, 0.026121609841380632, 0.0)",210
8215,34,9,11,"(0.0, 0.0, 0.11755819882518005, 0.014811053999440533, 0.0, 0.02375279233445006, 0.1254348761332085, 0.08028238650273146, 0.026121609841380632, 0.0)",1
8216,34,9,11,"(0.0, 0.0, 0.11755819882518005, 0.01650583712158267, 0.0, 0.02375279233445006, 0.16773790467281977, 0.08028238650273146, 0.026121609841380632, 0.0)",60
8217,34,9,11,"(0.0, 0.0, 0.11755819882518005, 0.01650583712158267, 0.0, 0.02375279233445006, 0.16773790467281977, 0.061695345546580224, 0.026121609841380632, 0.0)",47
8218,34,9,11,"(0.0, 0.0, 0.11755819882518005, 0.01650583712158267, 0.0, 0.02375279233445006, 0.1254348761332085, 0.08028238650273146, 0.026121609841380632, 0.0)",71
8219,34,9,11,"(0.0, 0.0, 0.17991827535139068, 0.01650583712158267, 0.0, 0.02375279233445006, 0.16773790467281977, 0.08028238650273146, 0.026121609841380632, 0.0)",15
8220,34,9,11,"(0.0, 0.0, 0.11755819882518005, 0.008824630923786946, 0.0, 0.023032524676011346, 0.16773790467281977, 0.08028238650273146, 0.026121609841380632, 0.0)",1
8221,34,10,13,"(0.0, 0.02461978404713738, 0.022096300053100537, 0.0, 0.01810411441758469, 0.020223824190682308, 0.0, 0.0, 0.01089208668844536, 0.00476393156717078)",5
8222,34,10,13,"(0.0, 0.02461978404713738, 0.03281654451490571, 0.0, 0.01810411441758469, 0.018084974194217666, 0.0, 0.0, 0.01089208668844536, 0.00476393156717078)",1
8223,34,10,13,"(0.0, 0.01731422171543826, 0.022096300053100537, 0.0, 0.01810411441758469, 0.022173256981297827, 0.0, 0.0, 0.01089208668844536, 0.00476393156717078)",1
8224,34,10,13,"(0.0, 0.026118578951506977, 0.023035932332134326, 0.0, 0.01810411441758469, 0.022173256981297827, 0.0, 0.0, 0.01089208668844536, 0.00476393156717078)",1
8225,34,10,13,"(0.0, 0.02307383337038631, 0.023035932332134326, 0.0, 0.027421892670605588, 0.03572551541887713, 0.0, 0.0, 0.01089208668844536, 0.00476393156717078)",1
8226,34,10,13,"(0.0, 0.02461978404713738, 0.022096300053100537, 0.0, 0.01810411441758469, 0.022173256981297827, 0.0, 0.0, 0.01089208668844536, 0.00688341365058634)",1
8227,34,10,13,"(0.0, 0.02461978404713738, 0.022096300053100537, 0.0, 0.01810411441758469, 0.025110973117372423, 0.0, 0.0, 0.01089208668844536, 0.00476393156717078)",1
8228,34,10,13,"(0.0, 0.02461978404713738, 0.02314370886002804, 0.0, 0.01810411441758469, 0.017201771257543776, 0.0, 0.0, 0.01089208668844536, 0.00696207312536471)",4
8229,34,10,13,"(0.0, 0.03119970131493137, 0.022096300053100537, 0.0, 0.01810411441758469, 0.022173256981297827, 0.0, 0.0, 0.01089208668844536, 0.00476393156717078)",1
8230,34,10,13,"(0.0, 0.02461978404713738, 0.023035932332134326, 0.0, 0.01338835575452171, 0.015695336382171892, 0.0, 0.0, 0.01089208668844536, 0.00476393156717078)",1
8231,34,10,13,"(0.0, 0.02307383337038631, 0.023035932332134326, 0.0, 0.020833215794038764, 0.022173256981297827, 0.0, 0.0, 0.01089208668844536, 0.00476393156717078)",10
8232,34,10,13,"(0.0, 0.02461978404713738, 0.023035932332134326, 0.0, 0.01810411441758469, 0.022173256981297827, 0.0, 0.0, 0.01089208668844536, 0.00476393156717078)",124
8233,34,10,13,"(0.0, 0.02307383337038631, 0.023035932332134326, 0.0, 0.027421892670605588, 0.022173256981297827, 0.0, 0.0, 0.01089208668844536, 0.00476393156717078)",52
8234,34,10,13,"(0.0, 0.02461978404713738, 0.015654051542525953, 0.0, 0.01810411441758469, 0.022173256981297827, 0.0, 0.0, 0.01089208668844536, 0.00476393156717078)",4
8235,34,10,13,"(0.0, 0.02461978404713738, 0.022096300053100537, 0.0, 0.01810411441758469, 0.022173256981297827, 0.0, 0.0, 0.01089208668844536, 0.00476393156717078)",165
8236,34,10,13,"(0.0, 0.02307383337038631, 0.023035932332134326, 0.0, 0.04293337241895115, 0.014042012020407826, 0.0, 0.0, 0.01089208668844536, 0.00476393156717078)",11
8237,34,11,13,"(0.0, 0.02461978404713738, 0.023035932332134326, 0.0, 0.03483459330768731, 0.022173256981297827, 0.0, 0.0, 0.01089208668844536, 0.00476393156717078)",3
8238,34,11,13,"(0.0, 0.02461978404713738, 0.015921522192493525, 0.0, 0.01810411441758469, 0.022173256981297827, 0.0, 0.0, 0.01089208668844536, 0.00476393156717078)",1
8239,34,11,13,"(0.0, 0.02461978404713738, 0.0185460554774223, 0.0, 0.01810411441758469, 0.022173256981297827, 0.0, 0.0, 0.01089208668844536, 0.00476393156717078)",2
8240,34,11,13,"(0.0, 0.02090360350529853, 0.023035932332134326, 0.0, 0.02959855771187194, 0.022173256981297827, 0.0, 0.0, 0.01089208668844536, 0.00476393156717078)",1
8241,34,11,13,"(0.0, 0.02461978404713738, 0.023906285914738205, 0.0, 0.01810411441758469, 0.022173256981297827, 0.0, 0.0, 0.01089208668844536, 0.00476393156717078)",1
8242,34,11,13,"(0.0, 0.01987289995351767, 0.023035932332134326, 0.0, 0.013746520882964089, 0.022173256981297827, 0.0, 0.0, 0.01089208668844536, 0.00476393156717078)",1
8243,34,11,13,"(0.0, 0.02461978404713738, 0.023035932332134326, 0.0, 0.01810411441758469, 0.022173256981297827, 0.0, 0.0, 0.01089208668844536, 0.0036872173179800785)",1
8244,34,11,13,"(0.0, 0.02461978404713738, 0.023035932332134326, 0.0, 0.01810411441758469, 0.018996969907300952, 0.0, 0.0, 0.01089208668844536, 0.00476393156717078)",1
8245,34,11,13,"(0.0, 0.021742811549675986, 0.023035932332134326, 0.0, 0.01810411441758469, 0.022173256981297827, 0.0, 0.0, 0.01089208668844536, 0.006411938618323926)",2
8246,34,11,13,"(0.0, 0.02461978404713738, 0.023035932332134326, 0.0, 0.01810411441758469, 0.022173256981297827, 0.0, 0.0, 0.01089208668844536, 0.00476393156717078)",312
8247,34,12,8,"(0.19235562551390653, 0.05194364291322009, 0.0, 0.0, 0.04573034632799446, 0.0, 0.08319516954615302, 0.1116381245929446, 0.0, 0.0)",42
8248,34,12,8,"(0.19235562551390653, 0.05194364291322009, 0.0, 0.0, 0.04573034632799446, 0.0, 0.08319516954615302, 0.13457470352319897, 0.0, 0.0)",8
8249,34,12,8,"(0.19235562551390653, 0.046525949225991035, 0.0, 0.0, 0.03993798592407219, 0.0, 0.08319516954615302, 0.1620852238510594, 0.0, 0.0)",1
8250,34,12,8,"(0.19235562551390653, 0.046525949225991035, 0.0, 0.0, 0.04573034632799446, 0.0, 0.08319516954615302, 0.1116381245929446, 0.0, 0.0)",111
8251,34,12,8,"(0.19235562551390653, 0.046525949225991035, 0.0, 0.0, 0.057718064927581546, 0.0, 0.08319516954615302, 0.1116381245929446, 0.0, 0.0)",3
8252,34,12,10,"(0.022384570735347664, 0.06927916245295945, 0.09682940930282144, 0.0017773360538905325, 0.0, 0.06291875767155253, 0.0, 0.07710594260432355, 0.0, 0.0)",86
8253,34,12,10,"(0.03550653097490399, 0.06927916245295945, 0.09682940930282144, 0.0017773360538905325, 0.0, 0.06291875767155253, 0.0, 0.10994488928074131, 0.0, 0.0)",105
8254,34,12,10,"(0.03550653097490399, 0.06927916245295945, 0.09682940930282144, 0.0017773360538905325, 0.0, 0.09794800980788547, 0.0, 0.10994488928074131, 0.0, 0.0)",11
8255,34,12,10,"(0.022384570735347664, 0.06927916245295945, 0.09682940930282144, 0.0017773360538905325, 0.0, 0.06291875767155253, 0.0, 0.10994488928074131, 0.0, 0.0)",31
8256,34,12,10,"(0.022384570735347664, 0.06927916245295945, 0.09682940930282144, 0.0017773360538905325, 0.0, 0.04684862144481484, 0.0, 0.10994488928074131, 0.0, 0.0)",2
8257,34,13,6,"(0.03426039533065134, 0.011572197494497125, 0.0, 0.030181603934096246, 0.006637011622560194, 0.0, 0.019795240631728064, 0.0, 0.028146417112716555, 0.05874522297052942)",2
8258,34,13,6,"(0.03426039533065134, 0.011572197494497125, 0.0, 0.030181603934096246, 0.005422768956954101, 0.0, 0.019795240631728064, 0.0, 0.028146417112716555, 0.05874522297052942)",183
8259,34,13,6,"(0.03426039533065134, 0.011572197494497125, 0.0, 0.030181603934096246, 0.005422768956954101, 0.0, 0.034384538664102404, 0.0, 0.028146417112716555, 0.05874522297052942)",2
8260,34,14,11,"(0.0, 0.0, 0.07563427679391872, 0.019044838325788734, 0.0, 0.030645849071221472, 0.16773790467281977, 0.046237642847009, 0.026121609841380632, 0.0)",3
8261,34,14,11,"(0.0, 0.0, 0.03345640015962881, 0.01650583712158267, 0.0, 0.030645849071221472, 0.16773790467281977, 0.046237642847009, 0.026121609841380632, 0.0)",1
8262,34,14,11,"(0.0, 0.0, 0.07563427679391872, 0.012330921563537742, 0.0, 0.030645849071221472, 0.16773790467281977, 0.046237642847009, 0.026121609841380632, 0.0)",5
8263,34,14,11,"(0.0, 0.0, 0.07563427679391872, 0.01650583712158267, 0.0, 0.034379261241687234, 0.15567366536589772, 0.046237642847009, 0.026121609841380632, 0.0)",1
8264,34,14,11,"(0.0, 0.0, 0.07563427679391872, 0.01650583712158267, 0.0, 0.030645849071221472, 0.2382251363747344, 0.03400445849849692, 0.026121609841380632, 0.0)",1
8265,34,14,11,"(0.0, 0.0, 0.07563427679391872, 0.01650583712158267, 0.0, 0.030645849071221472, 0.16773790467281977, 0.046237642847009, 0.026121609841380632, 0.0)",185
8266,34,14,11,"(0.0, 0.0, 0.07563427679391872, 0.01650583712158267, 0.0, 0.030645849071221472, 0.18136494990648772, 0.030342669041848142, 0.026121609841380632, 0.0)",8
8267,34,14,11,"(0.0, 0.0, 0.07563427679391872, 0.01650583712158267, 0.0, 0.030645849071221472, 0.16773790467281977, 0.04882213214509014, 0.026121609841380632, 0.0)",2
8268,34,14,13,"(0.0, 0.02461978404713738, 0.023035932332134326, 0.0, 0.01810411441758469, 0.022173256981297827, 0.0, 0.0, 0.020068812383304564, 0.00476393156717078)",1
8269,34,14,13,"(0.0, 0.02461978404713738, 0.023035932332134326, 0.0, 0.021437857943594773, 0.022173256981297827, 0.0, 0.0, 0.01089208668844536, 0.00476393156717078)",1
8270,34,14,13,"(0.0, 0.02461978404713738, 0.023035932332134326, 0.0, 0.01810411441758469, 0.07656272901117794, 0.0, 0.0, 0.01089208668844536, 0.0040198401384280175)",1
8271,34,14,13,"(0.0, 0.02461978404713738, 0.023035932332134326, 0.0, 0.01810411441758469, 0.022173256981297827, 0.0, 0.0, 0.01089208668844536, 0.0027670025935840246)",1
8272,34,14,13,"(0.0, 0.02461978404713738, 0.023035932332134326, 0.0, 0.01810411441758469, 0.022173256981297827, 0.0, 0.0, 0.00913631188460997, 0.00476393156717078)",2
8273,34,14,13,"(0.0, 0.021423194238546907, 0.023035932332134326, 0.0, 0.01810411441758469, 0.022173256981297827, 0.0, 0.0, 0.01089208668844536, 0.00476393156717078)",55
8274,34,14,13,"(0.0, 0.02461978404713738, 0.023035932332134326, 0.0, 0.01810411441758469, 0.022173256981297827, 0.0, 0.0, 0.019187299986347016, 0.00476393156717078)",1
8275,34,14,13,"(0.0, 0.02461978404713738, 0.023035932332134326, 0.0, 0.01810411441758469, 0.022173256981297827, 0.0, 0.0, 0.01089208668844536, 0.00476393156717078)",247
8276,34,15,11,"(0.0, 0.0, 0.11839367174953695, 0.01650583712158267, 0.0, 0.030645849071221472, 0.16773790467281977, 0.0404147798164449, 0.026121609841380632, 0.0)",545
8277,34,15,11,"(0.0, 0.0, 0.11839367174953695, 0.01650583712158267, 0.0, 0.030645849071221472, 0.16773790467281977, 0.03411880621684374, 0.026121609841380632, 0.0)",5
8278,34,15,11,"(0.0, 0.0, 0.09931336777222664, 0.01650583712158267, 0.0, 0.030645849071221472, 0.16773790467281977, 0.0404147798164449, 0.026121609841380632, 0.0)",1
8279,34,15,11,"(0.0, 0.0, 0.07145712991481365, 0.01650583712158267, 0.0, 0.030645849071221472, 0.16773790467281977, 0.0404147798164449, 0.026121609841380632, 0.0)",2
8280,34,15,11,"(0.0, 0.0, 0.11839367174953695, 0.01650583712158267, 0.0, 0.030645849071221472, 0.16773790467281977, 0.0404147798164449, 0.019243996908253538, 0.0)",1
8281,34,15,11,"(0.0, 0.0, 0.11839367174953695, 0.01650583712158267, 0.0, 0.035942524460113374, 0.16773790467281977, 0.0404147798164449, 0.026121609841380632, 0.0)",2
8282,34,15,11,"(0.0, 0.0, 0.11839367174953695, 0.013100809471556011, 0.0, 0.030645849071221472, 0.16773790467281977, 0.0404147798164449, 0.026121609841380632, 0.0)",1
8283,34,15,11,"(0.0, 0.0, 0.11839367174953695, 0.01650583712158267, 0.0, 0.030645849071221472, 0.16861526591080275, 0.0404147798164449, 0.024068669118592668, 0.0)",1
8284,34,15,11,"(0.0, 0.0, 0.11839367174953695, 0.01650583712158267, 0.0, 0.03194215793703606, 0.16773790467281977, 0.0404147798164449, 0.026121609841380632, 0.0)",2
8285,34,15,11,"(0.0, 0.0, 0.11839367174953695, 0.01650583712158267, 0.0, 0.030645849071221472, 0.16773790467281977, 0.0404147798164449, 0.04265137684158543, 0.0)",1
8286,34,16,1,"(0.0, 0.0, 0.03169994223500868, 0.0, 0.0, 0.0199117526153351, 0.0, 0.0, 0.0, 0.053079885168575563)",5
8287,34,16,1,"(0.0, 0.0, 0.041406372128065916, 0.0, 0.0, 0.01645991691748935, 0.0, 0.0, 0.0, 0.047529216575968564)",1
8288,34,16,1,"(0.0, 0.0, 0.041406372128065916, 0.0, 0.0, 0.0199117526153351, 0.0, 0.0, 0.0, 0.09965925051150999)",141
8289,34,16,1,"(0.0, 0.0, 0.041406372128065916, 0.0, 0.0, 0.0199117526153351, 0.0, 0.0, 0.0, 0.053079885168575563)",54
8290,34,16,1,"(0.0, 0.0, 0.027875006791721654, 0.0, 0.0, 0.0199117526153351, 0.0, 0.0, 0.0, 0.1342244244449578)",1
8291,34,16,1,"(0.0, 0.0, 0.05727764170638699, 0.0, 0.0, 0.0199117526153351, 0.0, 0.0, 0.0, 0.047529216575968564)",3
8292,34,16,1,"(0.0, 0.0, 0.041406372128065916, 0.0, 0.0, 0.0199117526153351, 0.0, 0.0, 0.0, 0.047529216575968564)",480
8293,34,16,1,"(0.0, 0.0, 0.041406372128065916, 0.0, 0.0, 0.012398518461146405, 0.0, 0.0, 0.0, 0.05663515675717367)",1
8294,34,16,1,"(0.0, 0.0, 0.041406372128065916, 0.0, 0.0, 0.01892606304236061, 0.0, 0.0, 0.0, 0.047529216575968564)",43
8295,34,16,1,"(0.0, 0.0, 0.041406372128065916, 0.0, 0.0, 0.0199117526153351, 0.0, 0.0, 0.0, 0.06431149512678257)",1
8296,34,16,8,"(0.16507889091742442, 0.046525949225991035, 0.0, 0.0, 0.07022106556493442, 0.0, 0.060701614823567854, 0.1116381245929446, 0.0, 0.0)",252
8297,34,16,8,"(0.16507889091742442, 0.04894917400077306, 0.0, 0.0, 0.07022106556493442, 0.0, 0.060701614823567854, 0.1116381245929446, 0.0, 0.0)",1
8298,34,16,8,"(0.16507889091742442, 0.046525949225991035, 0.0, 0.0, 0.06258782515242492, 0.0, 0.060701614823567854, 0.12683085407684694, 0.0, 0.0)",1
8299,34,17,1,"(0.0, 0.0, 0.1359960981860927, 0.0, 0.0, 0.030018978917809972, 0.0, 0.0, 0.0, 0.0910060267578522)",2
8300,34,17,1,"(0.0, 0.0, 0.10650950881622333, 0.0, 0.0, 0.010004617500886572, 0.0, 0.0, 0.0, 0.04557123282186749)",2
8301,34,17,1,"(0.0, 0.0, 0.14112165042987806, 0.0, 0.0, 0.04243664396771096, 0.0, 0.0, 0.0, 0.0910060267578522)",1
8302,34,17,1,"(0.0, 0.0, 0.11405680599927905, 0.0, 0.0, 0.022640784901484766, 0.0, 0.0, 0.0, 0.04935801758557491)",1
8303,34,17,1,"(0.0, 0.0, 0.10650950881622333, 0.0, 0.0, 0.024348800914769663, 0.0, 0.0, 0.0, 0.04557123282186749)",4
8304,34,17,1,"(0.0, 0.0, 0.10922905711608999, 0.0, 0.0, 0.018960691369951713, 0.0, 0.0, 0.0, 0.0910060267578522)",68
8305,34,17,1,"(0.0, 0.0, 0.13305060760094453, 0.0, 0.0, 0.018960691369951713, 0.0, 0.0, 0.0, 0.0910060267578522)",1
8306,34,17,1,"(0.0, 0.0, 0.10922905711608999, 0.0, 0.0, 0.027672480551771014, 0.0, 0.0, 0.0, 0.0910060267578522)",1
8307,34,17,1,"(0.0, 0.0, 0.10922905711608999, 0.0, 0.0, 0.030018978917809972, 0.0, 0.0, 0.0, 0.0910060267578522)",452
8308,34,17,1,"(0.0, 0.0, 0.10650950881622333, 0.0, 0.0, 0.022640784901484766, 0.0, 0.0, 0.0, 0.04557123282186749)",140
8309,34,17,8,"(0.10294337677241405, 0.07591249646672298, 0.0, 0.0, 0.07022106556493442, 0.0, 0.08319516954615302, 0.1116381245929446, 0.0, 0.0)",1
8310,34,17,8,"(0.0761586992152023, 0.04632028014141928, 0.0, 0.0, 0.07022106556493442, 0.0, 0.08319516954615302, 0.1116381245929446, 0.0, 0.0)",71
8311,34,17,8,"(0.10294337677241405, 0.04632028014141928, 0.0, 0.0, 0.07022106556493442, 0.0, 0.05473936256709611, 0.1116381245929446, 0.0, 0.0)",1
8312,34,17,8,"(0.10294337677241405, 0.04632028014141928, 0.0, 0.0, 0.07022106556493442, 0.0, 0.08319516954615302, 0.1116381245929446, 0.0, 0.0)",201
8313,34,17,8,"(0.10294337677241405, 0.0693058055879099, 0.0, 0.0, 0.07022106556493442, 0.0, 0.0638937446846744, 0.1116381245929446, 0.0, 0.0)",8
8314,34,18,10,"(0.170282237805547, 0.06927916245295945, 0.09682940930282144, 0.0017773360538905325, 0.0, 0.06291875767155253, 0.0, 0.10994488928074131, 0.0, 0.0)",2
8315,34,18,10,"(0.07430120445024824, 0.06767009394041038, 0.13522208885480916, 0.0017773360538905325, 0.0, 0.06291875767155253, 0.0, 0.10994488928074131, 0.0, 0.0)",3
8316,34,18,10,"(0.07734904686468291, 0.06927916245295945, 0.09682940930282144, 0.0017773360538905325, 0.0, 0.06291875767155253, 0.0, 0.10994488928074131, 0.0, 0.0)",167
8317,34,18,11,"(0.0, 0.0, 0.08898107447558858, 0.01650583712158267, 0.0, 0.03150275214907511, 0.17332061725012024, 0.08028238650273146, 0.026121609841380632, 0.0)",1
8318,34,18,11,"(0.0, 0.0, 0.0499043864027759, 0.01650583712158267, 0.0, 0.03150275214907511, 0.13038533056739307, 0.08028238650273146, 0.03389543450639299, 0.0)",2
8319,34,18,11,"(0.0, 0.0, 0.08898107447558858, 0.01650583712158267, 0.0, 0.03150275214907511, 0.13931726815159742, 0.08028238650273146, 0.026121609841380632, 0.0)",6
8320,34,18,11,"(0.0, 0.0, 0.07799069882261403, 0.01650583712158267, 0.0, 0.03150275214907511, 0.17491185294840791, 0.08028238650273146, 0.039890373854795526, 0.0)",1
8321,34,18,11,"(0.0, 0.0, 0.08898107447558858, 0.01650583712158267, 0.0, 0.03150275214907511, 0.13038533056739307, 0.08028238650273146, 0.026121609841380632, 0.0)",521
8322,34,18,11,"(0.0, 0.0, 0.09864539577037362, 0.01650583712158267, 0.0, 0.03150275214907511, 0.13038533056739307, 0.08028238650273146, 0.026121609841380632, 0.0)",43
8323,34,19,13,"(0.0, 0.02461978404713738, 0.013674643692896272, 0.0, 0.01810411441758469, 0.022173256981297827, 0.0, 0.0, 0.01089208668844536, 0.0028621211431144253)",149
8324,34,19,13,"(0.0, 0.02461978404713738, 0.013674643692896272, 0.0, 0.01810411441758469, 0.026636498898336056, 0.0, 0.0, 0.01089208668844536, 0.0028621211431144253)",1
8325,34,19,13,"(0.0, 0.02461978404713738, 0.014751001030175428, 0.0, 0.01810411441758469, 0.022173256981297827, 0.0, 0.0, 0.01089208668844536, 0.0028621211431144253)",1
8326,34,19,13,"(0.0, 0.02461978404713738, 0.027053846948939416, 0.0, 0.01810411441758469, 0.022173256981297827, 0.0, 0.0, 0.01089208668844536, 0.0012146923535806386)",6
8327,34,19,13,"(0.0, 0.019169115560411103, 0.013674643692896272, 0.0, 0.01810411441758469, 0.01922796150222314, 0.0, 0.0, 0.011740131795510277, 0.0028621211431144253)",59
8328,34,20,10,"(0.07734904686468291, 0.06927916245295945, 0.09682940930282144, 0.0017773360538905325, 0.0, 0.06291875767155253, 0.0, 0.10994488928074131, 0.0, 0.0)",117
8329,34,20,10,"(0.07734904686468291, 0.06927916245295945, 0.09682940930282144, 0.002870644605643264, 0.0, 0.06291875767155253, 0.0, 0.10994488928074131, 0.0, 0.0)",2
8330,34,20,10,"(0.09662250848323149, 0.06927916245295945, 0.09682940930282144, 0.0017773360538905325, 0.0, 0.06291875767155253, 0.0, 0.10994488928074131, 0.0, 0.0)",1
8331,34,20,11,"(0.0, 0.0, 0.03664497950459847, 0.01650583712158267, 0.0, 0.02548938439096223, 0.09572491856946197, 0.0771784496837272, 0.036485718580663774, 0.0)",7
8332,34,20,11,"(0.0, 0.0, 0.03664497950459847, 0.01650583712158267, 0.0, 0.02548938439096223, 0.09572491856946197, 0.0951650437485075, 0.036485718580663774, 0.0)",110
8333,34,20,11,"(0.0, 0.0, 0.037212463992998566, 0.01650583712158267, 0.0, 0.02548938439096223, 0.09572491856946197, 0.0951650437485075, 0.036485718580663774, 0.0)",1
8334,34,20,11,"(0.0, 0.0, 0.03717668845395761, 0.01650583712158267, 0.0, 0.02548938439096223, 0.09572491856946197, 0.08278555478616971, 0.022536201563087884, 0.0)",3
8335,34,20,11,"(0.0, 0.0, 0.03664497950459847, 0.02415591764011271, 0.0, 0.02548938439096223, 0.09572491856946197, 0.0951650437485075, 0.036485718580663774, 0.0)",9
8336,34,20,11,"(0.0, 0.0, 0.03664497950459847, 0.01650583712158267, 0.0, 0.02548938439096223, 0.09572491856946197, 0.08028238650273146, 0.014870259479672462, 0.0)",1
8337,34,20,11,"(0.0, 0.0, 0.03664497950459847, 0.01650583712158267, 0.0, 0.02548938439096223, 0.09572491856946197, 0.08028238650273146, 0.03374307071805021, 0.0)",7
8338,34,20,11,"(0.0, 0.0, 0.03664497950459847, 0.01650583712158267, 0.0, 0.02548938439096223, 0.09572491856946197, 0.08028238650273146, 0.04124888596048449, 0.0)",1
8339,34,20,11,"(0.0, 0.0, 0.03664497950459847, 0.01650583712158267, 0.0, 0.02548938439096223, 0.09572491856946197, 0.0951650437485075, 0.05768284773241659, 0.0)",1
8340,34,20,11,"(0.0, 0.0, 0.03664497950459847, 0.01650583712158267, 0.0, 0.02548938439096223, 0.09572491856946197, 0.1266822291549304, 0.036485718580663774, 0.0)",8
8341,34,20,11,"(0.0, 0.0, 0.03664497950459847, 0.018456683535076318, 0.0, 0.02548938439096223, 0.09572491856946197, 0.0951650437485075, 0.036485718580663774, 0.0)",1
8342,34,20,11,"(0.0, 0.0, 0.03664497950459847, 0.013868099301848113, 0.0, 0.02548938439096223, 0.09572491856946197, 0.0951650437485075, 0.036485718580663774, 0.0)",21
8343,34,20,11,"(0.0, 0.0, 0.09324737632074745, 0.01650583712158267, 0.0, 0.02548938439096223, 0.09572491856946197, 0.05885302880459243, 0.03937762806848474, 0.0)",13
8344,34,20,11,"(0.0, 0.0, 0.018004387155732684, 0.01650583712158267, 0.0, 0.02548938439096223, 0.09572491856946197, 0.05885302880459243, 0.036485718580663774, 0.0)",40
8345,34,20,11,"(0.0, 0.0, 0.03664497950459847, 0.01650583712158267, 0.0, 0.02548938439096223, 0.09572491856946197, 0.08028238650273146, 0.036485718580663774, 0.0)",343
8346,34,20,11,"(0.0, 0.0, 0.03664497950459847, 0.01650583712158267, 0.0, 0.02548938439096223, 0.09572491856946197, 0.05540567809820518, 0.036485718580663774, 0.0)",9
8347,34,20,11,"(0.0, 0.0, 0.03664497950459847, 0.01650583712158267, 0.0, 0.02548938439096223, 0.09572491856946197, 0.05885302880459243, 0.036485718580663774, 0.0)",25
8348,35,0,6,"(0.03426039533065134, 0.011572197494497125, 0.0, 0.030181603934096246, 0.005422768956954101, 0.0, 0.019795240631728064, 0.0, 0.028146417112716555, 0.05874522297052942)",57
8349,35,0,6,"(0.03426039533065134, 0.011572197494497125, 0.0, 0.030181603934096246, 0.005422768956954101, 0.0, 0.018793681709323322, 0.0, 0.028146417112716555, 0.05874522297052942)",1
8350,35,0,6,"(0.03426039533065134, 0.011572197494497125, 0.0, 0.030181603934096246, 0.005422768956954101, 0.0, 0.015259882522651867, 0.0, 0.028146417112716555, 0.05874522297052942)",66
8351,35,0,11,"(0.0, 0.0, 0.06200374261520503, 0.010654525538403636, 0.0, 0.030645849071221472, 0.16773790467281977, 0.08028238650273146, 0.026121609841380632, 0.0)",163
8352,35,0,11,"(0.0, 0.0, 0.06200374261520503, 0.010654525538403636, 0.0, 0.030645849071221472, 0.12965420237697925, 0.06471128129841798, 0.026121609841380632, 0.0)",6
8353,35,0,11,"(0.0, 0.0, 0.06200374261520503, 0.010654525538403636, 0.0, 0.030645849071221472, 0.16773790467281977, 0.06471128129841798, 0.026121609841380632, 0.0)",220
8354,35,0,11,"(0.0, 0.0, 0.06200374261520503, 0.010654525538403636, 0.0, 0.030645849071221472, 0.16773790467281977, 0.06471128129841798, 0.048094770879281476, 0.0)",2
8355,35,1,6,"(0.03426039533065134, 0.011572197494497125, 0.0, 0.030181603934096246, 0.005422768956954101, 0.0, 0.019795240631728064, 0.0, 0.028146417112716555, 0.05874522297052942)",267
8356,35,1,6,"(0.03426039533065134, 0.011572197494497125, 0.0, 0.030181603934096246, 0.005422768956954101, 0.0, 0.019795240631728064, 0.0, 0.02633346912806402, 0.05874522297052942)",3
8357,35,1,6,"(0.03426039533065134, 0.011572197494497125, 0.0, 0.03679843447267819, 0.005422768956954101, 0.0, 0.019795240631728064, 0.0, 0.028146417112716555, 0.05874522297052942)",4
8358,35,1,6,"(0.03426039533065134, 0.007852177633906506, 0.0, 0.030181603934096246, 0.007875550715881242, 0.0, 0.019795240631728064, 0.0, 0.028146417112716555, 0.05874522297052942)",3
8359,35,1,6,"(0.01647831211386961, 0.011572197494497125, 0.0, 0.030181603934096246, 0.005422768956954101, 0.0, 0.015638187926190754, 0.0, 0.028146417112716555, 0.05874522297052942)",2
8360,35,1,6,"(0.09948446028019627, 0.011572197494497125, 0.0, 0.030181603934096246, 0.005422768956954101, 0.0, 0.019795240631728064, 0.0, 0.028146417112716555, 0.05874522297052942)",1
8361,35,1,8,"(0.03787973213255851, 0.046525949225991035, 0.0, 0.0, 0.051217346146779696, 0.0, 0.08319516954615302, 0.1415123366655704, 0.0, 0.0)",1
8362,35,1,8,"(0.07111035742329365, 0.046525949225991035, 0.0, 0.0, 0.021428516302931876, 0.0, 0.08319516954615302, 0.1372188431243829, 0.0, 0.0)",3
8363,35,1,8,"(0.07111035742329365, 0.03300228633530926, 0.0, 0.0, 0.051217346146779696, 0.0, 0.08319516954615302, 0.1415123366655704, 0.0, 0.0)",1
8364,35,1,8,"(0.07111035742329365, 0.046525949225991035, 0.0, 0.0, 0.0746879523260619, 0.0, 0.08319516954615302, 0.1415123366655704, 0.0, 0.0)",2
8365,35,1,8,"(0.07111035742329365, 0.046525949225991035, 0.0, 0.0, 0.051217346146779696, 0.0, 0.08319516954615302, 0.1415123366655704, 0.0, 0.0)",221
8366,35,2,13,"(0.0, 0.02461978404713738, 0.023035932332134326, 0.0, 0.00970885425506607, 0.02133874650304365, 0.0, 0.0, 0.01089208668844536, 0.0033248234424808555)",1
8367,35,2,13,"(0.0, 0.02461978404713738, 0.023035932332134326, 0.0, 0.00970885425506607, 0.022173256981297827, 0.0, 0.0, 0.01089208668844536, 0.007104044939595064)",3
8368,35,2,13,"(0.0, 0.02461978404713738, 0.023035932332134326, 0.0, 0.007209771852190559, 0.022173256981297827, 0.0, 0.0, 0.007016823185319133, 0.00476393156717078)",1
8369,35,2,13,"(0.0, 0.02461978404713738, 0.023035932332134326, 0.0, 0.00970885425506607, 0.022173256981297827, 0.0, 0.0, 0.010567073152304823, 0.00476393156717078)",1
8370,35,2,13,"(0.0, 0.02461978404713738, 0.027275100944435172, 0.0, 0.00970885425506607, 0.022173256981297827, 0.0, 0.0, 0.01089208668844536, 0.00476393156717078)",1
8371,35,2,13,"(0.0, 0.023561085357560223, 0.023035932332134326, 0.0, 0.00970885425506607, 0.018756060628186324, 0.0, 0.0, 0.01089208668844536, 0.00476393156717078)",1
8372,35,2,13,"(0.0, 0.02461978404713738, 0.023035932332134326, 0.0, 0.00970885425506607, 0.022173256981297827, 0.0, 0.0, 0.006302698901900506, 0.00476393156717078)",1
8373,35,2,13,"(0.0, 0.02461978404713738, 0.023035932332134326, 0.0, 0.00970885425506607, 0.022173256981297827, 0.0, 0.0, 0.01089208668844536, 0.008748625259382055)",1
8374,35,2,13,"(0.0, 0.02461978404713738, 0.023035932332134326, 0.0, 0.00970885425506607, 0.022173256981297827, 0.0, 0.0, 0.008184643064561934, 0.00476393156717078)",1
8375,35,2,13,"(0.0, 0.02461978404713738, 0.023035932332134326, 0.0, 0.00970885425506607, 0.022173256981297827, 0.0, 0.0, 0.019159889463382453, 0.00476393156717078)",1
8376,35,2,13,"(0.0, 0.02461978404713738, 0.023035932332134326, 0.0, 0.00970885425506607, 0.022173256981297827, 0.0, 0.0, 0.01089208668844536, 0.00476393156717078)",389
8377,35,3,13,"(0.0, 0.02461978404713738, 0.010389117941969148, 0.0, 0.01810411441758469, 0.022173256981297827, 0.0, 0.0, 0.01089208668844536, 0.0024406349647482155)",1
8378,35,3,13,"(0.0, 0.02461978404713738, 0.023035932332134326, 0.0, 0.01810411441758469, 0.022173256981297827, 0.0, 0.0, 0.01089208668844536, 0.0024406349647482155)",166
8379,35,3,13,"(0.0, 0.03177489437542637, 0.023035932332134326, 0.0, 0.01810411441758469, 0.023531834229716997, 0.0, 0.0, 0.01089208668844536, 0.0024406349647482155)",1
8380,35,3,13,"(0.0, 0.0232869795403917, 0.04941187597110362, 0.0, 0.01810411441758469, 0.029988125755629712, 0.0, 0.0, 0.01089208668844536, 0.0027636866113311884)",1
8381,35,3,13,"(0.0, 0.024627443537714254, 0.023035932332134326, 0.0, 0.01810411441758469, 0.022173256981297827, 0.0, 0.0, 0.01089208668844536, 0.0024406349647482155)",1
8382,35,3,13,"(0.0, 0.02461978404713738, 0.023035932332134326, 0.0, 0.01810411441758469, 0.022173256981297827, 0.0, 0.0, 0.00790917215527415, 0.0024406349647482155)",2
8383,35,3,13,"(0.0, 0.02461978404713738, 0.023035932332134326, 0.0, 0.01810411441758469, 0.015535241364290691, 0.0, 0.0, 0.01089208668844536, 0.0024406349647482155)",1
8384,35,3,13,"(0.0, 0.02461978404713738, 0.023035932332134326, 0.0, 0.01810411441758469, 0.022173256981297827, 0.0, 0.0, 0.012422186188441995, 0.0024406349647482155)",1
8385,35,3,13,"(0.0, 0.02461978404713738, 0.04941187597110362, 0.0, 0.01810411441758469, 0.029988125755629712, 0.0, 0.0, 0.01089208668844536, 0.0024406349647482155)",63
8386,35,4,11,"(0.0, 0.0, 0.09864539577037362, 0.01650583712158267, 0.0, 0.01996003480769166, 0.08153022673827125, 0.07240876560513207, 0.026121609841380632, 0.0)",34
8387,35,4,11,"(0.0, 0.0, 0.09864539577037362, 0.01650583712158267, 0.0, 0.030645849071221472, 0.08153022673827125, 0.1287035463572653, 0.026121609841380632, 0.0)",1
8388,35,4,11,"(0.0, 0.0, 0.09864539577037362, 0.01650583712158267, 0.0, 0.030645849071221472, 0.08153022673827125, 0.07240876560513207, 0.026121609841380632, 0.0)",412
8389,35,4,11,"(0.0, 0.0, 0.09864539577037362, 0.01650583712158267, 0.0, 0.030645849071221472, 0.08153022673827125, 0.07240876560513207, 0.025680893801174005, 0.0)",1
8390,35,4,11,"(0.0, 0.0, 0.07339820307047491, 0.01650583712158267, 0.0, 0.030645849071221472, 0.08153022673827125, 0.07240876560513207, 0.018578358148273248, 0.0)",3
8391,35,4,11,"(0.0, 0.0, 0.09864539577037362, 0.021971809248403987, 0.0, 0.030645849071221472, 0.07229825913906164, 0.07240876560513207, 0.026121609841380632, 0.0)",1
8392,35,4,11,"(0.0, 0.0, 0.13593937183963284, 0.01650583712158267, 0.0, 0.030645849071221472, 0.08153022673827125, 0.07240876560513207, 0.05825701781577832, 0.0)",1
8393,35,4,11,"(0.0, 0.0, 0.09864539577037362, 0.01650583712158267, 0.0, 0.030645849071221472, 0.08153022673827125, 0.05778456784639267, 0.026121609841380632, 0.0)",1
8394,35,4,11,"(0.0, 0.0, 0.09864539577037362, 0.01650583712158267, 0.0, 0.030645849071221472, 0.06591617009060341, 0.0667574462764898, 0.026121609841380632, 0.0)",1
8395,35,4,11,"(0.0, 0.0, 0.09864539577037362, 0.01650583712158267, 0.0, 0.03974940061852608, 0.08153022673827125, 0.07240876560513207, 0.026121609841380632, 0.0)",1
8396,35,4,11,"(0.0, 0.0, 0.09864539577037362, 0.023093148743805206, 0.0, 0.030645849071221472, 0.08153022673827125, 0.07240876560513207, 0.026121609841380632, 0.0)",1
8397,35,4,11,"(0.0, 0.0, 0.09864539577037362, 0.020372410192960322, 0.0, 0.030645849071221472, 0.08153022673827125, 0.07240876560513207, 0.026121609841380632, 0.0)",1
8398,35,4,11,"(0.0, 0.0, 0.09864539577037362, 0.01650583712158267, 0.0, 0.030645849071221472, 0.08153022673827125, 0.07377542001507133, 0.026121609841380632, 0.0)",1
8399,35,4,11,"(0.0, 0.0, 0.09864539577037362, 0.01650583712158267, 0.0, 0.04426208101912432, 0.08153022673827125, 0.07240876560513207, 0.026121609841380632, 0.0)",1
8400,35,4,11,"(0.0, 0.0, 0.09864539577037362, 0.016582514502541588, 0.0, 0.026672767915722647, 0.06725028554140067, 0.07240876560513207, 0.026121609841380632, 0.0)",1
8401,35,4,11,"(0.0, 0.0, 0.09864539577037362, 0.02016576282933495, 0.0, 0.030645849071221472, 0.12221596041866922, 0.058992102938836145, 0.031357566991079416, 0.0)",2
8402,35,4,11,"(0.0, 0.0, 0.09864539577037362, 0.01650583712158267, 0.0, 0.030645849071221472, 0.08153022673827125, 0.13456095651669361, 0.026121609841380632, 0.0)",1
8403,35,4,11,"(0.0, 0.0, 0.09864539577037362, 0.01650583712158267, 0.0, 0.030645849071221472, 0.08153022673827125, 0.058992102938836145, 0.026121609841380632, 0.0)",42
8404,35,5,0,"(0.0402479284341202, 0.0, 0.0, 0.0, 0.0, 0.02548992487439754, 0.08380840797570269, 0.06261049614614052, 0.0, 0.0)",1
8405,35,5,0,"(0.07400250769571483, 0.0, 0.0, 0.0, 0.0, 0.046194273672697975, 0.08380840797570269, 0.06261049614614052, 0.0, 0.0)",1
8406,35,5,0,"(0.08579539696041343, 0.0, 0.0, 0.0, 0.0, 0.038664151314593, 0.08380840797570269, 0.06261049614614052, 0.0, 0.0)",3
8407,35,5,0,"(0.12352974491755873, 0.0, 0.0, 0.0, 0.0, 0.038664151314593, 0.1141259660805338, 0.06261049614614052, 0.0, 0.0)",1
8408,35,5,0,"(0.0402479284341202, 0.0, 0.0, 0.0, 0.0, 0.038664151314593, 0.08380840797570269, 0.06261049614614052, 0.0, 0.0)",49
8409,35,5,0,"(0.019048310234425762, 0.0, 0.0, 0.0, 0.0, 0.038664151314593, 0.08380840797570269, 0.06261049614614052, 0.0, 0.0)",1
8410,35,5,0,"(0.12352974491755873, 0.0, 0.0, 0.0, 0.0, 0.038664151314593, 0.08380840797570269, 0.06261049614614052, 0.0, 0.0)",35
8411,35,5,0,"(0.07400250769571483, 0.0, 0.0, 0.0, 0.0, 0.038664151314593, 0.08380840797570269, 0.06261049614614052, 0.0, 0.0)",180
8412,35,5,6,"(0.03426039533065134, 0.011572197494497125, 0.0, 0.030181603934096246, 0.005422768956954101, 0.0, 0.019795240631728064, 0.0, 0.028146417112716555, 0.05874522297052942)",269
8413,35,5,6,"(0.03426039533065134, 0.011572197494497125, 0.0, 0.030181603934096246, 0.005422768956954101, 0.0, 0.019795240631728064, 0.0, 0.09162761076141848, 0.05874522297052942)",6
8414,35,5,6,"(0.03426039533065134, 0.011572197494497125, 0.0, 0.030181603934096246, 0.005422768956954101, 0.0, 0.019795240631728064, 0.0, 0.025869689969170797, 0.05874522297052942)",1
8415,35,5,6,"(0.03426039533065134, 0.011572197494497125, 0.0, 0.030181603934096246, 0.005422768956954101, 0.0, 0.0415302806498581, 0.0, 0.028146417112716555, 0.054963159147037664)",3
8416,35,6,0,"(0.06234213132962305, 0.0, 0.0, 0.0, 0.0, 0.022100044283127774, 0.07011830437097326, 0.0691048466035698, 0.0, 0.0)",1
8417,35,6,0,"(0.07400250769571483, 0.0, 0.0, 0.0, 0.0, 0.017098731129875016, 0.08380840797570269, 0.0691048466035698, 0.0, 0.0)",16
8418,35,6,0,"(0.06234213132962305, 0.0, 0.0, 0.0, 0.0, 0.017098731129875016, 0.05063428886989465, 0.0691048466035698, 0.0, 0.0)",4
8419,35,6,0,"(0.06234213132962305, 0.0, 0.0, 0.0, 0.0, 0.017098731129875016, 0.07011830437097326, 0.0691048466035698, 0.0, 0.0)",244
8420,35,6,0,"(0.06234213132962305, 0.0, 0.0, 0.0, 0.0, 0.02342789746816123, 0.07011830437097326, 0.0691048466035698, 0.0, 0.0)",5
8421,35,6,0,"(0.06234213132962305, 0.0, 0.0, 0.0, 0.0, 0.017098731129875016, 0.052574485213094144, 0.0691048466035698, 0.0, 0.0)",2
8422,35,7,13,"(0.0, 0.02461978404713738, 0.023035932332134326, 0.0, 0.01810411441758469, 0.022173256981297827, 0.0, 0.0, 0.01089208668844536, 0.006838965517280619)",1
8423,35,7,13,"(0.0, 0.02461978404713738, 0.023035932332134326, 0.0, 0.01810411441758469, 0.025759209234101847, 0.0, 0.0, 0.01089208668844536, 0.00476393156717078)",1
8424,35,7,13,"(0.0, 0.02461978404713738, 0.02139026569235772, 0.0, 0.01810411441758469, 0.021530498967336015, 0.0, 0.0, 0.01491361335878268, 0.00476393156717078)",4
8425,35,7,13,"(0.0, 0.02461978404713738, 0.023035932332134326, 0.0, 0.01810411441758469, 0.016767003547214922, 0.0, 0.0, 0.01089208668844536, 0.00476393156717078)",8
8426,35,7,13,"(0.0, 0.02461978404713738, 0.023035932332134326, 0.0, 0.01998740051436534, 0.022173256981297827, 0.0, 0.0, 0.01089208668844536, 0.00476393156717078)",1
8427,35,7,13,"(0.0, 0.02461978404713738, 0.023035932332134326, 0.0, 0.01810411441758469, 0.021306036759749836, 0.0, 0.0, 0.01089208668844536, 0.00476393156717078)",2
8428,35,7,13,"(0.0, 0.02461978404713738, 0.023035932332134326, 0.0, 0.01810411441758469, 0.022173256981297827, 0.0, 0.0, 0.01089208668844536, 0.00476393156717078)",475
8429,35,7,13,"(0.0, 0.02461978404713738, 0.023035932332134326, 0.0, 0.023267384305868305, 0.022173256981297827, 0.0, 0.0, 0.01089208668844536, 0.00476393156717078)",3
8430,35,7,13,"(0.0, 0.02461978404713738, 0.023035932332134326, 0.0, 0.018827242997726683, 0.022173256981297827, 0.0, 0.0, 0.01089208668844536, 0.00476393156717078)",1
8431,35,7,13,"(0.0, 0.02461978404713738, 0.023035932332134326, 0.0, 0.01810411441758469, 0.022173256981297827, 0.0, 0.0, 0.01089208668844536, 0.004269069536246962)",1
8432,35,7,13,"(0.0, 0.02461978404713738, 0.023035932332134326, 0.0, 0.01810411441758469, 0.028820548157118746, 0.0, 0.0, 0.01089208668844536, 0.00476393156717078)",4
8433,35,8,11,"(0.0, 0.0, 0.09864539577037362, 0.02150422363422624, 0.0, 0.030645849071221472, 0.26681978156708136, 0.0386197297757742, 0.026121609841380632, 0.0)",1
8434,35,8,11,"(0.0, 0.0, 0.09864539577037362, 0.027270946665351296, 0.0, 0.030645849071221472, 0.16773790467281977, 0.0386197297757742, 0.026121609841380632, 0.0)",14
8435,35,8,11,"(0.0, 0.0, 0.09864539577037362, 0.02150422363422624, 0.0, 0.030645849071221472, 0.16773790467281977, 0.02379168865345996, 0.026121609841380632, 0.0)",2
8436,35,8,11,"(0.0, 0.0, 0.09864539577037362, 0.03665310104389684, 0.0, 0.030645849071221472, 0.16773790467281977, 0.06677830642521841, 0.026121609841380632, 0.0)",2
8437,35,8,11,"(0.0, 0.0, 0.4255286598643552, 0.02150422363422624, 0.0, 0.030645849071221472, 0.16773790467281977, 0.0386197297757742, 0.026121609841380632, 0.0)",1
8438,35,8,11,"(0.0, 0.0, 0.09864539577037362, 0.015278454403610907, 0.0, 0.030645849071221472, 0.16773790467281977, 0.0386197297757742, 0.026121609841380632, 0.0)",1
8439,35,8,11,"(0.0, 0.0, 0.09864539577037362, 0.02150422363422624, 0.0, 0.030645849071221472, 0.16773790467281977, 0.0386197297757742, 0.026121609841380632, 0.0)",549
8440,35,8,11,"(0.0, 0.0, 0.09864539577037362, 0.02150422363422624, 0.0, 0.030645849071221472, 0.16773790467281977, 0.0386197297757742, 0.048676504182988294, 0.0)",7
8441,35,8,11,"(0.0, 0.0, 0.09864539577037362, 0.029220531166192693, 0.0, 0.03518397631917665, 0.16773790467281977, 0.0386197297757742, 0.03969701770504472, 0.0)",1
8442,35,8,11,"(0.0, 0.0, 0.09864539577037362, 0.013369989582971694, 0.0, 0.030645849071221472, 0.16773790467281977, 0.0386197297757742, 0.026121609841380632, 0.0)",1
8443,35,8,11,"(0.0, 0.0, 0.09864539577037362, 0.025542149248354375, 0.0, 0.030645849071221472, 0.16773790467281977, 0.0386197297757742, 0.039206159970705416, 0.0)",2
8444,35,9,11,"(0.0, 0.0, 0.11755819882518005, 0.014811053999440533, 0.0, 0.02375279233445006, 0.1254348761332085, 0.08028238650273146, 0.026121609841380632, 0.0)",14
8445,35,9,11,"(0.0, 0.0, 0.09864539577037362, 0.01650583712158267, 0.0, 0.03271513426353928, 0.16243652964526273, 0.08028238650273146, 0.026121609841380632, 0.0)",4
8446,35,9,11,"(0.0, 0.0, 0.11755819882518005, 0.008824630923786946, 0.0, 0.02375279233445006, 0.14089097731505548, 0.05645716774280476, 0.026121609841380632, 0.0)",4
8447,35,9,11,"(0.0, 0.0, 0.11755819882518005, 0.008824630923786946, 0.0, 0.021659591506482122, 0.16773790467281977, 0.08028238650273146, 0.026121609841380632, 0.0)",1
8448,35,9,11,"(0.0, 0.0, 0.11755819882518005, 0.01650583712158267, 0.0, 0.02375279233445006, 0.1254348761332085, 0.10802763216402114, 0.026121609841380632, 0.0)",1
8449,35,9,11,"(0.0, 0.0, 0.11755819882518005, 0.01650583712158267, 0.0, 0.02375279233445006, 0.1254348761332085, 0.07510118539482658, 0.026121609841380632, 0.0)",1
8450,35,9,11,"(0.0, 0.0, 0.15529162080299805, 0.01650583712158267, 0.0, 0.02375279233445006, 0.2416482554373891, 0.08028238650273146, 0.026121609841380632, 0.0)",15
8451,35,9,11,"(0.0, 0.0, 0.11315205459955618, 0.014432123213683201, 0.0, 0.02375279233445006, 0.1254348761332085, 0.10584555160413098, 0.026121609841380632, 0.0)",2
8452,35,9,11,"(0.0, 0.0, 0.11755819882518005, 0.01650583712158267, 0.0, 0.02375279233445006, 0.16773790467281977, 0.08028238650273146, 0.026121609841380632, 0.0)",48
8453,35,9,11,"(0.0, 0.0, 0.09864539577037362, 0.01650583712158267, 0.0, 0.030645849071221472, 0.16243652964526273, 0.08028238650273146, 0.026121609841380632, 0.0)",95
8454,35,9,11,"(0.0, 0.0, 0.11755819882518005, 0.01650583712158267, 0.0, 0.02375279233445006, 0.16773790467281977, 0.061695345546580224, 0.026121609841380632, 0.0)",44
8455,35,9,11,"(0.0, 0.0, 0.11755819882518005, 0.008824630923786946, 0.0, 0.02375279233445006, 0.16773790467281977, 0.08028238650273146, 0.026121609841380632, 0.0)",172
8456,35,9,11,"(0.0, 0.0, 0.10959223855921735, 0.01650583712158267, 0.0, 0.02375279233445006, 0.09392003589220384, 0.08677617807104024, 0.026121609841380632, 0.0)",1
8457,35,9,11,"(0.0, 0.0, 0.11755819882518005, 0.008824630923786946, 0.0, 0.02375279233445006, 0.16773790467281977, 0.13099206587515605, 0.026121609841380632, 0.0)",1
8458,35,9,11,"(0.0, 0.0, 0.08496176322206754, 0.01650583712158267, 0.0, 0.030645849071221472, 0.16243652964526273, 0.08028238650273146, 0.026121609841380632, 0.0)",2
8459,35,9,11,"(0.0, 0.0, 0.11755819882518005, 0.01650583712158267, 0.0, 0.02375279233445006, 0.1254348761332085, 0.08028238650273146, 0.026121609841380632, 0.0)",106
8460,35,10,13,"(0.0, 0.022978939237691103, 0.022096300053100537, 0.0, 0.01810411441758469, 0.022173256981297827, 0.0, 0.0, 0.01089208668844536, 0.00476393156717078)",1
8461,35,10,13,"(0.0, 0.02461978404713738, 0.023035932332134326, 0.0, 0.01810411441758469, 0.029840610703058032, 0.0, 0.0, 0.01089208668844536, 0.00476393156717078)",17
8462,35,10,13,"(0.0, 0.02461978404713738, 0.022096300053100537, 0.0, 0.01810411441758469, 0.022173256981297827, 0.0, 0.0, 0.01089208668844536, 0.00476393156717078)",178
8463,35,10,13,"(0.0, 0.02461978404713738, 0.022096300053100537, 0.0, 0.04656617764258089, 0.022173256981297827, 0.0, 0.0, 0.01089208668844536, 0.00476393156717078)",1
8464,35,10,13,"(0.0, 0.02461978404713738, 0.036080901337735956, 0.0, 0.01810411441758469, 0.022173256981297827, 0.0, 0.0, 0.01089208668844536, 0.00476393156717078)",1
8465,35,10,13,"(0.0, 0.02461978404713738, 0.023035932332134326, 0.0, 0.01810411441758469, 0.022173256981297827, 0.0, 0.0, 0.01089208668844536, 0.00476393156717078)",104
8466,35,10,13,"(0.0, 0.02461978404713738, 0.023035932332134326, 0.0, 0.01810411441758469, 0.022173256981297827, 0.0, 0.0, 0.013688591123359269, 0.00476393156717078)",1
8467,35,10,13,"(0.0, 0.02461978404713738, 0.022096300053100537, 0.0, 0.01459163072365452, 0.022173256981297827, 0.0, 0.0, 0.011497115186888061, 0.00476393156717078)",2
8468,35,10,13,"(0.0, 0.02461978404713738, 0.023035932332134326, 0.0, 0.01810411441758469, 0.04346046984916354, 0.0, 0.0, 0.01089208668844536, 0.00476393156717078)",1
8469,35,10,13,"(0.0, 0.02461978404713738, 0.022096300053100537, 0.0, 0.019161296909448455, 0.061982751555371404, 0.0, 0.0, 0.01089208668844536, 0.00476393156717078)",2
8470,35,10,13,"(0.0, 0.02461978404713738, 0.022096300053100537, 0.0, 0.01810411441758469, 0.022173256981297827, 0.0, 0.0, 0.01089208668844536, 0.003275082376722631)",1
8471,35,11,13,"(0.0, 0.023328006780233695, 0.023035932332134326, 0.0, 0.01810411441758469, 0.022173256981297827, 0.0, 0.0, 0.01089208668844536, 0.00476393156717078)",3
8472,35,11,13,"(0.0, 0.02461978404713738, 0.023035932332134326, 0.0, 0.01810411441758469, 0.015605120836519907, 0.0, 0.0, 0.01089208668844536, 0.0036872173179800785)",1
8473,35,11,13,"(0.0, 0.02461978404713738, 0.023035932332134326, 0.0, 0.01810411441758469, 0.022173256981297827, 0.0, 0.0, 0.00950982011246492, 0.0036872173179800785)",1
8474,35,11,13,"(0.0, 0.02461978404713738, 0.023035932332134326, 0.0, 0.01810411441758469, 0.022173256981297827, 0.0, 0.0, 0.01089208668844536, 0.00476393156717078)",147
8475,35,11,13,"(0.0, 0.02461978404713738, 0.023035932332134326, 0.0, 0.01810411441758469, 0.022173256981297827, 0.0, 0.0, 0.01089208668844536, 0.0036872173179800785)",38
8476,35,11,13,"(0.0, 0.02461978404713738, 0.023035932332134326, 0.0, 0.015609523936102846, 0.022173256981297827, 0.0, 0.0, 0.01089208668844536, 0.004310404556007594)",1
8477,35,11,13,"(0.0, 0.02461978404713738, 0.023035932332134326, 0.0, 0.01810411441758469, 0.022173256981297827, 0.0, 0.0, 0.01089208668844536, 0.0032196437635993946)",1
8478,35,12,8,"(0.19235562551390653, 0.05194364291322009, 0.0, 0.0, 0.04573034632799446, 0.0, 0.08319516954615302, 0.1116381245929446, 0.0, 0.0)",29
8479,35,12,8,"(0.19235562551390653, 0.046525949225991035, 0.0, 0.0, 0.05920376943055753, 0.0, 0.08319516954615302, 0.1116381245929446, 0.0, 0.0)",1
8480,35,12,8,"(0.19235562551390653, 0.046525949225991035, 0.0, 0.0, 0.04573034632799446, 0.0, 0.08319516954615302, 0.1116381245929446, 0.0, 0.0)",152
8481,35,12,8,"(0.19235562551390653, 0.046525949225991035, 0.0, 0.0, 0.08873268018242883, 0.0, 0.08319516954615302, 0.1116381245929446, 0.0, 0.0)",2
8482,35,12,8,"(0.24368618433453923, 0.0571200248479611, 0.0, 0.0, 0.04573034632799446, 0.0, 0.08319516954615302, 0.12336475661935636, 0.0, 0.0)",1
8483,35,12,10,"(0.03550653097490399, 0.08514497478475747, 0.09682940930282144, 0.0017773360538905325, 0.0, 0.06291875767155253, 0.0, 0.10994488928074131, 0.0, 0.0)",2
8484,35,12,10,"(0.03550653097490399, 0.06256574494232164, 0.09682940930282144, 0.0017773360538905325, 0.0, 0.06291875767155253, 0.0, 0.10994488928074131, 0.0, 0.0)",1
8485,35,12,10,"(0.03550653097490399, 0.06927916245295945, 0.10796670121496572, 0.0010058053968495847, 0.0, 0.06291875767155253, 0.0, 0.10994488928074131, 0.0, 0.0)",1
8486,35,12,10,"(0.03550653097490399, 0.08606416519925127, 0.09682940930282144, 0.0017773360538905325, 0.0, 0.06291875767155253, 0.0, 0.10994488928074131, 0.0, 0.0)",1
8487,35,12,10,"(0.03550653097490399, 0.05208304321899632, 0.09682940930282144, 0.0017773360538905325, 0.0, 0.06291875767155253, 0.0, 0.10994488928074131, 0.0, 0.0)",1
8488,35,12,10,"(0.03550653097490399, 0.15433077830857234, 0.09682940930282144, 0.0017773360538905325, 0.0, 0.06291875767155253, 0.0, 0.10994488928074131, 0.0, 0.0)",1
8489,35,12,10,"(0.022384570735347664, 0.06927916245295945, 0.09682940930282144, 0.0017773360538905325, 0.0, 0.06291875767155253, 0.0, 0.10994488928074131, 0.0, 0.0)",18
8490,35,12,10,"(0.022384570735347664, 0.06927916245295945, 0.09682940930282144, 0.0020465470289810633, 0.0, 0.06291875767155253, 0.0, 0.07710594260432355, 0.0, 0.0)",3
8491,35,12,10,"(0.03625292051637704, 0.06927916245295945, 0.09682940930282144, 0.0017773360538905325, 0.0, 0.07537668171774009, 0.0, 0.10994488928074131, 0.0, 0.0)",1
8492,35,12,10,"(0.03550653097490399, 0.06927916245295945, 0.09682940930282144, 0.0017773360538905325, 0.0, 0.06291875767155253, 0.0, 0.10994488928074131, 0.0, 0.0)",164
8493,35,12,10,"(0.022384570735347664, 0.06927916245295945, 0.09682940930282144, 0.0017773360538905325, 0.0, 0.06291875767155253, 0.0, 0.07710594260432355, 0.0, 0.0)",90
8494,35,13,6,"(0.03426039533065134, 0.011572197494497125, 0.0, 0.030181603934096246, 0.005422768956954101, 0.0, 0.019795240631728064, 0.0, 0.028146417112716555, 0.05874522297052942)",157
8495,35,13,6,"(0.03426039533065134, 0.011572197494497125, 0.0, 0.030181603934096246, 0.005422768956954101, 0.0, 0.019795240631728064, 0.0, 0.019383429677976294, 0.05874522297052942)",1
8496,35,13,6,"(0.03426039533065134, 0.011572197494497125, 0.0, 0.030181603934096246, 0.006637011622560194, 0.0, 0.019795240631728064, 0.0, 0.028146417112716555, 0.05874522297052942)",3
8497,35,14,11,"(0.0, 0.0, 0.07563427679391872, 0.01650583712158267, 0.0, 0.008487770453681105, 0.18136494990648772, 0.05527239724822624, 0.026121609841380632, 0.0)",3
8498,35,14,11,"(0.0, 0.0, 0.07563427679391872, 0.01650583712158267, 0.0, 0.030645849071221472, 0.16773790467281977, 0.046237642847009, 0.026121609841380632, 0.0)",196
8499,35,14,11,"(0.0, 0.0, 0.07563427679391872, 0.01650583712158267, 0.0, 0.030645849071221472, 0.18136494990648772, 0.030342669041848142, 0.026121609841380632, 0.0)",87
8500,35,14,11,"(0.0, 0.0, 0.07563427679391872, 0.01650583712158267, 0.0, 0.030645849071221472, 0.053399805355427425, 0.030342669041848142, 0.026121609841380632, 0.0)",1
8501,35,14,13,"(0.0, 0.021423194238546907, 0.023035932332134326, 0.0, 0.01810411441758469, 0.017816561123211633, 0.0, 0.0, 0.01089208668844536, 0.00476393156717078)",2
8502,35,14,13,"(0.0, 0.021423194238546907, 0.023035932332134326, 0.0, 0.01810411441758469, 0.022173256981297827, 0.0, 0.0, 0.01089208668844536, 0.00476393156717078)",92
8503,35,14,13,"(0.0, 0.028412188929684844, 0.023035932332134326, 0.0, 0.01810411441758469, 0.022173256981297827, 0.0, 0.0, 0.01089208668844536, 0.00476393156717078)",6
8504,35,14,13,"(0.0, 0.021423194238546907, 0.023035932332134326, 0.0, 0.01810411441758469, 0.018590315879254856, 0.0, 0.0, 0.01089208668844536, 0.0032033579801190406)",2
8505,35,14,13,"(0.0, 0.016823677991098792, 0.023035932332134326, 0.0, 0.01810411441758469, 0.022173256981297827, 0.0, 0.0, 0.01089208668844536, 0.00476393156717078)",1
8506,35,14,13,"(0.0, 0.02461978404713738, 0.023035932332134326, 0.0, 0.01810411441758469, 0.022173256981297827, 0.0, 0.0, 0.01089208668844536, 0.0051651640127714695)",1
8507,35,14,13,"(0.0, 0.021423194238546907, 0.023035932332134326, 0.0, 0.01810411441758469, 0.03855534137291167, 0.0, 0.0, 0.01089208668844536, 0.00476393156717078)",1
8508,35,14,13,"(0.0, 0.02461978404713738, 0.023035932332134326, 0.0, 0.01810411441758469, 0.022173256981297827, 0.0, 0.0, 0.01089208668844536, 0.00476393156717078)",201
8509,35,14,13,"(0.0, 0.02461978404713738, 0.023035932332134326, 0.0, 0.01810411441758469, 0.022173256981297827, 0.0, 0.0, 0.01089208668844536, 0.0034603847293108916)",2
8510,35,15,11,"(0.0, 0.0, 0.11839367174953695, 0.01650583712158267, 0.0, 0.030645849071221472, 0.16773790467281977, 0.054352272300314336, 0.026121609841380632, 0.0)",1
8511,35,15,11,"(0.0, 0.0, 0.11839367174953695, 0.01650583712158267, 0.0, 0.030645849071221472, 0.16773790467281977, 0.0404147798164449, 0.038122412916826776, 0.0)",1
8512,35,15,11,"(0.0, 0.0, 0.11839367174953695, 0.01650583712158267, 0.0, 0.028009831341656567, 0.16773790467281977, 0.0404147798164449, 0.026121609841380632, 0.0)",1
8513,35,15,11,"(0.0, 0.0, 0.11839367174953695, 0.01650583712158267, 0.0, 0.030645849071221472, 0.16773790467281977, 0.0404147798164449, 0.026121609841380632, 0.0)",605
8514,35,15,11,"(0.0, 0.0, 0.19255662513998636, 0.01650583712158267, 0.0, 0.030645849071221472, 0.16773790467281977, 0.0404147798164449, 0.026121609841380632, 0.0)",1
8515,35,15,11,"(0.0, 0.0, 0.11839367174953695, 0.01650583712158267, 0.0, 0.035913690795430386, 0.16773790467281977, 0.0404147798164449, 0.026121609841380632, 0.0)",1
8516,35,15,11,"(0.0, 0.0, 0.11839367174953695, 0.013700015137403125, 0.0, 0.030645849071221472, 0.16773790467281977, 0.0404147798164449, 0.026121609841380632, 0.0)",1
8517,35,15,11,"(0.0, 0.0, 0.11839367174953695, 0.01942683252043277, 0.0, 0.030645849071221472, 0.16773790467281977, 0.0404147798164449, 0.026121609841380632, 0.0)",1
8518,35,15,11,"(0.0, 0.0, 0.056358238674485306, 0.01650583712158267, 0.0, 0.030645849071221472, 0.16773790467281977, 0.0404147798164449, 0.026121609841380632, 0.0)",1
8519,35,15,11,"(0.0, 0.0, 0.11839367174953695, 0.01650583712158267, 0.0, 0.020355830679555063, 0.16773790467281977, 0.0404147798164449, 0.026121609841380632, 0.0)",2
8520,35,15,11,"(0.0, 0.0, 0.11839367174953695, 0.01650583712158267, 0.0, 0.030645849071221472, 0.16773790467281977, 0.0404147798164449, 0.029380309947558872, 0.0)",1
8521,35,16,1,"(0.0, 0.0, 0.03961491464060986, 0.0, 0.0, 0.0199117526153351, 0.0, 0.0, 0.0, 0.047529216575968564)",2
8522,35,16,1,"(0.0, 0.0, 0.041406372128065916, 0.0, 0.0, 0.019706713095248945, 0.0, 0.0, 0.0, 0.053079885168575563)",2
8523,35,16,1,"(0.0, 0.0, 0.041406372128065916, 0.0, 0.0, 0.0199117526153351, 0.0, 0.0, 0.0, 0.044925727643621)",1
8524,35,16,1,"(0.0, 0.0, 0.041406372128065916, 0.0, 0.0, 0.0199117526153351, 0.0, 0.0, 0.0, 0.053079885168575563)",87
8525,35,16,1,"(0.0, 0.0, 0.05548579387940549, 0.0, 0.0, 0.0199117526153351, 0.0, 0.0, 0.0, 0.09965925051150999)",1
8526,35,16,1,"(0.0, 0.0, 0.041406372128065916, 0.0, 0.0, 0.0199117526153351, 0.0, 0.0, 0.0, 0.06381061335089917)",2
8527,35,16,1,"(0.0, 0.0, 0.041406372128065916, 0.0, 0.0, 0.021190338407918792, 0.0, 0.0, 0.0, 0.047529216575968564)",3
8528,35,16,1,"(0.0, 0.0, 0.041406372128065916, 0.0, 0.0, 0.0199117526153351, 0.0, 0.0, 0.0, 0.047529216575968564)",424
8529,35,16,1,"(0.0, 0.0, 0.041406372128065916, 0.0, 0.0, 0.020601981586728012, 0.0, 0.0, 0.0, 0.047529216575968564)",1
8530,35,16,1,"(0.0, 0.0, 0.04316139526686587, 0.0, 0.0, 0.02877460665067017, 0.0, 0.0, 0.0, 0.09965925051150999)",1
8531,35,16,1,"(0.0, 0.0, 0.041406372128065916, 0.0, 0.0, 0.012398518461146405, 0.0, 0.0, 0.0, 0.05663515675717367)",47
8532,35,16,1,"(0.0, 0.0, 0.041406372128065916, 0.0, 0.0, 0.0199117526153351, 0.0, 0.0, 0.0, 0.09965925051150999)",105
8533,35,16,1,"(0.0, 0.0, 0.041406372128065916, 0.0, 0.0, 0.0199117526153351, 0.0, 0.0, 0.0, 0.03260106373975251)",1
8534,35,16,1,"(0.0, 0.0, 0.041406372128065916, 0.0, 0.0, 0.01892606304236061, 0.0, 0.0, 0.0, 0.047529216575968564)",13
8535,35,16,1,"(0.0, 0.0, 0.041406372128065916, 0.0, 0.0, 0.03636688593322167, 0.0, 0.0, 0.0, 0.047529216575968564)",1
8536,35,16,1,"(0.0, 0.0, 0.041406372128065916, 0.0, 0.0, 0.03306785484429613, 0.0, 0.0, 0.0, 0.047529216575968564)",1
8537,35,16,8,"(0.16507889091742442, 0.059024177887047544, 0.0, 0.0, 0.0537363106729919, 0.0, 0.060701614823567854, 0.1116381245929446, 0.0, 0.0)",1
8538,35,16,8,"(0.16507889091742442, 0.046525949225991035, 0.0, 0.0, 0.07022106556493442, 0.0, 0.10472329664837676, 0.1116381245929446, 0.0, 0.0)",2
8539,35,16,8,"(0.16507889091742442, 0.046525949225991035, 0.0, 0.0, 0.07022106556493442, 0.0, 0.060701614823567854, 0.1116381245929446, 0.0, 0.0)",219
8540,35,16,8,"(0.16507889091742442, 0.046525949225991035, 0.0, 0.0, 0.07022106556493442, 0.0, 0.060701614823567854, 0.26686969955446377, 0.0, 0.0)",2
8541,35,17,1,"(0.0, 0.0, 0.10922905711608999, 0.0, 0.0, 0.030018978917809972, 0.0, 0.0, 0.0, 0.0910060267578522)",419
8542,35,17,1,"(0.0, 0.0, 0.10922905711608999, 0.0, 0.0, 0.018960691369951713, 0.0, 0.0, 0.0, 0.07220520376047715)",1
8543,35,17,1,"(0.0, 0.0, 0.10922905711608999, 0.0, 0.0, 0.03940207323253537, 0.0, 0.0, 0.0, 0.0723712932863622)",1
8544,35,17,1,"(0.0, 0.0, 0.10650950881622333, 0.0, 0.0, 0.022640784901484766, 0.0, 0.0, 0.0, 0.04557123282186749)",136
8545,35,17,1,"(0.0, 0.0, 0.10922905711608999, 0.0, 0.0, 0.018960691369951713, 0.0, 0.0, 0.0, 0.0910060267578522)",68
8546,35,17,1,"(0.0, 0.0, 0.10922905711608999, 0.0, 0.0, 0.030018978917809972, 0.0, 0.0, 0.0, 0.09474338023200546)",9
8547,35,17,1,"(0.0, 0.0, 0.10650950881622333, 0.0, 0.0, 0.024348800914769663, 0.0, 0.0, 0.0, 0.04557123282186749)",39
8548,35,17,8,"(0.04547909313585576, 0.06543513627545292, 0.0, 0.0, 0.07022106556493442, 0.0, 0.08319516954615302, 0.1116381245929446, 0.0, 0.0)",1
8549,35,17,8,"(0.10294337677241405, 0.04632028014141928, 0.0, 0.0, 0.07022106556493442, 0.0, 0.08319516954615302, 0.1116381245929446, 0.0, 0.0)",303
8550,35,17,8,"(0.10294337677241405, 0.04632028014141928, 0.0, 0.0, 0.07022106556493442, 0.0, 0.08319516954615302, 0.16518022809449653, 0.0, 0.0)",1
8551,35,17,8,"(0.10294337677241405, 0.04632028014141928, 0.0, 0.0, 0.04417133915613215, 0.0, 0.08319516954615302, 0.1116381245929446, 0.0, 0.0)",6
8552,35,17,8,"(0.18368666542286596, 0.04632028014141928, 0.0, 0.0, 0.07022106556493442, 0.0, 0.08319516954615302, 0.1116381245929446, 0.0, 0.0)",2
8553,35,17,8,"(0.10294337677241405, 0.03358066039985057, 0.0, 0.0, 0.09874700744374396, 0.0, 0.08319516954615302, 0.1116381245929446, 0.0, 0.0)",1
8554,35,17,8,"(0.10294337677241405, 0.04632028014141928, 0.0, 0.0, 0.07022106556493442, 0.0, 0.04056626213697202, 0.10125162005914352, 0.0, 0.0)",1
8555,35,18,10,"(0.08234655161370591, 0.06927916245295945, 0.09682940930282144, 0.0017773360538905325, 0.0, 0.06291875767155253, 0.0, 0.10994488928074131, 0.0, 0.0)",3
8556,35,18,10,"(0.07734904686468291, 0.06927916245295945, 0.09682940930282144, 0.0017773360538905325, 0.0, 0.06291875767155253, 0.0, 0.10994488928074131, 0.0, 0.0)",100
8557,35,18,10,"(0.07734904686468291, 0.0522806924506619, 0.09682940930282144, 0.0017773360538905325, 0.0, 0.06291875767155253, 0.0, 0.10994488928074131, 0.0, 0.0)",3
8558,35,18,11,"(0.0, 0.0, 0.08898107447558858, 0.014343753195686322, 0.0, 0.03150275214907511, 0.13038533056739307, 0.08028238650273146, 0.026121609841380632, 0.0)",1
8559,35,18,11,"(0.0, 0.0, 0.07449364549427326, 0.01650583712158267, 0.0, 0.03150275214907511, 0.13038533056739307, 0.08028238650273146, 0.026121609841380632, 0.0)",1
8560,35,18,11,"(0.0, 0.0, 0.09864539577037362, 0.01650583712158267, 0.0, 0.03150275214907511, 0.13038533056739307, 0.08028238650273146, 0.01554507063255994, 0.0)",1
8561,35,18,11,"(0.0, 0.0, 0.09864539577037362, 0.01650583712158267, 0.0, 0.03150275214907511, 0.13038533056739307, 0.08028238650273146, 0.026121609841380632, 0.0)",83
8562,35,18,11,"(0.0, 0.0, 0.08898107447558858, 0.01650583712158267, 0.0, 0.03150275214907511, 0.1528109471009329, 0.11729405845523527, 0.03672611388016141, 0.0)",1
8563,35,18,11,"(0.0, 0.0, 0.08898107447558858, 0.014489147531292853, 0.0, 0.03150275214907511, 0.13038533056739307, 0.12471724053491853, 0.026121609841380632, 0.0)",1
8564,35,18,11,"(0.0, 0.0, 0.09864539577037362, 0.01650583712158267, 0.0, 0.024376524723532376, 0.13038533056739307, 0.08028238650273146, 0.026121609841380632, 0.0)",3
8565,35,18,11,"(0.0, 0.0, 0.08898107447558858, 0.01650583712158267, 0.0, 0.03150275214907511, 0.13038533056739307, 0.08028238650273146, 0.026121609841380632, 0.0)",483
8566,35,18,11,"(0.0, 0.0, 0.08898107447558858, 0.01650583712158267, 0.0, 0.03150275214907511, 0.13038533056739307, 0.08028238650273146, 0.029383327895679965, 0.0)",2
8567,35,18,11,"(0.0, 0.0, 0.08898107447558858, 0.02001102558092741, 0.0, 0.03150275214907511, 0.13038533056739307, 0.08028238650273146, 0.01578216227102189, 0.0)",4
8568,35,18,11,"(0.0, 0.0, 0.08898107447558858, 0.01650583712158267, 0.0, 0.030242551442111472, 0.13038533056739307, 0.08028238650273146, 0.026121609841380632, 0.0)",1
8569,35,19,13,"(0.0, 0.02461978404713738, 0.013674643692896272, 0.0, 0.01810411441758469, 0.022173256981297827, 0.0, 0.0, 0.007903712452813077, 0.0028621211431144253)",1
8570,35,19,13,"(0.0, 0.02461978404713738, 0.013674643692896272, 0.0, 0.016293925500056892, 0.022173256981297827, 0.0, 0.0, 0.01089208668844536, 0.0028621211431144253)",4
8571,35,19,13,"(0.0, 0.02461978404713738, 0.018558356668328765, 0.0, 0.01810411441758469, 0.022173256981297827, 0.0, 0.0, 0.01089208668844536, 0.0028621211431144253)",1
8572,35,19,13,"(0.0, 0.02461978404713738, 0.027053846948939416, 0.0, 0.01810411441758469, 0.022173256981297827, 0.0, 0.0, 0.01089208668844536, 0.0012146923535806386)",14
8573,35,19,13,"(0.0, 0.02461978404713738, 0.013674643692896272, 0.0, 0.01810411441758469, 0.019960202513588314, 0.0, 0.0, 0.01089208668844536, 0.0028621211431144253)",1
8574,35,19,13,"(0.0, 0.02461978404713738, 0.013674643692896272, 0.0, 0.01810411441758469, 0.022173256981297827, 0.0, 0.0, 0.01089208668844536, 0.00425760045894425)",1
8575,35,19,13,"(0.0, 0.02461978404713738, 0.013674643692896272, 0.0, 0.01810411441758469, 0.022173256981297827, 0.0, 0.0, 0.01089208668844536, 0.0028621211431144253)",323
8576,35,20,10,"(0.07734904686468291, 0.06927916245295945, 0.09682940930282144, 0.0017773360538905325, 0.0, 0.06291875767155253, 0.0, 0.10994488928074131, 0.0, 0.0)",121
8577,35,20,11,"(0.0, 0.0, 0.03717668845395761, 0.01650583712158267, 0.0, 0.02548938439096223, 0.09572491856946197, 0.08278555478616971, 0.022536201563087884, 0.0)",7
8578,35,20,11,"(0.0, 0.0, 0.03664497950459847, 0.011264782969047163, 0.0, 0.02548938439096223, 0.09572491856946197, 0.0951650437485075, 0.0189963072020763, 0.0)",1
8579,35,20,11,"(0.0, 0.0, 0.03664497950459847, 0.01650583712158267, 0.0, 0.02548938439096223, 0.09572491856946197, 0.05540567809820518, 0.036485718580663774, 0.0)",13
8580,35,20,11,"(0.0, 0.0, 0.03664497950459847, 0.01650583712158267, 0.0, 0.041206883962882794, 0.09572491856946197, 0.0951650437485075, 0.036485718580663774, 0.0)",1
8581,35,20,11,"(0.0, 0.0, 0.03664497950459847, 0.01650583712158267, 0.0, 0.02548938439096223, 0.058929132763957816, 0.08028238650273146, 0.036485718580663774, 0.0)",1
8582,35,20,11,"(0.0, 0.0, 0.03446068816292826, 0.01650583712158267, 0.0, 0.02548938439096223, 0.09572491856946197, 0.08028238650273146, 0.036485718580663774, 0.0)",1
8583,35,20,11,"(0.0, 0.0, 0.03664497950459847, 0.008366628014739114, 0.0, 0.02548938439096223, 0.09572491856946197, 0.08028238650273146, 0.036485718580663774, 0.0)",1
8584,35,20,11,"(0.0, 0.0, 0.03409894507004831, 0.01650583712158267, 0.0, 0.02548938439096223, 0.09572491856946197, 0.08028238650273146, 0.03919725466146189, 0.0)",1
8585,35,20,11,"(0.0, 0.0, 0.03664497950459847, 0.014669725473882492, 0.0, 0.02335875135880196, 0.09572491856946197, 0.08028238650273146, 0.036485718580663774, 0.0)",47
8586,35,20,11,"(0.0, 0.0, 0.03664497950459847, 0.01650583712158267, 0.0, 0.02548938439096223, 0.09572491856946197, 0.08028238650273146, 0.036485718580663774, 0.0)",342
8587,35,20,11,"(0.0, 0.0, 0.03664497950459847, 0.01650583712158267, 0.0, 0.02548938439096223, 0.09572491856946197, 0.05885302880459243, 0.036485718580663774, 0.0)",13
8588,35,20,11,"(0.0, 0.0, 0.03664497950459847, 0.017378265724105172, 0.0, 0.02548938439096223, 0.09572491856946197, 0.08028238650273146, 0.036485718580663774, 0.0)",1
8589,35,20,11,"(0.0, 0.0, 0.03664497950459847, 0.01650583712158267, 0.0, 0.02548938439096223, 0.09572491856946197, 0.06215050715789185, 0.036485718580663774, 0.0)",1
8590,35,20,11,"(0.0, 0.0, 0.03664497950459847, 0.01650583712158267, 0.0, 0.02548938439096223, 0.09572491856946197, 0.07361913686502469, 0.036485718580663774, 0.0)",1
8591,35,20,11,"(0.0, 0.0, 0.03031537729042666, 0.01650583712158267, 0.0, 0.02548938439096223, 0.11561713387695376, 0.0951650437485075, 0.036485718580663774, 0.0)",2
8592,35,20,11,"(0.0, 0.0, 0.03664497950459847, 0.01650583712158267, 0.0, 0.02548938439096223, 0.09572491856946197, 0.0951650437485075, 0.036485718580663774, 0.0)",76
8593,35,20,11,"(0.0, 0.0, 0.018004387155732684, 0.01650583712158267, 0.0, 0.02548938439096223, 0.09572491856946197, 0.05885302880459243, 0.036485718580663774, 0.0)",21
8594,36,0,6,"(0.024895199638820198, 0.011572197494497125, 0.0, 0.030181603934096246, 0.005422768956954101, 0.0, 0.015259882522651867, 0.0, 0.028146417112716555, 0.05874522297052942)",1
8595,36,0,6,"(0.03426039533065134, 0.011572197494497125, 0.0, 0.030181603934096246, 0.005422768956954101, 0.0, 0.015259882522651867, 0.0, 0.028146417112716555, 0.03007108633956534)",1
8596,36,0,6,"(0.03426039533065134, 0.011572197494497125, 0.0, 0.030181603934096246, 0.005422768956954101, 0.0, 0.015259882522651867, 0.0, 0.028146417112716555, 0.06251978281654876)",1
8597,36,0,6,"(0.03426039533065134, 0.011572197494497125, 0.0, 0.03997087559774357, 0.005422768956954101, 0.0, 0.015259882522651867, 0.0, 0.028146417112716555, 0.05874522297052942)",1
8598,36,0,6,"(0.03426039533065134, 0.011572197494497125, 0.0, 0.030181603934096246, 0.005422768956954101, 0.0, 0.015259882522651867, 0.0, 0.028146417112716555, 0.05874522297052942)",90
8599,36,0,6,"(0.03426039533065134, 0.011572197494497125, 0.0, 0.030181603934096246, 0.005422768956954101, 0.0, 0.019795240631728064, 0.0, 0.028146417112716555, 0.05874522297052942)",49
8600,36,0,11,"(0.0, 0.0, 0.06200374261520503, 0.010654525538403636, 0.0, 0.030645849071221472, 0.16773790467281977, 0.06471128129841798, 0.016984034617803512, 0.0)",2
8601,36,0,11,"(0.0, 0.0, 0.06200374261520503, 0.010654525538403636, 0.0, 0.030645849071221472, 0.16773790467281977, 0.06471128129841798, 0.0235344673917736, 0.0)",6
8602,36,0,11,"(0.0, 0.0, 0.06200374261520503, 0.010654525538403636, 0.0, 0.030645849071221472, 0.16773790467281977, 0.08446247353698108, 0.026121609841380632, 0.0)",1
8603,36,0,11,"(0.0, 0.0, 0.06200374261520503, 0.005007192382856029, 0.0, 0.030645849071221472, 0.16773790467281977, 0.06471128129841798, 0.026121609841380632, 0.0)",2
8604,36,0,11,"(0.0, 0.0, 0.06200374261520503, 0.010654525538403636, 0.0, 0.030645849071221472, 0.16773790467281977, 0.09471858873267076, 0.026121609841380632, 0.0)",1
8605,36,0,11,"(0.0, 0.0, 0.12195157474099187, 0.010654525538403636, 0.0, 0.030645849071221472, 0.16773790467281977, 0.06471128129841798, 0.026121609841380632, 0.0)",10
8606,36,0,11,"(0.0, 0.0, 0.06200374261520503, 0.010654525538403636, 0.0, 0.030645849071221472, 0.16773790467281977, 0.08028238650273146, 0.026121609841380632, 0.0)",128
8607,36,0,11,"(0.0, 0.0, 0.06200374261520503, 0.009194499573242589, 0.0, 0.030645849071221472, 0.16773790467281977, 0.06471128129841798, 0.026121609841380632, 0.0)",3
8608,36,0,11,"(0.0, 0.0, 0.06200374261520503, 0.010205417096062881, 0.0, 0.030645849071221472, 0.16773790467281977, 0.06471128129841798, 0.026121609841380632, 0.0)",1
8609,36,0,11,"(0.0, 0.0, 0.06200374261520503, 0.010654525538403636, 0.0, 0.030645849071221472, 0.16773790467281977, 0.06471128129841798, 0.026121609841380632, 0.0)",207
8610,36,0,11,"(0.0, 0.0, 0.06200374261520503, 0.010654525538403636, 0.0, 0.030645849071221472, 0.1295717033666377, 0.08784699963086062, 0.026121609841380632, 0.0)",2
8611,36,0,11,"(0.0, 0.0, 0.06200374261520503, 0.010654525538403636, 0.0, 0.022474886198316144, 0.16773790467281977, 0.06471128129841798, 0.026121609841380632, 0.0)",4
8612,36,0,11,"(0.0, 0.0, 0.06200374261520503, 0.010654525538403636, 0.0, 0.030645849071221472, 0.16254675425682696, 0.06471128129841798, 0.026121609841380632, 0.0)",2
8613,36,1,6,"(0.03426039533065134, 0.011572197494497125, 0.0, 0.030181603934096246, 0.005422768956954101, 0.0, 0.019795240631728064, 0.0, 0.02633346912806402, 0.05874522297052942)",7
8614,36,1,6,"(0.03426039533065134, 0.011572197494497125, 0.0, 0.030181603934096246, 0.005422768956954101, 0.0, 0.014361473371833432, 0.0, 0.028146417112716555, 0.05874522297052942)",1
8615,36,1,6,"(0.03426039533065134, 0.011572197494497125, 0.0, 0.030181603934096246, 0.005422768956954101, 0.0, 0.019795240631728064, 0.0, 0.028146417112716555, 0.05874522297052942)",231
8616,36,1,6,"(0.03774406212102835, 0.01633281064837632, 0.0, 0.030181603934096246, 0.005422768956954101, 0.0, 0.019795240631728064, 0.0, 0.028146417112716555, 0.05874522297052942)",1
8617,36,1,6,"(0.03426039533065134, 0.011572197494497125, 0.0, 0.030181603934096246, 0.005422768956954101, 0.0, 0.016537298936965594, 0.0, 0.028146417112716555, 0.05874522297052942)",1
8618,36,1,6,"(0.03426039533065134, 0.011572197494497125, 0.0, 0.030181603934096246, 0.005422768956954101, 0.0, 0.019795240631728064, 0.0, 0.023798251085212187, 0.05874522297052942)",1
8619,36,1,6,"(0.03426039533065134, 0.011572197494497125, 0.0, 0.028499036527178407, 0.005422768956954101, 0.0, 0.019795240631728064, 0.0, 0.028146417112716555, 0.08418494942895131)",6
8620,36,1,8,"(0.07111035742329365, 0.046525949225991035, 0.0, 0.0, 0.03368618196182183, 0.0, 0.08319516954615302, 0.1415123366655704, 0.0, 0.0)",1
8621,36,1,8,"(0.07111035742329365, 0.046525949225991035, 0.0, 0.0, 0.051217346146779696, 0.0, 0.08319516954615302, 0.1415123366655704, 0.0, 0.0)",164
8622,36,1,8,"(0.07111035742329365, 0.03531492078904123, 0.0, 0.0, 0.03762925082545231, 0.0, 0.07650347193750975, 0.1415123366655704, 0.0, 0.0)",5
8623,36,1,8,"(0.05188119056031185, 0.046525949225991035, 0.0, 0.0, 0.051217346146779696, 0.0, 0.08319516954615302, 0.1415123366655704, 0.0, 0.0)",5
8624,36,2,13,"(0.0, 0.04906969444504955, 0.023035932332134326, 0.0, 0.00970885425506607, 0.022173256981297827, 0.0, 0.0, 0.01089208668844536, 0.00476393156717078)",1
8625,36,2,13,"(0.0, 0.02461978404713738, 0.023035932332134326, 0.0, 0.00970885425506607, 0.022173256981297827, 0.0, 0.0, 0.01089208668844536, 0.0037186906767789456)",6
8626,36,2,13,"(0.0, 0.02461978404713738, 0.03166329141995754, 0.0, 0.00970885425506607, 0.022173256981297827, 0.0, 0.0, 0.01089208668844536, 0.00476393156717078)",1
8627,36,2,13,"(0.0, 0.02461978404713738, 0.023035932332134326, 0.0, 0.00970885425506607, 0.022173256981297827, 0.0, 0.0, 0.012605105943755605, 0.00476393156717078)",1
8628,36,2,13,"(0.0, 0.024544028037227984, 0.023035932332134326, 0.0, 0.00970885425506607, 0.022173256981297827, 0.0, 0.0, 0.01089208668844536, 0.00476393156717078)",1
8629,36,2,13,"(0.0, 0.02461978404713738, 0.023035932332134326, 0.0, 0.02092327224480259, 0.022173256981297827, 0.0, 0.0, 0.01089208668844536, 0.00476393156717078)",8
8630,36,2,13,"(0.0, 0.02461978404713738, 0.023035932332134326, 0.0, 0.00970885425506607, 0.022173256981297827, 0.0, 0.0, 0.01089208668844536, 0.00476393156717078)",291
8631,36,2,13,"(0.0, 0.023425027501360367, 0.023035932332134326, 0.0, 0.00970885425506607, 0.022173256981297827, 0.0, 0.0, 0.01089208668844536, 0.00476393156717078)",1
8632,36,2,13,"(0.0, 0.02461978404713738, 0.023035932332134326, 0.0, 0.00970885425506607, 0.01629214743235407, 0.0, 0.0, 0.01089208668844536, 0.00476393156717078)",1
8633,36,2,13,"(0.0, 0.02461978404713738, 0.023035932332134326, 0.0, 0.00970885425506607, 0.02418200428188732, 0.0, 0.0, 0.01089208668844536, 0.00476393156717078)",1
8634,36,2,13,"(0.0, 0.009719131272234368, 0.023035932332134326, 0.0, 0.00970885425506607, 0.01882470075351583, 0.0, 0.0, 0.01089208668844536, 0.006253140679198347)",1
8635,36,2,13,"(0.0, 0.02461978404713738, 0.01129328047281358, 0.0, 0.00970885425506607, 0.022173256981297827, 0.0, 0.0, 0.01089208668844536, 0.00476393156717078)",1
8636,36,3,13,"(0.0, 0.02461978404713738, 0.023035932332134326, 0.0, 0.01810411441758469, 0.022173256981297827, 0.0, 0.0, 0.01089208668844536, 0.0024406349647482155)",236
8637,36,3,13,"(0.0, 0.02461978404713738, 0.023035932332134326, 0.0, 0.01810411441758469, 0.022173256981297827, 0.0, 0.0, 0.01089208668844536, 0.0016308307525904637)",1
8638,36,3,13,"(0.0, 0.019399385116842253, 0.04941187597110362, 0.0, 0.01810411441758469, 0.029988125755629712, 0.0, 0.0, 0.01089208668844536, 0.0024406349647482155)",1
8639,36,3,13,"(0.0, 0.0232869795403917, 0.04941187597110362, 0.0, 0.01810411441758469, 0.029988125755629712, 0.0, 0.0, 0.01089208668844536, 0.0027636866113311884)",13
8640,36,3,13,"(0.0, 0.02461978404713738, 0.009519179149928541, 0.0, 0.01810411441758469, 0.022173256981297827, 0.0, 0.0, 0.01089208668844536, 0.0024406349647482155)",1
8641,36,3,13,"(0.0, 0.02461978404713738, 0.04941187597110362, 0.0, 0.01810411441758469, 0.029988125755629712, 0.0, 0.0, 0.01089208668844536, 0.0024406349647482155)",45
8642,36,3,13,"(0.0, 0.02306156598804351, 0.023035932332134326, 0.0, 0.01810411441758469, 0.022173256981297827, 0.0, 0.0, 0.01089208668844536, 0.0024406349647482155)",1
8643,36,3,13,"(0.0, 0.0232869795403917, 0.04941187597110362, 0.0, 0.01810411441758469, 0.029988125755629712, 0.0, 0.0, 0.015205679538131742, 0.0027636866113311884)",1
8644,36,3,13,"(0.0, 0.0232869795403917, 0.04941187597110362, 0.0, 0.02020718421452327, 0.029988125755629712, 0.0, 0.0, 0.01089208668844536, 0.0027636866113311884)",4
8645,36,3,13,"(0.0, 0.02461978404713738, 0.023035932332134326, 0.0, 0.01810411441758469, 0.022173256981297827, 0.0, 0.0, 0.01089208668844536, 0.0020277596519985043)",1
8646,36,3,13,"(0.0, 0.019903939973798933, 0.023035932332134326, 0.0, 0.01810411441758469, 0.022173256981297827, 0.0, 0.0, 0.013064457166105879, 0.0024406349647482155)",1
8647,36,3,13,"(0.0, 0.02461978404713738, 0.030190999501328565, 0.0, 0.01810411441758469, 0.022173256981297827, 0.0, 0.0, 0.01089208668844536, 0.0024406349647482155)",1
8648,36,3,13,"(0.0, 0.04200519339403018, 0.04449509772384423, 0.0, 0.01810411441758469, 0.029988125755629712, 0.0, 0.0, 0.012341633356743867, 0.0024406349647482155)",2
8649,36,3,13,"(0.0, 0.02461978404713738, 0.023035932332134326, 0.0, 0.031188472191028282, 0.022173256981297827, 0.0, 0.0, 0.01089208668844536, 0.0024406349647482155)",1
8650,36,3,13,"(0.0, 0.02461978404713738, 0.023035932332134326, 0.0, 0.014360634904917144, 0.022173256981297827, 0.0, 0.0, 0.027044447510340196, 0.0024406349647482155)",1
8651,36,4,11,"(0.0, 0.0, 0.11398421813184442, 0.01650583712158267, 0.0, 0.030645849071221472, 0.07044729226752426, 0.07240876560513207, 0.02927522688807601, 0.0)",1
8652,36,4,11,"(0.0, 0.0, 0.09864539577037362, 0.01650583712158267, 0.0, 0.030645849071221472, 0.08153022673827125, 0.058992102938836145, 0.026121609841380632, 0.0)",44
8653,36,4,11,"(0.0, 0.0, 0.1046050244685062, 0.01650583712158267, 0.0, 0.018093319834203352, 0.08153022673827125, 0.07240876560513207, 0.026121609841380632, 0.0)",1
8654,36,4,11,"(0.0, 0.0, 0.09864539577037362, 0.01650583712158267, 0.0, 0.030645849071221472, 0.18156365642678352, 0.07240876560513207, 0.026121609841380632, 0.0)",3
8655,36,4,11,"(0.0, 0.0, 0.09864539577037362, 0.01650583712158267, 0.0, 0.030645849071221472, 0.08153022673827125, 0.07240876560513207, 0.019634485604550393, 0.0)",1
8656,36,4,11,"(0.0, 0.0, 0.09864539577037362, 0.01650583712158267, 0.0, 0.030645849071221472, 0.08153022673827125, 0.07240876560513207, 0.026121609841380632, 0.0)",422
8657,36,4,11,"(0.0, 0.0, 0.07339820307047491, 0.01650583712158267, 0.0, 0.030645849071221472, 0.08153022673827125, 0.07240876560513207, 0.018578358148273248, 0.0)",2
8658,36,5,0,"(0.07400250769571483, 0.0, 0.0, 0.0, 0.0, 0.038664151314593, 0.08380840797570269, 0.0612469401485994, 0.0, 0.0)",1
8659,36,5,0,"(0.12352974491755873, 0.0, 0.0, 0.0, 0.0, 0.038664151314593, 0.08380840797570269, 0.06261049614614052, 0.0, 0.0)",60
8660,36,5,0,"(0.07400250769571483, 0.0, 0.0, 0.0, 0.0, 0.038664151314593, 0.08380840797570269, 0.06261049614614052, 0.0, 0.0)",147
8661,36,5,0,"(0.0402479284341202, 0.0, 0.0, 0.0, 0.0, 0.038664151314593, 0.08380840797570269, 0.06261049614614052, 0.0, 0.0)",33
8662,36,5,0,"(0.0402479284341202, 0.0, 0.0, 0.0, 0.0, 0.038664151314593, 0.062396473004857914, 0.06261049614614052, 0.0, 0.0)",1
8663,36,5,0,"(0.0402479284341202, 0.0, 0.0, 0.0, 0.0, 0.038664151314593, 0.08380840797570269, 0.0803510421236331, 0.0, 0.0)",1
8664,36,5,6,"(0.03426039533065134, 0.011572197494497125, 0.0, 0.030181603934096246, 0.005422768956954101, 0.0, 0.019795240631728064, 0.0, 0.011875897765213587, 0.05874522297052942)",1
8665,36,5,6,"(0.03426039533065134, 0.011572197494497125, 0.0, 0.030181603934096246, 0.005422768956954101, 0.0, 0.016092687137864253, 0.0, 0.028146417112716555, 0.032721973234382536)",1
8666,36,5,6,"(0.03426039533065134, 0.011572197494497125, 0.0, 0.030181603934096246, 0.005422768956954101, 0.0, 0.019795240631728064, 0.0, 0.028146417112716555, 0.05874522297052942)",264
8667,36,5,6,"(0.02425874730791157, 0.011572197494497125, 0.0, 0.030181603934096246, 0.005422768956954101, 0.0, 0.019795240631728064, 0.0, 0.028146417112716555, 0.05874522297052942)",1
8668,36,6,0,"(0.07400250769571483, 0.0, 0.0, 0.0, 0.0, 0.017098731129875016, 0.08380840797570269, 0.0691048466035698, 0.0, 0.0)",42
8669,36,6,0,"(0.06234213132962305, 0.0, 0.0, 0.0, 0.0, 0.017098731129875016, 0.119038037853157, 0.0691048466035698, 0.0, 0.0)",4
8670,36,6,0,"(0.06234213132962305, 0.0, 0.0, 0.0, 0.0, 0.017098731129875016, 0.07011830437097326, 0.0691048466035698, 0.0, 0.0)",202
8671,36,7,13,"(0.0, 0.02461978404713738, 0.023035932332134326, 0.0, 0.01810411441758469, 0.022173256981297827, 0.0, 0.0, 0.013308966717572037, 0.00476393156717078)",1
8672,36,7,13,"(0.0, 0.02461978404713738, 0.03722374420699807, 0.0, 0.01810411441758469, 0.022173256981297827, 0.0, 0.0, 0.01089208668844536, 0.00476393156717078)",1
8673,36,7,13,"(0.0, 0.02461978404713738, 0.023035932332134326, 0.0, 0.01810411441758469, 0.03884572841251649, 0.0, 0.0, 0.01089208668844536, 0.00476393156717078)",3
8674,36,7,13,"(0.0, 0.02461978404713738, 0.013082478332326715, 0.0, 0.01810411441758469, 0.022173256981297827, 0.0, 0.0, 0.01089208668844536, 0.00476393156717078)",1
8675,36,7,13,"(0.0, 0.02461978404713738, 0.023035932332134326, 0.0, 0.019244589436691682, 0.022173256981297827, 0.0, 0.0, 0.01089208668844536, 0.00476393156717078)",3
8676,36,7,13,"(0.0, 0.02461978404713738, 0.023035932332134326, 0.0, 0.01810411441758469, 0.022173256981297827, 0.0, 0.0, 0.01722390946571197, 0.00476393156717078)",2
8677,36,7,13,"(0.0, 0.02461978404713738, 0.023035932332134326, 0.0, 0.01810411441758469, 0.022173256981297827, 0.0, 0.0, 0.01089208668844536, 0.00476393156717078)",262
8678,36,7,13,"(0.0, 0.02461978404713738, 0.015070701033453848, 0.0, 0.01810411441758469, 0.022173256981297827, 0.0, 0.0, 0.01089208668844536, 0.00476393156717078)",1
8679,36,8,11,"(0.0, 0.0, 0.08241930024641159, 0.02150422363422624, 0.0, 0.030645849071221472, 0.16773790467281977, 0.0386197297757742, 0.026121609841380632, 0.0)",1
8680,36,8,11,"(0.0, 0.0, 0.09864539577037362, 0.02150422363422624, 0.0, 0.030645849071221472, 0.12836918650933063, 0.0386197297757742, 0.026121609841380632, 0.0)",2
8681,36,8,11,"(0.0, 0.0, 0.09864539577037362, 0.02150422363422624, 0.0, 0.030645849071221472, 0.16773790467281977, 0.0386197297757742, 0.026019187332651687, 0.0)",1
8682,36,8,11,"(0.0, 0.0, 0.09864539577037362, 0.025542149248354375, 0.0, 0.030645849071221472, 0.16773790467281977, 0.0386197297757742, 0.039206159970705416, 0.0)",4
8683,36,8,11,"(0.0, 0.0, 0.036686938742155686, 0.02150422363422624, 0.0, 0.030645849071221472, 0.16773790467281977, 0.0386197297757742, 0.026121609841380632, 0.0)",2
8684,36,8,11,"(0.0, 0.0, 0.09864539577037362, 0.02150422363422624, 0.0, 0.02016477382702185, 0.16773790467281977, 0.0386197297757742, 0.026121609841380632, 0.0)",1
8685,36,8,11,"(0.0, 0.0, 0.09864539577037362, 0.02150422363422624, 0.0, 0.030645849071221472, 0.16773790467281977, 0.04624246061413806, 0.026121609841380632, 0.0)",1
8686,36,8,11,"(0.0, 0.0, 0.09864539577037362, 0.02150422363422624, 0.0, 0.030645849071221472, 0.16773790467281977, 0.04144679939884995, 0.026121609841380632, 0.0)",1
8687,36,8,11,"(0.0, 0.0, 0.09864539577037362, 0.02150422363422624, 0.0, 0.030645849071221472, 0.16773790467281977, 0.03866992678617462, 0.026121609841380632, 0.0)",1
8688,36,8,11,"(0.0, 0.0, 0.09864539577037362, 0.025676959269465952, 0.0, 0.030645849071221472, 0.1293137562096267, 0.0386197297757742, 0.026121609841380632, 0.0)",1
8689,36,8,11,"(0.0, 0.0, 0.09864539577037362, 0.02150422363422624, 0.0, 0.030645849071221472, 0.16773790467281977, 0.0386197297757742, 0.026121609841380632, 0.0)",550
8690,36,9,11,"(0.0, 0.0, 0.09864539577037362, 0.01650583712158267, 0.0, 0.030645849071221472, 0.16243652964526273, 0.08028238650273146, 0.026121609841380632, 0.0)",42
8691,36,9,11,"(0.0, 0.0, 0.16217477169714525, 0.01650583712158267, 0.0, 0.02375279233445006, 0.16773790467281977, 0.028644992184185758, 0.042755324982305734, 0.0)",32
8692,36,9,11,"(0.0, 0.0, 0.11755819882518005, 0.008824630923786946, 0.0, 0.012130862091297965, 0.16773790467281977, 0.08028238650273146, 0.026121609841380632, 0.0)",2
8693,36,9,11,"(0.0, 0.0, 0.11755819882518005, 0.01650583712158267, 0.0, 0.02375279233445006, 0.16773790467281977, 0.08028238650273146, 0.026121609841380632, 0.0)",18
8694,36,9,11,"(0.0, 0.0, 0.11755819882518005, 0.0074188265652810614, 0.0, 0.02375279233445006, 0.16773790467281977, 0.08028238650273146, 0.026121609841380632, 0.0)",1
8695,36,9,11,"(0.0, 0.0, 0.11755819882518005, 0.01650583712158267, 0.0, 0.02375279233445006, 0.16773790467281977, 0.061695345546580224, 0.026121609841380632, 0.0)",66
8696,36,9,11,"(0.0, 0.0, 0.11755819882518005, 0.004529719081124957, 0.0, 0.02375279233445006, 0.16773790467281977, 0.08028238650273146, 0.026121609841380632, 0.0)",4
8697,36,9,11,"(0.0, 0.0, 0.11755819882518005, 0.01650583712158267, 0.0, 0.02375279233445006, 0.16773790467281977, 0.061695345546580224, 0.011422441194200265, 0.0)",10
8698,36,9,11,"(0.0, 0.0, 0.10332573623056565, 0.01650583712158267, 0.0, 0.024165295154753214, 0.1254348761332085, 0.050505950563242634, 0.026121609841380632, 0.0)",1
8699,36,9,11,"(0.0, 0.0, 0.11755819882518005, 0.008824630923786946, 0.0, 0.02375279233445006, 0.16773790467281977, 0.08028238650273146, 0.026121609841380632, 0.0)",163
8700,36,9,11,"(0.0, 0.0, 0.11755819882518005, 0.014811053999440533, 0.0, 0.02375279233445006, 0.1254348761332085, 0.08028238650273146, 0.026121609841380632, 0.0)",19
8701,36,9,11,"(0.0, 0.0, 0.11755819882518005, 0.01650583712158267, 0.0, 0.02375279233445006, 0.1254348761332085, 0.08028238650273146, 0.026121609841380632, 0.0)",196
8702,36,10,13,"(0.0, 0.02461978404713738, 0.023035932332134326, 0.0, 0.01810411441758469, 0.029840610703058032, 0.0, 0.0, 0.01089208668844536, 0.00476393156717078)",22
8703,36,10,13,"(0.0, 0.02461978404713738, 0.023035932332134326, 0.0, 0.01810411441758469, 0.022173256981297827, 0.0, 0.0, 0.01089208668844536, 0.00476393156717078)",128
8704,36,10,13,"(0.0, 0.02461978404713738, 0.022096300053100537, 0.0, 0.01810411441758469, 0.022173256981297827, 0.0, 0.0, 0.01089208668844536, 0.00476393156717078)",62
8705,36,10,13,"(0.0, 0.02461978404713738, 0.023035932332134326, 0.0, 0.01810411441758469, 0.022173256981297827, 0.0, 0.0, 0.011556784701140044, 0.00476393156717078)",1
8706,36,10,13,"(0.0, 0.035597606499323156, 0.023035932332134326, 0.0, 0.01810411441758469, 0.022173256981297827, 0.0, 0.0, 0.01089208668844536, 0.00405356605755665)",1
8707,36,10,13,"(0.0, 0.02461978404713738, 0.023035932332134326, 0.0, 0.01810411441758469, 0.022173256981297827, 0.0, 0.0, 0.01089208668844536, 0.007858766330242432)",4
8708,36,10,13,"(0.0, 0.021908965709818165, 0.022096300053100537, 0.0, 0.01810411441758469, 0.022173256981297827, 0.0, 0.0, 0.01089208668844536, 0.00476393156717078)",1
8709,36,11,13,"(0.0, 0.02461978404713738, 0.023035932332134326, 0.0, 0.01810411441758469, 0.022173256981297827, 0.0, 0.0, 0.01089208668844536, 0.0032196437635993946)",21
8710,36,11,13,"(0.0, 0.02461978404713738, 0.023035932332134326, 0.0, 0.01810411441758469, 0.022173256981297827, 0.0, 0.0, 0.01089208668844536, 0.0036872173179800785)",75
8711,36,11,13,"(0.0, 0.02461978404713738, 0.023035932332134326, 0.0, 0.01810411441758469, 0.022420337544227065, 0.0, 0.0, 0.01089208668844536, 0.00476393156717078)",1
8712,36,11,13,"(0.0, 0.02461978404713738, 0.023035932332134326, 0.0, 0.01810411441758469, 0.022173256981297827, 0.0, 0.0, 0.01089208668844536, 0.00476393156717078)",181
8713,36,11,13,"(0.0, 0.02461978404713738, 0.025170074747465035, 0.0, 0.01810411441758469, 0.04457659236014849, 0.0, 0.0, 0.01089208668844536, 0.00476393156717078)",1
8714,36,12,8,"(0.19235562551390653, 0.046525949225991035, 0.0, 0.0, 0.04573034632799446, 0.0, 0.06778643410283089, 0.09273979022056765, 0.0, 0.0)",2
8715,36,12,8,"(0.19235562551390653, 0.046525949225991035, 0.0, 0.0, 0.04573034632799446, 0.0, 0.08319516954615302, 0.1116381245929446, 0.0, 0.0)",264
8716,36,12,8,"(0.19235562551390653, 0.05917874539633843, 0.0, 0.0, 0.04573034632799446, 0.0, 0.08319516954615302, 0.07381836064464177, 0.0, 0.0)",1
8717,36,12,8,"(0.2533366382063896, 0.046525949225991035, 0.0, 0.0, 0.04573034632799446, 0.0, 0.08319516954615302, 0.1116381245929446, 0.0, 0.0)",3
8718,36,12,8,"(0.19235562551390653, 0.046525949225991035, 0.0, 0.0, 0.04573034632799446, 0.0, 0.08319516954615302, 0.102057938673675, 0.0, 0.0)",1
8719,36,12,8,"(0.19235562551390653, 0.02549826157512854, 0.0, 0.0, 0.038117577189743804, 0.0, 0.08319516954615302, 0.1116381245929446, 0.0, 0.0)",2
8720,36,12,8,"(0.12225056632756233, 0.02549826157512854, 0.0, 0.0, 0.05610776634465907, 0.0, 0.08319516954615302, 0.1116381245929446, 0.0, 0.0)",1
8721,36,12,10,"(0.03550653097490399, 0.06927916245295945, 0.09682940930282144, 0.0017773360538905325, 0.0, 0.06291875767155253, 0.0, 0.10994488928074131, 0.0, 0.0)",138
8722,36,12,10,"(0.03550653097490399, 0.04198377564512059, 0.09682940930282144, 0.0017773360538905325, 0.0, 0.06291875767155253, 0.0, 0.10994488928074131, 0.0, 0.0)",1
8723,36,12,10,"(0.03550653097490399, 0.08514497478475747, 0.09682940930282144, 0.0017773360538905325, 0.0, 0.06291875767155253, 0.0, 0.10994488928074131, 0.0, 0.0)",14
8724,36,12,10,"(0.022384570735347664, 0.06927916245295945, 0.09682940930282144, 0.0017773360538905325, 0.0, 0.06291875767155253, 0.0, 0.07710594260432355, 0.0, 0.0)",88
8725,36,12,10,"(0.04952404973845402, 0.06927916245295945, 0.09682940930282144, 0.0017773360538905325, 0.0, 0.06291875767155253, 0.0, 0.10994488928074131, 0.0, 0.0)",2
8726,36,12,10,"(0.022384570735347664, 0.06927916245295945, 0.09682940930282144, 0.0015348590288080009, 0.0, 0.06291875767155253, 0.0, 0.07710594260432355, 0.0, 0.0)",4
8727,36,13,6,"(0.03426039533065134, 0.011572197494497125, 0.0, 0.03411135550806006, 0.005422768956954101, 0.0, 0.019795240631728064, 0.0, 0.028146417112716555, 0.05874522297052942)",1
8728,36,13,6,"(0.03426039533065134, 0.011572197494497125, 0.0, 0.02591860827248955, 0.006928370949678123, 0.0, 0.019795240631728064, 0.0, 0.03831167238254849, 0.05874522297052942)",4
8729,36,13,6,"(0.03426039533065134, 0.011572197494497125, 0.0, 0.030181603934096246, 0.005422768956954101, 0.0, 0.019795240631728064, 0.0, 0.028146417112716555, 0.05874522297052942)",153
8730,36,13,6,"(0.03426039533065134, 0.016345339533986463, 0.0, 0.030181603934096246, 0.005422768956954101, 0.0, 0.019795240631728064, 0.0, 0.028146417112716555, 0.05874522297052942)",1
8731,36,13,6,"(0.0295281317414352, 0.011572197494497125, 0.0, 0.030181603934096246, 0.005422768956954101, 0.0, 0.019795240631728064, 0.0, 0.028146417112716555, 0.05874522297052942)",1
8732,36,13,6,"(0.03426039533065134, 0.009739069454994063, 0.0, 0.030181603934096246, 0.005422768956954101, 0.0, 0.011974787715581926, 0.0, 0.028146417112716555, 0.05874522297052942)",6
8733,36,14,11,"(0.0, 0.0, 0.07267076775615089, 0.01650583712158267, 0.0, 0.030645849071221472, 0.16773790467281977, 0.046237642847009, 0.026121609841380632, 0.0)",1
8734,36,14,11,"(0.0, 0.0, 0.07563427679391872, 0.01650583712158267, 0.0, 0.030645849071221472, 0.18136494990648772, 0.030342669041848142, 0.026121609841380632, 0.0)",24
8735,36,14,11,"(0.0, 0.0, 0.07563427679391872, 0.01650583712158267, 0.0, 0.030645849071221472, 0.16773790467281977, 0.046237642847009, 0.026121609841380632, 0.0)",232
8736,36,14,11,"(0.0, 0.0, 0.07563427679391872, 0.01650583712158267, 0.0, 0.030645849071221472, 0.16882758907692386, 0.03230255442238488, 0.026121609841380632, 0.0)",1
8737,36,14,11,"(0.0, 0.0, 0.07563427679391872, 0.01650583712158267, 0.0, 0.030645849071221472, 0.22721094256731464, 0.046237642847009, 0.026121609841380632, 0.0)",1
8738,36,14,13,"(0.0, 0.021423194238546907, 0.023035932332134326, 0.0, 0.01810411441758469, 0.00832299515903546, 0.0, 0.0, 0.01089208668844536, 0.00476393156717078)",1
8739,36,14,13,"(0.0, 0.021423194238546907, 0.014387760412242318, 0.0, 0.01810411441758469, 0.022173256981297827, 0.0, 0.0, 0.01089208668844536, 0.002944789839402934)",2
8740,36,14,13,"(0.0, 0.02461978404713738, 0.023035932332134326, 0.0, 0.01810411441758469, 0.022173256981297827, 0.0, 0.0, 0.01089208668844536, 0.00476393156717078)",177
8741,36,14,13,"(0.0, 0.03215655736336907, 0.023035932332134326, 0.0, 0.01810411441758469, 0.022173256981297827, 0.0, 0.0, 0.01089208668844536, 0.00476393156717078)",1
8742,36,14,13,"(0.0, 0.021423194238546907, 0.023035932332134326, 0.0, 0.01810411441758469, 0.022173256981297827, 0.0, 0.0, 0.01089208668844536, 0.002944789839402934)",3
8743,36,14,13,"(0.0, 0.021423194238546907, 0.018272050395880708, 0.0, 0.01810411441758469, 0.022173256981297827, 0.0, 0.0, 0.008243628966280307, 0.00476393156717078)",7
8744,36,14,13,"(0.0, 0.021423194238546907, 0.023035932332134326, 0.0, 0.01810411441758469, 0.022173256981297827, 0.0, 0.0, 0.01089208668844536, 0.00476393156717078)",132
8745,36,14,13,"(0.0, 0.02461978404713738, 0.0407707084130448, 0.0, 0.01810411441758469, 0.022173256981297827, 0.0, 0.0, 0.01089208668844536, 0.00476393156717078)",1
8746,36,15,11,"(0.0, 0.0, 0.11839367174953695, 0.01650583712158267, 0.0, 0.030645849071221472, 0.16773790467281977, 0.0404147798164449, 0.026121609841380632, 0.0)",566
8747,36,15,11,"(0.0, 0.0, 0.11839367174953695, 0.03025328859346563, 0.0, 0.030645849071221472, 0.16773790467281977, 0.0404147798164449, 0.026121609841380632, 0.0)",4
8748,36,15,11,"(0.0, 0.0, 0.11839367174953695, 0.01650583712158267, 0.0, 0.030645849071221472, 0.16773790467281977, 0.0404147798164449, 0.027818011159356507, 0.0)",1
8749,36,15,11,"(0.0, 0.0, 0.1988511573998356, 0.01650583712158267, 0.0, 0.030645849071221472, 0.16773790467281977, 0.0404147798164449, 0.026121609841380632, 0.0)",1
8750,36,15,11,"(0.0, 0.0, 0.11839367174953695, 0.023388372474165177, 0.0, 0.030645849071221472, 0.16773790467281977, 0.0404147798164449, 0.026121609841380632, 0.0)",2
8751,36,15,11,"(0.0, 0.0, 0.11839367174953695, 0.01650583712158267, 0.0, 0.030645849071221472, 0.16773790467281977, 0.06250120836906953, 0.026121609841380632, 0.0)",2
8752,36,15,11,"(0.0, 0.0, 0.11839367174953695, 0.01650583712158267, 0.0, 0.020355830679555063, 0.16773790467281977, 0.0404147798164449, 0.026121609841380632, 0.0)",7
8753,36,15,11,"(0.0, 0.0, 0.11839367174953695, 0.01650583712158267, 0.0, 0.030645849071221472, 0.2909999129642082, 0.0404147798164449, 0.026121609841380632, 0.0)",3
8754,36,16,1,"(0.0, 0.0, 0.041406372128065916, 0.0, 0.0, 0.0199117526153351, 0.0, 0.0, 0.0, 0.047529216575968564)",574
8755,36,16,1,"(0.0, 0.0, 0.041406372128065916, 0.0, 0.0, 0.01892606304236061, 0.0, 0.0, 0.0, 0.047529216575968564)",14
8756,36,16,1,"(0.0, 0.0, 0.0376478089633835, 0.0, 0.0, 0.0199117526153351, 0.0, 0.0, 0.0, 0.047529216575968564)",3
8757,36,16,1,"(0.0, 0.0, 0.041406372128065916, 0.0, 0.0, 0.007733811464866037, 0.0, 0.0, 0.0, 0.047529216575968564)",2
8758,36,16,1,"(0.0, 0.0, 0.041406372128065916, 0.0, 0.0, 0.0199117526153351, 0.0, 0.0, 0.0, 0.09965925051150999)",42
8759,36,16,1,"(0.0, 0.0, 0.041406372128065916, 0.0, 0.0, 0.0199117526153351, 0.0, 0.0, 0.0, 0.1398382426655241)",1
8760,36,16,1,"(0.0, 0.0, 0.03151771713135818, 0.0, 0.0, 0.0199117526153351, 0.0, 0.0, 0.0, 0.053079885168575563)",1
8761,36,16,1,"(0.0, 0.0, 0.04761245246674095, 0.0, 0.0, 0.04376863388360875, 0.0, 0.0, 0.0, 0.047529216575968564)",2
8762,36,16,1,"(0.0, 0.0, 0.041406372128065916, 0.0, 0.0, 0.012398518461146405, 0.0, 0.0, 0.0, 0.05663515675717367)",39
8763,36,16,1,"(0.0, 0.0, 0.041406372128065916, 0.0, 0.0, 0.0199117526153351, 0.0, 0.0, 0.0, 0.053079885168575563)",47
8764,36,16,1,"(0.0, 0.0, 0.028965103215873405, 0.0, 0.0, 0.0199117526153351, 0.0, 0.0, 0.0, 0.047529216575968564)",4
8765,36,16,1,"(0.0, 0.0, 0.041406372128065916, 0.0, 0.0, 0.026645064181269627, 0.0, 0.0, 0.0, 0.047529216575968564)",1
8766,36,16,1,"(0.0, 0.0, 0.04935637335118399, 0.0, 0.0, 0.0199117526153351, 0.0, 0.0, 0.0, 0.047529216575968564)",3
8767,36,16,1,"(0.0, 0.0, 0.041406372128065916, 0.0, 0.0, 0.03796912049652907, 0.0, 0.0, 0.0, 0.053079885168575563)",2
8768,36,16,1,"(0.0, 0.0, 0.05142616644753083, 0.0, 0.0, 0.0199117526153351, 0.0, 0.0, 0.0, 0.047529216575968564)",1
8769,36,16,1,"(0.0, 0.0, 0.041406372128065916, 0.0, 0.0, 0.0199117526153351, 0.0, 0.0, 0.0, 0.03191896064530653)",1
8770,36,16,8,"(0.16507889091742442, 0.046525949225991035, 0.0, 0.0, 0.07022106556493442, 0.0, 0.060701614823567854, 0.1116381245929446, 0.0, 0.0)",225
8771,36,16,8,"(0.16507889091742442, 0.046525949225991035, 0.0, 0.0, 0.04315612482276173, 0.0, 0.060701614823567854, 0.1116381245929446, 0.0, 0.0)",1
8772,36,16,8,"(0.16507889091742442, 0.04371655517009628, 0.0, 0.0, 0.07022106556493442, 0.0, 0.060701614823567854, 0.19585126558677282, 0.0, 0.0)",7
8773,36,16,8,"(0.16507889091742442, 0.046525949225991035, 0.0, 0.0, 0.07022106556493442, 0.0, 0.07224600666452213, 0.1116381245929446, 0.0, 0.0)",1
8774,36,17,1,"(0.0, 0.0, 0.11645100853846312, 0.0, 0.0, 0.022640784901484766, 0.0, 0.0, 0.0, 0.03819710499152771)",1
8775,36,17,1,"(0.0, 0.0, 0.10922905711608999, 0.0, 0.0, 0.030018978917809972, 0.0, 0.0, 0.0, 0.09945557265811872)",1
8776,36,17,1,"(0.0, 0.0, 0.10922905711608999, 0.0, 0.0, 0.018960691369951713, 0.0, 0.0, 0.0, 0.0910060267578522)",2
8777,36,17,1,"(0.0, 0.0, 0.10650950881622333, 0.0, 0.0, 0.02253272072999162, 0.0, 0.0, 0.0, 0.04557123282186749)",1
8778,36,17,1,"(0.0, 0.0, 0.10650950881622333, 0.0, 0.0, 0.022640784901484766, 0.0, 0.0, 0.0, 0.04557123282186749)",296
8779,36,17,1,"(0.0, 0.0, 0.10922905711608999, 0.0, 0.0, 0.030018978917809972, 0.0, 0.0, 0.0, 0.09272423906615587)",2
8780,36,17,1,"(0.0, 0.0, 0.10891649038387397, 0.0, 0.0, 0.030018978917809972, 0.0, 0.0, 0.0, 0.0910060267578522)",1
8781,36,17,1,"(0.0, 0.0, 0.10922905711608999, 0.0, 0.0, 0.030018978917809972, 0.0, 0.0, 0.0, 0.0910060267578522)",346
8782,36,17,1,"(0.0, 0.0, 0.17192309562572036, 0.0, 0.0, 0.015980480170923867, 0.0, 0.0, 0.0, 0.04557123282186749)",1
8783,36,17,1,"(0.0, 0.0, 0.07613260558189865, 0.0, 0.0, 0.024348800914769663, 0.0, 0.0, 0.0, 0.03957092282692527)",3
8784,36,17,1,"(0.0, 0.0, 0.10922905711608999, 0.0, 0.0, 0.019833829791564624, 0.0, 0.0, 0.0, 0.08318166127278696)",5
8785,36,17,1,"(0.0, 0.0, 0.10650950881622333, 0.0, 0.0, 0.024348800914769663, 0.0, 0.0, 0.0, 0.04557123282186749)",53
8786,36,17,8,"(0.15927317800879787, 0.04632028014141928, 0.0, 0.0, 0.07022106556493442, 0.0, 0.08319516954615302, 0.1116381245929446, 0.0, 0.0)",3
8787,36,17,8,"(0.10294337677241405, 0.04632028014141928, 0.0, 0.0, 0.07022106556493442, 0.0, 0.08319516954615302, 0.1116381245929446, 0.0, 0.0)",274
8788,36,17,8,"(0.10294337677241405, 0.04632028014141928, 0.0, 0.0, 0.06579844221793685, 0.0, 0.08319516954615302, 0.1116381245929446, 0.0, 0.0)",1
8789,36,17,8,"(0.10294337677241405, 0.04632028014141928, 0.0, 0.0, 0.05737624347943155, 0.0, 0.10845816863598769, 0.1116381245929446, 0.0, 0.0)",11
8790,36,18,10,"(0.07734904686468291, 0.06927916245295945, 0.09682940930282144, 0.0026715972507527523, 0.0, 0.06291875767155253, 0.0, 0.10994488928074131, 0.0, 0.0)",1
8791,36,18,10,"(0.07750598592462617, 0.06927916245295945, 0.09682940930282144, 0.0014687548890494782, 0.0, 0.06291875767155253, 0.0, 0.10994488928074131, 0.0, 0.0)",3
8792,36,18,10,"(0.07734904686468291, 0.06927916245295945, 0.09682940930282144, 0.0017773360538905325, 0.0, 0.06291875767155253, 0.0, 0.10994488928074131, 0.0, 0.0)",169
8793,36,18,10,"(0.07734904686468291, 0.06099080613983839, 0.09682940930282144, 0.0017773360538905325, 0.0, 0.06291875767155253, 0.0, 0.10994488928074131, 0.0, 0.0)",1
8794,36,18,10,"(0.06624377025633987, 0.06927916245295945, 0.09682940930282144, 0.0017773360538905325, 0.0, 0.06291875767155253, 0.0, 0.10994488928074131, 0.0, 0.0)",2
8795,36,18,11,"(0.0, 0.0, 0.08898107447558858, 0.01650583712158267, 0.0, 0.03150275214907511, 0.13038533056739307, 0.08028238650273146, 0.026121609841380632, 0.0)",438
8796,36,18,11,"(0.0, 0.0, 0.08898107447558858, 0.026438254411429517, 0.0, 0.03150275214907511, 0.13038533056739307, 0.08028238650273146, 0.026121609841380632, 0.0)",2
8797,36,18,11,"(0.0, 0.0, 0.08898107447558858, 0.01650583712158267, 0.0, 0.05194602602945622, 0.16709866181071628, 0.08028238650273146, 0.026121609841380632, 0.0)",3
8798,36,18,11,"(0.0, 0.0, 0.08898107447558858, 0.01650583712158267, 0.0, 0.03533784174069413, 0.1570310887993584, 0.08028238650273146, 0.026121609841380632, 0.0)",1
8799,36,18,11,"(0.0, 0.0, 0.08898107447558858, 0.01650583712158267, 0.0, 0.03150275214907511, 0.14130906892497444, 0.08028238650273146, 0.026121609841380632, 0.0)",1
8800,36,18,11,"(0.0, 0.0, 0.09864539577037362, 0.01650583712158267, 0.0, 0.03150275214907511, 0.08811575832496277, 0.08028238650273146, 0.026121609841380632, 0.0)",2
8801,36,18,11,"(0.0, 0.0, 0.08898107447558858, 0.01650583712158267, 0.0, 0.023084341784888864, 0.13038533056739307, 0.08028238650273146, 0.026121609841380632, 0.0)",1
8802,36,18,11,"(0.0, 0.0, 0.08898107447558858, 0.01650583712158267, 0.0, 0.04715793140559371, 0.13038533056739307, 0.08028238650273146, 0.026121609841380632, 0.0)",1
8803,36,18,11,"(0.0, 0.0, 0.12377627088340416, 0.01650583712158267, 0.0, 0.03150275214907511, 0.13038533056739307, 0.08028238650273146, 0.026121609841380632, 0.0)",1
8804,36,18,11,"(0.0, 0.0, 0.09864539577037362, 0.01650583712158267, 0.0, 0.03150275214907511, 0.13038533056739307, 0.08028238650273146, 0.026121609841380632, 0.0)",174
8805,36,18,11,"(0.0, 0.0, 0.11798348219052839, 0.01650583712158267, 0.0, 0.03150275214907511, 0.13038533056739307, 0.08028238650273146, 0.026121609841380632, 0.0)",1
8806,36,19,13,"(0.0, 0.02461978404713738, 0.013674643692896272, 0.0, 0.01810411441758469, 0.022173256981297827, 0.0, 0.0, 0.01089208668844536, 0.006856488775411122)",1
8807,36,19,13,"(0.0, 0.030834598074693798, 0.013674643692896272, 0.0, 0.01810411441758469, 0.022173256981297827, 0.0, 0.0, 0.017161342629853162, 0.0028621211431144253)",1
8808,36,19,13,"(0.0, 0.02461978404713738, 0.027053846948939416, 0.0, 0.01810411441758469, 0.022173256981297827, 0.0, 0.0, 0.01089208668844536, 0.0012146923535806386)",10
8809,36,19,13,"(0.0, 0.02461978404713738, 0.013674643692896272, 0.0, 0.01611187285758179, 0.020876535044081084, 0.0, 0.0, 0.011461832020358597, 0.0028621211431144253)",1
8810,36,19,13,"(0.0, 0.026580730566595087, 0.013674643692896272, 0.0, 0.01810411441758469, 0.022173256981297827, 0.0, 0.0, 0.01089208668844536, 0.0028621211431144253)",1
8811,36,19,13,"(0.0, 0.02461978404713738, 0.015380860079504542, 0.0, 0.01810411441758469, 0.022173256981297827, 0.0, 0.0, 0.01089208668844536, 0.0028621211431144253)",1
8812,36,19,13,"(0.0, 0.02461978404713738, 0.013674643692896272, 0.0, 0.01810411441758469, 0.03745367785628748, 0.0, 0.0, 0.01089208668844536, 0.0028621211431144253)",1
8813,36,19,13,"(0.0, 0.02461978404713738, 0.013674643692896272, 0.0, 0.01810411441758469, 0.022173256981297827, 0.0, 0.0, 0.01089208668844536, 0.0028621211431144253)",194
8814,36,20,10,"(0.07734904686468291, 0.06927916245295945, 0.09682940930282144, 0.0017773360538905325, 0.0, 0.06291875767155253, 0.0, 0.10994488928074131, 0.0, 0.0)",107
8815,36,20,11,"(0.0, 0.0, 0.03664497950459847, 0.01650583712158267, 0.0, 0.032729833301130766, 0.09572491856946197, 0.08028238650273146, 0.036485718580663774, 0.0)",1
8816,36,20,11,"(0.0, 0.0, 0.03664497950459847, 0.01650583712158267, 0.0, 0.02548938439096223, 0.09572491856946197, 0.0951650437485075, 0.036485718580663774, 0.0)",50
8817,36,20,11,"(0.0, 0.0, 0.03664497950459847, 0.014669725473882492, 0.0, 0.02335875135880196, 0.09572491856946197, 0.08028238650273146, 0.036485718580663774, 0.0)",51
8818,36,20,11,"(0.0, 0.0, 0.018004387155732684, 0.01650583712158267, 0.0, 0.02548938439096223, 0.09572491856946197, 0.05885302880459243, 0.036485718580663774, 0.0)",76
8819,36,20,11,"(0.0, 0.0, 0.03664497950459847, 0.014669725473882492, 0.0, 0.02335875135880196, 0.0787487978232164, 0.08028238650273146, 0.036485718580663774, 0.0)",1
8820,36,20,11,"(0.0, 0.0, 0.03664497950459847, 0.01650583712158267, 0.0, 0.02548938439096223, 0.09572491856946197, 0.10234996609624884, 0.036485718580663774, 0.0)",1
8821,36,20,11,"(0.0, 0.0, 0.012125045967631067, 0.01650583712158267, 0.0, 0.025700562166574254, 0.09572491856946197, 0.08028238650273146, 0.049438058444950174, 0.0)",1
8822,36,20,11,"(0.0, 0.0, 0.019813424527406535, 0.01650583712158267, 0.0, 0.02548938439096223, 0.09572491856946197, 0.05885302880459243, 0.036485718580663774, 0.0)",1
8823,36,20,11,"(0.0, 0.0, 0.03664497950459847, 0.01650583712158267, 0.0, 0.02548938439096223, 0.09572491856946197, 0.05885302880459243, 0.036485718580663774, 0.0)",49
8824,36,20,11,"(0.0, 0.0, 0.03664497950459847, 0.01650583712158267, 0.0, 0.02548938439096223, 0.09572491856946197, 0.08028238650273146, 0.036485718580663774, 0.0)",278
8825,36,20,11,"(0.0, 0.0, 0.04574814778288832, 0.01650583712158267, 0.0, 0.02548938439096223, 0.09572491856946197, 0.08028238650273146, 0.036485718580663774, 0.0)",1
8826,36,20,11,"(0.0, 0.0, 0.03664497950459847, 0.01650583712158267, 0.0, 0.027411955476583486, 0.09572491856946197, 0.05885302880459243, 0.036485718580663774, 0.0)",1
8827,36,20,11,"(0.0, 0.0, 0.018004387155732684, 0.01650583712158267, 0.0, 0.02548938439096223, 0.09572491856946197, 0.05885302880459243, 0.02834265602747269, 0.0)",1
8828,36,20,11,"(0.0, 0.0, 0.03664497950459847, 0.01650583712158267, 0.0, 0.02548938439096223, 0.09572491856946197, 0.05540567809820518, 0.036485718580663774, 0.0)",14
8829,36,20,11,"(0.0, 0.0, 0.03664497950459847, 0.018348127891163954, 0.0, 0.02548938439096223, 0.09572491856946197, 0.09458794073052824, 0.036485718580663774, 0.0)",1
8830,36,20,11,"(0.0, 0.0, 0.03664497950459847, 0.01650583712158267, 0.0, 0.04184963558868035, 0.09572491856946197, 0.08028238650273146, 0.036485718580663774, 0.0)",5
8831,36,20,11,"(0.0, 0.0, 0.03664497950459847, 0.014669725473882492, 0.0, 0.02335875135880196, 0.015538477233653633, 0.08028238650273146, 0.026987101422246158, 0.0)",1
8832,36,20,11,"(0.0, 0.0, 0.03664497950459847, 0.021572021892843178, 0.0, 0.02548938439096223, 0.09572491856946197, 0.0951650437485075, 0.036485718580663774, 0.0)",1
8833,37,0,6,"(0.03426039533065134, 0.011572197494497125, 0.0, 0.030181603934096246, 0.005422768956954101, 0.0, 0.015259882522651867, 0.0, 0.028146417112716555, 0.03007108633956534)",29
8834,37,0,6,"(0.03426039533065134, 0.011572197494497125, 0.0, 0.030181603934096246, 0.01131444283310171, 0.0, 0.015259882522651867, 0.0, 0.028146417112716555, 0.03007108633956534)",18
8835,37,0,6,"(0.03426039533065134, 0.011572197494497125, 0.0, 0.030181603934096246, 0.005422768956954101, 0.0, 0.015259882522651867, 0.0, 0.028146417112716555, 0.05874522297052942)",49
8836,37,0,6,"(0.03426039533065134, 0.011572197494497125, 0.0, 0.030181603934096246, 0.005422768956954101, 0.0, 0.019795240631728064, 0.0, 0.028146417112716555, 0.05874522297052942)",31
8837,37,0,6,"(0.03426039533065134, 0.011572197494497125, 0.0, 0.030181603934096246, 0.005422768956954101, 0.0, 0.010960414991132235, 0.0, 0.028146417112716555, 0.03007108633956534)",4
8838,37,0,11,"(0.0, 0.0, 0.06200374261520503, 0.010654525538403636, 0.0, 0.030645849071221472, 0.16773790467281977, 0.06471128129841798, 0.026121609841380632, 0.0)",297
8839,37,0,11,"(0.0, 0.0, 0.06200374261520503, 0.010654525538403636, 0.0, 0.03002248297759772, 0.16773790467281977, 0.06471128129841798, 0.026121609841380632, 0.0)",1
8840,37,0,11,"(0.0, 0.0, 0.06200374261520503, 0.009613460646166432, 0.0, 0.030645849071221472, 0.16773790467281977, 0.06471128129841798, 0.026121609841380632, 0.0)",6
8841,37,0,11,"(0.0, 0.0, 0.06200374261520503, 0.010654525538403636, 0.0, 0.030645849071221472, 0.16773790467281977, 0.08028238650273146, 0.026121609841380632, 0.0)",93
8842,37,0,11,"(0.0, 0.0, 0.06200374261520503, 0.010654525538403636, 0.0, 0.030645849071221472, 0.16773790467281977, 0.06471128129841798, 0.0235344673917736, 0.0)",14
8843,37,0,11,"(0.0, 0.0, 0.06200374261520503, 0.010654525538403636, 0.0, 0.030645849071221472, 0.09493368715518778, 0.06471128129841798, 0.026121609841380632, 0.0)",7
8844,37,0,11,"(0.0, 0.0, 0.06200374261520503, 0.010654525538403636, 0.0, 0.030645849071221472, 0.16773790467281977, 0.03909051321308284, 0.026121609841380632, 0.0)",1
8845,37,0,11,"(0.0, 0.0, 0.06200374261520503, 0.016146218010884488, 0.0, 0.030645849071221472, 0.16773790467281977, 0.06471128129841798, 0.026121609841380632, 0.0)",2
8846,37,1,6,"(0.03426039533065134, 0.011572197494497125, 0.0, 0.030181603934096246, 0.00688996793119019, 0.0, 0.019795240631728064, 0.0, 0.028146417112716555, 0.05874522297052942)",1
8847,37,1,6,"(0.059446641983709976, 0.011572197494497125, 0.0, 0.030181603934096246, 0.005422768956954101, 0.0, 0.019795240631728064, 0.0, 0.028146417112716555, 0.05874522297052942)",1
8848,37,1,6,"(0.03426039533065134, 0.011572197494497125, 0.0, 0.030181603934096246, 0.005422768956954101, 0.0, 0.019795240631728064, 0.0, 0.028146417112716555, 0.05874522297052942)",299
8849,37,1,6,"(0.03426039533065134, 0.011572197494497125, 0.0, 0.030181603934096246, 0.008243781665522039, 0.0, 0.019795240631728064, 0.0, 0.028146417112716555, 0.05874522297052942)",3
8850,37,1,6,"(0.07774630713588758, 0.018082283262475213, 0.0, 0.030181603934096246, 0.005422768956954101, 0.0, 0.019795240631728064, 0.0, 0.028146417112716555, 0.05874522297052942)",1
8851,37,1,6,"(0.016782144989507256, 0.011572197494497125, 0.0, 0.02223172683934184, 0.005422768956954101, 0.0, 0.019795240631728064, 0.0, 0.028146417112716555, 0.05874522297052942)",3
8852,37,1,8,"(0.07111035742329365, 0.046525949225991035, 0.0, 0.0, 0.051217346146779696, 0.0, 0.08319516954615302, 0.1415123366655704, 0.0, 0.0)",218
8853,37,1,8,"(0.035529806695151676, 0.08832952462649114, 0.0, 0.0, 0.051217346146779696, 0.0, 0.08319516954615302, 0.1976524768942303, 0.0, 0.0)",1
8854,37,1,8,"(0.07111035742329365, 0.03390977760890504, 0.0, 0.0, 0.051217346146779696, 0.0, 0.08319516954615302, 0.1415123366655704, 0.0, 0.0)",4
8855,37,1,8,"(0.07111035742329365, 0.04302343595401606, 0.0, 0.0, 0.051217346146779696, 0.0, 0.08319516954615302, 0.1415123366655704, 0.0, 0.0)",1
8856,37,1,8,"(0.07111035742329365, 0.07417226978283792, 0.0, 0.0, 0.051217346146779696, 0.0, 0.08319516954615302, 0.1415123366655704, 0.0, 0.0)",1
8857,37,1,8,"(0.051327390835508656, 0.046525949225991035, 0.0, 0.0, 0.044238850921630615, 0.0, 0.08319516954615302, 0.1415123366655704, 0.0, 0.0)",9
8858,37,1,8,"(0.05519083350527358, 0.046525949225991035, 0.0, 0.0, 0.051217346146779696, 0.0, 0.08319516954615302, 0.1415123366655704, 0.0, 0.0)",1
8859,37,1,8,"(0.07111035742329365, 0.046525949225991035, 0.0, 0.0, 0.051217346146779696, 0.0, 0.08319516954615302, 0.09513444883351557, 0.0, 0.0)",6
8860,37,2,13,"(0.0, 0.025621286555703452, 0.023035932332134326, 0.0, 0.00970885425506607, 0.022173256981297827, 0.0, 0.0, 0.01089208668844536, 0.00476393156717078)",1
8861,37,2,13,"(0.0, 0.02461978404713738, 0.023035932332134326, 0.0, 0.00970885425506607, 0.022173256981297827, 0.0, 0.0, 0.01089208668844536, 0.00476393156717078)",199
8862,37,2,13,"(0.0, 0.01624151474580793, 0.02574272251429553, 0.0, 0.00970885425506607, 0.022173256981297827, 0.0, 0.0, 0.006219008837490605, 0.00476393156717078)",1
8863,37,2,13,"(0.0, 0.021577472787476456, 0.02503901885548522, 0.0, 0.00970885425506607, 0.022173256981297827, 0.0, 0.0, 0.01089208668844536, 0.00476393156717078)",1
8864,37,2,13,"(0.0, 0.02461978404713738, 0.023035932332134326, 0.0, 0.00970885425506607, 0.022173256981297827, 0.0, 0.0, 0.01089208668844536, 0.00870711447560267)",1
8865,37,2,13,"(0.0, 0.02461978404713738, 0.023035932332134326, 0.0, 0.010917452645349717, 0.022173256981297827, 0.0, 0.0, 0.01089208668844536, 0.00476393156717078)",1
8866,37,2,13,"(0.0, 0.02461978404713738, 0.023035932332134326, 0.0, 0.010932845963861697, 0.022173256981297827, 0.0, 0.0, 0.01089208668844536, 0.00476393156717078)",1
8867,37,2,13,"(0.0, 0.02461978404713738, 0.023035932332134326, 0.0, 0.02092327224480259, 0.022173256981297827, 0.0, 0.0, 0.01089208668844536, 0.00476393156717078)",8
8868,37,3,13,"(0.0, 0.02461978404713738, 0.023035932332134326, 0.0, 0.01810411441758469, 0.03455769567373149, 0.0, 0.0, 0.01089208668844536, 0.0024406349647482155)",2
8869,37,3,13,"(0.0, 0.0232869795403917, 0.04941187597110362, 0.0, 0.02020718421452327, 0.029988125755629712, 0.0, 0.0, 0.01089208668844536, 0.0027636866113311884)",3
8870,37,3,13,"(0.0, 0.028117778563287076, 0.023035932332134326, 0.0, 0.01810411441758469, 0.022173256981297827, 0.0, 0.0, 0.01089208668844536, 0.0024406349647482155)",1
8871,37,3,13,"(0.0, 0.02461978404713738, 0.023035932332134326, 0.0, 0.01810411441758469, 0.022173256981297827, 0.0, 0.0, 0.01089208668844536, 0.0024406349647482155)",295
8872,37,3,13,"(0.0, 0.02461978404713738, 0.023035932332134326, 0.0, 0.01810411441758469, 0.029335190290707767, 0.0, 0.0, 0.03244321573247881, 0.0024406349647482155)",1
8873,37,3,13,"(0.0, 0.02461978404713738, 0.023035932332134326, 0.0, 0.01810411441758469, 0.022173256981297827, 0.0, 0.0, 0.0059325081743719235, 0.0024406349647482155)",1
8874,37,3,13,"(0.0, 0.02461978404713738, 0.023035932332134326, 0.0, 0.013397120020122293, 0.022173256981297827, 0.0, 0.0, 0.01089208668844536, 0.0024406349647482155)",9
8875,37,3,13,"(0.0, 0.02461978404713738, 0.04941187597110362, 0.0, 0.01810411441758469, 0.029988125755629712, 0.0, 0.0, 0.01089208668844536, 0.0024406349647482155)",1
8876,37,4,11,"(0.0, 0.0, 0.07512510068200386, 0.01650583712158267, 0.0, 0.030645849071221472, 0.08153022673827125, 0.07240876560513207, 0.026121609841380632, 0.0)",10
8877,37,4,11,"(0.0, 0.0, 0.09864539577037362, 0.01650583712158267, 0.0, 0.030645849071221472, 0.18156365642678352, 0.07240876560513207, 0.026121609841380632, 0.0)",4
8878,37,4,11,"(0.0, 0.0, 0.19267949805295903, 0.01650583712158267, 0.0, 0.030645849071221472, 0.08153022673827125, 0.07240876560513207, 0.026121609841380632, 0.0)",1
8879,37,4,11,"(0.0, 0.0, 0.13152083349886715, 0.01650583712158267, 0.0, 0.0215037607112335, 0.05543939781332862, 0.07240876560513207, 0.026121609841380632, 0.0)",1
8880,37,4,11,"(0.0, 0.0, 0.09864539577037362, 0.01650583712158267, 0.0, 0.041325509628510886, 0.08153022673827125, 0.045106135443995256, 0.026121609841380632, 0.0)",3
8881,37,4,11,"(0.0, 0.0, 0.09864539577037362, 0.010385847434266848, 0.0, 0.030645849071221472, 0.08772346363354626, 0.07240876560513207, 0.026121609841380632, 0.0)",11
8882,37,4,11,"(0.0, 0.0, 0.09864539577037362, 0.01650583712158267, 0.0, 0.030645849071221472, 0.08153022673827125, 0.07240876560513207, 0.026121609841380632, 0.0)",468
8883,37,4,11,"(0.0, 0.0, 0.09864539577037362, 0.028125479565511695, 0.0, 0.030645849071221472, 0.0411385035982185, 0.07240876560513207, 0.022466612492667043, 0.0)",1
8884,37,4,11,"(0.0, 0.0, 0.09864539577037362, 0.01650583712158267, 0.0, 0.030645849071221472, 0.08153022673827125, 0.058992102938836145, 0.026121609841380632, 0.0)",12
8885,37,4,11,"(0.0, 0.0, 0.20820922405617165, 0.01650583712158267, 0.0, 0.030645849071221472, 0.08153022673827125, 0.07240876560513207, 0.026121609841380632, 0.0)",1
8886,37,4,11,"(0.0, 0.0, 0.09864539577037362, 0.01650583712158267, 0.0, 0.030645849071221472, 0.08153022673827125, 0.07240876560513207, 0.019634485604550393, 0.0)",11
8887,37,4,11,"(0.0, 0.0, 0.09864539577037362, 0.014089697877769048, 0.0, 0.030645849071221472, 0.08153022673827125, 0.07240876560513207, 0.026121609841380632, 0.0)",1
8888,37,4,11,"(0.0, 0.0, 0.09864539577037362, 0.01650583712158267, 0.0, 0.030645849071221472, 0.08153022673827125, 0.05154051613728935, 0.019634485604550393, 0.0)",1
8889,37,5,0,"(0.12352974491755873, 0.0, 0.0, 0.0, 0.0, 0.038664151314593, 0.08380840797570269, 0.06261049614614052, 0.0, 0.0)",36
8890,37,5,0,"(0.07400250769571483, 0.0, 0.0, 0.0, 0.0, 0.038664151314593, 0.08380840797570269, 0.09199365818983214, 0.0, 0.0)",1
8891,37,5,0,"(0.07400250769571483, 0.0, 0.0, 0.0, 0.0, 0.038664151314593, 0.1204697564600949, 0.07732727000305631, 0.0, 0.0)",4
8892,37,5,0,"(0.0402479284341202, 0.0, 0.0, 0.0, 0.0, 0.038664151314593, 0.08380840797570269, 0.06261049614614052, 0.0, 0.0)",86
8893,37,5,0,"(0.07400250769571483, 0.0, 0.0, 0.0, 0.0, 0.038664151314593, 0.08380840797570269, 0.06261049614614052, 0.0, 0.0)",136
8894,37,5,6,"(0.03426039533065134, 0.011474029306645702, 0.0, 0.030181603934096246, 0.005422768956954101, 0.0, 0.019795240631728064, 0.0, 0.028146417112716555, 0.05874522297052942)",1
8895,37,5,6,"(0.045474287566453706, 0.011572197494497125, 0.0, 0.030181603934096246, 0.005422768956954101, 0.0, 0.019795240631728064, 0.0, 0.028146417112716555, 0.05874522297052942)",1
8896,37,5,6,"(0.03426039533065134, 0.011572197494497125, 0.0, 0.030181603934096246, 0.005422768956954101, 0.0, 0.02056036571845645, 0.0, 0.028146417112716555, 0.05874522297052942)",1
8897,37,5,6,"(0.03426039533065134, 0.011572197494497125, 0.0, 0.030181603934096246, 0.005422768956954101, 0.0, 0.019795240631728064, 0.0, 0.028146417112716555, 0.05874522297052942)",251
8898,37,5,6,"(0.0209300855876175, 0.011572197494497125, 0.0, 0.04598789610356422, 0.005422768956954101, 0.0, 0.019795240631728064, 0.0, 0.028146417112716555, 0.05874522297052942)",1
8899,37,6,0,"(0.06234213132962305, 0.0, 0.0, 0.0, 0.0, 0.03588043636037825, 0.07011830437097326, 0.0691048466035698, 0.0, 0.0)",1
8900,37,6,0,"(0.07400250769571483, 0.0, 0.0, 0.0, 0.0, 0.017098731129875016, 0.08380840797570269, 0.0691048466035698, 0.0, 0.0)",44
8901,37,6,0,"(0.06234213132962305, 0.0, 0.0, 0.0, 0.0, 0.017098731129875016, 0.07011830437097326, 0.0691048466035698, 0.0, 0.0)",199
8902,37,6,0,"(0.06234213132962305, 0.0, 0.0, 0.0, 0.0, 0.017098731129875016, 0.050995996900227554, 0.0691048466035698, 0.0, 0.0)",3
8903,37,7,13,"(0.0, 0.02461978404713738, 0.023035932332134326, 0.0, 0.01810411441758469, 0.022173256981297827, 0.0, 0.0, 0.01089208668844536, 0.00476393156717078)",346
8904,37,7,13,"(0.0, 0.02461978404713738, 0.023035932332134326, 0.0, 0.01810411441758469, 0.03159103110202386, 0.0, 0.0, 0.01089208668844536, 0.00476393156717078)",1
8905,37,7,13,"(0.0, 0.02461978404713738, 0.023035932332134326, 0.0, 0.01810411441758469, 0.017422410429996496, 0.0, 0.0, 0.01089208668844536, 0.00476393156717078)",1
8906,37,7,13,"(0.0, 0.02461978404713738, 0.023035932332134326, 0.0, 0.01810411441758469, 0.03884572841251649, 0.0, 0.0, 0.01089208668844536, 0.00476393156717078)",4
8907,37,7,13,"(0.0, 0.02461978404713738, 0.023035932332134326, 0.0, 0.01810411441758469, 0.022173256981297827, 0.0, 0.0, 0.027260058741927082, 0.00476393156717078)",3
8908,37,7,13,"(0.0, 0.02461978404713738, 0.023035932332134326, 0.0, 0.01810411441758469, 0.022173256981297827, 0.0, 0.0, 0.012228635432518353, 0.00476393156717078)",1
8909,37,7,13,"(0.0, 0.02461978404713738, 0.023035932332134326, 0.0, 0.012205930180488754, 0.022173256981297827, 0.0, 0.0, 0.01089208668844536, 0.00476393156717078)",7
8910,37,7,13,"(0.0, 0.02461978404713738, 0.023035932332134326, 0.0, 0.01810411441758469, 0.022173256981297827, 0.0, 0.0, 0.01089208668844536, 0.005293455989865851)",1
8911,37,7,13,"(0.0, 0.02461978404713738, 0.023035932332134326, 0.0, 0.01810411441758469, 0.01649653438642533, 0.0, 0.0, 0.008976051285571213, 0.00476393156717078)",1
8912,37,7,13,"(0.0, 0.02461978404713738, 0.023035932332134326, 0.0, 0.01810411441758469, 0.022173256981297827, 0.0, 0.0, 0.01089208668844536, 0.007271810307293046)",1
8913,37,7,13,"(0.0, 0.02461978404713738, 0.023035932332134326, 0.0, 0.01810411441758469, 0.019431957404796626, 0.0, 0.0, 0.01089208668844536, 0.00476393156717078)",2
8914,37,8,11,"(0.0, 0.0, 0.09864539577037362, 0.02150422363422624, 0.0, 0.030645849071221472, 0.16773790467281977, 0.0386197297757742, 0.08516767701580245, 0.0)",1
8915,37,8,11,"(0.0, 0.0, 0.09864539577037362, 0.02150422363422624, 0.0, 0.026428363531103685, 0.16773790467281977, 0.029109469132803194, 0.026121609841380632, 0.0)",1
8916,37,8,11,"(0.0, 0.0, 0.09864539577037362, 0.02150422363422624, 0.0, 0.030645849071221472, 0.16773790467281977, 0.0386197297757742, 0.030353791551804895, 0.0)",1
8917,37,8,11,"(0.0, 0.0, 0.09864539577037362, 0.02150422363422624, 0.0, 0.030645849071221472, 0.2741999523489891, 0.0386197297757742, 0.026121609841380632, 0.0)",1
8918,37,8,11,"(0.0, 0.0, 0.2006580316933655, 0.013158281970170134, 0.0, 0.030645849071221472, 0.16874148012375692, 0.0386197297757742, 0.026121609841380632, 0.0)",4
8919,37,8,11,"(0.0, 0.0, 0.09864539577037362, 0.02150422363422624, 0.0, 0.030645849071221472, 0.12340867300947393, 0.0386197297757742, 0.026121609841380632, 0.0)",1
8920,37,8,11,"(0.0, 0.0, 0.09864539577037362, 0.02150422363422624, 0.0, 0.030645849071221472, 0.1640155267474613, 0.0386197297757742, 0.026121609841380632, 0.0)",1
8921,37,8,11,"(0.0, 0.0, 0.09864539577037362, 0.0166193459821632, 0.0, 0.030645849071221472, 0.16773790467281977, 0.0386197297757742, 0.026121609841380632, 0.0)",5
8922,37,8,11,"(0.0, 0.0, 0.09864539577037362, 0.02150422363422624, 0.0, 0.030645849071221472, 0.2565345780978526, 0.0386197297757742, 0.026121609841380632, 0.0)",2
8923,37,8,11,"(0.0, 0.0, 0.09864539577037362, 0.02275665669311106, 0.0, 0.030645849071221472, 0.16773790467281977, 0.0386197297757742, 0.026121609841380632, 0.0)",14
8924,37,8,11,"(0.0, 0.0, 0.09864539577037362, 0.021988662139010944, 0.0, 0.030645849071221472, 0.16773790467281977, 0.0386197297757742, 0.026121609841380632, 0.0)",2
8925,37,8,11,"(0.0, 0.0, 0.09864539577037362, 0.02150422363422624, 0.0, 0.030645849071221472, 0.16773790467281977, 0.0386197297757742, 0.026121609841380632, 0.0)",642
8926,37,8,11,"(0.0, 0.0, 0.08912684071635381, 0.02150422363422624, 0.0, 0.030645849071221472, 0.16773790467281977, 0.0386197297757742, 0.026121609841380632, 0.0)",3
8927,37,8,11,"(0.0, 0.0, 0.09864539577037362, 0.017419963566131146, 0.0, 0.030645849071221472, 0.16773790467281977, 0.07811944389383975, 0.020693794940490704, 0.0)",5
8928,37,8,11,"(0.0, 0.0, 0.09864539577037362, 0.02150422363422624, 0.0, 0.02889009260679239, 0.16773790467281977, 0.0386197297757742, 0.026121609841380632, 0.0)",1
8929,37,9,11,"(0.0, 0.0, 0.11755819882518005, 0.01650583712158267, 0.0, 0.02375279233445006, 0.13096089262191435, 0.061695345546580224, 0.011422441194200265, 0.0)",1
8930,37,9,11,"(0.0, 0.0, 0.11755819882518005, 0.01650583712158267, 0.0, 0.02375279233445006, 0.05824124115738126, 0.08028238650273146, 0.026121609841380632, 0.0)",2
8931,37,9,11,"(0.0, 0.0, 0.11755819882518005, 0.01650583712158267, 0.0, 0.02375279233445006, 0.16773790467281977, 0.061695345546580224, 0.026121609841380632, 0.0)",61
8932,37,9,11,"(0.0, 0.0, 0.11755819882518005, 0.01650583712158267, 0.0, 0.007982130406235667, 0.1254348761332085, 0.08028238650273146, 0.026121609841380632, 0.0)",1
8933,37,9,11,"(0.0, 0.0, 0.11755819882518005, 0.0074188265652810614, 0.0, 0.02375279233445006, 0.16773790467281977, 0.08028238650273146, 0.026121609841380632, 0.0)",7
8934,37,9,11,"(0.0, 0.0, 0.1579198454275158, 0.01650583712158267, 0.0, 0.02375279233445006, 0.16773790467281977, 0.061695345546580224, 0.011422441194200265, 0.0)",4
8935,37,9,11,"(0.0, 0.0, 0.11755819882518005, 0.01650583712158267, 0.0, 0.02375279233445006, 0.1254348761332085, 0.06470957413557007, 0.026121609841380632, 0.0)",1
8936,37,9,11,"(0.0, 0.0, 0.11755819882518005, 0.009226389691669305, 0.0, 0.02375279233445006, 0.16773790467281977, 0.061695345546580224, 0.011422441194200265, 0.0)",8
8937,37,9,11,"(0.0, 0.0, 0.16236855196260325, 0.01650583712158267, 0.0, 0.02375279233445006, 0.1254348761332085, 0.08028238650273146, 0.026121609841380632, 0.0)",1
8938,37,9,11,"(0.0, 0.0, 0.11755819882518005, 0.01650583712158267, 0.0, 0.02375279233445006, 0.16773790467281977, 0.061695345546580224, 0.011422441194200265, 0.0)",13
8939,37,9,11,"(0.0, 0.0, 0.11755819882518005, 0.014811053999440533, 0.0, 0.02375279233445006, 0.1254348761332085, 0.08028238650273146, 0.026121609841380632, 0.0)",23
8940,37,9,11,"(0.0, 0.0, 0.11755819882518005, 0.01650583712158267, 0.0, 0.038391823163813746, 0.1254348761332085, 0.05652579990998761, 0.026121609841380632, 0.0)",4
8941,37,9,11,"(0.0, 0.0, 0.06510746292349336, 0.01650583712158267, 0.0, 0.02375279233445006, 0.1254348761332085, 0.08028238650273146, 0.026121609841380632, 0.0)",3
8942,37,9,11,"(0.0, 0.0, 0.11755819882518005, 0.008824630923786946, 0.0, 0.02375279233445006, 0.16773790467281977, 0.08028238650273146, 0.026121609841380632, 0.0)",130
8943,37,9,11,"(0.0, 0.0, 0.11755819882518005, 0.01650583712158267, 0.0, 0.03091864493269646, 0.1254348761332085, 0.08028238650273146, 0.026121609841380632, 0.0)",1
8944,37,9,11,"(0.0, 0.0, 0.16217477169714525, 0.01650583712158267, 0.0, 0.02375279233445006, 0.16773790467281977, 0.028644992184185758, 0.042755324982305734, 0.0)",11
8945,37,9,11,"(0.0, 0.0, 0.11755819882518005, 0.010636552980651883, 0.0, 0.02743081901420252, 0.1254348761332085, 0.08028238650273146, 0.026121609841380632, 0.0)",3
8946,37,9,11,"(0.0, 0.0, 0.11755819882518005, 0.01650583712158267, 0.0, 0.02375279233445006, 0.1254348761332085, 0.08028238650273146, 0.026121609841380632, 0.0)",247
8947,37,9,11,"(0.0, 0.0, 0.09775001294591718, 0.01650583712158267, 0.0, 0.02375279233445006, 0.1254348761332085, 0.0699289715103603, 0.026121609841380632, 0.0)",1
8948,37,9,11,"(0.0, 0.0, 0.11755819882518005, 0.01650583712158267, 0.0, 0.02375279233445006, 0.1254348761332085, 0.09274567102063488, 0.026121609841380632, 0.0)",1
8949,37,9,11,"(0.0, 0.0, 0.11755819882518005, 0.01650583712158267, 0.0, 0.02375279233445006, 0.1254348761332085, 0.04169982570792425, 0.026121609841380632, 0.0)",1
8950,37,9,11,"(0.0, 0.0, 0.09864539577037362, 0.01650583712158267, 0.0, 0.030645849071221472, 0.16243652964526273, 0.08028238650273146, 0.026121609841380632, 0.0)",2
8951,37,10,13,"(0.0, 0.02461978404713738, 0.023035932332134326, 0.0, 0.023316714170486395, 0.022173256981297827, 0.0, 0.0, 0.01089208668844536, 0.00476393156717078)",11
8952,37,10,13,"(0.0, 0.02461978404713738, 0.023035932332134326, 0.0, 0.01810411441758469, 0.018327253906796452, 0.0, 0.0, 0.01089208668844536, 0.00476393156717078)",5
8953,37,10,13,"(0.0, 0.02461978404713738, 0.03506895388944656, 0.0, 0.01810411441758469, 0.022173256981297827, 0.0, 0.0, 0.01089208668844536, 0.00476393156717078)",1
8954,37,10,13,"(0.0, 0.02461978404713738, 0.022096300053100537, 0.0, 0.012226464188677262, 0.022173256981297827, 0.0, 0.0, 0.01089208668844536, 0.00476393156717078)",1
8955,37,10,13,"(0.0, 0.02461978404713738, 0.022096300053100537, 0.0, 0.01810411441758469, 0.022173256981297827, 0.0, 0.0, 0.016420664830149187, 0.00476393156717078)",1
8956,37,10,13,"(0.0, 0.015420203115414822, 0.06337449384056619, 0.0, 0.01810411441758469, 0.022173256981297827, 0.0, 0.0, 0.01089208668844536, 0.00476393156717078)",1
8957,37,10,13,"(0.0, 0.02461978404713738, 0.022096300053100537, 0.0, 0.01810411441758469, 0.022173256981297827, 0.0, 0.0, 0.01089208668844536, 0.00476393156717078)",53
8958,37,10,13,"(0.0, 0.02461978404713738, 0.023035932332134326, 0.0, 0.012910859184521213, 0.03008614242678508, 0.0, 0.0, 0.01089208668844536, 0.00476393156717078)",1
8959,37,10,13,"(0.0, 0.02461978404713738, 0.023035932332134326, 0.0, 0.01810411441758469, 0.022173256981297827, 0.0, 0.0, 0.01089208668844536, 0.00476393156717078)",264
8960,37,10,13,"(0.0, 0.02461978404713738, 0.023035932332134326, 0.0, 0.01810411441758469, 0.022173256981297827, 0.0, 0.0, 0.00786827372704647, 0.00476393156717078)",2
8961,37,10,13,"(0.0, 0.04358501483628405, 0.023035932332134326, 0.0, 0.01810411441758469, 0.022173256981297827, 0.0, 0.0, 0.01089208668844536, 0.00476393156717078)",1
8962,37,10,13,"(0.0, 0.023444659703276027, 0.023035932332134326, 0.0, 0.01810411441758469, 0.022173256981297827, 0.0, 0.0, 0.01089208668844536, 0.004893662924324874)",1
8963,37,10,13,"(0.0, 0.023444659703276027, 0.023035932332134326, 0.0, 0.01810411441758469, 0.022173256981297827, 0.0, 0.0, 0.01089208668844536, 0.00476393156717078)",31
8964,37,10,13,"(0.0, 0.02461978404713738, 0.023035932332134326, 0.0, 0.01810411441758469, 0.022173256981297827, 0.0, 0.0, 0.01089208668844536, 0.004920209956258291)",1
8965,37,10,13,"(0.0, 0.02461978404713738, 0.025263885326495376, 0.0, 0.01810411441758469, 0.022173256981297827, 0.0, 0.0, 0.01089208668844536, 0.00476393156717078)",1
8966,37,11,13,"(0.0, 0.02461978404713738, 0.023035932332134326, 0.0, 0.01810411441758469, 0.014231230877191135, 0.0, 0.0, 0.01089208668844536, 0.004991872636839575)",2
8967,37,11,13,"(0.0, 0.020980529671813446, 0.023035932332134326, 0.0, 0.01810411441758469, 0.022173256981297827, 0.0, 0.0, 0.01089208668844536, 0.00476393156717078)",5
8968,37,11,13,"(0.0, 0.017408627483040465, 0.023035932332134326, 0.0, 0.01810411441758469, 0.022173256981297827, 0.0, 0.0, 0.01089208668844536, 0.00476393156717078)",1
8969,37,11,13,"(0.0, 0.02461978404713738, 0.018878049144549512, 0.0, 0.01810411441758469, 0.022173256981297827, 0.0, 0.0, 0.01089208668844536, 0.00476393156717078)",1
8970,37,11,13,"(0.0, 0.02461978404713738, 0.023035932332134326, 0.0, 0.01810411441758469, 0.022173256981297827, 0.0, 0.0, 0.014036479110367006, 0.00186640497873568)",1
8971,37,11,13,"(0.0, 0.02461978404713738, 0.023035932332134326, 0.0, 0.01810411441758469, 0.022173256981297827, 0.0, 0.0, 0.01089208668844536, 0.0034183661226660153)",2
8972,37,11,13,"(0.0, 0.010691738226825806, 0.023035932332134326, 0.0, 0.01810411441758469, 0.05326677720866067, 0.0, 0.0, 0.01089208668844536, 0.00476393156717078)",1
8973,37,11,13,"(0.0, 0.02461978404713738, 0.023035932332134326, 0.0, 0.01810411441758469, 0.025987658106124287, 0.0, 0.0, 0.01089208668844536, 0.00476393156717078)",1
8974,37,11,13,"(0.0, 0.0409452345097361, 0.023035932332134326, 0.0, 0.01810411441758469, 0.011784274493434032, 0.0, 0.0, 0.01089208668844536, 0.00476393156717078)",3
8975,37,11,13,"(0.0, 0.02461978404713738, 0.023035932332134326, 0.0, 0.01810411441758469, 0.022173256981297827, 0.0, 0.0, 0.01089208668844536, 0.00476393156717078)",191
8976,37,11,13,"(0.0, 0.02461978404713738, 0.023035932332134326, 0.0, 0.01810411441758469, 0.022173256981297827, 0.0, 0.0, 0.01089208668844536, 0.0036872173179800785)",85
8977,37,12,8,"(0.19235562551390653, 0.046525949225991035, 0.0, 0.0, 0.04573034632799446, 0.0, 0.08319516954615302, 0.1116381245929446, 0.0, 0.0)",208
8978,37,12,8,"(0.1443351815487195, 0.046525949225991035, 0.0, 0.0, 0.045078521730826146, 0.0, 0.08319516954615302, 0.1116381245929446, 0.0, 0.0)",2
8979,37,12,8,"(0.22043742506870165, 0.046525949225991035, 0.0, 0.0, 0.04573034632799446, 0.0, 0.08319516954615302, 0.1116381245929446, 0.0, 0.0)",1
8980,37,12,8,"(0.19235562551390653, 0.046525949225991035, 0.0, 0.0, 0.04573034632799446, 0.0, 0.08319516954615302, 0.17031284322607618, 0.0, 0.0)",2
8981,37,12,8,"(0.19235562551390653, 0.046525949225991035, 0.0, 0.0, 0.04573034632799446, 0.0, 0.06778643410283089, 0.09273979022056765, 0.0, 0.0)",8
8982,37,12,10,"(0.01017907301160314, 0.06927916245295945, 0.09682940930282144, 0.0017773360538905325, 0.0, 0.06291875767155253, 0.0, 0.10994488928074131, 0.0, 0.0)",1
8983,37,12,10,"(0.022384570735347664, 0.06927916245295945, 0.09682940930282144, 0.0015348590288080009, 0.0, 0.06291875767155253, 0.0, 0.07710594260432355, 0.0, 0.0)",7
8984,37,12,10,"(0.06273534612738288, 0.06927916245295945, 0.09682940930282144, 0.0017773360538905325, 0.0, 0.06291875767155253, 0.0, 0.06086976455486313, 0.0, 0.0)",1
8985,37,12,10,"(0.03550653097490399, 0.06927916245295945, 0.09682940930282144, 0.0017773360538905325, 0.0, 0.06291875767155253, 0.0, 0.10994488928074131, 0.0, 0.0)",157
8986,37,12,10,"(0.022384570735347664, 0.06927916245295945, 0.09682940930282144, 0.0017773360538905325, 0.0, 0.06291875767155253, 0.0, 0.07710594260432355, 0.0, 0.0)",107
8987,37,13,6,"(0.03426039533065134, 0.009739069454994063, 0.0, 0.030181603934096246, 0.005422768956954101, 0.0, 0.011974787715581926, 0.0, 0.028146417112716555, 0.05874522297052942)",16
8988,37,13,6,"(0.04933996853978063, 0.011572197494497125, 0.0, 0.030181603934096246, 0.005422768956954101, 0.0, 0.019795240631728064, 0.0, 0.028146417112716555, 0.05874522297052942)",3
8989,37,13,6,"(0.03426039533065134, 0.013195877923567231, 0.0, 0.030181603934096246, 0.005422768956954101, 0.0, 0.019795240631728064, 0.0, 0.023719638785280387, 0.05874522297052942)",7
8990,37,13,6,"(0.03426039533065134, 0.011572197494497125, 0.0, 0.030181603934096246, 0.005422768956954101, 0.0, 0.019795240631728064, 0.0, 0.016209741115842353, 0.05874522297052942)",6
8991,37,13,6,"(0.03426039533065134, 0.011572197494497125, 0.0, 0.030181603934096246, 0.005422768956954101, 0.0, 0.027249319060665134, 0.0, 0.028146417112716555, 0.05874522297052942)",1
8992,37,13,6,"(0.03426039533065134, 0.011572197494497125, 0.0, 0.030181603934096246, 0.005422768956954101, 0.0, 0.019795240631728064, 0.0, 0.028146417112716555, 0.05874522297052942)",127
8993,37,14,11,"(0.0, 0.0, 0.07563427679391872, 0.016198035454581573, 0.0, 0.030645849071221472, 0.24901055039315287, 0.046237642847009, 0.026121609841380632, 0.0)",1
8994,37,14,11,"(0.0, 0.0, 0.07563427679391872, 0.01650583712158267, 0.0, 0.030645849071221472, 0.16773790467281977, 0.046237642847009, 0.0323699188544328, 0.0)",2
8995,37,14,11,"(0.0, 0.0, 0.07563427679391872, 0.01650583712158267, 0.0, 0.030645849071221472, 0.16773790467281977, 0.046237642847009, 0.026121609841380632, 0.0)",187
8996,37,14,11,"(0.0, 0.0, 0.08727637414012739, 0.01650583712158267, 0.0, 0.030645849071221472, 0.16773790467281977, 0.046237642847009, 0.026121609841380632, 0.0)",1
8997,37,14,13,"(0.0, 0.021423194238546907, 0.018272050395880708, 0.0, 0.01810411441758469, 0.022173256981297827, 0.0, 0.0, 0.008243628966280307, 0.00476393156717078)",25
8998,37,14,13,"(0.0, 0.02461978404713738, 0.04252047278863847, 0.0, 0.01810411441758469, 0.022173256981297827, 0.0, 0.0, 0.01089208668844536, 0.00476393156717078)",1
8999,37,14,13,"(0.0, 0.021423194238546907, 0.023035932332134326, 0.0, 0.01810411441758469, 0.022173256981297827, 0.0, 0.0, 0.01562369897991362, 0.00476393156717078)",1
9000,37,14,13,"(0.0, 0.021423194238546907, 0.023035932332134326, 0.0, 0.01810411441758469, 0.019014561217934326, 0.0, 0.0, 0.008272752646997849, 0.00476393156717078)",1
9001,37,14,13,"(0.0, 0.05809193160014038, 0.023035932332134326, 0.0, 0.01810411441758469, 0.022173256981297827, 0.0, 0.0, 0.01089208668844536, 0.004790507458482601)",1
9002,37,14,13,"(0.0, 0.021423194238546907, 0.02557439408870021, 0.0, 0.01810411441758469, 0.022173256981297827, 0.0, 0.0, 0.01089208668844536, 0.00476393156717078)",1
9003,37,14,13,"(0.0, 0.021423194238546907, 0.023035932332134326, 0.0, 0.01810411441758469, 0.022173256981297827, 0.0, 0.0, 0.01089208668844536, 0.00476393156717078)",82
9004,37,14,13,"(0.0, 0.02461978404713738, 0.023035932332134326, 0.0, 0.01810411441758469, 0.022173256981297827, 0.0, 0.0, 0.01089208668844536, 0.00476393156717078)",198
9005,37,15,11,"(0.0, 0.0, 0.11839367174953695, 0.01650583712158267, 0.0, 0.020355830679555063, 0.16773790467281977, 0.0404147798164449, 0.026121609841380632, 0.0)",67
9006,37,15,11,"(0.0, 0.0, 0.11839367174953695, 0.01650583712158267, 0.0, 0.030645849071221472, 0.16773790467281977, 0.0404147798164449, 0.026121609841380632, 0.0)",522
9007,37,15,11,"(0.0, 0.0, 0.11839367174953695, 0.01650583712158267, 0.0, 0.030942140309632125, 0.16773790467281977, 0.0404147798164449, 0.026121609841380632, 0.0)",1
9008,37,15,11,"(0.0, 0.0, 0.11839367174953695, 0.01650583712158267, 0.0, 0.09519246315122083, 0.16773790467281977, 0.0404147798164449, 0.026121609841380632, 0.0)",1
9009,37,15,11,"(0.0, 0.0, 0.11839367174953695, 0.017788012488273334, 0.0, 0.030645849071221472, 0.16773790467281977, 0.0404147798164449, 0.026121609841380632, 0.0)",22
9010,37,16,1,"(0.0, 0.0, 0.02434903116742897, 0.0, 0.0, 0.0199117526153351, 0.0, 0.0, 0.0, 0.047529216575968564)",1
9011,37,16,1,"(0.0, 0.0, 0.028965103215873405, 0.0, 0.0, 0.0199117526153351, 0.0, 0.0, 0.0, 0.047529216575968564)",72
9012,37,16,1,"(0.0, 0.0, 0.041406372128065916, 0.0, 0.0, 0.012398518461146405, 0.0, 0.0, 0.0, 0.05663515675717367)",28
9013,37,16,1,"(0.0, 0.0, 0.041406372128065916, 0.0, 0.0, 0.0199117526153351, 0.0, 0.0, 0.0, 0.047529216575968564)",508
9014,37,16,1,"(0.0, 0.0, 0.041406372128065916, 0.0, 0.0, 0.019624912555041993, 0.0, 0.0, 0.0, 0.047529216575968564)",4
9015,37,16,1,"(0.0, 0.0, 0.041406372128065916, 0.0, 0.0, 0.0199117526153351, 0.0, 0.0, 0.0, 0.053079885168575563)",95
9016,37,16,1,"(0.0, 0.0, 0.041406372128065916, 0.0, 0.0, 0.03335484936060524, 0.0, 0.0, 0.0, 0.047529216575968564)",1
9017,37,16,1,"(0.0, 0.0, 0.02409656093102091, 0.0, 0.0, 0.0199117526153351, 0.0, 0.0, 0.0, 0.053079885168575563)",1
9018,37,16,1,"(0.0, 0.0, 0.038449134962748974, 0.0, 0.0, 0.013906611477333648, 0.0, 0.0, 0.0, 0.047529216575968564)",1
9019,37,16,1,"(0.0, 0.0, 0.041406372128065916, 0.0, 0.0, 0.0199117526153351, 0.0, 0.0, 0.0, 0.03968993628680313)",1
9020,37,16,1,"(0.0, 0.0, 0.041406372128065916, 0.0, 0.0, 0.01892606304236061, 0.0, 0.0, 0.0, 0.047529216575968564)",16
9021,37,16,1,"(0.0, 0.0, 0.041406372128065916, 0.0, 0.0, 0.022001738107932843, 0.0, 0.0, 0.0, 0.047529216575968564)",1
9022,37,16,1,"(0.0, 0.0, 0.041406372128065916, 0.0, 0.0, 0.03871456005730774, 0.0, 0.0, 0.0, 0.047529216575968564)",1
9023,37,16,1,"(0.0, 0.0, 0.037902944277547694, 0.0, 0.0, 0.0199117526153351, 0.0, 0.0, 0.0, 0.047529216575968564)",4
9024,37,16,8,"(0.2592022309583348, 0.046525949225991035, 0.0, 0.0, 0.07022106556493442, 0.0, 0.060701614823567854, 0.10133586927807228, 0.0, 0.0)",4
9025,37,16,8,"(0.15563602579723626, 0.046525949225991035, 0.0, 0.0, 0.07022106556493442, 0.0, 0.060701614823567854, 0.1116381245929446, 0.0, 0.0)",1
9026,37,16,8,"(0.16507889091742442, 0.1140970037509835, 0.0, 0.0, 0.07022106556493442, 0.0, 0.060701614823567854, 0.1116381245929446, 0.0, 0.0)",14
9027,37,16,8,"(0.19643234090587328, 0.046525949225991035, 0.0, 0.0, 0.07022106556493442, 0.0, 0.060701614823567854, 0.1116381245929446, 0.0, 0.0)",8
9028,37,16,8,"(0.16507889091742442, 0.046525949225991035, 0.0, 0.0, 0.07022106556493442, 0.0, 0.07923036219440109, 0.1116381245929446, 0.0, 0.0)",1
9029,37,16,8,"(0.16507889091742442, 0.046525949225991035, 0.0, 0.0, 0.07022106556493442, 0.0, 0.060701614823567854, 0.08719773709176432, 0.0, 0.0)",2
9030,37,16,8,"(0.13987950425994392, 0.046525949225991035, 0.0, 0.0, 0.07022106556493442, 0.0, 0.060701614823567854, 0.1116381245929446, 0.0, 0.0)",3
9031,37,16,8,"(0.16507889091742442, 0.046525949225991035, 0.0, 0.0, 0.07022106556493442, 0.0, 0.060701614823567854, 0.1116381245929446, 0.0, 0.0)",187
9032,37,17,1,"(0.0, 0.0, 0.10922905711608999, 0.0, 0.0, 0.03088626562778861, 0.0, 0.0, 0.0, 0.0910060267578522)",1
9033,37,17,1,"(0.0, 0.0, 0.10922905711608999, 0.0, 0.0, 0.030018978917809972, 0.0, 0.0, 0.0, 0.15247824185311087)",1
9034,37,17,1,"(0.0, 0.0, 0.10650950881622333, 0.0, 0.0, 0.022570419960140968, 0.0, 0.0, 0.0, 0.08171755127331433)",1
9035,37,17,1,"(0.0, 0.0, 0.10922905711608999, 0.0, 0.0, 0.030018978917809972, 0.0, 0.0, 0.0, 0.0910060267578522)",291
9036,37,17,1,"(0.0, 0.0, 0.0679419640960418, 0.0, 0.0, 0.028438946962927036, 0.0, 0.0, 0.0, 0.1097011523319553)",1
9037,37,17,1,"(0.0, 0.0, 0.10922905711608999, 0.0, 0.0, 0.0310283534857809, 0.0, 0.0, 0.0, 0.0910060267578522)",2
9038,37,17,1,"(0.0, 0.0, 0.10650950881622333, 0.0, 0.0, 0.022640784901484766, 0.0, 0.0, 0.0, 0.04557123282186749)",322
9039,37,17,1,"(0.0, 0.0, 0.10650950881622333, 0.0, 0.0, 0.022640784901484766, 0.0, 0.0, 0.0, 0.052831712093492404)",1
9040,37,17,1,"(0.0, 0.0, 0.10922905711608999, 0.0, 0.0, 0.030018978917809972, 0.0, 0.0, 0.0, 0.05770954977646334)",6
9041,37,17,1,"(0.0, 0.0, 0.10922905711608999, 0.0, 0.0, 0.030018978917809972, 0.0, 0.0, 0.0, 0.09272423906615587)",8
9042,37,17,1,"(0.0, 0.0, 0.06341152154073047, 0.0, 0.0, 0.022640784901484766, 0.0, 0.0, 0.0, 0.04557123282186749)",1
9043,37,17,1,"(0.0, 0.0, 0.10650950881622333, 0.0, 0.0, 0.024348800914769663, 0.0, 0.0, 0.0, 0.04557123282186749)",11
9044,37,17,1,"(0.0, 0.0, 0.10650950881622333, 0.0, 0.0, 0.02269385644575501, 0.0, 0.0, 0.0, 0.04557123282186749)",1
9045,37,17,8,"(0.10294337677241405, 0.04632028014141928, 0.0, 0.0, 0.07022106556493442, 0.0, 0.08319516954615302, 0.1116381245929446, 0.0, 0.0)",291
9046,37,17,8,"(0.1694546023039146, 0.07034675392376658, 0.0, 0.0, 0.07022106556493442, 0.0, 0.08319516954615302, 0.1116381245929446, 0.0, 0.0)",1
9047,37,18,10,"(0.07734904686468291, 0.06927916245295945, 0.09682940930282144, 0.0017773360538905325, 0.0, 0.06291875767155253, 0.0, 0.10994488928074131, 0.0, 0.0)",145
9048,37,18,11,"(0.0, 0.0, 0.09864539577037362, 0.01650583712158267, 0.0, 0.03150275214907511, 0.13038533056739307, 0.08028238650273146, 0.026121609841380632, 0.0)",194
9049,37,18,11,"(0.0, 0.0, 0.08898107447558858, 0.028332312734720512, 0.0, 0.03150275214907511, 0.13038533056739307, 0.08028238650273146, 0.026121609841380632, 0.0)",1
9050,37,18,11,"(0.0, 0.0, 0.08898107447558858, 0.01650583712158267, 0.0, 0.03814011137864071, 0.13038533056739307, 0.08028238650273146, 0.026121609841380632, 0.0)",1
9051,37,18,11,"(0.0, 0.0, 0.08898107447558858, 0.01650583712158267, 0.0, 0.012764473261490822, 0.13038533056739307, 0.08028238650273146, 0.026121609841380632, 0.0)",2
9052,37,18,11,"(0.0, 0.0, 0.08898107447558858, 0.015945426759651285, 0.0, 0.03150275214907511, 0.13038533056739307, 0.08028238650273146, 0.026121609841380632, 0.0)",4
9053,37,18,11,"(0.0, 0.0, 0.08898107447558858, 0.01650583712158267, 0.0, 0.02623364915077238, 0.13038533056739307, 0.08028238650273146, 0.026121609841380632, 0.0)",1
9054,37,18,11,"(0.0, 0.0, 0.23401321969437872, 0.01650583712158267, 0.0, 0.03150275214907511, 0.13038533056739307, 0.08028238650273146, 0.026121609841380632, 0.0)",1
9055,37,18,11,"(0.0, 0.0, 0.09864539577037362, 0.01650583712158267, 0.0, 0.02686011858766278, 0.13038533056739307, 0.08028238650273146, 0.026121609841380632, 0.0)",1
9056,37,18,11,"(0.0, 0.0, 0.08898107447558858, 0.01650583712158267, 0.0, 0.03150275214907511, 0.13038533056739307, 0.08028238650273146, 0.026121609841380632, 0.0)",380
9057,37,18,11,"(0.0, 0.0, 0.09069541549826583, 0.01650583712158267, 0.0, 0.022399090116098797, 0.13038533056739307, 0.05721301606138536, 0.016310705641865212, 0.0)",1
9058,37,18,11,"(0.0, 0.0, 0.09864539577037362, 0.01650583712158267, 0.0, 0.04608852814898693, 0.13038533056739307, 0.0677443496753323, 0.026121609841380632, 0.0)",10
9059,37,18,11,"(0.0, 0.0, 0.06489882813725664, 0.01650583712158267, 0.0, 0.014889271376544035, 0.13038533056739307, 0.08028238650273146, 0.026121609841380632, 0.0)",1
9060,37,18,11,"(0.0, 0.0, 0.08898107447558858, 0.01650583712158267, 0.0, 0.03491418461592469, 0.13038533056739307, 0.08028238650273146, 0.026121609841380632, 0.0)",3
9061,37,19,13,"(0.0, 0.02461978404713738, 0.013674643692896272, 0.0, 0.01810411441758469, 0.022173256981297827, 0.0, 0.0, 0.01089208668844536, 0.0028621211431144253)",294
9062,37,19,13,"(0.0, 0.02461978404713738, 0.02231830055421265, 0.0, 0.01810411441758469, 0.022173256981297827, 0.0, 0.0, 0.01407842335510397, 0.0012146923535806386)",1
9063,37,19,13,"(0.0, 0.031773770330434374, 0.013674643692896272, 0.0, 0.01810411441758469, 0.022173256981297827, 0.0, 0.0, 0.01089208668844536, 0.0028621211431144253)",1
9064,37,19,13,"(0.0, 0.02461978404713738, 0.013674643692896272, 0.0, 0.011244475592233205, 0.022173256981297827, 0.0, 0.0, 0.01089208668844536, 0.0028621211431144253)",4
9065,37,19,13,"(0.0, 0.02461978404713738, 0.027053846948939416, 0.0, 0.023082010116452816, 0.022173256981297827, 0.0, 0.0, 0.01089208668844536, 0.0012146923535806386)",6
9066,37,19,13,"(0.0, 0.02452296411477353, 0.013674643692896272, 0.0, 0.01810411441758469, 0.022173256981297827, 0.0, 0.0, 0.01089208668844536, 0.0028621211431144253)",1
9067,37,19,13,"(0.0, 0.02461978404713738, 0.013674643692896272, 0.0, 0.02560456580757031, 0.022173256981297827, 0.0, 0.0, 0.017488088141204516, 0.0020943614611054124)",6
9068,37,19,13,"(0.0, 0.020163126422471363, 0.013674643692896272, 0.0, 0.01810411441758469, 0.022173256981297827, 0.0, 0.0, 0.01089208668844536, 0.0028621211431144253)",1
9069,37,19,13,"(0.0, 0.02461978404713738, 0.027053846948939416, 0.0, 0.01810411441758469, 0.022173256981297827, 0.0, 0.0, 0.01089208668844536, 0.0012146923535806386)",75
9070,37,19,13,"(0.0, 0.02461978404713738, 0.013674643692896272, 0.0, 0.010680113329848575, 0.022173256981297827, 0.0, 0.0, 0.00788269246416492, 0.0028621211431144253)",4
9071,37,20,10,"(0.10125254581520975, 0.06927916245295945, 0.09682940930282144, 0.0017773360538905325, 0.0, 0.06291875767155253, 0.0, 0.10994488928074131, 0.0, 0.0)",9
9072,37,20,10,"(0.07734904686468291, 0.06927916245295945, 0.09682940930282144, 0.0017773360538905325, 0.0, 0.06291875767155253, 0.0, 0.10994488928074131, 0.0, 0.0)",92
9073,37,20,10,"(0.07734904686468291, 0.07222577727340378, 0.09682940930282144, 0.0017773360538905325, 0.0, 0.06291875767155253, 0.0, 0.10994488928074131, 0.0, 0.0)",1
9074,37,20,11,"(0.0, 0.0, 0.05503589246763654, 0.01650583712158267, 0.0, 0.02548938439096223, 0.09572491856946197, 0.05885302880459243, 0.036485718580663774, 0.0)",1
9075,37,20,11,"(0.0, 0.0, 0.03664497950459847, 0.01650583712158267, 0.0, 0.02548938439096223, 0.09572491856946197, 0.05885302880459243, 0.036485718580663774, 0.0)",89
9076,37,20,11,"(0.0, 0.0, 0.03664497950459847, 0.01650583712158267, 0.0, 0.02548938439096223, 0.09572491856946197, 0.0951650437485075, 0.036485718580663774, 0.0)",17
9077,37,20,11,"(0.0, 0.0, 0.018004387155732684, 0.01650583712158267, 0.0, 0.02548938439096223, 0.09572491856946197, 0.05885302880459243, 0.036485718580663774, 0.0)",379
9078,37,20,11,"(0.0, 0.0, 0.03664497950459847, 0.01650583712158267, 0.0, 0.02548938439096223, 0.09572491856946197, 0.05540567809820518, 0.036485718580663774, 0.0)",11
9079,37,20,11,"(0.0, 0.0, 0.018004387155732684, 0.01650583712158267, 0.0, 0.030840508877762268, 0.09572491856946197, 0.03299737327136296, 0.036485718580663774, 0.0)",5
9080,37,20,11,"(0.0, 0.0, 0.018004387155732684, 0.01830594922927195, 0.0, 0.02548938439096223, 0.09572491856946197, 0.05885302880459243, 0.036485718580663774, 0.0)",1
9081,37,20,11,"(0.0, 0.0, 0.018004387155732684, 0.01650583712158267, 0.0, 0.02548938439096223, 0.06824880662921373, 0.05060365879395746, 0.036485718580663774, 0.0)",1
9082,37,20,11,"(0.0, 0.0, 0.018004387155732684, 0.01650583712158267, 0.0, 0.045677069118206265, 0.09572491856946197, 0.05885302880459243, 0.036485718580663774, 0.0)",3
9083,37,20,11,"(0.0, 0.0, 0.036086998518149366, 0.01650583712158267, 0.0, 0.02548938439096223, 0.09572491856946197, 0.05885302880459243, 0.047822807714517614, 0.0)",1
9084,37,20,11,"(0.0, 0.0, 0.018004387155732684, 0.01650583712158267, 0.0, 0.018895250128217304, 0.09572491856946197, 0.04681386186606392, 0.020768748166351655, 0.0)",1
9085,37,20,11,"(0.0, 0.0, 0.03664497950459847, 0.01650583712158267, 0.0, 0.02548938439096223, 0.09572491856946197, 0.08028238650273146, 0.036485718580663774, 0.0)",54
9086,38,0,11,"(0.0, 0.0, 0.06200374261520503, 0.010654525538403636, 0.0, 0.030645849071221472, 0.2500263469420978, 0.06471128129841798, 0.026121609841380632, 0.0)",1
9087,38,0,11,"(0.0, 0.0, 0.06200374261520503, 0.010654525538403636, 0.0, 0.030645849071221472, 0.16773790467281977, 0.06471128129841798, 0.02964651365160273, 0.0)",1
9088,38,0,11,"(0.0, 0.0, 0.06200374261520503, 0.010654525538403636, 0.0, 0.030645849071221472, 0.16773790467281977, 0.06471128129841798, 0.026121609841380632, 0.0)",276
9089,38,0,11,"(0.0, 0.0, 0.03829900426616433, 0.010654525538403636, 0.0, 0.030645849071221472, 0.16773790467281977, 0.08028238650273146, 0.026121609841380632, 0.0)",1
9090,38,0,11,"(0.0, 0.0, 0.06200374261520503, 0.01316025536829222, 0.0, 0.030645849071221472, 0.16773790467281977, 0.09341703297135986, 0.026121609841380632, 0.0)",1
9091,38,0,11,"(0.0, 0.0, 0.06200374261520503, 0.010654525538403636, 0.0, 0.030645849071221472, 0.16773790467281977, 0.06471128129841798, 0.01603617675797827, 0.0)",1
9092,38,0,11,"(0.0, 0.0, 0.06200374261520503, 0.010654525538403636, 0.0, 0.030645849071221472, 0.16773790467281977, 0.08028238650273146, 0.026121609841380632, 0.0)",168
9093,38,0,11,"(0.0, 0.0, 0.06200374261520503, 0.0059542902090123, 0.0, 0.030645849071221472, 0.16773790467281977, 0.06471128129841798, 0.026121609841380632, 0.0)",1
9094,38,0,11,"(0.0, 0.0, 0.06200374261520503, 0.010654525538403636, 0.0, 0.030645849071221472, 0.16773790467281977, 0.08028238650273146, 0.014854157222957342, 0.0)",6
9095,38,0,11,"(0.0, 0.0, 0.06200374261520503, 0.011698357630714364, 0.0, 0.030645849071221472, 0.16773790467281977, 0.08028238650273146, 0.014582133084835552, 0.0)",6
9096,38,0,11,"(0.0, 0.0, 0.06200374261520503, 0.010654525538403636, 0.0, 0.030645849071221472, 0.16773790467281977, 0.06393292357024152, 0.019815069345747956, 0.0)",2
9097,38,0,11,"(0.0, 0.0, 0.06200374261520503, 0.010654525538403636, 0.0, 0.030645849071221472, 0.16773790467281977, 0.037695078031116706, 0.026121609841380632, 0.0)",47
9098,38,0,11,"(0.0, 0.0, 0.06200374261520503, 0.010654525538403636, 0.0, 0.030645849071221472, 0.16773790467281977, 0.06471128129841798, 0.02887177545172951, 0.0)",1
9099,38,1,6,"(0.031781575098364497, 0.011572197494497125, 0.0, 0.030181603934096246, 0.005422768956954101, 0.0, 0.019874797318597346, 0.0, 0.028146417112716555, 0.05874522297052942)",1
9100,38,1,6,"(0.03426039533065134, 0.011572197494497125, 0.0, 0.030181603934096246, 0.00562880118625375, 0.0, 0.025794492031472244, 0.0, 0.02808946210860817, 0.05874522297052942)",3
9101,38,1,6,"(0.03426039533065134, 0.011572197494497125, 0.0, 0.030181603934096246, 0.005422768956954101, 0.0, 0.019795240631728064, 0.0, 0.028146417112716555, 0.05874522297052942)",241
9102,38,1,6,"(0.03426039533065134, 0.011572197494497125, 0.0, 0.030181603934096246, 0.004167899100433139, 0.0, 0.019795240631728064, 0.0, 0.028146417112716555, 0.05874522297052942)",1
9103,38,1,6,"(0.03603562640338583, 0.010570867765871177, 0.0, 0.030181603934096246, 0.005422768956954101, 0.0, 0.019795240631728064, 0.0, 0.02194296946470051, 0.05874522297052942)",3
9104,38,1,6,"(0.03426039533065134, 0.011572197494497125, 0.0, 0.030181603934096246, 0.005422768956954101, 0.0, 0.019795240631728064, 0.0, 0.012329969116977415, 0.06449898834687626)",1
9105,38,1,6,"(0.03426039533065134, 0.011572197494497125, 0.0, 0.030181603934096246, 0.005422768956954101, 0.0, 0.019795240631728064, 0.0, 0.011567756135318309, 0.05874522297052942)",2
9106,38,1,8,"(0.05817934119131268, 0.05771242058715736, 0.0, 0.0, 0.051217346146779696, 0.0, 0.08532072457632942, 0.1415123366655704, 0.0, 0.0)",1
9107,38,1,8,"(0.07111035742329365, 0.08824435189177865, 0.0, 0.0, 0.051217346146779696, 0.0, 0.08319516954615302, 0.1415123366655704, 0.0, 0.0)",3
9108,38,1,8,"(0.07111035742329365, 0.046525949225991035, 0.0, 0.0, 0.051217346146779696, 0.0, 0.08319516954615302, 0.1415123366655704, 0.0, 0.0)",168
9109,38,1,8,"(0.07111035742329365, 0.046525949225991035, 0.0, 0.0, 0.051217346146779696, 0.0, 0.08319516954615302, 0.09513444883351557, 0.0, 0.0)",31
9110,38,1,8,"(0.07111035742329365, 0.046525949225991035, 0.0, 0.0, 0.051217346146779696, 0.0, 0.08319516954615302, 0.19012413475432036, 0.0, 0.0)",1
9111,38,1,8,"(0.07111035742329365, 0.08174201861902354, 0.0, 0.0, 0.051217346146779696, 0.0, 0.08319516954615302, 0.1415123366655704, 0.0, 0.0)",1
9112,38,1,8,"(0.07111035742329365, 0.03652727343138911, 0.0, 0.0, 0.051217346146779696, 0.0, 0.09105095031778804, 0.1415123366655704, 0.0, 0.0)",2
9113,38,1,8,"(0.033210724309980025, 0.046525949225991035, 0.0, 0.0, 0.051217346146779696, 0.0, 0.05656549868620876, 0.1415123366655704, 0.0, 0.0)",1
9114,38,2,13,"(0.0, 0.040131346569338554, 0.023035932332134326, 0.0, 0.00970885425506607, 0.022173256981297827, 0.0, 0.0, 0.01089208668844536, 0.00476393156717078)",1
9115,38,2,13,"(0.0, 0.02461978404713738, 0.023035932332134326, 0.0, 0.00970885425506607, 0.011651867200625419, 0.0, 0.0, 0.007307502973205498, 0.00476393156717078)",1
9116,38,2,13,"(0.0, 0.02461978404713738, 0.023035932332134326, 0.0, 0.01148664209050937, 0.022173256981297827, 0.0, 0.0, 0.01089208668844536, 0.00476393156717078)",1
9117,38,2,13,"(0.0, 0.02461978404713738, 0.034055864572517434, 0.0, 0.00970885425506607, 0.022173256981297827, 0.0, 0.0, 0.010818238515678166, 0.00476393156717078)",1
9118,38,2,13,"(0.0, 0.02461978404713738, 0.023035932332134326, 0.0, 0.00970885425506607, 0.016774587912793223, 0.0, 0.0, 0.01089208668844536, 0.004167772150185491)",1
9119,38,2,13,"(0.0, 0.021674937442419686, 0.01523990695952619, 0.0, 0.00970885425506607, 0.022173256981297827, 0.0, 0.0, 0.01089208668844536, 0.00476393156717078)",3
9120,38,2,13,"(0.0, 0.02461978404713738, 0.023035932332134326, 0.0, 0.00970885425506607, 0.022173256981297827, 0.0, 0.0, 0.01089208668844536, 0.00476393156717078)",199
9121,38,3,13,"(0.0, 0.02461978404713738, 0.023035932332134326, 0.0, 0.01810411441758469, 0.022173256981297827, 0.0, 0.0, 0.0059325081743719235, 0.0024406349647482155)",2
9122,38,3,13,"(0.0, 0.02461978404713738, 0.023035932332134326, 0.0, 0.01810411441758469, 0.014930359698186292, 0.0, 0.0, 0.01089208668844536, 0.0024406349647482155)",1
9123,38,3,13,"(0.0, 0.02461978404713738, 0.023035932332134326, 0.0, 0.01810411441758469, 0.022173256981297827, 0.0, 0.0, 0.008062979341786587, 0.0024406349647482155)",1
9124,38,3,13,"(0.0, 0.02461978404713738, 0.023035932332134326, 0.0, 0.013397120020122293, 0.022173256981297827, 0.0, 0.0, 0.021652616259108783, 0.0024406349647482155)",2
9125,38,3,13,"(0.0, 0.02461978404713738, 0.023035932332134326, 0.0, 0.014999678300855366, 0.022173256981297827, 0.0, 0.0, 0.01089208668844536, 0.0024406349647482155)",1
9126,38,3,13,"(0.0, 0.02461978404713738, 0.023035932332134326, 0.0, 0.01810411441758469, 0.022173256981297827, 0.0, 0.0, 0.008549783733357425, 0.0024406349647482155)",2
9127,38,3,13,"(0.0, 0.02461978404713738, 0.023035932332134326, 0.0, 0.01810411441758469, 0.025497004729549494, 0.0, 0.0, 0.010353978469501968, 0.002661773565780091)",1
9128,38,3,13,"(0.0, 0.02482576099458659, 0.023035932332134326, 0.0, 0.01810411441758469, 0.019065614704045053, 0.0, 0.0, 0.011525747371883147, 0.0024406349647482155)",1
9129,38,3,13,"(0.0, 0.02461978404713738, 0.023035932332134326, 0.0, 0.013397120020122293, 0.022173256981297827, 0.0, 0.0, 0.01089208668844536, 0.0024406349647482155)",13
9130,38,3,13,"(0.0, 0.02461978404713738, 0.023035932332134326, 0.0, 0.01810411441758469, 0.015147084518432658, 0.0, 0.0, 0.01089208668844536, 0.0024406349647482155)",1
9131,38,3,13,"(0.0, 0.02461978404713738, 0.023035932332134326, 0.0, 0.01810411441758469, 0.022173256981297827, 0.0, 0.0, 0.01089208668844536, 0.0024406349647482155)",258
9132,38,3,13,"(0.0, 0.02461978404713738, 0.023035932332134326, 0.0, 0.01810411441758469, 0.03701185106280175, 0.0, 0.0, 0.01089208668844536, 0.0024406349647482155)",1
9133,38,4,11,"(0.0, 0.0, 0.09864539577037362, 0.018403001540821546, 0.0, 0.030645849071221472, 0.08153022673827125, 0.07240876560513207, 0.026121609841380632, 0.0)",1
9134,38,4,11,"(0.0, 0.0, 0.07512510068200386, 0.01650583712158267, 0.0, 0.030645849071221472, 0.08153022673827125, 0.07240876560513207, 0.026121609841380632, 0.0)",46
9135,38,4,11,"(0.0, 0.0, 0.09864539577037362, 0.01650583712158267, 0.0, 0.030645849071221472, 0.08153022673827125, 0.07240876560513207, 0.019634485604550393, 0.0)",17
9136,38,4,11,"(0.0, 0.0, 0.09864539577037362, 0.01650583712158267, 0.0, 0.030645849071221472, 0.08153022673827125, 0.07240876560513207, 0.05074514344881729, 0.0)",1
9137,38,4,11,"(0.0, 0.0, 0.09864539577037362, 0.01650583712158267, 0.0, 0.030645849071221472, 0.08153022673827125, 0.07240876560513207, 0.026121609841380632, 0.0)",467
9138,38,4,11,"(0.0, 0.0, 0.09864539577037362, 0.01650583712158267, 0.0, 0.030645849071221472, 0.05923012339062888, 0.07240876560513207, 0.026121609841380632, 0.0)",1
9139,38,4,11,"(0.0, 0.0, 0.05650508140875591, 0.01650583712158267, 0.0, 0.030645849071221472, 0.08153022673827125, 0.07240876560513207, 0.026121609841380632, 0.0)",3
9140,38,4,11,"(0.0, 0.0, 0.09864539577037362, 0.01650583712158267, 0.0, 0.030645849071221472, 0.08153022673827125, 0.06462912833961455, 0.026121609841380632, 0.0)",1
9141,38,5,0,"(0.0402479284341202, 0.0, 0.0, 0.0, 0.0, 0.038664151314593, 0.08380840797570269, 0.06261049614614052, 0.0, 0.0)",90
9142,38,5,0,"(0.17829997704990852, 0.0, 0.0, 0.0, 0.0, 0.038664151314593, 0.08380840797570269, 0.06261049614614052, 0.0, 0.0)",1
9143,38,5,0,"(0.12352974491755873, 0.0, 0.0, 0.0, 0.0, 0.038664151314593, 0.08380840797570269, 0.06261049614614052, 0.0, 0.0)",48
9144,38,5,0,"(0.0827196326519236, 0.0, 0.0, 0.0, 0.0, 0.038664151314593, 0.06278742641916422, 0.06261049614614052, 0.0, 0.0)",1
9145,38,5,0,"(0.07400250769571483, 0.0, 0.0, 0.0, 0.0, 0.038664151314593, 0.08380840797570269, 0.06261049614614052, 0.0, 0.0)",137
9146,38,5,0,"(0.07108561430908505, 0.0, 0.0, 0.0, 0.0, 0.038664151314593, 0.08380840797570269, 0.06261049614614052, 0.0, 0.0)",1
9147,38,5,6,"(0.03426039533065134, 0.011572197494497125, 0.0, 0.030181603934096246, 0.005422768956954101, 0.0, 0.019795240631728064, 0.0, 0.028146417112716555, 0.13656981552856304)",1
9148,38,5,6,"(0.03871757944098268, 0.011572197494497125, 0.0, 0.030181603934096246, 0.005422768956954101, 0.0, 0.019795240631728064, 0.0, 0.028146417112716555, 0.05874522297052942)",1
9149,38,5,6,"(0.04412873253776322, 0.011572197494497125, 0.0, 0.030181603934096246, 0.005422768956954101, 0.0, 0.019795240631728064, 0.0, 0.028146417112716555, 0.029990995169175996)",4
9150,38,5,6,"(0.03426039533065134, 0.011572197494497125, 0.0, 0.030181603934096246, 0.005422768956954101, 0.0, 0.019795240631728064, 0.0, 0.028146417112716555, 0.05874522297052942)",271
9151,38,5,6,"(0.03426039533065134, 0.011572197494497125, 0.0, 0.030181603934096246, 0.005422768956954101, 0.0, 0.01707137484540294, 0.0, 0.028146417112716555, 0.05874522297052942)",2
9152,38,5,6,"(0.03426039533065134, 0.011572197494497125, 0.0, 0.04205728249652345, 0.005422768956954101, 0.0, 0.019795240631728064, 0.0, 0.017465014518719894, 0.03314467872514434)",1
9153,38,6,0,"(0.06234213132962305, 0.0, 0.0, 0.0, 0.0, 0.017098731129875016, 0.07011830437097326, 0.0691048466035698, 0.0, 0.0)",195
9154,38,6,0,"(0.06234213132962305, 0.0, 0.0, 0.0, 0.0, 0.017098731129875016, 0.020868698968624522, 0.0691048466035698, 0.0, 0.0)",4
9155,38,6,0,"(0.07400250769571483, 0.0, 0.0, 0.0, 0.0, 0.017098731129875016, 0.08380840797570269, 0.0691048466035698, 0.0, 0.0)",31
9156,38,7,13,"(0.0, 0.05154836549635976, 0.023035932332134326, 0.0, 0.022499268372546437, 0.012839019484062256, 0.0, 0.0, 0.01089208668844536, 0.00476393156717078)",1
9157,38,7,13,"(0.0, 0.02461978404713738, 0.023035932332134326, 0.0, 0.01810411441758469, 0.022173256981297827, 0.0, 0.0, 0.01089208668844536, 0.005978686899006334)",1
9158,38,7,13,"(0.0, 0.023483558449088778, 0.023035932332134326, 0.0, 0.01810411441758469, 0.022173256981297827, 0.0, 0.0, 0.01089208668844536, 0.00476393156717078)",2
9159,38,7,13,"(0.0, 0.02461978404713738, 0.023035932332134326, 0.0, 0.01810411441758469, 0.022173256981297827, 0.0, 0.0, 0.027260058741927082, 0.00476393156717078)",8
9160,38,7,13,"(0.0, 0.02461978404713738, 0.023035932332134326, 0.0, 0.01810411441758469, 0.014670712714677339, 0.0, 0.0, 0.01089208668844536, 0.00476393156717078)",1
9161,38,7,13,"(0.0, 0.02461978404713738, 0.023035932332134326, 0.0, 0.011911469400735425, 0.022173256981297827, 0.0, 0.0, 0.01089208668844536, 0.00476393156717078)",2
9162,38,7,13,"(0.0, 0.02461978404713738, 0.023035932332134326, 0.0, 0.01810411441758469, 0.022173256981297827, 0.0, 0.0, 0.01089208668844536, 0.00476393156717078)",266
9163,38,7,13,"(0.0, 0.02461978404713738, 0.023035932332134326, 0.0, 0.01810411441758469, 0.022173256981297827, 0.0, 0.0, 0.01089208668844536, 0.0021999150624610335)",1
9164,38,8,11,"(0.0, 0.0, 0.09864539577037362, 0.02150422363422624, 0.0, 0.030645849071221472, 0.24664088288586558, 0.0734800518141286, 0.026121609841380632, 0.0)",4
9165,38,8,11,"(0.0, 0.0, 0.09864539577037362, 0.02150422363422624, 0.0, 0.056688489515202355, 0.16773790467281977, 0.0386197297757742, 0.026121609841380632, 0.0)",1
9166,38,8,11,"(0.0, 0.0, 0.09864539577037362, 0.02150422363422624, 0.0, 0.030645849071221472, 0.12139866452332651, 0.0386197297757742, 0.026121609841380632, 0.0)",2
9167,38,8,11,"(0.0, 0.0, 0.06043277576175822, 0.02150422363422624, 0.0, 0.030645849071221472, 0.16773790467281977, 0.0386197297757742, 0.026121609841380632, 0.0)",2
9168,38,8,11,"(0.0, 0.0, 0.09864539577037362, 0.02150422363422624, 0.0, 0.013541319124144822, 0.16773790467281977, 0.0386197297757742, 0.026121609841380632, 0.0)",1
9169,38,8,11,"(0.0, 0.0, 0.09864539577037362, 0.02150422363422624, 0.0, 0.030645849071221472, 0.16773790467281977, 0.0386197297757742, 0.01940580591325586, 0.0)",8
9170,38,8,11,"(0.0, 0.0, 0.09864539577037362, 0.0166193459821632, 0.0, 0.030645849071221472, 0.16773790467281977, 0.0386197297757742, 0.026121609841380632, 0.0)",8
9171,38,8,11,"(0.0, 0.0, 0.09864539577037362, 0.02150422363422624, 0.0, 0.030645849071221472, 0.16773790467281977, 0.0386197297757742, 0.026121609841380632, 0.0)",551
9172,38,8,11,"(0.0, 0.0, 0.09864539577037362, 0.031612628390715394, 0.0, 0.030645849071221472, 0.16773790467281977, 0.0386197297757742, 0.026121609841380632, 0.0)",1
9173,38,8,11,"(0.0, 0.0, 0.09864539577037362, 0.02150422363422624, 0.0, 0.030645849071221472, 0.16773790467281977, 0.0464762286049889, 0.026121609841380632, 0.0)",1
9174,38,8,11,"(0.0, 0.0, 0.09864539577037362, 0.02150422363422624, 0.0, 0.030645849071221472, 0.14464784082455004, 0.0386197297757742, 0.026121609841380632, 0.0)",3
9175,38,8,11,"(0.0, 0.0, 0.09864539577037362, 0.02150422363422624, 0.0, 0.030645849071221472, 0.16773790467281977, 0.0386197297757742, 0.024792517439561835, 0.0)",2
9176,38,8,11,"(0.0, 0.0, 0.09864539577037362, 0.02619579924214648, 0.0, 0.030645849071221472, 0.16773790467281977, 0.0386197297757742, 0.026121609841380632, 0.0)",1
9177,38,9,11,"(0.0, 0.0, 0.11755819882518005, 0.01650583712158267, 0.0, 0.02375279233445006, 0.1254348761332085, 0.08379312303576746, 0.026121609841380632, 0.0)",1
9178,38,9,11,"(0.0, 0.0, 0.09864539577037362, 0.013495688825318158, 0.0, 0.030645849071221472, 0.16243652964526273, 0.08028238650273146, 0.026121609841380632, 0.0)",4
9179,38,9,11,"(0.0, 0.0, 0.11755819882518005, 0.01650583712158267, 0.0, 0.033162865632567345, 0.1254348761332085, 0.08028238650273146, 0.026121609841380632, 0.0)",1
9180,38,9,11,"(0.0, 0.0, 0.11755819882518005, 0.008824630923786946, 0.0, 0.02573269792285494, 0.16773790467281977, 0.08028238650273146, 0.026121609841380632, 0.0)",3
9181,38,9,11,"(0.0, 0.0, 0.11755819882518005, 0.008824630923786946, 0.0, 0.02375279233445006, 0.16773790467281977, 0.08028238650273146, 0.026121609841380632, 0.0)",86
9182,38,9,11,"(0.0, 0.0, 0.16217477169714525, 0.01650583712158267, 0.0, 0.024069856651813295, 0.16773790467281977, 0.028644992184185758, 0.042755324982305734, 0.0)",1
9183,38,9,11,"(0.0, 0.0, 0.16217477169714525, 0.01650583712158267, 0.0, 0.02375279233445006, 0.16773790467281977, 0.028644992184185758, 0.042755324982305734, 0.0)",35
9184,38,9,11,"(0.0, 0.0, 0.08885748940687964, 0.01650583712158267, 0.0, 0.02375279233445006, 0.16773790467281977, 0.028644992184185758, 0.042755324982305734, 0.0)",3
9185,38,9,11,"(0.0, 0.0, 0.11755819882518005, 0.01650583712158267, 0.0, 0.02375279233445006, 0.16773790467281977, 0.061695345546580224, 0.026121609841380632, 0.0)",15
9186,38,9,11,"(0.0, 0.0, 0.11755819882518005, 0.01650583712158267, 0.0, 0.02375279233445006, 0.1254348761332085, 0.08028238650273146, 0.026121609841380632, 0.0)",406
9187,38,9,11,"(0.0, 0.0, 0.09864539577037362, 0.01650583712158267, 0.0, 0.030645849071221472, 0.16243652964526273, 0.08028238650273146, 0.026121609841380632, 0.0)",12
9188,38,10,13,"(0.0, 0.023444659703276027, 0.023035932332134326, 0.0, 0.013634957554663586, 0.022173256981297827, 0.0, 0.0, 0.01089208668844536, 0.00476393156717078)",18
9189,38,10,13,"(0.0, 0.02461978404713738, 0.023035932332134326, 0.0, 0.01810411441758469, 0.018327253906796452, 0.0, 0.0, 0.01089208668844536, 0.00476393156717078)",8
9190,38,10,13,"(0.0, 0.02461978404713738, 0.023035932332134326, 0.0, 0.023316714170486395, 0.022173256981297827, 0.0, 0.0, 0.01089208668844536, 0.00476393156717078)",6
9191,38,10,13,"(0.0, 0.02461978404713738, 0.023035932332134326, 0.0, 0.01855517820899038, 0.022173256981297827, 0.0, 0.0, 0.007555791521566372, 0.0040266481416668075)",1
9192,38,10,13,"(0.0, 0.023444659703276027, 0.023035932332134326, 0.0, 0.01810411441758469, 0.022173256981297827, 0.0, 0.0, 0.01089208668844536, 0.00476393156717078)",8
9193,38,10,13,"(0.0, 0.02461978404713738, 0.023035932332134326, 0.0, 0.009775501754711353, 0.022173256981297827, 0.0, 0.0, 0.01089208668844536, 0.00476393156717078)",1
9194,38,10,13,"(0.0, 0.02461978404713738, 0.025156299990977765, 0.0, 0.01810411441758469, 0.022173256981297827, 0.0, 0.0, 0.01089208668844536, 0.00476393156717078)",1
9195,38,10,13,"(0.0, 0.02461978404713738, 0.023035932332134326, 0.0, 0.01810411441758469, 0.022173256981297827, 0.0, 0.0, 0.01089208668844536, 0.00476393156717078)",137
9196,38,10,13,"(0.0, 0.02461978404713738, 0.022096300053100537, 0.0, 0.01810411441758469, 0.022173256981297827, 0.0, 0.0, 0.01089208668844536, 0.00476393156717078)",22
9197,38,10,13,"(0.0, 0.02461978404713738, 0.023035932332134326, 0.0, 0.023316714170486395, 0.022173256981297827, 0.0, 0.0, 0.0039016963448289524, 0.00476393156717078)",1
9198,38,11,13,"(0.0, 0.02461978404713738, 0.023035932332134326, 0.0, 0.01810411441758469, 0.022173256981297827, 0.0, 0.0, 0.01089208668844536, 0.004354738819207785)",2
9199,38,11,13,"(0.0, 0.028237826151632617, 0.023035932332134326, 0.0, 0.01810411441758469, 0.022173256981297827, 0.0, 0.0, 0.01089208668844536, 0.0017910972648549606)",1
9200,38,11,13,"(0.0, 0.01978291699798787, 0.023035932332134326, 0.0, 0.01810411441758469, 0.0453685947312134, 0.0, 0.0, 0.006402787607047516, 0.0036872173179800785)",1
9201,38,11,13,"(0.0, 0.02461978404713738, 0.023252595024356282, 0.0, 0.01810411441758469, 0.022173256981297827, 0.0, 0.0, 0.01089208668844536, 0.0036872173179800785)",1
9202,38,11,13,"(0.0, 0.02461978404713738, 0.023035932332134326, 0.0, 0.01810411441758469, 0.022173256981297827, 0.0, 0.0, 0.01089208668844536, 0.0036872173179800785)",187
9203,38,11,13,"(0.0, 0.02461978404713738, 0.02289663168051085, 0.0, 0.01810411441758469, 0.022173256981297827, 0.0, 0.0, 0.01089208668844536, 0.0036872173179800785)",1
9204,38,11,13,"(0.0, 0.02461978404713738, 0.023035932332134326, 0.0, 0.01810411441758469, 0.022173256981297827, 0.0, 0.0, 0.01089208668844536, 0.0020006874755365742)",1
9205,38,11,13,"(0.0, 0.02461978404713738, 0.023035932332134326, 0.0, 0.01810411441758469, 0.022173256981297827, 0.0, 0.0, 0.01089208668844536, 0.00476393156717078)",133
9206,38,11,13,"(0.0, 0.03280258345458099, 0.023035932332134326, 0.0, 0.01810411441758469, 0.0453685947312134, 0.0, 0.0, 0.01089208668844536, 0.0036872173179800785)",2
9207,38,11,13,"(0.0, 0.02461978404713738, 0.023035932332134326, 0.0, 0.01810411441758469, 0.022173256981297827, 0.0, 0.0, 0.01089208668844536, 0.0034183661226660153)",13
9208,38,11,13,"(0.0, 0.02461978404713738, 0.023035932332134326, 0.0, 0.01810411441758469, 0.022173256981297827, 0.0, 0.0, 0.039294754117680415, 0.0036872173179800785)",3
9209,38,11,13,"(0.0, 0.02461978404713738, 0.023035932332134326, 0.0, 0.01810411441758469, 0.020319395057950423, 0.0, 0.0, 0.015637152422909313, 0.0042713755709738906)",1
9210,38,12,8,"(0.3417219425623654, 0.046525949225991035, 0.0, 0.0, 0.04573034632799446, 0.0, 0.08319516954615302, 0.1116381245929446, 0.0, 0.0)",3
9211,38,12,8,"(0.19235562551390653, 0.046525949225991035, 0.0, 0.0, 0.04573034632799446, 0.0, 0.08319516954615302, 0.1116381245929446, 0.0, 0.0)",283
9212,38,12,8,"(0.19235562551390653, 0.046525949225991035, 0.0, 0.0, 0.04573034632799446, 0.0, 0.12728258931881395, 0.1116381245929446, 0.0, 0.0)",1
9213,38,12,8,"(0.19235562551390653, 0.046525949225991035, 0.0, 0.0, 0.04573034632799446, 0.0, 0.07914185863423004, 0.1116381245929446, 0.0, 0.0)",1
9214,38,12,8,"(0.12105139871832835, 0.046525949225991035, 0.0, 0.0, 0.04573034632799446, 0.0, 0.08319516954615302, 0.1116381245929446, 0.0, 0.0)",1
9215,38,12,8,"(0.12445253873697427, 0.046525949225991035, 0.0, 0.0, 0.04573034632799446, 0.0, 0.08319516954615302, 0.1116381245929446, 0.0, 0.0)",1
9216,38,12,8,"(0.19235562551390653, 0.046525949225991035, 0.0, 0.0, 0.04573034632799446, 0.0, 0.08319516954615302, 0.09297609274555693, 0.0, 0.0)",8
9217,38,12,8,"(0.19235562551390653, 0.046525949225991035, 0.0, 0.0, 0.04573034632799446, 0.0, 0.08319516954615302, 0.1119510599843725, 0.0, 0.0)",6
9218,38,12,10,"(0.03550653097490399, 0.06927916245295945, 0.09682940930282144, 0.0017773360538905325, 0.0, 0.06291875767155253, 0.0, 0.10994488928074131, 0.0, 0.0)",188
9219,38,12,10,"(0.03550653097490399, 0.0677230319341988, 0.09682940930282144, 0.0017773360538905325, 0.0, 0.06291875767155253, 0.0, 0.10994488928074131, 0.0, 0.0)",1
9220,38,12,10,"(0.022384570735347664, 0.06927916245295945, 0.09682940930282144, 0.0017773360538905325, 0.0, 0.06291875767155253, 0.0, 0.07710594260432355, 0.0, 0.0)",43
9221,38,12,10,"(0.022384570735347664, 0.07926366865676786, 0.09682940930282144, 0.0017773360538905325, 0.0, 0.03194084541941774, 0.0, 0.07710594260432355, 0.0, 0.0)",1
9222,38,12,10,"(0.03550653097490399, 0.08043476071316316, 0.09682940930282144, 0.0017773360538905325, 0.0, 0.06291875767155253, 0.0, 0.10994488928074131, 0.0, 0.0)",1
9223,38,12,10,"(0.03550653097490399, 0.05141894786170202, 0.05338392147331602, 0.0017773360538905325, 0.0, 0.06291875767155253, 0.0, 0.10994488928074131, 0.0, 0.0)",2
9224,38,13,6,"(0.03426039533065134, 0.011572197494497125, 0.0, 0.030181603934096246, 0.005422768956954101, 0.0, 0.0330919452995097, 0.0, 0.028146417112716555, 0.05874522297052942)",1
9225,38,13,6,"(0.03426039533065134, 0.011572197494497125, 0.0, 0.030181603934096246, 0.005422768956954101, 0.0, 0.019795240631728064, 0.0, 0.016209741115842353, 0.05874522297052942)",4
9226,38,13,6,"(0.03426039533065134, 0.011572197494497125, 0.0, 0.030181603934096246, 0.005422768956954101, 0.0, 0.019795240631728064, 0.0, 0.028146417112716555, 0.05874522297052942)",134
9227,38,13,6,"(0.03426039533065134, 0.009739069454994063, 0.0, 0.030181603934096246, 0.005422768956954101, 0.0, 0.011974787715581926, 0.0, 0.028146417112716555, 0.05874522297052942)",16
9228,38,14,11,"(0.0, 0.0, 0.07563427679391872, 0.016198035454581573, 0.0, 0.030645849071221472, 0.24901055039315287, 0.046237642847009, 0.026121609841380632, 0.0)",21
9229,38,14,11,"(0.0, 0.0, 0.07563427679391872, 0.01650583712158267, 0.0, 0.030645849071221472, 0.16773790467281977, 0.046237642847009, 0.026121609841380632, 0.0)",277
9230,38,14,11,"(0.0, 0.0, 0.055258578105196306, 0.01650583712158267, 0.0, 0.030645849071221472, 0.2076348536415759, 0.046237642847009, 0.026121609841380632, 0.0)",1
9231,38,14,11,"(0.0, 0.0, 0.07563427679391872, 0.031962377810017845, 0.0, 0.030645849071221472, 0.16773790467281977, 0.046237642847009, 0.026121609841380632, 0.0)",1
9232,38,14,11,"(0.0, 0.0, 0.07563427679391872, 0.022998735282850673, 0.0, 0.030645849071221472, 0.16773790467281977, 0.046237642847009, 0.026121609841380632, 0.0)",2
9233,38,14,11,"(0.0, 0.0, 0.07563427679391872, 0.01650583712158267, 0.0, 0.031630672380710934, 0.16773790467281977, 0.046237642847009, 0.026121609841380632, 0.0)",1
9234,38,14,11,"(0.0, 0.0, 0.07563427679391872, 0.01650583712158267, 0.0, 0.04117065971149317, 0.16773790467281977, 0.046237642847009, 0.026121609841380632, 0.0)",2
9235,38,14,11,"(0.0, 0.0, 0.07563427679391872, 0.01650583712158267, 0.0, 0.046530836841182054, 0.16773790467281977, 0.046237642847009, 0.026121609841380632, 0.0)",1
9236,38,14,11,"(0.0, 0.0, 0.07563427679391872, 0.016198035454581573, 0.0, 0.030645849071221472, 0.24901055039315287, 0.04689603231910047, 0.0338788105120094, 0.0)",3
9237,38,14,11,"(0.0, 0.0, 0.026780822529827438, 0.01650583712158267, 0.0, 0.02810299248544119, 0.19927341918904473, 0.046237642847009, 0.026121609841380632, 0.0)",1
9238,38,14,13,"(0.0, 0.02461978404713738, 0.023035932332134326, 0.0, 0.018657788436086432, 0.022173256981297827, 0.0, 0.0, 0.01089208668844536, 0.00476393156717078)",1
9239,38,14,13,"(0.0, 0.02461978404713738, 0.023035932332134326, 0.0, 0.01810411441758469, 0.021183012658236786, 0.0, 0.0, 0.01089208668844536, 0.005559794050498379)",1
9240,38,14,13,"(0.0, 0.02804231369216471, 0.023035932332134326, 0.0, 0.0211370610964871, 0.018973938415862354, 0.0, 0.0, 0.01089208668844536, 0.00476393156717078)",1
9241,38,14,13,"(0.0, 0.021423194238546907, 0.018272050395880708, 0.0, 0.01810411441758469, 0.022173256981297827, 0.0, 0.0, 0.008243628966280307, 0.00476393156717078)",29
9242,38,14,13,"(0.0, 0.02461978404713738, 0.023035932332134326, 0.0, 0.01810411441758469, 0.022173256981297827, 0.0, 0.0, 0.01089208668844536, 0.00476393156717078)",257
9243,38,14,13,"(0.0, 0.021423194238546907, 0.023035932332134326, 0.0, 0.01810411441758469, 0.022173256981297827, 0.0, 0.0, 0.01089208668844536, 0.00476393156717078)",13
9244,38,14,13,"(0.0, 0.02461978404713738, 0.023035932332134326, 0.0, 0.01632890657973015, 0.022173256981297827, 0.0, 0.0, 0.01089208668844536, 0.00476393156717078)",6
9245,38,14,13,"(0.0, 0.02461978404713738, 0.023035932332134326, 0.0, 0.02020494215906578, 0.03221314792264086, 0.0, 0.0, 0.01089208668844536, 0.00476393156717078)",3
9246,38,15,11,"(0.0, 0.0, 0.11839367174953695, 0.018046477180063636, 0.0, 0.030645849071221472, 0.16773790467281977, 0.0404147798164449, 0.026121609841380632, 0.0)",1
9247,38,15,11,"(0.0, 0.0, 0.11839367174953695, 0.01650583712158267, 0.0, 0.030645849071221472, 0.2126336116812773, 0.0737226278145175, 0.026121609841380632, 0.0)",1
9248,38,15,11,"(0.0, 0.0, 0.11839367174953695, 0.01650583712158267, 0.0, 0.02586424832812492, 0.16773790467281977, 0.0404147798164449, 0.026121609841380632, 0.0)",2
9249,38,15,11,"(0.0, 0.0, 0.11839367174953695, 0.01650583712158267, 0.0, 0.030645849071221472, 0.16773790467281977, 0.037086583271852526, 0.02705852871087693, 0.0)",1
9250,38,15,11,"(0.0, 0.0, 0.19277651005117777, 0.013387433968906844, 0.0, 0.030645849071221472, 0.16773790467281977, 0.0404147798164449, 0.026121609841380632, 0.0)",3
9251,38,15,11,"(0.0, 0.0, 0.11839367174953695, 0.01650583712158267, 0.0, 0.020355830679555063, 0.2768941884355635, 0.0404147798164449, 0.026121609841380632, 0.0)",2
9252,38,15,11,"(0.0, 0.0, 0.11839367174953695, 0.01650583712158267, 0.0, 0.020355830679555063, 0.16773790467281977, 0.07438744954604665, 0.026121609841380632, 0.0)",4
9253,38,15,11,"(0.0, 0.0, 0.11839367174953695, 0.01650583712158267, 0.0, 0.030645849071221472, 0.16773790467281977, 0.01980689022879842, 0.026121609841380632, 0.0)",1
9254,38,15,11,"(0.0, 0.0, 0.11839367174953695, 0.01650583712158267, 0.0, 0.030645849071221472, 0.16773790467281977, 0.0404147798164449, 0.03222647384348782, 0.0)",4
9255,38,15,11,"(0.0, 0.0, 0.11839367174953695, 0.01650583712158267, 0.0, 0.030645849071221472, 0.16773790467281977, 0.0404147798164449, 0.026121609841380632, 0.0)",512
9256,38,15,11,"(0.0, 0.0, 0.11839367174953695, 0.01650583712158267, 0.0, 0.020355830679555063, 0.16773790467281977, 0.0404147798164449, 0.026121609841380632, 0.0)",81
9257,38,15,11,"(0.0, 0.0, 0.11839367174953695, 0.017788012488273334, 0.0, 0.030645849071221472, 0.0968593589645888, 0.0404147798164449, 0.026121609841380632, 0.0)",2
9258,38,15,11,"(0.0, 0.0, 0.11839367174953695, 0.017788012488273334, 0.0, 0.030645849071221472, 0.16773790467281977, 0.0404147798164449, 0.026121609841380632, 0.0)",16
9259,38,15,11,"(0.0, 0.0, 0.11839367174953695, 0.01650583712158267, 0.0, 0.014998712273746813, 0.16773790467281977, 0.0404147798164449, 0.026121609841380632, 0.0)",1
9260,38,16,1,"(0.0, 0.0, 0.028965103215873405, 0.0, 0.0, 0.0199117526153351, 0.0, 0.0, 0.0, 0.047529216575968564)",7
9261,38,16,1,"(0.0, 0.0, 0.026887380536550362, 0.0, 0.0, 0.0199117526153351, 0.0, 0.0, 0.0, 0.047529216575968564)",1
9262,38,16,1,"(0.0, 0.0, 0.041406372128065916, 0.0, 0.0, 0.0199117526153351, 0.0, 0.0, 0.0, 0.04706234398684888)",4
9263,38,16,1,"(0.0, 0.0, 0.041406372128065916, 0.0, 0.0, 0.0199117526153351, 0.0, 0.0, 0.0, 0.053079885168575563)",183
9264,38,16,1,"(0.0, 0.0, 0.041406372128065916, 0.0, 0.0, 0.02341544747474379, 0.0, 0.0, 0.0, 0.047529216575968564)",1
9265,38,16,1,"(0.0, 0.0, 0.041406372128065916, 0.0, 0.0, 0.0199117526153351, 0.0, 0.0, 0.0, 0.04945152292020782)",2
9266,38,16,1,"(0.0, 0.0, 0.041406372128065916, 0.0, 0.0, 0.0199117526153351, 0.0, 0.0, 0.0, 0.03360472229213418)",3
9267,38,16,1,"(0.0, 0.0, 0.04211612584291577, 0.0, 0.0, 0.0199117526153351, 0.0, 0.0, 0.0, 0.032542788520896905)",1
9268,38,16,1,"(0.0, 0.0, 0.041406372128065916, 0.0, 0.0, 0.022962213713037118, 0.0, 0.0, 0.0, 0.024930476096799676)",2
9269,38,16,1,"(0.0, 0.0, 0.041406372128065916, 0.0, 0.0, 0.012398518461146405, 0.0, 0.0, 0.0, 0.05663515675717367)",7
9270,38,16,1,"(0.0, 0.0, 0.041406372128065916, 0.0, 0.0, 0.01892606304236061, 0.0, 0.0, 0.0, 0.047529216575968564)",1
9271,38,16,1,"(0.0, 0.0, 0.03685630278669617, 0.0, 0.0, 0.0199117526153351, 0.0, 0.0, 0.0, 0.04694544518726958)",3
9272,38,16,1,"(0.0, 0.0, 0.041406372128065916, 0.0, 0.0, 0.0199117526153351, 0.0, 0.0, 0.0, 0.016716507367718732)",1
9273,38,16,1,"(0.0, 0.0, 0.041406372128065916, 0.0, 0.0, 0.0199117526153351, 0.0, 0.0, 0.0, 0.047529216575968564)",545
9274,38,16,1,"(0.0, 0.0, 0.041406372128065916, 0.0, 0.0, 0.0199117526153351, 0.0, 0.0, 0.0, 0.08108998981151394)",1
9275,38,16,8,"(0.16507889091742442, 0.046525949225991035, 0.0, 0.0, 0.07022106556493442, 0.0, 0.060701614823567854, 0.1116381245929446, 0.0, 0.0)",236
9276,38,16,8,"(0.16507889091742442, 0.046525949225991035, 0.0, 0.0, 0.07022106556493442, 0.0, 0.060701614823567854, 0.17719053431381143, 0.0, 0.0)",7
9277,38,16,8,"(0.16507889091742442, 0.06724616722062716, 0.0, 0.0, 0.07022106556493442, 0.0, 0.060701614823567854, 0.19127773049737876, 0.0, 0.0)",1
9278,38,17,1,"(0.0, 0.0, 0.10922905711608999, 0.0, 0.0, 0.030018978917809972, 0.0, 0.0, 0.0, 0.0910060267578522)",272
9279,38,17,1,"(0.0, 0.0, 0.0857759232613013, 0.0, 0.0, 0.022640784901484766, 0.0, 0.0, 0.0, 0.056475000065246056)",1
9280,38,17,1,"(0.0, 0.0, 0.10650950881622333, 0.0, 0.0, 0.022640784901484766, 0.0, 0.0, 0.0, 0.06277124863789625)",1
9281,38,17,1,"(0.0, 0.0, 0.10650950881622333, 0.0, 0.0, 0.010719735460014715, 0.0, 0.0, 0.0, 0.04557123282186749)",4
9282,38,17,1,"(0.0, 0.0, 0.10922905711608999, 0.0, 0.0, 0.030018978917809972, 0.0, 0.0, 0.0, 0.07294890395057602)",1
9283,38,17,1,"(0.0, 0.0, 0.10650950881622333, 0.0, 0.0, 0.022640784901484766, 0.0, 0.0, 0.0, 0.04557123282186749)",423
9284,38,17,1,"(0.0, 0.0, 0.10650950881622333, 0.0, 0.0, 0.012959245454249028, 0.0, 0.0, 0.0, 0.04557123282186749)",1
9285,38,17,1,"(0.0, 0.0, 0.10582008586558735, 0.0, 0.0, 0.030018978917809972, 0.0, 0.0, 0.0, 0.0910060267578522)",2
9286,38,17,1,"(0.0, 0.0, 0.10650950881622333, 0.0, 0.0, 0.012208132994632134, 0.0, 0.0, 0.0, 0.023951169076239728)",3
9287,38,17,1,"(0.0, 0.0, 0.10650950881622333, 0.0, 0.0, 0.024058903065616928, 0.0, 0.0, 0.0, 0.04557123282186749)",11
9288,38,17,8,"(0.10294337677241405, 0.04632028014141928, 0.0, 0.0, 0.07022106556493442, 0.0, 0.07411073730799889, 0.1116381245929446, 0.0, 0.0)",20
9289,38,17,8,"(0.07636429273745995, 0.04632028014141928, 0.0, 0.0, 0.07022106556493442, 0.0, 0.08319516954615302, 0.1116381245929446, 0.0, 0.0)",4
9290,38,17,8,"(0.10294337677241405, 0.10103082343488178, 0.0, 0.0, 0.07022106556493442, 0.0, 0.08319516954615302, 0.1116381245929446, 0.0, 0.0)",1
9291,38,17,8,"(0.10294337677241405, 0.04632028014141928, 0.0, 0.0, 0.07022106556493442, 0.0, 0.08319516954615302, 0.1116381245929446, 0.0, 0.0)",258
9292,38,17,8,"(0.10294337677241405, 0.03687592604206976, 0.0, 0.0, 0.11203306405247787, 0.0, 0.08319516954615302, 0.1116381245929446, 0.0, 0.0)",1
9293,38,18,10,"(0.07734904686468291, 0.06927916245295945, 0.09682940930282144, 0.0017773360538905325, 0.0, 0.06291875767155253, 0.0, 0.10994488928074131, 0.0, 0.0)",138
9294,38,18,10,"(0.07734904686468291, 0.07915117175765661, 0.08372522720336951, 0.0017773360538905325, 0.0, 0.06291875767155253, 0.0, 0.10994488928074131, 0.0, 0.0)",1
9295,38,18,10,"(0.07734904686468291, 0.06927916245295945, 0.09682940930282144, 0.0017773360538905325, 0.0, 0.07877145803142707, 0.0, 0.10994488928074131, 0.0, 0.0)",6
9296,38,18,11,"(0.0, 0.0, 0.1609434905691906, 0.01650583712158267, 0.0, 0.03150275214907511, 0.13038533056739307, 0.08028238650273146, 0.026121609841380632, 0.0)",1
9297,38,18,11,"(0.0, 0.0, 0.15824470311204678, 0.01650583712158267, 0.0, 0.03150275214907511, 0.13038533056739307, 0.08028238650273146, 0.026121609841380632, 0.0)",1
9298,38,18,11,"(0.0, 0.0, 0.09864539577037362, 0.01650583712158267, 0.0, 0.03150275214907511, 0.13038533056739307, 0.12847576588227103, 0.026121609841380632, 0.0)",1
9299,38,18,11,"(0.0, 0.0, 0.09864539577037362, 0.01650583712158267, 0.0, 0.025340954041993127, 0.13038533056739307, 0.08028238650273146, 0.026121609841380632, 0.0)",2
9300,38,18,11,"(0.0, 0.0, 0.08898107447558858, 0.01650583712158267, 0.0, 0.03150275214907511, 0.13038533056739307, 0.08028238650273146, 0.013190477380181156, 0.0)",3
9301,38,18,11,"(0.0, 0.0, 0.08898107447558858, 0.01094562224499664, 0.0, 0.03150275214907511, 0.13038533056739307, 0.08028238650273146, 0.026121609841380632, 0.0)",1
9302,38,18,11,"(0.0, 0.0, 0.08898107447558858, 0.01650583712158267, 0.0, 0.03150275214907511, 0.13038533056739307, 0.08028238650273146, 0.026121609841380632, 0.0)",261
9303,38,18,11,"(0.0, 0.0, 0.09864539577037362, 0.01650583712158267, 0.0, 0.03150275214907511, 0.13038533056739307, 0.08028238650273146, 0.030112341171123592, 0.0)",2
9304,38,18,11,"(0.0, 0.0, 0.08898107447558858, 0.01917175695667679, 0.0, 0.019473381138108356, 0.13038533056739307, 0.04568659299649133, 0.026121609841380632, 0.0)",3
9305,38,18,11,"(0.0, 0.0, 0.08898107447558858, 0.01650583712158267, 0.0, 0.03150275214907511, 0.13038533056739307, 0.08549469495881726, 0.026121609841380632, 0.0)",2
9306,38,18,11,"(0.0, 0.0, 0.10900988466857804, 0.01650583712158267, 0.0, 0.03150275214907511, 0.13038533056739307, 0.08028238650273146, 0.026121609841380632, 0.0)",1
9307,38,18,11,"(0.0, 0.0, 0.09864539577037362, 0.01650583712158267, 0.0, 0.03150275214907511, 0.13038533056739307, 0.08028238650273146, 0.026121609841380632, 0.0)",371
9308,38,19,13,"(0.0, 0.02461978404713738, 0.013674643692896272, 0.0, 0.01810411441758469, 0.022173256981297827, 0.0, 0.0, 0.01089208668844536, 0.0028621211431144253)",83
9309,38,19,13,"(0.0, 0.02461978404713738, 0.027053846948939416, 0.0, 0.01810411441758469, 0.022173256981297827, 0.0, 0.0, 0.01089208668844536, 0.0012146923535806386)",91
9310,38,19,13,"(0.0, 0.02461978404713738, 0.009995162638296534, 0.0, 0.01810411441758469, 0.022173256981297827, 0.0, 0.0, 0.012663095082458296, 0.0028621211431144253)",1
9311,38,20,10,"(0.07734904686468291, 0.06927916245295945, 0.09682940930282144, 0.0017773360538905325, 0.0, 0.06291875767155253, 0.0, 0.10994488928074131, 0.0, 0.0)",82
9312,38,20,10,"(0.10125254581520975, 0.06927916245295945, 0.09682940930282144, 0.0017773360538905325, 0.0, 0.06291875767155253, 0.0, 0.10994488928074131, 0.0, 0.0)",5
9313,38,20,11,"(0.0, 0.0, 0.03664497950459847, 0.01650583712158267, 0.0, 0.02548938439096223, 0.09572491856946197, 0.05885302880459243, 0.036485718580663774, 0.0)",82
9314,38,20,11,"(0.0, 0.0, 0.018004387155732684, 0.011271596218575588, 0.0, 0.02548938439096223, 0.09572491856946197, 0.05885302880459243, 0.036485718580663774, 0.0)",1
9315,38,20,11,"(0.0, 0.0, 0.018004387155732684, 0.01650583712158267, 0.0, 0.02548938439096223, 0.09572491856946197, 0.05885302880459243, 0.036485718580663774, 0.0)",335
9316,38,20,11,"(0.0, 0.0, 0.023674907564623857, 0.01650583712158267, 0.0, 0.02548938439096223, 0.09572491856946197, 0.05885302880459243, 0.036485718580663774, 0.0)",1
9317,38,20,11,"(0.0, 0.0, 0.018004387155732684, 0.01650583712158267, 0.0, 0.018895250128217304, 0.09572491856946197, 0.04681386186606392, 0.020768748166351655, 0.0)",35
9318,38,20,11,"(0.0, 0.0, 0.03664497950459847, 0.01650583712158267, 0.0, 0.02548938439096223, 0.09572491856946197, 0.0951650437485075, 0.036485718580663774, 0.0)",20
9319,38,20,11,"(0.0, 0.0, 0.03664497950459847, 0.01650583712158267, 0.0, 0.015414989462063875, 0.09572491856946197, 0.05885302880459243, 0.036485718580663774, 0.0)",1
9320,38,20,11,"(0.0, 0.0, 0.03664497950459847, 0.01650583712158267, 0.0, 0.02548938439096223, 0.09572491856946197, 0.08028238650273146, 0.036485718580663774, 0.0)",19
9321,38,20,11,"(0.0, 0.0, 0.03664497950459847, 0.01650583712158267, 0.0, 0.02548938439096223, 0.09572491856946197, 0.062149251995656345, 0.036485718580663774, 0.0)",1
9322,38,20,11,"(0.0, 0.0, 0.030885684059009107, 0.01650583712158267, 0.0, 0.02548938439096223, 0.09572491856946197, 0.05885302880459243, 0.036485718580663774, 0.0)",1
9323,38,20,11,"(0.0, 0.0, 0.018004387155732684, 0.01650583712158267, 0.0, 0.02548938439096223, 0.09572491856946197, 0.06280162938413832, 0.036485718580663774, 0.0)",1
9324,38,20,11,"(0.0, 0.0, 0.018004387155732684, 0.016396140636836965, 0.0, 0.02548938439096223, 0.09572491856946197, 0.04813978956060917, 0.036485718580663774, 0.0)",1
9325,38,20,11,"(0.0, 0.0, 0.018004387155732684, 0.01650583712158267, 0.0, 0.02548938439096223, 0.09572491856946197, 0.03309482859755602, 0.036485718580663774, 0.0)",2
9326,38,20,11,"(0.0, 0.0, 0.018004387155732684, 0.01650583712158267, 0.0, 0.040237460139469806, 0.09572491856946197, 0.05885302880459243, 0.036485718580663774, 0.0)",2
9327,39,0,11,"(0.0, 0.0, 0.07783247096021187, 0.010654525538403636, 0.0, 0.030645849071221472, 0.16773790467281977, 0.037695078031116706, 0.026121609841380632, 0.0)",1
9328,39,0,11,"(0.0, 0.0, 0.06200374261520503, 0.010654525538403636, 0.0, 0.01491464367658777, 0.16773790467281977, 0.037695078031116706, 0.026121609841380632, 0.0)",2
9329,39,0,11,"(0.0, 0.0, 0.06200374261520503, 0.010654525538403636, 0.0, 0.030645849071221472, 0.10074302638945506, 0.06471128129841798, 0.026121609841380632, 0.0)",1
9330,39,0,11,"(0.0, 0.0, 0.06200374261520503, 0.010654525538403636, 0.0, 0.030645849071221472, 0.16773790467281977, 0.08028238650273146, 0.026121609841380632, 0.0)",109
9331,39,0,11,"(0.0, 0.0, 0.033536912351810166, 0.010654525538403636, 0.0, 0.030645849071221472, 0.16773790467281977, 0.06471128129841798, 0.026121609841380632, 0.0)",1
9332,39,0,11,"(0.0, 0.0, 0.032824830393836595, 0.010654525538403636, 0.0, 0.03446892102250791, 0.1695046023259855, 0.08028238650273146, 0.026121609841380632, 0.0)",1
9333,39,0,11,"(0.0, 0.0, 0.06200374261520503, 0.010654525538403636, 0.0, 0.02507694116873218, 0.16773790467281977, 0.08028238650273146, 0.016762981299191328, 0.0)",1
9334,39,0,11,"(0.0, 0.0, 0.06200374261520503, 0.010654525538403636, 0.0, 0.010736343979491128, 0.16773790467281977, 0.08028238650273146, 0.026121609841380632, 0.0)",2
9335,39,0,11,"(0.0, 0.0, 0.06200374261520503, 0.010654525538403636, 0.0, 0.030645849071221472, 0.16773790467281977, 0.06471128129841798, 0.026121609841380632, 0.0)",122
9336,39,0,11,"(0.0, 0.0, 0.06200374261520503, 0.010654525538403636, 0.0, 0.030645849071221472, 0.16773790467281977, 0.037695078031116706, 0.026121609841380632, 0.0)",286
9337,39,1,6,"(0.03426039533065134, 0.011572197494497125, 0.0, 0.030181603934096246, 0.005422768956954101, 0.0, 0.019795240631728064, 0.0, 0.028146417112716555, 0.05874522297052942)",287
9338,39,1,6,"(0.03470601846047657, 0.011572197494497125, 0.0, 0.030181603934096246, 0.005422768956954101, 0.0, 0.019795240631728064, 0.0, 0.028146417112716555, 0.05874522297052942)",2
9339,39,1,6,"(0.03426039533065134, 0.011572197494497125, 0.0, 0.030181603934096246, 0.005422768956954101, 0.0, 0.019900132025111938, 0.0, 0.028146417112716555, 0.05874522297052942)",1
9340,39,1,6,"(0.03426039533065134, 0.006918308770754114, 0.0, 0.030181603934096246, 0.005422768956954101, 0.0, 0.019795240631728064, 0.0, 0.028146417112716555, 0.05874522297052942)",1
9341,39,1,6,"(0.03426039533065134, 0.011572197494497125, 0.0, 0.06833718594541441, 0.005422768956954101, 0.0, 0.019795240631728064, 0.0, 0.028146417112716555, 0.05874522297052942)",2
9342,39,1,6,"(0.03426039533065134, 0.011572197494497125, 0.0, 0.030181603934096246, 0.005422768956954101, 0.0, 0.01557512041382555, 0.0, 0.028146417112716555, 0.05874522297052942)",2
9343,39,1,8,"(0.07111035742329365, 0.046525949225991035, 0.0, 0.0, 0.051217346146779696, 0.0, 0.046753775440080296, 0.09513444883351557, 0.0, 0.0)",2
9344,39,1,8,"(0.07111035742329365, 0.046525949225991035, 0.0, 0.0, 0.051217346146779696, 0.0, 0.08319516954615302, 0.09513444883351557, 0.0, 0.0)",298
9345,39,1,8,"(0.09699023993277779, 0.046525949225991035, 0.0, 0.0, 0.051217346146779696, 0.0, 0.08319516954615302, 0.09513444883351557, 0.0, 0.0)",1
9346,39,1,8,"(0.07111035742329365, 0.046525949225991035, 0.0, 0.0, 0.051217346146779696, 0.0, 0.08319516954615302, 0.0875682621434857, 0.0, 0.0)",3
9347,39,1,8,"(0.07111035742329365, 0.046525949225991035, 0.0, 0.0, 0.051217346146779696, 0.0, 0.08319516954615302, 0.1415123366655704, 0.0, 0.0)",6
9348,39,2,13,"(0.0, 0.02461978404713738, 0.023035932332134326, 0.0, 0.00970885425506607, 0.015900415142364205, 0.0, 0.0, 0.01089208668844536, 0.00476393156717078)",1
9349,39,2,13,"(0.0, 0.02461978404713738, 0.023035932332134326, 0.0, 0.00970885425506607, 0.022173256981297827, 0.0, 0.0, 0.01089208668844536, 0.004169638268785413)",2
9350,39,2,13,"(0.0, 0.02461978404713738, 0.023035932332134326, 0.0, 0.00970885425506607, 0.022173256981297827, 0.0, 0.0, 0.01089208668844536, 0.005830157934373895)",1
9351,39,2,13,"(0.0, 0.02461978404713738, 0.023035932332134326, 0.0, 0.00970885425506607, 0.022173256981297827, 0.0, 0.0, 0.01089208668844536, 0.00476393156717078)",385
9352,39,2,13,"(0.0, 0.02341170456976619, 0.023035932332134326, 0.0, 0.009756721029509155, 0.022173256981297827, 0.0, 0.0, 0.01089208668844536, 0.00476393156717078)",1
9353,39,2,13,"(0.0, 0.02461978404713738, 0.023035932332134326, 0.0, 0.00578322282378797, 0.022173256981297827, 0.0, 0.0, 0.01089208668844536, 0.00476393156717078)",1
9354,39,2,13,"(0.0, 0.02461978404713738, 0.021639829585672964, 0.0, 0.00970885425506607, 0.022173256981297827, 0.0, 0.0, 0.01089208668844536, 0.006971027841711269)",2
9355,39,2,13,"(0.0, 0.02461978404713738, 0.023035932332134326, 0.0, 0.015324215303114683, 0.022173256981297827, 0.0, 0.0, 0.01089208668844536, 0.00476393156717078)",1
9356,39,2,13,"(0.0, 0.02368240809476317, 0.023035932332134326, 0.0, 0.009756721029509155, 0.022173256981297827, 0.0, 0.0, 0.01089208668844536, 0.00476393156717078)",1
9357,39,3,13,"(0.0, 0.02461978404713738, 0.023035932332134326, 0.0, 0.01810411441758469, 0.022173256981297827, 0.0, 0.0, 0.019326813770292082, 0.0024406349647482155)",1
9358,39,3,13,"(0.0, 0.027764963949779054, 0.023035932332134326, 0.0, 0.013397120020122293, 0.022173256981297827, 0.0, 0.0, 0.01089208668844536, 0.0024406349647482155)",1
9359,39,3,13,"(0.0, 0.02461978404713738, 0.023035932332134326, 0.0, 0.01810411441758469, 0.022173256981297827, 0.0, 0.0, 0.0059325081743719235, 0.0024406349647482155)",6
9360,39,3,13,"(0.0, 0.02461978404713738, 0.023035932332134326, 0.0, 0.0071112753137053805, 0.022173256981297827, 0.0, 0.0, 0.01089208668844536, 0.0024406349647482155)",1
9361,39,3,13,"(0.0, 0.02461978404713738, 0.023035932332134326, 0.0, 0.01810411441758469, 0.022173256981297827, 0.0, 0.0, 0.01089208668844536, 0.00314560393977673)",1
9362,39,3,13,"(0.0, 0.02461978404713738, 0.023035932332134326, 0.0, 0.013397120020122293, 0.022173256981297827, 0.0, 0.0, 0.01089208668844536, 0.0024406349647482155)",91
9363,39,3,13,"(0.0, 0.02461978404713738, 0.023035932332134326, 0.0, 0.010861940933467155, 0.04590111937864439, 0.0, 0.0, 0.005386621637074872, 0.0024406349647482155)",1
9364,39,3,13,"(0.0, 0.02461978404713738, 0.023035932332134326, 0.0, 0.01810411441758469, 0.022173256981297827, 0.0, 0.0, 0.01089208668844536, 0.0024406349647482155)",208
9365,39,3,13,"(0.0, 0.02461978404713738, 0.011422144490622796, 0.0, 0.013397120020122293, 0.022173256981297827, 0.0, 0.0, 0.01089208668844536, 0.0024406349647482155)",4
9366,39,3,13,"(0.0, 0.0221562249062124, 0.023035932332134326, 0.0, 0.01810411441758469, 0.022173256981297827, 0.0, 0.0, 0.01089208668844536, 0.0024406349647482155)",2
9367,39,3,13,"(0.0, 0.0365290529424386, 0.023035932332134326, 0.0, 0.01810411441758469, 0.022173256981297827, 0.0, 0.0, 0.01089208668844536, 0.0024406349647482155)",1
9368,39,4,11,"(0.0, 0.0, 0.09864539577037362, 0.01650583712158267, 0.0, 0.030645849071221472, 0.1486808759038181, 0.07240876560513207, 0.026121609841380632, 0.0)",1
9369,39,4,11,"(0.0, 0.0, 0.05650508140875591, 0.01650583712158267, 0.0, 0.030645849071221472, 0.13447563967188522, 0.07240876560513207, 0.026121609841380632, 0.0)",2
9370,39,4,11,"(0.0, 0.0, 0.09864539577037362, 0.01650583712158267, 0.0, 0.030645849071221472, 0.13551078282636594, 0.07240876560513207, 0.026121609841380632, 0.0)",1
9371,39,4,11,"(0.0, 0.0, 0.05650508140875591, 0.01650583712158267, 0.0, 0.030645849071221472, 0.08153022673827125, 0.07240876560513207, 0.026121609841380632, 0.0)",28
9372,39,4,11,"(0.0, 0.0, 0.09864539577037362, 0.01650583712158267, 0.0, 0.030645849071221472, 0.08153022673827125, 0.07240876560513207, 0.016789309039703673, 0.0)",4
9373,39,4,11,"(0.0, 0.0, 0.09864539577037362, 0.01650583712158267, 0.0, 0.032300478914844256, 0.08153022673827125, 0.07240876560513207, 0.026121609841380632, 0.0)",2
9374,39,4,11,"(0.0, 0.0, 0.09864539577037362, 0.01650583712158267, 0.0, 0.030645849071221472, 0.046627007309687364, 0.042070432411280875, 0.026121609841380632, 0.0)",15
9375,39,4,11,"(0.0, 0.0, 0.07512510068200386, 0.01650583712158267, 0.0, 0.030645849071221472, 0.08153022673827125, 0.07240876560513207, 0.026121609841380632, 0.0)",18
9376,39,4,11,"(0.0, 0.0, 0.09864539577037362, 0.01650583712158267, 0.0, 0.030645849071221472, 0.056108321052793, 0.07240876560513207, 0.026121609841380632, 0.0)",1
9377,39,4,11,"(0.0, 0.0, 0.11175248544336419, 0.01650583712158267, 0.0, 0.01900552750698794, 0.06908120506757823, 0.15507584215088827, 0.026121609841380632, 0.0)",1
9378,39,4,11,"(0.0, 0.0, 0.09864539577037362, 0.01650583712158267, 0.0, 0.030645849071221472, 0.06908120506757823, 0.15507584215088827, 0.026121609841380632, 0.0)",1
9379,39,4,11,"(0.0, 0.0, 0.08278676956482534, 0.01650583712158267, 0.0, 0.030645849071221472, 0.08153022673827125, 0.07240876560513207, 0.026121609841380632, 0.0)",1
9380,39,4,11,"(0.0, 0.0, 0.09864539577037362, 0.01650583712158267, 0.0, 0.030645849071221472, 0.08153022673827125, 0.07240876560513207, 0.026121609841380632, 0.0)",461
9381,39,5,0,"(0.07400250769571483, 0.0, 0.0, 0.0, 0.0, 0.038664151314593, 0.08380840797570269, 0.06261049614614052, 0.0, 0.0)",85
9382,39,5,0,"(0.12352974491755873, 0.0, 0.0, 0.0, 0.0, 0.038664151314593, 0.08380840797570269, 0.06261049614614052, 0.0, 0.0)",53
9383,39,5,0,"(0.12352974491755873, 0.0, 0.0, 0.0, 0.0, 0.02189361792274707, 0.08380840797570269, 0.06261049614614052, 0.0, 0.0)",3
9384,39,5,0,"(0.04030137702907035, 0.0, 0.0, 0.0, 0.0, 0.038664151314593, 0.08380840797570269, 0.06261049614614052, 0.0, 0.0)",1
9385,39,5,0,"(0.0402479284341202, 0.0, 0.0, 0.0, 0.0, 0.041072824935110504, 0.08380840797570269, 0.06261049614614052, 0.0, 0.0)",1
9386,39,5,0,"(0.0402479284341202, 0.0, 0.0, 0.0, 0.0, 0.038664151314593, 0.08380840797570269, 0.06261049614614052, 0.0, 0.0)",115
9387,39,5,6,"(0.03426039533065134, 0.011572197494497125, 0.0, 0.030181603934096246, 0.005422768956954101, 0.0, 0.019795240631728064, 0.0, 0.028146417112716555, 0.06190724011950521)",1
9388,39,5,6,"(0.03426039533065134, 0.011572197494497125, 0.0, 0.030181603934096246, 0.01029441770599253, 0.0, 0.019795240631728064, 0.0, 0.028146417112716555, 0.05874522297052942)",2
9389,39,5,6,"(0.03426039533065134, 0.011572197494497125, 0.0, 0.030181603934096246, 0.005422768956954101, 0.0, 0.019795240631728064, 0.0, 0.03943374221281895, 0.05874522297052942)",9
9390,39,5,6,"(0.03426039533065134, 0.011572197494497125, 0.0, 0.030181603934096246, 0.005422768956954101, 0.0, 0.019795240631728064, 0.0, 0.028146417112716555, 0.05874522297052942)",251
9391,39,6,0,"(0.07400250769571483, 0.0, 0.0, 0.0, 0.0, 0.017098731129875016, 0.08380840797570269, 0.0691048466035698, 0.0, 0.0)",26
9392,39,6,0,"(0.06234213132962305, 0.0, 0.0, 0.0, 0.0, 0.017098731129875016, 0.07011830437097326, 0.0691048466035698, 0.0, 0.0)",189
9393,39,6,0,"(0.07400250769571483, 0.0, 0.0, 0.0, 0.0, 0.017098731129875016, 0.08380840797570269, 0.042669746845353296, 0.0, 0.0)",1
9394,39,6,0,"(0.06234213132962305, 0.0, 0.0, 0.0, 0.0, 0.017098731129875016, 0.07011830437097326, 0.08770628935909648, 0.0, 0.0)",1
9395,39,6,0,"(0.07671023751914918, 0.0, 0.0, 0.0, 0.0, 0.017098731129875016, 0.11365448001940834, 0.08219619575258512, 0.0, 0.0)",7
9396,39,7,13,"(0.0, 0.02461978404713738, 0.023035932332134326, 0.0, 0.01810411441758469, 0.024089915119909402, 0.0, 0.0, 0.01089208668844536, 0.002808183469710542)",2
9397,39,7,13,"(0.0, 0.009216570371914343, 0.023035932332134326, 0.0, 0.01810411441758469, 0.022173256981297827, 0.0, 0.0, 0.01089208668844536, 0.00476393156717078)",1
9398,39,7,13,"(0.0, 0.046531397037583404, 0.023035932332134326, 0.0, 0.01810411441758469, 0.022173256981297827, 0.0, 0.0, 0.01089208668844536, 0.00476393156717078)",3
9399,39,7,13,"(0.0, 0.02461978404713738, 0.023035932332134326, 0.0, 0.01810411441758469, 0.017367386504228005, 0.0, 0.0, 0.01089208668844536, 0.00476393156717078)",1
9400,39,7,13,"(0.0, 0.02461978404713738, 0.023035932332134326, 0.0, 0.01810411441758469, 0.022173256981297827, 0.0, 0.0, 0.01089208668844536, 0.00476393156717078)",201
9401,39,7,13,"(0.0, 0.010886549076834676, 0.023035932332134326, 0.0, 0.01810411441758469, 0.022173256981297827, 0.0, 0.0, 0.01089208668844536, 0.00476393156717078)",1
9402,39,8,11,"(0.0, 0.0, 0.09864539577037362, 0.02150422363422624, 0.0, 0.030645849071221472, 0.16773790467281977, 0.0386197297757742, 0.01940580591325586, 0.0)",22
9403,39,8,11,"(0.0, 0.0, 0.09864539577037362, 0.02150422363422624, 0.0, 0.02527074546249251, 0.16773790467281977, 0.0386197297757742, 0.026121609841380632, 0.0)",2
9404,39,8,11,"(0.0, 0.0, 0.06043277576175822, 0.02150422363422624, 0.0, 0.030645849071221472, 0.16773790467281977, 0.0386197297757742, 0.026121609841380632, 0.0)",11
9405,39,8,11,"(0.0, 0.0, 0.09864539577037362, 0.02150422363422624, 0.0, 0.030645849071221472, 0.13696948132841008, 0.0386197297757742, 0.026121609841380632, 0.0)",2
9406,39,8,11,"(0.0, 0.0, 0.09864539577037362, 0.02150422363422624, 0.0, 0.019752743581199123, 0.16773790467281977, 0.0386197297757742, 0.026121609841380632, 0.0)",1
9407,39,8,11,"(0.0, 0.0, 0.09864539577037362, 0.02150422363422624, 0.0, 0.030645849071221472, 0.16773790467281977, 0.07729139659134182, 0.026121609841380632, 0.0)",2
9408,39,8,11,"(0.0, 0.0, 0.09864539577037362, 0.02150422363422624, 0.0, 0.030645849071221472, 0.16773790467281977, 0.0386197297757742, 0.026121609841380632, 0.0)",562
9409,39,8,11,"(0.0, 0.0, 0.09864539577037362, 0.02150422363422624, 0.0, 0.030645849071221472, 0.1421109867444285, 0.0386197297757742, 0.026121609841380632, 0.0)",10
9410,39,9,11,"(0.0, 0.0, 0.11755819882518005, 0.008824630923786946, 0.0, 0.02375279233445006, 0.16773790467281977, 0.08028238650273146, 0.026121609841380632, 0.0)",5
9411,39,9,11,"(0.0, 0.0, 0.1424727812267105, 0.01650583712158267, 0.0, 0.02375279233445006, 0.1254348761332085, 0.08028238650273146, 0.026121609841380632, 0.0)",2
9412,39,9,11,"(0.0, 0.0, 0.11755819882518005, 0.01650583712158267, 0.0, 0.02375279233445006, 0.1254348761332085, 0.08028238650273146, 0.026121609841380632, 0.0)",478
9413,39,9,11,"(0.0, 0.0, 0.11755819882518005, 0.01650583712158267, 0.0, 0.02375279233445006, 0.2890023072359584, 0.08028238650273146, 0.028454828218943556, 0.0)",2
9414,39,9,11,"(0.0, 0.0, 0.11755819882518005, 0.01650583712158267, 0.0, 0.02375279233445006, 0.08160011116375798, 0.08028238650273146, 0.026121609841380632, 0.0)",1
9415,39,9,11,"(0.0, 0.0, 0.08885748940687964, 0.022275082423216117, 0.0, 0.02375279233445006, 0.16773790467281977, 0.028644992184185758, 0.042755324982305734, 0.0)",1
9416,39,9,11,"(0.0, 0.0, 0.11755819882518005, 0.016859009578964447, 0.0, 0.02375279233445006, 0.1254348761332085, 0.08028238650273146, 0.026121609841380632, 0.0)",1
9417,39,9,11,"(0.0, 0.0, 0.08885748940687964, 0.01650583712158267, 0.0, 0.02375279233445006, 0.16773790467281977, 0.028644992184185758, 0.042755324982305734, 0.0)",44
9418,39,9,11,"(0.0, 0.0, 0.11755819882518005, 0.010942766517066419, 0.0, 0.02375279233445006, 0.1254348761332085, 0.08028238650273146, 0.026121609841380632, 0.0)",2
9419,39,9,11,"(0.0, 0.0, 0.11755819882518005, 0.02224433708371349, 0.0, 0.02375279233445006, 0.1254348761332085, 0.08028238650273146, 0.026121609841380632, 0.0)",8
9420,39,9,11,"(0.0, 0.0, 0.11755819882518005, 0.01650583712158267, 0.0, 0.02375279233445006, 0.19926963873657483, 0.08028238650273146, 0.026121609841380632, 0.0)",1
9421,39,9,11,"(0.0, 0.0, 0.11755819882518005, 0.01650583712158267, 0.0, 0.02375279233445006, 0.11327149156175621, 0.08028238650273146, 0.026121609841380632, 0.0)",1
9422,39,9,11,"(0.0, 0.0, 0.11755819882518005, 0.01650583712158267, 0.0, 0.021470704501673144, 0.1254348761332085, 0.08028238650273146, 0.026121609841380632, 0.0)",1
9423,39,9,11,"(0.0, 0.0, 0.11755819882518005, 0.017702928176446524, 0.0, 0.02375279233445006, 0.1059044422152115, 0.08028238650273146, 0.026121609841380632, 0.0)",3
9424,39,10,13,"(0.0, 0.023444659703276027, 0.023035932332134326, 0.0, 0.013634957554663586, 0.022173256981297827, 0.0, 0.0, 0.01089208668844536, 0.00476393156717078)",7
9425,39,10,13,"(0.0, 0.02461978404713738, 0.023035932332134326, 0.0, 0.01810411441758469, 0.015704178486426672, 0.0, 0.0, 0.01089208668844536, 0.00476393156717078)",1
9426,39,10,13,"(0.0, 0.02461978404713738, 0.023035932332134326, 0.0, 0.01810411441758469, 0.018327253906796452, 0.0, 0.0, 0.01089208668844536, 0.00476393156717078)",92
9427,39,10,13,"(0.0, 0.026818020530785216, 0.024229490475322604, 0.0, 0.01810411441758469, 0.022173256981297827, 0.0, 0.0, 0.01089208668844536, 0.00476393156717078)",5
9428,39,10,13,"(0.0, 0.02461978404713738, 0.023035932332134326, 0.0, 0.01810411441758469, 0.022173256981297827, 0.0, 0.0, 0.01089208668844536, 0.00476393156717078)",136
9429,39,10,13,"(0.0, 0.02461978404713738, 0.023035932332134326, 0.0, 0.02633915493781164, 0.018327253906796452, 0.0, 0.0, 0.018117216998714807, 0.00476393156717078)",1
9430,39,10,13,"(0.0, 0.02461978404713738, 0.023035932332134326, 0.0, 0.011605589960498717, 0.018327253906796452, 0.0, 0.0, 0.01089208668844536, 0.00476393156717078)",2
9431,39,10,13,"(0.0, 0.02461978404713738, 0.023035932332134326, 0.0, 0.01810411441758469, 0.0361071316797621, 0.0, 0.0, 0.01089208668844536, 0.00476393156717078)",1
9432,39,10,13,"(0.0, 0.02461978404713738, 0.014232381538675957, 0.0, 0.01810411441758469, 0.022173256981297827, 0.0, 0.0, 0.01089208668844536, 0.007646843001299146)",1
9433,39,11,13,"(0.0, 0.02461978404713738, 0.023035932332134326, 0.0, 0.01810411441758469, 0.022173256981297827, 0.0, 0.0, 0.01089208668844536, 0.00476393156717078)",68
9434,39,11,13,"(0.0, 0.02461978404713738, 0.023035932332134326, 0.0, 0.01810411441758469, 0.022173256981297827, 0.0, 0.0, 0.01089208668844536, 0.0036872173179800785)",100
9435,39,11,13,"(0.0, 0.02461978404713738, 0.023035932332134326, 0.0, 0.01810411441758469, 0.01662637295550103, 0.0, 0.0, 0.01089208668844536, 0.00476393156717078)",4
9436,39,11,13,"(0.0, 0.02461978404713738, 0.023035932332134326, 0.0, 0.01810411441758469, 0.022173256981297827, 0.0, 0.0, 0.01089208668844536, 0.0034183661226660153)",32
9437,39,12,8,"(0.19235562551390653, 0.046525949225991035, 0.0, 0.0, 0.04573034632799446, 0.0, 0.08319516954615302, 0.09297609274555693, 0.0, 0.0)",9
9438,39,12,8,"(0.19235562551390653, 0.052514132383126695, 0.0, 0.0, 0.04573034632799446, 0.0, 0.08319516954615302, 0.1116381245929446, 0.0, 0.0)",2
9439,39,12,8,"(0.19235562551390653, 0.046525949225991035, 0.0, 0.0, 0.04573034632799446, 0.0, 0.08319516954615302, 0.1116381245929446, 0.0, 0.0)",269
9440,39,12,8,"(0.19235562551390653, 0.046525949225991035, 0.0, 0.0, 0.04573034632799446, 0.0, 0.1466863768310191, 0.08804577356379369, 0.0, 0.0)",1
9441,39,12,10,"(0.03550653097490399, 0.09212747740213809, 0.09709143884045872, 0.0017773360538905325, 0.0, 0.06291875767155253, 0.0, 0.10508039030246365, 0.0, 0.0)",1
9442,39,12,10,"(0.03550653097490399, 0.06927916245295945, 0.1008477177418026, 0.0017773360538905325, 0.0, 0.06291875767155253, 0.0, 0.10994488928074131, 0.0, 0.0)",11
9443,39,12,10,"(0.03550653097490399, 0.06927916245295945, 0.05575925896153217, 0.0017773360538905325, 0.0, 0.06291875767155253, 0.0, 0.10994488928074131, 0.0, 0.0)",3
9444,39,12,10,"(0.03550653097490399, 0.06927916245295945, 0.09682940930282144, 0.0017773360538905325, 0.0, 0.06291875767155253, 0.0, 0.10994488928074131, 0.0, 0.0)",205
9445,39,12,10,"(0.06288573724481018, 0.06927916245295945, 0.09682940930282144, 0.0017773360538905325, 0.0, 0.06291875767155253, 0.0, 0.10994488928074131, 0.0, 0.0)",1
9446,39,12,10,"(0.04403311280178443, 0.06927916245295945, 0.09682940930282144, 0.0017773360538905325, 0.0, 0.06291875767155253, 0.0, 0.10994488928074131, 0.0, 0.0)",1
9447,39,13,6,"(0.03426039533065134, 0.011572197494497125, 0.0, 0.030181603934096246, 0.005422768956954101, 0.0, 0.019795240631728064, 0.0, 0.016209741115842353, 0.05874522297052942)",77
9448,39,13,6,"(0.03426039533065134, 0.011572197494497125, 0.0, 0.030181603934096246, 0.005422768956954101, 0.0, 0.019795240631728064, 0.0, 0.016497850013981696, 0.05874522297052942)",1
9449,39,13,6,"(0.05958847373502337, 0.013587362269401333, 0.0, 0.030181603934096246, 0.005422768956954101, 0.0, 0.019795240631728064, 0.0, 0.02749694718472998, 0.05874522297052942)",1
9450,39,13,6,"(0.05799342148996813, 0.011572197494497125, 0.0, 0.030181603934096246, 0.00528568418729579, 0.0, 0.019795240631728064, 0.0, 0.016209741115842353, 0.05874522297052942)",1
9451,39,13,6,"(0.03426039533065134, 0.011572197494497125, 0.0, 0.030181603934096246, 0.005422768956954101, 0.0, 0.019795240631728064, 0.0, 0.028146417112716555, 0.05874522297052942)",136
9452,39,13,6,"(0.03426039533065134, 0.011572197494497125, 0.0, 0.030181603934096246, 0.0033169514988336947, 0.0, 0.019795240631728064, 0.0, 0.028146417112716555, 0.05874522297052942)",2
9453,39,14,11,"(0.0, 0.0, 0.0850810347276463, 0.01650583712158267, 0.0, 0.030645849071221472, 0.16773790467281977, 0.046237642847009, 0.011851087694729317, 0.0)",1
9454,39,14,11,"(0.0, 0.0, 0.07563427679391872, 0.00716952300430125, 0.0, 0.030645849071221472, 0.16773790467281977, 0.046237642847009, 0.026121609841380632, 0.0)",1
9455,39,14,11,"(0.0, 0.0, 0.07563427679391872, 0.01650583712158267, 0.0, 0.024012304193694198, 0.16773790467281977, 0.046237642847009, 0.026121609841380632, 0.0)",4
9456,39,14,11,"(0.0, 0.0, 0.07563427679391872, 0.028449625045626092, 0.0, 0.030645849071221472, 0.23724549481163837, 0.03401815460200452, 0.019292850792863817, 0.0)",2
9457,39,14,11,"(0.0, 0.0, 0.07563427679391872, 0.01650583712158267, 0.0, 0.030645849071221472, 0.16773790467281977, 0.046237642847009, 0.016986712850216645, 0.0)",2
9458,39,14,11,"(0.0, 0.0, 0.07563427679391872, 0.01650583712158267, 0.0, 0.030645849071221472, 0.16773790467281977, 0.046237642847009, 0.026121609841380632, 0.0)",341
9459,39,14,13,"(0.0, 0.02461978404713738, 0.023035932332134326, 0.0, 0.01810411441758469, 0.022173256981297827, 0.0, 0.0, 0.01089208668844536, 0.00476393156717078)",208
9460,39,14,13,"(0.0, 0.02461978404713738, 0.021818279844828273, 0.0, 0.01810411441758469, 0.022173256981297827, 0.0, 0.0, 0.01089208668844536, 0.00476393156717078)",2
9461,39,14,13,"(0.0, 0.036231518342438374, 0.023035932332134326, 0.0, 0.01810411441758469, 0.022173256981297827, 0.0, 0.0, 0.008019950694671825, 0.00476393156717078)",1
9462,39,14,13,"(0.0, 0.021423194238546907, 0.018272050395880708, 0.0, 0.01810411441758469, 0.022173256981297827, 0.0, 0.0, 0.008243628966280307, 0.00476393156717078)",60
9463,39,14,13,"(0.0, 0.02461978404713738, 0.023035932332134326, 0.0, 0.01810411441758469, 0.022173256981297827, 0.0, 0.0, 0.01089208668844536, 0.006615723816072084)",6
9464,39,14,13,"(0.0, 0.02461978404713738, 0.023035932332134326, 0.0, 0.018884903917538567, 0.022173256981297827, 0.0, 0.0, 0.01089208668844536, 0.00476393156717078)",2
9465,39,14,13,"(0.0, 0.027426121762441965, 0.03392840029184028, 0.0, 0.01810411441758469, 0.022173256981297827, 0.0, 0.0, 0.01089208668844536, 0.00476393156717078)",1
9466,39,14,13,"(0.0, 0.02461978404713738, 0.023035932332134326, 0.0, 0.01810411441758469, 0.04561789482099117, 0.0, 0.0, 0.01089208668844536, 0.00476393156717078)",1
9467,39,14,13,"(0.0, 0.02461978404713738, 0.023035932332134326, 0.0, 0.01810411441758469, 0.02949672992657691, 0.0, 0.0, 0.01089208668844536, 0.00476393156717078)",1
9468,39,15,11,"(0.0, 0.0, 0.11839367174953695, 0.01650583712158267, 0.0, 0.025817959219822276, 0.16773790467281977, 0.0404147798164449, 0.026121609841380632, 0.0)",1
9469,39,15,11,"(0.0, 0.0, 0.11839367174953695, 0.014276052664448183, 0.0, 0.036970881561521306, 0.16773790467281977, 0.0404147798164449, 0.026121609841380632, 0.0)",3
9470,39,15,11,"(0.0, 0.0, 0.11839367174953695, 0.01650583712158267, 0.0, 0.015762307913678195, 0.16773790467281977, 0.0404147798164449, 0.026121609841380632, 0.0)",1
9471,39,15,11,"(0.0, 0.0, 0.11839367174953695, 0.01650583712158267, 0.0, 0.030645849071221472, 0.16773790467281977, 0.0404147798164449, 0.026121609841380632, 0.0)",581
9472,39,15,11,"(0.0, 0.0, 0.14209298881153196, 0.01650583712158267, 0.0, 0.030645849071221472, 0.16773790467281977, 0.0404147798164449, 0.026121609841380632, 0.0)",1
9473,39,15,11,"(0.0, 0.0, 0.11839367174953695, 0.026518816130812365, 0.0, 0.030645849071221472, 0.16773790467281977, 0.0404147798164449, 0.026121609841380632, 0.0)",3
9474,39,15,11,"(0.0, 0.0, 0.11839367174953695, 0.023866287374209875, 0.0, 0.030645849071221472, 0.16773790467281977, 0.02897692577049729, 0.026121609841380632, 0.0)",6
9475,39,15,11,"(0.0, 0.0, 0.11839367174953695, 0.01650583712158267, 0.0, 0.020355830679555063, 0.16773790467281977, 0.0404147798164449, 0.026121609841380632, 0.0)",25
9476,39,16,1,"(0.0, 0.0, 0.042615187234526376, 0.0, 0.0, 0.012887081441129314, 0.0, 0.0, 0.0, 0.047529216575968564)",3
9477,39,16,1,"(0.0, 0.0, 0.041406372128065916, 0.0, 0.0, 0.0199117526153351, 0.0, 0.0, 0.0, 0.053079885168575563)",159
9478,39,16,1,"(0.0, 0.0, 0.03801539684589739, 0.0, 0.0, 0.0199117526153351, 0.0, 0.0, 0.0, 0.047529216575968564)",2
9479,39,16,1,"(0.0, 0.0, 0.08097177434223511, 0.0, 0.0, 0.0199117526153351, 0.0, 0.0, 0.0, 0.03238461047924807)",1
9480,39,16,1,"(0.0, 0.0, 0.041406372128065916, 0.0, 0.0, 0.0199117526153351, 0.0, 0.0, 0.0, 0.047529216575968564)",496
9481,39,16,1,"(0.0, 0.0, 0.05660395161474293, 0.0, 0.0, 0.0199117526153351, 0.0, 0.0, 0.0, 0.03376184634396753)",1
9482,39,16,1,"(0.0, 0.0, 0.032282383827943927, 0.0, 0.0, 0.0199117526153351, 0.0, 0.0, 0.0, 0.047529216575968564)",3
9483,39,16,1,"(0.0, 0.0, 0.041406372128065916, 0.0, 0.0, 0.0199117526153351, 0.0, 0.0, 0.0, 0.02433624416184796)",9
9484,39,16,1,"(0.0, 0.0, 0.041406372128065916, 0.0, 0.0, 0.0199117526153351, 0.0, 0.0, 0.0, 0.0896314078218636)",2
9485,39,16,1,"(0.0, 0.0, 0.041406372128065916, 0.0, 0.0, 0.0199117526153351, 0.0, 0.0, 0.0, 0.053018413763062475)",1
9486,39,16,1,"(0.0, 0.0, 0.07144483037298048, 0.0, 0.0, 0.0199117526153351, 0.0, 0.0, 0.0, 0.047529216575968564)",1
9487,39,16,8,"(0.16507889091742442, 0.046525949225991035, 0.0, 0.0, 0.07022106556493442, 0.0, 0.10408767891651305, 0.1116381245929446, 0.0, 0.0)",1
9488,39,16,8,"(0.16507889091742442, 0.04637135025930518, 0.0, 0.0, 0.07022106556493442, 0.0, 0.060701614823567854, 0.1116381245929446, 0.0, 0.0)",6
9489,39,16,8,"(0.13269473824785627, 0.046525949225991035, 0.0, 0.0, 0.07022106556493442, 0.0, 0.060701614823567854, 0.12568729216067168, 0.0, 0.0)",17
9490,39,16,8,"(0.15153083598322195, 0.046525949225991035, 0.0, 0.0, 0.07022106556493442, 0.0, 0.060701614823567854, 0.1116381245929446, 0.0, 0.0)",1
9491,39,16,8,"(0.16507889091742442, 0.046525949225991035, 0.0, 0.0, 0.07022106556493442, 0.0, 0.060701614823567854, 0.17719053431381143, 0.0, 0.0)",103
9492,39,16,8,"(0.16507889091742442, 0.046525949225991035, 0.0, 0.0, 0.07022106556493442, 0.0, 0.060701614823567854, 0.1116381245929446, 0.0, 0.0)",149
9493,39,17,1,"(0.0, 0.0, 0.08140875861293666, 0.0, 0.0, 0.030018978917809972, 0.0, 0.0, 0.0, 0.0910060267578522)",1
9494,39,17,1,"(0.0, 0.0, 0.06936890015228594, 0.0, 0.0, 0.02428694510930022, 0.0, 0.0, 0.0, 0.04557123282186749)",1
9495,39,17,1,"(0.0, 0.0, 0.18318431649243205, 0.0, 0.0, 0.029993277973899838, 0.0, 0.0, 0.0, 0.04557123282186749)",1
9496,39,17,1,"(0.0, 0.0, 0.10650950881622333, 0.0, 0.0, 0.022640784901484766, 0.0, 0.0, 0.0, 0.04557123282186749)",523
9497,39,17,1,"(0.0, 0.0, 0.10650950881622333, 0.0, 0.0, 0.03496659847645099, 0.0, 0.0, 0.0, 0.0462885906974302)",15
9498,39,17,1,"(0.0, 0.0, 0.10650950881622333, 0.0, 0.0, 0.016413140049491567, 0.0, 0.0, 0.0, 0.04557123282186749)",1
9499,39,17,1,"(0.0, 0.0, 0.10922905711608999, 0.0, 0.0, 0.030018978917809972, 0.0, 0.0, 0.0, 0.0910060267578522)",94
9500,39,17,1,"(0.0, 0.0, 0.10650950881622333, 0.0, 0.0, 0.022640784901484766, 0.0, 0.0, 0.0, 0.07575156424362559)",4
9501,39,17,1,"(0.0, 0.0, 0.13068580407361202, 0.0, 0.0, 0.030018978917809972, 0.0, 0.0, 0.0, 0.0910060267578522)",3
9502,39,17,1,"(0.0, 0.0, 0.10650950881622333, 0.0, 0.0, 0.022640784901484766, 0.0, 0.0, 0.0, 0.058392869694585924)",1
9503,39,17,1,"(0.0, 0.0, 0.09253909098598552, 0.0, 0.0, 0.030018978917809972, 0.0, 0.0, 0.0, 0.0910060267578522)",1
9504,39,17,8,"(0.10294337677241405, 0.04632028014141928, 0.0, 0.0, 0.07022106556493442, 0.0, 0.07411073730799889, 0.1116381245929446, 0.0, 0.0)",59
9505,39,17,8,"(0.10294337677241405, 0.04816635209966651, 0.0, 0.0, 0.07022106556493442, 0.0, 0.08319516954615302, 0.1116381245929446, 0.0, 0.0)",1
9506,39,17,8,"(0.10294337677241405, 0.0647359293212412, 0.0, 0.0, 0.07022106556493442, 0.0, 0.08319516954615302, 0.1116381245929446, 0.0, 0.0)",2
9507,39,17,8,"(0.05724537288782779, 0.04632028014141928, 0.0, 0.0, 0.07022106556493442, 0.0, 0.07411073730799889, 0.1116381245929446, 0.0, 0.0)",1
9508,39,17,8,"(0.10294337677241405, 0.04632028014141928, 0.0, 0.0, 0.07022106556493442, 0.0, 0.08319516954615302, 0.1116381245929446, 0.0, 0.0)",146
9509,39,18,10,"(0.07734904686468291, 0.06927916245295945, 0.04909606091404953, 0.0017773360538905325, 0.0, 0.027062527490546, 0.0, 0.10994488928074131, 0.0, 0.0)",8
9510,39,18,10,"(0.07734904686468291, 0.06927916245295945, 0.12198351992723926, 0.0017773360538905325, 0.0, 0.06291875767155253, 0.0, 0.10994488928074131, 0.0, 0.0)",1
9511,39,18,10,"(0.07734904686468291, 0.0680784807917573, 0.09682940930282144, 0.0017773360538905325, 0.0, 0.06291875767155253, 0.0, 0.10994488928074131, 0.0, 0.0)",1
9512,39,18,10,"(0.07734904686468291, 0.06927916245295945, 0.09682940930282144, 0.0017773360538905325, 0.0, 0.06291875767155253, 0.0, 0.10994488928074131, 0.0, 0.0)",141
9513,39,18,10,"(0.07734904686468291, 0.08754556586700922, 0.09682940930282144, 0.0017773360538905325, 0.0, 0.06291875767155253, 0.0, 0.10994488928074131, 0.0, 0.0)",1
9514,39,18,11,"(0.0, 0.0, 0.08898107447558858, 0.01650583712158267, 0.0, 0.016470528226796382, 0.13038533056739307, 0.08028238650273146, 0.028047344960645978, 0.0)",1
9515,39,18,11,"(0.0, 0.0, 0.09864539577037362, 0.01650583712158267, 0.0, 0.030475480441973055, 0.13038533056739307, 0.08028238650273146, 0.026121609841380632, 0.0)",6
9516,39,18,11,"(0.0, 0.0, 0.09864539577037362, 0.01650583712158267, 0.0, 0.03150275214907511, 0.18321179548064814, 0.08028238650273146, 0.026121609841380632, 0.0)",1
9517,39,18,11,"(0.0, 0.0, 0.08898107447558858, 0.01650583712158267, 0.0, 0.03150275214907511, 0.13038533056739307, 0.08028238650273146, 0.018585751839536438, 0.0)",9
9518,39,18,11,"(0.0, 0.0, 0.09864539577037362, 0.011430526566730683, 0.0, 0.03150275214907511, 0.13038533056739307, 0.08028238650273146, 0.026121609841380632, 0.0)",1
9519,39,18,11,"(0.0, 0.0, 0.08898107447558858, 0.01650583712158267, 0.0, 0.03150275214907511, 0.13038533056739307, 0.08028238650273146, 0.026121609841380632, 0.0)",302
9520,39,18,11,"(0.0, 0.0, 0.08898107447558858, 0.01650583712158267, 0.0, 0.02752205754676247, 0.13038533056739307, 0.08028238650273146, 0.026121609841380632, 0.0)",1
9521,39,18,11,"(0.0, 0.0, 0.09864539577037362, 0.01650583712158267, 0.0, 0.05136435779749131, 0.13038533056739307, 0.08028238650273146, 0.026121609841380632, 0.0)",2
9522,39,18,11,"(0.0, 0.0, 0.08898107447558858, 0.01650583712158267, 0.0, 0.022322474216560063, 0.13038533056739307, 0.08028238650273146, 0.026121609841380632, 0.0)",1
9523,39,18,11,"(0.0, 0.0, 0.08898107447558858, 0.01650583712158267, 0.0, 0.03150275214907511, 0.11535609296704642, 0.08028238650273146, 0.026121609841380632, 0.0)",6
9524,39,18,11,"(0.0, 0.0, 0.16816843730901118, 0.01650583712158267, 0.0, 0.03150275214907511, 0.13038533056739307, 0.08028238650273146, 0.026121609841380632, 0.0)",1
9525,39,18,11,"(0.0, 0.0, 0.09864539577037362, 0.01650583712158267, 0.0, 0.03150275214907511, 0.13038533056739307, 0.08028238650273146, 0.026121609841380632, 0.0)",289
9526,39,18,11,"(0.0, 0.0, 0.11980825956399978, 0.01650583712158267, 0.0, 0.03150275214907511, 0.11535609296704642, 0.08028238650273146, 0.022607236825789977, 0.0)",1
9527,39,19,13,"(0.0, 0.02461978404713738, 0.013674643692896272, 0.0, 0.01810411441758469, 0.022173256981297827, 0.0, 0.0, 0.01089208668844536, 0.0028621211431144253)",92
9528,39,19,13,"(0.0, 0.02461978404713738, 0.027053846948939416, 0.0, 0.01810411441758469, 0.022173256981297827, 0.0, 0.0, 0.01089208668844536, 0.0012146923535806386)",253
9529,39,19,13,"(0.0, 0.02461978404713738, 0.027053846948939416, 0.0, 0.016311495852590657, 0.022173256981297827, 0.0, 0.0, 0.01089208668844536, 0.0012146923535806386)",1
9530,39,19,13,"(0.0, 0.02461978404713738, 0.019874894373976312, 0.0, 0.01810411441758469, 0.022173256981297827, 0.0, 0.0, 0.01089208668844536, 0.0012146923535806386)",1
9531,39,19,13,"(0.0, 0.02461978404713738, 0.013674643692896272, 0.0, 0.01810411441758469, 0.019621229619552375, 0.0, 0.0, 0.01089208668844536, 0.0028621211431144253)",1
9532,39,19,13,"(0.0, 0.02461978404713738, 0.013674643692896272, 0.0, 0.01810411441758469, 0.022173256981297827, 0.0, 0.0, 0.01089208668844536, 0.002560898583511788)",1
9533,39,19,13,"(0.0, 0.038678904372974, 0.027053846948939416, 0.0, 0.01810411441758469, 0.022173256981297827, 0.0, 0.0, 0.01089208668844536, 0.0012146923535806386)",1
9534,39,19,13,"(0.0, 0.02461978404713738, 0.027053846948939416, 0.0, 0.01810411441758469, 0.022173256981297827, 0.0, 0.0, 0.01089208668844536, 0.0006063561820523453)",1
9535,39,19,13,"(0.0, 0.02461978404713738, 0.027053846948939416, 0.0, 0.01810411441758469, 0.02367613108679226, 0.0, 0.0, 0.013218232730779746, 0.0012146923535806386)",1
9536,39,19,13,"(0.0, 0.02461978404713738, 0.019618142219238487, 0.0, 0.01810411441758469, 0.022173256981297827, 0.0, 0.0, 0.008147096603865787, 0.0028621211431144253)",1
9537,39,19,13,"(0.0, 0.02461978404713738, 0.0399742463327753, 0.0, 0.01810411441758469, 0.022173256981297827, 0.0, 0.0, 0.01089208668844536, 0.0012146923535806386)",3
9538,39,19,13,"(0.0, 0.02461978404713738, 0.013674643692896272, 0.0, 0.03952855294468819, 0.022173256981297827, 0.0, 0.0, 0.01089208668844536, 0.0032740715805852872)",3
9539,39,19,13,"(0.0, 0.02461978404713738, 0.027053846948939416, 0.0, 0.01810411441758469, 0.022173256981297827, 0.0, 0.0, 0.01089208668844536, 0.0005102682810706365)",1
9540,39,20,10,"(0.07734904686468291, 0.06927916245295945, 0.09682940930282144, 0.0017773360538905325, 0.0, 0.06291875767155253, 0.0, 0.10994488928074131, 0.0, 0.0)",108
9541,39,20,10,"(0.07734904686468291, 0.06927916245295945, 0.055882551179426386, 0.000985386015776744, 0.0, 0.06177004333592379, 0.0, 0.10994488928074131, 0.0, 0.0)",3
9542,39,20,10,"(0.07734904686468291, 0.0637921653883346, 0.09682940930282144, 0.0017773360538905325, 0.0, 0.06291875767155253, 0.0, 0.10994488928074131, 0.0, 0.0)",2
9543,39,20,10,"(0.07734904686468291, 0.06927916245295945, 0.09682940930282144, 0.0015633814235716215, 0.0, 0.06291875767155253, 0.0, 0.10994488928074131, 0.0, 0.0)",1
9544,39,20,11,"(0.0, 0.0, 0.018004387155732684, 0.01650583712158267, 0.0, 0.02548938439096223, 0.09572491856946197, 0.05885302880459243, 0.036485718580663774, 0.0)",345
9545,39,20,11,"(0.0, 0.0, 0.03069077915888404, 0.01650583712158267, 0.0, 0.02548938439096223, 0.09572491856946197, 0.05885302880459243, 0.036485718580663774, 0.0)",15
9546,39,20,11,"(0.0, 0.0, 0.062268209715552435, 0.01650583712158267, 0.0, 0.02548938439096223, 0.050839131285381874, 0.05885302880459243, 0.012007744600788416, 0.0)",1
9547,39,20,11,"(0.0, 0.0, 0.03664497950459847, 0.01650583712158267, 0.0, 0.02548938439096223, 0.09572491856946197, 0.08028238650273146, 0.036485718580663774, 0.0)",8
9548,39,20,11,"(0.0, 0.0, 0.03664497950459847, 0.01650583712158267, 0.0, 0.02548938439096223, 0.09572491856946197, 0.05885302880459243, 0.036485718580663774, 0.0)",181
9549,39,20,11,"(0.0, 0.0, 0.03664497950459847, 0.01650583712158267, 0.0, 0.02548938439096223, 0.09821254011544253, 0.05885302880459243, 0.036485718580663774, 0.0)",11
9550,39,20,11,"(0.0, 0.0, 0.018004387155732684, 0.01650583712158267, 0.0, 0.01330357625552899, 0.09572491856946197, 0.05885302880459243, 0.036485718580663774, 0.0)",1
9551,39,20,11,"(0.0, 0.0, 0.018004387155732684, 0.01650583712158267, 0.0, 0.02548938439096223, 0.09572491856946197, 0.05885302880459243, 0.03640981741315449, 0.0)",1
9552,39,20,11,"(0.0, 0.0, 0.007555419128398144, 0.01650583712158267, 0.0, 0.03205743734834348, 0.09572491856946197, 0.05885302880459243, 0.036485718580663774, 0.0)",2
9553,39,20,11,"(0.0, 0.0, 0.018004387155732684, 0.02492672732986405, 0.0, 0.02548938439096223, 0.09572491856946197, 0.05885302880459243, 0.036485718580663774, 0.0)",15
9554,39,20,11,"(0.0, 0.0, 0.018004387155732684, 0.014792576080241529, 0.0, 0.018895250128217304, 0.07570869784378953, 0.05598275458027195, 0.020768748166351655, 0.0)",1
9555,39,20,11,"(0.0, 0.0, 0.018004387155732684, 0.01650583712158267, 0.0, 0.018895250128217304, 0.09572491856946197, 0.04681386186606392, 0.020768748166351655, 0.0)",31
9556,39,20,11,"(0.0, 0.0, 0.014772620886788275, 0.01650583712158267, 0.0, 0.02548938439096223, 0.09572491856946197, 0.05885302880459243, 0.036485718580663774, 0.0)",1
9557,39,20,11,"(0.0, 0.0, 0.018004387155732684, 0.01650583712158267, 0.0, 0.02548938439096223, 0.09572491856946197, 0.06061348034350187, 0.036485718580663774, 0.0)",1
9558,40,0,11,"(0.0, 0.0, 0.06200374261520503, 0.008231070503712442, 0.0, 0.030645849071221472, 0.16773790467281977, 0.057494227508786175, 0.026121609841380632, 0.0)",1
9559,40,0,11,"(0.0, 0.0, 0.06200374261520503, 0.010654525538403636, 0.0, 0.019884147475401445, 0.1437018179078727, 0.037695078031116706, 0.026121609841380632, 0.0)",1
9560,40,0,11,"(0.0, 0.0, 0.06200374261520503, 0.014148781159736369, 0.0, 0.030645849071221472, 0.16773790467281977, 0.06471128129841798, 0.026121609841380632, 0.0)",1
9561,40,0,11,"(0.0, 0.0, 0.06200374261520503, 0.010654525538403636, 0.0, 0.030645849071221472, 0.16773790467281977, 0.06471128129841798, 0.026121609841380632, 0.0)",110
9562,40,0,11,"(0.0, 0.0, 0.06200374261520503, 0.010654525538403636, 0.0, 0.030645849071221472, 0.16773790467281977, 0.08028238650273146, 0.026121609841380632, 0.0)",104
9563,40,0,11,"(0.0, 0.0, 0.06200374261520503, 0.010654525538403636, 0.0, 0.05798098505717034, 0.16773790467281977, 0.037695078031116706, 0.026121609841380632, 0.0)",1
9564,40,0,11,"(0.0, 0.0, 0.06200374261520503, 0.005280918796636828, 0.0, 0.030645849071221472, 0.16773790467281977, 0.06471128129841798, 0.026121609841380632, 0.0)",3
9565,40,0,11,"(0.0, 0.0, 0.06200374261520503, 0.006899437587370821, 0.0, 0.030645849071221472, 0.16773790467281977, 0.08028238650273146, 0.026121609841380632, 0.0)",2
9566,40,0,11,"(0.0, 0.0, 0.06200374261520503, 0.010654525538403636, 0.0, 0.036827914640567436, 0.16773790467281977, 0.06471128129841798, 0.026121609841380632, 0.0)",1
9567,40,0,11,"(0.0, 0.0, 0.059022679627135234, 0.010654525538403636, 0.0, 0.030645849071221472, 0.16773790467281977, 0.037695078031116706, 0.026121609841380632, 0.0)",1
9568,40,0,11,"(0.0, 0.0, 0.06200374261520503, 0.010654525538403636, 0.0, 0.030645849071221472, 0.16773790467281977, 0.037695078031116706, 0.026121609841380632, 0.0)",316
9569,40,0,11,"(0.0, 0.0, 0.06200374261520503, 0.010654525538403636, 0.0, 0.030645849071221472, 0.16773790467281977, 0.1935549016111155, 0.026121609841380632, 0.0)",1
9570,40,1,6,"(0.03426039533065134, 0.011572197494497125, 0.0, 0.030181603934096246, 0.005422768956954101, 0.0, 0.019795240631728064, 0.0, 0.028146417112716555, 0.05874522297052942)",278
9571,40,1,6,"(0.06151188644057233, 0.011572197494497125, 0.0, 0.030181603934096246, 0.005422768956954101, 0.0, 0.019795240631728064, 0.0, 0.028146417112716555, 0.05874522297052942)",1
9572,40,1,6,"(0.03426039533065134, 0.011572197494497125, 0.0, 0.030181603934096246, 0.005422768956954101, 0.0, 0.019795240631728064, 0.0, 0.03454633541328598, 0.05874522297052942)",1
9573,40,1,6,"(0.03426039533065134, 0.007278228304502869, 0.0, 0.030181603934096246, 0.005422768956954101, 0.0, 0.019795240631728064, 0.0, 0.028146417112716555, 0.05874522297052942)",1
9574,40,1,6,"(0.03426039533065134, 0.011572197494497125, 0.0, 0.03810987174435774, 0.005422768956954101, 0.0, 0.019795240631728064, 0.0, 0.028146417112716555, 0.05874522297052942)",5
9575,40,1,8,"(0.07111035742329365, 0.046525949225991035, 0.0, 0.0, 0.051217346146779696, 0.0, 0.08851622134981608, 0.08339791883755579, 0.0, 0.0)",1
9576,40,1,8,"(0.07111035742329365, 0.046525949225991035, 0.0, 0.0, 0.051217346146779696, 0.0, 0.08319516954615302, 0.09513444883351557, 0.0, 0.0)",203
9577,40,2,13,"(0.0, 0.02461978404713738, 0.019597212169762776, 0.0, 0.00970885425506607, 0.018261590913946055, 0.0, 0.0, 0.01089208668844536, 0.00476393156717078)",1
9578,40,2,13,"(0.0, 0.012580161117664123, 0.023035932332134326, 0.0, 0.00970885425506607, 0.022173256981297827, 0.0, 0.0, 0.01089208668844536, 0.00476393156717078)",1
9579,40,2,13,"(0.0, 0.02461978404713738, 0.023035932332134326, 0.0, 0.011387232733208198, 0.022173256981297827, 0.0, 0.0, 0.01089208668844536, 0.00476393156717078)",2
9580,40,2,13,"(0.0, 0.008008050359369922, 0.023035932332134326, 0.0, 0.00970885425506607, 0.022173256981297827, 0.0, 0.0, 0.01089208668844536, 0.00476393156717078)",1
9581,40,2,13,"(0.0, 0.022045425842934462, 0.039489237189074405, 0.0, 0.00970885425506607, 0.022173256981297827, 0.0, 0.0, 0.01089208668844536, 0.0036176182911810077)",1
9582,40,2,13,"(0.0, 0.02461978404713738, 0.021639829585672964, 0.0, 0.00970885425506607, 0.022173256981297827, 0.0, 0.0, 0.01089208668844536, 0.006971027841711269)",18
9583,40,2,13,"(0.0, 0.03681211473764205, 0.023035932332134326, 0.0, 0.00970885425506607, 0.022173256981297827, 0.0, 0.0, 0.014193901907867188, 0.007628868472270366)",11
9584,40,2,13,"(0.0, 0.02461978404713738, 0.023035932332134326, 0.0, 0.00970885425506607, 0.022173256981297827, 0.0, 0.0, 0.01089208668844536, 0.00476393156717078)",321
9585,40,2,13,"(0.0, 0.02461978404713738, 0.023035932332134326, 0.0, 0.00970885425506607, 0.022173256981297827, 0.0, 0.0, 0.01089208668844536, 0.003969086234824426)",1
9586,40,2,13,"(0.0, 0.02461978404713738, 0.028911322939084945, 0.0, 0.00970885425506607, 0.022173256981297827, 0.0, 0.0, 0.01089208668844536, 0.00476393156717078)",2
9587,40,3,13,"(0.0, 0.02461978404713738, 0.023035932332134326, 0.0, 0.013397120020122293, 0.022173256981297827, 0.0, 0.0, 0.01089208668844536, 0.0024210571489308606)",2
9588,40,3,13,"(0.0, 0.02461978404713738, 0.02778100077009324, 0.0, 0.01810411441758469, 0.022173256981297827, 0.0, 0.0, 0.01089208668844536, 0.0024406349647482155)",1
9589,40,3,13,"(0.0, 0.02461978404713738, 0.023035932332134326, 0.0, 0.01810411441758469, 0.022173256981297827, 0.0, 0.0, 0.01089208668844536, 0.00314560393977673)",10
9590,40,3,13,"(0.0, 0.02461978404713738, 0.023035932332134326, 0.0, 0.03465501786125156, 0.022173256981297827, 0.0, 0.0, 0.01089208668844536, 0.0024406349647482155)",1
9591,40,3,13,"(0.0, 0.02461978404713738, 0.023035932332134326, 0.0, 0.01810411441758469, 0.022173256981297827, 0.0, 0.0, 0.01089208668844536, 0.0024406349647482155)",139
9592,40,3,13,"(0.0, 0.016386885114447098, 0.023035932332134326, 0.0, 0.01810411441758469, 0.022173256981297827, 0.0, 0.0, 0.01089208668844536, 0.0024406349647482155)",1
9593,40,3,13,"(0.0, 0.02461978404713738, 0.02714427534102644, 0.0, 0.013397120020122293, 0.022173256981297827, 0.0, 0.0, 0.01089208668844536, 0.0024406349647482155)",1
9594,40,3,13,"(0.0, 0.02461978404713738, 0.023035932332134326, 0.0, 0.026160855455008483, 0.022173256981297827, 0.0, 0.0, 0.01089208668844536, 0.0024406349647482155)",1
9595,40,3,13,"(0.0, 0.02461978404713738, 0.023035932332134326, 0.0, 0.01810411441758469, 0.02258798479613273, 0.0, 0.0, 0.01089208668844536, 0.0024406349647482155)",1
9596,40,3,13,"(0.0, 0.02461978404713738, 0.023035932332134326, 0.0, 0.004696714821505245, 0.022173256981297827, 0.0, 0.0, 0.01089208668844536, 0.0024406349647482155)",1
9597,40,3,13,"(0.0, 0.02461978404713738, 0.023035932332134326, 0.0, 0.013397120020122293, 0.022173256981297827, 0.0, 0.0, 0.005497274796705078, 0.0024406349647482155)",1
9598,40,3,13,"(0.0, 0.02461978404713738, 0.023035932332134326, 0.0, 0.013397120020122293, 0.022173256981297827, 0.0, 0.0, 0.01089208668844536, 0.0024406349647482155)",178
9599,40,3,13,"(0.0, 0.02461978404713738, 0.023035932332134326, 0.0, 0.01810411441758469, 0.01760026342712169, 0.0, 0.0, 0.01089208668844536, 0.0024406349647482155)",1
9600,40,3,13,"(0.0, 0.02461978404713738, 0.0288413884725966, 0.0, 0.013397120020122293, 0.022173256981297827, 0.0, 0.0, 0.01089208668844536, 0.0024406349647482155)",1
9601,40,4,11,"(0.0, 0.0, 0.09864539577037362, 0.01650583712158267, 0.0, 0.030645849071221472, 0.08153022673827125, 0.07240876560513207, 0.026121609841380632, 0.0)",472
9602,40,4,11,"(0.0, 0.0, 0.09427245859056908, 0.01650583712158267, 0.0, 0.030645849071221472, 0.03806885107408325, 0.07240876560513207, 0.026121609841380632, 0.0)",1
9603,40,4,11,"(0.0, 0.0, 0.09864539577037362, 0.01650583712158267, 0.0, 0.030645849071221472, 0.08153022673827125, 0.07240876560513207, 0.016789309039703673, 0.0)",10
9604,40,4,11,"(0.0, 0.0, 0.05650508140875591, 0.01650583712158267, 0.0, 0.030645849071221472, 0.08153022673827125, 0.07240876560513207, 0.026121609841380632, 0.0)",21
9605,40,4,11,"(0.0, 0.0, 0.09864539577037362, 0.01650583712158267, 0.0, 0.032300478914844256, 0.08153022673827125, 0.07240876560513207, 0.026121609841380632, 0.0)",8
9606,40,4,11,"(0.0, 0.0, 0.09864539577037362, 0.016449229662260093, 0.0, 0.030645849071221472, 0.08153022673827125, 0.07240876560513207, 0.019153607124081824, 0.0)",14
9607,40,4,11,"(0.0, 0.0, 0.09864539577037362, 0.016449229662260093, 0.0, 0.051558415203702315, 0.08153022673827125, 0.07240876560513207, 0.019153607124081824, 0.0)",1
9608,40,4,11,"(0.0, 0.0, 0.1651713366029173, 0.01650583712158267, 0.0, 0.032300478914844256, 0.08153022673827125, 0.07240876560513207, 0.026121609841380632, 0.0)",1
9609,40,4,11,"(0.0, 0.0, 0.09864539577037362, 0.015273057859806557, 0.0, 0.030645849071221472, 0.08153022673827125, 0.07240876560513207, 0.026121609841380632, 0.0)",1
9610,40,5,0,"(0.0402479284341202, 0.0, 0.0, 0.0, 0.0, 0.038664151314593, 0.08380840797570269, 0.04246897180283144, 0.0, 0.0)",1
9611,40,5,0,"(0.09319076039451009, 0.0, 0.0, 0.0, 0.0, 0.038664151314593, 0.16602532825140243, 0.06261049614614052, 0.0, 0.0)",1
9612,40,5,0,"(0.07400250769571483, 0.0, 0.0, 0.0, 0.0, 0.038664151314593, 0.0933742813561374, 0.10419109828175244, 0.0, 0.0)",1
9613,40,5,0,"(0.0402479284341202, 0.0, 0.0, 0.0, 0.0, 0.038664151314593, 0.08380840797570269, 0.06261049614614052, 0.0, 0.0)",71
9614,40,5,0,"(0.12352974491755873, 0.0, 0.0, 0.0, 0.0, 0.038664151314593, 0.08380840797570269, 0.06261049614614052, 0.0, 0.0)",45
9615,40,5,0,"(0.07400250769571483, 0.0, 0.0, 0.0, 0.0, 0.038664151314593, 0.08380840797570269, 0.06261049614614052, 0.0, 0.0)",100
9616,40,5,0,"(0.17044134489793708, 0.0, 0.0, 0.0, 0.0, 0.038664151314593, 0.048425895300151456, 0.06261049614614052, 0.0, 0.0)",1
9617,40,5,0,"(0.12352974491755873, 0.0, 0.0, 0.0, 0.0, 0.02189361792274707, 0.08380840797570269, 0.06261049614614052, 0.0, 0.0)",20
9618,40,5,6,"(0.03426039533065134, 0.011572197494497125, 0.0, 0.030181603934096246, 0.005422768956954101, 0.0, 0.019795240631728064, 0.0, 0.028146417112716555, 0.05874522297052942)",289
9619,40,5,6,"(0.03426039533065134, 0.011572197494497125, 0.0, 0.030181603934096246, 0.005422768956954101, 0.0, 0.019795240631728064, 0.0, 0.05804058219443604, 0.05874522297052942)",1
9620,40,5,6,"(0.03426039533065134, 0.011572197494497125, 0.0, 0.024894665713296547, 0.003970758712006326, 0.0, 0.014224981739869701, 0.0, 0.021063810993410027, 0.05874522297052942)",3
9621,40,5,6,"(0.03426039533065134, 0.01766986063811959, 0.0, 0.030181603934096246, 0.005422768956954101, 0.0, 0.019795240631728064, 0.0, 0.028146417112716555, 0.04926491214469907)",1
9622,40,6,0,"(0.06234213132962305, 0.0, 0.0, 0.0, 0.0, 0.017098731129875016, 0.07011830437097326, 0.0691048466035698, 0.0, 0.0)",227
9623,40,6,0,"(0.06234213132962305, 0.0, 0.0, 0.0, 0.0, 0.017098731129875016, 0.07558287748739766, 0.0691048466035698, 0.0, 0.0)",2
9624,40,6,0,"(0.07400250769571483, 0.0, 0.0, 0.0, 0.0, 0.02131031663174836, 0.08380840797570269, 0.0691048466035698, 0.0, 0.0)",1
9625,40,6,0,"(0.06234213132962305, 0.0, 0.0, 0.0, 0.0, 0.014171889869427065, 0.07011830437097326, 0.04330834828631093, 0.0, 0.0)",8
9626,40,6,0,"(0.06234213132962305, 0.0, 0.0, 0.0, 0.0, 0.017098731129875016, 0.07011830437097326, 0.0931703299142427, 0.0, 0.0)",1
9627,40,6,0,"(0.07400250769571483, 0.0, 0.0, 0.0, 0.0, 0.017098731129875016, 0.08380840797570269, 0.0691048466035698, 0.0, 0.0)",49
9628,40,7,13,"(0.0, 0.02461978404713738, 0.023035932332134326, 0.0, 0.01810411441758469, 0.022173256981297827, 0.0, 0.0, 0.01089208668844536, 0.00476393156717078)",297
9629,40,7,13,"(0.0, 0.02461978404713738, 0.023035932332134326, 0.0, 0.01857571540854082, 0.019565507465291468, 0.0, 0.0, 0.01089208668844536, 0.00476393156717078)",2
9630,40,8,11,"(0.0, 0.0, 0.09864539577037362, 0.02150422363422624, 0.0, 0.030645849071221472, 0.16773790467281977, 0.0162019715629703, 0.026121609841380632, 0.0)",1
9631,40,8,11,"(0.0, 0.0, 0.09864539577037362, 0.02150422363422624, 0.0, 0.030645849071221472, 0.14018263367064687, 0.0386197297757742, 0.026121609841380632, 0.0)",1
9632,40,8,11,"(0.0, 0.0, 0.09864539577037362, 0.02150422363422624, 0.0, 0.05941103763526133, 0.2516124338231284, 0.0386197297757742, 0.026121609841380632, 0.0)",2
9633,40,8,11,"(0.0, 0.0, 0.09864539577037362, 0.02150422363422624, 0.0, 0.030645849071221472, 0.13318806462887117, 0.0386197297757742, 0.04523232437586296, 0.0)",1
9634,40,8,11,"(0.0, 0.0, 0.09864539577037362, 0.02150422363422624, 0.0, 0.030645849071221472, 0.16773790467281977, 0.06420304963748995, 0.026121609841380632, 0.0)",1
9635,40,8,11,"(0.0, 0.0, 0.09864539577037362, 0.02150422363422624, 0.0, 0.030645849071221472, 0.16773790467281977, 0.055024899506718884, 0.026121609841380632, 0.0)",1
9636,40,8,11,"(0.0, 0.0, 0.09028366365304452, 0.02150422363422624, 0.0, 0.030645849071221472, 0.16773790467281977, 0.0386197297757742, 0.026121609841380632, 0.0)",2
9637,40,8,11,"(0.0, 0.0, 0.09864539577037362, 0.02150422363422624, 0.0, 0.030645849071221472, 0.16773790467281977, 0.0386197297757742, 0.026121609841380632, 0.0)",644
9638,40,8,11,"(0.0, 0.0, 0.09864539577037362, 0.02150422363422624, 0.0, 0.030645849071221472, 0.16773790467281977, 0.033467151319843104, 0.026121609841380632, 0.0)",5
9639,40,8,11,"(0.0, 0.0, 0.09864539577037362, 0.02150422363422624, 0.0, 0.030645849071221472, 0.16773790467281977, 0.0386197297757742, 0.01940580591325586, 0.0)",10
9640,40,9,11,"(0.0, 0.0, 0.11755819882518005, 0.01650583712158267, 0.0, 0.02375279233445006, 0.1254348761332085, 0.08028238650273146, 0.026121609841380632, 0.0)",496
9641,40,9,11,"(0.0, 0.0, 0.11528812287082277, 0.03261534338434629, 0.0, 0.02375279233445006, 0.1254348761332085, 0.08028238650273146, 0.026121609841380632, 0.0)",4
9642,40,9,11,"(0.0, 0.0, 0.11755819882518005, 0.010707504229331507, 0.0, 0.02375279233445006, 0.1254348761332085, 0.08028238650273146, 0.026121609841380632, 0.0)",1
9643,40,9,11,"(0.0, 0.0, 0.08885748940687964, 0.01650583712158267, 0.0, 0.02375279233445006, 0.16773790467281977, 0.028644992184185758, 0.042755324982305734, 0.0)",36
9644,40,9,11,"(0.0, 0.0, 0.16722311362068484, 0.01650583712158267, 0.0, 0.02375279233445006, 0.1254348761332085, 0.0953214267549225, 0.026121609841380632, 0.0)",2
9645,40,9,11,"(0.0, 0.0, 0.10671393527848472, 0.01650583712158267, 0.0, 0.02375279233445006, 0.1254348761332085, 0.13799287675903393, 0.026121609841380632, 0.0)",1
9646,40,9,11,"(0.0, 0.0, 0.11755819882518005, 0.01650583712158267, 0.0, 0.04234761901694916, 0.1254348761332085, 0.08028238650273146, 0.026121609841380632, 0.0)",1
9647,40,10,13,"(0.0, 0.02461978404713738, 0.023035932332134326, 0.0, 0.01810411441758469, 0.018327253906796452, 0.0, 0.0, 0.01089208668844536, 0.00476393156717078)",280
9648,40,10,13,"(0.0, 0.02461978404713738, 0.023035932332134326, 0.0, 0.019209489209120908, 0.018327253906796452, 0.0, 0.0, 0.01089208668844536, 0.00476393156717078)",1
9649,40,10,13,"(0.0, 0.02461978404713738, 0.023035932332134326, 0.0, 0.01810411441758469, 0.022173256981297827, 0.0, 0.0, 0.007124780099364511, 0.00476393156717078)",17
9650,40,10,13,"(0.0, 0.02461978404713738, 0.023035932332134326, 0.0, 0.01810411441758469, 0.02235807668136228, 0.0, 0.0, 0.01089208668844536, 0.00476393156717078)",3
9651,40,10,13,"(0.0, 0.025826056546936607, 0.023035932332134326, 0.0, 0.01810411441758469, 0.018327253906796452, 0.0, 0.0, 0.01089208668844536, 0.00476393156717078)",2
9652,40,10,13,"(0.0, 0.02461978404713738, 0.023035932332134326, 0.0, 0.01810411441758469, 0.022173256981297827, 0.0, 0.0, 0.013198247546819553, 0.00476393156717078)",1
9653,40,10,13,"(0.0, 0.023280075081307208, 0.023035932332134326, 0.0, 0.01810411441758469, 0.018327253906796452, 0.0, 0.0, 0.01089208668844536, 0.003911841734760571)",1
9654,40,10,13,"(0.0, 0.02461978404713738, 0.023035932332134326, 0.0, 0.01810411441758469, 0.022173256981297827, 0.0, 0.0, 0.01089208668844536, 0.00476393156717078)",211
9655,40,10,13,"(0.0, 0.02461978404713738, 0.026233977983780462, 0.0, 0.01810411441758469, 0.011176201049310967, 0.0, 0.0, 0.01089208668844536, 0.00476393156717078)",1
9656,40,10,13,"(0.0, 0.02461978404713738, 0.018949310639999082, 0.0, 0.01810411441758469, 0.022173256981297827, 0.0, 0.0, 0.01089208668844536, 0.00476393156717078)",1
9657,40,10,13,"(0.0, 0.02461978404713738, 0.024073968656953177, 0.0, 0.01810411441758469, 0.022173256981297827, 0.0, 0.0, 0.01089208668844536, 0.00476393156717078)",1
9658,40,10,13,"(0.0, 0.02461978404713738, 0.023035932332134326, 0.0, 0.013467116465538831, 0.022173256981297827, 0.0, 0.0, 0.01089208668844536, 0.00476393156717078)",1
9659,40,10,13,"(0.0, 0.02461978404713738, 0.023035932332134326, 0.0, 0.013762623300259402, 0.033660057621248844, 0.0, 0.0, 0.013101086847883983, 0.0035486876472055596)",1
9660,40,11,13,"(0.0, 0.02461978404713738, 0.023035932332134326, 0.0, 0.01810411441758469, 0.022173256981297827, 0.0, 0.0, 0.01089208668844536, 0.0036872173179800785)",149
9661,40,11,13,"(0.0, 0.04230620197366493, 0.05742016041975065, 0.0, 0.01810411441758469, 0.022173256981297827, 0.0, 0.0, 0.01089208668844536, 0.0034183661226660153)",1
9662,40,11,13,"(0.0, 0.02122868727400169, 0.023035932332134326, 0.0, 0.01810411441758469, 0.022173256981297827, 0.0, 0.0, 0.01089208668844536, 0.0036872173179800785)",1
9663,40,11,13,"(0.0, 0.02461978404713738, 0.023035932332134326, 0.0, 0.01810411441758469, 0.022173256981297827, 0.0, 0.0, 0.01089208668844536, 0.00476393156717078)",29
9664,40,11,13,"(0.0, 0.02461978404713738, 0.023035932332134326, 0.0, 0.01810411441758469, 0.022173256981297827, 0.0, 0.0, 0.01089208668844536, 0.0034183661226660153)",56
9665,40,11,13,"(0.0, 0.02461978404713738, 0.014697434381911852, 0.0, 0.01810411441758469, 0.022173256981297827, 0.0, 0.0, 0.01089208668844536, 0.00476393156717078)",1
9666,40,11,13,"(0.0, 0.02461978404713738, 0.023035932332134326, 0.0, 0.01810411441758469, 0.022173256981297827, 0.0, 0.0, 0.01089208668844536, 0.004017194243464922)",3
9667,40,12,8,"(0.19235562551390653, 0.046525949225991035, 0.0, 0.0, 0.04573034632799446, 0.0, 0.08319516954615302, 0.1116381245929446, 0.0, 0.0)",161
9668,40,12,8,"(0.19235562551390653, 0.046525949225991035, 0.0, 0.0, 0.08922249357395273, 0.0, 0.08319516954615302, 0.1116381245929446, 0.0, 0.0)",2
9669,40,12,10,"(0.03550653097490399, 0.1138058861947842, 0.08122308672710443, 0.0017773360538905325, 0.0, 0.11284122864845939, 0.0, 0.10994488928074131, 0.0, 0.0)",2
9670,40,12,10,"(0.03550653097490399, 0.04034976230396619, 0.09682940930282144, 0.0017773360538905325, 0.0, 0.06291875767155253, 0.0, 0.10994488928074131, 0.0, 0.0)",1
9671,40,12,10,"(0.03550653097490399, 0.03958521329327879, 0.09682940930282144, 0.0017773360538905325, 0.0, 0.06291875767155253, 0.0, 0.10994488928074131, 0.0, 0.0)",10
9672,40,12,10,"(0.03550653097490399, 0.06927916245295945, 0.1008477177418026, 0.0017773360538905325, 0.0, 0.06291875767155253, 0.0, 0.10994488928074131, 0.0, 0.0)",16
9673,40,12,10,"(0.03550653097490399, 0.06927916245295945, 0.09682940930282144, 0.0011854610611992378, 0.0, 0.06291875767155253, 0.0, 0.10994488928074131, 0.0, 0.0)",1
9674,40,12,10,"(0.03550653097490399, 0.06927916245295945, 0.09682940930282144, 0.0018567384948226923, 0.0, 0.06291875767155253, 0.0, 0.10994488928074131, 0.0, 0.0)",2
9675,40,12,10,"(0.03550653097490399, 0.06927916245295945, 0.09682940930282144, 0.0017773360538905325, 0.0, 0.06291875767155253, 0.0, 0.10994488928074131, 0.0, 0.0)",233
9676,40,12,10,"(0.03550653097490399, 0.06927916245295945, 0.09682940930282144, 0.0017773360538905325, 0.0, 0.06291875767155253, 0.0, 0.12411390708705237, 0.0, 0.0)",2
9677,40,13,6,"(0.03426039533065134, 0.011572197494497125, 0.0, 0.030181603934096246, 0.005422768956954101, 0.0, 0.019795240631728064, 0.0, 0.028146417112716555, 0.06813145403386724)",1
9678,40,13,6,"(0.03426039533065134, 0.004471879515153703, 0.0, 0.030181603934096246, 0.005422768956954101, 0.0, 0.019795240631728064, 0.0, 0.028146417112716555, 0.05874522297052942)",1
9679,40,13,6,"(0.03426039533065134, 0.011572197494497125, 0.0, 0.030181603934096246, 0.005422768956954101, 0.0, 0.019795240631728064, 0.0, 0.028146417112716555, 0.05874522297052942)",84
9680,40,13,6,"(0.0240540228605835, 0.011572197494497125, 0.0, 0.030181603934096246, 0.005422768956954101, 0.0, 0.019795240631728064, 0.0, 0.013235187595758816, 0.05874522297052942)",3
9681,40,13,6,"(0.03426039533065134, 0.011572197494497125, 0.0, 0.030181603934096246, 0.005422768956954101, 0.0, 0.019389299184915457, 0.0, 0.009544735030406239, 0.05874522297052942)",3
9682,40,13,6,"(0.03426039533065134, 0.011572197494497125, 0.0, 0.030181603934096246, 0.005422768956954101, 0.0, 0.019795240631728064, 0.0, 0.016209741115842353, 0.05874522297052942)",76
9683,40,13,6,"(0.05958847373502337, 0.013587362269401333, 0.0, 0.030181603934096246, 0.005422768956954101, 0.0, 0.019795240631728064, 0.0, 0.02749694718472998, 0.05874522297052942)",6
9684,40,14,11,"(0.0, 0.0, 0.07563427679391872, 0.01650583712158267, 0.0, 0.030645849071221472, 0.22686291840574474, 0.06977435764817205, 0.026121609841380632, 0.0)",6
9685,40,14,11,"(0.0, 0.0, 0.07563427679391872, 0.01650583712158267, 0.0, 0.052303396942210645, 0.16773790467281977, 0.046237642847009, 0.026121609841380632, 0.0)",4
9686,40,14,11,"(0.0, 0.0, 0.07563427679391872, 0.020796507563061617, 0.0, 0.030645849071221472, 0.16773790467281977, 0.046237642847009, 0.026121609841380632, 0.0)",1
9687,40,14,11,"(0.0, 0.0, 0.07563427679391872, 0.01650583712158267, 0.0, 0.030645849071221472, 0.16773790467281977, 0.046237642847009, 0.026121609841380632, 0.0)",362
9688,40,14,11,"(0.0, 0.0, 0.09727497765553475, 0.018694316600335076, 0.0, 0.030645849071221472, 0.16773790467281977, 0.046237642847009, 0.026121609841380632, 0.0)",1
9689,40,14,11,"(0.0, 0.0, 0.07563427679391872, 0.008633732231136207, 0.0, 0.030645849071221472, 0.16773790467281977, 0.046237642847009, 0.026121609841380632, 0.0)",2
9690,40,14,11,"(0.0, 0.0, 0.07563427679391872, 0.018694316600335076, 0.0, 0.030645849071221472, 0.16773790467281977, 0.046237642847009, 0.026121609841380632, 0.0)",1
9691,40,14,13,"(0.0, 0.02461978404713738, 0.023035932332134326, 0.0, 0.01810411441758469, 0.022173256981297827, 0.0, 0.0, 0.008370980406971327, 0.00476393156717078)",1
9692,40,14,13,"(0.0, 0.021423194238546907, 0.018272050395880708, 0.0, 0.01810411441758469, 0.022173256981297827, 0.0, 0.0, 0.008243628966280307, 0.00476393156717078)",90
9693,40,14,13,"(0.0, 0.021423194238546907, 0.018272050395880708, 0.0, 0.007803315291460144, 0.022173256981297827, 0.0, 0.0, 0.008243628966280307, 0.00476393156717078)",1
9694,40,14,13,"(0.0, 0.02461978404713738, 0.023035932332134326, 0.0, 0.01810411441758469, 0.022173256981297827, 0.0, 0.0, 0.01089208668844536, 0.00476393156717078)",118
9695,40,14,13,"(0.0, 0.02461978404713738, 0.023035932332134326, 0.0, 0.01810411441758469, 0.0189920619375208, 0.0, 0.0, 0.01089208668844536, 0.00476393156717078)",1
9696,40,15,11,"(0.0, 0.0, 0.14113639157970795, 0.01650583712158267, 0.0, 0.020355830679555063, 0.16773790467281977, 0.0404147798164449, 0.026121609841380632, 0.0)",1
9697,40,15,11,"(0.0, 0.0, 0.11839367174953695, 0.01650583712158267, 0.0, 0.030645849071221472, 0.16773790467281977, 0.0404147798164449, 0.02638141943748401, 0.0)",2
9698,40,15,11,"(0.0, 0.0, 0.11839367174953695, 0.01650583712158267, 0.0, 0.03356237089366861, 0.16773790467281977, 0.0404147798164449, 0.026121609841380632, 0.0)",1
9699,40,15,11,"(0.0, 0.0, 0.05962593997815831, 0.01650583712158267, 0.0, 0.030645849071221472, 0.252731351199758, 0.07843625016061442, 0.026121609841380632, 0.0)",2
9700,40,15,11,"(0.0, 0.0, 0.11839367174953695, 0.01650583712158267, 0.0, 0.030645849071221472, 0.16773790467281977, 0.0404147798164449, 0.04916296259375173, 0.0)",2
9701,40,15,11,"(0.0, 0.0, 0.11839367174953695, 0.011559217329511085, 0.0, 0.030645849071221472, 0.16773790467281977, 0.0404147798164449, 0.026121609841380632, 0.0)",1
9702,40,15,11,"(0.0, 0.0, 0.11839367174953695, 0.01650583712158267, 0.0, 0.030645849071221472, 0.16969737361347875, 0.0404147798164449, 0.026121609841380632, 0.0)",1
9703,40,15,11,"(0.0, 0.0, 0.11839367174953695, 0.01650583712158267, 0.0, 0.030645849071221472, 0.16773790467281977, 0.0448457246667969, 0.026121609841380632, 0.0)",3
9704,40,15,11,"(0.0, 0.0, 0.11839367174953695, 0.01650583712158267, 0.0, 0.020355830679555063, 0.16773790467281977, 0.0404147798164449, 0.026121609841380632, 0.0)",31
9705,40,15,11,"(0.0, 0.0, 0.11839367174953695, 0.01650583712158267, 0.0, 0.030645849071221472, 0.16773790467281977, 0.0404147798164449, 0.026121609841380632, 0.0)",594
9706,40,15,11,"(0.0, 0.0, 0.11839367174953695, 0.011893338207484769, 0.0, 0.030645849071221472, 0.16773790467281977, 0.0404147798164449, 0.026121609841380632, 0.0)",2
9707,40,15,11,"(0.0, 0.0, 0.11839367174953695, 0.01650583712158267, 0.0, 0.030645849071221472, 0.16773790467281977, 0.0404147798164449, 0.01820593477724782, 0.0)",2
9708,40,15,11,"(0.0, 0.0, 0.11839367174953695, 0.01650583712158267, 0.0, 0.030645849071221472, 0.16773790467281977, 0.0404147798164449, 0.024705769200955206, 0.0)",1
9709,40,15,11,"(0.0, 0.0, 0.11839367174953695, 0.014232494477130694, 0.0, 0.030645849071221472, 0.16773790467281977, 0.0404147798164449, 0.026121609841380632, 0.0)",1
9710,40,15,11,"(0.0, 0.0, 0.18551604851705475, 0.01650583712158267, 0.0, 0.020355830679555063, 0.16773790467281977, 0.0404147798164449, 0.026121609841380632, 0.0)",2
9711,40,16,1,"(0.0, 0.0, 0.03845079183777995, 0.0, 0.0, 0.0199117526153351, 0.0, 0.0, 0.0, 0.053079885168575563)",2
9712,40,16,1,"(0.0, 0.0, 0.041406372128065916, 0.0, 0.0, 0.0199117526153351, 0.0, 0.0, 0.0, 0.09388784444403922)",4
9713,40,16,1,"(0.0, 0.0, 0.041406372128065916, 0.0, 0.0, 0.0199117526153351, 0.0, 0.0, 0.0, 0.053079885168575563)",250
9714,40,16,1,"(0.0, 0.0, 0.041406372128065916, 0.0, 0.0, 0.0199117526153351, 0.0, 0.0, 0.0, 0.06775685849266061)",1
9715,40,16,1,"(0.0, 0.0, 0.049880432812065764, 0.0, 0.0, 0.0199117526153351, 0.0, 0.0, 0.0, 0.09411572666513933)",2
9716,40,16,1,"(0.0, 0.0, 0.044441990426526114, 0.0, 0.0, 0.0199117526153351, 0.0, 0.0, 0.0, 0.047529216575968564)",1
9717,40,16,1,"(0.0, 0.0, 0.04840112254676336, 0.0, 0.0, 0.0199117526153351, 0.0, 0.0, 0.0, 0.047529216575968564)",2
9718,40,16,1,"(0.0, 0.0, 0.041406372128065916, 0.0, 0.0, 0.0199117526153351, 0.0, 0.0, 0.0, 0.047529216575968564)",497
9719,40,16,1,"(0.0, 0.0, 0.056030237825234044, 0.0, 0.0, 0.0199117526153351, 0.0, 0.0, 0.0, 0.053079885168575563)",3
9720,40,16,1,"(0.0, 0.0, 0.041406372128065916, 0.0, 0.0, 0.024602326509952182, 0.0, 0.0, 0.0, 0.047529216575968564)",1
9721,40,16,1,"(0.0, 0.0, 0.041406372128065916, 0.0, 0.0, 0.0199117526153351, 0.0, 0.0, 0.0, 0.04406633456993287)",1
9722,40,16,1,"(0.0, 0.0, 0.0221378713986758, 0.0, 0.0, 0.0199117526153351, 0.0, 0.0, 0.0, 0.047529216575968564)",3
9723,40,16,8,"(0.15586620310933386, 0.04637135025930518, 0.0, 0.0, 0.07022106556493442, 0.0, 0.060701614823567854, 0.11563462307684738, 0.0, 0.0)",1
9724,40,16,8,"(0.16507889091742442, 0.046525949225991035, 0.0, 0.0, 0.07022106556493442, 0.0, 0.060701614823567854, 0.17719053431381143, 0.0, 0.0)",7
9725,40,16,8,"(0.16507889091742442, 0.046525949225991035, 0.0, 0.0, 0.07022106556493442, 0.0, 0.060701614823567854, 0.1116381245929446, 0.0, 0.0)",139
9726,40,16,8,"(0.13269473824785627, 0.046525949225991035, 0.0, 0.0, 0.07022106556493442, 0.0, 0.060701614823567854, 0.12568729216067168, 0.0, 0.0)",52
9727,40,16,8,"(0.16507889091742442, 0.04637135025930518, 0.0, 0.0, 0.07022106556493442, 0.0, 0.060701614823567854, 0.1116381245929446, 0.0, 0.0)",21
9728,40,17,1,"(0.0, 0.0, 0.10650950881622333, 0.0, 0.0, 0.022640784901484766, 0.0, 0.0, 0.0, 0.03043551091873292)",2
9729,40,17,1,"(0.0, 0.0, 0.10650950881622333, 0.0, 0.0, 0.02820978546798965, 0.0, 0.0, 0.0, 0.04299143015324306)",1
9730,40,17,1,"(0.0, 0.0, 0.10650950881622333, 0.0, 0.0, 0.022640784901484766, 0.0, 0.0, 0.0, 0.04557123282186749)",494
9731,40,17,1,"(0.0, 0.0, 0.10650950881622333, 0.0, 0.0, 0.022640784901484766, 0.0, 0.0, 0.0, 0.0247899514252544)",2
9732,40,17,1,"(0.0, 0.0, 0.10650950881622333, 0.0, 0.0, 0.022640784901484766, 0.0, 0.0, 0.0, 0.05492785593910339)",1
9733,40,17,1,"(0.0, 0.0, 0.10650950881622333, 0.0, 0.0, 0.020592535762566352, 0.0, 0.0, 0.0, 0.04557123282186749)",4
9734,40,17,1,"(0.0, 0.0, 0.10650950881622333, 0.0, 0.0, 0.022640784901484766, 0.0, 0.0, 0.0, 0.05365096960913612)",1
9735,40,17,1,"(0.0, 0.0, 0.10650950881622333, 0.0, 0.0, 0.024620645423536498, 0.0, 0.0, 0.0, 0.04557123282186749)",1
9736,40,17,1,"(0.0, 0.0, 0.10650950881622333, 0.0, 0.0, 0.015981466143281508, 0.0, 0.0, 0.0, 0.03360366684773802)",1
9737,40,17,1,"(0.0, 0.0, 0.10922905711608999, 0.0, 0.0, 0.030018978917809972, 0.0, 0.0, 0.0, 0.0910060267578522)",157
9738,40,17,1,"(0.0, 0.0, 0.10650950881622333, 0.0, 0.0, 0.022640784901484766, 0.0, 0.0, 0.0, 0.05695704621415057)",1
9739,40,17,8,"(0.10294337677241405, 0.04632028014141928, 0.0, 0.0, 0.07022106556493442, 0.0, 0.08319516954615302, 0.1116381245929446, 0.0, 0.0)",166
9740,40,17,8,"(0.1348556179783347, 0.04632028014141928, 0.0, 0.0, 0.07022106556493442, 0.0, 0.07411073730799889, 0.1116381245929446, 0.0, 0.0)",12
9741,40,17,8,"(0.0799097146247064, 0.04632028014141928, 0.0, 0.0, 0.07022106556493442, 0.0, 0.08319516954615302, 0.1116381245929446, 0.0, 0.0)",2
9742,40,17,8,"(0.11382222294420535, 0.04632028014141928, 0.0, 0.0, 0.07022106556493442, 0.0, 0.08319516954615302, 0.08967387372682195, 0.0, 0.0)",4
9743,40,17,8,"(0.10294337677241405, 0.04632028014141928, 0.0, 0.0, 0.07022106556493442, 0.0, 0.07411073730799889, 0.1116381245929446, 0.0, 0.0)",94
9744,40,17,8,"(0.10294337677241405, 0.04186443169425281, 0.0, 0.0, 0.07022106556493442, 0.0, 0.07411073730799889, 0.1116381245929446, 0.0, 0.0)",3
9745,40,17,8,"(0.10294337677241405, 0.04632028014141928, 0.0, 0.0, 0.18146027066833895, 0.0, 0.08319516954615302, 0.1116381245929446, 0.0, 0.0)",2
9746,40,18,10,"(0.04291527694568347, 0.06927916245295945, 0.09682940930282144, 0.0017773360538905325, 0.0, 0.06291875767155253, 0.0, 0.10994488928074131, 0.0, 0.0)",1
9747,40,18,10,"(0.08407412778494493, 0.06927916245295945, 0.09682940930282144, 0.0017773360538905325, 0.0, 0.06291875767155253, 0.0, 0.10994488928074131, 0.0, 0.0)",7
9748,40,18,10,"(0.07734904686468291, 0.08754556586700922, 0.09682940930282144, 0.0017773360538905325, 0.0, 0.06291875767155253, 0.0, 0.10994488928074131, 0.0, 0.0)",20
9749,40,18,10,"(0.07734904686468291, 0.06927916245295945, 0.09682940930282144, 0.0017773360538905325, 0.0, 0.06291875767155253, 0.0, 0.10994488928074131, 0.0, 0.0)",111
9750,40,18,11,"(0.0, 0.0, 0.10747195337995982, 0.01650583712158267, 0.0, 0.03150275214907511, 0.13038533056739307, 0.08028238650273146, 0.026121609841380632, 0.0)",1
9751,40,18,11,"(0.0, 0.0, 0.09864539577037362, 0.01650583712158267, 0.0, 0.046717474401057085, 0.13038533056739307, 0.08028238650273146, 0.026121609841380632, 0.0)",1
9752,40,18,11,"(0.0, 0.0, 0.06806733868888061, 0.01650583712158267, 0.0, 0.03150275214907511, 0.13038533056739307, 0.08028238650273146, 0.026121609841380632, 0.0)",1
9753,40,18,11,"(0.0, 0.0, 0.09864539577037362, 0.01650583712158267, 0.0, 0.03150275214907511, 0.13038533056739307, 0.06701962771118558, 0.0248368975852495, 0.0)",7
9754,40,18,11,"(0.0, 0.0, 0.08898107447558858, 0.0073072748787025256, 0.0, 0.03150275214907511, 0.13038533056739307, 0.08028238650273146, 0.02242116147926174, 0.0)",9
9755,40,18,11,"(0.0, 0.0, 0.08898107447558858, 0.01650583712158267, 0.0, 0.03150275214907511, 0.1988908313398753, 0.08028238650273146, 0.026121609841380632, 0.0)",1
9756,40,18,11,"(0.0, 0.0, 0.08898107447558858, 0.01650583712158267, 0.0, 0.03150275214907511, 0.13038533056739307, 0.08028238650273146, 0.026121609841380632, 0.0)",265
9757,40,18,11,"(0.0, 0.0, 0.09864539577037362, 0.01650583712158267, 0.0, 0.03150275214907511, 0.13038533056739307, 0.08028238650273146, 0.028657815128018384, 0.0)",1
9758,40,18,11,"(0.0, 0.0, 0.08898107447558858, 0.01650583712158267, 0.0, 0.03150275214907511, 0.13038533056739307, 0.0545600727336304, 0.026121609841380632, 0.0)",4
9759,40,18,11,"(0.0, 0.0, 0.08898107447558858, 0.01650583712158267, 0.0, 0.03150275214907511, 0.13038533056739307, 0.08028238650273146, 0.018422563788353302, 0.0)",2
9760,40,18,11,"(0.0, 0.0, 0.08898107447558858, 0.01650583712158267, 0.0, 0.03150275214907511, 0.13038533056739307, 0.08028238650273146, 0.02242116147926174, 0.0)",9
9761,40,18,11,"(0.0, 0.0, 0.09864539577037362, 0.01650583712158267, 0.0, 0.03150275214907511, 0.13038533056739307, 0.08028238650273146, 0.026121609841380632, 0.0)",273
9762,40,18,11,"(0.0, 0.0, 0.08898107447558858, 0.01650583712158267, 0.0, 0.03150275214907511, 0.13038533056739307, 0.08028238650273146, 0.018585751839536438, 0.0)",21
9763,40,19,13,"(0.0, 0.02461978404713738, 0.027053846948939416, 0.0, 0.01810411441758469, 0.022173256981297827, 0.0, 0.0, 0.01089208668844536, 0.0012484825919433962)",1
9764,40,19,13,"(0.0, 0.02461978404713738, 0.027053846948939416, 0.0, 0.01810411441758469, 0.014558130481565587, 0.0, 0.0, 0.00758632741269007, 0.0012146923535806386)",1
9765,40,19,13,"(0.0, 0.02461978404713738, 0.027053846948939416, 0.0, 0.01810411441758469, 0.022173256981297827, 0.0, 0.0, 0.01089208668844536, 0.0005102682810706365)",13
9766,40,19,13,"(0.0, 0.02461978404713738, 0.013674643692896272, 0.0, 0.01810411441758469, 0.022173256981297827, 0.0, 0.0, 0.01089208668844536, 0.0028621211431144253)",45
9767,40,19,13,"(0.0, 0.015534303760149727, 0.013674643692896272, 0.0, 0.01810411441758469, 0.022173256981297827, 0.0, 0.0, 0.01089208668844536, 0.002527793178127173)",2
9768,40,19,13,"(0.0, 0.02461978404713738, 0.027053846948939416, 0.0, 0.01810411441758469, 0.022173256981297827, 0.0, 0.0, 0.011953074171755743, 0.0012146923535806386)",1
9769,40,19,13,"(0.0, 0.02461978404713738, 0.02089408377760856, 0.0, 0.01810411441758469, 0.022173256981297827, 0.0, 0.0, 0.01089208668844536, 0.0012146923535806386)",1
9770,40,19,13,"(0.0, 0.02461978404713738, 0.02370478636126516, 0.0, 0.01810411441758469, 0.022173256981297827, 0.0, 0.0, 0.01089208668844536, 0.0005102682810706365)",2
9771,40,19,13,"(0.0, 0.014560629999574365, 0.013674643692896272, 0.0, 0.01810411441758469, 0.022173256981297827, 0.0, 0.0, 0.01089208668844536, 0.0028621211431144253)",3
9772,40,19,13,"(0.0, 0.03915145844110067, 0.027053846948939416, 0.0, 0.01810411441758469, 0.01573967072986934, 0.0, 0.0, 0.01089208668844536, 0.0012146923535806386)",1
9773,40,19,13,"(0.0, 0.02461978404713738, 0.027053846948939416, 0.0, 0.01810411441758469, 0.022173256981297827, 0.0, 0.0, 0.01089208668844536, 0.0012146923535806386)",234
9774,40,20,10,"(0.07734904686468291, 0.06927916245295945, 0.055882551179426386, 0.000985386015776744, 0.0, 0.06177004333592379, 0.0, 0.10994488928074131, 0.0, 0.0)",36
9775,40,20,10,"(0.07734904686468291, 0.06927916245295945, 0.09682940930282144, 0.0017773360538905325, 0.0, 0.06291875767155253, 0.0, 0.10994488928074131, 0.0, 0.0)",71
9776,40,20,11,"(0.0, 0.0, 0.03664497950459847, 0.01650583712158267, 0.0, 0.03868747101655188, 0.09572491856946197, 0.05885302880459243, 0.036485718580663774, 0.0)",1
9777,40,20,11,"(0.0, 0.0, 0.03664497950459847, 0.01650583712158267, 0.0, 0.02548938439096223, 0.09572491856946197, 0.05885302880459243, 0.036485718580663774, 0.0)",144
9778,40,20,11,"(0.0, 0.0, 0.018004387155732684, 0.01337059146646604, 0.0, 0.02548938439096223, 0.07767702753680618, 0.05885302880459243, 0.036485718580663774, 0.0)",2
9779,40,20,11,"(0.0, 0.0, 0.018004387155732684, 0.03287524653236646, 0.0, 0.02082042025196033, 0.09572491856946197, 0.05885302880459243, 0.036485718580663774, 0.0)",1
9780,40,20,11,"(0.0, 0.0, 0.018004387155732684, 0.01650583712158267, 0.0, 0.02548938439096223, 0.09572491856946197, 0.05885302880459243, 0.043104203054952696, 0.0)",1
9781,40,20,11,"(0.0, 0.0, 0.03069077915888404, 0.01650583712158267, 0.0, 0.02548938439096223, 0.09572491856946197, 0.05885302880459243, 0.041254183428938856, 0.0)",1
9782,40,20,11,"(0.0, 0.0, 0.018004387155732684, 0.01650583712158267, 0.0, 0.018895250128217304, 0.09572491856946197, 0.04681386186606392, 0.020768748166351655, 0.0)",42
9783,40,20,11,"(0.0, 0.0, 0.013316513941182061, 0.01650583712158267, 0.0, 0.017541958922255813, 0.09572491856946197, 0.05885302880459243, 0.036485718580663774, 0.0)",1
9784,40,20,11,"(0.0, 0.0, 0.018004387155732684, 0.02469040968189419, 0.0, 0.02082042025196033, 0.09572491856946197, 0.05885302880459243, 0.036485718580663774, 0.0)",1
9785,40,20,11,"(0.0, 0.0, 0.018004387155732684, 0.01650583712158267, 0.0, 0.02548938439096223, 0.09572491856946197, 0.07909075686471916, 0.036485718580663774, 0.0)",1
9786,40,20,11,"(0.0, 0.0, 0.03837735333313683, 0.01650583712158267, 0.0, 0.02548938439096223, 0.09572491856946197, 0.05885302880459243, 0.036485718580663774, 0.0)",1
9787,40,20,11,"(0.0, 0.0, 0.03069077915888404, 0.01650583712158267, 0.0, 0.02548938439096223, 0.09572491856946197, 0.05885302880459243, 0.036485718580663774, 0.0)",38
9788,40,20,11,"(0.0, 0.0, 0.018004387155732684, 0.02492672732986405, 0.0, 0.02548938439096223, 0.09572491856946197, 0.05885302880459243, 0.036485718580663774, 0.0)",47
9789,40,20,11,"(0.0, 0.0, 0.018004387155732684, 0.01650583712158267, 0.0, 0.02548938439096223, 0.09572491856946197, 0.05885302880459243, 0.036485718580663774, 0.0)",262
9790,41,0,11,"(0.0, 0.0, 0.06200374261520503, 0.010654525538403636, 0.0, 0.030645849071221472, 0.16773790467281977, 0.06471128129841798, 0.026121609841380632, 0.0)",113
9791,41,0,11,"(0.0, 0.0, 0.06200374261520503, 0.00995539557580416, 0.0, 0.030645849071221472, 0.16773790467281977, 0.037695078031116706, 0.026121609841380632, 0.0)",2
9792,41,0,11,"(0.0, 0.0, 0.12609894778147876, 0.010654525538403636, 0.0, 0.0394792997938233, 0.16773790467281977, 0.037695078031116706, 0.026121609841380632, 0.0)",1
9793,41,0,11,"(0.0, 0.0, 0.06200374261520503, 0.005280918796636828, 0.0, 0.030645849071221472, 0.16773790467281977, 0.06471128129841798, 0.026121609841380632, 0.0)",14
9794,41,0,11,"(0.0, 0.0, 0.06892609498238801, 0.010654525538403636, 0.0, 0.02325180897775245, 0.16773790467281977, 0.06471128129841798, 0.026121609841380632, 0.0)",1
9795,41,0,11,"(0.0, 0.0, 0.06200374261520503, 0.010654525538403636, 0.0, 0.030645849071221472, 0.13944448778801, 0.037695078031116706, 0.026121609841380632, 0.0)",2
9796,41,0,11,"(0.0, 0.0, 0.06200374261520503, 0.010654525538403636, 0.0, 0.030645849071221472, 0.16773790467281977, 0.06471128129841798, 0.020691721922049017, 0.0)",1
9797,41,0,11,"(0.0, 0.0, 0.06200374261520503, 0.010654525538403636, 0.0, 0.030645849071221472, 0.16773790467281977, 0.08028238650273146, 0.026121609841380632, 0.0)",45
9798,41,0,11,"(0.0, 0.0, 0.06200374261520503, 0.010654525538403636, 0.0, 0.030645849071221472, 0.11716702684244827, 0.06471128129841798, 0.026121609841380632, 0.0)",2
9799,41,0,11,"(0.0, 0.0, 0.06200374261520503, 0.009294994231655846, 0.0, 0.015011620933438696, 0.19892035503948846, 0.04540568446447509, 0.026121609841380632, 0.0)",1
9800,41,0,11,"(0.0, 0.0, 0.06200374261520503, 0.010654525538403636, 0.0, 0.030645849071221472, 0.16773790467281977, 0.08290280830789874, 0.026121609841380632, 0.0)",1
9801,41,0,11,"(0.0, 0.0, 0.03800873559158021, 0.010654525538403636, 0.0, 0.030645849071221472, 0.16773790467281977, 0.037695078031116706, 0.026121609841380632, 0.0)",2
9802,41,0,11,"(0.0, 0.0, 0.06200374261520503, 0.010654525538403636, 0.0, 0.030645849071221472, 0.16773790467281977, 0.037695078031116706, 0.026121609841380632, 0.0)",346
9803,41,0,11,"(0.0, 0.0, 0.06200374261520503, 0.010654525538403636, 0.0, 0.030645849071221472, 0.16773790467281977, 0.08028238650273146, 0.020490276352244388, 0.0)",1
9804,41,0,11,"(0.0, 0.0, 0.06200374261520503, 0.010654525538403636, 0.0, 0.030645849071221472, 0.16773790467281977, 0.037695078031116706, 0.04252793536722885, 0.0)",8
9805,41,0,11,"(0.0, 0.0, 0.06200374261520503, 0.010654525538403636, 0.0, 0.030645849071221472, 0.16773790467281977, 0.037695078031116706, 0.023905707109814586, 0.0)",1
9806,41,1,6,"(0.03426039533065134, 0.011572197494497125, 0.0, 0.026958867666245515, 0.005422768956954101, 0.0, 0.019795240631728064, 0.0, 0.028146417112716555, 0.05874522297052942)",1
9807,41,1,6,"(0.03426039533065134, 0.011572197494497125, 0.0, 0.03810987174435774, 0.005422768956954101, 0.0, 0.019795240631728064, 0.0, 0.028146417112716555, 0.05874522297052942)",13
9808,41,1,6,"(0.03426039533065134, 0.007278228304502869, 0.0, 0.030181603934096246, 0.005422768956954101, 0.0, 0.019795240631728064, 0.0, 0.028146417112716555, 0.05874522297052942)",8
9809,41,1,6,"(0.03426039533065134, 0.011572197494497125, 0.0, 0.030181603934096246, 0.005422768956954101, 0.0, 0.019795240631728064, 0.0, 0.028146417112716555, 0.05874522297052942)",238
9810,41,1,6,"(0.03178754453204074, 0.011572197494497125, 0.0, 0.030181603934096246, 0.005422768956954101, 0.0, 0.019795240631728064, 0.0, 0.028146417112716555, 0.05874522297052942)",6
9811,41,1,8,"(0.07111035742329365, 0.046525949225991035, 0.0, 0.0, 0.06495643748422347, 0.0, 0.08319516954615302, 0.09513444883351557, 0.0, 0.0)",2
9812,41,1,8,"(0.08332759163129809, 0.05513692491015917, 0.0, 0.0, 0.051217346146779696, 0.0, 0.08319516954615302, 0.09513444883351557, 0.0, 0.0)",1
9813,41,1,8,"(0.07111035742329365, 0.046525949225991035, 0.0, 0.0, 0.06374570508499627, 0.0, 0.060467704095831805, 0.09513444883351557, 0.0, 0.0)",5
9814,41,1,8,"(0.07111035742329365, 0.046525949225991035, 0.0, 0.0, 0.06374570508499627, 0.0, 0.031349008079041736, 0.09513444883351557, 0.0, 0.0)",2
9815,41,1,8,"(0.07111035742329365, 0.046525949225991035, 0.0, 0.0, 0.051217346146779696, 0.0, 0.08319516954615302, 0.09513444883351557, 0.0, 0.0)",163
9816,41,1,8,"(0.07111035742329365, 0.046525949225991035, 0.0, 0.0, 0.04713109168933977, 0.0, 0.08319516954615302, 0.09513444883351557, 0.0, 0.0)",1
9817,41,1,8,"(0.10448940137090823, 0.046525949225991035, 0.0, 0.0, 0.051217346146779696, 0.0, 0.08319516954615302, 0.09513444883351557, 0.0, 0.0)",1
9818,41,2,13,"(0.0, 0.02461978404713738, 0.023035932332134326, 0.0, 0.00970885425506607, 0.022173256981297827, 0.0, 0.0, 0.01089208668844536, 0.00476393156717078)",288
9819,41,2,13,"(0.0, 0.03681211473764205, 0.023035932332134326, 0.0, 0.00970885425506607, 0.022173256981297827, 0.0, 0.0, 0.014193901907867188, 0.010183947736226457)",1
9820,41,2,13,"(0.0, 0.02461978404713738, 0.023035932332134326, 0.0, 0.00970885425506607, 0.03108983193935204, 0.0, 0.0, 0.01089208668844536, 0.00476393156717078)",1
9821,41,2,13,"(0.0, 0.02461978404713738, 0.016655996786761537, 0.0, 0.008413932648372304, 0.022173256981297827, 0.0, 0.0, 0.01089208668844536, 0.00476393156717078)",1
9822,41,2,13,"(0.0, 0.02461978404713738, 0.023035932332134326, 0.0, 0.00970885425506607, 0.022173256981297827, 0.0, 0.0, 0.0087808036412204, 0.00476393156717078)",3
9823,41,2,13,"(0.0, 0.029998217062590832, 0.023035932332134326, 0.0, 0.00970885425506607, 0.022173256981297827, 0.0, 0.0, 0.01089208668844536, 0.00476393156717078)",1
9824,41,2,13,"(0.0, 0.01586542483146947, 0.023035932332134326, 0.0, 0.00970885425506607, 0.016611858138061267, 0.0, 0.0, 0.01089208668844536, 0.00476393156717078)",1
9825,41,2,13,"(0.0, 0.03032114792028436, 0.023035932332134326, 0.0, 0.0050032787380581475, 0.01726689807291414, 0.0, 0.0, 0.023658020481827965, 0.00476393156717078)",1
9826,41,2,13,"(0.0, 0.03681211473764205, 0.023035932332134326, 0.0, 0.00970885425506607, 0.022173256981297827, 0.0, 0.0, 0.014193901907867188, 0.007628868472270366)",5
9827,41,2,13,"(0.0, 0.02461978404713738, 0.010861606732698158, 0.0, 0.00970885425506607, 0.022173256981297827, 0.0, 0.0, 0.01089208668844536, 0.00476393156717078)",1
9828,41,2,13,"(0.0, 0.02461978404713738, 0.022765508280615167, 0.0, 0.011648739351180498, 0.022173256981297827, 0.0, 0.0, 0.01089208668844536, 0.00476393156717078)",1
9829,41,2,13,"(0.0, 0.02461978404713738, 0.023035932332134326, 0.0, 0.00970885425506607, 0.022173256981297827, 0.0, 0.0, 0.019594847212029146, 0.00476393156717078)",1
9830,41,2,13,"(0.0, 0.02461978404713738, 0.022880293529762275, 0.0, 0.009007471275040467, 0.019727400313793234, 0.0, 0.0, 0.018141089626691236, 0.00476393156717078)",2
9831,41,3,13,"(0.0, 0.02461978404713738, 0.034891867905171695, 0.0, 0.013397120020122293, 0.022173256981297827, 0.0, 0.0, 0.01089208668844536, 0.0024406349647482155)",3
9832,41,3,13,"(0.0, 0.02461978404713738, 0.023035932332134326, 0.0, 0.014503667911409935, 0.022173256981297827, 0.0, 0.0, 0.01089208668844536, 0.001767938632685936)",6
9833,41,3,13,"(0.0, 0.02461978404713738, 0.023035932332134326, 0.0, 0.013397120020122293, 0.022173256981297827, 0.0, 0.0, 0.01089208668844536, 0.0024406349647482155)",200
9834,41,3,13,"(0.0, 0.02461978404713738, 0.023035932332134326, 0.0, 0.01810411441758469, 0.022173256981297827, 0.0, 0.0, 0.01089208668844536, 0.0024406349647482155)",117
9835,41,3,13,"(0.0, 0.019476545878853006, 0.023035932332134326, 0.0, 0.013397120020122293, 0.022173256981297827, 0.0, 0.0, 0.01089208668844536, 0.0024406349647482155)",1
9836,41,3,13,"(0.0, 0.03938383893314652, 0.023035932332134326, 0.0, 0.013397120020122293, 0.022173256981297827, 0.0, 0.0, 0.01089208668844536, 0.0024406349647482155)",3
9837,41,3,13,"(0.0, 0.02461978404713738, 0.023035932332134326, 0.0, 0.0053186592713193636, 0.022173256981297827, 0.0, 0.0, 0.01089208668844536, 0.0009009582057699539)",2
9838,41,3,13,"(0.0, 0.02461978404713738, 0.023035932332134326, 0.0, 0.013397120020122293, 0.022173256981297827, 0.0, 0.0, 0.008419777199848466, 0.0017905907123304903)",1
9839,41,3,13,"(0.0, 0.03055071154422274, 0.023035932332134326, 0.0, 0.01810411441758469, 0.022173256981297827, 0.0, 0.0, 0.005230448648314743, 0.0024406349647482155)",1
9840,41,4,11,"(0.0, 0.0, 0.05650508140875591, 0.01650583712158267, 0.0, 0.030645849071221472, 0.08153022673827125, 0.07240876560513207, 0.026121609841380632, 0.0)",3
9841,41,4,11,"(0.0, 0.0, 0.09864539577037362, 0.01650583712158267, 0.0, 0.030645849071221472, 0.08153022673827125, 0.07240876560513207, 0.015803001804742547, 0.0)",1
9842,41,4,11,"(0.0, 0.0, 0.09864539577037362, 0.01650583712158267, 0.0, 0.030645849071221472, 0.08153022673827125, 0.07240876560513207, 0.01992289350271973, 0.0)",2
9843,41,4,11,"(0.0, 0.0, 0.12922842718510572, 0.01650583712158267, 0.0, 0.030645849071221472, 0.08153022673827125, 0.07240876560513207, 0.026121609841380632, 0.0)",2
9844,41,4,11,"(0.0, 0.0, 0.09864539577037362, 0.01650583712158267, 0.0, 0.032300478914844256, 0.08153022673827125, 0.07240876560513207, 0.026121609841380632, 0.0)",8
9845,41,4,11,"(0.0, 0.0, 0.19044833202896239, 0.01650583712158267, 0.0, 0.030645849071221472, 0.06796027010745372, 0.07240876560513207, 0.030892289817588747, 0.0)",2
9846,41,4,11,"(0.0, 0.0, 0.09864539577037362, 0.01650583712158267, 0.0, 0.030645849071221472, 0.08153022673827125, 0.07240876560513207, 0.026121609841380632, 0.0)",523
9847,41,4,11,"(0.0, 0.0, 0.09864539577037362, 0.016449229662260093, 0.0, 0.030645849071221472, 0.08153022673827125, 0.07240876560513207, 0.019153607124081824, 0.0)",2
9848,41,4,11,"(0.0, 0.0, 0.09864539577037362, 0.01650583712158267, 0.0, 0.030645849071221472, 0.08153022673827125, 0.12401290808431877, 0.026121609841380632, 0.0)",1
9849,41,4,11,"(0.0, 0.0, 0.12085925597597634, 0.01650583712158267, 0.0, 0.029914048446196814, 0.08153022673827125, 0.06363050466780691, 0.026121609841380632, 0.0)",1
9850,41,4,11,"(0.0, 0.0, 0.09864539577037362, 0.01650583712158267, 0.0, 0.030645849071221472, 0.08153022673827125, 0.09761028872749933, 0.026121609841380632, 0.0)",1
9851,41,5,0,"(0.0402479284341202, 0.0, 0.0, 0.0, 0.0, 0.038664151314593, 0.08380840797570269, 0.06261049614614052, 0.0, 0.0)",79
9852,41,5,0,"(0.040036614592678536, 0.0, 0.0, 0.0, 0.0, 0.038664151314593, 0.08380840797570269, 0.06261049614614052, 0.0, 0.0)",1
9853,41,5,0,"(0.07400250769571483, 0.0, 0.0, 0.0, 0.0, 0.038664151314593, 0.08380840797570269, 0.06261049614614052, 0.0, 0.0)",97
9854,41,5,0,"(0.12352974491755873, 0.0, 0.0, 0.0, 0.0, 0.038664151314593, 0.08380840797570269, 0.06261049614614052, 0.0, 0.0)",88
9855,41,5,6,"(0.03426039533065134, 0.011572197494497125, 0.0, 0.030181603934096246, 0.005422768956954101, 0.0, 0.019795240631728064, 0.0, 0.028146417112716555, 0.05874522297052942)",250
9856,41,5,6,"(0.03426039533065134, 0.011572197494497125, 0.0, 0.030181603934096246, 0.005422768956954101, 0.0, 0.05007964631333908, 0.0, 0.028146417112716555, 0.05874522297052942)",42
9857,41,5,6,"(0.03426039533065134, 0.011572197494497125, 0.0, 0.024033487239541417, 0.005422768956954101, 0.0, 0.05007964631333908, 0.0, 0.028146417112716555, 0.05874522297052942)",1
9858,41,5,6,"(0.03426039533065134, 0.011572197494497125, 0.0, 0.030181603934096246, 0.008219808932221646, 0.0, 0.019795240631728064, 0.0, 0.028146417112716555, 0.05874522297052942)",1
9859,41,6,0,"(0.046016769014978, 0.0, 0.0, 0.0, 0.0, 0.006323886931310055, 0.07011830437097326, 0.06627066634944925, 0.0, 0.0)",3
9860,41,6,0,"(0.06540666257531935, 0.0, 0.0, 0.0, 0.0, 0.017098731129875016, 0.07011830437097326, 0.0691048466035698, 0.0, 0.0)",1
9861,41,6,0,"(0.06234213132962305, 0.0, 0.0, 0.0, 0.0, 0.017098731129875016, 0.07011830437097326, 0.0691048466035698, 0.0, 0.0)",134
9862,41,6,0,"(0.06234213132962305, 0.0, 0.0, 0.0, 0.0, 0.014171889869427065, 0.07011830437097326, 0.04330834828631093, 0.0, 0.0)",73
9863,41,6,0,"(0.07400250769571483, 0.0, 0.0, 0.0, 0.0, 0.017098731129875016, 0.08380840797570269, 0.0691048466035698, 0.0, 0.0)",59
9864,41,6,0,"(0.04261802801449182, 0.0, 0.0, 0.0, 0.0, 0.017098731129875016, 0.07011830437097326, 0.0691048466035698, 0.0, 0.0)",2
9865,41,6,0,"(0.06234213132962305, 0.0, 0.0, 0.0, 0.0, 0.017098731129875016, 0.07011830437097326, 0.05351741905511809, 0.0, 0.0)",2
9866,41,6,0,"(0.02842320488467926, 0.0, 0.0, 0.0, 0.0, 0.017098731129875016, 0.10465118124936743, 0.0691048466035698, 0.0, 0.0)",2
9867,41,6,0,"(0.06234213132962305, 0.0, 0.0, 0.0, 0.0, 0.02343729756777826, 0.07011830437097326, 0.06669751093666222, 0.0, 0.0)",1
9868,41,7,13,"(0.0, 0.02461978404713738, 0.023035932332134326, 0.0, 0.021382320729600824, 0.035690835158184865, 0.0, 0.0, 0.01089208668844536, 0.00476393156717078)",2
9869,41,7,13,"(0.0, 0.02461978404713738, 0.024168319249808872, 0.0, 0.01810411441758469, 0.022173256981297827, 0.0, 0.0, 0.01089208668844536, 0.00476393156717078)",2
9870,41,7,13,"(0.0, 0.02461978404713738, 0.03560458640443827, 0.0, 0.01810411441758469, 0.022173256981297827, 0.0, 0.0, 0.01089208668844536, 0.00476393156717078)",2
9871,41,7,13,"(0.0, 0.02461978404713738, 0.023035932332134326, 0.0, 0.01810411441758469, 0.022173256981297827, 0.0, 0.0, 0.01089208668844536, 0.005421694941452159)",2
9872,41,7,13,"(0.0, 0.02461978404713738, 0.023035932332134326, 0.0, 0.01810411441758469, 0.0307011140863645, 0.0, 0.0, 0.01089208668844536, 0.00476393156717078)",1
9873,41,7,13,"(0.0, 0.02461978404713738, 0.023035932332134326, 0.0, 0.01810411441758469, 0.022173256981297827, 0.0, 0.0, 0.01089208668844536, 0.00476393156717078)",301
9874,41,7,13,"(0.0, 0.05123832372913502, 0.023035932332134326, 0.0, 0.01810411441758469, 0.02048155292698003, 0.0, 0.0, 0.01089208668844536, 0.00476393156717078)",1
9875,41,8,11,"(0.0, 0.0, 0.09553668791889877, 0.02150422363422624, 0.0, 0.030645849071221472, 0.16773790467281977, 0.0386197297757742, 0.026121609841380632, 0.0)",1
9876,41,8,11,"(0.0, 0.0, 0.09864539577037362, 0.02150422363422624, 0.0, 0.030645849071221472, 0.1611437736028483, 0.0386197297757742, 0.026121609841380632, 0.0)",20
9877,41,8,11,"(0.0, 0.0, 0.07699509743949855, 0.02150422363422624, 0.0, 0.030645849071221472, 0.16773790467281977, 0.0386197297757742, 0.026121609841380632, 0.0)",1
9878,41,8,11,"(0.0, 0.0, 0.09864539577037362, 0.02150422363422624, 0.0, 0.030645849071221472, 0.16773790467281977, 0.033467151319843104, 0.026121609841380632, 0.0)",18
9879,41,8,11,"(0.0, 0.0, 0.09864539577037362, 0.02150422363422624, 0.0, 0.030645849071221472, 0.16773790467281977, 0.036830203682014256, 0.026121609841380632, 0.0)",6
9880,41,8,11,"(0.0, 0.0, 0.09864539577037362, 0.02150422363422624, 0.0, 0.030645849071221472, 0.16773790467281977, 0.0386197297757742, 0.01940580591325586, 0.0)",22
9881,41,8,11,"(0.0, 0.0, 0.09864539577037362, 0.02150422363422624, 0.0, 0.030645849071221472, 0.16773790467281977, 0.0386197297757742, 0.022940887322186063, 0.0)",4
9882,41,8,11,"(0.0, 0.0, 0.09864539577037362, 0.023114236137135778, 0.0, 0.01887729774246015, 0.16773790467281977, 0.027763723141660736, 0.026121609841380632, 0.0)",1
9883,41,8,11,"(0.0, 0.0, 0.09864539577037362, 0.02150422363422624, 0.0, 0.030645849071221472, 0.16773790467281977, 0.04378273038960115, 0.026121609841380632, 0.0)",8
9884,41,8,11,"(0.0, 0.0, 0.09864539577037362, 0.02150422363422624, 0.0, 0.016386509983779607, 0.16773790467281977, 0.0386197297757742, 0.026121609841380632, 0.0)",1
9885,41,8,11,"(0.0, 0.0, 0.09864539577037362, 0.02150422363422624, 0.0, 0.030645849071221472, 0.16773790467281977, 0.0386197297757742, 0.026121609841380632, 0.0)",521
9886,41,9,11,"(0.0, 0.0, 0.11755819882518005, 0.016443092559596466, 0.0, 0.01960404041933283, 0.27760091630357087, 0.08028238650273146, 0.026121609841380632, 0.0)",6
9887,41,9,11,"(0.0, 0.0, 0.11755819882518005, 0.01650583712158267, 0.0, 0.02375279233445006, 0.09571807925650797, 0.08028238650273146, 0.026121609841380632, 0.0)",2
9888,41,9,11,"(0.0, 0.0, 0.11755819882518005, 0.01650583712158267, 0.0, 0.01525517247998662, 0.1254348761332085, 0.08028238650273146, 0.026121609841380632, 0.0)",2
9889,41,9,11,"(0.0, 0.0, 0.11755819882518005, 0.01650583712158267, 0.0, 0.023736472032363818, 0.1254348761332085, 0.08028238650273146, 0.026121609841380632, 0.0)",1
9890,41,9,11,"(0.0, 0.0, 0.11755819882518005, 0.01650583712158267, 0.0, 0.02375279233445006, 0.1254348761332085, 0.08028238650273146, 0.026121609841380632, 0.0)",540
9891,41,9,11,"(0.0, 0.0, 0.08885748940687964, 0.01650583712158267, 0.0, 0.02375279233445006, 0.16773790467281977, 0.028644992184185758, 0.042755324982305734, 0.0)",12
9892,41,9,11,"(0.0, 0.0, 0.11755819882518005, 0.01650583712158267, 0.0, 0.013928125287961689, 0.1254348761332085, 0.06703517555461506, 0.026121609841380632, 0.0)",1
9893,41,9,11,"(0.0, 0.0, 0.11528812287082277, 0.03261534338434629, 0.0, 0.02375279233445006, 0.1254348761332085, 0.08028238650273146, 0.026121609841380632, 0.0)",15
9894,41,10,13,"(0.0, 0.02461978404713738, 0.023035932332134326, 0.0, 0.01810411441758469, 0.022173256981297827, 0.0, 0.0, 0.00542258479524631, 0.00476393156717078)",1
9895,41,10,13,"(0.0, 0.02461978404713738, 0.023035932332134326, 0.0, 0.01810411441758469, 0.012884011107300454, 0.0, 0.0, 0.01089208668844536, 0.00476393156717078)",7
9896,41,10,13,"(0.0, 0.02461978404713738, 0.023035932332134326, 0.0, 0.01810411441758469, 0.018327253906796452, 0.0, 0.0, 0.01089208668844536, 0.00476393156717078)",156
9897,41,10,13,"(0.0, 0.02461978404713738, 0.023035932332134326, 0.0, 0.01810411441758469, 0.022173256981297827, 0.0, 0.0, 0.006740724084359815, 0.00476393156717078)",1
9898,41,10,13,"(0.0, 0.02461978404713738, 0.023035932332134326, 0.0, 0.01810411441758469, 0.019325622049161183, 0.0, 0.0, 0.01089208668844536, 0.00476393156717078)",5
9899,41,10,13,"(0.0, 0.02461978404713738, 0.02805289099542996, 0.0, 0.01810411441758469, 0.019038314121509574, 0.0, 0.0, 0.01971225122846465, 0.005319820877277869)",2
9900,41,10,13,"(0.0, 0.02461978404713738, 0.023035932332134326, 0.0, 0.01810411441758469, 0.022173256981297827, 0.0, 0.0, 0.01089208668844536, 0.00476393156717078)",110
9901,41,10,13,"(0.0, 0.01415500533976292, 0.023035932332134326, 0.0, 0.01810411441758469, 0.014725934765909552, 0.0, 0.0, 0.01089208668844536, 0.00476393156717078)",1
9902,41,11,13,"(0.0, 0.02461978404713738, 0.023035932332134326, 0.0, 0.01810411441758469, 0.022173256981297827, 0.0, 0.0, 0.01089208668844536, 0.004017194243464922)",10
9903,41,11,13,"(0.0, 0.0113522191888874, 0.023035932332134326, 0.0, 0.01810411441758469, 0.022173256981297827, 0.0, 0.0, 0.01089208668844536, 0.0034183661226660153)",11
9904,41,11,13,"(0.0, 0.02461978404713738, 0.023035932332134326, 0.0, 0.01810411441758469, 0.032706503680219955, 0.0, 0.0, 0.01089208668844536, 0.00476393156717078)",1
9905,41,11,13,"(0.0, 0.02461978404713738, 0.023035932332134326, 0.0, 0.01810411441758469, 0.022173256981297827, 0.0, 0.0, 0.01089208668844536, 0.004957270318156092)",1
9906,41,11,13,"(0.0, 0.04089310487279961, 0.023035932332134326, 0.0, 0.01810411441758469, 0.022173256981297827, 0.0, 0.0, 0.01089208668844536, 0.0036872173179800785)",1
9907,41,11,13,"(0.0, 0.00873102991322502, 0.023035932332134326, 0.0, 0.01810411441758469, 0.022173256981297827, 0.0, 0.0, 0.01089208668844536, 0.0034183661226660153)",1
9908,41,11,13,"(0.0, 0.02461978404713738, 0.023035932332134326, 0.0, 0.01810411441758469, 0.022173256981297827, 0.0, 0.0, 0.01089208668844536, 0.0036872173179800785)",182
9909,41,11,13,"(0.0, 0.02461978404713738, 0.023035932332134326, 0.0, 0.01810411441758469, 0.022173256981297827, 0.0, 0.0, 0.01089208668844536, 0.0034183661226660153)",12
9910,41,11,13,"(0.0, 0.02461978404713738, 0.023035932332134326, 0.0, 0.01810411441758469, 0.022173256981297827, 0.0, 0.0, 0.01089208668844536, 0.00476393156717078)",40
9911,41,12,8,"(0.19235562551390653, 0.046525949225991035, 0.0, 0.0, 0.04573034632799446, 0.0, 0.08319516954615302, 0.1116381245929446, 0.0, 0.0)",249
9912,41,12,8,"(0.19235562551390653, 0.05259820687701298, 0.0, 0.0, 0.04036308938635606, 0.0, 0.08319516954615302, 0.1116381245929446, 0.0, 0.0)",1
9913,41,12,8,"(0.19235562551390653, 0.046525949225991035, 0.0, 0.0, 0.08922249357395273, 0.0, 0.08319516954615302, 0.1116381245929446, 0.0, 0.0)",19
9914,41,12,10,"(0.03550653097490399, 0.1138058861947842, 0.08122308672710443, 0.0017773360538905325, 0.0, 0.11284122864845939, 0.0, 0.10994488928074131, 0.0, 0.0)",10
9915,41,12,10,"(0.028726017090664996, 0.06927916245295945, 0.09682940930282144, 0.0017773360538905325, 0.0, 0.06291875767155253, 0.0, 0.10994488928074131, 0.0, 0.0)",3
9916,41,12,10,"(0.022055746632491137, 0.03958521329327879, 0.11624456898146732, 0.0017773360538905325, 0.0, 0.06291875767155253, 0.0, 0.10975186596766033, 0.0, 0.0)",2
9917,41,12,10,"(0.03550653097490399, 0.06927916245295945, 0.1008477177418026, 0.0017773360538905325, 0.0, 0.06291875767155253, 0.0, 0.10994488928074131, 0.0, 0.0)",12
9918,41,12,10,"(0.03550653097490399, 0.03958521329327879, 0.09682940930282144, 0.0017773360538905325, 0.0, 0.06291875767155253, 0.0, 0.10994488928074131, 0.0, 0.0)",14
9919,41,12,10,"(0.03550653097490399, 0.06927916245295945, 0.09682940930282144, 0.0017773360538905325, 0.0, 0.06291875767155253, 0.0, 0.10994488928074131, 0.0, 0.0)",184
9920,41,12,10,"(0.03550653097490399, 0.04834378363713474, 0.09682940930282144, 0.0017773360538905325, 0.0, 0.06291875767155253, 0.0, 0.1614211809836302, 0.0, 0.0)",1
9921,41,12,10,"(0.03550653097490399, 0.06927916245295945, 0.09682940930282144, 0.001765343434236943, 0.0, 0.06291875767155253, 0.0, 0.10994488928074131, 0.0, 0.0)",1
9922,41,13,6,"(0.05958847373502337, 0.013587362269401333, 0.0, 0.030181603934096246, 0.005422768956954101, 0.0, 0.019795240631728064, 0.0, 0.02749694718472998, 0.05874522297052942)",12
9923,41,13,6,"(0.03426039533065134, 0.011572197494497125, 0.0, 0.030181603934096246, 0.005422768956954101, 0.0, 0.019795240631728064, 0.0, 0.03127196851698942, 0.05874522297052942)",8
9924,41,13,6,"(0.03426039533065134, 0.011572197494497125, 0.0, 0.030181603934096246, 0.005422768956954101, 0.0, 0.019795240631728064, 0.0, 0.028146417112716555, 0.05874522297052942)",51
9925,41,13,6,"(0.05958847373502337, 0.01498563932449524, 0.0, 0.030181603934096246, 0.005422768956954101, 0.0, 0.019795240631728064, 0.0, 0.02749694718472998, 0.05874522297052942)",1
9926,41,13,6,"(0.03426039533065134, 0.011572197494497125, 0.0, 0.030181603934096246, 0.005422768956954101, 0.0, 0.019795240631728064, 0.0, 0.016209741115842353, 0.05874522297052942)",98
9927,41,14,11,"(0.0, 0.0, 0.07563427679391872, 0.01650583712158267, 0.0, 0.03805007187983012, 0.16773790467281977, 0.046237642847009, 0.026121609841380632, 0.0)",11
9928,41,14,11,"(0.0, 0.0, 0.07563427679391872, 0.011350570240233122, 0.0, 0.030645849071221472, 0.16773790467281977, 0.046237642847009, 0.026121609841380632, 0.0)",1
9929,41,14,11,"(0.0, 0.0, 0.07563427679391872, 0.01650583712158267, 0.0, 0.030645849071221472, 0.2279112307740758, 0.046237642847009, 0.026121609841380632, 0.0)",2
9930,41,14,11,"(0.0, 0.0, 0.07563427679391872, 0.01650583712158267, 0.0, 0.033587429007594, 0.16773790467281977, 0.046237642847009, 0.026121609841380632, 0.0)",2
9931,41,14,11,"(0.0, 0.0, 0.07563427679391872, 0.01650583712158267, 0.0, 0.018370978910106667, 0.16773790467281977, 0.046237642847009, 0.026121609841380632, 0.0)",1
9932,41,14,11,"(0.0, 0.0, 0.07563427679391872, 0.01650583712158267, 0.0, 0.030645849071221472, 0.16773790467281977, 0.046237642847009, 0.03632105341517245, 0.0)",1
9933,41,14,11,"(0.0, 0.0, 0.07563427679391872, 0.01650583712158267, 0.0, 0.03786683996087973, 0.16773790467281977, 0.07583871637377823, 0.026121609841380632, 0.0)",1
9934,41,14,11,"(0.0, 0.0, 0.07563427679391872, 0.01650583712158267, 0.0, 0.030534220204206385, 0.16773790467281977, 0.046237642847009, 0.026121609841380632, 0.0)",10
9935,41,14,11,"(0.0, 0.0, 0.07563427679391872, 0.01650583712158267, 0.0, 0.030645849071221472, 0.16773790467281977, 0.046237642847009, 0.026121609841380632, 0.0)",310
9936,41,14,13,"(0.0, 0.02461978404713738, 0.023035932332134326, 0.0, 0.01810411441758469, 0.022173256981297827, 0.0, 0.0, 0.01089208668844536, 0.00476393156717078)",163
9937,41,14,13,"(0.0, 0.021423194238546907, 0.018272050395880708, 0.0, 0.01810411441758469, 0.022173256981297827, 0.0, 0.0, 0.008243628966280307, 0.00476393156717078)",35
9938,41,14,13,"(0.0, 0.021423194238546907, 0.018272050395880708, 0.0, 0.019910229248759587, 0.028956448341936128, 0.0, 0.0, 0.008243628966280307, 0.00476393156717078)",11
9939,41,14,13,"(0.0, 0.03063589769854765, 0.018272050395880708, 0.0, 0.01810411441758469, 0.022173256981297827, 0.0, 0.0, 0.008243628966280307, 0.003996337883629726)",1
9940,41,14,13,"(0.0, 0.02461978404713738, 0.023035932332134326, 0.0, 0.01810411441758469, 0.018557394967192144, 0.0, 0.0, 0.01089208668844536, 0.0037591115780426414)",1
9941,41,14,13,"(0.0, 0.021423194238546907, 0.018272050395880708, 0.0, 0.026820698590118024, 0.02513840896965735, 0.0, 0.0, 0.008243628966280307, 0.00476393156717078)",1
9942,41,15,11,"(0.0, 0.0, 0.11839367174953695, 0.01650583712158267, 0.0, 0.030645849071221472, 0.16985953441335294, 0.022423639755109016, 0.0188934943756621, 0.0)",1
9943,41,15,11,"(0.0, 0.0, 0.11839367174953695, 0.013433822218031733, 0.0, 0.030645849071221472, 0.16773790467281977, 0.0404147798164449, 0.026121609841380632, 0.0)",2
9944,41,15,11,"(0.0, 0.0, 0.11839367174953695, 0.01650583712158267, 0.0, 0.030645849071221472, 0.16773790467281977, 0.0404147798164449, 0.026121609841380632, 0.0)",453
9945,41,15,11,"(0.0, 0.0, 0.11839367174953695, 0.01650583712158267, 0.0, 0.020355830679555063, 0.16773790467281977, 0.0404147798164449, 0.026121609841380632, 0.0)",98
9946,41,15,11,"(0.0, 0.0, 0.1023979225565262, 0.01650583712158267, 0.0, 0.06223839202906273, 0.16773790467281977, 0.0404147798164449, 0.0414767198055119, 0.0)",1
9947,41,15,11,"(0.0, 0.0, 0.11839367174953695, 0.01650583712158267, 0.0, 0.020355830679555063, 0.16773790467281977, 0.0404147798164449, 0.012345001906002684, 0.0)",16
9948,41,15,11,"(0.0, 0.0, 0.11839367174953695, 0.012579807835328484, 0.0, 0.030645849071221472, 0.16773790467281977, 0.0404147798164449, 0.026121609841380632, 0.0)",2
9949,41,15,11,"(0.0, 0.0, 0.11839367174953695, 0.01650583712158267, 0.0, 0.05397011086198622, 0.16773790467281977, 0.0404147798164449, 0.026121609841380632, 0.0)",1
9950,41,15,11,"(0.0, 0.0, 0.16633714358884097, 0.012579807835328484, 0.0, 0.030645849071221472, 0.16773790467281977, 0.0404147798164449, 0.026121609841380632, 0.0)",1
9951,41,15,11,"(0.0, 0.0, 0.11839367174953695, 0.01650583712158267, 0.0, 0.030645849071221472, 0.16773790467281977, 0.0900471072400117, 0.026121609841380632, 0.0)",2
9952,41,15,11,"(0.0, 0.0, 0.11424400556090572, 0.01650583712158267, 0.0, 0.030645849071221472, 0.16773790467281977, 0.0404147798164449, 0.026121609841380632, 0.0)",3
9953,41,15,11,"(0.0, 0.0, 0.11839367174953695, 0.01650583712158267, 0.0, 0.02368453557530669, 0.16773790467281977, 0.0404147798164449, 0.026121609841380632, 0.0)",1
9954,41,15,11,"(0.0, 0.0, 0.11839367174953695, 0.01650583712158267, 0.0, 0.030645849071221472, 0.16773790467281977, 0.03533630432484464, 0.026121609841380632, 0.0)",6
9955,41,16,1,"(0.0, 0.0, 0.02270882779274419, 0.0, 0.0, 0.025902144927755208, 0.0, 0.0, 0.0, 0.06560453622087693)",1
9956,41,16,1,"(0.0, 0.0, 0.043495554342503545, 0.0, 0.0, 0.0199117526153351, 0.0, 0.0, 0.0, 0.047529216575968564)",1
9957,41,16,1,"(0.0, 0.0, 0.041406372128065916, 0.0, 0.0, 0.0199117526153351, 0.0, 0.0, 0.0, 0.09388784444403922)",4
9958,41,16,1,"(0.0, 0.0, 0.041406372128065916, 0.0, 0.0, 0.03036960825969223, 0.0, 0.0, 0.0, 0.047529216575968564)",1
9959,41,16,1,"(0.0, 0.0, 0.041406372128065916, 0.0, 0.0, 0.0199117526153351, 0.0, 0.0, 0.0, 0.047529216575968564)",519
9960,41,16,1,"(0.0, 0.0, 0.02388120836958705, 0.0, 0.0, 0.0199117526153351, 0.0, 0.0, 0.0, 0.047529216575968564)",1
9961,41,16,1,"(0.0, 0.0, 0.041406372128065916, 0.0, 0.0, 0.019076438522108642, 0.0, 0.0, 0.0, 0.047529216575968564)",1
9962,41,16,1,"(0.0, 0.0, 0.041406372128065916, 0.0, 0.0, 0.0138994075848271, 0.0, 0.0, 0.0, 0.047529216575968564)",1
9963,41,16,1,"(0.0, 0.0, 0.041406372128065916, 0.0, 0.0, 0.0199117526153351, 0.0, 0.0, 0.0, 0.06775685849266061)",13
9964,41,16,1,"(0.0, 0.0, 0.041406372128065916, 0.0, 0.0, 0.017032175796703023, 0.0, 0.0, 0.0, 0.047529216575968564)",3
9965,41,16,1,"(0.0, 0.0, 0.041406372128065916, 0.0, 0.0, 0.0199117526153351, 0.0, 0.0, 0.0, 0.053079885168575563)",145
9966,41,16,1,"(0.0, 0.0, 0.041406372128065916, 0.0, 0.0, 0.021190044298853638, 0.0, 0.0, 0.0, 0.047529216575968564)",2
9967,41,16,1,"(0.0, 0.0, 0.041406372128065916, 0.0, 0.0, 0.015557320711485445, 0.0, 0.0, 0.0, 0.047529216575968564)",4
9968,41,16,8,"(0.1596828258619299, 0.046525949225991035, 0.0, 0.0, 0.07022106556493442, 0.0, 0.060701614823567854, 0.1116381245929446, 0.0, 0.0)",1
9969,41,16,8,"(0.16507889091742442, 0.046525949225991035, 0.0, 0.0, 0.07022106556493442, 0.0, 0.060701614823567854, 0.1116381245929446, 0.0, 0.0)",233
9970,41,16,8,"(0.16507889091742442, 0.04637135025930518, 0.0, 0.0, 0.07022106556493442, 0.0, 0.060701614823567854, 0.1116381245929446, 0.0, 0.0)",27
9971,41,17,1,"(0.0, 0.0, 0.10922905711608999, 0.0, 0.0, 0.030018978917809972, 0.0, 0.0, 0.0, 0.0910060267578522)",146
9972,41,17,1,"(0.0, 0.0, 0.10650950881622333, 0.0, 0.0, 0.022640784901484766, 0.0, 0.0, 0.0, 0.02656152670690622)",2
9973,41,17,1,"(0.0, 0.0, 0.10650950881622333, 0.0, 0.0, 0.022640784901484766, 0.0, 0.0, 0.0, 0.04557123282186749)",528
9974,41,17,1,"(0.0, 0.0, 0.08185239010258825, 0.0, 0.0, 0.022640784901484766, 0.0, 0.0, 0.0, 0.04557123282186749)",1
9975,41,17,1,"(0.0, 0.0, 0.10650950881622333, 0.0, 0.0, 0.022640784901484766, 0.0, 0.0, 0.0, 0.07054972658229616)",2
9976,41,17,1,"(0.0, 0.0, 0.07234498339401191, 0.0, 0.0, 0.024812444721841066, 0.0, 0.0, 0.0, 0.0536940432238181)",1
9977,41,17,1,"(0.0, 0.0, 0.10922905711608999, 0.0, 0.0, 0.039496455710402924, 0.0, 0.0, 0.0, 0.0910060267578522)",1
9978,41,17,1,"(0.0, 0.0, 0.10650950881622333, 0.0, 0.0, 0.01817210233909182, 0.0, 0.0, 0.0, 0.059407064634611824)",10
9979,41,17,1,"(0.0, 0.0, 0.10650950881622333, 0.0, 0.0, 0.012390707360959789, 0.0, 0.0, 0.0, 0.04557123282186749)",6
9980,41,17,1,"(0.0, 0.0, 0.10650950881622333, 0.0, 0.0, 0.022640784901484766, 0.0, 0.0, 0.0, 0.03455328062672155)",1
9981,41,17,1,"(0.0, 0.0, 0.10650950881622333, 0.0, 0.0, 0.0199770382992231, 0.0, 0.0, 0.0, 0.04557123282186749)",2
9982,41,17,1,"(0.0, 0.0, 0.10650950881622333, 0.0, 0.0, 0.02889177621832481, 0.0, 0.0, 0.0, 0.08869344261791787)",2
9983,41,17,8,"(0.09241647615148912, 0.04632028014141928, 0.0, 0.0, 0.07022106556493442, 0.0, 0.08319516954615302, 0.19591037690370552, 0.0, 0.0)",5
9984,41,17,8,"(0.14314164762815446, 0.04632028014141928, 0.0, 0.0, 0.07022106556493442, 0.0, 0.13898865155940193, 0.1116381245929446, 0.0, 0.0)",10
9985,41,17,8,"(0.10294337677241405, 0.04632028014141928, 0.0, 0.0, 0.07022106556493442, 0.0, 0.08319516954615302, 0.11997015641398977, 0.0, 0.0)",1
9986,41,17,8,"(0.10294337677241405, 0.04632028014141928, 0.0, 0.0, 0.07022106556493442, 0.0, 0.038122555884559726, 0.1116381245929446, 0.0, 0.0)",3
9987,41,17,8,"(0.10294337677241405, 0.04632028014141928, 0.0, 0.0, 0.07022106556493442, 0.0, 0.08319516954615302, 0.1116381245929446, 0.0, 0.0)",211
9988,41,17,8,"(0.11382222294420535, 0.04632028014141928, 0.0, 0.0, 0.07022106556493442, 0.0, 0.08319516954615302, 0.08967387372682195, 0.0, 0.0)",55
9989,41,18,10,"(0.07734904686468291, 0.06927916245295945, 0.0650955410770402, 0.0017773360538905325, 0.0, 0.06291875767155253, 0.0, 0.17812584561089076, 0.0, 0.0)",1
9990,41,18,10,"(0.07734904686468291, 0.06927916245295945, 0.09682940930282144, 0.0017773360538905325, 0.0, 0.06291875767155253, 0.0, 0.20086537662001616, 0.0, 0.0)",1
9991,41,18,10,"(0.07734904686468291, 0.06927916245295945, 0.09682940930282144, 0.0017773360538905325, 0.0, 0.06291875767155253, 0.0, 0.10994488928074131, 0.0, 0.0)",151
9992,41,18,11,"(0.0, 0.0, 0.08898107447558858, 0.014951824208831843, 0.0, 0.03150275214907511, 0.13038533056739307, 0.08028238650273146, 0.026121609841380632, 0.0)",1
9993,41,18,11,"(0.0, 0.0, 0.06224967320069092, 0.01650583712158267, 0.0, 0.03150275214907511, 0.13038533056739307, 0.08028238650273146, 0.026121609841380632, 0.0)",1
9994,41,18,11,"(0.0, 0.0, 0.08898107447558858, 0.01650583712158267, 0.0, 0.03150275214907511, 0.13038533056739307, 0.08028238650273146, 0.015511450313277886, 0.0)",3
9995,41,18,11,"(0.0, 0.0, 0.08898107447558858, 0.01650583712158267, 0.0, 0.03150275214907511, 0.08775534035087673, 0.08028238650273146, 0.026121609841380632, 0.0)",3
9996,41,18,11,"(0.0, 0.0, 0.07278078176339656, 0.01650583712158267, 0.0, 0.03150275214907511, 0.13038533056739307, 0.08028238650273146, 0.026121609841380632, 0.0)",1
9997,41,18,11,"(0.0, 0.0, 0.08898107447558858, 0.01650583712158267, 0.0, 0.02733827068004279, 0.13038533056739307, 0.08028238650273146, 0.04111438821633353, 0.0)",2
9998,41,18,11,"(0.0, 0.0, 0.09864539577037362, 0.01650583712158267, 0.0, 0.03150275214907511, 0.13038533056739307, 0.08028238650273146, 0.014775562936233989, 0.0)",1
9999,41,18,11,"(0.0, 0.0, 0.09002287167255676, 0.03821419307250474, 0.0, 0.03150275214907511, 0.13366681025191718, 0.08028238650273146, 0.026121609841380632, 0.0)",5
10000,41,18,11,"(0.0, 0.0, 0.08898107447558858, 0.01650583712158267, 0.0, 0.03150275214907511, 0.1290735918041964, 0.07305501738110695, 0.026121609841380632, 0.0)",6
10001,41,18,11,"(0.0, 0.0, 0.08898107447558858, 0.020367822715265584, 0.0, 0.03150275214907511, 0.13038533056739307, 0.08028238650273146, 0.026121609841380632, 0.0)",1
10002,41,18,11,"(0.0, 0.0, 0.08898107447558858, 0.01650583712158267, 0.0, 0.03150275214907511, 0.13038533056739307, 0.08028238650273146, 0.02497234478121732, 0.0)",6
10003,41,18,11,"(0.0, 0.0, 0.08898107447558858, 0.01650583712158267, 0.0, 0.03150275214907511, 0.13038533056739307, 0.08028238650273146, 0.018585751839536438, 0.0)",5
10004,41,18,11,"(0.0, 0.0, 0.08898107447558858, 0.01650583712158267, 0.0, 0.06492027262846628, 0.21596584976613603, 0.08028238650273146, 0.018585751839536438, 0.0)",1
10005,41,18,11,"(0.0, 0.0, 0.08898107447558858, 0.01650583712158267, 0.0, 0.03150275214907511, 0.13038533056739307, 0.11046593522872256, 0.026121609841380632, 0.0)",1
10006,41,18,11,"(0.0, 0.0, 0.09864539577037362, 0.01650583712158267, 0.0, 0.03150275214907511, 0.13038533056739307, 0.08028238650273146, 0.026121609841380632, 0.0)",149
10007,41,18,11,"(0.0, 0.0, 0.08898107447558858, 0.01650583712158267, 0.0, 0.03150275214907511, 0.13038533056739307, 0.08028238650273146, 0.026121609841380632, 0.0)",418
10008,41,19,13,"(0.0, 0.02461978404713738, 0.023239927047759464, 0.0, 0.01810411441758469, 0.024565142023077028, 0.0, 0.0, 0.01089208668844536, 0.0012146923535806386)",1
10009,41,19,13,"(0.0, 0.015314980624882391, 0.027053846948939416, 0.0, 0.01810411441758469, 0.022173256981297827, 0.0, 0.0, 0.01204952425473323, 0.0012146923535806386)",1
10010,41,19,13,"(0.0, 0.02461978404713738, 0.027053846948939416, 0.0, 0.01810411441758469, 0.022173256981297827, 0.0, 0.0, 0.01089208668844536, 0.0012109680599145835)",2
10011,41,19,13,"(0.0, 0.02461978404713738, 0.027053846948939416, 0.0, 0.01810411441758469, 0.02323497324363574, 0.0, 0.0, 0.01089208668844536, 0.0012146923535806386)",1
10012,41,19,13,"(0.0, 0.02461978404713738, 0.02066638268771795, 0.0, 0.01810411441758469, 0.022173256981297827, 0.0, 0.0, 0.01089208668844536, 0.0012146923535806386)",2
10013,41,19,13,"(0.0, 0.02461978404713738, 0.027053846948939416, 0.0, 0.01810411441758469, 0.022173256981297827, 0.0, 0.0, 0.019933980222273533, 0.0012146923535806386)",1
10014,41,19,13,"(0.0, 0.02461978404713738, 0.027053846948939416, 0.0, 0.01810411441758469, 0.022173256981297827, 0.0, 0.0, 0.010771844003005302, 0.0012146923535806386)",5
10015,41,19,13,"(0.0, 0.02461978404713738, 0.027053846948939416, 0.0, 0.01810411441758469, 0.022173256981297827, 0.0, 0.0, 0.01089208668844536, 0.0012146923535806386)",361
10016,41,20,10,"(0.07734904686468291, 0.06927916245295945, 0.055882551179426386, 0.0009177650821959354, 0.0, 0.06177004333592379, 0.0, 0.10994488928074131, 0.0, 0.0)",1
10017,41,20,10,"(0.07734904686468291, 0.06927916245295945, 0.09682940930282144, 0.0017773360538905325, 0.0, 0.05925479469846876, 0.0, 0.10994488928074131, 0.0, 0.0)",1
10018,41,20,10,"(0.11676324543624904, 0.06927916245295945, 0.09682940930282144, 0.0017773360538905325, 0.0, 0.06291875767155253, 0.0, 0.10994488928074131, 0.0, 0.0)",1
10019,41,20,10,"(0.07734904686468291, 0.06927916245295945, 0.09682940930282144, 0.0017773360538905325, 0.0, 0.06291875767155253, 0.0, 0.10994488928074131, 0.0, 0.0)",46
10020,41,20,10,"(0.07734904686468291, 0.06927916245295945, 0.055882551179426386, 0.000985386015776744, 0.0, 0.06177004333592379, 0.0, 0.10994488928074131, 0.0, 0.0)",58
10021,41,20,11,"(0.0, 0.0, 0.020439520526120226, 0.01650583712158267, 0.0, 0.018895250128217304, 0.09572491856946197, 0.04681386186606392, 0.020768748166351655, 0.0)",1
10022,41,20,11,"(0.0, 0.0, 0.018004387155732684, 0.01650583712158267, 0.0, 0.018895250128217304, 0.09572491856946197, 0.04681386186606392, 0.020768748166351655, 0.0)",120
10023,41,20,11,"(0.0, 0.0, 0.022085480202058812, 0.01650583712158267, 0.0, 0.02548938439096223, 0.09572491856946197, 0.05885302880459243, 0.036485718580663774, 0.0)",11
10024,41,20,11,"(0.0, 0.0, 0.03664497950459847, 0.02632041069655544, 0.0, 0.02548938439096223, 0.09572491856946197, 0.05885302880459243, 0.036485718580663774, 0.0)",4
10025,41,20,11,"(0.0, 0.0, 0.018004387155732684, 0.02492672732986405, 0.0, 0.02548938439096223, 0.09572491856946197, 0.05885302880459243, 0.036485718580663774, 0.0)",34
10026,41,20,11,"(0.0, 0.0, 0.03664497950459847, 0.01650583712158267, 0.0, 0.02548938439096223, 0.09572491856946197, 0.05885302880459243, 0.036485718580663774, 0.0)",155
10027,41,20,11,"(0.0, 0.0, 0.03069077915888404, 0.01650583712158267, 0.0, 0.02548938439096223, 0.09572491856946197, 0.05885302880459243, 0.036485718580663774, 0.0)",8
10028,41,20,11,"(0.0, 0.0, 0.022045433845937427, 0.01650583712158267, 0.0, 0.018895250128217304, 0.09572491856946197, 0.04681386186606392, 0.020768748166351655, 0.0)",1
10029,41,20,11,"(0.0, 0.0, 0.03664497950459847, 0.01650583712158267, 0.0, 0.02548938439096223, 0.09572491856946197, 0.0776530830575411, 0.036485718580663774, 0.0)",2
10030,41,20,11,"(0.0, 0.0, 0.025548765323222786, 0.025159799029088634, 0.0, 0.02548938439096223, 0.09572491856946197, 0.05885302880459243, 0.027395934065756626, 0.0)",1
10031,41,20,11,"(0.0, 0.0, 0.018004387155732684, 0.01650583712158267, 0.0, 0.02548938439096223, 0.09572491856946197, 0.05885302880459243, 0.036485718580663774, 0.0)",223
10032,41,20,11,"(0.0, 0.0, 0.03664497950459847, 0.01650583712158267, 0.0, 0.02548938439096223, 0.09572491856946197, 0.0479056481393954, 0.036485718580663774, 0.0)",1
10033,41,20,11,"(0.0, 0.0, 0.03664497950459847, 0.01650583712158267, 0.0, 0.02548938439096223, 0.09572491856946197, 0.05885302880459243, 0.04161267975797864, 0.0)",1
10034,41,20,11,"(0.0, 0.0, 0.01951033442627427, 0.01650583712158267, 0.0, 0.02548938439096223, 0.044646713951961715, 0.05885302880459243, 0.036485718580663774, 0.0)",2
10035,42,0,11,"(0.0, 0.0, 0.08252116126776333, 0.010654525538403636, 0.0, 0.029851496106590946, 0.16773790467281977, 0.037695078031116706, 0.026121609841380632, 0.0)",3
10036,42,0,11,"(0.0, 0.0, 0.06200374261520503, 0.010654525538403636, 0.0, 0.030645849071221472, 0.16773790467281977, 0.037695078031116706, 0.026121609841380632, 0.0)",341
10037,42,0,11,"(0.0, 0.0, 0.06200374261520503, 0.0222246850007279, 0.0, 0.021431727573373575, 0.16773790467281977, 0.037695078031116706, 0.026121609841380632, 0.0)",1
10038,42,0,11,"(0.0, 0.0, 0.07560240894123811, 0.010654525538403636, 0.0, 0.030645849071221472, 0.16773790467281977, 0.06471128129841798, 0.026121609841380632, 0.0)",1
10039,42,0,11,"(0.0, 0.0, 0.06200374261520503, 0.010654525538403636, 0.0, 0.030645849071221472, 0.16773790467281977, 0.03814668497074777, 0.026121609841380632, 0.0)",2
10040,42,0,11,"(0.0, 0.0, 0.06200374261520503, 0.010654525538403636, 0.0, 0.030645849071221472, 0.16773790467281977, 0.037695078031116706, 0.07180234007850632, 0.0)",3
10041,42,0,11,"(0.0, 0.0, 0.06200374261520503, 0.010654525538403636, 0.0, 0.030645849071221472, 0.1953004199616562, 0.06471128129841798, 0.026121609841380632, 0.0)",1
10042,42,0,11,"(0.0, 0.0, 0.06200374261520503, 0.012922652034610096, 0.0, 0.030645849071221472, 0.16773790467281977, 0.037695078031116706, 0.026121609841380632, 0.0)",1
10043,42,0,11,"(0.0, 0.0, 0.04992421417470706, 0.010654525538403636, 0.0, 0.030645849071221472, 0.16773790467281977, 0.037695078031116706, 0.026121609841380632, 0.0)",1
10044,42,0,11,"(0.0, 0.0, 0.06200374261520503, 0.010654525538403636, 0.0, 0.015410564141921303, 0.16773790467281977, 0.037695078031116706, 0.026121609841380632, 0.0)",15
10045,42,0,11,"(0.0, 0.0, 0.06200374261520503, 0.010654525538403636, 0.0, 0.030645849071221472, 0.16773790467281977, 0.06471128129841798, 0.026121609841380632, 0.0)",164
10046,42,0,11,"(0.0, 0.0, 0.04994831895286468, 0.010654525538403636, 0.0, 0.030645849071221472, 0.16773790467281977, 0.037695078031116706, 0.026121609841380632, 0.0)",4
10047,42,0,11,"(0.0, 0.0, 0.06200374261520503, 0.010654525538403636, 0.0, 0.030645849071221472, 0.16773790467281977, 0.06471128129841798, 0.031116473418036476, 0.0)",1
10048,42,1,6,"(0.03426039533065134, 0.011572197494497125, 0.0, 0.030181603934096246, 0.0036832065383432264, 0.0, 0.019795240631728064, 0.0, 0.028146417112716555, 0.05874522297052942)",1
10049,42,1,6,"(0.03426039533065134, 0.019728654196860724, 0.0, 0.016658550475287623, 0.005422768956954101, 0.0, 0.019795240631728064, 0.0, 0.022534875951164733, 0.05874522297052942)",2
10050,42,1,6,"(0.03426039533065134, 0.011572197494497125, 0.0, 0.030181603934096246, 0.005422768956954101, 0.0, 0.019795240631728064, 0.0, 0.028146417112716555, 0.05874522297052942)",289
10051,42,1,6,"(0.03426039533065134, 0.011572197494497125, 0.0, 0.030181603934096246, 0.005422768956954101, 0.0, 0.013675805928312282, 0.0, 0.028146417112716555, 0.05874522297052942)",1
10052,42,1,6,"(0.03426039533065134, 0.010338201380573073, 0.0, 0.030181603934096246, 0.005422768956954101, 0.0, 0.019795240631728064, 0.0, 0.028146417112716555, 0.05874522297052942)",1
10053,42,1,6,"(0.03426039533065134, 0.0136130799153677, 0.0, 0.030181603934096246, 0.005422768956954101, 0.0, 0.019795240631728064, 0.0, 0.028146417112716555, 0.05874522297052942)",1
10054,42,1,6,"(0.03426039533065134, 0.011572197494497125, 0.0, 0.030181603934096246, 0.005422768956954101, 0.0, 0.012938787904947752, 0.0, 0.015639669683404703, 0.05874522297052942)",1
10055,42,1,8,"(0.07111035742329365, 0.046525949225991035, 0.0, 0.0, 0.051217346146779696, 0.0, 0.08319516954615302, 0.09513444883351557, 0.0, 0.0)",261
10056,42,2,13,"(0.0, 0.02461978404713738, 0.02341778510292731, 0.0, 0.017351495061149223, 0.022173256981297827, 0.0, 0.0, 0.01089208668844536, 0.00476393156717078)",1
10057,42,2,13,"(0.0, 0.018286997929535424, 0.023035932332134326, 0.0, 0.00970885425506607, 0.022173256981297827, 0.0, 0.0, 0.01089208668844536, 0.00476393156717078)",2
10058,42,2,13,"(0.0, 0.02461978404713738, 0.023035932332134326, 0.0, 0.008349369054278414, 0.022173256981297827, 0.0, 0.0, 0.01089208668844536, 0.00476393156717078)",1
10059,42,2,13,"(0.0, 0.02461978404713738, 0.02005554060093681, 0.0, 0.00970885425506607, 0.022173256981297827, 0.0, 0.0, 0.010987993947341644, 0.00476393156717078)",4
10060,42,2,13,"(0.0, 0.02461978404713738, 0.023035932332134326, 0.0, 0.00970885425506607, 0.0359140740695678, 0.0, 0.0, 0.01089208668844536, 0.00476393156717078)",2
10061,42,2,13,"(0.0, 0.01417557970507062, 0.023035932332134326, 0.0, 0.00970885425506607, 0.03620737817297912, 0.0, 0.0, 0.01089208668844536, 0.00476393156717078)",1
10062,42,2,13,"(0.0, 0.02461978404713738, 0.023035932332134326, 0.0, 0.01386209846115808, 0.022173256981297827, 0.0, 0.0, 0.01089208668844536, 0.00476393156717078)",1
10063,42,2,13,"(0.0, 0.02461978404713738, 0.023035932332134326, 0.0, 0.0111306429394846, 0.022173256981297827, 0.0, 0.0, 0.01089208668844536, 0.00476393156717078)",1
10064,42,2,13,"(0.0, 0.02461978404713738, 0.023035932332134326, 0.0, 0.00970885425506607, 0.022173256981297827, 0.0, 0.0, 0.01089208668844536, 0.00476393156717078)",324
10065,42,3,13,"(0.0, 0.02461978404713738, 0.023035932332134326, 0.0, 0.01810411441758469, 0.022173256981297827, 0.0, 0.0, 0.01089208668844536, 0.005440728607289169)",1
10066,42,3,13,"(0.0, 0.02461978404713738, 0.023035932332134326, 0.0, 0.01810411441758469, 0.022173256981297827, 0.0, 0.0, 0.01089208668844536, 0.0024406349647482155)",108
10067,42,3,13,"(0.0, 0.02461978404713738, 0.01417554107712116, 0.0, 0.01810411441758469, 0.022173256981297827, 0.0, 0.0, 0.01089208668844536, 0.0024406349647482155)",1
10068,42,3,13,"(0.0, 0.03639514956717152, 0.023035932332134326, 0.0, 0.013397120020122293, 0.022173256981297827, 0.0, 0.0, 0.01089208668844536, 0.0024406349647482155)",1
10069,42,3,13,"(0.0, 0.02461978404713738, 0.023035932332134326, 0.0, 0.013397120020122293, 0.0329435435131659, 0.0, 0.0, 0.01089208668844536, 0.0024406349647482155)",1
10070,42,3,13,"(0.0, 0.02461978404713738, 0.023035932332134326, 0.0, 0.013397120020122293, 0.022173256981297827, 0.0, 0.0, 0.01089208668844536, 0.0023970603026573227)",1
10071,42,3,13,"(0.0, 0.02461978404713738, 0.023035932332134326, 0.0, 0.01904857204732826, 0.022173256981297827, 0.0, 0.0, 0.01089208668844536, 0.0024406349647482155)",1
10072,42,3,13,"(0.0, 0.02461978404713738, 0.023035932332134326, 0.0, 0.013397120020122293, 0.022173256981297827, 0.0, 0.0, 0.007741337036052953, 0.0024406349647482155)",19
10073,42,3,13,"(0.0, 0.03629786959942864, 0.023035932332134326, 0.0, 0.013397120020122293, 0.022173256981297827, 0.0, 0.0, 0.01089208668844536, 0.0024406349647482155)",1
10074,42,3,13,"(0.0, 0.02461978404713738, 0.023035932332134326, 0.0, 0.013397120020122293, 0.022173256981297827, 0.0, 0.0, 0.009306088357953855, 0.0024406349647482155)",1
10075,42,3,13,"(0.0, 0.02461978404713738, 0.023035932332134326, 0.0, 0.013397120020122293, 0.022173256981297827, 0.0, 0.0, 0.01089208668844536, 0.0034492555891570496)",2
10076,42,3,13,"(0.0, 0.02461978404713738, 0.023035932332134326, 0.0, 0.013397120020122293, 0.022173256981297827, 0.0, 0.0, 0.01089208668844536, 0.0024406349647482155)",218
10077,42,3,13,"(0.0, 0.02461978404713738, 0.0228234635463527, 0.0, 0.013397120020122293, 0.022173256981297827, 0.0, 0.0, 0.01089208668844536, 0.0021504382498754022)",1
10078,42,4,11,"(0.0, 0.0, 0.06293776585989674, 0.01650583712158267, 0.0, 0.030645849071221472, 0.08153022673827125, 0.07240876560513207, 0.026121609841380632, 0.0)",1
10079,42,4,11,"(0.0, 0.0, 0.09864539577037362, 0.014540932146827628, 0.0, 0.04208469291107109, 0.08153022673827125, 0.07240876560513207, 0.026121609841380632, 0.0)",1
10080,42,4,11,"(0.0, 0.0, 0.12085925597597634, 0.01650583712158267, 0.0, 0.029914048446196814, 0.08153022673827125, 0.06363050466780691, 0.026121609841380632, 0.0)",11
10081,42,4,11,"(0.0, 0.0, 0.03472016461952435, 0.01650583712158267, 0.0, 0.030645849071221472, 0.08153022673827125, 0.07240876560513207, 0.026121609841380632, 0.0)",1
10082,42,4,11,"(0.0, 0.0, 0.09864539577037362, 0.01650583712158267, 0.0, 0.030645849071221472, 0.08153022673827125, 0.07240876560513207, 0.05258551600491075, 0.0)",1
10083,42,4,11,"(0.0, 0.0, 0.09864539577037362, 0.01650583712158267, 0.0, 0.030645849071221472, 0.08153022673827125, 0.04968655051815564, 0.026121609841380632, 0.0)",1
10084,42,4,11,"(0.0, 0.0, 0.09864539577037362, 0.01650583712158267, 0.0, 0.030645849071221472, 0.061684904091342425, 0.07240876560513207, 0.026121609841380632, 0.0)",1
10085,42,4,11,"(0.0, 0.0, 0.07121866926210224, 0.020051853034794155, 0.0, 0.030645849071221472, 0.08153022673827125, 0.05022290034573665, 0.026121609841380632, 0.0)",4
10086,42,4,11,"(0.0, 0.0, 0.09864539577037362, 0.01650583712158267, 0.0, 0.030645849071221472, 0.08153022673827125, 0.07240876560513207, 0.026121609841380632, 0.0)",479
10087,42,4,11,"(0.0, 0.0, 0.10338919095002691, 0.01650583712158267, 0.0, 0.030645849071221472, 0.08153022673827125, 0.07240876560513207, 0.026121609841380632, 0.0)",1
10088,42,5,0,"(0.07400250769571483, 0.0, 0.0, 0.0, 0.0, 0.038664151314593, 0.08380840797570269, 0.06261049614614052, 0.0, 0.0)",111
10089,42,5,0,"(0.0402479284341202, 0.0, 0.0, 0.0, 0.0, 0.038664151314593, 0.08380840797570269, 0.06472321488938049, 0.0, 0.0)",1
10090,42,5,0,"(0.07400250769571483, 0.0, 0.0, 0.0, 0.0, 0.038664151314593, 0.08380840797570269, 0.05300337116542054, 0.0, 0.0)",1
10091,42,5,0,"(0.0402479284341202, 0.0, 0.0, 0.0, 0.0, 0.07691647897174984, 0.09701524112760358, 0.06261049614614052, 0.0, 0.0)",2
10092,42,5,0,"(0.08483444841238814, 0.0, 0.0, 0.0, 0.0, 0.038664151314593, 0.08380840797570269, 0.09123672737296942, 0.0, 0.0)",2
10093,42,5,0,"(0.12352974491755873, 0.0, 0.0, 0.0, 0.0, 0.038664151314593, 0.08380840797570269, 0.06261049614614052, 0.0, 0.0)",62
10094,42,5,0,"(0.0402479284341202, 0.0, 0.0, 0.0, 0.0, 0.038664151314593, 0.08380840797570269, 0.06261049614614052, 0.0, 0.0)",95
10095,42,5,0,"(0.07400250769571483, 0.0, 0.0, 0.0, 0.0, 0.038664151314593, 0.08380840797570269, 0.038168100779973006, 0.0, 0.0)",2
10096,42,5,6,"(0.03426039533065134, 0.011572197494497125, 0.0, 0.030181603934096246, 0.008219808932221646, 0.0, 0.019795240631728064, 0.0, 0.028146417112716555, 0.05874522297052942)",27
10097,42,5,6,"(0.03426039533065134, 0.011572197494497125, 0.0, 0.030181603934096246, 0.005422768956954101, 0.0, 0.05007964631333908, 0.0, 0.028146417112716555, 0.05874522297052942)",9
10098,42,5,6,"(0.03426039533065134, 0.011572197494497125, 0.0, 0.030181603934096246, 0.005422768956954101, 0.0, 0.019795240631728064, 0.0, 0.028146417112716555, 0.05874522297052942)",236
10099,42,6,0,"(0.07400250769571483, 0.0, 0.0, 0.0, 0.0, 0.029388068660167063, 0.08380840797570269, 0.08768242874981044, 0.0, 0.0)",1
10100,42,6,0,"(0.06234213132962305, 0.0, 0.0, 0.0, 0.0, 0.014171889869427065, 0.0776906477467588, 0.04330834828631093, 0.0, 0.0)",1
10101,42,6,0,"(0.06234213132962305, 0.0, 0.0, 0.0, 0.0, 0.014171889869427065, 0.07011830437097326, 0.045727257281457656, 0.0, 0.0)",3
10102,42,6,0,"(0.07400250769571483, 0.0, 0.0, 0.0, 0.0, 0.017098731129875016, 0.08380840797570269, 0.0691048466035698, 0.0, 0.0)",95
10103,42,6,0,"(0.046016769014978, 0.0, 0.0, 0.0, 0.0, 0.006323886931310055, 0.07011830437097326, 0.06627066634944925, 0.0, 0.0)",13
10104,42,6,0,"(0.06234213132962305, 0.0, 0.0, 0.0, 0.0, 0.014171889869427065, 0.07011830437097326, 0.04330834828631093, 0.0, 0.0)",87
10105,42,6,0,"(0.06234213132962305, 0.0, 0.0, 0.0, 0.0, 0.017098731129875016, 0.07011830437097326, 0.0691048466035698, 0.0, 0.0)",49
10106,42,7,13,"(0.0, 0.02461978404713738, 0.023035932332134326, 0.0, 0.016845007513066557, 0.022173256981297827, 0.0, 0.0, 0.01089208668844536, 0.00476393156717078)",1
10107,42,7,13,"(0.0, 0.02461978404713738, 0.023035932332134326, 0.0, 0.01810411441758469, 0.022173256981297827, 0.0, 0.0, 0.01089208668844536, 0.00476393156717078)",227
10108,42,7,13,"(0.0, 0.02461978404713738, 0.023035932332134326, 0.0, 0.01810411441758469, 0.022173256981297827, 0.0, 0.0, 0.011522822675218408, 0.00476393156717078)",3
10109,42,7,13,"(0.0, 0.029452212031353637, 0.023035932332134326, 0.0, 0.01810411441758469, 0.022173256981297827, 0.0, 0.0, 0.01089208668844536, 0.00476393156717078)",1
10110,42,8,11,"(0.0, 0.0, 0.09864539577037362, 0.02150422363422624, 0.0, 0.019408535212725984, 0.16773790467281977, 0.031321277805822265, 0.026121609841380632, 0.0)",1
10111,42,8,11,"(0.0, 0.0, 0.09864539577037362, 0.02150422363422624, 0.0, 0.017275638008871937, 0.16773790467281977, 0.0386197297757742, 0.026121609841380632, 0.0)",2
10112,42,8,11,"(0.0, 0.0, 0.09864539577037362, 0.02150422363422624, 0.0, 0.030645849071221472, 0.16773790467281977, 0.0386197297757742, 0.010948024978992135, 0.0)",1
10113,42,8,11,"(0.0, 0.0, 0.09864539577037362, 0.02150422363422624, 0.0, 0.030645849071221472, 0.16773790467281977, 0.033467151319843104, 0.026121609841380632, 0.0)",37
10114,42,8,11,"(0.0, 0.0, 0.09864539577037362, 0.02150422363422624, 0.0, 0.030645849071221472, 0.16773790467281977, 0.0386197297757742, 0.026121609841380632, 0.0)",516
10115,42,8,11,"(0.0, 0.0, 0.09864539577037362, 0.02150422363422624, 0.0, 0.030645849071221472, 0.16773790467281977, 0.0386197297757742, 0.03274546142285133, 0.0)",1
10116,42,8,11,"(0.0, 0.0, 0.09864539577037362, 0.02150422363422624, 0.0, 0.030645849071221472, 0.16773790467281977, 0.034447776027458216, 0.026121609841380632, 0.0)",1
10117,42,8,11,"(0.0, 0.0, 0.09864539577037362, 0.02150422363422624, 0.0, 0.030645849071221472, 0.16773790467281977, 0.0386197297757742, 0.024892248848343526, 0.0)",1
10118,42,8,11,"(0.0, 0.0, 0.09864539577037362, 0.02150422363422624, 0.0, 0.030645849071221472, 0.16773790467281977, 0.0386197297757742, 0.023197568769086067, 0.0)",1
10119,42,8,11,"(0.0, 0.0, 0.09864539577037362, 0.02150422363422624, 0.0, 0.030645849071221472, 0.16773790467281977, 0.0386197297757742, 0.0187944846024355, 0.0)",1
10120,42,8,11,"(0.0, 0.0, 0.09864539577037362, 0.02150422363422624, 0.0, 0.030645849071221472, 0.21190214807534666, 0.0386197297757742, 0.026121609841380632, 0.0)",1
10121,42,8,11,"(0.0, 0.0, 0.10603200347324065, 0.028094557588404234, 0.0, 0.03413812507015266, 0.16773790467281977, 0.0546803447238856, 0.026121609841380632, 0.0)",1
10122,42,8,11,"(0.0, 0.0, 0.09864539577037362, 0.02121181755085181, 0.0, 0.030645849071221472, 0.16773790467281977, 0.0386197297757742, 0.026121609841380632, 0.0)",1
10123,42,8,11,"(0.0, 0.0, 0.09864539577037362, 0.02150422363422624, 0.0, 0.030645849071221472, 0.16773790467281977, 0.03223891283190258, 0.026121609841380632, 0.0)",2
10124,42,8,11,"(0.0, 0.0, 0.09864539577037362, 0.02150422363422624, 0.0, 0.030645849071221472, 0.16773790467281977, 0.0386197297757742, 0.03361715130534386, 0.0)",1
10125,42,8,11,"(0.0, 0.0, 0.09864539577037362, 0.02150422363422624, 0.0, 0.030645849071221472, 0.1611437736028483, 0.0386197297757742, 0.04510556852492988, 0.0)",1
10126,42,8,11,"(0.0, 0.0, 0.09864539577037362, 0.02150422363422624, 0.0, 0.030645849071221472, 0.1611437736028483, 0.0386197297757742, 0.026121609841380632, 0.0)",26
10127,42,8,11,"(0.0, 0.0, 0.09864539577037362, 0.016824350708666516, 0.0, 0.030645849071221472, 0.16773790467281977, 0.0386197297757742, 0.026121609841380632, 0.0)",2
10128,42,9,11,"(0.0, 0.0, 0.11755819882518005, 0.01650583712158267, 0.0, 0.02375279233445006, 0.09469936116987708, 0.08028238650273146, 0.026121609841380632, 0.0)",1
10129,42,9,11,"(0.0, 0.0, 0.11755819882518005, 0.01650583712158267, 0.0, 0.02375279233445006, 0.13251584939246863, 0.08028238650273146, 0.017900466961732763, 0.0)",1
10130,42,9,11,"(0.0, 0.0, 0.11755819882518005, 0.014775635553432476, 0.0, 0.02375279233445006, 0.08719298821933218, 0.08028238650273146, 0.026121609841380632, 0.0)",2
10131,42,9,11,"(0.0, 0.0, 0.05848245067639949, 0.01650583712158267, 0.0, 0.02375279233445006, 0.0842237345629549, 0.08028238650273146, 0.026121609841380632, 0.0)",1
10132,42,9,11,"(0.0, 0.0, 0.11755819882518005, 0.01650583712158267, 0.0, 0.02375279233445006, 0.1254348761332085, 0.03603929882169739, 0.026121609841380632, 0.0)",5
10133,42,9,11,"(0.0, 0.0, 0.11755819882518005, 0.01650583712158267, 0.0, 0.02375279233445006, 0.1254348761332085, 0.08028238650273146, 0.026121609841380632, 0.0)",509
10134,42,9,11,"(0.0, 0.0, 0.11755819882518005, 0.01650583712158267, 0.0, 0.02375279233445006, 0.21561484278493598, 0.08028238650273146, 0.026121609841380632, 0.0)",1
10135,42,9,11,"(0.0, 0.0, 0.11755819882518005, 0.016443092559596466, 0.0, 0.01960404041933283, 0.27760091630357087, 0.08028238650273146, 0.026121609841380632, 0.0)",6
10136,42,9,11,"(0.0, 0.0, 0.11755819882518005, 0.01650583712158267, 0.0, 0.026572505083822934, 0.1254348761332085, 0.08028238650273146, 0.026121609841380632, 0.0)",1
10137,42,9,11,"(0.0, 0.0, 0.11755819882518005, 0.014435047396500882, 0.0, 0.02375279233445006, 0.1254348761332085, 0.08028238650273146, 0.026121609841380632, 0.0)",1
10138,42,9,11,"(0.0, 0.0, 0.11755819882518005, 0.01650583712158267, 0.0, 0.02375279233445006, 0.1254348761332085, 0.08028238650273146, 0.04851737056146443, 0.0)",1
10139,42,10,13,"(0.0, 0.02461978404713738, 0.023035932332134326, 0.0, 0.01810411441758469, 0.018327253906796452, 0.0, 0.0, 0.01089208668844536, 0.00476393156717078)",131
10140,42,10,13,"(0.0, 0.02461978404713738, 0.023035932332134326, 0.0, 0.01810411441758469, 0.018327253906796452, 0.0, 0.0, 0.006638315832148273, 0.00476393156717078)",1
10141,42,10,13,"(0.0, 0.02461978404713738, 0.023035932332134326, 0.0, 0.01810411441758469, 0.019325622049161183, 0.0, 0.0, 0.01089208668844536, 0.00476393156717078)",5
10142,42,10,13,"(0.0, 0.02461978404713738, 0.023035932332134326, 0.0, 0.01810411441758469, 0.022173256981297827, 0.0, 0.0, 0.01089208668844536, 0.00476393156717078)",55
10143,42,10,13,"(0.0, 0.0636972953591011, 0.023035932332134326, 0.0, 0.01810411441758469, 0.018327253906796452, 0.0, 0.0, 0.01089208668844536, 0.00476393156717078)",1
10144,42,10,13,"(0.0, 0.02461978404713738, 0.036783225145292246, 0.0, 0.01810411441758469, 0.022173256981297827, 0.0, 0.0, 0.01089208668844536, 0.00476393156717078)",1
10145,42,10,13,"(0.0, 0.02461978404713738, 0.023035932332134326, 0.0, 0.01810411441758469, 0.018327253906796452, 0.0, 0.0, 0.007666714694794816, 0.00476393156717078)",1
10146,42,11,13,"(0.0, 0.02461978404713738, 0.023035932332134326, 0.0, 0.01810411441758469, 0.022173256981297827, 0.0, 0.0, 0.01089208668844536, 0.006536867525942696)",1
10147,42,11,13,"(0.0, 0.02461978404713738, 0.023035932332134326, 0.0, 0.01810411441758469, 0.022173256981297827, 0.0, 0.0, 0.01089208668844536, 0.004747287329783221)",1
10148,42,11,13,"(0.0, 0.027317180886780264, 0.023035932332134326, 0.0, 0.01810411441758469, 0.016862067636694802, 0.0, 0.0, 0.012016688672228102, 0.0036872173179800785)",1
10149,42,11,13,"(0.0, 0.018846285123373864, 0.023035932332134326, 0.0, 0.01810411441758469, 0.022173256981297827, 0.0, 0.0, 0.01089208668844536, 0.0036872173179800785)",1
10150,42,11,13,"(0.0, 0.02461978404713738, 0.023035932332134326, 0.0, 0.01810411441758469, 0.022173256981297827, 0.0, 0.0, 0.01089208668844536, 0.0030013608365649608)",16
10151,42,11,13,"(0.0, 0.02461978404713738, 0.007936273663113613, 0.0, 0.01810411441758469, 0.022173256981297827, 0.0, 0.0, 0.01089208668844536, 0.0036872173179800785)",1
10152,42,11,13,"(0.0, 0.02461978404713738, 0.023035932332134326, 0.0, 0.01810411441758469, 0.022173256981297827, 0.0, 0.0, 0.012707333076070783, 0.0036872173179800785)",1
10153,42,11,13,"(0.0, 0.027317180886780264, 0.023035932332134326, 0.0, 0.01810411441758469, 0.016862067636694802, 0.0, 0.0, 0.01089208668844536, 0.0036872173179800785)",1
10154,42,11,13,"(0.0, 0.02461978404713738, 0.023035932332134326, 0.0, 0.03261789290897879, 0.023454589305194187, 0.0, 0.0, 0.01089208668844536, 0.0036872173179800785)",1
10155,42,11,13,"(0.0, 0.02461978404713738, 0.023035932332134326, 0.0, 0.01810411441758469, 0.022173256981297827, 0.0, 0.0, 0.01089208668844536, 0.0036872173179800785)",263
10156,42,11,13,"(0.0, 0.02461978404713738, 0.023035932332134326, 0.0, 0.01810411441758469, 0.017856744202961905, 0.0, 0.0, 0.013167976449730365, 0.0036872173179800785)",7
10157,42,11,13,"(0.0, 0.03934569262362705, 0.023035932332134326, 0.0, 0.01810411441758469, 0.022173256981297827, 0.0, 0.0, 0.01089208668844536, 0.0036872173179800785)",1
10158,42,11,13,"(0.0, 0.01851510226022803, 0.023035932332134326, 0.0, 0.01810411441758469, 0.022173256981297827, 0.0, 0.0, 0.01089208668844536, 0.0036872173179800785)",1
10159,42,11,13,"(0.0, 0.02461978404713738, 0.023035932332134326, 0.0, 0.01810411441758469, 0.034481912330541445, 0.0, 0.0, 0.01089208668844536, 0.0036872173179800785)",17
10160,42,11,13,"(0.0, 0.02461978404713738, 0.023035932332134326, 0.0, 0.01810411441758469, 0.022173256981297827, 0.0, 0.0, 0.01089208668844536, 0.004017194243464922)",40
10161,42,11,13,"(0.0, 0.03667540187930661, 0.023035932332134326, 0.0, 0.01810411441758469, 0.022173256981297827, 0.0, 0.0, 0.01089208668844536, 0.0030013608365649608)",1
10162,42,12,8,"(0.19235562551390653, 0.046525949225991035, 0.0, 0.0, 0.08922249357395273, 0.0, 0.08319516954615302, 0.1116381245929446, 0.0, 0.0)",9
10163,42,12,8,"(0.19235562551390653, 0.046525949225991035, 0.0, 0.0, 0.04573034632799446, 0.0, 0.08319516954615302, 0.1116381245929446, 0.0, 0.0)",130
10164,42,12,8,"(0.19235562551390653, 0.08916834486149602, 0.0, 0.0, 0.04573034632799446, 0.0, 0.08319516954615302, 0.1116381245929446, 0.0, 0.0)",1
10165,42,12,8,"(0.20988081607666464, 0.046525949225991035, 0.0, 0.0, 0.04573034632799446, 0.0, 0.08319516954615302, 0.1116381245929446, 0.0, 0.0)",2
10166,42,12,8,"(0.19235562551390653, 0.046525949225991035, 0.0, 0.0, 0.04573034632799446, 0.0, 0.07793180105340071, 0.1116381245929446, 0.0, 0.0)",2
10167,42,12,10,"(0.03550653097490399, 0.04404310129392857, 0.09682940930282144, 0.0017773360538905325, 0.0, 0.06291875767155253, 0.0, 0.10994488928074131, 0.0, 0.0)",8
10168,42,12,10,"(0.028726017090664996, 0.06927916245295945, 0.09682940930282144, 0.0017773360538905325, 0.0, 0.06291875767155253, 0.0, 0.10994488928074131, 0.0, 0.0)",47
10169,42,12,10,"(0.028726017090664996, 0.03720673008786928, 0.09682940930282144, 0.0017773360538905325, 0.0, 0.06291875767155253, 0.0, 0.10994488928074131, 0.0, 0.0)",1
10170,42,12,10,"(0.03550653097490399, 0.06927916245295945, 0.09682940930282144, 0.0017773360538905325, 0.0, 0.06291875767155253, 0.0, 0.10994488928074131, 0.0, 0.0)",197
10171,42,12,10,"(0.04483371243106504, 0.06927916245295945, 0.09682940930282144, 0.0017773360538905325, 0.0, 0.06291875767155253, 0.0, 0.1493347684951353, 0.0, 0.0)",1
10172,42,12,10,"(0.03550653097490399, 0.04404310129392857, 0.1423529896040978, 0.0017773360538905325, 0.0, 0.06291875767155253, 0.0, 0.10994488928074131, 0.0, 0.0)",1
10173,42,13,6,"(0.03426039533065134, 0.011572197494497125, 0.0, 0.030181603934096246, 0.005422768956954101, 0.0, 0.019795240631728064, 0.0, 0.016209741115842353, 0.05874522297052942)",177
10174,42,13,6,"(0.03426039533065134, 0.01431874408012125, 0.0, 0.09895153643060002, 0.007670309317002004, 0.0, 0.019795240631728064, 0.0, 0.016209741115842353, 0.05874522297052942)",1
10175,42,13,6,"(0.03426039533065134, 0.011542471322106809, 0.0, 0.030181603934096246, 0.005422768956954101, 0.0, 0.008839475449497588, 0.0, 0.016209741115842353, 0.05874522297052942)",1
10176,42,13,6,"(0.03426039533065134, 0.011572197494497125, 0.0, 0.030181603934096246, 0.005422768956954101, 0.0, 0.012922518351374732, 0.0, 0.016209741115842353, 0.05874522297052942)",3
10177,42,14,11,"(0.0, 0.0, 0.07563427679391872, 0.01650583712158267, 0.0, 0.030645849071221472, 0.16773790467281977, 0.046237642847009, 0.026121609841380632, 0.0)",274
10178,42,14,11,"(0.0, 0.0, 0.0686051426785566, 0.01650583712158267, 0.0, 0.023529062694452155, 0.16773790467281977, 0.046237642847009, 0.026121609841380632, 0.0)",1
10179,42,14,11,"(0.0, 0.0, 0.07563427679391872, 0.01650583712158267, 0.0, 0.030645849071221472, 0.2388080604255567, 0.046237642847009, 0.026121609841380632, 0.0)",26
10180,42,14,11,"(0.0, 0.0, 0.07563427679391872, 0.01650583712158267, 0.0, 0.030645849071221472, 0.18632683172626838, 0.046237642847009, 0.026121609841380632, 0.0)",9
10181,42,14,11,"(0.0, 0.0, 0.0686051426785566, 0.01650583712158267, 0.0, 0.010124498049261198, 0.2696096178808021, 0.046237642847009, 0.026121609841380632, 0.0)",1
10182,42,14,11,"(0.0, 0.0, 0.07563427679391872, 0.01650583712158267, 0.0, 0.030373427051472175, 0.16773790467281977, 0.046237642847009, 0.026121609841380632, 0.0)",1
10183,42,14,13,"(0.0, 0.024310186759345674, 0.023035932332134326, 0.0, 0.025601849419525872, 0.022173256981297827, 0.0, 0.0, 0.007678852295636124, 0.0049016596027822035)",1
10184,42,14,13,"(0.0, 0.025133562148191086, 0.023035932332134326, 0.0, 0.01810411441758469, 0.022173256981297827, 0.0, 0.0, 0.01089208668844536, 0.00476393156717078)",4
10185,42,14,13,"(0.0, 0.02461978404713738, 0.023035932332134326, 0.0, 0.01810411441758469, 0.022173256981297827, 0.0, 0.0, 0.01089208668844536, 0.00476393156717078)",264
10186,42,15,11,"(0.0, 0.0, 0.15347032690643134, 0.01650583712158267, 0.0, 0.030645849071221472, 0.16773790467281977, 0.0404147798164449, 0.026121609841380632, 0.0)",3
10187,42,15,11,"(0.0, 0.0, 0.07654893703778093, 0.01324075245897844, 0.0, 0.030645849071221472, 0.16773790467281977, 0.0404147798164449, 0.026121609841380632, 0.0)",1
10188,42,15,11,"(0.0, 0.0, 0.11839367174953695, 0.01650583712158267, 0.0, 0.030645849071221472, 0.16773790467281977, 0.03533630432484464, 0.026121609841380632, 0.0)",31
10189,42,15,11,"(0.0, 0.0, 0.11839367174953695, 0.01650583712158267, 0.0, 0.013221581988447162, 0.09209870571177695, 0.06913966793837864, 0.026121609841380632, 0.0)",5
10190,42,15,11,"(0.0, 0.0, 0.11839367174953695, 0.01650583712158267, 0.0, 0.020355830679555063, 0.16773790467281977, 0.0404147798164449, 0.029015339146086297, 0.0)",1
10191,42,15,11,"(0.0, 0.0, 0.11839367174953695, 0.018652551005663928, 0.0, 0.020355830679555063, 0.16773790467281977, 0.046262116375116624, 0.012345001906002684, 0.0)",1
10192,42,15,11,"(0.0, 0.0, 0.11839367174953695, 0.01650583712158267, 0.0, 0.030645849071221472, 0.16773790467281977, 0.025618861100896836, 0.026121609841380632, 0.0)",2
10193,42,15,11,"(0.0, 0.0, 0.11839367174953695, 0.01650583712158267, 0.0, 0.020355830679555063, 0.18447117533832808, 0.0339581108073411, 0.026121609841380632, 0.0)",2
10194,42,15,11,"(0.0, 0.0, 0.11839367174953695, 0.01650583712158267, 0.0, 0.030645849071221472, 0.16773790467281977, 0.0313172201121947, 0.026121609841380632, 0.0)",3
10195,42,15,11,"(0.0, 0.0, 0.28354907773454135, 0.01650583712158267, 0.0, 0.020355830679555063, 0.16773790467281977, 0.0404147798164449, 0.01293506747030935, 0.0)",1
10196,42,15,11,"(0.0, 0.0, 0.11839367174953695, 0.01650583712158267, 0.0, 0.030645849071221472, 0.16773790467281977, 0.0404147798164449, 0.024452921319870823, 0.0)",1
10197,42,15,11,"(0.0, 0.0, 0.11839367174953695, 0.01650583712158267, 0.0, 0.030645849071221472, 0.16773790467281977, 0.0404147798164449, 0.02728084634906514, 0.0)",5
10198,42,15,11,"(0.0, 0.0, 0.11839367174953695, 0.01650583712158267, 0.0, 0.020355830679555063, 0.16773790467281977, 0.0404147798164449, 0.026121609841380632, 0.0)",147
10199,42,15,11,"(0.0, 0.0, 0.11839367174953695, 0.01650583712158267, 0.0, 0.020355830679555063, 0.16773790467281977, 0.034561841449632265, 0.012345001906002684, 0.0)",30
10200,42,15,11,"(0.0, 0.0, 0.11839367174953695, 0.01650583712158267, 0.0, 0.020355830679555063, 0.16773790467281977, 0.0404147798164449, 0.012345001906002684, 0.0)",27
10201,42,15,11,"(0.0, 0.0, 0.11839367174953695, 0.01650583712158267, 0.0, 0.029902440789176178, 0.16773790467281977, 0.0404147798164449, 0.026121609841380632, 0.0)",2
10202,42,15,11,"(0.0, 0.0, 0.11839367174953695, 0.01650583712158267, 0.0, 0.030645849071221472, 0.16773790467281977, 0.0404147798164449, 0.026121609841380632, 0.0)",336
10203,42,15,11,"(0.0, 0.0, 0.11839367174953695, 0.01650583712158267, 0.0, 0.020355830679555063, 0.16773790467281977, 0.0404147798164449, 0.0334098168781216, 0.0)",1
10204,42,16,1,"(0.0, 0.0, 0.041406372128065916, 0.0, 0.0, 0.021190044298853638, 0.0, 0.0, 0.0, 0.047529216575968564)",15
10205,42,16,1,"(0.0, 0.0, 0.041406372128065916, 0.0, 0.0, 0.0199117526153351, 0.0, 0.0, 0.0, 0.04038040339001554)",1
10206,42,16,1,"(0.0, 0.0, 0.041406372128065916, 0.0, 0.0, 0.0199117526153351, 0.0, 0.0, 0.0, 0.06775685849266061)",12
10207,42,16,1,"(0.0, 0.0, 0.041406372128065916, 0.0, 0.0, 0.0199117526153351, 0.0, 0.0, 0.0, 0.047529216575968564)",518
10208,42,16,1,"(0.0, 0.0, 0.041406372128065916, 0.0, 0.0, 0.0199117526153351, 0.0, 0.0, 0.0, 0.07585744813063403)",2
10209,42,16,1,"(0.0, 0.0, 0.018187393055138747, 0.0, 0.0, 0.0199117526153351, 0.0, 0.0, 0.0, 0.05170669254068194)",2
10210,42,16,1,"(0.0, 0.0, 0.051820909639755317, 0.0, 0.0, 0.0199117526153351, 0.0, 0.0, 0.0, 0.047529216575968564)",1
10211,42,16,1,"(0.0, 0.0, 0.041406372128065916, 0.0, 0.0, 0.0199117526153351, 0.0, 0.0, 0.0, 0.029986939383988834)",2
10212,42,16,1,"(0.0, 0.0, 0.041406372128065916, 0.0, 0.0, 0.03162635170469476, 0.0, 0.0, 0.0, 0.05748324424234746)",2
10213,42,16,1,"(0.0, 0.0, 0.041406372128065916, 0.0, 0.0, 0.028735763220105445, 0.0, 0.0, 0.0, 0.047529216575968564)",1
10214,42,16,1,"(0.0, 0.0, 0.041406372128065916, 0.0, 0.0, 0.0199117526153351, 0.0, 0.0, 0.0, 0.053079885168575563)",154
10215,42,16,8,"(0.16507889091742442, 0.04637135025930518, 0.0, 0.0, 0.07022106556493442, 0.0, 0.060701614823567854, 0.1116381245929446, 0.0, 0.0)",53
10216,42,16,8,"(0.16507889091742442, 0.046525949225991035, 0.0, 0.0, 0.07022106556493442, 0.0, 0.08276415664316426, 0.24863183558623334, 0.0, 0.0)",1
10217,42,16,8,"(0.16507889091742442, 0.046525949225991035, 0.0, 0.0, 0.07022106556493442, 0.0, 0.060701614823567854, 0.14618807923510865, 0.0, 0.0)",2
10218,42,16,8,"(0.16507889091742442, 0.046525949225991035, 0.0, 0.0, 0.07022106556493442, 0.0, 0.060701614823567854, 0.1116381245929446, 0.0, 0.0)",189
10219,42,16,8,"(0.15660819214922037, 0.04660278741331366, 0.0, 0.0, 0.049709575755804106, 0.0, 0.060701614823567854, 0.1116381245929446, 0.0, 0.0)",3
10220,42,16,8,"(0.16507889091742442, 0.046525949225991035, 0.0, 0.0, 0.07022106556493442, 0.0, 0.048814846961528165, 0.1116381245929446, 0.0, 0.0)",1
10221,42,16,8,"(0.16507889091742442, 0.04637135025930518, 0.0, 0.0, 0.1039524638955436, 0.0, 0.060701614823567854, 0.1116381245929446, 0.0, 0.0)",5
10222,42,17,1,"(0.0, 0.0, 0.11578633455359799, 0.0, 0.0, 0.022640784901484766, 0.0, 0.0, 0.0, 0.04557123282186749)",2
10223,42,17,1,"(0.0, 0.0, 0.10922905711608999, 0.0, 0.0, 0.030018978917809972, 0.0, 0.0, 0.0, 0.0910060267578522)",27
10224,42,17,1,"(0.0, 0.0, 0.03407602893806199, 0.0, 0.0, 0.011868470898459233, 0.0, 0.0, 0.0, 0.04664012734839641)",1
10225,42,17,1,"(0.0, 0.0, 0.10650950881622333, 0.0, 0.0, 0.027302237386012035, 0.0, 0.0, 0.0, 0.04557123282186749)",1
10226,42,17,1,"(0.0, 0.0, 0.10650950881622333, 0.0, 0.0, 0.02889177621832481, 0.0, 0.0, 0.0, 0.08869344261791787)",12
10227,42,17,1,"(0.0, 0.0, 0.10650950881622333, 0.0, 0.0, 0.0199770382992231, 0.0, 0.0, 0.0, 0.04557123282186749)",30
10228,42,17,1,"(0.0, 0.0, 0.10650950881622333, 0.0, 0.0, 0.022640784901484766, 0.0, 0.0, 0.0, 0.04557123282186749)",588
10229,42,17,1,"(0.0, 0.0, 0.10650950881622333, 0.0, 0.0, 0.022640784901484766, 0.0, 0.0, 0.0, 0.06632717006471525)",5
10230,42,17,1,"(0.0, 0.0, 0.13250043376714232, 0.0, 0.0, 0.022640784901484766, 0.0, 0.0, 0.0, 0.048182443616163195)",2
10231,42,17,1,"(0.0, 0.0, 0.08696846607748593, 0.0, 0.0, 0.022640784901484766, 0.0, 0.0, 0.0, 0.04557123282186749)",1
10232,42,17,1,"(0.0, 0.0, 0.10650950881622333, 0.0, 0.0, 0.0365519532995195, 0.0, 0.0, 0.0, 0.04557123282186749)",1
10233,42,17,1,"(0.0, 0.0, 0.05508342393281718, 0.0, 0.0, 0.01731973114033007, 0.0, 0.0, 0.0, 0.04557123282186749)",3
10234,42,17,8,"(0.11382222294420535, 0.04632028014141928, 0.0, 0.0, 0.07022106556493442, 0.0, 0.08319516954615302, 0.08967387372682195, 0.0, 0.0)",74
10235,42,17,8,"(0.10294337677241405, 0.06246999934294712, 0.0, 0.0, 0.07022106556493442, 0.0, 0.08319516954615302, 0.1116381245929446, 0.0, 0.0)",2
10236,42,17,8,"(0.10294337677241405, 0.04632028014141928, 0.0, 0.0, 0.07022106556493442, 0.0, 0.08319516954615302, 0.1116381245929446, 0.0, 0.0)",197
10237,42,18,10,"(0.07734904686468291, 0.06927916245295945, 0.09682940930282144, 0.0017773360538905325, 0.0, 0.06291875767155253, 0.0, 0.10994488928074131, 0.0, 0.0)",145
10238,42,18,11,"(0.0, 0.0, 0.08898107447558858, 0.01650583712158267, 0.0, 0.03150275214907511, 0.13038533056739307, 0.08162204171086358, 0.026121609841380632, 0.0)",1
10239,42,18,11,"(0.0, 0.0, 0.13601187923663202, 0.01650583712158267, 0.0, 0.03150275214907511, 0.13038533056739307, 0.08028238650273146, 0.026121609841380632, 0.0)",13
10240,42,18,11,"(0.0, 0.0, 0.08898107447558858, 0.01650583712158267, 0.0, 0.03065880927226128, 0.13038533056739307, 0.08028238650273146, 0.026121609841380632, 0.0)",3
10241,42,18,11,"(0.0, 0.0, 0.08898107447558858, 0.01650583712158267, 0.0, 0.03150275214907511, 0.11053777298313497, 0.08028238650273146, 0.026121609841380632, 0.0)",3
10242,42,18,11,"(0.0, 0.0, 0.09864539577037362, 0.01650583712158267, 0.0, 0.03150275214907511, 0.13038533056739307, 0.08028238650273146, 0.026121609841380632, 0.0)",62
10243,42,18,11,"(0.0, 0.0, 0.08898107447558858, 0.01650583712158267, 0.0, 0.03150275214907511, 0.13038533056739307, 0.08793506267029735, 0.026121609841380632, 0.0)",1
10244,42,18,11,"(0.0, 0.0, 0.08898107447558858, 0.01650583712158267, 0.0, 0.03150275214907511, 0.13038533056739307, 0.09230210862549931, 0.026121609841380632, 0.0)",1
10245,42,18,11,"(0.0, 0.0, 0.08898107447558858, 0.026227591292368787, 0.0, 0.03150275214907511, 0.13038533056739307, 0.08028238650273146, 0.026121609841380632, 0.0)",1
10246,42,18,11,"(0.0, 0.0, 0.08898107447558858, 0.01650583712158267, 0.0, 0.03150275214907511, 0.13038533056739307, 0.08028238650273146, 0.026121609841380632, 0.0)",542
10247,42,18,11,"(0.0, 0.0, 0.08898107447558858, 0.01650583712158267, 0.0, 0.016255089898858915, 0.13038533056739307, 0.08028238650273146, 0.026121609841380632, 0.0)",1
10248,42,18,11,"(0.0, 0.0, 0.07195789698901511, 0.01650583712158267, 0.0, 0.03150275214907511, 0.13038533056739307, 0.08028238650273146, 0.026121609841380632, 0.0)",6
10249,42,19,13,"(0.0, 0.02461978404713738, 0.03295215261407702, 0.0, 0.01810411441758469, 0.022173256981297827, 0.0, 0.0, 0.01089208668844536, 0.0012146923535806386)",2
10250,42,19,13,"(0.0, 0.03925881341831306, 0.055218529395626284, 0.0, 0.01810411441758469, 0.022173256981297827, 0.0, 0.0, 0.01089208668844536, 0.0012146923535806386)",1
10251,42,19,13,"(0.0, 0.02461978404713738, 0.027053846948939416, 0.0, 0.01810411441758469, 0.022173256981297827, 0.0, 0.0, 0.012342782334802401, 0.0012146923535806386)",1
10252,42,19,13,"(0.0, 0.03290503932132644, 0.027053846948939416, 0.0, 0.01810411441758469, 0.022173256981297827, 0.0, 0.0, 0.01089208668844536, 0.0012146923535806386)",1
10253,42,19,13,"(0.0, 0.02614896714767275, 0.027053846948939416, 0.0, 0.01810411441758469, 0.019625404674198026, 0.0, 0.0, 0.01089208668844536, 0.0012146923535806386)",1
10254,42,19,13,"(0.0, 0.02461978404713738, 0.027053846948939416, 0.0, 0.01810411441758469, 0.022173256981297827, 0.0, 0.0, 0.01089208668844536, 0.0012146923535806386)",335
10255,42,19,13,"(0.0, 0.02461978404713738, 0.027053846948939416, 0.0, 0.01810411441758469, 0.018666741408143256, 0.0, 0.0, 0.01089208668844536, 0.0012146923535806386)",1
10256,42,20,10,"(0.07734904686468291, 0.06927916245295945, 0.055882551179426386, 0.000985386015776744, 0.0, 0.06177004333592379, 0.0, 0.10994488928074131, 0.0, 0.0)",75
10257,42,20,10,"(0.07734904686468291, 0.06927916245295945, 0.09682940930282144, 0.0017773360538905325, 0.0, 0.06291875767155253, 0.0, 0.10994488928074131, 0.0, 0.0)",24
10258,42,20,10,"(0.07734904686468291, 0.06927916245295945, 0.055882551179426386, 0.000985386015776744, 0.0, 0.07652580886604093, 0.0, 0.10994488928074131, 0.0, 0.0)",1
10259,42,20,11,"(0.0, 0.0, 0.018004387155732684, 0.03407349109831576, 0.0, 0.018895250128217304, 0.09572491856946197, 0.04681386186606392, 0.020768748166351655, 0.0)",3
10260,42,20,11,"(0.0, 0.0, 0.018004387155732684, 0.01650583712158267, 0.0, 0.02979965356876177, 0.09572491856946197, 0.05885302880459243, 0.022308863473294596, 0.0)",1
10261,42,20,11,"(0.0, 0.0, 0.03664497950459847, 0.02632041069655544, 0.0, 0.02548938439096223, 0.09572491856946197, 0.05885302880459243, 0.036485718580663774, 0.0)",8
10262,42,20,11,"(0.0, 0.0, 0.018004387155732684, 0.01650583712158267, 0.0, 0.02548938439096223, 0.09572491856946197, 0.05885302880459243, 0.036485718580663774, 0.0)",147
10263,42,20,11,"(0.0, 0.0, 0.03664497950459847, 0.01650583712158267, 0.0, 0.02548938439096223, 0.1291208860395963, 0.05885302880459243, 0.036485718580663774, 0.0)",1
10264,42,20,11,"(0.0, 0.0, 0.018004387155732684, 0.01650583712158267, 0.0, 0.018895250128217304, 0.11511976129332327, 0.04681386186606392, 0.0367927833159405, 0.0)",2
10265,42,20,11,"(0.0, 0.0, 0.03664497950459847, 0.01650583712158267, 0.0, 0.02548938439096223, 0.09572491856946197, 0.05885302880459243, 0.036485718580663774, 0.0)",150
10266,42,20,11,"(0.0, 0.0, 0.018004387155732684, 0.01650583712158267, 0.0, 0.018895250128217304, 0.09572491856946197, 0.04681386186606392, 0.020768748166351655, 0.0)",206
10267,42,20,11,"(0.0, 0.0, 0.014617960963533606, 0.01650583712158267, 0.0, 0.018895250128217304, 0.09572491856946197, 0.04681386186606392, 0.020768748166351655, 0.0)",1
10268,42,20,11,"(0.0, 0.0, 0.011381805473912836, 0.01650583712158267, 0.0, 0.02548938439096223, 0.09572491856946197, 0.045200445434279146, 0.036485718580663774, 0.0)",2
10269,42,20,11,"(0.0, 0.0, 0.018004387155732684, 0.01650583712158267, 0.0, 0.014971140983802473, 0.09572491856946197, 0.04681386186606392, 0.020768748166351655, 0.0)",3
10270,42,20,11,"(0.0, 0.0, 0.018004387155732684, 0.02492672732986405, 0.0, 0.02548938439096223, 0.09572491856946197, 0.05885302880459243, 0.036485718580663774, 0.0)",11
10271,42,20,11,"(0.0, 0.0, 0.018004387155732684, 0.01650583712158267, 0.0, 0.06063989715307265, 0.09572491856946197, 0.05885302880459243, 0.036485718580663774, 0.0)",1
10272,43,0,11,"(0.0, 0.0, 0.09235054516081882, 0.010654525538403636, 0.0, 0.03125499123802024, 0.16773790467281977, 0.04975492426923294, 0.026121609841380632, 0.0)",2
10273,43,0,11,"(0.0, 0.0, 0.06200374261520503, 0.010654525538403636, 0.0, 0.030645849071221472, 0.16773790467281977, 0.02619866797310514, 0.026121609841380632, 0.0)",1
10274,43,0,11,"(0.0, 0.0, 0.06200374261520503, 0.010654525538403636, 0.0, 0.030645849071221472, 0.16773790467281977, 0.06471128129841798, 0.026121609841380632, 0.0)",175
10275,43,0,11,"(0.0, 0.0, 0.06200374261520503, 0.010654525538403636, 0.0, 0.022158474490345602, 0.16773790467281977, 0.037695078031116706, 0.026121609841380632, 0.0)",4
10276,43,0,11,"(0.0, 0.0, 0.06200374261520503, 0.010654525538403636, 0.0, 0.030645849071221472, 0.199758195830721, 0.037695078031116706, 0.026121609841380632, 0.0)",1
10277,43,0,11,"(0.0, 0.0, 0.06253143786773858, 0.010654525538403636, 0.0, 0.030645849071221472, 0.16773790467281977, 0.037695078031116706, 0.026121609841380632, 0.0)",1
10278,43,0,11,"(0.0, 0.0, 0.06200374261520503, 0.010654525538403636, 0.0, 0.02685131353037901, 0.16773790467281977, 0.029453125073742415, 0.026121609841380632, 0.0)",1
10279,43,0,11,"(0.0, 0.0, 0.06200374261520503, 0.010654525538403636, 0.0, 0.030645849071221472, 0.16773790467281977, 0.037695078031116706, 0.026121609841380632, 0.0)",386
10280,43,0,11,"(0.0, 0.0, 0.06200374261520503, 0.010654525538403636, 0.0, 0.030645849071221472, 0.2853826941731443, 0.06471128129841798, 0.026121609841380632, 0.0)",1
10281,43,1,6,"(0.04251431108729104, 0.011572197494497125, 0.0, 0.030181603934096246, 0.005422768956954101, 0.0, 0.019795240631728064, 0.0, 0.028146417112716555, 0.05874522297052942)",2
10282,43,1,6,"(0.03426039533065134, 0.011572197494497125, 0.0, 0.030181603934096246, 0.005422768956954101, 0.0, 0.019795240631728064, 0.0, 0.028146417112716555, 0.05874522297052942)",273
10283,43,1,6,"(0.03426039533065134, 0.011572197494497125, 0.0, 0.030181603934096246, 0.005422768956954101, 0.0, 0.019795240631728064, 0.0, 0.050781488143712465, 0.05874522297052942)",1
10284,43,1,6,"(0.03426039533065134, 0.011572197494497125, 0.0, 0.030181603934096246, 0.006469991192684846, 0.0, 0.019795240631728064, 0.0, 0.028146417112716555, 0.05874522297052942)",3
10285,43,1,6,"(0.03426039533065134, 0.013157039362343421, 0.0, 0.030181603934096246, 0.005422768956954101, 0.0, 0.019795240631728064, 0.0, 0.028146417112716555, 0.05874522297052942)",3
10286,43,1,6,"(0.03426039533065134, 0.011572197494497125, 0.0, 0.028818769081020757, 0.005422768956954101, 0.0, 0.019795240631728064, 0.0, 0.028146417112716555, 0.05874522297052942)",1
10287,43,1,6,"(0.03426039533065134, 0.009145936731118846, 0.0, 0.030181603934096246, 0.005422768956954101, 0.0, 0.019795240631728064, 0.0, 0.028146417112716555, 0.05874522297052942)",1
10288,43,1,8,"(0.07111035742329365, 0.046525949225991035, 0.0, 0.0, 0.051217346146779696, 0.0, 0.08319516954615302, 0.1263149479271463, 0.0, 0.0)",2
10289,43,1,8,"(0.08153440838931905, 0.046525949225991035, 0.0, 0.0, 0.051217346146779696, 0.0, 0.08319516954615302, 0.09513444883351557, 0.0, 0.0)",3
10290,43,1,8,"(0.07111035742329365, 0.04154899529414635, 0.0, 0.0, 0.051217346146779696, 0.0, 0.08319516954615302, 0.09513444883351557, 0.0, 0.0)",2
10291,43,1,8,"(0.13460204743392065, 0.046525949225991035, 0.0, 0.0, 0.051217346146779696, 0.0, 0.08319516954615302, 0.1263149479271463, 0.0, 0.0)",2
10292,43,1,8,"(0.07111035742329365, 0.046525949225991035, 0.0, 0.0, 0.051217346146779696, 0.0, 0.08319516954615302, 0.09513444883351557, 0.0, 0.0)",257
10293,43,1,8,"(0.07111035742329365, 0.05765688428722717, 0.0, 0.0, 0.051217346146779696, 0.0, 0.14934392372491523, 0.13695233602332327, 0.0, 0.0)",1
10294,43,2,13,"(0.0, 0.02461978404713738, 0.023035932332134326, 0.0, 0.00970885425506607, 0.022173256981297827, 0.0, 0.0, 0.009758020887088478, 0.00476393156717078)",1
10295,43,2,13,"(0.0, 0.02461978404713738, 0.023035932332134326, 0.0, 0.00970885425506607, 0.022173256981297827, 0.0, 0.0, 0.0075277732552258845, 0.00476393156717078)",1
10296,43,2,13,"(0.0, 0.02461978404713738, 0.023035932332134326, 0.0, 0.00970885425506607, 0.05380449571944465, 0.0, 0.0, 0.01089208668844536, 0.003919250070433334)",2
10297,43,2,13,"(0.0, 0.02461978404713738, 0.023035932332134326, 0.0, 0.00970885425506607, 0.022173256981297827, 0.0, 0.0, 0.01089208668844536, 0.00476393156717078)",196
10298,43,2,13,"(0.0, 0.02461978404713738, 0.023035932332134326, 0.0, 0.00970885425506607, 0.022173256981297827, 0.0, 0.0, 0.012810418301619138, 0.00476393156717078)",3
10299,43,2,13,"(0.0, 0.02461978404713738, 0.023035932332134326, 0.0, 0.00970885425506607, 0.02818621673341733, 0.0, 0.0, 0.01089208668844536, 0.00476393156717078)",1
10300,43,2,13,"(0.0, 0.02461978404713738, 0.02758277210957742, 0.0, 0.00970885425506607, 0.03373417925225947, 0.0, 0.0, 0.01089208668844536, 0.00476393156717078)",2
10301,43,2,13,"(0.0, 0.02461978404713738, 0.023035932332134326, 0.0, 0.00970885425506607, 0.022173256981297827, 0.0, 0.0, 0.01089208668844536, 0.0028190833833896395)",2
10302,43,3,13,"(0.0, 0.02461978404713738, 0.023035932332134326, 0.0, 0.013397120020122293, 0.02962792170273258, 0.0, 0.0, 0.01089208668844536, 0.0024406349647482155)",2
10303,43,3,13,"(0.0, 0.02461978404713738, 0.024933528494096663, 0.0, 0.015265992864072311, 0.022173256981297827, 0.0, 0.0, 0.01089208668844536, 0.0026989356969849766)",3
10304,43,3,13,"(0.0, 0.02461978404713738, 0.023035932332134326, 0.0, 0.013397120020122293, 0.022173256981297827, 0.0, 0.0, 0.01089208668844536, 0.0024406349647482155)",150
10305,43,3,13,"(0.0, 0.02461978404713738, 0.023035932332134326, 0.0, 0.01810411441758469, 0.022173256981297827, 0.0, 0.0, 0.01089208668844536, 0.0024406349647482155)",177
10306,43,3,13,"(0.0, 0.02461978404713738, 0.023035932332134326, 0.0, 0.01810411441758469, 0.022173256981297827, 0.0, 0.0, 0.01089208668844536, 0.003922372704355802)",1
10307,43,4,11,"(0.0, 0.0, 0.09864539577037362, 0.01650583712158267, 0.0, 0.030645849071221472, 0.07147758572743328, 0.07240876560513207, 0.026121609841380632, 0.0)",1
10308,43,4,11,"(0.0, 0.0, 0.12623031765664358, 0.01650583712158267, 0.0, 0.030645849071221472, 0.08153022673827125, 0.07240876560513207, 0.026121609841380632, 0.0)",1
10309,43,4,11,"(0.0, 0.0, 0.049477159648521674, 0.02507954174979985, 0.0, 0.06840538496699282, 0.08153022673827125, 0.07240876560513207, 0.026121609841380632, 0.0)",1
10310,43,4,11,"(0.0, 0.0, 0.06833596879655432, 0.011848147922959833, 0.0, 0.030645849071221472, 0.08399547929058436, 0.07240876560513207, 0.04057930482736043, 0.0)",1
10311,43,4,11,"(0.0, 0.0, 0.09864539577037362, 0.01650583712158267, 0.0, 0.030645849071221472, 0.03430010154564056, 0.07240876560513207, 0.026121609841380632, 0.0)",1
10312,43,4,11,"(0.0, 0.0, 0.075759659360148, 0.01650583712158267, 0.0, 0.040738198849261116, 0.08153022673827125, 0.07240876560513207, 0.026121609841380632, 0.0)",1
10313,43,4,11,"(0.0, 0.0, 0.09864539577037362, 0.01650583712158267, 0.0, 0.030645849071221472, 0.08153022673827125, 0.07240876560513207, 0.026121609841380632, 0.0)",461
10314,43,4,11,"(0.0, 0.0, 0.09834927813434025, 0.019704026213929787, 0.0, 0.06843350432638716, 0.08153022673827125, 0.07240876560513207, 0.026121609841380632, 0.0)",1
10315,43,4,11,"(0.0, 0.0, 0.10338919095002691, 0.01650583712158267, 0.0, 0.030645849071221472, 0.08153022673827125, 0.07240876560513207, 0.026121609841380632, 0.0)",30
10316,43,4,11,"(0.0, 0.0, 0.09864539577037362, 0.01650583712158267, 0.0, 0.030645849071221472, 0.08153022673827125, 0.10225289961567403, 0.026121609841380632, 0.0)",3
10317,43,4,11,"(0.0, 0.0, 0.05671697008445473, 0.02507954174979985, 0.0, 0.030645849071221472, 0.08153022673827125, 0.07240876560513207, 0.026121609841380632, 0.0)",18
10318,43,4,11,"(0.0, 0.0, 0.09864539577037362, 0.01650583712158267, 0.0, 0.030645849071221472, 0.08153022673827125, 0.08639543439749092, 0.026121609841380632, 0.0)",1
10319,43,4,11,"(0.0, 0.0, 0.09864539577037362, 0.031515253763442684, 0.0, 0.030645849071221472, 0.08153022673827125, 0.04956861809289218, 0.026121609841380632, 0.0)",1
10320,43,4,11,"(0.0, 0.0, 0.09864539577037362, 0.010060981305647912, 0.0, 0.030645849071221472, 0.08153022673827125, 0.07240876560513207, 0.026121609841380632, 0.0)",1
10321,43,4,11,"(0.0, 0.0, 0.10338919095002691, 0.01650583712158267, 0.0, 0.030645849071221472, 0.08399547929058436, 0.07240876560513207, 0.04057930482736043, 0.0)",3
10322,43,5,0,"(0.07400250769571483, 0.0, 0.0, 0.0, 0.0, 0.029461027282531454, 0.08380840797570269, 0.03249875229067, 0.0, 0.0)",1
10323,43,5,0,"(0.0402479284341202, 0.0, 0.0, 0.0, 0.0, 0.038664151314593, 0.08380840797570269, 0.06261049614614052, 0.0, 0.0)",81
10324,43,5,0,"(0.07400250769571483, 0.0, 0.0, 0.0, 0.0, 0.038664151314593, 0.08380840797570269, 0.06261049614614052, 0.0, 0.0)",171
10325,43,5,0,"(0.0402479284341202, 0.0, 0.0, 0.0, 0.0, 0.038664151314593, 0.08380840797570269, 0.05698016357956769, 0.0, 0.0)",1
10326,43,5,0,"(0.07400250769571483, 0.0, 0.0, 0.0, 0.0, 0.04106517400681415, 0.042862233792274086, 0.06261049614614052, 0.0, 0.0)",1
10327,43,5,0,"(0.12352974491755873, 0.0, 0.0, 0.0, 0.0, 0.038664151314593, 0.08380840797570269, 0.06261049614614052, 0.0, 0.0)",11
10328,43,5,0,"(0.07400250769571483, 0.0, 0.0, 0.0, 0.0, 0.028682848694110714, 0.08380840797570269, 0.06261049614614052, 0.0, 0.0)",3
10329,43,5,0,"(0.07400250769571483, 0.0, 0.0, 0.0, 0.0, 0.04966576131718642, 0.08380840797570269, 0.06261049614614052, 0.0, 0.0)",1
10330,43,5,6,"(0.03426039533065134, 0.011572197494497125, 0.0, 0.030181603934096246, 0.005422768956954101, 0.0, 0.019795240631728064, 0.0, 0.028146417112716555, 0.05874522297052942)",211
10331,43,5,6,"(0.03426039533065134, 0.011572197494497125, 0.0, 0.030181603934096246, 0.008219808932221646, 0.0, 0.019795240631728064, 0.0, 0.028146417112716555, 0.05874522297052942)",22
10332,43,5,6,"(0.03426039533065134, 0.011572197494497125, 0.0, 0.030181603934096246, 0.005422768956954101, 0.0, 0.05007964631333908, 0.0, 0.028146417112716555, 0.05874522297052942)",11
10333,43,6,0,"(0.08110060740087777, 0.0, 0.0, 0.0, 0.0, 0.017098731129875016, 0.08380840797570269, 0.0691048466035698, 0.0, 0.0)",1
10334,43,6,0,"(0.07400250769571483, 0.0, 0.0, 0.0, 0.0, 0.017510686512240595, 0.051957020703347664, 0.0691048466035698, 0.0, 0.0)",4
10335,43,6,0,"(0.1369473195073471, 0.0, 0.0, 0.0, 0.0, 0.017098731129875016, 0.08380840797570269, 0.0691048466035698, 0.0, 0.0)",1
10336,43,6,0,"(0.07400250769571483, 0.0, 0.0, 0.0, 0.0, 0.017098731129875016, 0.08380840797570269, 0.0691048466035698, 0.0, 0.0)",161
10337,43,6,0,"(0.06377675713594766, 0.0, 0.0, 0.0, 0.0, 0.017169370075884646, 0.08041553681085373, 0.05260945898529308, 0.0, 0.0)",2
10338,43,6,0,"(0.06234213132962305, 0.0, 0.0, 0.0, 0.0, 0.017098731129875016, 0.07011830437097326, 0.0691048466035698, 0.0, 0.0)",97
10339,43,6,0,"(0.046016769014978, 0.0, 0.0, 0.0, 0.0, 0.006323886931310055, 0.07011830437097326, 0.06627066634944925, 0.0, 0.0)",14
10340,43,7,13,"(0.0, 0.02461978404713738, 0.023035932332134326, 0.0, 0.016845007513066557, 0.022173256981297827, 0.0, 0.0, 0.01089208668844536, 0.00476393156717078)",2
10341,43,7,13,"(0.0, 0.02461978404713738, 0.023035932332134326, 0.0, 0.01810411441758469, 0.022173256981297827, 0.0, 0.0, 0.011369556153656849, 0.00476393156717078)",1
10342,43,7,13,"(0.0, 0.02461978404713738, 0.023035932332134326, 0.0, 0.01810411441758469, 0.022173256981297827, 0.0, 0.0, 0.01089208668844536, 0.00476393156717078)",229
10343,43,7,13,"(0.0, 0.029763527682232192, 0.023035932332134326, 0.0, 0.01810411441758469, 0.022173256981297827, 0.0, 0.0, 0.01089208668844536, 0.00476393156717078)",1
10344,43,7,13,"(0.0, 0.02461978404713738, 0.023035932332134326, 0.0, 0.01810411441758469, 0.022173256981297827, 0.0, 0.0, 0.0071184738381957725, 0.00476393156717078)",1
10345,43,7,13,"(0.0, 0.018223573072475817, 0.023035932332134326, 0.0, 0.01810411441758469, 0.022173256981297827, 0.0, 0.0, 0.01089208668844536, 0.00476393156717078)",1
10346,43,7,13,"(0.0, 0.02461978404713738, 0.023035932332134326, 0.0, 0.01810411441758469, 0.027154704715137427, 0.0, 0.0, 0.01089208668844536, 0.00476393156717078)",1
10347,43,7,13,"(0.0, 0.02461978404713738, 0.023035932332134326, 0.0, 0.04894960428892758, 0.022173256981297827, 0.0, 0.0, 0.01089208668844536, 0.00476393156717078)",1
10348,43,7,13,"(0.0, 0.02461978404713738, 0.021205491837785275, 0.0, 0.01810411441758469, 0.022173256981297827, 0.0, 0.0, 0.01089208668844536, 0.00476393156717078)",2
10349,43,7,13,"(0.0, 0.02461978404713738, 0.023035932332134326, 0.0, 0.015228332891570499, 0.022173256981297827, 0.0, 0.0, 0.01089208668844536, 0.00476393156717078)",7
10350,43,8,11,"(0.0, 0.0, 0.09864539577037362, 0.02150422363422624, 0.0, 0.030645849071221472, 0.22581905797845173, 0.0386197297757742, 0.016402162925059673, 0.0)",1
10351,43,8,11,"(0.0, 0.0, 0.09864539577037362, 0.03892349451643147, 0.0, 0.030645849071221472, 0.16773790467281977, 0.0386197297757742, 0.026121609841380632, 0.0)",2
10352,43,8,11,"(0.0, 0.0, 0.09864539577037362, 0.02150422363422624, 0.0, 0.030645849071221472, 0.16773790467281977, 0.033467151319843104, 0.026121609841380632, 0.0)",6
10353,43,8,11,"(0.0, 0.0, 0.09864539577037362, 0.02150422363422624, 0.0, 0.030645849071221472, 0.16773790467281977, 0.0386197297757742, 0.03274546142285133, 0.0)",9
10354,43,8,11,"(0.0, 0.0, 0.09864539577037362, 0.02150422363422624, 0.0, 0.030645849071221472, 0.10134814423727004, 0.0386197297757742, 0.026121609841380632, 0.0)",1
10355,43,8,11,"(0.0, 0.0, 0.09864539577037362, 0.02150422363422624, 0.0, 0.030645849071221472, 0.16773790467281977, 0.0386197297757742, 0.029184979261246812, 0.0)",2
10356,43,8,11,"(0.0, 0.0, 0.09864539577037362, 0.02150422363422624, 0.0, 0.0321614194917185, 0.16773790467281977, 0.0386197297757742, 0.03585120463392718, 0.0)",2
10357,43,8,11,"(0.0, 0.0, 0.09864539577037362, 0.02150422363422624, 0.0, 0.030645849071221472, 0.16773790467281977, 0.0386197297757742, 0.026121609841380632, 0.0)",584
10358,43,8,11,"(0.0, 0.0, 0.09864539577037362, 0.02150422363422624, 0.0, 0.030645849071221472, 0.16773790467281977, 0.0385225165590962, 0.026121609841380632, 0.0)",5
10359,43,8,11,"(0.0, 0.0, 0.10483696179796945, 0.02150422363422624, 0.0, 0.030645849071221472, 0.16773790467281977, 0.0386197297757742, 0.026121609841380632, 0.0)",1
10360,43,8,11,"(0.0, 0.0, 0.09864539577037362, 0.02150422363422624, 0.0, 0.06661424858579701, 0.16773790467281977, 0.0386197297757742, 0.026121609841380632, 0.0)",1
10361,43,8,11,"(0.0, 0.0, 0.09864539577037362, 0.02150422363422624, 0.0, 0.030645849071221472, 0.16773790467281977, 0.033301132758255435, 0.026121609841380632, 0.0)",1
10362,43,9,11,"(0.0, 0.0, 0.11755819882518005, 0.01650583712158267, 0.0, 0.025744940044016028, 0.1254348761332085, 0.08028238650273146, 0.024816380406642007, 0.0)",2
10363,43,9,11,"(0.0, 0.0, 0.11755819882518005, 0.011497466981760476, 0.0, 0.02375279233445006, 0.1254348761332085, 0.08028238650273146, 0.026121609841380632, 0.0)",1
10364,43,9,11,"(0.0, 0.0, 0.11755819882518005, 0.01650583712158267, 0.0, 0.02375279233445006, 0.1254348761332085, 0.08028238650273146, 0.012989848297910053, 0.0)",1
10365,43,9,11,"(0.0, 0.0, 0.08330087065703577, 0.01650583712158267, 0.0, 0.03248666896775459, 0.1254348761332085, 0.08028238650273146, 0.026121609841380632, 0.0)",2
10366,43,9,11,"(0.0, 0.0, 0.11755819882518005, 0.01650583712158267, 0.0, 0.02375279233445006, 0.1254348761332085, 0.08028238650273146, 0.026121609841380632, 0.0)",570
10367,43,9,11,"(0.0, 0.0, 0.07147515102976573, 0.01650583712158267, 0.0, 0.02375279233445006, 0.1254348761332085, 0.08028238650273146, 0.04738419506303586, 0.0)",1
10368,43,9,11,"(0.0, 0.0, 0.11755819882518005, 0.01650583712158267, 0.0, 0.02375279233445006, 0.1254348761332085, 0.08028238650273146, 0.02088729632124349, 0.0)",1
10369,43,9,11,"(0.0, 0.0, 0.11755819882518005, 0.01650583712158267, 0.0, 0.02375279233445006, 0.21561484278493598, 0.08028238650273146, 0.026121609841380632, 0.0)",7
10370,43,9,11,"(0.0, 0.0, 0.11755819882518005, 0.01650583712158267, 0.0, 0.02375279233445006, 0.1254348761332085, 0.10870201294175447, 0.026121609841380632, 0.0)",4
10371,43,9,11,"(0.0, 0.0, 0.08923771687073409, 0.01650583712158267, 0.0, 0.02375279233445006, 0.1254348761332085, 0.10251376739334435, 0.02560914070923896, 0.0)",1
10372,43,10,13,"(0.0, 0.02461978404713738, 0.023035932332134326, 0.0, 0.01810411441758469, 0.018327253906796452, 0.0, 0.0, 0.008073365834062972, 0.00476393156717078)",1
10373,43,10,13,"(0.0, 0.02461978404713738, 0.023035932332134326, 0.0, 0.01810411441758469, 0.018327253906796452, 0.0, 0.0, 0.01089208668844536, 0.00476393156717078)",139
10374,43,10,13,"(0.0, 0.02461978404713738, 0.023035932332134326, 0.0, 0.01810411441758469, 0.022173256981297827, 0.0, 0.0, 0.01089208668844536, 0.00476393156717078)",117
10375,43,10,13,"(0.0, 0.02461978404713738, 0.023035932332134326, 0.0, 0.01810411441758469, 0.019325622049161183, 0.0, 0.0, 0.009837547148033789, 0.009436138116469744)",1
10376,43,10,13,"(0.0, 0.02461978404713738, 0.023035932332134326, 0.0, 0.01810411441758469, 0.024908961946501145, 0.0, 0.0, 0.010641938784217734, 0.00476393156717078)",2
10377,43,10,13,"(0.0, 0.02691111947455866, 0.023035932332134326, 0.0, 0.01810411441758469, 0.018327253906796452, 0.0, 0.0, 0.01089208668844536, 0.00476393156717078)",2
10378,43,10,13,"(0.0, 0.02461978404713738, 0.023035932332134326, 0.0, 0.01810411441758469, 0.018327253906796452, 0.0, 0.0, 0.01328381196651167, 0.00476393156717078)",1
10379,43,10,13,"(0.0, 0.025682504394260758, 0.023035932332134326, 0.0, 0.011405239400760527, 0.018327253906796452, 0.0, 0.0, 0.01089208668844536, 0.00476393156717078)",1
10380,43,10,13,"(0.0, 0.02461978404713738, 0.023035932332134326, 0.0, 0.01810411441758469, 0.019325622049161183, 0.0, 0.0, 0.01089208668844536, 0.00476393156717078)",44
10381,43,10,13,"(0.0, 0.025707768881214777, 0.023035932332134326, 0.0, 0.01810411441758469, 0.018327253906796452, 0.0, 0.0, 0.009751757955123586, 0.0028308873389014987)",1
10382,43,11,13,"(0.0, 0.02461978404713738, 0.023035932332134326, 0.0, 0.011984893248189084, 0.023796671455901853, 0.0, 0.0, 0.01089208668844536, 0.0036872173179800785)",16
10383,43,11,13,"(0.0, 0.02461978404713738, 0.023035932332134326, 0.0, 0.01810411441758469, 0.034481912330541445, 0.0, 0.0, 0.01089208668844536, 0.0036872173179800785)",31
10384,43,11,13,"(0.0, 0.014529325308371989, 0.023035932332134326, 0.0, 0.01810411441758469, 0.022173256981297827, 0.0, 0.0, 0.01089208668844536, 0.0036872173179800785)",2
10385,43,11,13,"(0.0, 0.02461978404713738, 0.023035932332134326, 0.0, 0.01810411441758469, 0.022173256981297827, 0.0, 0.0, 0.01089208668844536, 0.004017194243464922)",18
10386,43,11,13,"(0.0, 0.027317180886780264, 0.0222765442425063, 0.0, 0.01810411441758469, 0.009102951636451945, 0.0, 0.0, 0.015313046300647134, 0.0036872173179800785)",9
10387,43,11,13,"(0.0, 0.02461978404713738, 0.012215143598497442, 0.0, 0.01810411441758469, 0.022173256981297827, 0.0, 0.0, 0.01089208668844536, 0.0036872173179800785)",1
10388,43,11,13,"(0.0, 0.02461978404713738, 0.023035932332134326, 0.0, 0.01810411441758469, 0.00874419072721371, 0.0, 0.0, 0.01089208668844536, 0.0027735599064797867)",1
10389,43,11,13,"(0.0, 0.023461604318296084, 0.023035932332134326, 0.0, 0.01810411441758469, 0.022173256981297827, 0.0, 0.0, 0.01089208668844536, 0.0036872173179800785)",5
10390,43,11,13,"(0.0, 0.02461978404713738, 0.023035932332134326, 0.0, 0.01810411441758469, 0.022173256981297827, 0.0, 0.0, 0.01487078707012396, 0.0036872173179800785)",1
10391,43,11,13,"(0.0, 0.027317180886780264, 0.023035932332134326, 0.0, 0.01810411441758469, 0.016862067636694802, 0.0, 0.0, 0.01089208668844536, 0.0036872173179800785)",9
10392,43,11,13,"(0.0, 0.02461978404713738, 0.023035932332134326, 0.0, 0.01810411441758469, 0.022173256981297827, 0.0, 0.0, 0.01089208668844536, 0.0036872173179800785)",221
10393,43,12,8,"(0.20658204011802192, 0.046525949225991035, 0.0, 0.0, 0.06749578777051679, 0.0, 0.08319516954615302, 0.1116381245929446, 0.0, 0.0)",3
10394,43,12,8,"(0.19235562551390653, 0.046525949225991035, 0.0, 0.0, 0.03212513110886322, 0.0, 0.08319516954615302, 0.1116381245929446, 0.0, 0.0)",1
10395,43,12,8,"(0.19235562551390653, 0.046525949225991035, 0.0, 0.0, 0.04573034632799446, 0.0, 0.08319516954615302, 0.1116381245929446, 0.0, 0.0)",237
10396,43,12,8,"(0.19235562551390653, 0.046525949225991035, 0.0, 0.0, 0.027561888622499683, 0.0, 0.07234494107230821, 0.1116381245929446, 0.0, 0.0)",1
10397,43,12,8,"(0.19235562551390653, 0.046525949225991035, 0.0, 0.0, 0.04573034632799446, 0.0, 0.08319516954615302, 0.13706784309605677, 0.0, 0.0)",6
10398,43,12,8,"(0.19235562551390653, 0.046525949225991035, 0.0, 0.0, 0.04573034632799446, 0.0, 0.08190520981937432, 0.1116381245929446, 0.0, 0.0)",2
10399,43,12,10,"(0.028726017090664996, 0.06927916245295945, 0.09242753001028509, 0.0013780413652872596, 0.0, 0.06291875767155253, 0.0, 0.10994488928074131, 0.0, 0.0)",2
10400,43,12,10,"(0.028726017090664996, 0.06927916245295945, 0.09682940930282144, 0.0017773360538905325, 0.0, 0.06291875767155253, 0.0, 0.10994488928074131, 0.0, 0.0)",71
10401,43,12,10,"(0.03550653097490399, 0.06927916245295945, 0.09682940930282144, 0.0017773360538905325, 0.0, 0.06291875767155253, 0.0, 0.10994488928074131, 0.0, 0.0)",136
10402,43,12,10,"(0.03550653097490399, 0.06927916245295945, 0.09682940930282144, 0.0017773360538905325, 0.0, 0.052643979131829485, 0.0, 0.10994488928074131, 0.0, 0.0)",1
10403,43,12,10,"(0.03550653097490399, 0.06927916245295945, 0.09682940930282144, 0.0014698634566679546, 0.0, 0.06291875767155253, 0.0, 0.10994488928074131, 0.0, 0.0)",3
10404,43,12,10,"(0.03550653097490399, 0.06927916245295945, 0.1737793587528272, 0.0017773360538905325, 0.0, 0.06291875767155253, 0.0, 0.10994488928074131, 0.0, 0.0)",1
10405,43,13,6,"(0.03426039533065134, 0.011572197494497125, 0.0, 0.030181603934096246, 0.005422768956954101, 0.0, 0.019795240631728064, 0.0, 0.016209741115842353, 0.05874522297052942)",144
10406,43,13,6,"(0.03426039533065134, 0.011572197494497125, 0.0, 0.030181603934096246, 0.0043677840513564326, 0.0, 0.019795240631728064, 0.0, 0.016209741115842353, 0.05874522297052942)",2
10407,43,13,6,"(0.05178163607987077, 0.011572197494497125, 0.0, 0.030181603934096246, 0.005771326214997409, 0.0, 0.019245637491106325, 0.0, 0.021255687690869125, 0.05874522297052942)",2
10408,43,13,6,"(0.03426039533065134, 0.011572197494497125, 0.0, 0.030181603934096246, 0.005422768956954101, 0.0, 0.019795240631728064, 0.0, 0.016209741115842353, 0.05519641082721897)",1
10409,43,14,11,"(0.0, 0.0, 0.07563427679391872, 0.027086401655876984, 0.0, 0.030645849071221472, 0.16773790467281977, 0.046237642847009, 0.026121609841380632, 0.0)",1
10410,43,14,11,"(0.0, 0.0, 0.07563427679391872, 0.01650583712158267, 0.0, 0.030645849071221472, 0.16773790467281977, 0.046237642847009, 0.026121609841380632, 0.0)",390
10411,43,14,11,"(0.0, 0.0, 0.07563427679391872, 0.01650583712158267, 0.0, 0.030645849071221472, 0.2388080604255567, 0.046237642847009, 0.026121609841380632, 0.0)",27
10412,43,14,13,"(0.0, 0.02461978404713738, 0.023035932332134326, 0.0, 0.01810411441758469, 0.022173256981297827, 0.0, 0.0, 0.01089208668844536, 0.00476393156717078)",156
10413,43,14,13,"(0.0, 0.02461978404713738, 0.0360695872483118, 0.0, 0.030169571334893387, 0.022173256981297827, 0.0, 0.0, 0.01089208668844536, 0.00476393156717078)",2
10414,43,14,13,"(0.0, 0.02461978404713738, 0.028697225735991847, 0.0, 0.01810411441758469, 0.022173256981297827, 0.0, 0.0, 0.01089208668844536, 0.00476393156717078)",2
10415,43,14,13,"(0.0, 0.02461978404713738, 0.023035932332134326, 0.0, 0.01810411441758469, 0.022173256981297827, 0.0, 0.0, 0.01542334717172838, 0.00476393156717078)",3
10416,43,15,11,"(0.0, 0.0, 0.11839367174953695, 0.01650583712158267, 0.0, 0.015761327926520834, 0.16773790467281977, 0.034561841449632265, 0.012345001906002684, 0.0)",1
10417,43,15,11,"(0.0, 0.0, 0.11839367174953695, 0.01650583712158267, 0.0, 0.030645849071221472, 0.09584336103954028, 0.0404147798164449, 0.026121609841380632, 0.0)",2
10418,43,15,11,"(0.0, 0.0, 0.11839367174953695, 0.01650583712158267, 0.0, 0.030645849071221472, 0.16773790467281977, 0.0404147798164449, 0.026121609841380632, 0.0)",314
10419,43,15,11,"(0.0, 0.0, 0.11839367174953695, 0.01650583712158267, 0.0, 0.020355830679555063, 0.16773790467281977, 0.0404147798164449, 0.026121609841380632, 0.0)",174
10420,43,15,11,"(0.0, 0.0, 0.11839367174953695, 0.01650583712158267, 0.0, 0.030645849071221472, 0.16773790467281977, 0.0404147798164449, 0.029380948659524963, 0.0)",1
10421,43,15,11,"(0.0, 0.0, 0.11839367174953695, 0.01650583712158267, 0.0, 0.020355830679555063, 0.16773790467281977, 0.034561841449632265, 0.012345001906002684, 0.0)",24
10422,43,15,11,"(0.0, 0.0, 0.11839367174953695, 0.01650583712158267, 0.0, 0.030645849071221472, 0.16773790467281977, 0.03533630432484464, 0.026121609841380632, 0.0)",53
10423,43,15,11,"(0.0, 0.0, 0.11839367174953695, 0.01650583712158267, 0.0, 0.030645849071221472, 0.1522898910170119, 0.0404147798164449, 0.026121609841380632, 0.0)",1
10424,43,15,11,"(0.0, 0.0, 0.11839367174953695, 0.01650583712158267, 0.0, 0.030645849071221472, 0.16773790467281977, 0.0404147798164449, 0.02728084634906514, 0.0)",13
10425,43,16,1,"(0.0, 0.0, 0.041406372128065916, 0.0, 0.0, 0.0199117526153351, 0.0, 0.0, 0.0, 0.03665366398281459)",2
10426,43,16,1,"(0.0, 0.0, 0.02489130344680146, 0.0, 0.0, 0.0199117526153351, 0.0, 0.0, 0.0, 0.047529216575968564)",3
10427,43,16,1,"(0.0, 0.0, 0.0341978217349935, 0.0, 0.0, 0.0199117526153351, 0.0, 0.0, 0.0, 0.01930903073536434)",1
10428,43,16,1,"(0.0, 0.0, 0.041406372128065916, 0.0, 0.0, 0.02336373367735499, 0.0, 0.0, 0.0, 0.025089235238356277)",4
10429,43,16,1,"(0.0, 0.0, 0.041406372128065916, 0.0, 0.0, 0.03379428903066539, 0.0, 0.0, 0.0, 0.053079885168575563)",6
10430,43,16,1,"(0.0, 0.0, 0.041406372128065916, 0.0, 0.0, 0.035698534163904456, 0.0, 0.0, 0.0, 0.047529216575968564)",1
10431,43,16,1,"(0.0, 0.0, 0.041406372128065916, 0.0, 0.0, 0.0199117526153351, 0.0, 0.0, 0.0, 0.04250149850731627)",1
10432,43,16,1,"(0.0, 0.0, 0.041406372128065916, 0.0, 0.0, 0.0199117526153351, 0.0, 0.0, 0.0, 0.05720461734101447)",1
10433,43,16,1,"(0.0, 0.0, 0.041406372128065916, 0.0, 0.0, 0.0199117526153351, 0.0, 0.0, 0.0, 0.03575223241205522)",1
10434,43,16,1,"(0.0, 0.0, 0.041406372128065916, 0.0, 0.0, 0.0199117526153351, 0.0, 0.0, 0.0, 0.053079885168575563)",209
10435,43,16,1,"(0.0, 0.0, 0.031771857116161685, 0.0, 0.0, 0.0199117526153351, 0.0, 0.0, 0.0, 0.0418251867116967)",1
10436,43,16,1,"(0.0, 0.0, 0.041406372128065916, 0.0, 0.0, 0.0199117526153351, 0.0, 0.0, 0.0, 0.047529216575968564)",521
10437,43,16,1,"(0.0, 0.0, 0.039312914305355835, 0.0, 0.0, 0.0199117526153351, 0.0, 0.0, 0.0, 0.09308952871806878)",7
10438,43,16,1,"(0.0, 0.0, 0.052317448874590305, 0.0, 0.0, 0.0199117526153351, 0.0, 0.0, 0.0, 0.047529216575968564)",4
10439,43,16,8,"(0.09845795999088047, 0.046525949225991035, 0.0, 0.0, 0.07022106556493442, 0.0, 0.060701614823567854, 0.1116381245929446, 0.0, 0.0)",1
10440,43,16,8,"(0.16507889091742442, 0.046525949225991035, 0.0, 0.0, 0.07022106556493442, 0.0, 0.060701614823567854, 0.1116381245929446, 0.0, 0.0)",231
10441,43,16,8,"(0.16507889091742442, 0.044171868925659254, 0.0, 0.0, 0.07022106556493442, 0.0, 0.060701614823567854, 0.1116381245929446, 0.0, 0.0)",1
10442,43,16,8,"(0.16507889091742442, 0.046525949225991035, 0.0, 0.0, 0.07022106556493442, 0.0, 0.07052128325384129, 0.1116381245929446, 0.0, 0.0)",1
10443,43,16,8,"(0.16507889091742442, 0.046525949225991035, 0.0, 0.0, 0.07022106556493442, 0.0, 0.060701614823567854, 0.0879851671674626, 0.0, 0.0)",1
10444,43,17,1,"(0.0, 0.0, 0.06486212592047717, 0.0, 0.0, 0.022640784901484766, 0.0, 0.0, 0.0, 0.04557123282186749)",1
10445,43,17,1,"(0.0, 0.0, 0.10650950881622333, 0.0, 0.0, 0.022640784901484766, 0.0, 0.0, 0.0, 0.04557123282186749)",581
10446,43,17,1,"(0.0, 0.0, 0.10650950881622333, 0.0, 0.0, 0.0199770382992231, 0.0, 0.0, 0.0, 0.04557123282186749)",73
10447,43,17,1,"(0.0, 0.0, 0.10650950881622333, 0.0, 0.0, 0.022640784901484766, 0.0, 0.0, 0.0, 0.027289146699522447)",1
10448,43,17,1,"(0.0, 0.0, 0.10392776061215869, 0.0, 0.0, 0.022640784901484766, 0.0, 0.0, 0.0, 0.03767758286862941)",4
10449,43,17,1,"(0.0, 0.0, 0.09125436700354744, 0.0, 0.0, 0.022640784901484766, 0.0, 0.0, 0.0, 0.04557123282186749)",6
10450,43,17,1,"(0.0, 0.0, 0.11128437043133618, 0.0, 0.0, 0.022640784901484766, 0.0, 0.0, 0.0, 0.04557123282186749)",1
10451,43,17,1,"(0.0, 0.0, 0.08893735111027642, 0.0, 0.0, 0.022640784901484766, 0.0, 0.0, 0.0, 0.04557123282186749)",1
10452,43,17,1,"(0.0, 0.0, 0.08696846607748593, 0.0, 0.0, 0.022640784901484766, 0.0, 0.0, 0.0, 0.04557123282186749)",3
10453,43,17,1,"(0.0, 0.0, 0.12295749848768316, 0.0, 0.0, 0.022640784901484766, 0.0, 0.0, 0.0, 0.021352871968024434)",2
10454,43,17,8,"(0.10294337677241405, 0.04632028014141928, 0.0, 0.0, 0.07022106556493442, 0.0, 0.08319516954615302, 0.1116381245929446, 0.0, 0.0)",143
10455,43,17,8,"(0.10294337677241405, 0.04895470319828198, 0.0, 0.0, 0.07022106556493442, 0.0, 0.08319516954615302, 0.1116381245929446, 0.0, 0.0)",3
10456,43,17,8,"(0.11382222294420535, 0.04632028014141928, 0.0, 0.0, 0.07022106556493442, 0.0, 0.08319516954615302, 0.08967387372682195, 0.0, 0.0)",61
10457,43,17,8,"(0.11382222294420535, 0.04632028014141928, 0.0, 0.0, 0.0611949069804842, 0.0, 0.08319516954615302, 0.08967387372682195, 0.0, 0.0)",1
10458,43,17,8,"(0.11382222294420535, 0.04074542085558698, 0.0, 0.0, 0.07022106556493442, 0.0, 0.08319516954615302, 0.08967387372682195, 0.0, 0.0)",1
10459,43,18,10,"(0.07734904686468291, 0.06927916245295945, 0.09682940930282144, 0.0017773360538905325, 0.0, 0.06291875767155253, 0.0, 0.10994488928074131, 0.0, 0.0)",159
10460,43,18,11,"(0.0, 0.0, 0.08898107447558858, 0.01650583712158267, 0.0, 0.03150275214907511, 0.13038533056739307, 0.08028238650273146, 0.04384873621339751, 0.0)",5
10461,43,18,11,"(0.0, 0.0, 0.09140875515747326, 0.01650583712158267, 0.0, 0.03150275214907511, 0.13038533056739307, 0.08028238650273146, 0.026121609841380632, 0.0)",1
10462,43,18,11,"(0.0, 0.0, 0.13601187923663202, 0.01650583712158267, 0.0, 0.03150275214907511, 0.13826025848967083, 0.04478613291394251, 0.026121609841380632, 0.0)",1
10463,43,18,11,"(0.0, 0.0, 0.07906133181119315, 0.01650583712158267, 0.0, 0.03150275214907511, 0.13038533056739307, 0.08028238650273146, 0.026121609841380632, 0.0)",2
10464,43,18,11,"(0.0, 0.0, 0.18871874924625406, 0.01650583712158267, 0.0, 0.03150275214907511, 0.13038533056739307, 0.08028238650273146, 0.026121609841380632, 0.0)",2
10465,43,18,11,"(0.0, 0.0, 0.13601187923663202, 0.01650583712158267, 0.0, 0.03150275214907511, 0.13038533056739307, 0.08028238650273146, 0.026121609841380632, 0.0)",14
10466,43,18,11,"(0.0, 0.0, 0.09864539577037362, 0.01650583712158267, 0.0, 0.030455583245162725, 0.13038533056739307, 0.10492708320597818, 0.05274045108047395, 0.0)",1
10467,43,18,11,"(0.0, 0.0, 0.09864539577037362, 0.01650583712158267, 0.0, 0.03150275214907511, 0.13038533056739307, 0.08028238650273146, 0.026121609841380632, 0.0)",38
10468,43,18,11,"(0.0, 0.0, 0.13601187923663202, 0.01650583712158267, 0.0, 0.03150275214907511, 0.13038533056739307, 0.05768948945122203, 0.026121609841380632, 0.0)",1
10469,43,18,11,"(0.0, 0.0, 0.08898107447558858, 0.01650583712158267, 0.0, 0.03150275214907511, 0.13038533056739307, 0.08028238650273146, 0.026121609841380632, 0.0)",537
10470,43,18,11,"(0.0, 0.0, 0.07619817827911929, 0.01650583712158267, 0.0, 0.03150275214907511, 0.13038533056739307, 0.023131947553595777, 0.026121609841380632, 0.0)",1
10471,43,18,11,"(0.0, 0.0, 0.08898107447558858, 0.021998011449834935, 0.0, 0.03150275214907511, 0.13038533056739307, 0.08028238650273146, 0.026121609841380632, 0.0)",3
10472,43,19,13,"(0.0, 0.02461978404713738, 0.027053846948939416, 0.0, 0.009875650183238526, 0.022173256981297827, 0.0, 0.0, 0.009257505128094859, 0.001800012407076725)",1
10473,43,19,13,"(0.0, 0.02461978404713738, 0.027053846948939416, 0.0, 0.01810411441758469, 0.02520974652030123, 0.0, 0.0, 0.01089208668844536, 0.0012146923535806386)",1
10474,43,19,13,"(0.0, 0.02461978404713738, 0.027053846948939416, 0.0, 0.010400163617040444, 0.022173256981297827, 0.0, 0.0, 0.01089208668844536, 0.0012146923535806386)",1
10475,43,19,13,"(0.0, 0.02461978404713738, 0.027053846948939416, 0.0, 0.01810411441758469, 0.022173256981297827, 0.0, 0.0, 0.01089208668844536, 0.0012146923535806386)",233
10476,43,20,10,"(0.07734904686468291, 0.06927916245295945, 0.055882551179426386, 0.000985386015776744, 0.0, 0.06177004333592379, 0.0, 0.10994488928074131, 0.0, 0.0)",110
10477,43,20,10,"(0.07734904686468291, 0.06927916245295945, 0.055882551179426386, 0.0006303921945570864, 0.0, 0.06177004333592379, 0.0, 0.10994488928074131, 0.0, 0.0)",1
10478,43,20,11,"(0.0, 0.0, 0.018004387155732684, 0.01650583712158267, 0.0, 0.018895250128217304, 0.09572491856946197, 0.04681386186606392, 0.01801547952088976, 0.0)",2
10479,43,20,11,"(0.0, 0.0, 0.014924487018287027, 0.01650583712158267, 0.0, 0.02548938439096223, 0.09572491856946197, 0.06178477854111952, 0.036485718580663774, 0.0)",1
10480,43,20,11,"(0.0, 0.0, 0.018004387155732684, 0.03253155175908803, 0.0, 0.02548938439096223, 0.09572491856946197, 0.05885302880459243, 0.01631562977335904, 0.0)",1
10481,43,20,11,"(0.0, 0.0, 0.03664497950459847, 0.01650583712158267, 0.0, 0.02548938439096223, 0.09572491856946197, 0.20394084859772885, 0.036485718580663774, 0.0)",2
10482,43,20,11,"(0.0, 0.0, 0.03664497950459847, 0.01650583712158267, 0.0, 0.02548938439096223, 0.09572491856946197, 0.05885302880459243, 0.036485718580663774, 0.0)",25
10483,43,20,11,"(0.0, 0.0, 0.02695997840923527, 0.015582260952996424, 0.0, 0.018895250128217304, 0.09572491856946197, 0.04681386186606392, 0.020768748166351655, 0.0)",2
10484,43,20,11,"(0.0, 0.0, 0.03628264533248305, 0.01650583712158267, 0.0, 0.018895250128217304, 0.09572491856946197, 0.04681386186606392, 0.023265702431087196, 0.0)",2
10485,43,20,11,"(0.0, 0.0, 0.018004387155732684, 0.01650583712158267, 0.0, 0.02548938439096223, 0.09572491856946197, 0.05885302880459243, 0.036485718580663774, 0.0)",84
10486,43,20,11,"(0.0, 0.0, 0.018004387155732684, 0.01650583712158267, 0.0, 0.018895250128217304, 0.09572491856946197, 0.04681386186606392, 0.020768748166351655, 0.0)",405
10487,43,20,11,"(0.0, 0.0, 0.018004387155732684, 0.02492672732986405, 0.0, 0.02548938439096223, 0.09572491856946197, 0.05885302880459243, 0.036485718580663774, 0.0)",38
10488,43,20,11,"(0.0, 0.0, 0.018004387155732684, 0.01650583712158267, 0.0, 0.0248932232321896, 0.09572491856946197, 0.05885302880459243, 0.036485718580663774, 0.0)",1
10489,44,0,11,"(0.0, 0.0, 0.059516471963925746, 0.010654525538403636, 0.0, 0.030645849071221472, 0.16773790467281977, 0.037695078031116706, 0.026121609841380632, 0.0)",2
10490,44,0,11,"(0.0, 0.0, 0.06200374261520503, 0.01157988210005805, 0.0, 0.030645849071221472, 0.16773790467281977, 0.037695078031116706, 0.026121609841380632, 0.0)",1
10491,44,0,11,"(0.0, 0.0, 0.06200374261520503, 0.010654525538403636, 0.0, 0.022158474490345602, 0.16773790467281977, 0.037695078031116706, 0.026121609841380632, 0.0)",18
10492,44,0,11,"(0.0, 0.0, 0.06200374261520503, 0.010654525538403636, 0.0, 0.021904568749436137, 0.16773790467281977, 0.037695078031116706, 0.026121609841380632, 0.0)",1
10493,44,0,11,"(0.0, 0.0, 0.06200374261520503, 0.010654525538403636, 0.0, 0.030645849071221472, 0.16773790467281977, 0.037695078031116706, 0.026121609841380632, 0.0)",333
10494,44,0,11,"(0.0, 0.0, 0.06200374261520503, 0.012305610734048367, 0.0, 0.030645849071221472, 0.16773790467281977, 0.037695078031116706, 0.026121609841380632, 0.0)",5
10495,44,0,11,"(0.0, 0.0, 0.06200374261520503, 0.010654525538403636, 0.0, 0.022158474490345602, 0.20345300728506727, 0.037695078031116706, 0.026121609841380632, 0.0)",1
10496,44,0,11,"(0.0, 0.0, 0.06200374261520503, 0.010654525538403636, 0.0, 0.030645849071221472, 0.16773790467281977, 0.06471128129841798, 0.026121609841380632, 0.0)",204
10497,44,0,11,"(0.0, 0.0, 0.06200374261520503, 0.011993837874454941, 0.0, 0.030645849071221472, 0.16773790467281977, 0.0382316772216411, 0.039533969070806835, 0.0)",1
10498,44,1,6,"(0.03426039533065134, 0.011572197494497125, 0.0, 0.030181603934096246, 0.005422768956954101, 0.0, 0.019795240631728064, 0.0, 0.028146417112716555, 0.05874522297052942)",233
10499,44,1,6,"(0.03426039533065134, 0.011572197494497125, 0.0, 0.030181603934096246, 0.005422768956954101, 0.0, 0.019795240631728064, 0.0, 0.056763310006760985, 0.04360268846825285)",2
10500,44,1,6,"(0.03426039533065134, 0.011572197494497125, 0.0, 0.030181603934096246, 0.005422768956954101, 0.0, 0.019795240631728064, 0.0, 0.06966880684667982, 0.05874522297052942)",1
10501,44,1,6,"(0.028300000482465445, 0.011572197494497125, 0.0, 0.011318529770672525, 0.005422768956954101, 0.0, 0.019795240631728064, 0.0, 0.028146417112716555, 0.05874522297052942)",1
10502,44,1,6,"(0.03426039533065134, 0.007434670446229679, 0.0, 0.02913126559742192, 0.005422768956954101, 0.0, 0.019795240631728064, 0.0, 0.028146417112716555, 0.05874522297052942)",11
10503,44,1,6,"(0.03426039533065134, 0.014638718864699507, 0.0, 0.030181603934096246, 0.005422768956954101, 0.0, 0.019795240631728064, 0.0, 0.028146417112716555, 0.05874522297052942)",1
10504,44,1,6,"(0.03426039533065134, 0.011572197494497125, 0.0, 0.02261222081979536, 0.005422768956954101, 0.0, 0.019795240631728064, 0.0, 0.028146417112716555, 0.05874522297052942)",1
10505,44,1,8,"(0.07111035742329365, 0.046525949225991035, 0.0, 0.0, 0.03640831287593285, 0.0, 0.08319516954615302, 0.1263149479271463, 0.0, 0.0)",1
10506,44,1,8,"(0.08153440838931905, 0.046525949225991035, 0.0, 0.0, 0.051217346146779696, 0.0, 0.08319516954615302, 0.09513444883351557, 0.0, 0.0)",11
10507,44,1,8,"(0.07111035742329365, 0.036063454579896286, 0.0, 0.0, 0.051217346146779696, 0.0, 0.08319516954615302, 0.09513444883351557, 0.0, 0.0)",1
10508,44,1,8,"(0.07111035742329365, 0.046525949225991035, 0.0, 0.0, 0.03028065868220911, 0.0, 0.08319516954615302, 0.1263149479271463, 0.0, 0.0)",2
10509,44,1,8,"(0.07111035742329365, 0.046525949225991035, 0.0, 0.0, 0.051217346146779696, 0.0, 0.08319516954615302, 0.09513444883351557, 0.0, 0.0)",174
10510,44,1,8,"(0.07111035742329365, 0.046525949225991035, 0.0, 0.0, 0.051217346146779696, 0.0, 0.08319516954615302, 0.1263149479271463, 0.0, 0.0)",10
10511,44,1,8,"(0.08153440838931905, 0.046525949225991035, 0.0, 0.0, 0.051217346146779696, 0.0, 0.051044796536273265, 0.09513444883351557, 0.0, 0.0)",2
10512,44,2,13,"(0.0, 0.02461978404713738, 0.023035932332134326, 0.0, 0.00970885425506607, 0.022173256981297827, 0.0, 0.0, 0.01089208668844536, 0.00476393156717078)",362
10513,44,2,13,"(0.0, 0.02461978404713738, 0.023035932332134326, 0.0, 0.007423119386589802, 0.022173256981297827, 0.0, 0.0, 0.01089208668844536, 0.00476393156717078)",1
10514,44,2,13,"(0.0, 0.02461978404713738, 0.023035932332134326, 0.0, 0.00970885425506607, 0.022173256981297827, 0.0, 0.0, 0.01089208668844536, 0.0042398845425047765)",1
10515,44,2,13,"(0.0, 0.02461978404713738, 0.023035932332134326, 0.0, 0.00970885425506607, 0.022173256981297827, 0.0, 0.0, 0.006481193512179538, 0.00476393156717078)",1
10516,44,2,13,"(0.0, 0.02461978404713738, 0.03126647361312489, 0.0, 0.00970885425506607, 0.022173256981297827, 0.0, 0.0, 0.01089208668844536, 0.00476393156717078)",1
10517,44,2,13,"(0.0, 0.02461978404713738, 0.023035932332134326, 0.0, 0.00970885425506607, 0.022173256981297827, 0.0, 0.0, 0.013180503175189815, 0.00476393156717078)",2
10518,44,2,13,"(0.0, 0.02461978404713738, 0.02556541522370675, 0.0, 0.00970885425506607, 0.022173256981297827, 0.0, 0.0, 0.01089208668844536, 0.00476393156717078)",1
10519,44,2,13,"(0.0, 0.02461978404713738, 0.023035932332134326, 0.0, 0.006536473164548079, 0.022173256981297827, 0.0, 0.0, 0.01089208668844536, 0.00476393156717078)",1
10520,44,2,13,"(0.0, 0.03230142900362017, 0.023035932332134326, 0.0, 0.00970885425506607, 0.015135804926218249, 0.0, 0.0, 0.01089208668844536, 0.00476393156717078)",1
10521,44,2,13,"(0.0, 0.02461978404713738, 0.023035932332134326, 0.0, 0.00970885425506607, 0.022173256981297827, 0.0, 0.0, 0.016525228996456, 0.00476393156717078)",1
10522,44,3,13,"(0.0, 0.02461978404713738, 0.019795805785050788, 0.0, 0.01810411441758469, 0.0294990491865847, 0.0, 0.0, 0.01089208668844536, 0.0017492018163886565)",3
10523,44,3,13,"(0.0, 0.02461978404713738, 0.023035932332134326, 0.0, 0.013397120020122293, 0.02120952934333308, 0.0, 0.0, 0.01089208668844536, 0.0024406349647482155)",2
10524,44,3,13,"(0.0, 0.02461978404713738, 0.023035932332134326, 0.0, 0.013397120020122293, 0.022173256981297827, 0.0, 0.0, 0.01089208668844536, 0.0024406349647482155)",259
10525,44,3,13,"(0.0, 0.02461978404713738, 0.032200655945998115, 0.0, 0.01810411441758469, 0.0294990491865847, 0.0, 0.0, 0.01089208668844536, 0.0017492018163886565)",1
10526,44,3,13,"(0.0, 0.02461978404713738, 0.042167511486015184, 0.0, 0.013397120020122293, 0.060170673376050185, 0.0, 0.0, 0.01089208668844536, 0.0024406349647482155)",1
10527,44,3,13,"(0.0, 0.02965389011266891, 0.020989148539464937, 0.0, 0.01810411441758469, 0.022173256981297827, 0.0, 0.0, 0.01089208668844536, 0.0024406349647482155)",1
10528,44,3,13,"(0.0, 0.03790615740454172, 0.023035932332134326, 0.0, 0.01810411441758469, 0.022173256981297827, 0.0, 0.0, 0.01089208668844536, 0.0024406349647482155)",1
10529,44,3,13,"(0.0, 0.02461978404713738, 0.035185415646847504, 0.0, 0.013397120020122293, 0.022173256981297827, 0.0, 0.0, 0.01089208668844536, 0.0024406349647482155)",1
10530,44,3,13,"(0.0, 0.02461978404713738, 0.023035932332134326, 0.0, 0.01810411441758469, 0.022173256981297827, 0.0, 0.0, 0.010177347607076722, 0.0024406349647482155)",3
10531,44,3,13,"(0.0, 0.02461978404713738, 0.023035932332134326, 0.0, 0.01810411441758469, 0.022173256981297827, 0.0, 0.0, 0.01089208668844536, 0.0024406349647482155)",122
10532,44,3,13,"(0.0, 0.02461978404713738, 0.023035932332134326, 0.0, 0.013397120020122293, 0.022173256981297827, 0.0, 0.0, 0.01089208668844536, 0.00204481225360117)",1
10533,44,3,13,"(0.0, 0.02843516765104116, 0.023035932332134326, 0.0, 0.01810411441758469, 0.022173256981297827, 0.0, 0.0, 0.01089208668844536, 0.0026606106380200525)",1
10534,44,3,13,"(0.0, 0.028092363402723253, 0.023035932332134326, 0.0, 0.01810411441758469, 0.018969591708780164, 0.0, 0.0, 0.01089208668844536, 0.0024406349647482155)",1
10535,44,3,13,"(0.0, 0.02461978404713738, 0.023035932332134326, 0.0, 0.008301056984692813, 0.022173256981297827, 0.0, 0.0, 0.01089208668844536, 0.0024406349647482155)",1
10536,44,4,11,"(0.0, 0.0, 0.09864539577037362, 0.017016584386801363, 0.0, 0.030645849071221472, 0.08153022673827125, 0.07240876560513207, 0.026121609841380632, 0.0)",1
10537,44,4,11,"(0.0, 0.0, 0.09864539577037362, 0.01650583712158267, 0.0, 0.030645849071221472, 0.08153022673827125, 0.06099079324884112, 0.026121609841380632, 0.0)",1
10538,44,4,11,"(0.0, 0.0, 0.09864539577037362, 0.01650583712158267, 0.0, 0.030645849071221472, 0.07883974510669825, 0.07693980969231068, 0.026121609841380632, 0.0)",2
10539,44,4,11,"(0.0, 0.0, 0.05671697008445473, 0.039239475080100644, 0.0, 0.030645849071221472, 0.08153022673827125, 0.07240876560513207, 0.026121609841380632, 0.0)",1
10540,44,4,11,"(0.0, 0.0, 0.05671697008445473, 0.02507954174979985, 0.0, 0.030645849071221472, 0.08153022673827125, 0.07240876560513207, 0.026121609841380632, 0.0)",33
10541,44,4,11,"(0.0, 0.0, 0.10338919095002691, 0.01650583712158267, 0.0, 0.030645849071221472, 0.08153022673827125, 0.07240876560513207, 0.026121609841380632, 0.0)",93
10542,44,4,11,"(0.0, 0.0, 0.11458581987759302, 0.008571702546588664, 0.0, 0.030645849071221472, 0.08153022673827125, 0.07240876560513207, 0.026121609841380632, 0.0)",2
10543,44,4,11,"(0.0, 0.0, 0.09864539577037362, 0.01650583712158267, 0.0, 0.030645849071221472, 0.08153022673827125, 0.04823991700310352, 0.026121609841380632, 0.0)",3
10544,44,4,11,"(0.0, 0.0, 0.05949637058143219, 0.01650583712158267, 0.0, 0.030645849071221472, 0.08153022673827125, 0.07240876560513207, 0.026121609841380632, 0.0)",2
10545,44,4,11,"(0.0, 0.0, 0.06801353231675632, 0.01650583712158267, 0.0, 0.030645849071221472, 0.08153022673827125, 0.07240876560513207, 0.026121609841380632, 0.0)",3
10546,44,4,11,"(0.0, 0.0, 0.10338919095002691, 0.01650583712158267, 0.0, 0.030645849071221472, 0.10695841280982323, 0.07240876560513207, 0.026121609841380632, 0.0)",3
10547,44,4,11,"(0.0, 0.0, 0.09864539577037362, 0.01650583712158267, 0.0, 0.030645849071221472, 0.08153022673827125, 0.07240876560513207, 0.026121609841380632, 0.0)",412
10548,44,4,11,"(0.0, 0.0, 0.1501957020225421, 0.01650583712158267, 0.0, 0.030645849071221472, 0.02801813930464303, 0.07240876560513207, 0.01928512564881226, 0.0)",1
10549,44,4,11,"(0.0, 0.0, 0.10338919095002691, 0.026684601383828156, 0.0, 0.030645849071221472, 0.08153022673827125, 0.07240876560513207, 0.026121609841380632, 0.0)",4
10550,44,5,0,"(0.07400250769571483, 0.0, 0.0, 0.0, 0.0, 0.038664151314593, 0.08380840797570269, 0.06261049614614052, 0.0, 0.0)",107
10551,44,5,0,"(0.0402479284341202, 0.0, 0.0, 0.0, 0.0, 0.038664151314593, 0.08380840797570269, 0.05698016357956769, 0.0, 0.0)",15
10552,44,5,0,"(0.0402479284341202, 0.0, 0.0, 0.0, 0.0, 0.038664151314593, 0.08380840797570269, 0.06261049614614052, 0.0, 0.0)",145
10553,44,5,0,"(0.12352974491755873, 0.0, 0.0, 0.0, 0.0, 0.038664151314593, 0.08380840797570269, 0.06261049614614052, 0.0, 0.0)",9
10554,44,5,0,"(0.04746759747979792, 0.0, 0.0, 0.0, 0.0, 0.038664151314593, 0.08380840797570269, 0.037446142431407, 0.0, 0.0)",1
10555,44,5,0,"(0.0402479284341202, 0.0, 0.0, 0.0, 0.0, 0.038664151314593, 0.08380840797570269, 0.06195797596550396, 0.0, 0.0)",1
10556,44,5,0,"(0.0402479284341202, 0.0, 0.0, 0.0, 0.0, 0.038664151314593, 0.08380840797570269, 0.06234257136934485, 0.0, 0.0)",2
10557,44,5,6,"(0.03426039533065134, 0.011572197494497125, 0.0, 0.030181603934096246, 0.006759638010086015, 0.0, 0.019795240631728064, 0.0, 0.028146417112716555, 0.05874522297052942)",2
10558,44,5,6,"(0.03426039533065134, 0.009953719213583226, 0.0, 0.030181603934096246, 0.007828829513762382, 0.0, 0.019795240631728064, 0.0, 0.028146417112716555, 0.05874522297052942)",2
10559,44,5,6,"(0.013894491142083687, 0.011572197494497125, 0.0, 0.030181603934096246, 0.005422768956954101, 0.0, 0.019795240631728064, 0.0, 0.028146417112716555, 0.05874522297052942)",3
10560,44,5,6,"(0.026584723578859815, 0.011572197494497125, 0.0, 0.030181603934096246, 0.005422768956954101, 0.0, 0.019795240631728064, 0.0, 0.028146417112716555, 0.05874522297052942)",1
10561,44,5,6,"(0.03426039533065134, 0.011572197494497125, 0.0, 0.030181603934096246, 0.005422768956954101, 0.0, 0.019795240631728064, 0.0, 0.030852297935161685, 0.05874522297052942)",7
10562,44,5,6,"(0.03426039533065134, 0.011572197494497125, 0.0, 0.030181603934096246, 0.005422768956954101, 0.0, 0.019795240631728064, 0.0, 0.019563488123922262, 0.05874522297052942)",1
10563,44,5,6,"(0.03426039533065134, 0.011572197494497125, 0.0, 0.030181603934096246, 0.005422768956954101, 0.0, 0.019795240631728064, 0.0, 0.028146417112716555, 0.05874522297052942)",184
10564,44,5,6,"(0.03426039533065134, 0.011572197494497125, 0.0, 0.030181603934096246, 0.008219808932221646, 0.0, 0.019795240631728064, 0.0, 0.028146417112716555, 0.05874522297052942)",38
10565,44,6,0,"(0.046016769014978, 0.0, 0.0, 0.0, 0.0, 0.006323886931310055, 0.07011830437097326, 0.09119924189242094, 0.0, 0.0)",2
10566,44,6,0,"(0.046016769014978, 0.0, 0.0, 0.0, 0.0, 0.006323886931310055, 0.07011830437097326, 0.06627066634944925, 0.0, 0.0)",127
10567,44,6,0,"(0.046016769014978, 0.0, 0.0, 0.0, 0.0, 0.006323886931310055, 0.055046401781456256, 0.06627066634944925, 0.0, 0.0)",1
10568,44,6,0,"(0.046016769014978, 0.0, 0.0, 0.0, 0.0, 0.006323886931310055, 0.07223342597208528, 0.06627066634944925, 0.0, 0.0)",2
10569,44,6,0,"(0.07400250769571483, 0.0, 0.0, 0.0, 0.0, 0.017098731129875016, 0.08380840797570269, 0.0691048466035698, 0.0, 0.0)",136
10570,44,6,0,"(0.046016769014978, 0.0, 0.0, 0.0, 0.0, 0.005200110232498534, 0.05369965262752541, 0.06627066634944925, 0.0, 0.0)",1
10571,44,6,0,"(0.07400250769571483, 0.0, 0.0, 0.0, 0.0, 0.015216423967792821, 0.08380840797570269, 0.07328716119141417, 0.0, 0.0)",1
10572,44,7,13,"(0.0, 0.02461978404713738, 0.023035932332134326, 0.0, 0.01810411441758469, 0.021907174175588698, 0.0, 0.0, 0.011870823184948075, 0.00476393156717078)",1
10573,44,7,13,"(0.0, 0.02461978404713738, 0.023035932332134326, 0.0, 0.01810411441758469, 0.016957131373757834, 0.0, 0.0, 0.010438587734883374, 0.0032999660347484703)",2
10574,44,7,13,"(0.0, 0.02461978404713738, 0.023035932332134326, 0.0, 0.01810411441758469, 0.018207302154748056, 0.0, 0.0, 0.01089208668844536, 0.00476393156717078)",1
10575,44,7,13,"(0.0, 0.02461978404713738, 0.023035932332134326, 0.0, 0.01810411441758469, 0.022173256981297827, 0.0, 0.0, 0.01089208668844536, 0.007930929623892743)",1
10576,44,7,13,"(0.0, 0.02461978404713738, 0.023035932332134326, 0.0, 0.01810411441758469, 0.022173256981297827, 0.0, 0.0, 0.01089208668844536, 0.00476393156717078)",262
10577,44,7,13,"(0.0, 0.02461978404713738, 0.023035932332134326, 0.0, 0.01810411441758469, 0.022173256981297827, 0.0, 0.0, 0.009354882397603372, 0.006249608467511442)",3
10578,44,7,13,"(0.0, 0.02461978404713738, 0.023035932332134326, 0.0, 0.01810411441758469, 0.022173256981297827, 0.0, 0.0, 0.0071184738381957725, 0.00476393156717078)",45
10579,44,7,13,"(0.0, 0.009195949438931508, 0.023035932332134326, 0.0, 0.01810411441758469, 0.022173256981297827, 0.0, 0.0, 0.0071184738381957725, 0.00476393156717078)",1
10580,44,7,13,"(0.0, 0.0396507182496069, 0.023035932332134326, 0.0, 0.01810411441758469, 0.022173256981297827, 0.0, 0.0, 0.01089208668844536, 0.00476393156717078)",1
10581,44,8,11,"(0.0, 0.0, 0.09864539577037362, 0.02150422363422624, 0.0, 0.030645849071221472, 0.10134814423727004, 0.0386197297757742, 0.026121609841380632, 0.0)",41
10582,44,8,11,"(0.0, 0.0, 0.09864539577037362, 0.02150422363422624, 0.0, 0.030645849071221472, 0.16773790467281977, 0.0386197297757742, 0.026121609841380632, 0.0)",552
10583,44,8,11,"(0.0, 0.0, 0.09864539577037362, 0.02150422363422624, 0.0, 0.030645849071221472, 0.16773790467281977, 0.034013436446932395, 0.03355583260157263, 0.0)",1
10584,44,8,11,"(0.0, 0.0, 0.09864539577037362, 0.02150422363422624, 0.0, 0.03203686246030894, 0.16773790467281977, 0.0386197297757742, 0.026121609841380632, 0.0)",1
10585,44,8,11,"(0.0, 0.0, 0.09864539577037362, 0.03892349451643147, 0.0, 0.030645849071221472, 0.16773790467281977, 0.0386197297757742, 0.026121609841380632, 0.0)",3
10586,44,8,11,"(0.0, 0.0, 0.08104999761048397, 0.02150422363422624, 0.0, 0.030645849071221472, 0.16773790467281977, 0.0386197297757742, 0.026121609841380632, 0.0)",2
10587,44,8,11,"(0.0, 0.0, 0.09864539577037362, 0.02150422363422624, 0.0, 0.027966852728546803, 0.16773790467281977, 0.024339098942049605, 0.026121609841380632, 0.0)",2
10588,44,9,11,"(0.0, 0.0, 0.11755819882518005, 0.01650583712158267, 0.0, 0.02375279233445006, 0.07797212637740682, 0.08028238650273146, 0.026121609841380632, 0.0)",2
10589,44,9,11,"(0.0, 0.0, 0.11755819882518005, 0.01650583712158267, 0.0, 0.02375279233445006, 0.1254348761332085, 0.057322639211311296, 0.035901663764649226, 0.0)",1
10590,44,9,11,"(0.0, 0.0, 0.13207130388557156, 0.01650583712158267, 0.0, 0.05240066554182223, 0.1254348761332085, 0.08028238650273146, 0.02498435870006427, 0.0)",3
10591,44,9,11,"(0.0, 0.0, 0.11755819882518005, 0.01650583712158267, 0.0, 0.02375279233445006, 0.1254348761332085, 0.08028238650273146, 0.026121609841380632, 0.0)",553
10592,44,9,11,"(0.0, 0.0, 0.11755819882518005, 0.01650583712158267, 0.0, 0.02375279233445006, 0.1254348761332085, 0.07119683611100742, 0.026121609841380632, 0.0)",1
10593,44,9,11,"(0.0, 0.0, 0.11755819882518005, 0.010660340631895443, 0.0, 0.02375279233445006, 0.1254348761332085, 0.07541676987287994, 0.02703302037638717, 0.0)",2
10594,44,9,11,"(0.0, 0.0, 0.11755819882518005, 0.019412880190137913, 0.0, 0.018420551647142232, 0.1254348761332085, 0.08028238650273146, 0.026121609841380632, 0.0)",2
10595,44,9,11,"(0.0, 0.0, 0.11755819882518005, 0.01650583712158267, 0.0, 0.02375279233445006, 0.09385879511355365, 0.08028238650273146, 0.026121609841380632, 0.0)",1
10596,44,9,11,"(0.0, 0.0, 0.11755819882518005, 0.01650583712158267, 0.0, 0.014777633556185036, 0.1254348761332085, 0.08028238650273146, 0.039323442851791554, 0.0)",2
10597,44,9,11,"(0.0, 0.0, 0.11755819882518005, 0.01650583712158267, 0.0, 0.02375279233445006, 0.1254348761332085, 0.08028238650273146, 0.02328189584986225, 0.0)",1
10598,44,10,13,"(0.0, 0.04376871323347902, 0.023035932332134326, 0.0, 0.01810411441758469, 0.018327253906796452, 0.0, 0.0, 0.01089208668844536, 0.00476393156717078)",1
10599,44,10,13,"(0.0, 0.02461978404713738, 0.023035932332134326, 0.0, 0.01810411441758469, 0.022173256981297827, 0.0, 0.0, 0.01089208668844536, 0.00476393156717078)",62
10600,44,10,13,"(0.0, 0.02461978404713738, 0.023035932332134326, 0.0, 0.01810411441758469, 0.019325622049161183, 0.0, 0.0, 0.01089208668844536, 0.00476393156717078)",73
10601,44,10,13,"(0.0, 0.02461978404713738, 0.023035932332134326, 0.0, 0.01810411441758469, 0.018327253906796452, 0.0, 0.0, 0.01089208668844536, 0.00476393156717078)",202
10602,44,10,13,"(0.0, 0.02461978404713738, 0.023035932332134326, 0.0, 0.01810411441758469, 0.018327253906796452, 0.0, 0.0, 0.01089208668844536, 0.002553576349457259)",1
10603,44,11,13,"(0.0, 0.02461978404713738, 0.029693252686949185, 0.0, 0.01810411441758469, 0.022173256981297827, 0.0, 0.0, 0.01089208668844536, 0.0036872173179800785)",1
10604,44,11,13,"(0.0, 0.02461978404713738, 0.011405541383248292, 0.0, 0.017735760092488447, 0.022173256981297827, 0.0, 0.0, 0.01089208668844536, 0.0036872173179800785)",1
10605,44,11,13,"(0.0, 0.02461978404713738, 0.023035932332134326, 0.0, 0.018874916237940367, 0.022173256981297827, 0.0, 0.0, 0.01089208668844536, 0.0036872173179800785)",1
10606,44,11,13,"(0.0, 0.031974034799034115, 0.023035932332134326, 0.0, 0.01810411441758469, 0.01610728810629202, 0.0, 0.0, 0.01089208668844536, 0.0036872173179800785)",1
10607,44,11,13,"(0.0, 0.02461978404713738, 0.023035932332134326, 0.0, 0.01810411441758469, 0.034481912330541445, 0.0, 0.0, 0.01089208668844536, 0.0036872173179800785)",19
10608,44,11,13,"(0.0, 0.028478768428406225, 0.023035932332134326, 0.0, 0.01810411441758469, 0.022173256981297827, 0.0, 0.0, 0.01089208668844536, 0.0036872173179800785)",1
10609,44,11,13,"(0.0, 0.02461978404713738, 0.023035932332134326, 0.0, 0.009706865451767155, 0.022173256981297827, 0.0, 0.0, 0.01089208668844536, 0.0020075782602799962)",1
10610,44,11,13,"(0.0, 0.02461978404713738, 0.023035932332134326, 0.0, 0.01810411441758469, 0.022173256981297827, 0.0, 0.0, 0.01089208668844536, 0.0036872173179800785)",204
10611,44,11,13,"(0.0, 0.02461978404713738, 0.023035932332134326, 0.0, 0.01810411441758469, 0.022173256981297827, 0.0, 0.0, 0.01089208668844536, 0.004017194243464922)",7
10612,44,11,13,"(0.0, 0.02461978404713738, 0.023035932332134326, 0.0, 0.011984893248189084, 0.023796671455901853, 0.0, 0.0, 0.01089208668844536, 0.0036872173179800785)",34
10613,44,11,13,"(0.0, 0.02461978404713738, 0.023035932332134326, 0.0, 0.01857123952860563, 0.022173256981297827, 0.0, 0.0, 0.01089208668844536, 0.004017194243464922)",4
10614,44,11,13,"(0.0, 0.023461604318296084, 0.023035932332134326, 0.0, 0.01810411441758469, 0.022173256981297827, 0.0, 0.0, 0.01089208668844536, 0.0036872173179800785)",17
10615,44,12,8,"(0.19711188020217466, 0.046525949225991035, 0.0, 0.0, 0.04573034632799446, 0.0, 0.08319516954615302, 0.1116381245929446, 0.0, 0.0)",2
10616,44,12,8,"(0.19235562551390653, 0.046525949225991035, 0.0, 0.0, 0.04573034632799446, 0.0, 0.08319516954615302, 0.1116381245929446, 0.0, 0.0)",216
10617,44,12,8,"(0.26316112449385326, 0.020835389925073486, 0.0, 0.0, 0.04573034632799446, 0.0, 0.08319516954615302, 0.1116381245929446, 0.0, 0.0)",3
10618,44,12,8,"(0.15249216939222338, 0.06933514676745688, 0.0, 0.0, 0.04573034632799446, 0.0, 0.08319516954615302, 0.1116381245929446, 0.0, 0.0)",1
10619,44,12,10,"(0.028726017090664996, 0.06927916245295945, 0.09682940930282144, 0.0017773360538905325, 0.0, 0.06291875767155253, 0.0, 0.10994488928074131, 0.0, 0.0)",281
10620,44,12,10,"(0.028726017090664996, 0.06927916245295945, 0.07731548075470465, 0.0017773360538905325, 0.0, 0.06291875767155253, 0.0, 0.10994488928074131, 0.0, 0.0)",1
10621,44,12,10,"(0.028726017090664996, 0.06927916245295945, 0.13844600527111045, 0.0017773360538905325, 0.0, 0.07411246719465883, 0.0, 0.10994488928074131, 0.0, 0.0)",1
10622,44,12,10,"(0.028726017090664996, 0.06927916245295945, 0.18132537177637387, 0.0017773360538905325, 0.0, 0.08941705884927674, 0.0, 0.10994488928074131, 0.0, 0.0)",2
10623,44,12,10,"(0.028726017090664996, 0.06927916245295945, 0.09682940930282144, 0.0017773360538905325, 0.0, 0.0743937514561727, 0.0, 0.10994488928074131, 0.0, 0.0)",2
10624,44,12,10,"(0.028726017090664996, 0.06927916245295945, 0.09682940930282144, 0.004760597090489366, 0.0, 0.14622074238173566, 0.0, 0.10994488928074131, 0.0, 0.0)",1
10625,44,12,10,"(0.028726017090664996, 0.06927916245295945, 0.14322601020848794, 0.0024638102236070733, 0.0, 0.06291875767155253, 0.0, 0.10994488928074131, 0.0, 0.0)",1
10626,44,13,6,"(0.03426039533065134, 0.011572197494497125, 0.0, 0.030181603934096246, 0.005422768956954101, 0.0, 0.019795240631728064, 0.0, 0.016209741115842353, 0.05874522297052942)",147
10627,44,13,6,"(0.03426039533065134, 0.011572197494497125, 0.0, 0.030181603934096246, 0.005422768956954101, 0.0, 0.019795240631728064, 0.0, 0.013375127203392508, 0.05874522297052942)",2
10628,44,13,6,"(0.03426039533065134, 0.011572197494497125, 0.0, 0.030181603934096246, 0.005756936350363025, 0.0, 0.019795240631728064, 0.0, 0.016209741115842353, 0.05874522297052942)",1
10629,44,13,6,"(0.03426039533065134, 0.011572197494497125, 0.0, 0.030181603934096246, 0.009824362226943228, 0.0, 0.019795240631728064, 0.0, 0.016209741115842353, 0.05874522297052942)",5
10630,44,14,11,"(0.0, 0.0, 0.07563427679391872, 0.017021621721482815, 0.0, 0.030645849071221472, 0.18713611040775663, 0.046237642847009, 0.026121609841380632, 0.0)",8
10631,44,14,11,"(0.0, 0.0, 0.07563427679391872, 0.01650583712158267, 0.0, 0.030645849071221472, 0.16773790467281977, 0.046237642847009, 0.02603813528465725, 0.0)",1
10632,44,14,11,"(0.0, 0.0, 0.07563427679391872, 0.01650583712158267, 0.0, 0.0182865403336252, 0.16773790467281977, 0.046237642847009, 0.026121609841380632, 0.0)",2
10633,44,14,11,"(0.0, 0.0, 0.09371200086685962, 0.012298790797573124, 0.0, 0.030645849071221472, 0.16773790467281977, 0.046237642847009, 0.024216521934601686, 0.0)",1
10634,44,14,11,"(0.0, 0.0, 0.07563427679391872, 0.01650583712158267, 0.0, 0.030645849071221472, 0.16773790467281977, 0.046237642847009, 0.026121609841380632, 0.0)",346
10635,44,14,11,"(0.0, 0.0, 0.07563427679391872, 0.017021621721482815, 0.0, 0.030645849071221472, 0.18713611040775663, 0.046237642847009, 0.026962230487897473, 0.0)",1
10636,44,14,11,"(0.0, 0.0, 0.07563427679391872, 0.01650583712158267, 0.0, 0.0291926292752296, 0.16773790467281977, 0.046237642847009, 0.026121609841380632, 0.0)",2
10637,44,14,11,"(0.0, 0.0, 0.07563427679391872, 0.01650583712158267, 0.0, 0.030645849071221472, 0.05948268956849748, 0.046237642847009, 0.026121609841380632, 0.0)",1
10638,44,14,11,"(0.0, 0.0, 0.07563427679391872, 0.017021621721482815, 0.0, 0.017758026018597637, 0.18713611040775663, 0.046237642847009, 0.026121609841380632, 0.0)",1
10639,44,14,11,"(0.0, 0.0, 0.07563427679391872, 0.01650583712158267, 0.0, 0.030645849071221472, 0.16773790467281977, 0.046237642847009, 0.04357091686009465, 0.0)",5
10640,44,14,13,"(0.0, 0.02461978404713738, 0.023035932332134326, 0.0, 0.01810411441758469, 0.030919432987843897, 0.0, 0.0, 0.01089208668844536, 0.00476393156717078)",1
10641,44,14,13,"(0.0, 0.02461978404713738, 0.023035932332134326, 0.0, 0.01810411441758469, 0.022173256981297827, 0.0, 0.0, 0.01089208668844536, 0.00476393156717078)",318
10642,44,14,13,"(0.0, 0.02555841595481105, 0.023035932332134326, 0.0, 0.01810411441758469, 0.022173256981297827, 0.0, 0.0, 0.01089208668844536, 0.007057459384080861)",5
10643,44,14,13,"(0.0, 0.014249740623501901, 0.009631081758682917, 0.0, 0.019093198273601415, 0.022173256981297827, 0.0, 0.0, 0.01089208668844536, 0.00476393156717078)",1
10644,44,14,13,"(0.0, 0.02461978404713738, 0.020781520227178166, 0.0, 0.01810411441758469, 0.022173256981297827, 0.0, 0.0, 0.01089208668844536, 0.00476393156717078)",1
10645,44,14,13,"(0.0, 0.02461978404713738, 0.023035932332134326, 0.0, 0.01810411441758469, 0.022173256981297827, 0.0, 0.0, 0.01089208668844536, 0.005500705692495415)",1
10646,44,15,11,"(0.0, 0.0, 0.11839367174953695, 0.01650583712158267, 0.0, 0.030645849071221472, 0.20969789457999835, 0.0404147798164449, 0.026121609841380632, 0.0)",2
10647,44,15,11,"(0.0, 0.0, 0.11839367174953695, 0.01650583712158267, 0.0, 0.020355830679555063, 0.16773790467281977, 0.034561841449632265, 0.012345001906002684, 0.0)",110
10648,44,15,11,"(0.0, 0.0, 0.11839367174953695, 0.01650583712158267, 0.0, 0.030645849071221472, 0.16773790467281977, 0.0404147798164449, 0.04689915183035684, 0.0)",4
10649,44,15,11,"(0.0, 0.0, 0.11839367174953695, 0.01650583712158267, 0.0, 0.0443682776932801, 0.16773790467281977, 0.0404147798164449, 0.026121609841380632, 0.0)",1
10650,44,15,11,"(0.0, 0.0, 0.14124201929411562, 0.01650583712158267, 0.0, 0.020355830679555063, 0.16773790467281977, 0.034561841449632265, 0.00701891782778361, 0.0)",1
10651,44,15,11,"(0.0, 0.0, 0.11839367174953695, 0.01650583712158267, 0.0, 0.03668375402642142, 0.16773790467281977, 0.0404147798164449, 0.026121609841380632, 0.0)",2
10652,44,15,11,"(0.0, 0.0, 0.11839367174953695, 0.01650583712158267, 0.0, 0.020355830679555063, 0.16773790467281977, 0.0784573486614143, 0.026121609841380632, 0.0)",1
10653,44,15,11,"(0.0, 0.0, 0.11839367174953695, 0.011396542139314248, 0.0, 0.04706068632115338, 0.16773790467281977, 0.0404147798164449, 0.05157920891483777, 0.0)",1
10654,44,15,11,"(0.0, 0.0, 0.11839367174953695, 0.01650583712158267, 0.0, 0.030645849071221472, 0.16773790467281977, 0.0404147798164449, 0.02728084634906514, 0.0)",8
10655,44,15,11,"(0.0, 0.0, 0.10257210229445202, 0.01650583712158267, 0.0, 0.030645849071221472, 0.16773790467281977, 0.0404147798164449, 0.02728084634906514, 0.0)",9
10656,44,15,11,"(0.0, 0.0, 0.11523973619309075, 0.01650583712158267, 0.0, 0.030645849071221472, 0.16773790467281977, 0.0404147798164449, 0.026121609841380632, 0.0)",1
10657,44,15,11,"(0.0, 0.0, 0.11839367174953695, 0.01650583712158267, 0.0, 0.030645849071221472, 0.16773790467281977, 0.03533630432484464, 0.026121609841380632, 0.0)",68
10658,44,15,11,"(0.0, 0.0, 0.11839367174953695, 0.01650583712158267, 0.0, 0.030645849071221472, 0.14003879010175158, 0.0404147798164449, 0.038829716427985585, 0.0)",2
10659,44,15,11,"(0.0, 0.0, 0.11839367174953695, 0.01650583712158267, 0.0, 0.030645849071221472, 0.13952516079321267, 0.0404147798164449, 0.02728084634906514, 0.0)",7
10660,44,15,11,"(0.0, 0.0, 0.11839367174953695, 0.01650583712158267, 0.0, 0.020355830679555063, 0.16773790467281977, 0.034561841449632265, 0.007158447482814638, 0.0)",2
10661,44,15,11,"(0.0, 0.0, 0.11839367174953695, 0.01650583712158267, 0.0, 0.020355830679555063, 0.16773790467281977, 0.0404147798164449, 0.026121609841380632, 0.0)",138
10662,44,15,11,"(0.0, 0.0, 0.11839367174953695, 0.01650583712158267, 0.0, 0.030645849071221472, 0.16773790467281977, 0.0404147798164449, 0.026121609841380632, 0.0)",282
10663,44,16,1,"(0.0, 0.0, 0.041406372128065916, 0.0, 0.0, 0.0199117526153351, 0.0, 0.0, 0.0, 0.07289085595930192)",2
10664,44,16,1,"(0.0, 0.0, 0.10868907503601553, 0.0, 0.0, 0.0199117526153351, 0.0, 0.0, 0.0, 0.053079885168575563)",1
10665,44,16,1,"(0.0, 0.0, 0.0655435603241625, 0.0, 0.0, 0.0199117526153351, 0.0, 0.0, 0.0, 0.047529216575968564)",1
10666,44,16,1,"(0.0, 0.0, 0.021649193651133596, 0.0, 0.0, 0.0199117526153351, 0.0, 0.0, 0.0, 0.047529216575968564)",2
10667,44,16,1,"(0.0, 0.0, 0.041406372128065916, 0.0, 0.0, 0.0199117526153351, 0.0, 0.0, 0.0, 0.053079885168575563)",279
10668,44,16,1,"(0.0, 0.0, 0.06143729024078177, 0.0, 0.0, 0.016389459313304645, 0.0, 0.0, 0.0, 0.047529216575968564)",2
10669,44,16,1,"(0.0, 0.0, 0.041406372128065916, 0.0, 0.0, 0.018708413966029604, 0.0, 0.0, 0.0, 0.06371344070854779)",2
10670,44,16,1,"(0.0, 0.0, 0.049250062918735266, 0.0, 0.0, 0.0199117526153351, 0.0, 0.0, 0.0, 0.053079885168575563)",1
10671,44,16,1,"(0.0, 0.0, 0.07314360939096, 0.0, 0.0, 0.023439625955411873, 0.0, 0.0, 0.0, 0.047529216575968564)",2
10672,44,16,1,"(0.0, 0.0, 0.04175728009461686, 0.0, 0.0, 0.0199117526153351, 0.0, 0.0, 0.0, 0.053079885168575563)",1
10673,44,16,1,"(0.0, 0.0, 0.041406372128065916, 0.0, 0.0, 0.028546607717687557, 0.0, 0.0, 0.0, 0.047529216575968564)",1
10674,44,16,1,"(0.0, 0.0, 0.041406372128065916, 0.0, 0.0, 0.0199117526153351, 0.0, 0.0, 0.0, 0.047529216575968564)",433
10675,44,16,8,"(0.16507889091742442, 0.046525949225991035, 0.0, 0.0, 0.09680291485483626, 0.0, 0.060701614823567854, 0.1116381245929446, 0.0, 0.0)",1
10676,44,16,8,"(0.16507889091742442, 0.046525949225991035, 0.0, 0.0, 0.07022106556493442, 0.0, 0.04889011517812763, 0.1116381245929446, 0.0, 0.0)",4
10677,44,16,8,"(0.16507889091742442, 0.046525949225991035, 0.0, 0.0, 0.07022106556493442, 0.0, 0.06311381806375953, 0.1116381245929446, 0.0, 0.0)",2
10678,44,16,8,"(0.16507889091742442, 0.046525949225991035, 0.0, 0.0, 0.07022106556493442, 0.0, 0.060701614823567854, 0.1116381245929446, 0.0, 0.0)",246
10679,44,16,8,"(0.16507889091742442, 0.02325633509362999, 0.0, 0.0, 0.07022106556493442, 0.0, 0.060701614823567854, 0.1116381245929446, 0.0, 0.0)",4
10680,44,17,1,"(0.0, 0.0, 0.10650950881622333, 0.0, 0.0, 0.022640784901484766, 0.0, 0.0, 0.0, 0.046851050296942726)",1
10681,44,17,1,"(0.0, 0.0, 0.10650950881622333, 0.0, 0.0, 0.0199770382992231, 0.0, 0.0, 0.0, 0.04557123282186749)",44
10682,44,17,1,"(0.0, 0.0, 0.10450338795190758, 0.0, 0.0, 0.022640784901484766, 0.0, 0.0, 0.0, 0.03712812535417341)",2
10683,44,17,1,"(0.0, 0.0, 0.10650950881622333, 0.0, 0.0, 0.022640784901484766, 0.0, 0.0, 0.0, 0.04557123282186749)",634
10684,44,17,1,"(0.0, 0.0, 0.10650950881622333, 0.0, 0.0, 0.022640784901484766, 0.0, 0.0, 0.0, 0.028259734787857753)",1
10685,44,17,1,"(0.0, 0.0, 0.15775015516184285, 0.0, 0.0, 0.022640784901484766, 0.0, 0.0, 0.0, 0.04557123282186749)",1
10686,44,17,8,"(0.10294337677241405, 0.04632028014141928, 0.0, 0.0, 0.07022106556493442, 0.0, 0.07878402541036407, 0.1116381245929446, 0.0, 0.0)",1
10687,44,17,8,"(0.10294337677241405, 0.04632028014141928, 0.0, 0.0, 0.07022106556493442, 0.0, 0.08319516954615302, 0.1116381245929446, 0.0, 0.0)",168
10688,44,17,8,"(0.10294337677241405, 0.05183245255053835, 0.0, 0.0, 0.04717062905234493, 0.0, 0.08319516954615302, 0.08580848880100807, 0.0, 0.0)",6
10689,44,17,8,"(0.10294337677241405, 0.03589745764422001, 0.0, 0.0, 0.07022106556493442, 0.0, 0.08319516954615302, 0.1116381245929446, 0.0, 0.0)",36
10690,44,18,10,"(0.06337474542103372, 0.06927916245295945, 0.09682940930282144, 0.0017773360538905325, 0.0, 0.06291875767155253, 0.0, 0.10994488928074131, 0.0, 0.0)",2
10691,44,18,10,"(0.07734904686468291, 0.05439655912562353, 0.09682940930282144, 0.0017773360538905325, 0.0, 0.06291875767155253, 0.0, 0.10994488928074131, 0.0, 0.0)",1
10692,44,18,10,"(0.07734904686468291, 0.06927916245295945, 0.1304907486566125, 0.0017773360538905325, 0.0, 0.06291875767155253, 0.0, 0.10994488928074131, 0.0, 0.0)",2
10693,44,18,10,"(0.07734904686468291, 0.06927916245295945, 0.09682940930282144, 0.0017773360538905325, 0.0, 0.06291875767155253, 0.0, 0.10994488928074131, 0.0, 0.0)",133
10694,44,18,11,"(0.0, 0.0, 0.09864539577037362, 0.01650583712158267, 0.0, 0.03150275214907511, 0.13038533056739307, 0.08028238650273146, 0.026121609841380632, 0.0)",67
10695,44,18,11,"(0.0, 0.0, 0.2663413362059127, 0.01650583712158267, 0.0, 0.03150275214907511, 0.13038533056739307, 0.08028238650273146, 0.026121609841380632, 0.0)",1
10696,44,18,11,"(0.0, 0.0, 0.08898107447558858, 0.01650583712158267, 0.0, 0.04246223767449609, 0.13038533056739307, 0.08438895976322637, 0.026121609841380632, 0.0)",2
10697,44,18,11,"(0.0, 0.0, 0.08898107447558858, 0.022161249196622563, 0.0, 0.03150275214907511, 0.13038533056739307, 0.08028238650273146, 0.026121609841380632, 0.0)",1
10698,44,18,11,"(0.0, 0.0, 0.08898107447558858, 0.01650583712158267, 0.0, 0.03150275214907511, 0.15065419504771288, 0.08028238650273146, 0.026121609841380632, 0.0)",1
10699,44,18,11,"(0.0, 0.0, 0.08898107447558858, 0.01650583712158267, 0.0, 0.03150275214907511, 0.13038533056739307, 0.08626370969595765, 0.026121609841380632, 0.0)",1
10700,44,18,11,"(0.0, 0.0, 0.08898107447558858, 0.01650583712158267, 0.0, 0.03150275214907511, 0.13038533056739307, 0.08028238650273146, 0.02662020464177022, 0.0)",1
10701,44,18,11,"(0.0, 0.0, 0.08898107447558858, 0.01650583712158267, 0.0, 0.03150275214907511, 0.13038533056739307, 0.07378648586717873, 0.026121609841380632, 0.0)",2
10702,44,18,11,"(0.0, 0.0, 0.08898107447558858, 0.03977446205423213, 0.0, 0.03150275214907511, 0.13038533056739307, 0.043975355545244794, 0.026121609841380632, 0.0)",5
10703,44,18,11,"(0.0, 0.0, 0.08475158365875951, 0.01650583712158267, 0.0, 0.03150275214907511, 0.13038533056739307, 0.08028238650273146, 0.026121609841380632, 0.0)",2
10704,44,18,11,"(0.0, 0.0, 0.13601187923663202, 0.01650583712158267, 0.0, 0.03150275214907511, 0.13038533056739307, 0.08028238650273146, 0.026121609841380632, 0.0)",4
10705,44,18,11,"(0.0, 0.0, 0.08898107447558858, 0.01650583712158267, 0.0, 0.03150275214907511, 0.13038533056739307, 0.08028238650273146, 0.026121609841380632, 0.0)",479
10706,44,19,13,"(0.0, 0.02461978404713738, 0.027053846948939416, 0.0, 0.01810411441758469, 0.022173256981297827, 0.0, 0.0, 0.01089208668844536, 0.0012146923535806386)",196
10707,44,19,13,"(0.0, 0.034924163774771005, 0.03214997699159016, 0.0, 0.01810411441758469, 0.022173256981297827, 0.0, 0.0, 0.01089208668844536, 0.0012146923535806386)",1
10708,44,19,13,"(0.0, 0.02461978404713738, 0.027053846948939416, 0.0, 0.01810411441758469, 0.022173256981297827, 0.0, 0.0, 0.01089208668844536, 0.0017515096375353518)",1
10709,44,20,10,"(0.07734904686468291, 0.06927916245295945, 0.055882551179426386, 0.000985386015776744, 0.0, 0.06177004333592379, 0.0, 0.10994488928074131, 0.0, 0.0)",81
10710,44,20,10,"(0.07734904686468291, 0.06927916245295945, 0.055882551179426386, 0.0006303921945570864, 0.0, 0.06177004333592379, 0.0, 0.10994488928074131, 0.0, 0.0)",23
10711,44,20,10,"(0.07734904686468291, 0.05999202283975173, 0.055882551179426386, 0.000985386015776744, 0.0, 0.06177004333592379, 0.0, 0.10994488928074131, 0.0, 0.0)",1
10712,44,20,11,"(0.0, 0.0, 0.03664497950459847, 0.01650583712158267, 0.0, 0.02548938439096223, 0.09572491856946197, 0.05885302880459243, 0.036485718580663774, 0.0)",20
10713,44,20,11,"(0.0, 0.0, 0.018004387155732684, 0.01650583712158267, 0.0, 0.013369147077117578, 0.09572491856946197, 0.04681386186606392, 0.020768748166351655, 0.0)",1
10714,44,20,11,"(0.0, 0.0, 0.018004387155732684, 0.01650583712158267, 0.0, 0.018895250128217304, 0.09572491856946197, 0.039715891857642904, 0.020768748166351655, 0.0)",4
10715,44,20,11,"(0.0, 0.0, 0.018004387155732684, 0.01650583712158267, 0.0, 0.018895250128217304, 0.07960242880783304, 0.04681386186606392, 0.020768748166351655, 0.0)",3
10716,44,20,11,"(0.0, 0.0, 0.018004387155732684, 0.01650583712158267, 0.0, 0.02548938439096223, 0.06648621565963052, 0.05885302880459243, 0.036485718580663774, 0.0)",1
10717,44,20,11,"(0.0, 0.0, 0.016847808368160595, 0.01650583712158267, 0.0, 0.018895250128217304, 0.09572491856946197, 0.04681386186606392, 0.020768748166351655, 0.0)",1
10718,44,20,11,"(0.0, 0.0, 0.018004387155732684, 0.01650583712158267, 0.0, 0.018895250128217304, 0.09572491856946197, 0.04681386186606392, 0.020768748166351655, 0.0)",346
10719,44,20,11,"(0.0, 0.0, 0.018004387155732684, 0.01650583712158267, 0.0, 0.020925136937515028, 0.09572491856946197, 0.05885302880459243, 0.036485718580663774, 0.0)",1
10720,44,20,11,"(0.0, 0.0, 0.018004387155732684, 0.01650583712158267, 0.0, 0.018895250128217304, 0.09572491856946197, 0.04681386186606392, 0.01657451164341859, 0.0)",28
10721,44,20,11,"(0.0, 0.0, 0.018004387155732684, 0.01650583712158267, 0.0, 0.02548938439096223, 0.09572491856946197, 0.05885302880459243, 0.036485718580663774, 0.0)",78
10722,44,20,11,"(0.0, 0.0, 0.015487987854224616, 0.01650583712158267, 0.0, 0.018895250128217304, 0.09572491856946197, 0.04681386186606392, 0.020768748166351655, 0.0)",11
10723,44,20,11,"(0.0, 0.0, 0.018004387155732684, 0.02492672732986405, 0.0, 0.02548938439096223, 0.09572491856946197, 0.05885302880459243, 0.036485718580663774, 0.0)",102
10724,44,20,11,"(0.0, 0.0, 0.018004387155732684, 0.01650583712158267, 0.0, 0.018895250128217304, 0.09572491856946197, 0.03755897045544119, 0.013593851129939827, 0.0)",2
10725,45,0,11,"(0.0, 0.0, 0.0417795075878684, 0.010654525538403636, 0.0, 0.030645849071221472, 0.16773790467281977, 0.06471128129841798, 0.026121609841380632, 0.0)",1
10726,45,0,11,"(0.0, 0.0, 0.06200374261520503, 0.02608852452510056, 0.0, 0.030645849071221472, 0.16773790467281977, 0.028610660958995924, 0.026121609841380632, 0.0)",1
10727,45,0,11,"(0.0, 0.0, 0.06200374261520503, 0.010654525538403636, 0.0, 0.030645849071221472, 0.12947545710963893, 0.037695078031116706, 0.0314962958379337, 0.0)",1
10728,45,0,11,"(0.0, 0.0, 0.06200374261520503, 0.010654525538403636, 0.0, 0.030645849071221472, 0.1596128959274884, 0.037695078031116706, 0.026121609841380632, 0.0)",7
10729,45,0,11,"(0.0, 0.0, 0.06200374261520503, 0.010654525538403636, 0.0, 0.030645849071221472, 0.16773790467281977, 0.037695078031116706, 0.0418071793694906, 0.0)",1
10730,45,0,11,"(0.0, 0.0, 0.06200374261520503, 0.010654525538403636, 0.0, 0.030645849071221472, 0.22637393685631998, 0.06471128129841798, 0.026121609841380632, 0.0)",1
10731,45,0,11,"(0.0, 0.0, 0.06200374261520503, 0.010654525538403636, 0.0, 0.030645849071221472, 0.16773790467281977, 0.037695078031116706, 0.026121609841380632, 0.0)",373
10732,45,0,11,"(0.0, 0.0, 0.06200374261520503, 0.010654525538403636, 0.0, 0.030645849071221472, 0.16773790467281977, 0.04469816877975608, 0.026121609841380632, 0.0)",1
10733,45,0,11,"(0.0, 0.0, 0.06200374261520503, 0.010654525538403636, 0.0, 0.030645849071221472, 0.16773790467281977, 0.06471128129841798, 0.026121609841380632, 0.0)",187
10734,45,1,6,"(0.04093855011601855, 0.011572197494497125, 0.0, 0.08475271081097348, 0.005422768956954101, 0.0, 0.019795240631728064, 0.0, 0.028146417112716555, 0.0682143517245787)",1
10735,45,1,6,"(0.03426039533065134, 0.011572197494497125, 0.0, 0.02261222081979536, 0.005422768956954101, 0.0, 0.019795240631728064, 0.0, 0.028146417112716555, 0.05874522297052942)",10
10736,45,1,6,"(0.03426039533065134, 0.011572197494497125, 0.0, 0.030181603934096246, 0.005422768956954101, 0.0, 0.019795240631728064, 0.0, 0.028146417112716555, 0.048798608729785274)",1
10737,45,1,6,"(0.03426039533065134, 0.011572197494497125, 0.0, 0.030181603934096246, 0.005422768956954101, 0.0, 0.019795240631728064, 0.0, 0.028146417112716555, 0.05874522297052942)",252
10738,45,1,8,"(0.07111035742329365, 0.046525949225991035, 0.0, 0.0, 0.051217346146779696, 0.0, 0.08319516954615302, 0.12465050644273387, 0.0, 0.0)",1
10739,45,1,8,"(0.08153440838931905, 0.046525949225991035, 0.0, 0.0, 0.051217346146779696, 0.0, 0.051044796536273265, 0.09513444883351557, 0.0, 0.0)",7
10740,45,1,8,"(0.07111035742329365, 0.046525949225991035, 0.0, 0.0, 0.051217346146779696, 0.0, 0.08319516954615302, 0.09513444883351557, 0.0, 0.0)",196
10741,45,2,13,"(0.0, 0.02461978404713738, 0.02133378070738893, 0.0, 0.00970885425506607, 0.022173256981297827, 0.0, 0.0, 0.016525228996456, 0.00476393156717078)",1
10742,45,2,13,"(0.0, 0.03166551126635037, 0.023035932332134326, 0.0, 0.009107717874973765, 0.022173256981297827, 0.0, 0.0, 0.01089208668844536, 0.00476393156717078)",3
10743,45,2,13,"(0.0, 0.017127577188305876, 0.023035932332134326, 0.0, 0.017595905717720375, 0.022173256981297827, 0.0, 0.0, 0.01089208668844536, 0.00476393156717078)",1
10744,45,2,13,"(0.0, 0.0226089942489287, 0.023035932332134326, 0.0, 0.00970885425506607, 0.022173256981297827, 0.0, 0.0, 0.01089208668844536, 0.00476393156717078)",4
10745,45,2,13,"(0.0, 0.02461978404713738, 0.023035932332134326, 0.0, 0.00970885425506607, 0.022173256981297827, 0.0, 0.0, 0.01089208668844536, 0.00476393156717078)",217
10746,45,2,13,"(0.0, 0.031071622205233424, 0.023035932332134326, 0.0, 0.00970885425506607, 0.022173256981297827, 0.0, 0.0, 0.01089208668844536, 0.00476393156717078)",27
10747,45,2,13,"(0.0, 0.02461978404713738, 0.023035932332134326, 0.0, 0.007103113889480824, 0.022173256981297827, 0.0, 0.0, 0.01089208668844536, 0.00476393156717078)",8
10748,45,2,13,"(0.0, 0.02461978404713738, 0.023523306381396315, 0.0, 0.00970885425506607, 0.022173256981297827, 0.0, 0.0, 0.01089208668844536, 0.00476393156717078)",1
10749,45,2,13,"(0.0, 0.02461978404713738, 0.023035932332134326, 0.0, 0.00970885425506607, 0.022173256981297827, 0.0, 0.0, 0.016525228996456, 0.00476393156717078)",47
10750,45,2,13,"(0.0, 0.02461978404713738, 0.028466300727300803, 0.0, 0.011483312169425816, 0.012238337611428183, 0.0, 0.0, 0.01089208668844536, 0.00476393156717078)",1
10751,45,2,13,"(0.0, 0.02461978404713738, 0.023035932332134326, 0.0, 0.00970885425506607, 0.022173256981297827, 0.0, 0.0, 0.01089208668844536, 0.004582912909340341)",1
10752,45,2,13,"(0.0, 0.0388276840369355, 0.023035932332134326, 0.0, 0.00970885425506607, 0.022173256981297827, 0.0, 0.0, 0.01089208668844536, 0.00476393156717078)",1
10753,45,2,13,"(0.0, 0.02461978404713738, 0.023035932332134326, 0.0, 0.00970885425506607, 0.026203468094638343, 0.0, 0.0, 0.01089208668844536, 0.00476393156717078)",1
10754,45,3,13,"(0.0, 0.02461978404713738, 0.016065906988198403, 0.0, 0.013397120020122293, 0.022173256981297827, 0.0, 0.0, 0.01089208668844536, 0.0024406349647482155)",1
10755,45,3,13,"(0.0, 0.02461978404713738, 0.023035932332134326, 0.0, 0.013397120020122293, 0.031006633097251438, 0.0, 0.0, 0.01089208668844536, 0.0024406349647482155)",1
10756,45,3,13,"(0.0, 0.02461978404713738, 0.023035932332134326, 0.0, 0.01810411441758469, 0.029018705923024062, 0.0, 0.0, 0.01089208668844536, 0.0024406349647482155)",1
10757,45,3,13,"(0.0, 0.03585857781828296, 0.023035932332134326, 0.0, 0.013397120020122293, 0.023577532264220175, 0.0, 0.0, 0.01089208668844536, 0.0024406349647482155)",1
10758,45,3,13,"(0.0, 0.02461978404713738, 0.025625051879996422, 0.0, 0.013397120020122293, 0.022173256981297827, 0.0, 0.0, 0.01089208668844536, 0.0024406349647482155)",1
10759,45,3,13,"(0.0, 0.02461978404713738, 0.023035932332134326, 0.0, 0.018571837192048645, 0.022173256981297827, 0.0, 0.0, 0.01089208668844536, 0.002174538661662364)",1
10760,45,3,13,"(0.0, 0.02461978404713738, 0.023035932332134326, 0.0, 0.013617814446568314, 0.022173256981297827, 0.0, 0.0, 0.01089208668844536, 0.0024406349647482155)",1
10761,45,3,13,"(0.0, 0.02461978404713738, 0.023035932332134326, 0.0, 0.01810411441758469, 0.022173256981297827, 0.0, 0.0, 0.01089208668844536, 0.0024406349647482155)",92
10762,45,3,13,"(0.0, 0.02461978404713738, 0.023035932332134326, 0.0, 0.013397120020122293, 0.022173256981297827, 0.0, 0.0, 0.01089208668844536, 0.0024406349647482155)",119
10763,45,4,11,"(0.0, 0.0, 0.09864539577037362, 0.01650583712158267, 0.0, 0.030645849071221472, 0.10270279994218663, 0.07240876560513207, 0.026121609841380632, 0.0)",2
10764,45,4,11,"(0.0, 0.0, 0.09864539577037362, 0.01650583712158267, 0.0, 0.05139405252798254, 0.08153022673827125, 0.07240876560513207, 0.026121609841380632, 0.0)",1
10765,45,4,11,"(0.0, 0.0, 0.09864539577037362, 0.00817558145339413, 0.0, 0.030645849071221472, 0.08153022673827125, 0.07240876560513207, 0.026121609841380632, 0.0)",3
10766,45,4,11,"(0.0, 0.0, 0.09864539577037362, 0.01814890256263336, 0.0, 0.011766824707197317, 0.08153022673827125, 0.045113764494524096, 0.026121609841380632, 0.0)",1
10767,45,4,11,"(0.0, 0.0, 0.09864539577037362, 0.01650583712158267, 0.0, 0.030645849071221472, 0.08153022673827125, 0.07240876560513207, 0.026121609841380632, 0.0)",349
10768,45,4,11,"(0.0, 0.0, 0.05671697008445473, 0.01889703880878092, 0.0, 0.016308788796348412, 0.08153022673827125, 0.0407899100099362, 0.026121609841380632, 0.0)",1
10769,45,4,11,"(0.0, 0.0, 0.05671697008445473, 0.02507954174979985, 0.0, 0.030645849071221472, 0.08153022673827125, 0.07240876560513207, 0.026121609841380632, 0.0)",32
10770,45,4,11,"(0.0, 0.0, 0.09864539577037362, 0.01650583712158267, 0.0, 0.030645849071221472, 0.07883974510669825, 0.07693980969231068, 0.026121609841380632, 0.0)",11
10771,45,4,11,"(0.0, 0.0, 0.10338919095002691, 0.01650583712158267, 0.0, 0.030645849071221472, 0.08153022673827125, 0.07240876560513207, 0.026121609841380632, 0.0)",78
10772,45,4,11,"(0.0, 0.0, 0.10338919095002691, 0.01650583712158267, 0.0, 0.030645849071221472, 0.09703686558009347, 0.0796144008799868, 0.022770111845588883, 0.0)",3
10773,45,4,11,"(0.0, 0.0, 0.09864539577037362, 0.028663770799817405, 0.0, 0.030645849071221472, 0.08153022673827125, 0.07240876560513207, 0.026121609841380632, 0.0)",1
10774,45,4,11,"(0.0, 0.0, 0.09864539577037362, 0.01650583712158267, 0.0, 0.030645849071221472, 0.08153022673827125, 0.07240876560513207, 0.01699175568476371, 0.0)",7
10775,45,5,0,"(0.0402479284341202, 0.0, 0.0, 0.0, 0.0, 0.038664151314593, 0.08380840797570269, 0.06261049614614052, 0.0, 0.0)",71
10776,45,5,0,"(0.07566472414570388, 0.0, 0.0, 0.0, 0.0, 0.038664151314593, 0.1190368740090721, 0.040257988740356326, 0.0, 0.0)",1
10777,45,5,0,"(0.07400250769571483, 0.0, 0.0, 0.0, 0.0, 0.038664151314593, 0.08380840797570269, 0.07949890995806244, 0.0, 0.0)",4
10778,45,5,0,"(0.01879040178506692, 0.0, 0.0, 0.0, 0.0, 0.038664151314593, 0.08380840797570269, 0.030019004959053668, 0.0, 0.0)",1
10779,45,5,0,"(0.0402479284341202, 0.0, 0.0, 0.0, 0.0, 0.038664151314593, 0.08380840797570269, 0.05698016357956769, 0.0, 0.0)",8
10780,45,5,0,"(0.07400250769571483, 0.0, 0.0, 0.0, 0.0, 0.038664151314593, 0.08380840797570269, 0.06261049614614052, 0.0, 0.0)",172
10781,45,5,6,"(0.03426039533065134, 0.011572197494497125, 0.0, 0.030181603934096246, 0.005422768956954101, 0.0, 0.019795240631728064, 0.0, 0.024324763534691374, 0.05874522297052942)",1
10782,45,5,6,"(0.03426039533065134, 0.011572197494497125, 0.0, 0.030181603934096246, 0.008219808932221646, 0.0, 0.019795240631728064, 0.0, 0.028146417112716555, 0.05874522297052942)",48
10783,45,5,6,"(0.02787376443116577, 0.011572197494497125, 0.0, 0.030181603934096246, 0.005422768956954101, 0.0, 0.019795240631728064, 0.0, 0.025225869033588474, 0.05874522297052942)",1
10784,45,5,6,"(0.03426039533065134, 0.011572197494497125, 0.0, 0.030181603934096246, 0.005422768956954101, 0.0, 0.049029525868621415, 0.0, 0.028146417112716555, 0.05874522297052942)",1
10785,45,5,6,"(0.03426039533065134, 0.011572197494497125, 0.0, 0.030181603934096246, 0.005422768956954101, 0.0, 0.019795240631728064, 0.0, 0.028146417112716555, 0.05874522297052942)",216
10786,45,6,0,"(0.046016769014978, 0.0, 0.0, 0.0, 0.0, 0.0037782418259733443, 0.07011830437097326, 0.06627066634944925, 0.0, 0.0)",2
10787,45,6,0,"(0.046016769014978, 0.0, 0.0, 0.0, 0.0, 0.0061810976194837585, 0.07011830437097326, 0.06627066634944925, 0.0, 0.0)",3
10788,45,6,0,"(0.046016769014978, 0.0, 0.0, 0.0, 0.0, 0.005130599047222307, 0.05883945211482306, 0.06627066634944925, 0.0, 0.0)",1
10789,45,6,0,"(0.046016769014978, 0.0, 0.0, 0.0, 0.0, 0.006323886931310055, 0.07011830437097326, 0.05349233594165381, 0.0, 0.0)",2
10790,45,6,0,"(0.05638554369316959, 0.0, 0.0, 0.0, 0.0, 0.006323886931310055, 0.06223237740592715, 0.06627066634944925, 0.0, 0.0)",1
10791,45,6,0,"(0.046016769014978, 0.0, 0.0, 0.0, 0.0, 0.006323886931310055, 0.07223342597208528, 0.06627066634944925, 0.0, 0.0)",42
10792,45,6,0,"(0.046016769014978, 0.0, 0.0, 0.0, 0.0, 0.006323886931310055, 0.07011830437097326, 0.06627066634944925, 0.0, 0.0)",155
10793,45,6,0,"(0.07400250769571483, 0.0, 0.0, 0.0, 0.0, 0.017098731129875016, 0.08380840797570269, 0.0691048466035698, 0.0, 0.0)",50
10794,45,7,13,"(0.0, 0.02461978404713738, 0.023035932332134326, 0.0, 0.01810411441758469, 0.021907174175588698, 0.0, 0.0, 0.011870823184948075, 0.00476393156717078)",3
10795,45,7,13,"(0.0, 0.02461978404713738, 0.023035932332134326, 0.0, 0.018302572398003408, 0.022173256981297827, 0.0, 0.0, 0.01089208668844536, 0.00476393156717078)",1
10796,45,7,13,"(0.0, 0.02461978404713738, 0.023035932332134326, 0.0, 0.01810411441758469, 0.022173256981297827, 0.0, 0.0, 0.01758308001291381, 0.00476393156717078)",1
10797,45,7,13,"(0.0, 0.02461978404713738, 0.023035932332134326, 0.0, 0.01810411441758469, 0.022173256981297827, 0.0, 0.0, 0.01089208668844536, 0.00476393156717078)",214
10798,45,7,13,"(0.0, 0.02461978404713738, 0.023035932332134326, 0.0, 0.01810411441758469, 0.01828310741204787, 0.0, 0.0, 0.01089208668844536, 0.00476393156717078)",1
10799,45,7,13,"(0.0, 0.02461978404713738, 0.046124432759189364, 0.0, 0.01810411441758469, 0.022173256981297827, 0.0, 0.0, 0.01089208668844536, 0.00476393156717078)",1
10800,45,8,11,"(0.0, 0.0, 0.09864539577037362, 0.02150422363422624, 0.0, 0.030645849071221472, 0.16773790467281977, 0.07852483704695551, 0.026121609841380632, 0.0)",1
10801,45,8,11,"(0.0, 0.0, 0.09864539577037362, 0.02150422363422624, 0.0, 0.030645849071221472, 0.10134814423727004, 0.0386197297757742, 0.026121609841380632, 0.0)",346
10802,45,8,11,"(0.0, 0.0, 0.09864539577037362, 0.02150422363422624, 0.0, 0.030645849071221472, 0.16773790467281977, 0.0386197297757742, 0.026121609841380632, 0.0)",215
10803,45,8,11,"(0.0, 0.0, 0.09864539577037362, 0.02150422363422624, 0.0, 0.030645849071221472, 0.10134814423727004, 0.0495822941823865, 0.026121609841380632, 0.0)",1
10804,45,8,11,"(0.0, 0.0, 0.09864539577037362, 0.03892349451643147, 0.0, 0.030645849071221472, 0.16773790467281977, 0.0386197297757742, 0.026121609841380632, 0.0)",18
10805,45,9,11,"(0.0, 0.0, 0.11755819882518005, 0.01650583712158267, 0.0, 0.02375279233445006, 0.1254348761332085, 0.08028238650273146, 0.026121609841380632, 0.0)",543
10806,45,9,11,"(0.0, 0.0, 0.11115097424764041, 0.01650583712158267, 0.0, 0.020926468542819092, 0.1254348761332085, 0.08028238650273146, 0.026121609841380632, 0.0)",2
10807,45,9,11,"(0.0, 0.0, 0.11007966289195967, 0.01650583712158267, 0.0, 0.02375279233445006, 0.1254348761332085, 0.08028238650273146, 0.02900811365791678, 0.0)",8
10808,45,9,11,"(0.0, 0.0, 0.11755819882518005, 0.013218545467403572, 0.0, 0.02375279233445006, 0.1254348761332085, 0.08028238650273146, 0.026121609841380632, 0.0)",1
10809,45,9,11,"(0.0, 0.0, 0.11755819882518005, 0.010660340631895443, 0.0, 0.02375279233445006, 0.1254348761332085, 0.07541676987287994, 0.02703302037638717, 0.0)",9
10810,45,9,11,"(0.0, 0.0, 0.11755819882518005, 0.01650583712158267, 0.0, 0.027777378636285623, 0.1254348761332085, 0.08028238650273146, 0.026121609841380632, 0.0)",1
10811,45,9,11,"(0.0, 0.0, 0.11755819882518005, 0.01500483537534072, 0.0, 0.02375279233445006, 0.1254348761332085, 0.08028238650273146, 0.026121609841380632, 0.0)",5
10812,45,9,11,"(0.0, 0.0, 0.11755819882518005, 0.01650583712158267, 0.0, 0.02375279233445006, 0.1254348761332085, 0.09807595863208629, 0.026121609841380632, 0.0)",1
10813,45,10,13,"(0.0, 0.02461978404713738, 0.023035932332134326, 0.0, 0.01810411441758469, 0.019325622049161183, 0.0, 0.0, 0.01089208668844536, 0.00476393156717078)",70
10814,45,10,13,"(0.0, 0.02461978404713738, 0.023035932332134326, 0.0, 0.01810411441758469, 0.018327253906796452, 0.0, 0.0, 0.01089208668844536, 0.00476393156717078)",269
10815,45,10,13,"(0.0, 0.024461523598141435, 0.023035932332134326, 0.0, 0.01810411441758469, 0.018327253906796452, 0.0, 0.0, 0.01089208668844536, 0.00476393156717078)",2
10816,45,10,13,"(0.0, 0.02461978404713738, 0.023035932332134326, 0.0, 0.01810411441758469, 0.015248438605981973, 0.0, 0.0, 0.01089208668844536, 0.00476393156717078)",1
10817,45,10,13,"(0.0, 0.02461978404713738, 0.023035932332134326, 0.0, 0.01810411441758469, 0.022173256981297827, 0.0, 0.0, 0.01089208668844536, 0.00476393156717078)",15
10818,45,10,13,"(0.0, 0.02461978404713738, 0.013660951612928149, 0.0, 0.01810411441758469, 0.019325622049161183, 0.0, 0.0, 0.0030885174523880288, 0.004144202552850394)",1
10819,45,10,13,"(0.0, 0.032200345139994146, 0.023035932332134326, 0.0, 0.01810411441758469, 0.018327253906796452, 0.0, 0.0, 0.01089208668844536, 0.00476393156717078)",2
10820,45,10,13,"(0.0, 0.02461978404713738, 0.023035932332134326, 0.0, 0.01393163856420169, 0.018327253906796452, 0.0, 0.0, 0.01089208668844536, 0.00476393156717078)",4
10821,45,10,13,"(0.0, 0.02913477615945858, 0.023035932332134326, 0.0, 0.01810411441758469, 0.018327253906796452, 0.0, 0.0, 0.01089208668844536, 0.0046526638950260485)",1
10822,45,10,13,"(0.0, 0.018854318372727503, 0.008725128474933395, 0.0, 0.008105756984573503, 0.018327253906796452, 0.0, 0.0, 0.01089208668844536, 0.00476393156717078)",2
10823,45,11,13,"(0.0, 0.02461978404713738, 0.023035932332134326, 0.0, 0.01810411441758469, 0.022173256981297827, 0.0, 0.0, 0.01089208668844536, 0.006123650957338591)",1
10824,45,11,13,"(0.0, 0.035067469408101126, 0.02916490479873211, 0.0, 0.01810411441758469, 0.034481912330541445, 0.0, 0.0, 0.01089208668844536, 0.0036872173179800785)",2
10825,45,11,13,"(0.0, 0.02461978404713738, 0.023035932332134326, 0.0, 0.01810411441758469, 0.034481912330541445, 0.0, 0.0, 0.01089208668844536, 0.0036872173179800785)",13
10826,45,11,13,"(0.0, 0.02461978404713738, 0.023035932332134326, 0.0, 0.01810411441758469, 0.022173256981297827, 0.0, 0.0, 0.01089208668844536, 0.0036872173179800785)",256
10827,45,11,13,"(0.0, 0.023461604318296084, 0.023035932332134326, 0.0, 0.01810411441758469, 0.022173256981297827, 0.0, 0.0, 0.01089208668844536, 0.0036872173179800785)",12
10828,45,11,13,"(0.0, 0.02461978404713738, 0.023035932332134326, 0.0, 0.01810411441758469, 0.022173256981297827, 0.0, 0.0, 0.01089208668844536, 0.002342969437291812)",2
10829,45,11,13,"(0.0, 0.02461978404713738, 0.023035932332134326, 0.0, 0.011984893248189084, 0.023796671455901853, 0.0, 0.0, 0.01089208668844536, 0.0036872173179800785)",65
10830,45,11,13,"(0.0, 0.027077241228361405, 0.01609061006059245, 0.0, 0.011984893248189084, 0.023796671455901853, 0.0, 0.0, 0.01089208668844536, 0.0036872173179800785)",5
10831,45,12,8,"(0.21381607499746594, 0.046525949225991035, 0.0, 0.0, 0.04573034632799446, 0.0, 0.08319516954615302, 0.1116381245929446, 0.0, 0.0)",4
10832,45,12,8,"(0.19235562551390653, 0.05321354866749789, 0.0, 0.0, 0.04573034632799446, 0.0, 0.08319516954615302, 0.1116381245929446, 0.0, 0.0)",1
10833,45,12,8,"(0.19235562551390653, 0.046525949225991035, 0.0, 0.0, 0.04573034632799446, 0.0, 0.08319516954615302, 0.20976397269926572, 0.0, 0.0)",11
10834,45,12,8,"(0.19235562551390653, 0.046525949225991035, 0.0, 0.0, 0.04573034632799446, 0.0, 0.08409909086952298, 0.1116381245929446, 0.0, 0.0)",4
10835,45,12,8,"(0.19235562551390653, 0.046525949225991035, 0.0, 0.0, 0.04573034632799446, 0.0, 0.08319516954615302, 0.1116381245929446, 0.0, 0.0)",250
10836,45,12,10,"(0.028726017090664996, 0.06927916245295945, 0.09682940930282144, 0.0017773360538905325, 0.0, 0.06291875767155253, 0.0, 0.10994488928074131, 0.0, 0.0)",236
10837,45,12,10,"(0.030038788180400993, 0.06927916245295945, 0.09682940930282144, 0.0017773360538905325, 0.0, 0.06661307130512203, 0.0, 0.09793381591923686, 0.0, 0.0)",2
10838,45,12,10,"(0.028726017090664996, 0.06927916245295945, 0.07760691781571935, 0.0017773360538905325, 0.0, 0.06291875767155253, 0.0, 0.10994488928074131, 0.0, 0.0)",1
10839,45,12,10,"(0.028726017090664996, 0.06927916245295945, 0.0768439385033856, 0.0017773360538905325, 0.0, 0.06291875767155253, 0.0, 0.10994488928074131, 0.0, 0.0)",1
10840,45,12,10,"(0.008787186033247678, 0.06927916245295945, 0.09682940930282144, 0.0017773360538905325, 0.0, 0.06291875767155253, 0.0, 0.10290716574952401, 0.0, 0.0)",1
10841,45,12,10,"(0.028726017090664996, 0.06927916245295945, 0.04573544295858819, 0.0017773360538905325, 0.0, 0.06291875767155253, 0.0, 0.10994488928074131, 0.0, 0.0)",2
10842,45,12,10,"(0.028726017090664996, 0.06927916245295945, 0.09682940930282144, 0.0017773360538905325, 0.0, 0.06753070530346669, 0.0, 0.10994488928074131, 0.0, 0.0)",1
10843,45,13,6,"(0.03426039533065134, 0.011572197494497125, 0.0, 0.030181603934096246, 0.010914152813754071, 0.0, 0.019795240631728064, 0.0, 0.013120237275427516, 0.05874522297052942)",1
10844,45,13,6,"(0.03426039533065134, 0.011572197494497125, 0.0, 0.030181603934096246, 0.005422768956954101, 0.0, 0.019795240631728064, 0.0, 0.016209741115842353, 0.05874522297052942)",168
10845,45,14,11,"(0.0, 0.0, 0.07563427679391872, 0.01650583712158267, 0.0, 0.030645849071221472, 0.16773790467281977, 0.07506328445126341, 0.026121609841380632, 0.0)",2
10846,45,14,11,"(0.0, 0.0, 0.07563427679391872, 0.01650583712158267, 0.0, 0.05246181598113454, 0.16773790467281977, 0.046237642847009, 0.026121609841380632, 0.0)",1
10847,45,14,11,"(0.0, 0.0, 0.07563427679391872, 0.017021621721482815, 0.0, 0.017758026018597637, 0.18713611040775663, 0.046237642847009, 0.026121609841380632, 0.0)",8
10848,45,14,11,"(0.0, 0.0, 0.05856128231502228, 0.01650583712158267, 0.0, 0.030645849071221472, 0.16773790467281977, 0.046237642847009, 0.026121609841380632, 0.0)",1
10849,45,14,11,"(0.0, 0.0, 0.07563427679391872, 0.01650583712158267, 0.0, 0.03211156732662638, 0.16773790467281977, 0.046237642847009, 0.026121609841380632, 0.0)",2
10850,45,14,11,"(0.0, 0.0, 0.07563427679391872, 0.01650583712158267, 0.0, 0.030645849071221472, 0.14296352153377, 0.046237642847009, 0.026121609841380632, 0.0)",2
10851,45,14,11,"(0.0, 0.0, 0.07563427679391872, 0.01650583712158267, 0.0, 0.030645849071221472, 0.16773790467281977, 0.046237642847009, 0.026121609841380632, 0.0)",251
10852,45,14,11,"(0.0, 0.0, 0.07563427679391872, 0.01650583712158267, 0.0, 0.030645849071221472, 0.16773790467281977, 0.046237642847009, 0.02645430352528562, 0.0)",1
10853,45,14,13,"(0.0, 0.02461978404713738, 0.023035932332134326, 0.0, 0.01810411441758469, 0.022173256981297827, 0.0, 0.0, 0.01089208668844536, 0.004166312593752372)",4
10854,45,14,13,"(0.0, 0.02461978404713738, 0.027679954068417587, 0.0, 0.020151737205311424, 0.022173256981297827, 0.0, 0.0, 0.01089208668844536, 0.00476393156717078)",1
10855,45,14,13,"(0.0, 0.02461978404713738, 0.023035932332134326, 0.0, 0.01810411441758469, 0.022173256981297827, 0.0, 0.0, 0.01089208668844536, 0.0017473009680590706)",1
10856,45,14,13,"(0.0, 0.02461978404713738, 0.023035932332134326, 0.0, 0.01810411441758469, 0.022173256981297827, 0.0, 0.0, 0.01089208668844536, 0.004979340149260845)",1
10857,45,14,13,"(0.0, 0.02461978404713738, 0.023035932332134326, 0.0, 0.01810411441758469, 0.022173256981297827, 0.0, 0.0, 0.009054582151847741, 0.00476393156717078)",2
10858,45,14,13,"(0.0, 0.030486591290290146, 0.023035932332134326, 0.0, 0.01810411441758469, 0.022173256981297827, 0.0, 0.0, 0.01089208668844536, 0.00476393156717078)",1
10859,45,14,13,"(0.0, 0.02461978404713738, 0.023035932332134326, 0.0, 0.031940945304664826, 0.022173256981297827, 0.0, 0.0, 0.01089208668844536, 0.00476393156717078)",1
10860,45,14,13,"(0.0, 0.02461978404713738, 0.023035932332134326, 0.0, 0.01810411441758469, 0.022173256981297827, 0.0, 0.0, 0.013231566378824392, 0.00476393156717078)",1
10861,45,14,13,"(0.0, 0.02461978404713738, 0.023035932332134326, 0.0, 0.01810411441758469, 0.022173256981297827, 0.0, 0.0, 0.01089208668844536, 0.00476393156717078)",280
10862,45,15,11,"(0.0, 0.0, 0.10257210229445202, 0.011040844334434897, 0.0, 0.030645849071221472, 0.16773790467281977, 0.0404147798164449, 0.02728084634906514, 0.0)",2
10863,45,15,11,"(0.0, 0.0, 0.11839367174953695, 0.01650583712158267, 0.0, 0.030645849071221472, 0.16143675919249265, 0.0404147798164449, 0.026121609841380632, 0.0)",1
10864,45,15,11,"(0.0, 0.0, 0.11839367174953695, 0.01650583712158267, 0.0, 0.030645849071221472, 0.16773790467281977, 0.0404147798164449, 0.026121609841380632, 0.0)",292
10865,45,15,11,"(0.0, 0.0, 0.10257210229445202, 0.01650583712158267, 0.0, 0.030645849071221472, 0.16773790467281977, 0.0404147798164449, 0.02728084634906514, 0.0)",25
10866,45,15,11,"(0.0, 0.0, 0.11839367174953695, 0.01650583712158267, 0.0, 0.030645849071221472, 0.16773790467281977, 0.03725692418779793, 0.026121609841380632, 0.0)",1
10867,45,15,11,"(0.0, 0.0, 0.11839367174953695, 0.02836798676003154, 0.0, 0.030645849071221472, 0.16773790467281977, 0.0404147798164449, 0.026121609841380632, 0.0)",2
10868,45,15,11,"(0.0, 0.0, 0.11839367174953695, 0.01650583712158267, 0.0, 0.026414130954439452, 0.16773790467281977, 0.0404147798164449, 0.026121609841380632, 0.0)",2
10869,45,15,11,"(0.0, 0.0, 0.11839367174953695, 0.01650583712158267, 0.0, 0.020355830679555063, 0.16773790467281977, 0.0404147798164449, 0.026121609841380632, 0.0)",126
10870,45,15,11,"(0.0, 0.0, 0.060890437070344396, 0.01650583712158267, 0.0, 0.015034775119517957, 0.16773790467281977, 0.034561841449632265, 0.012345001906002684, 0.0)",1
10871,45,15,11,"(0.0, 0.0, 0.11839367174953695, 0.01650583712158267, 0.0, 0.0276490951173612, 0.16773790467281977, 0.0404147798164449, 0.026121609841380632, 0.0)",1
10872,45,15,11,"(0.0, 0.0, 0.11839367174953695, 0.016750876018172114, 0.0, 0.030645849071221472, 0.16773790467281977, 0.03533630432484464, 0.026121609841380632, 0.0)",1
10873,45,15,11,"(0.0, 0.0, 0.11839367174953695, 0.01650583712158267, 0.0, 0.030645849071221472, 0.16773790467281977, 0.03605790139480776, 0.026121609841380632, 0.0)",7
10874,45,15,11,"(0.0, 0.0, 0.11839367174953695, 0.01650583712158267, 0.0, 0.030645849071221472, 0.12261261786010257, 0.0404147798164449, 0.026121609841380632, 0.0)",1
10875,45,15,11,"(0.0, 0.0, 0.11839367174953695, 0.01650583712158267, 0.0, 0.030645849071221472, 0.16773790467281977, 0.0404147798164449, 0.02405341075810838, 0.0)",2
10876,45,15,11,"(0.0, 0.0, 0.0914474409990618, 0.01650583712158267, 0.0, 0.030645849071221472, 0.16773790467281977, 0.0404147798164449, 0.023235941497122506, 0.0)",1
10877,45,15,11,"(0.0, 0.0, 0.11839367174953695, 0.01650583712158267, 0.0, 0.030645849071221472, 0.16773790467281977, 0.03533630432484464, 0.026121609841380632, 0.0)",60
10878,45,15,11,"(0.0, 0.0, 0.11839367174953695, 0.02483337722134706, 0.0, 0.030645849071221472, 0.16773790467281977, 0.0404147798164449, 0.026121609841380632, 0.0)",1
10879,45,15,11,"(0.0, 0.0, 0.11839367174953695, 0.01650583712158267, 0.0, 0.04186021698329721, 0.16773790467281977, 0.0404147798164449, 0.026121609841380632, 0.0)",1
10880,45,15,11,"(0.0, 0.0, 0.10799110455904523, 0.019654170873655792, 0.0, 0.030645849071221472, 0.16773790467281977, 0.0404147798164449, 0.026121609841380632, 0.0)",1
10881,45,15,11,"(0.0, 0.0, 0.11839367174953695, 0.01650583712158267, 0.0, 0.020355830679555063, 0.16773790467281977, 0.034561841449632265, 0.012345001906002684, 0.0)",51
10882,45,15,11,"(0.0, 0.0, 0.11839367174953695, 0.022370357373684046, 0.0, 0.020355830679555063, 0.16773790467281977, 0.0404147798164449, 0.026121609841380632, 0.0)",2
10883,45,16,1,"(0.0, 0.0, 0.021649193651133596, 0.0, 0.0, 0.0199117526153351, 0.0, 0.0, 0.0, 0.047529216575968564)",10
10884,45,16,1,"(0.0, 0.0, 0.041406372128065916, 0.0, 0.0, 0.0199117526153351, 0.0, 0.0, 0.0, 0.053079885168575563)",238
10885,45,16,1,"(0.0, 0.0, 0.041406372128065916, 0.0, 0.0, 0.0199117526153351, 0.0, 0.0, 0.0, 0.03754074466996437)",1
10886,45,16,1,"(0.0, 0.0, 0.041406372128065916, 0.0, 0.0, 0.026735293661388528, 0.0, 0.0, 0.0, 0.07103875085102362)",2
10887,45,16,1,"(0.0, 0.0, 0.041406372128065916, 0.0, 0.0, 0.02409827106465549, 0.0, 0.0, 0.0, 0.0459160523795893)",1
10888,45,16,1,"(0.0, 0.0, 0.041406372128065916, 0.0, 0.0, 0.0199117526153351, 0.0, 0.0, 0.0, 0.05060902633746186)",1
10889,45,16,1,"(0.0, 0.0, 0.041406372128065916, 0.0, 0.0, 0.018793814468544553, 0.0, 0.0, 0.0, 0.047529216575968564)",1
10890,45,16,1,"(0.0, 0.0, 0.027380891750267443, 0.0, 0.0, 0.0199117526153351, 0.0, 0.0, 0.0, 0.053079885168575563)",7
10891,45,16,1,"(0.0, 0.0, 0.06955183282384524, 0.0, 0.0, 0.0199117526153351, 0.0, 0.0, 0.0, 0.047529216575968564)",1
10892,45,16,1,"(0.0, 0.0, 0.041406372128065916, 0.0, 0.0, 0.0199117526153351, 0.0, 0.0, 0.0, 0.047529216575968564)",418
10893,45,16,1,"(0.0, 0.0, 0.041406372128065916, 0.0, 0.0, 0.0199117526153351, 0.0, 0.0, 0.0, 0.04563628082778836)",3
10894,45,16,8,"(0.18445702801808855, 0.046525949225991035, 0.0, 0.0, 0.07022106556493442, 0.0, 0.057675093917951774, 0.1116381245929446, 0.0, 0.0)",6
10895,45,16,8,"(0.16507889091742442, 0.046525949225991035, 0.0, 0.0, 0.07022106556493442, 0.0, 0.11142159799802966, 0.1116381245929446, 0.0, 0.0)",1
10896,45,16,8,"(0.16507889091742442, 0.046525949225991035, 0.0, 0.0, 0.07022106556493442, 0.0, 0.060701614823567854, 0.1116381245929446, 0.0, 0.0)",237
10897,45,16,8,"(0.18445702801808855, 0.046525949225991035, 0.0, 0.0, 0.07022106556493442, 0.0, 0.060701614823567854, 0.1116381245929446, 0.0, 0.0)",31
10898,45,17,1,"(0.0, 0.0, 0.18612660170668413, 0.0, 0.0, 0.020310662915221597, 0.0, 0.0, 0.0, 0.04557123282186749)",1
10899,45,17,1,"(0.0, 0.0, 0.05384099260740156, 0.0, 0.0, 0.022640784901484766, 0.0, 0.0, 0.0, 0.04557123282186749)",2
10900,45,17,1,"(0.0, 0.0, 0.10650950881622333, 0.0, 0.0, 0.022640784901484766, 0.0, 0.0, 0.0, 0.10665120174818594)",1
10901,45,17,1,"(0.0, 0.0, 0.1390545569581621, 0.0, 0.0, 0.022640784901484766, 0.0, 0.0, 0.0, 0.04557123282186749)",1
10902,45,17,1,"(0.0, 0.0, 0.10650950881622333, 0.0, 0.0, 0.022640784901484766, 0.0, 0.0, 0.0, 0.04557123282186749)",629
10903,45,17,1,"(0.0, 0.0, 0.05109068852415068, 0.0, 0.0, 0.022640784901484766, 0.0, 0.0, 0.0, 0.04557123282186749)",1
10904,45,17,1,"(0.0, 0.0, 0.10650950881622333, 0.0, 0.0, 0.0199770382992231, 0.0, 0.0, 0.0, 0.04557123282186749)",103
10905,45,17,1,"(0.0, 0.0, 0.10650950881622333, 0.0, 0.0, 0.01855598677381117, 0.0, 0.0, 0.0, 0.04557123282186749)",1
10906,45,17,1,"(0.0, 0.0, 0.10650950881622333, 0.0, 0.0, 0.02662491184859201, 0.0, 0.0, 0.0, 0.04557123282186749)",1
10907,45,17,8,"(0.11401653572716454, 0.04632028014141928, 0.0, 0.0, 0.07022106556493442, 0.0, 0.08319516954615302, 0.07882983570695075, 0.0, 0.0)",2
10908,45,17,8,"(0.10294337677241405, 0.03589745764422001, 0.0, 0.0, 0.07022106556493442, 0.0, 0.08319516954615302, 0.1116381245929446, 0.0, 0.0)",2
10909,45,17,8,"(0.10294337677241405, 0.05183245255053835, 0.0, 0.0, 0.04717062905234493, 0.0, 0.08319516954615302, 0.08580848880100807, 0.0, 0.0)",9
10910,45,17,8,"(0.10294337677241405, 0.04632028014141928, 0.0, 0.0, 0.07022106556493442, 0.0, 0.08319516954615302, 0.13320763429064336, 0.0, 0.0)",1
10911,45,17,8,"(0.10294337677241405, 0.04632028014141928, 0.0, 0.0, 0.07022106556493442, 0.0, 0.08319516954615302, 0.1116381245929446, 0.0, 0.0)",187
10912,45,18,10,"(0.07661433661884486, 0.06927916245295945, 0.10385892083153239, 0.0017773360538905325, 0.0, 0.06291875767155253, 0.0, 0.10994488928074131, 0.0, 0.0)",1
10913,45,18,10,"(0.07734904686468291, 0.06927916245295945, 0.09682940930282144, 0.0017773360538905325, 0.0, 0.06291875767155253, 0.0, 0.10994488928074131, 0.0, 0.0)",164
10914,45,18,10,"(0.07734904686468291, 0.06927916245295945, 0.09682940930282144, 0.0017773360538905325, 0.0, 0.06291875767155253, 0.0, 0.1304922088593436, 0.0, 0.0)",1
10915,45,18,11,"(0.0, 0.0, 0.09864539577037362, 0.01650583712158267, 0.0, 0.03150275214907511, 0.13038533056739307, 0.08028238650273146, 0.026121609841380632, 0.0)",99
10916,45,18,11,"(0.0, 0.0, 0.08270449615765225, 0.01650583712158267, 0.0, 0.03150275214907511, 0.13038533056739307, 0.08028238650273146, 0.026121609841380632, 0.0)",2
10917,45,18,11,"(0.0, 0.0, 0.13601187923663202, 0.01650583712158267, 0.0, 0.03150275214907511, 0.13038533056739307, 0.08028238650273146, 0.026121609841380632, 0.0)",1
10918,45,18,11,"(0.0, 0.0, 0.08898107447558858, 0.01650583712158267, 0.0, 0.03150275214907511, 0.14207395594817074, 0.08028238650273146, 0.026121609841380632, 0.0)",2
10919,45,18,11,"(0.0, 0.0, 0.08374285555616488, 0.01650583712158267, 0.0, 0.03150275214907511, 0.13038533056739307, 0.08028238650273146, 0.026121609841380632, 0.0)",4
10920,45,18,11,"(0.0, 0.0, 0.08898107447558858, 0.008195715424185075, 0.0, 0.03150275214907511, 0.13038533056739307, 0.08028238650273146, 0.026121609841380632, 0.0)",1
10921,45,18,11,"(0.0, 0.0, 0.09864539577037362, 0.01650583712158267, 0.0, 0.03150275214907511, 0.13038533056739307, 0.08028238650273146, 0.022182417611172813, 0.0)",1
10922,45,18,11,"(0.0, 0.0, 0.08898107447558858, 0.01650583712158267, 0.0, 0.03150275214907511, 0.06616521672938803, 0.08028238650273146, 0.026121609841380632, 0.0)",3
10923,45,18,11,"(0.0, 0.0, 0.08898107447558858, 0.01650583712158267, 0.0, 0.03150275214907511, 0.13038533056739307, 0.08028238650273146, 0.026121609841380632, 0.0)",431
10924,45,18,11,"(0.0, 0.0, 0.08898107447558858, 0.01650583712158267, 0.0, 0.03150275214907511, 0.13038533056739307, 0.08028238650273146, 0.020060628070079134, 0.0)",2
10925,45,19,13,"(0.0, 0.02461978404713738, 0.027053846948939416, 0.0, 0.01810411441758469, 0.022173256981297827, 0.0, 0.0, 0.013225451995664855, 0.0012146923535806386)",1
10926,45,19,13,"(0.0, 0.02461978404713738, 0.027053846948939416, 0.0, 0.01810411441758469, 0.022173256981297827, 0.0, 0.0, 0.01089208668844536, 0.0012146923535806386)",305
10927,45,19,13,"(0.0, 0.02461978404713738, 0.027053846948939416, 0.0, 0.0339549634014373, 0.022173256981297827, 0.0, 0.0, 0.01580902796470306, 0.0012146923535806386)",1
10928,45,19,13,"(0.0, 0.02461978404713738, 0.027053846948939416, 0.0, 0.01810411441758469, 0.03041756735553436, 0.0, 0.0, 0.01089208668844536, 0.0012146923535806386)",1
10929,45,19,13,"(0.0, 0.02461978404713738, 0.027053846948939416, 0.0, 0.02015444158589698, 0.022173256981297827, 0.0, 0.0, 0.01089208668844536, 0.0012146923535806386)",1
10930,45,19,13,"(0.0, 0.021186248996132338, 0.027053846948939416, 0.0, 0.01810411441758469, 0.022173256981297827, 0.0, 0.0, 0.013662414897437561, 0.0011628628767313424)",1
10931,45,20,10,"(0.07734904686468291, 0.05967820853026366, 0.055882551179426386, 0.000985386015776744, 0.0, 0.06177004333592379, 0.0, 0.10994488928074131, 0.0, 0.0)",3
10932,45,20,10,"(0.08957344099931808, 0.06927916245295945, 0.055882551179426386, 0.000985386015776744, 0.0, 0.06177004333592379, 0.0, 0.10994488928074131, 0.0, 0.0)",1
10933,45,20,10,"(0.07734904686468291, 0.06927916245295945, 0.055882551179426386, 0.000985386015776744, 0.0, 0.06177004333592379, 0.0, 0.10994488928074131, 0.0, 0.0)",103
10934,45,20,11,"(0.0, 0.0, 0.018004387155732684, 0.02492672732986405, 0.0, 0.02548938439096223, 0.09572491856946197, 0.05885302880459243, 0.036485718580663774, 0.0)",67
10935,45,20,11,"(0.0, 0.0, 0.018004387155732684, 0.01650583712158267, 0.0, 0.018895250128217304, 0.09572491856946197, 0.04681386186606392, 0.018713070546663175, 0.0)",1
10936,45,20,11,"(0.0, 0.0, 0.018004387155732684, 0.01650583712158267, 0.0, 0.018895250128217304, 0.07960242880783304, 0.04681386186606392, 0.020768748166351655, 0.0)",8
10937,45,20,11,"(0.0, 0.0, 0.018004387155732684, 0.01650583712158267, 0.0, 0.04048504557349622, 0.12213533657353409, 0.05885302880459243, 0.036485718580663774, 0.0)",27
10938,45,20,11,"(0.0, 0.0, 0.018004387155732684, 0.01650583712158267, 0.0, 0.035880801585594334, 0.09572491856946197, 0.04681386186606392, 0.020768748166351655, 0.0)",1
10939,45,20,11,"(0.0, 0.0, 0.018004387155732684, 0.01650583712158267, 0.0, 0.02548938439096223, 0.09572491856946197, 0.05885302880459243, 0.036485718580663774, 0.0)",62
10940,45,20,11,"(0.0, 0.0, 0.018004387155732684, 0.01650583712158267, 0.0, 0.023796086421764277, 0.09572491856946197, 0.05885302880459243, 0.036485718580663774, 0.0)",7
10941,45,20,11,"(0.0, 0.0, 0.018004387155732684, 0.01650583712158267, 0.0, 0.011036181975608902, 0.09572491856946197, 0.04681386186606392, 0.02144422996478252, 0.0)",2
10942,45,20,11,"(0.0, 0.0, 0.03664497950459847, 0.01650583712158267, 0.0, 0.02548938439096223, 0.09572491856946197, 0.05885302880459243, 0.036485718580663774, 0.0)",15
10943,45,20,11,"(0.0, 0.0, 0.018004387155732684, 0.02492672732986405, 0.0, 0.02548938439096223, 0.09572491856946197, 0.05885302880459243, 0.03600114451434924, 0.0)",3
10944,45,20,11,"(0.0, 0.0, 0.010933448971722355, 0.01650583712158267, 0.0, 0.018895250128217304, 0.09572491856946197, 0.04681386186606392, 0.020768748166351655, 0.0)",1
10945,45,20,11,"(0.0, 0.0, 0.018004387155732684, 0.014175510246122793, 0.0, 0.018895250128217304, 0.09572491856946197, 0.04681386186606392, 0.020768748166351655, 0.0)",1
10946,45,20,11,"(0.0, 0.0, 0.018004387155732684, 0.01650583712158267, 0.0, 0.018895250128217304, 0.09572491856946197, 0.04681386186606392, 0.020768748166351655, 0.0)",316
10947,45,20,11,"(0.0, 0.0, 0.018004387155732684, 0.01650583712158267, 0.0, 0.02548938439096223, 0.09572491856946197, 0.05424622614581833, 0.036485718580663774, 0.0)",1
10948,45,20,11,"(0.0, 0.0, 0.018004387155732684, 0.01650583712158267, 0.0, 0.018895250128217304, 0.09572491856946197, 0.03755897045544119, 0.013593851129939827, 0.0)",24
10949,45,20,11,"(0.0, 0.0, 0.018004387155732684, 0.01650583712158267, 0.0, 0.018895250128217304, 0.09572491856946197, 0.04681386186606392, 0.01657451164341859, 0.0)",51
10950,45,20,11,"(0.0, 0.0, 0.018004387155732684, 0.01650583712158267, 0.0, 0.018895250128217304, 0.09572491856946197, 0.04240310894026179, 0.020768748166351655, 0.0)",3
10951,46,0,11,"(0.0, 0.0, 0.06200374261520503, 0.010654525538403636, 0.0, 0.030645849071221472, 0.16773790467281977, 0.06471128129841798, 0.026121609841380632, 0.0)",230
10952,46,0,11,"(0.0, 0.0, 0.06200374261520503, 0.010654525538403636, 0.0, 0.030645849071221472, 0.16773790467281977, 0.037695078031116706, 0.026121609841380632, 0.0)",328
10953,46,0,11,"(0.0, 0.0, 0.06200374261520503, 0.010654525538403636, 0.0, 0.030645849071221472, 0.16773790467281977, 0.06471128129841798, 0.03144227317590264, 0.0)",2
10954,46,0,11,"(0.0, 0.0, 0.06200374261520503, 0.010654525538403636, 0.0, 0.030645849071221472, 0.16773790467281977, 0.037695078031116706, 0.02553265455332083, 0.0)",1
10955,46,0,11,"(0.0, 0.0, 0.06200374261520503, 0.010654525538403636, 0.0, 0.030645849071221472, 0.16773790467281977, 0.02297638033784621, 0.026121609841380632, 0.0)",2
10956,46,0,11,"(0.0, 0.0, 0.07968356739789273, 0.010654525538403636, 0.0, 0.030645849071221472, 0.16773790467281977, 0.037695078031116706, 0.020488144161380003, 0.0)",8
10957,46,0,11,"(0.0, 0.0, 0.04286668133534731, 0.010654525538403636, 0.0, 0.030645849071221472, 0.3595645451057399, 0.06471128129841798, 0.017807332958830958, 0.0)",1
10958,46,0,11,"(0.0, 0.0, 0.12455132341176978, 0.010654525538403636, 0.0, 0.030645849071221472, 0.16773790467281977, 0.037695078031116706, 0.023530657282734894, 0.0)",1
10959,46,1,6,"(0.03426039533065134, 0.011092116833038426, 0.0, 0.030181603934096246, 0.005422768956954101, 0.0, 0.019795240631728064, 0.0, 0.028146417112716555, 0.05874522297052942)",1
10960,46,1,6,"(0.03426039533065134, 0.011572197494497125, 0.0, 0.030181603934096246, 0.006733465555231237, 0.0, 0.019795240631728064, 0.0, 0.028146417112716555, 0.05874522297052942)",2
10961,46,1,6,"(0.03426039533065134, 0.011572197494497125, 0.0, 0.030181603934096246, 0.005422768956954101, 0.0, 0.019795240631728064, 0.0, 0.019755087777957304, 0.05874522297052942)",2
10962,46,1,6,"(0.03426039533065134, 0.011572197494497125, 0.0, 0.030181603934096246, 0.005422768956954101, 0.0, 0.019795240631728064, 0.0, 0.028146417112716555, 0.05874522297052942)",315
10963,46,1,8,"(0.07111035742329365, 0.046525949225991035, 0.0, 0.0, 0.051217346146779696, 0.0, 0.08319516954615302, 0.08180441106383661, 0.0, 0.0)",1
10964,46,1,8,"(0.05957506678632044, 0.046525949225991035, 0.0, 0.0, 0.051217346146779696, 0.0, 0.08319516954615302, 0.09513444883351557, 0.0, 0.0)",7
10965,46,1,8,"(0.07111035742329365, 0.046525949225991035, 0.0, 0.0, 0.051217346146779696, 0.0, 0.08319516954615302, 0.09513444883351557, 0.0, 0.0)",286
10966,46,1,8,"(0.07111035742329365, 0.046525949225991035, 0.0, 0.0, 0.051217346146779696, 0.0, 0.11287898443751554, 0.09513444883351557, 0.0, 0.0)",1
10967,46,2,13,"(0.0, 0.02461978404713738, 0.023035932332134326, 0.0, 0.00970885425506607, 0.022173256981297827, 0.0, 0.0, 0.01293874879470109, 0.00476393156717078)",8
10968,46,2,13,"(0.0, 0.008994628160312818, 0.023035932332134326, 0.0, 0.00970885425506607, 0.022173256981297827, 0.0, 0.0, 0.01089208668844536, 0.00476393156717078)",1
10969,46,2,13,"(0.0, 0.031071622205233424, 0.023035932332134326, 0.0, 0.00970885425506607, 0.022173256981297827, 0.0, 0.0, 0.01089208668844536, 0.00476393156717078)",21
10970,46,2,13,"(0.0, 0.016302367675235154, 0.023035932332134326, 0.0, 0.00970885425506607, 0.022173256981297827, 0.0, 0.0, 0.01089208668844536, 0.00476393156717078)",2
10971,46,2,13,"(0.0, 0.03166551126635037, 0.023035932332134326, 0.0, 0.0071582200338885914, 0.03391964159757564, 0.0, 0.0, 0.01089208668844536, 0.00476393156717078)",1
10972,46,2,13,"(0.0, 0.031071622205233424, 0.023035932332134326, 0.0, 0.00970885425506607, 0.022173256981297827, 0.0, 0.0, 0.03575974863170086, 0.00476393156717078)",1
10973,46,2,13,"(0.0, 0.02461978404713738, 0.023035932332134326, 0.0, 0.00970885425506607, 0.022173256981297827, 0.0, 0.0, 0.01089208668844536, 0.00476393156717078)",286
10974,46,2,13,"(0.0, 0.02461978404713738, 0.02849442054979982, 0.0, 0.00970885425506607, 0.022173256981297827, 0.0, 0.0, 0.01089208668844536, 0.00476393156717078)",1
10975,46,2,13,"(0.0, 0.02461978404713738, 0.023035932332134326, 0.0, 0.00970885425506607, 0.01417134380219456, 0.0, 0.0, 0.01089208668844536, 0.00476393156717078)",1
10976,46,2,13,"(0.0, 0.03166551126635037, 0.023035932332134326, 0.0, 0.009107717874973765, 0.022173256981297827, 0.0, 0.0, 0.01089208668844536, 0.00476393156717078)",21
10977,46,3,13,"(0.0, 0.0344581322731161, 0.023035932332134326, 0.0, 0.013397120020122293, 0.022173256981297827, 0.0, 0.0, 0.01089208668844536, 0.0024406349647482155)",7
10978,46,3,13,"(0.0, 0.02461978404713738, 0.023035932332134326, 0.0, 0.013397120020122293, 0.022173256981297827, 0.0, 0.0, 0.01089208668844536, 0.0024406349647482155)",358
10979,46,3,13,"(0.0, 0.02461978404713738, 0.023035932332134326, 0.0, 0.013397120020122293, 0.022173256981297827, 0.0, 0.0, 0.018856088517118445, 0.0024406349647482155)",1
10980,46,3,13,"(0.0, 0.02461978404713738, 0.01117299635388635, 0.0, 0.013397120020122293, 0.022173256981297827, 0.0, 0.0, 0.01089208668844536, 0.001954108245473925)",1
10981,46,4,11,"(0.0, 0.0, 0.09864539577037362, 0.01650583712158267, 0.0, 0.023346409019628218, 0.08153022673827125, 0.07240876560513207, 0.026121609841380632, 0.0)",1
10982,46,4,11,"(0.0, 0.0, 0.08486089501513862, 0.01650583712158267, 0.0, 0.030645849071221472, 0.08153022673827125, 0.04458211770932369, 0.03159486259505605, 0.0)",1
10983,46,4,11,"(0.0, 0.0, 0.09864539577037362, 0.01650583712158267, 0.0, 0.030645849071221472, 0.08153022673827125, 0.09775809509176361, 0.026121609841380632, 0.0)",1
10984,46,4,11,"(0.0, 0.0, 0.05671697008445473, 0.02507954174979985, 0.0, 0.030645849071221472, 0.08153022673827125, 0.07240876560513207, 0.026121609841380632, 0.0)",4
10985,46,4,11,"(0.0, 0.0, 0.10338919095002691, 0.01650583712158267, 0.0, 0.030645849071221472, 0.08153022673827125, 0.07240876560513207, 0.026121609841380632, 0.0)",110
10986,46,4,11,"(0.0, 0.0, 0.09864539577037362, 0.01650583712158267, 0.0, 0.030645849071221472, 0.08153022673827125, 0.08651364646290581, 0.026121609841380632, 0.0)",2
10987,46,4,11,"(0.0, 0.0, 0.09864539577037362, 0.01650583712158267, 0.0, 0.030645849071221472, 0.07883974510669825, 0.07693980969231068, 0.026121609841380632, 0.0)",32
10988,46,4,11,"(0.0, 0.0, 0.09864539577037362, 0.01650583712158267, 0.0, 0.030645849071221472, 0.08153022673827125, 0.07240876560513207, 0.026121609841380632, 0.0)",364
10989,46,4,11,"(0.0, 0.0, 0.10338919095002691, 0.010585861816393411, 0.0, 0.030645849071221472, 0.08153022673827125, 0.07240876560513207, 0.026121609841380632, 0.0)",1
10990,46,4,11,"(0.0, 0.0, 0.07305388308110858, 0.01650583712158267, 0.0, 0.030645849071221472, 0.08153022673827125, 0.07240876560513207, 0.026121609841380632, 0.0)",2
10991,46,5,0,"(0.07400250769571483, 0.0, 0.0, 0.0, 0.0, 0.038664151314593, 0.08380840797570269, 0.06261049614614052, 0.0, 0.0)",183
10992,46,5,0,"(0.07400250769571483, 0.0, 0.0, 0.0, 0.0, 0.03932619266590483, 0.08380840797570269, 0.07637111674599267, 0.0, 0.0)",1
10993,46,5,0,"(0.0402479284341202, 0.0, 0.0, 0.0, 0.0, 0.038664151314593, 0.08380840797570269, 0.06261049614614052, 0.0, 0.0)",62
10994,46,5,0,"(0.0402479284341202, 0.0, 0.0, 0.0, 0.0, 0.038664151314593, 0.10580029647726777, 0.06261049614614052, 0.0, 0.0)",1
10995,46,5,0,"(0.0925925262289896, 0.0, 0.0, 0.0, 0.0, 0.04251069778277784, 0.08380840797570269, 0.10404705299932955, 0.0, 0.0)",1
10996,46,5,0,"(0.06366800721919681, 0.0, 0.0, 0.0, 0.0, 0.038664151314593, 0.08380840797570269, 0.06261049614614052, 0.0, 0.0)",1
10997,46,5,0,"(0.07400250769571483, 0.0, 0.0, 0.0, 0.0, 0.038664151314593, 0.08380840797570269, 0.06635837495589855, 0.0, 0.0)",2
10998,46,5,6,"(0.03426039533065134, 0.011572197494497125, 0.0, 0.02569989940370325, 0.008219808932221646, 0.0, 0.019795240631728064, 0.0, 0.028146417112716555, 0.05874522297052942)",1
10999,46,5,6,"(0.03426039533065134, 0.011572197494497125, 0.0, 0.030181603934096246, 0.005422768956954101, 0.0, 0.019795240631728064, 0.0, 0.028146417112716555, 0.05874522297052942)",108
11000,46,5,6,"(0.03426039533065134, 0.011572197494497125, 0.0, 0.030181603934096246, 0.005422768956954101, 0.0, 0.019795240631728064, 0.0, 0.03185559700185789, 0.05874522297052942)",2
11001,46,5,6,"(0.03426039533065134, 0.011572197494497125, 0.0, 0.030181603934096246, 0.005422768956954101, 0.0, 0.019795240631728064, 0.0, 0.03263036637560566, 0.05874522297052942)",1
11002,46,5,6,"(0.03426039533065134, 0.011572197494497125, 0.0, 0.030181603934096246, 0.008219808932221646, 0.0, 0.019795240631728064, 0.0, 0.028146417112716555, 0.05874522297052942)",142
11003,46,5,6,"(0.03426039533065134, 0.011572197494497125, 0.0, 0.03279940389747928, 0.008219808932221646, 0.0, 0.019795240631728064, 0.0, 0.028146417112716555, 0.0809828409195761)",1
11004,46,6,0,"(0.046016769014978, 0.0, 0.0, 0.0, 0.0, 0.008445556444391858, 0.10096907480222812, 0.06627066634944925, 0.0, 0.0)",1
11005,46,6,0,"(0.046016769014978, 0.0, 0.0, 0.0, 0.0, 0.006323886931310055, 0.07011830437097326, 0.06627066634944925, 0.0, 0.0)",110
11006,46,6,0,"(0.046016769014978, 0.0, 0.0, 0.0, 0.0, 0.005498656799941789, 0.07011830437097326, 0.08808433081103009, 0.0, 0.0)",2
11007,46,6,0,"(0.07400250769571483, 0.0, 0.0, 0.0, 0.0, 0.017098731129875016, 0.08380840797570269, 0.0691048466035698, 0.0, 0.0)",14
11008,46,6,0,"(0.046016769014978, 0.0, 0.0, 0.0, 0.0, 0.006323886931310055, 0.07011830437097326, 0.058380847729360356, 0.0, 0.0)",3
11009,46,6,0,"(0.046016769014978, 0.0, 0.0, 0.0, 0.0, 0.005130599047222307, 0.05883945211482306, 0.06627066634944925, 0.0, 0.0)",20
11010,46,6,0,"(0.046016769014978, 0.0, 0.0, 0.0, 0.0, 0.006323886931310055, 0.07223342597208528, 0.06627066634944925, 0.0, 0.0)",93
11011,46,7,13,"(0.0, 0.02571484430460249, 0.023035932332134326, 0.0, 0.01810411441758469, 0.022173256981297827, 0.0, 0.0, 0.01089208668844536, 0.01107612505715752)",1
11012,46,7,13,"(0.0, 0.02461978404713738, 0.023035932332134326, 0.0, 0.01810411441758469, 0.022173256981297827, 0.0, 0.0, 0.01089208668844536, 0.00476393156717078)",382
11013,46,7,13,"(0.0, 0.02461978404713738, 0.023035932332134326, 0.0, 0.01810411441758469, 0.022173256981297827, 0.0, 0.0, 0.017558016354671007, 0.00476393156717078)",1
11014,46,7,13,"(0.0, 0.02461978404713738, 0.023035932332134326, 0.0, 0.01810411441758469, 0.022173256981297827, 0.0, 0.0, 0.023522191541200412, 0.00476393156717078)",1
11015,46,7,13,"(0.0, 0.02461978404713738, 0.023035932332134326, 0.0, 0.01810411441758469, 0.014887229013435208, 0.0, 0.0, 0.013869762176125058, 0.00476393156717078)",1
11016,46,7,13,"(0.0, 0.02461978404713738, 0.023035932332134326, 0.0, 0.01810411441758469, 0.018167517186522035, 0.0, 0.0, 0.01089208668844536, 0.00476393156717078)",1
11017,46,8,11,"(0.0, 0.0, 0.09864539577037362, 0.02150422363422624, 0.0, 0.030645849071221472, 0.10134814423727004, 0.0386197297757742, 0.03128243127719149, 0.0)",2
11018,46,8,11,"(0.0, 0.0, 0.09864539577037362, 0.02150422363422624, 0.0, 0.030645849071221472, 0.16773790467281977, 0.07852483704695551, 0.026121609841380632, 0.0)",12
11019,46,8,11,"(0.0, 0.0, 0.09864539577037362, 0.02150422363422624, 0.0, 0.030645849071221472, 0.16773790467281977, 0.0386197297757742, 0.026121609841380632, 0.0)",230
11020,46,8,11,"(0.0, 0.0, 0.09864539577037362, 0.02150422363422624, 0.0, 0.030645849071221472, 0.16773790467281977, 0.022556587169685036, 0.026121609841380632, 0.0)",3
11021,46,8,11,"(0.0, 0.0, 0.10311366011182395, 0.02150422363422624, 0.0, 0.04267222194672478, 0.16773790467281977, 0.0386197297757742, 0.02573002365992357, 0.0)",1
11022,46,8,11,"(0.0, 0.0, 0.09864539577037362, 0.02150422363422624, 0.0, 0.030645849071221472, 0.10134814423727004, 0.0386197297757742, 0.026121609841380632, 0.0)",324
11023,46,8,11,"(0.0, 0.0, 0.09864539577037362, 0.024433623582615766, 0.0, 0.030645849071221472, 0.10134814423727004, 0.0386197297757742, 0.026121609841380632, 0.0)",1
11024,46,8,11,"(0.0, 0.0, 0.09864539577037362, 0.02150422363422624, 0.0, 0.030645849071221472, 0.16773790467281977, 0.017523441403682522, 0.026121609841380632, 0.0)",6
11025,46,8,11,"(0.0, 0.0, 0.09864539577037362, 0.02414921566422549, 0.0, 0.030645849071221472, 0.19463442200110515, 0.0386197297757742, 0.026121609841380632, 0.0)",1
11026,46,8,11,"(0.0, 0.0, 0.09864539577037362, 0.02150422363422624, 0.0, 0.030645849071221472, 0.10134814423727004, 0.05768576801365466, 0.026121609841380632, 0.0)",2
11027,46,8,11,"(0.0, 0.0, 0.09864539577037362, 0.0126183902776258, 0.0, 0.030645849071221472, 0.10134814423727004, 0.0386197297757742, 0.026121609841380632, 0.0)",1
11028,46,9,11,"(0.0, 0.0, 0.055635540447464125, 0.01650583712158267, 0.0, 0.02375279233445006, 0.16951583130304618, 0.08009504423611706, 0.026121609841380632, 0.0)",4
11029,46,9,11,"(0.0, 0.0, 0.11755819882518005, 0.010660340631895443, 0.0, 0.02375279233445006, 0.1254348761332085, 0.07541676987287994, 0.02703302037638717, 0.0)",11
11030,46,9,11,"(0.0, 0.0, 0.11755819882518005, 0.01650583712158267, 0.0, 0.027777378636285623, 0.1254348761332085, 0.08028238650273146, 0.026121609841380632, 0.0)",6
11031,46,9,11,"(0.0, 0.0, 0.11755819882518005, 0.01650583712158267, 0.0, 0.02375279233445006, 0.08643054593702851, 0.09559256636769117, 0.026121609841380632, 0.0)",1
11032,46,9,11,"(0.0, 0.0, 0.0899763626737283, 0.01650583712158267, 0.0, 0.02375279233445006, 0.1254348761332085, 0.04424511898416, 0.026121609841380632, 0.0)",3
11033,46,9,11,"(0.0, 0.0, 0.11755819882518005, 0.01650583712158267, 0.0, 0.02375279233445006, 0.1254348761332085, 0.09807595863208629, 0.026121609841380632, 0.0)",19
11034,46,9,11,"(0.0, 0.0, 0.11755819882518005, 0.01650583712158267, 0.0, 0.02375279233445006, 0.1254348761332085, 0.03786991005812945, 0.026121609841380632, 0.0)",2
11035,46,9,11,"(0.0, 0.0, 0.1449136348795925, 0.010660340631895443, 0.0, 0.02375279233445006, 0.1254348761332085, 0.07541676987287994, 0.02703302037638717, 0.0)",1
11036,46,9,11,"(0.0, 0.0, 0.11755819882518005, 0.01650583712158267, 0.0, 0.03131974875182574, 0.1254348761332085, 0.08028238650273146, 0.026143549473493746, 0.0)",1
11037,46,9,11,"(0.0, 0.0, 0.11755819882518005, 0.01650583712158267, 0.0, 0.02375279233445006, 0.1254348761332085, 0.08028238650273146, 0.026121609841380632, 0.0)",494
11038,46,9,11,"(0.0, 0.0, 0.11755819882518005, 0.01650583712158267, 0.0, 0.02375279233445006, 0.1254348761332085, 0.08028238650273146, 0.027052257511083148, 0.0)",2
11039,46,9,11,"(0.0, 0.0, 0.11755819882518005, 0.01650583712158267, 0.0, 0.013439599105444802, 0.1254348761332085, 0.08028238650273146, 0.026121609841380632, 0.0)",1
11040,46,9,11,"(0.0, 0.0, 0.11755819882518005, 0.02398855848031905, 0.0, 0.02375279233445006, 0.1254348761332085, 0.08028238650273146, 0.026121609841380632, 0.0)",1
11041,46,10,13,"(0.0, 0.02461978404713738, 0.023035932332134326, 0.0, 0.01810411441758469, 0.019325622049161183, 0.0, 0.0, 0.01089208668844536, 0.00476393156717078)",29
11042,46,10,13,"(0.0, 0.02461978404713738, 0.023035932332134326, 0.0, 0.014880092580405973, 0.018327253906796452, 0.0, 0.0, 0.01089208668844536, 0.00476393156717078)",2
11043,46,10,13,"(0.0, 0.02461978404713738, 0.023035932332134326, 0.0, 0.01810411441758469, 0.011973843720217505, 0.0, 0.0, 0.01089208668844536, 0.00476393156717078)",1
11044,46,10,13,"(0.0, 0.02461978404713738, 0.023035932332134326, 0.0, 0.01810411441758469, 0.018327253906796452, 0.0, 0.0, 0.01089208668844536, 0.00476393156717078)",145
11045,46,11,13,"(0.0, 0.02461978404713738, 0.023035932332134326, 0.0, 0.011984893248189084, 0.023796671455901853, 0.0, 0.0, 0.01089208668844536, 0.0036872173179800785)",66
11046,46,11,13,"(0.0, 0.02461978404713738, 0.023035932332134326, 0.0, 0.01810411441758469, 0.022173256981297827, 0.0, 0.0, 0.012911792566230412, 0.0036872173179800785)",1
11047,46,11,13,"(0.0, 0.027077241228361405, 0.01609061006059245, 0.0, 0.011984893248189084, 0.023796671455901853, 0.0, 0.0, 0.01089208668844536, 0.0036872173179800785)",4
11048,46,11,13,"(0.0, 0.023461604318296084, 0.023035932332134326, 0.0, 0.01810411441758469, 0.022173256981297827, 0.0, 0.0, 0.01089208668844536, 0.0036872173179800785)",4
11049,46,11,13,"(0.0, 0.02461978404713738, 0.023035932332134326, 0.0, 0.01810411441758469, 0.022173256981297827, 0.0, 0.0, 0.01089208668844536, 0.0036872173179800785)",88
11050,46,11,13,"(0.0, 0.02461978404713738, 0.023035932332134326, 0.0, 0.006642240259395918, 0.023796671455901853, 0.0, 0.0, 0.01089208668844536, 0.0036872173179800785)",1
11051,46,11,13,"(0.0, 0.035067469408101126, 0.02916490479873211, 0.0, 0.01810411441758469, 0.034481912330541445, 0.0, 0.0, 0.01089208668844536, 0.0036872173179800785)",8
11052,46,11,13,"(0.0, 0.020447062187433335, 0.023035932332134326, 0.0, 0.011984893248189084, 0.023796671455901853, 0.0, 0.0, 0.01089208668844536, 0.0036872173179800785)",1
11053,46,11,13,"(0.0, 0.02461978404713738, 0.01632250493065414, 0.0, 0.02845697714275727, 0.022173256981297827, 0.0, 0.0, 0.01089208668844536, 0.0036872173179800785)",1
11054,46,12,8,"(0.19235562551390653, 0.046525949225991035, 0.0, 0.0, 0.04573034632799446, 0.0, 0.08319516954615302, 0.1116381245929446, 0.0, 0.0)",226
11055,46,12,8,"(0.19235562551390653, 0.03844473967533265, 0.0, 0.0, 0.04573034632799446, 0.0, 0.08319516954615302, 0.1116381245929446, 0.0, 0.0)",2
11056,46,12,8,"(0.19235562551390653, 0.046525949225991035, 0.0, 0.0, 0.03822176977130716, 0.0, 0.08319516954615302, 0.1116381245929446, 0.0, 0.0)",7
11057,46,12,8,"(0.19235562551390653, 0.046525949225991035, 0.0, 0.0, 0.04573034632799446, 0.0, 0.08319516954615302, 0.20976397269926572, 0.0, 0.0)",22
11058,46,12,8,"(0.19235562551390653, 0.046525949225991035, 0.0, 0.0, 0.04573034632799446, 0.0, 0.08319516954615302, 0.10587179487908792, 0.0, 0.0)",2
11059,46,12,10,"(0.028726017090664996, 0.06927916245295945, 0.06467456309724766, 0.0017773360538905325, 0.0, 0.06291875767155253, 0.0, 0.1331098991064114, 0.0, 0.0)",2
11060,46,12,10,"(0.028726017090664996, 0.06927916245295945, 0.09682940930282144, 0.0017773360538905325, 0.0, 0.06291875767155253, 0.0, 0.10994488928074131, 0.0, 0.0)",241
11061,46,13,6,"(0.03426039533065134, 0.011572197494497125, 0.0, 0.0396411451831732, 0.005422768956954101, 0.0, 0.019795240631728064, 0.0, 0.016209741115842353, 0.05874522297052942)",1
11062,46,13,6,"(0.03426039533065134, 0.011572197494497125, 0.0, 0.030181603934096246, 0.005422768956954101, 0.0, 0.019795240631728064, 0.0, 0.016209741115842353, 0.05874522297052942)",167
11063,46,13,6,"(0.03426039533065134, 0.011572197494497125, 0.0, 0.044201132488912775, 0.005422768956954101, 0.0, 0.019795240631728064, 0.0, 0.016209741115842353, 0.05874522297052942)",1
11064,46,14,11,"(0.0, 0.0, 0.11563858290345223, 0.01650583712158267, 0.0, 0.030645849071221472, 0.16773790467281977, 0.09139632612346982, 0.026121609841380632, 0.0)",2
11065,46,14,11,"(0.0, 0.0, 0.07563427679391872, 0.01650583712158267, 0.0, 0.030645849071221472, 0.16773790467281977, 0.07116470223146912, 0.021165453461241494, 0.0)",1
11066,46,14,11,"(0.0, 0.0, 0.07563427679391872, 0.01650583712158267, 0.0, 0.023255509233908303, 0.16773790467281977, 0.046237642847009, 0.026121609841380632, 0.0)",1
11067,46,14,11,"(0.0, 0.0, 0.07563427679391872, 0.01650583712158267, 0.0, 0.030645849071221472, 0.16773790467281977, 0.046237642847009, 0.026121609841380632, 0.0)",302
11068,46,14,11,"(0.0, 0.0, 0.07563427679391872, 0.01650583712158267, 0.0, 0.030645849071221472, 0.16773790467281977, 0.046237642847009, 0.06738506329793367, 0.0)",2
11069,46,14,13,"(0.0, 0.02461978404713738, 0.023035932332134326, 0.0, 0.01810411441758469, 0.022173256981297827, 0.0, 0.0, 0.01089208668844536, 0.008225062608707414)",1
11070,46,14,13,"(0.0, 0.02461978404713738, 0.018241475522185635, 0.0, 0.01810411441758469, 0.022173256981297827, 0.0, 0.0, 0.01089208668844536, 0.00476393156717078)",1
11071,46,14,13,"(0.0, 0.02461978404713738, 0.023035932332134326, 0.0, 0.01810411441758469, 0.029607364352603555, 0.0, 0.0, 0.01089208668844536, 0.004166312593752372)",1
11072,46,14,13,"(0.0, 0.014848771939300722, 0.023035932332134326, 0.0, 0.01810411441758469, 0.022173256981297827, 0.0, 0.0, 0.01089208668844536, 0.004166312593752372)",1
11073,46,14,13,"(0.0, 0.022994993842892667, 0.021999579333914675, 0.0, 0.01810411441758469, 0.022173256981297827, 0.0, 0.0, 0.008739689052755068, 0.004336029180870664)",1
11074,46,14,13,"(0.0, 0.02461978404713738, 0.023035932332134326, 0.0, 0.01810411441758469, 0.022173256981297827, 0.0, 0.0, 0.01089208668844536, 0.004166312593752372)",15
11075,46,14,13,"(0.0, 0.02461978404713738, 0.023035932332134326, 0.0, 0.01810411441758469, 0.022173256981297827, 0.0, 0.0, 0.01089208668844536, 0.00476393156717078)",225
11076,46,14,13,"(0.0, 0.02461978404713738, 0.03566689240844316, 0.0, 0.01810411441758469, 0.022173256981297827, 0.0, 0.0, 0.01089208668844536, 0.00476393156717078)",1
11077,46,14,13,"(0.0, 0.02461978404713738, 0.023035932332134326, 0.0, 0.01810411441758469, 0.022173256981297827, 0.0, 0.0, 0.013231566378824392, 0.00476393156717078)",43
11078,46,15,11,"(0.0, 0.0, 0.11839367174953695, 0.01650583712158267, 0.0, 0.020355830679555063, 0.16773790467281977, 0.0404147798164449, 0.026121609841380632, 0.0)",148
11079,46,15,11,"(0.0, 0.0, 0.11839367174953695, 0.01650583712158267, 0.0, 0.020355830679555063, 0.16773790467281977, 0.034561841449632265, 0.008936747040361735, 0.0)",1
11080,46,15,11,"(0.0, 0.0, 0.11839367174953695, 0.01650583712158267, 0.0, 0.030645849071221472, 0.16773790467281977, 0.03725692418779793, 0.026121609841380632, 0.0)",30
11081,46,15,11,"(0.0, 0.0, 0.11839367174953695, 0.01650583712158267, 0.0, 0.020355830679555063, 0.16773790467281977, 0.034561841449632265, 0.012345001906002684, 0.0)",7
11082,46,15,11,"(0.0, 0.0, 0.11839367174953695, 0.01650583712158267, 0.0, 0.030645849071221472, 0.16773790467281977, 0.03605790139480776, 0.026121609841380632, 0.0)",84
11083,46,15,11,"(0.0, 0.0, 0.11839367174953695, 0.01650583712158267, 0.0, 0.020355830679555063, 0.16773790467281977, 0.0404147798164449, 0.030575825849888997, 0.0)",2
11084,46,15,11,"(0.0, 0.0, 0.22319149357848472, 0.01650583712158267, 0.0, 0.024889114029247286, 0.16773790467281977, 0.049339924414504764, 0.01856976489064829, 0.0)",1
11085,46,15,11,"(0.0, 0.0, 0.11839367174953695, 0.01650583712158267, 0.0, 0.030645849071221472, 0.16773790467281977, 0.03533630432484464, 0.026121609841380632, 0.0)",66
11086,46,15,11,"(0.0, 0.0, 0.11839367174953695, 0.01650583712158267, 0.0, 0.030645849071221472, 0.16773790467281977, 0.03343780378581998, 0.026121609841380632, 0.0)",1
11087,46,15,11,"(0.0, 0.0, 0.10257210229445202, 0.01650583712158267, 0.0, 0.030645849071221472, 0.16773790467281977, 0.0404147798164449, 0.02728084634906514, 0.0)",65
11088,46,15,11,"(0.0, 0.0, 0.10257210229445202, 0.01650583712158267, 0.0, 0.030645849071221472, 0.16773790467281977, 0.0404147798164449, 0.017949126716690137, 0.0)",1
11089,46,15,11,"(0.0, 0.0, 0.11839367174953695, 0.01650583712158267, 0.0, 0.030645849071221472, 0.16773790467281977, 0.0404147798164449, 0.026121609841380632, 0.0)",133
11090,46,15,11,"(0.0, 0.0, 0.11839367174953695, 0.01650583712158267, 0.0, 0.020355830679555063, 0.16773790467281977, 0.035235595154504744, 0.026121609841380632, 0.0)",4
11091,46,16,1,"(0.0, 0.0, 0.041406372128065916, 0.0, 0.0, 0.0199117526153351, 0.0, 0.0, 0.0, 0.053079885168575563)",177
11092,46,16,1,"(0.0, 0.0, 0.04794341197981865, 0.0, 0.0, 0.0199117526153351, 0.0, 0.0, 0.0, 0.04109659800341784)",1
11093,46,16,1,"(0.0, 0.0, 0.041406372128065916, 0.0, 0.0, 0.0199117526153351, 0.0, 0.0, 0.0, 0.050828732190172705)",1
11094,46,16,1,"(0.0, 0.0, 0.041406372128065916, 0.0, 0.0, 0.06588108673235499, 0.0, 0.0, 0.0, 0.023931361766345378)",1
11095,46,16,1,"(0.0, 0.0, 0.021649193651133596, 0.0, 0.0, 0.0199117526153351, 0.0, 0.0, 0.0, 0.047529216575968564)",80
11096,46,16,1,"(0.0, 0.0, 0.041406372128065916, 0.0, 0.0, 0.03186691429867117, 0.0, 0.0, 0.0, 0.0559363941161615)",1
11097,46,16,1,"(0.0, 0.0, 0.024007872023034282, 0.0, 0.0, 0.0199117526153351, 0.0, 0.0, 0.0, 0.047529216575968564)",2
11098,46,16,1,"(0.0, 0.0, 0.027380891750267443, 0.0, 0.0, 0.0199117526153351, 0.0, 0.0, 0.0, 0.053079885168575563)",17
11099,46,16,1,"(0.0, 0.0, 0.041406372128065916, 0.0, 0.0, 0.0199117526153351, 0.0, 0.0, 0.0, 0.047529216575968564)",456
11100,46,16,1,"(0.0, 0.0, 0.041406372128065916, 0.0, 0.0, 0.0199117526153351, 0.0, 0.0, 0.0, 0.04671627137854268)",3
11101,46,16,1,"(0.0, 0.0, 0.024007872023034282, 0.0, 0.0, 0.0199117526153351, 0.0, 0.0, 0.0, 0.0652758816347944)",1
11102,46,16,1,"(0.0, 0.0, 0.0398277652839964, 0.0, 0.0, 0.03584304414868944, 0.0, 0.0, 0.0, 0.047529216575968564)",2
11103,46,16,8,"(0.18445702801808855, 0.046525949225991035, 0.0, 0.0, 0.07022106556493442, 0.0, 0.057675093917951774, 0.1116381245929446, 0.0, 0.0)",3
11104,46,16,8,"(0.3138412463478801, 0.046525949225991035, 0.0, 0.0, 0.11123551990810573, 0.0, 0.060701614823567854, 0.1116381245929446, 0.0, 0.0)",1
11105,46,16,8,"(0.18445702801808855, 0.046525949225991035, 0.0, 0.0, 0.07022106556493442, 0.0, 0.060701614823567854, 0.1116381245929446, 0.0, 0.0)",38
11106,46,16,8,"(0.14600544113979433, 0.046525949225991035, 0.0, 0.0, 0.11427100110571163, 0.0, 0.060701614823567854, 0.1116381245929446, 0.0, 0.0)",1
11107,46,16,8,"(0.16507889091742442, 0.046525949225991035, 0.0, 0.0, 0.06671001473625553, 0.0, 0.060701614823567854, 0.1116381245929446, 0.0, 0.0)",1
11108,46,16,8,"(0.16507889091742442, 0.046525949225991035, 0.0, 0.0, 0.07022106556493442, 0.0, 0.060701614823567854, 0.1116381245929446, 0.0, 0.0)",167
11109,46,16,8,"(0.16507889091742442, 0.04463721088014585, 0.0, 0.0, 0.059748442168134845, 0.0, 0.060701614823567854, 0.10537536813977814, 0.0, 0.0)",1
11110,46,17,1,"(0.0, 0.0, 0.10650950881622333, 0.0, 0.0, 0.022640784901484766, 0.0, 0.0, 0.0, 0.04907353221942261)",3
11111,46,17,1,"(0.0, 0.0, 0.06803620383225946, 0.0, 0.0, 0.044732574984419765, 0.0, 0.0, 0.0, 0.048408241315616066)",1
11112,46,17,1,"(0.0, 0.0, 0.10650950881622333, 0.0, 0.0, 0.022640784901484766, 0.0, 0.0, 0.0, 0.04557123282186749)",618
11113,46,17,1,"(0.0, 0.0, 0.10650950881622333, 0.0, 0.0, 0.022640784901484766, 0.0, 0.0, 0.0, 0.040402339508552654)",1
11114,46,17,1,"(0.0, 0.0, 0.10650950881622333, 0.0, 0.0, 0.0199770382992231, 0.0, 0.0, 0.0, 0.04557123282186749)",77
11115,46,17,1,"(0.0, 0.0, 0.10650950881622333, 0.0, 0.0, 0.022640784901484766, 0.0, 0.0, 0.0, 0.06749476041451578)",1
11116,46,17,1,"(0.0, 0.0, 0.11503018018095494, 0.0, 0.0, 0.022640784901484766, 0.0, 0.0, 0.0, 0.04557123282186749)",1
11117,46,17,1,"(0.0, 0.0, 0.10824929531644178, 0.0, 0.0, 0.022640784901484766, 0.0, 0.0, 0.0, 0.04557123282186749)",3
11118,46,17,1,"(0.0, 0.0, 0.36193007396942134, 0.0, 0.0, 0.015046782337552425, 0.0, 0.0, 0.0, 0.04557123282186749)",1
11119,46,17,1,"(0.0, 0.0, 0.10650950881622333, 0.0, 0.0, 0.015163091333788218, 0.0, 0.0, 0.0, 0.04557123282186749)",2
11120,46,17,1,"(0.0, 0.0, 0.1170650794451491, 0.0, 0.0, 0.022640784901484766, 0.0, 0.0, 0.0, 0.04557123282186749)",2
11121,46,17,1,"(0.0, 0.0, 0.10650950881622333, 0.0, 0.0, 0.024127737660793, 0.0, 0.0, 0.0, 0.04557123282186749)",4
11122,46,17,8,"(0.10294337677241405, 0.059666187381495275, 0.0, 0.0, 0.07022106556493442, 0.0, 0.08319516954615302, 0.11597191075945747, 0.0, 0.0)",1
11123,46,17,8,"(0.12503876791217294, 0.027930842630084194, 0.0, 0.0, 0.07022106556493442, 0.0, 0.08319516954615302, 0.1116381245929446, 0.0, 0.0)",1
11124,46,17,8,"(0.10294337677241405, 0.03342642382516938, 0.0, 0.0, 0.07022106556493442, 0.0, 0.08319516954615302, 0.1116381245929446, 0.0, 0.0)",6
11125,46,17,8,"(0.10294337677241405, 0.04632028014141928, 0.0, 0.0, 0.07022106556493442, 0.0, 0.08319516954615302, 0.1116381245929446, 0.0, 0.0)",266
11126,46,18,10,"(0.07734904686468291, 0.06777933585640422, 0.09682940930282144, 0.0017773360538905325, 0.0, 0.06291875767155253, 0.0, 0.10994488928074131, 0.0, 0.0)",1
11127,46,18,10,"(0.07734904686468291, 0.06927916245295945, 0.09682940930282144, 0.0017773360538905325, 0.0, 0.06291875767155253, 0.0, 0.10994488928074131, 0.0, 0.0)",157
11128,46,18,11,"(0.0, 0.0, 0.09864539577037362, 0.01650583712158267, 0.0, 0.03150275214907511, 0.10530773595906898, 0.1459626761908934, 0.026121609841380632, 0.0)",1
11129,46,18,11,"(0.0, 0.0, 0.08898107447558858, 0.01650583712158267, 0.0, 0.03150275214907511, 0.13038533056739307, 0.08028238650273146, 0.035805098262266175, 0.0)",2
11130,46,18,11,"(0.0, 0.0, 0.09864539577037362, 0.01650583712158267, 0.0, 0.03150275214907511, 0.13038533056739307, 0.08028238650273146, 0.02335954333654842, 0.0)",15
11131,46,18,11,"(0.0, 0.0, 0.08898107447558858, 0.01650583712158267, 0.0, 0.03150275214907511, 0.13038533056739307, 0.08028238650273146, 0.026121609841380632, 0.0)",479
11132,46,18,11,"(0.0, 0.0, 0.08898107447558858, 0.013225055430693926, 0.0, 0.03150275214907511, 0.13038533056739307, 0.08028238650273146, 0.03675594702345139, 0.0)",2
11133,46,18,11,"(0.0, 0.0, 0.09864539577037362, 0.010156786392874498, 0.0, 0.03150275214907511, 0.13038533056739307, 0.08028238650273146, 0.02335954333654842, 0.0)",1
11134,46,18,11,"(0.0, 0.0, 0.08898107447558858, 0.01650583712158267, 0.0, 0.03150275214907511, 0.13038533056739307, 0.08028238650273146, 0.03752318422902603, 0.0)",1
11135,46,18,11,"(0.0, 0.0, 0.07558801272454131, 0.01650583712158267, 0.0, 0.03150275214907511, 0.13038533056739307, 0.08028238650273146, 0.026121609841380632, 0.0)",1
11136,46,18,11,"(0.0, 0.0, 0.09864539577037362, 0.01650583712158267, 0.0, 0.03150275214907511, 0.13038533056739307, 0.08028238650273146, 0.026121609841380632, 0.0)",113
11137,46,18,11,"(0.0, 0.0, 0.06055348806763496, 0.01650583712158267, 0.0, 0.03150275214907511, 0.13038533056739307, 0.08028238650273146, 0.026121609841380632, 0.0)",1
11138,46,19,13,"(0.0, 0.02461978404713738, 0.027053846948939416, 0.0, 0.01810411441758469, 0.022173256981297827, 0.0, 0.0, 0.01089208668844536, 0.0017727888522915557)",2
11139,46,19,13,"(0.0, 0.021922728988478656, 0.027053846948939416, 0.0, 0.01810411441758469, 0.015955450324438077, 0.0, 0.0, 0.01089208668844536, 0.0012146923535806386)",2
11140,46,19,13,"(0.0, 0.02461978404713738, 0.03460880089546163, 0.0, 0.01810411441758469, 0.022173256981297827, 0.0, 0.0, 0.0189237188701991, 0.0012146923535806386)",2
11141,46,19,13,"(0.0, 0.01559219419928194, 0.027053846948939416, 0.0, 0.01810411441758469, 0.022173256981297827, 0.0, 0.0, 0.01089208668844536, 0.0012146923535806386)",1
11142,46,19,13,"(0.0, 0.02461978404713738, 0.027053846948939416, 0.0, 0.01810411441758469, 0.022173256981297827, 0.0, 0.0, 0.01310877351669647, 0.0012146923535806386)",1
11143,46,19,13,"(0.0, 0.02461978404713738, 0.027053846948939416, 0.0, 0.01810411441758469, 0.022173256981297827, 0.0, 0.0, 0.009332601282101326, 0.0012146923535806386)",2
11144,46,19,13,"(0.0, 0.02461978404713738, 0.027053846948939416, 0.0, 0.01810411441758469, 0.022173256981297827, 0.0, 0.0, 0.015477930297396858, 0.0012146923535806386)",1
11145,46,19,13,"(0.0, 0.021870070062400816, 0.027053846948939416, 0.0, 0.01810411441758469, 0.022173256981297827, 0.0, 0.0, 0.01089208668844536, 0.0012146923535806386)",1
11146,46,19,13,"(0.0, 0.02461978404713738, 0.027053846948939416, 0.0, 0.01810411441758469, 0.022173256981297827, 0.0, 0.0, 0.01089208668844536, 0.0012146923535806386)",366
11147,46,19,13,"(0.0, 0.03178342353814343, 0.027053846948939416, 0.0, 0.01810411441758469, 0.022173256981297827, 0.0, 0.0, 0.01089208668844536, 0.0012146923535806386)",1
11148,46,19,13,"(0.0, 0.021440011577117883, 0.027053846948939416, 0.0, 0.01810411441758469, 0.022173256981297827, 0.0, 0.0, 0.01089208668844536, 0.0012146923535806386)",7
11149,46,20,10,"(0.07734904686468291, 0.06927916245295945, 0.055882551179426386, 0.000985386015776744, 0.0, 0.06177004333592379, 0.0, 0.10994488928074131, 0.0, 0.0)",103
11150,46,20,11,"(0.0, 0.0, 0.03664497950459847, 0.01650583712158267, 0.0, 0.02548938439096223, 0.09572491856946197, 0.05885302880459243, 0.036485718580663774, 0.0)",44
11151,46,20,11,"(0.0, 0.0, 0.025782549622213637, 0.01650583712158267, 0.0, 0.018895250128217304, 0.09572491856946197, 0.04681386186606392, 0.020768748166351655, 0.0)",1
11152,46,20,11,"(0.0, 0.0, 0.018004387155732684, 0.01650583712158267, 0.0, 0.02548938439096223, 0.09572491856946197, 0.05885302880459243, 0.036485718580663774, 0.0)",10
11153,46,20,11,"(0.0, 0.0, 0.018004387155732684, 0.02492672732986405, 0.0, 0.02548938439096223, 0.11005909673587705, 0.05885302880459243, 0.036485718580663774, 0.0)",1
11154,46,20,11,"(0.0, 0.0, 0.023385371674776573, 0.01650583712158267, 0.0, 0.018895250128217304, 0.09572491856946197, 0.04681386186606392, 0.020768748166351655, 0.0)",1
11155,46,20,11,"(0.0, 0.0, 0.018004387155732684, 0.01650583712158267, 0.0, 0.013612035721089474, 0.12431640160296412, 0.0339949475895061, 0.020768748166351655, 0.0)",18
11156,46,20,11,"(0.0, 0.0, 0.01403350180910252, 0.01650583712158267, 0.0, 0.018895250128217304, 0.09572491856946197, 0.04681386186606392, 0.020768748166351655, 0.0)",1
11157,46,20,11,"(0.0, 0.0, 0.018004387155732684, 0.02492672732986405, 0.0, 0.02548938439096223, 0.09572491856946197, 0.05885302880459243, 0.036485718580663774, 0.0)",86
11158,46,20,11,"(0.0, 0.0, 0.018004387155732684, 0.01650583712158267, 0.0, 0.018895250128217304, 0.07960242880783304, 0.04681386186606392, 0.020768748166351655, 0.0)",63
11159,46,20,11,"(0.0, 0.0, 0.018004387155732684, 0.07450159756722152, 0.0, 0.02548938439096223, 0.09572491856946197, 0.022658140258556638, 0.036485718580663774, 0.0)",2
11160,46,20,11,"(0.0, 0.0, 0.018004387155732684, 0.01650583712158267, 0.0, 0.018895250128217304, 0.09572491856946197, 0.04681386186606392, 0.020768748166351655, 0.0)",367
11161,46,20,11,"(0.0, 0.0, 0.018004387155732684, 0.01650583712158267, 0.0, 0.013612035721089474, 0.09385382785435312, 0.0339949475895061, 0.020768748166351655, 0.0)",1
11162,46,20,11,"(0.0, 0.0, 0.018004387155732684, 0.01650583712158267, 0.0, 0.018895250128217304, 0.09690074946535178, 0.04681386186606392, 0.020768748166351655, 0.0)",2
11163,47,0,11,"(0.0, 0.0, 0.06200374261520503, 0.010654525538403636, 0.0, 0.030645849071221472, 0.16773790467281977, 0.10140312331263429, 0.026121609841380632, 0.0)",5
11164,47,0,11,"(0.0, 0.0, 0.06200374261520503, 0.010654525538403636, 0.0, 0.030645849071221472, 0.16773790467281977, 0.037695078031116706, 0.04041452696698519, 0.0)",1
11165,47,0,11,"(0.0, 0.0, 0.06200374261520503, 0.010654525538403636, 0.0, 0.030645849071221472, 0.16773790467281977, 0.037695078031116706, 0.014942740537549199, 0.0)",2
11166,47,0,11,"(0.0, 0.0, 0.06200374261520503, 0.017542252467931906, 0.0, 0.030645849071221472, 0.16773790467281977, 0.06471128129841798, 0.026121609841380632, 0.0)",1
11167,47,0,11,"(0.0, 0.0, 0.06200374261520503, 0.013157469719842375, 0.0, 0.030645849071221472, 0.16773790467281977, 0.06471128129841798, 0.026121609841380632, 0.0)",2
11168,47,0,11,"(0.0, 0.0, 0.06200374261520503, 0.010654525538403636, 0.0, 0.030645849071221472, 0.16182625045744875, 0.06471128129841798, 0.026121609841380632, 0.0)",1
11169,47,0,11,"(0.0, 0.0, 0.06200374261520503, 0.010654525538403636, 0.0, 0.030645849071221472, 0.16773790467281977, 0.037695078031116706, 0.026121609841380632, 0.0)",275
11170,47,0,11,"(0.0, 0.0, 0.06200374261520503, 0.010654525538403636, 0.0, 0.030645849071221472, 0.16773790467281977, 0.037695078031116706, 0.016851640543895888, 0.0)",1
11171,47,0,11,"(0.0, 0.0, 0.08005942603408982, 0.010654525538403636, 0.0, 0.030645849071221472, 0.16773790467281977, 0.037695078031116706, 0.026121609841380632, 0.0)",5
11172,47,0,11,"(0.0, 0.0, 0.06200374261520503, 0.010654525538403636, 0.0, 0.030645849071221472, 0.16773790467281977, 0.06471128129841798, 0.026121609841380632, 0.0)",244
11173,47,0,11,"(0.0, 0.0, 0.06200374261520503, 0.008037726828188617, 0.0, 0.05688738980923372, 0.22390092274637508, 0.037695078031116706, 0.026121609841380632, 0.0)",2
11174,47,1,6,"(0.03426039533065134, 0.010497637812451697, 0.0, 0.030181603934096246, 0.005422768956954101, 0.0, 0.019795240631728064, 0.0, 0.028146417112716555, 0.05874522297052942)",1
11175,47,1,6,"(0.03426039533065134, 0.011572197494497125, 0.0, 0.030181603934096246, 0.005422768956954101, 0.0, 0.019795240631728064, 0.0, 0.028146417112716555, 0.05874522297052942)",312
11176,47,1,6,"(0.03426039533065134, 0.01602885531024036, 0.0, 0.030181603934096246, 0.005422768956954101, 0.0, 0.019795240631728064, 0.0, 0.028146417112716555, 0.05874522297052942)",1
11177,47,1,6,"(0.03426039533065134, 0.011572197494497125, 0.0, 0.030181603934096246, 0.005422768956954101, 0.0, 0.019795240631728064, 0.0, 0.028146417112716555, 0.10691737573723528)",1
11178,47,1,8,"(0.12838035576817797, 0.046525949225991035, 0.0, 0.0, 0.051217346146779696, 0.0, 0.08319516954615302, 0.09513444883351557, 0.0, 0.0)",1
11179,47,1,8,"(0.07111035742329365, 0.046525949225991035, 0.0, 0.0, 0.051217346146779696, 0.0, 0.08319516954615302, 0.09513444883351557, 0.0, 0.0)",252
11180,47,1,8,"(0.07111035742329365, 0.046525949225991035, 0.0, 0.0, 0.06733651402586521, 0.0, 0.08319516954615302, 0.09513444883351557, 0.0, 0.0)",1
11181,47,1,8,"(0.07111035742329365, 0.051371856679042045, 0.0, 0.0, 0.051217346146779696, 0.0, 0.08319516954615302, 0.11331785595272266, 0.0, 0.0)",4
11182,47,2,13,"(0.0, 0.02461978404713738, 0.023035932332134326, 0.0, 0.01025754872343516, 0.026748761935453415, 0.0, 0.0, 0.01183205487716688, 0.00476393156717078)",1
11183,47,2,13,"(0.0, 0.031071622205233424, 0.023035932332134326, 0.0, 0.00970885425506607, 0.022173256981297827, 0.0, 0.0, 0.01089208668844536, 0.00476393156717078)",59
11184,47,2,13,"(0.0, 0.03166551126635037, 0.023035932332134326, 0.0, 0.01380149488512625, 0.022173256981297827, 0.0, 0.0, 0.01089208668844536, 0.00476393156717078)",1
11185,47,2,13,"(0.0, 0.03166551126635037, 0.023035932332134326, 0.0, 0.009107717874973765, 0.022173256981297827, 0.0, 0.0, 0.01089208668844536, 0.00476393156717078)",19
11186,47,2,13,"(0.0, 0.02461978404713738, 0.028114292371400996, 0.0, 0.006043743740142169, 0.022173256981297827, 0.0, 0.0, 0.01089208668844536, 0.00476393156717078)",1
11187,47,2,13,"(0.0, 0.02461978404713738, 0.023035932332134326, 0.0, 0.00970885425506607, 0.022173256981297827, 0.0, 0.0, 0.016163005013848656, 0.00476393156717078)",1
11188,47,2,13,"(0.0, 0.037022275956550756, 0.023035932332134326, 0.0, 0.00970885425506607, 0.022173256981297827, 0.0, 0.0, 0.01089208668844536, 0.00476393156717078)",1
11189,47,2,13,"(0.0, 0.02461978404713738, 0.02175866841034614, 0.0, 0.00970885425506607, 0.022173256981297827, 0.0, 0.0, 0.01089208668844536, 0.00476393156717078)",1
11190,47,2,13,"(0.0, 0.02461978404713738, 0.03167305716454865, 0.0, 0.00970885425506607, 0.022173256981297827, 0.0, 0.0, 0.01089208668844536, 0.00476393156717078)",1
11191,47,2,13,"(0.0, 0.02461978404713738, 0.023035932332134326, 0.0, 0.00970885425506607, 0.022173256981297827, 0.0, 0.0, 0.01089208668844536, 0.008738864261709249)",4
11192,47,2,13,"(0.0, 0.02461978404713738, 0.023035932332134326, 0.0, 0.00970885425506607, 0.022173256981297827, 0.0, 0.0, 0.01089208668844536, 0.00476393156717078)",153
11193,47,3,13,"(0.0, 0.02461978404713738, 0.06076625084508601, 0.0, 0.013397120020122293, 0.022173256981297827, 0.0, 0.0, 0.01089208668844536, 0.0024406349647482155)",1
11194,47,3,13,"(0.0, 0.02461978404713738, 0.023035932332134326, 0.0, 0.00959349401726907, 0.022173256981297827, 0.0, 0.0, 0.02055415698273094, 0.0024406349647482155)",1
11195,47,3,13,"(0.0, 0.02461978404713738, 0.023035932332134326, 0.0, 0.013397120020122293, 0.00912985201740277, 0.0, 0.0, 0.01089208668844536, 0.0014991282455843107)",3
11196,47,3,13,"(0.0, 0.02461978404713738, 0.023035932332134326, 0.0, 0.013397120020122293, 0.022173256981297827, 0.0, 0.0, 0.01089208668844536, 0.0024406349647482155)",336
11197,47,3,13,"(0.0, 0.024475223125894906, 0.023035932332134326, 0.0, 0.013397120020122293, 0.022173256981297827, 0.0, 0.0, 0.01089208668844536, 0.0024406349647482155)",1
11198,47,4,11,"(0.0, 0.0, 0.10338919095002691, 0.010585861816393411, 0.0, 0.030645849071221472, 0.08153022673827125, 0.07240876560513207, 0.026121609841380632, 0.0)",6
11199,47,4,11,"(0.0, 0.0, 0.09864539577037362, 0.01650583712158267, 0.0, 0.030645849071221472, 0.07883974510669825, 0.07693980969231068, 0.026121609841380632, 0.0)",19
11200,47,4,11,"(0.0, 0.0, 0.09864539577037362, 0.025737383788213063, 0.0, 0.030645849071221472, 0.15035975875676413, 0.11134273874129054, 0.026121609841380632, 0.0)",2
11201,47,4,11,"(0.0, 0.0, 0.09864539577037362, 0.01650583712158267, 0.0, 0.03766308388630954, 0.08153022673827125, 0.07240876560513207, 0.026121609841380632, 0.0)",2
11202,47,4,11,"(0.0, 0.0, 0.09914209633494332, 0.01650583712158267, 0.0, 0.05264694889302347, 0.08153022673827125, 0.07240876560513207, 0.026121609841380632, 0.0)",4
11203,47,4,11,"(0.0, 0.0, 0.09864539577037362, 0.01650583712158267, 0.0, 0.030645849071221472, 0.08153022673827125, 0.07240876560513207, 0.02516334317278042, 0.0)",1
11204,47,4,11,"(0.0, 0.0, 0.09864539577037362, 0.02137932322200761, 0.0, 0.030645849071221472, 0.08153022673827125, 0.07240876560513207, 0.026121609841380632, 0.0)",1
11205,47,4,11,"(0.0, 0.0, 0.09864539577037362, 0.01650583712158267, 0.0, 0.030645849071221472, 0.08153022673827125, 0.07240876560513207, 0.02180391895673672, 0.0)",1
11206,47,4,11,"(0.0, 0.0, 0.09864539577037362, 0.01650583712158267, 0.0, 0.030645849071221472, 0.08153022673827125, 0.07240876560513207, 0.026121609841380632, 0.0)",463
11207,47,4,11,"(0.0, 0.0, 0.10338919095002691, 0.01650583712158267, 0.0, 0.030645849071221472, 0.08153022673827125, 0.07240876560513207, 0.026121609841380632, 0.0)",56
11208,47,4,11,"(0.0, 0.0, 0.09864539577037362, 0.01650583712158267, 0.0, 0.04879798931880169, 0.13723041024949273, 0.07240876560513207, 0.026121609841380632, 0.0)",1
11209,47,5,0,"(0.07400250769571483, 0.0, 0.0, 0.0, 0.0, 0.038664151314593, 0.08380840797570269, 0.08244438429817856, 0.0, 0.0)",2
11210,47,5,0,"(0.07400250769571483, 0.0, 0.0, 0.0, 0.0, 0.038664151314593, 0.08380840797570269, 0.06261049614614052, 0.0, 0.0)",160
11211,47,5,0,"(0.0402479284341202, 0.0, 0.0, 0.0, 0.0, 0.037014219090065005, 0.08380840797570269, 0.06261049614614052, 0.0, 0.0)",1
11212,47,5,0,"(0.0402479284341202, 0.0, 0.0, 0.0, 0.0, 0.038664151314593, 0.08380840797570269, 0.06261049614614052, 0.0, 0.0)",91
11213,47,5,0,"(0.03373034096998755, 0.0, 0.0, 0.0, 0.0, 0.038664151314593, 0.0849283929658245, 0.06261049614614052, 0.0, 0.0)",2
11214,47,5,0,"(0.07400250769571483, 0.0, 0.0, 0.0, 0.0, 0.04209263592073955, 0.08380840797570269, 0.06261049614614052, 0.0, 0.0)",1
11215,47,5,6,"(0.03426039533065134, 0.011572197494497125, 0.0, 0.030181603934096246, 0.008219808932221646, 0.0, 0.019795240631728064, 0.0, 0.028146417112716555, 0.05874522297052942)",150
11216,47,5,6,"(0.03426039533065134, 0.011572197494497125, 0.0, 0.030181603934096246, 0.008219808932221646, 0.0, 0.019795240631728064, 0.0, 0.009019191673825274, 0.05874522297052942)",1
11217,47,5,6,"(0.03426039533065134, 0.011572197494497125, 0.0, 0.030181603934096246, 0.005422768956954101, 0.0, 0.019795240631728064, 0.0, 0.028146417112716555, 0.05874522297052942)",92
11218,47,6,0,"(0.035143047800998216, 0.0, 0.0, 0.0, 0.0, 0.006323886931310055, 0.07011830437097326, 0.06627066634944925, 0.0, 0.0)",1
11219,47,6,0,"(0.046016769014978, 0.0, 0.0, 0.0, 0.0, 0.006323886931310055, 0.07011830437097326, 0.06627066634944925, 0.0, 0.0)",206
11220,47,6,0,"(0.03433089785754004, 0.0, 0.0, 0.0, 0.0, 0.006323886931310055, 0.07011830437097326, 0.06627066634944925, 0.0, 0.0)",1
11221,47,6,0,"(0.024719292391342306, 0.0, 0.0, 0.0, 0.0, 0.006323886931310055, 0.08132540470947182, 0.06627066634944925, 0.0, 0.0)",3
11222,47,6,0,"(0.046016769014978, 0.0, 0.0, 0.0, 0.0, 0.006323886931310055, 0.07223342597208528, 0.06627066634944925, 0.0, 0.0)",46
11223,47,6,0,"(0.07400250769571483, 0.0, 0.0, 0.0, 0.0, 0.017098731129875016, 0.08380840797570269, 0.0691048466035698, 0.0, 0.0)",12
11224,47,6,0,"(0.046016769014978, 0.0, 0.0, 0.0, 0.0, 0.006803344594277746, 0.07223342597208528, 0.06627066634944925, 0.0, 0.0)",1
11225,47,7,13,"(0.0, 0.02461978404713738, 0.023035932332134326, 0.0, 0.01810411441758469, 0.027224384430698852, 0.0, 0.0, 0.01089208668844536, 0.004594322799420434)",1
11226,47,7,13,"(0.0, 0.02461978404713738, 0.010917945410626488, 0.0, 0.01810411441758469, 0.022173256981297827, 0.0, 0.0, 0.01089208668844536, 0.00476393156717078)",1
11227,47,7,13,"(0.0, 0.02461978404713738, 0.023035932332134326, 0.0, 0.01810411441758469, 0.022173256981297827, 0.0, 0.0, 0.009462991570048996, 0.00476393156717078)",1
11228,47,7,13,"(0.0, 0.02461978404713738, 0.023035932332134326, 0.0, 0.01810411441758469, 0.022173256981297827, 0.0, 0.0, 0.01089208668844536, 0.00476393156717078)",284
11229,47,7,13,"(0.0, 0.02461978404713738, 0.023035932332134326, 0.0, 0.01810411441758469, 0.02254110887871569, 0.0, 0.0, 0.01089208668844536, 0.00476393156717078)",1
11230,47,8,11,"(0.0, 0.0, 0.09864539577037362, 0.02150422363422624, 0.0, 0.030645849071221472, 0.07044275268100897, 0.0386197297757742, 0.020241026180954715, 0.0)",2
11231,47,8,11,"(0.0, 0.0, 0.09864539577037362, 0.02150422363422624, 0.0, 0.030645849071221472, 0.10134814423727004, 0.0386197297757742, 0.02815278914912583, 0.0)",1
11232,47,8,11,"(0.0, 0.0, 0.09864539577037362, 0.02150422363422624, 0.0, 0.030645849071221472, 0.17018862176334904, 0.0386197297757742, 0.023411269962178648, 0.0)",2
11233,47,8,11,"(0.0, 0.0, 0.07138367247807396, 0.02150422363422624, 0.0, 0.030645849071221472, 0.10134814423727004, 0.0386197297757742, 0.026121609841380632, 0.0)",1
11234,47,8,11,"(0.0, 0.0, 0.09864539577037362, 0.02089225562197226, 0.0, 0.030645849071221472, 0.10134814423727004, 0.036701096775640075, 0.020565897304241902, 0.0)",1
11235,47,8,11,"(0.0, 0.0, 0.09864539577037362, 0.02150422363422624, 0.0, 0.030645849071221472, 0.16773790467281977, 0.0386197297757742, 0.026121609841380632, 0.0)",107
11236,47,8,11,"(0.0, 0.0, 0.09864539577037362, 0.02150422363422624, 0.0, 0.030645849071221472, 0.10134814423727004, 0.0386197297757742, 0.017985809787283837, 0.0)",2
11237,47,8,11,"(0.0, 0.0, 0.09864539577037362, 0.02150422363422624, 0.0, 0.030645849071221472, 0.10134814423727004, 0.0386197297757742, 0.026121609841380632, 0.0)",450
11238,47,8,11,"(0.0, 0.0, 0.09864539577037362, 0.02150422363422624, 0.0, 0.030645849071221472, 0.10134814423727004, 0.0386197297757742, 0.023411269962178648, 0.0)",40
11239,47,8,11,"(0.0, 0.0, 0.09864539577037362, 0.02150422363422624, 0.0, 0.05392921981248215, 0.10134814423727004, 0.0386197297757742, 0.026121609841380632, 0.0)",2
11240,47,9,11,"(0.0, 0.0, 0.11755819882518005, 0.01650583712158267, 0.0, 0.01276180806712855, 0.1254348761332085, 0.08028238650273146, 0.026121609841380632, 0.0)",5
11241,47,9,11,"(0.0, 0.0, 0.11755819882518005, 0.01650583712158267, 0.0, 0.022578035176344494, 0.1254348761332085, 0.08028238650273146, 0.026121609841380632, 0.0)",1
11242,47,9,11,"(0.0, 0.0, 0.11755819882518005, 0.01650583712158267, 0.0, 0.03476201870285206, 0.1254348761332085, 0.08028238650273146, 0.026121609841380632, 0.0)",1
11243,47,9,11,"(0.0, 0.0, 0.11755819882518005, 0.01650583712158267, 0.0, 0.013439599105444802, 0.1254348761332085, 0.08028238650273146, 0.026121609841380632, 0.0)",10
11244,47,9,11,"(0.0, 0.0, 0.11755819882518005, 0.01650583712158267, 0.0, 0.02375279233445006, 0.1254348761332085, 0.09807595863208629, 0.026121609841380632, 0.0)",60
11245,47,9,11,"(0.0, 0.0, 0.11755819882518005, 0.01650583712158267, 0.0, 0.02375279233445006, 0.1254348761332085, 0.08028238650273146, 0.026121609841380632, 0.0)",457
11246,47,9,11,"(0.0, 0.0, 0.11755819882518005, 0.020231513988958515, 0.0, 0.02375279233445006, 0.1254348761332085, 0.08028238650273146, 0.026121609841380632, 0.0)",2
11247,47,9,11,"(0.0, 0.0, 0.16936625539597513, 0.015184626825277735, 0.0, 0.02375279233445006, 0.1254348761332085, 0.08028238650273146, 0.026121609841380632, 0.0)",1
11248,47,9,11,"(0.0, 0.0, 0.0899763626737283, 0.01650583712158267, 0.0, 0.02375279233445006, 0.1254348761332085, 0.04424511898416, 0.026121609841380632, 0.0)",5
11249,47,9,11,"(0.0, 0.0, 0.11755819882518005, 0.019571026499987192, 0.0, 0.02375279233445006, 0.1254348761332085, 0.08028238650273146, 0.026121609841380632, 0.0)",1
11250,47,9,11,"(0.0, 0.0, 0.10744809358973101, 0.01650583712158267, 0.0, 0.03476201870285206, 0.1254348761332085, 0.08028238650273146, 0.026121609841380632, 0.0)",1
11251,47,10,13,"(0.0, 0.02461978404713738, 0.023035932332134326, 0.0, 0.01810411441758469, 0.018327253906796452, 0.0, 0.0, 0.01089208668844536, 0.00476393156717078)",332
11252,47,10,13,"(0.0, 0.02461978404713738, 0.023035932332134326, 0.0, 0.01810411441758469, 0.02925860475429639, 0.0, 0.0, 0.01089208668844536, 0.00476393156717078)",2
11253,47,10,13,"(0.0, 0.02461978404713738, 0.023035932332134326, 0.0, 0.018585702794007144, 0.018327253906796452, 0.0, 0.0, 0.01089208668844536, 0.00476393156717078)",4
11254,47,10,13,"(0.0, 0.02461978404713738, 0.023035932332134326, 0.0, 0.01810411441758469, 0.018327253906796452, 0.0, 0.0, 0.009939641879598504, 0.00476393156717078)",1
11255,47,10,13,"(0.0, 0.02461978404713738, 0.023035932332134326, 0.0, 0.01810411441758469, 0.018327253906796452, 0.0, 0.0, 0.007744864611228982, 0.00476393156717078)",1
11256,47,10,13,"(0.0, 0.02461978404713738, 0.023035932332134326, 0.0, 0.01438326063222741, 0.018327253906796452, 0.0, 0.0, 0.01089208668844536, 0.00476393156717078)",1
11257,47,10,13,"(0.0, 0.02461978404713738, 0.023035932332134326, 0.0, 0.01810411441758469, 0.018327253906796452, 0.0, 0.0, 0.012723633892194748, 0.00476393156717078)",1
11258,47,10,13,"(0.0, 0.02461978404713738, 0.023035932332134326, 0.0, 0.052627789862079076, 0.018327253906796452, 0.0, 0.0, 0.01089208668844536, 0.00476393156717078)",1
11259,47,10,13,"(0.0, 0.02461978404713738, 0.023035932332134326, 0.0, 0.01810411441758469, 0.018327253906796452, 0.0, 0.0, 0.01089208668844536, 0.00307193630185578)",1
11260,47,10,13,"(0.0, 0.02461978404713738, 0.023035932332134326, 0.0, 0.01810411441758469, 0.025202041484322726, 0.0, 0.0, 0.01089208668844536, 0.00476393156717078)",2
11261,47,11,13,"(0.0, 0.02461978404713738, 0.023035932332134326, 0.0, 0.01810411441758469, 0.022173256981297827, 0.0, 0.0, 0.01089208668844536, 0.0036872173179800785)",97
11262,47,11,13,"(0.0, 0.02461978404713738, 0.012982652835576789, 0.0, 0.01810411441758469, 0.022173256981297827, 0.0, 0.0, 0.01089208668844536, 0.0036872173179800785)",1
11263,47,11,13,"(0.0, 0.02461978404713738, 0.023035932332134326, 0.0, 0.013648081020919935, 0.023796671455901853, 0.0, 0.0, 0.01089208668844536, 0.0036872173179800785)",1
11264,47,11,13,"(0.0, 0.02461978404713738, 0.023035932332134326, 0.0, 0.0076388220845326725, 0.023796671455901853, 0.0, 0.0, 0.01089208668844536, 0.0036872173179800785)",2
11265,47,11,13,"(0.0, 0.02461978404713738, 0.023035932332134326, 0.0, 0.01810411441758469, 0.038318559806132066, 0.0, 0.0, 0.01089208668844536, 0.0036872173179800785)",1
11266,47,11,13,"(0.0, 0.02461978404713738, 0.023035932332134326, 0.0, 0.011984893248189084, 0.023796671455901853, 0.0, 0.0, 0.01089208668844536, 0.0036872173179800785)",60
11267,47,12,8,"(0.19235562551390653, 0.046525949225991035, 0.0, 0.0, 0.06718191601420163, 0.0, 0.08319516954615302, 0.1116381245929446, 0.0, 0.0)",1
11268,47,12,8,"(0.19235562551390653, 0.046525949225991035, 0.0, 0.0, 0.04573034632799446, 0.0, 0.08319516954615302, 0.1116381245929446, 0.0, 0.0)",220
11269,47,12,8,"(0.19235562551390653, 0.03844473967533265, 0.0, 0.0, 0.04573034632799446, 0.0, 0.08319516954615302, 0.1116381245929446, 0.0, 0.0)",24
11270,47,12,8,"(0.19235562551390653, 0.046525949225991035, 0.0, 0.0, 0.04573034632799446, 0.0, 0.08319516954615302, 0.1765300468168154, 0.0, 0.0)",1
11271,47,12,8,"(0.19235562551390653, 0.046525949225991035, 0.0, 0.0, 0.03822176977130716, 0.0, 0.08319516954615302, 0.1116381245929446, 0.0, 0.0)",5
11272,47,12,10,"(0.028726017090664996, 0.06927916245295945, 0.09682940930282144, 0.0017773360538905325, 0.0, 0.06291875767155253, 0.0, 0.10994488928074131, 0.0, 0.0)",229
11273,47,12,10,"(0.028726017090664996, 0.06927916245295945, 0.09682940930282144, 0.0017773360538905325, 0.0, 0.042697582042616415, 0.0, 0.10994488928074131, 0.0, 0.0)",2
11274,47,12,10,"(0.028726017090664996, 0.058367558106210596, 0.09682940930282144, 0.0017773360538905325, 0.0, 0.06291875767155253, 0.0, 0.10994488928074131, 0.0, 0.0)",5
11275,47,12,10,"(0.028726017090664996, 0.06927916245295945, 0.09682940930282144, 0.0017773360538905325, 0.0, 0.04969469620089416, 0.0, 0.10994488928074131, 0.0, 0.0)",1
11276,47,12,10,"(0.028726017090664996, 0.06927916245295945, 0.09682940930282144, 0.0017172015893810023, 0.0, 0.06291875767155253, 0.0, 0.10994488928074131, 0.0, 0.0)",3
11277,47,12,10,"(0.036734146986758184, 0.06927916245295945, 0.09682940930282144, 0.0015043989471458978, 0.0, 0.06291875767155253, 0.0, 0.10994488928074131, 0.0, 0.0)",2
11278,47,12,10,"(0.036734146986758184, 0.06927916245295945, 0.09682940930282144, 0.0017773360538905325, 0.0, 0.06291875767155253, 0.0, 0.10994488928074131, 0.0, 0.0)",13
11279,47,12,10,"(0.028726017090664996, 0.03645344775635911, 0.09682940930282144, 0.0017773360538905325, 0.0, 0.06291875767155253, 0.0, 0.10994488928074131, 0.0, 0.0)",1
11280,47,13,6,"(0.032018140673387256, 0.011572197494497125, 0.0, 0.030181603934096246, 0.004237236865108673, 0.0, 0.02165518278018402, 0.0, 0.016209741115842353, 0.05874522297052942)",1
11281,47,13,6,"(0.03426039533065134, 0.011572197494497125, 0.0, 0.030181603934096246, 0.005422768956954101, 0.0, 0.019795240631728064, 0.0, 0.016209741115842353, 0.05874522297052942)",191
11282,47,14,11,"(0.0, 0.0, 0.07563427679391872, 0.01650583712158267, 0.0, 0.027994570058891773, 0.16773790467281977, 0.046237642847009, 0.026121609841380632, 0.0)",2
11283,47,14,11,"(0.0, 0.0, 0.07563427679391872, 0.01650583712158267, 0.0, 0.030645849071221472, 0.16773790467281977, 0.046237642847009, 0.06738506329793367, 0.0)",16
11284,47,14,11,"(0.0, 0.0, 0.07563427679391872, 0.01650583712158267, 0.0, 0.030645849071221472, 0.2249016056887203, 0.046237642847009, 0.026121609841380632, 0.0)",2
11285,47,14,11,"(0.0, 0.0, 0.07563427679391872, 0.01650583712158267, 0.0, 0.030645849071221472, 0.16773790467281977, 0.046237642847009, 0.026121609841380632, 0.0)",339
11286,47,14,13,"(0.0, 0.02461978404713738, 0.023035932332134326, 0.0, 0.01810411441758469, 0.022173256981297827, 0.0, 0.0, 0.01089208668844536, 0.00476393156717078)",143
11287,47,14,13,"(0.0, 0.02461978404713738, 0.023035932332134326, 0.0, 0.01810411441758469, 0.022173256981297827, 0.0, 0.0, 0.013231566378824392, 0.00476393156717078)",61
11288,47,14,13,"(0.0, 0.02461978404713738, 0.023035932332134326, 0.0, 0.02130862262209748, 0.022173256981297827, 0.0, 0.0, 0.009062726267147214, 0.005993515246052993)",4
11289,47,14,13,"(0.0, 0.07389887919318838, 0.023035932332134326, 0.0, 0.01810411441758469, 0.022173256981297827, 0.0, 0.0, 0.01089208668844536, 0.00476393156717078)",1
11290,47,14,13,"(0.0, 0.02461978404713738, 0.023035932332134326, 0.0, 0.01810411441758469, 0.02520916030695764, 0.0, 0.0, 0.013231566378824392, 0.00476393156717078)",1
11291,47,14,13,"(0.0, 0.0133868149172726, 0.024754028776367135, 0.0, 0.01810411441758469, 0.022173256981297827, 0.0, 0.0, 0.01089208668844536, 0.00476393156717078)",5
11292,47,15,11,"(0.0, 0.0, 0.11839367174953695, 0.01650583712158267, 0.0, 0.023580934469493872, 0.16773790467281977, 0.0404147798164449, 0.02350516494965991, 0.0)",1
11293,47,15,11,"(0.0, 0.0, 0.11839367174953695, 0.01650583712158267, 0.0, 0.020355830679555063, 0.18394110160076765, 0.0404147798164449, 0.026121609841380632, 0.0)",1
11294,47,15,11,"(0.0, 0.0, 0.11839367174953695, 0.01650583712158267, 0.0, 0.030645849071221472, 0.16773790467281977, 0.03533630432484464, 0.026121609841380632, 0.0)",39
11295,47,15,11,"(0.0, 0.0, 0.11839367174953695, 0.01650583712158267, 0.0, 0.030645849071221472, 0.16773790467281977, 0.049406475900341695, 0.026121609841380632, 0.0)",1
11296,47,15,11,"(0.0, 0.0, 0.11839367174953695, 0.01650583712158267, 0.0, 0.030645849071221472, 0.16773790467281977, 0.0404147798164449, 0.026121609841380632, 0.0)",142
11297,47,15,11,"(0.0, 0.0, 0.11839367174953695, 0.03249201364005773, 0.0, 0.030645849071221472, 0.16773790467281977, 0.0404147798164449, 0.026121609841380632, 0.0)",1
11298,47,15,11,"(0.0, 0.0, 0.11839367174953695, 0.01650583712158267, 0.0, 0.030645849071221472, 0.16773790467281977, 0.03605790139480776, 0.026121609841380632, 0.0)",111
11299,47,15,11,"(0.0, 0.0, 0.11839367174953695, 0.01650583712158267, 0.0, 0.030645849071221472, 0.16773790467281977, 0.0404147798164449, 0.019795233184789224, 0.0)",1
11300,47,15,11,"(0.0, 0.0, 0.2239426786993922, 0.01650583712158267, 0.0, 0.020355830679555063, 0.16773790467281977, 0.0404147798164449, 0.026121609841380632, 0.0)",1
11301,47,15,11,"(0.0, 0.0, 0.1083201580434087, 0.01650583712158267, 0.0, 0.020355830679555063, 0.16773790467281977, 0.0404147798164449, 0.02321130853389816, 0.0)",3
11302,47,15,11,"(0.0, 0.0, 0.11839367174953695, 0.01650583712158267, 0.0, 0.030645849071221472, 0.18430153409192368, 0.0404147798164449, 0.026121609841380632, 0.0)",1
11303,47,15,11,"(0.0, 0.0, 0.10257210229445202, 0.01650583712158267, 0.0, 0.030645849071221472, 0.16773790467281977, 0.0404147798164449, 0.02728084634906514, 0.0)",31
11304,47,15,11,"(0.0, 0.0, 0.11839367174953695, 0.01650583712158267, 0.0, 0.020355830679555063, 0.16773790467281977, 0.0404147798164449, 0.026121609841380632, 0.0)",211
11305,47,15,11,"(0.0, 0.0, 0.11839367174953695, 0.01650583712158267, 0.0, 0.02858916938992281, 0.16773790467281977, 0.03605790139480776, 0.026121609841380632, 0.0)",2
11306,47,15,11,"(0.0, 0.0, 0.11839367174953695, 0.01650583712158267, 0.0, 0.030645849071221472, 0.16773790467281977, 0.03725692418779793, 0.026121609841380632, 0.0)",14
11307,47,15,11,"(0.0, 0.0, 0.11839367174953695, 0.01650583712158267, 0.0, 0.020355830679555063, 0.16773790467281977, 0.031177248662243476, 0.026121609841380632, 0.0)",1
11308,47,15,11,"(0.0, 0.0, 0.09400105033486096, 0.01650583712158267, 0.0, 0.01968440701500727, 0.16773790467281977, 0.0404147798164449, 0.026121609841380632, 0.0)",2
11309,47,15,11,"(0.0, 0.0, 0.110860632844625, 0.01650583712158267, 0.0, 0.030645849071221472, 0.1748440940648895, 0.03533630432484464, 0.026121609841380632, 0.0)",3
11310,47,16,1,"(0.0, 0.0, 0.041406372128065916, 0.0, 0.0, 0.0199117526153351, 0.0, 0.0, 0.0, 0.05218053653559015)",1
11311,47,16,1,"(0.0, 0.0, 0.041406372128065916, 0.0, 0.0, 0.0199117526153351, 0.0, 0.0, 0.0, 0.03903832708458453)",12
11312,47,16,1,"(0.0, 0.0, 0.041406372128065916, 0.0, 0.0, 0.0199117526153351, 0.0, 0.0, 0.0, 0.06273123336782757)",2
11313,47,16,1,"(0.0, 0.0, 0.041406372128065916, 0.0, 0.0, 0.0199117526153351, 0.0, 0.0, 0.0, 0.05034498231828125)",2
11314,47,16,1,"(0.0, 0.0, 0.04544270460652545, 0.0, 0.0, 0.0199117526153351, 0.0, 0.0, 0.0, 0.053079885168575563)",6
11315,47,16,1,"(0.0, 0.0, 0.04383087197251673, 0.0, 0.0, 0.0199117526153351, 0.0, 0.0, 0.0, 0.053079885168575563)",1
11316,47,16,1,"(0.0, 0.0, 0.041406372128065916, 0.0, 0.0, 0.024109756626109338, 0.0, 0.0, 0.0, 0.053079885168575563)",1
11317,47,16,1,"(0.0, 0.0, 0.041406372128065916, 0.0, 0.0, 0.0199117526153351, 0.0, 0.0, 0.0, 0.05000115070567021)",3
11318,47,16,1,"(0.0, 0.0, 0.04676845212268948, 0.0, 0.0, 0.0199117526153351, 0.0, 0.0, 0.0, 0.047529216575968564)",2
11319,47,16,1,"(0.0, 0.0, 0.03985002790856873, 0.0, 0.0, 0.0199117526153351, 0.0, 0.0, 0.0, 0.047529216575968564)",2
11320,47,16,1,"(0.0, 0.0, 0.01969716394283872, 0.0, 0.0, 0.0199117526153351, 0.0, 0.0, 0.0, 0.047529216575968564)",1
11321,47,16,1,"(0.0, 0.0, 0.033791591527606475, 0.0, 0.0, 0.028227124076068484, 0.0, 0.0, 0.0, 0.047529216575968564)",1
11322,47,16,1,"(0.0, 0.0, 0.041406372128065916, 0.0, 0.0, 0.0199117526153351, 0.0, 0.0, 0.0, 0.047529216575968564)",358
11323,47,16,1,"(0.0, 0.0, 0.021649193651133596, 0.0, 0.0, 0.0199117526153351, 0.0, 0.0, 0.0, 0.047529216575968564)",86
11324,47,16,1,"(0.0, 0.0, 0.041406372128065916, 0.0, 0.0, 0.0199117526153351, 0.0, 0.0, 0.0, 0.053079885168575563)",276
11325,47,16,1,"(0.0, 0.0, 0.041406372128065916, 0.0, 0.0, 0.0199117526153351, 0.0, 0.0, 0.0, 0.07708597401728777)",2
11326,47,16,8,"(0.16507889091742442, 0.046525949225991035, 0.0, 0.0, 0.07022106556493442, 0.0, 0.03942281297752387, 0.1116381245929446, 0.0, 0.0)",1
11327,47,16,8,"(0.16507889091742442, 0.046525949225991035, 0.0, 0.0, 0.07022106556493442, 0.0, 0.060701614823567854, 0.1116381245929446, 0.0, 0.0)",174
11328,47,16,8,"(0.18445702801808855, 0.046525949225991035, 0.0, 0.0, 0.07022106556493442, 0.0, 0.060701614823567854, 0.1116381245929446, 0.0, 0.0)",53
11329,47,17,1,"(0.0, 0.0, 0.10650950881622333, 0.0, 0.0, 0.01494479139255546, 0.0, 0.0, 0.0, 0.04557123282186749)",7
11330,47,17,1,"(0.0, 0.0, 0.14527306532611556, 0.0, 0.0, 0.022640784901484766, 0.0, 0.0, 0.0, 0.04557123282186749)",2
11331,47,17,1,"(0.0, 0.0, 0.10650950881622333, 0.0, 0.0, 0.022640784901484766, 0.0, 0.0, 0.0, 0.04907353221942261)",10
11332,47,17,1,"(0.0, 0.0, 0.10824929531644178, 0.0, 0.0, 0.022640784901484766, 0.0, 0.0, 0.0, 0.04557123282186749)",27
11333,47,17,1,"(0.0, 0.0, 0.10650950881622333, 0.0, 0.0, 0.024627629913131076, 0.0, 0.0, 0.0, 0.019659210842393422)",1
11334,47,17,1,"(0.0, 0.0, 0.10650950881622333, 0.0, 0.0, 0.022640784901484766, 0.0, 0.0, 0.0, 0.034621079117170626)",1
11335,47,17,1,"(0.0, 0.0, 0.10650950881622333, 0.0, 0.0, 0.022640784901484766, 0.0, 0.0, 0.0, 0.055152558900947515)",7
11336,47,17,1,"(0.0, 0.0, 0.08195225569139229, 0.0, 0.0, 0.02115724648275754, 0.0, 0.0, 0.0, 0.04557123282186749)",1
11337,47,17,1,"(0.0, 0.0, 0.10520404740580933, 0.0, 0.0, 0.022640784901484766, 0.0, 0.0, 0.0, 0.13938143515478799)",2
11338,47,17,1,"(0.0, 0.0, 0.10650950881622333, 0.0, 0.0, 0.022640784901484766, 0.0, 0.0, 0.0, 0.059774926925544945)",3
11339,47,17,1,"(0.0, 0.0, 0.10650950881622333, 0.0, 0.0, 0.026982392419251197, 0.0, 0.0, 0.0, 0.03927719185450373)",7
11340,47,17,1,"(0.0, 0.0, 0.09908851374765018, 0.0, 0.0, 0.022640784901484766, 0.0, 0.0, 0.0, 0.04557123282186749)",1
11341,47,17,1,"(0.0, 0.0, 0.13868521903695305, 0.0, 0.0, 0.022640784901484766, 0.0, 0.0, 0.0, 0.04557123282186749)",1
11342,47,17,1,"(0.0, 0.0, 0.10824929531644178, 0.0, 0.0, 0.022640784901484766, 0.0, 0.0, 0.0, 0.022140558181201097)",1
11343,47,17,1,"(0.0, 0.0, 0.10650950881622333, 0.0, 0.0, 0.0199770382992231, 0.0, 0.0, 0.0, 0.04557123282186749)",56
11344,47,17,1,"(0.0, 0.0, 0.14112936737426016, 0.0, 0.0, 0.029391750095278855, 0.0, 0.0, 0.0, 0.03724371654542757)",1
11345,47,17,1,"(0.0, 0.0, 0.10650950881622333, 0.0, 0.0, 0.022640784901484766, 0.0, 0.0, 0.0, 0.04557123282186749)",561
11346,47,17,8,"(0.10294337677241405, 0.04632028014141928, 0.0, 0.0, 0.07022106556493442, 0.0, 0.08319516954615302, 0.1116381245929446, 0.0, 0.0)",252
11347,47,18,10,"(0.07734904686468291, 0.06927916245295945, 0.09682940930282144, 0.0017773360538905325, 0.0, 0.06291875767155253, 0.0, 0.10994488928074131, 0.0, 0.0)",114
11348,47,18,11,"(0.0, 0.0, 0.08898107447558858, 0.01650583712158267, 0.0, 0.03150275214907511, 0.13038533056739307, 0.08028238650273146, 0.018932399970881177, 0.0)",13
11349,47,18,11,"(0.0, 0.0, 0.09864539577037362, 0.01650583712158267, 0.0, 0.03150275214907511, 0.13038533056739307, 0.08028238650273146, 0.026121609841380632, 0.0)",149
11350,47,18,11,"(0.0, 0.0, 0.09864539577037362, 0.01650583712158267, 0.0, 0.03150275214907511, 0.13038533056739307, 0.08028238650273146, 0.02335954333654842, 0.0)",9
11351,47,18,11,"(0.0, 0.0, 0.16944800001425134, 0.01650583712158267, 0.0, 0.03150275214907511, 0.13038533056739307, 0.08028238650273146, 0.026121609841380632, 0.0)",1
11352,47,18,11,"(0.0, 0.0, 0.08898107447558858, 0.01670063668101573, 0.0, 0.03150275214907511, 0.13038533056739307, 0.08028238650273146, 0.026121609841380632, 0.0)",1
11353,47,18,11,"(0.0, 0.0, 0.08898107447558858, 0.013060972489238347, 0.0, 0.024935364901397, 0.13038533056739307, 0.08028238650273146, 0.015548606092298611, 0.0)",1
11354,47,18,11,"(0.0, 0.0, 0.08898107447558858, 0.01650583712158267, 0.0, 0.037740327399868184, 0.13038533056739307, 0.08028238650273146, 0.026121609841380632, 0.0)",1
11355,47,18,11,"(0.0, 0.0, 0.08898107447558858, 0.01650583712158267, 0.0, 0.03150275214907511, 0.13038533056739307, 0.08028238650273146, 0.026121609841380632, 0.0)",395
11356,47,19,13,"(0.0, 0.02312185524015287, 0.039512981199156846, 0.0, 0.01810411441758469, 0.01544884492805123, 0.0, 0.0, 0.01089208668844536, 0.0012146923535806386)",1
11357,47,19,13,"(0.0, 0.02461978404713738, 0.027053846948939416, 0.0, 0.01810411441758469, 0.022173256981297827, 0.0, 0.0, 0.01089208668844536, 0.0012146923535806386)",175
11358,47,19,13,"(0.0, 0.011759492701379683, 0.027053846948939416, 0.0, 0.01810411441758469, 0.022173256981297827, 0.0, 0.0, 0.01089208668844536, 0.0012146923535806386)",2
11359,47,19,13,"(0.0, 0.02461978404713738, 0.04403986708730944, 0.0, 0.01810411441758469, 0.022173256981297827, 0.0, 0.0, 0.01089208668844536, 0.0012146923535806386)",2
11360,47,19,13,"(0.0, 0.02815615602879498, 0.027053846948939416, 0.0, 0.01810411441758469, 0.022173256981297827, 0.0, 0.0, 0.01089208668844536, 0.0012146923535806386)",1
11361,47,19,13,"(0.0, 0.015940210413259537, 0.027053846948939416, 0.0, 0.01810411441758469, 0.022173256981297827, 0.0, 0.0, 0.01089208668844536, 0.0012146923535806386)",1
11362,47,20,10,"(0.07734904686468291, 0.06927916245295945, 0.055882551179426386, 0.000985386015776744, 0.0, 0.06177004333592379, 0.0, 0.18414548275686043, 0.0, 0.0)",2
11363,47,20,10,"(0.07734904686468291, 0.06927916245295945, 0.055882551179426386, 0.000985386015776744, 0.0, 0.06177004333592379, 0.0, 0.10994488928074131, 0.0, 0.0)",114
11364,47,20,10,"(0.07734904686468291, 0.06927916245295945, 0.023073349208474533, 0.000985386015776744, 0.0, 0.06177004333592379, 0.0, 0.10994488928074131, 0.0, 0.0)",7
11365,47,20,11,"(0.0, 0.0, 0.018004387155732684, 0.02492672732986405, 0.0, 0.02548938439096223, 0.09572491856946197, 0.05885302880459243, 0.036485718580663774, 0.0)",113
11366,47,20,11,"(0.0, 0.0, 0.018004387155732684, 0.02492672732986405, 0.0, 0.030778180294922783, 0.09572491856946197, 0.05885302880459243, 0.036485718580663774, 0.0)",3
11367,47,20,11,"(0.0, 0.0, 0.018004387155732684, 0.02492672732986405, 0.0, 0.02548938439096223, 0.09572491856946197, 0.05069277104792061, 0.036485718580663774, 0.0)",1
11368,47,20,11,"(0.0, 0.0, 0.008668104377157943, 0.029533859175453533, 0.0, 0.018895250128217304, 0.09572491856946197, 0.04681386186606392, 0.020768748166351655, 0.0)",1
11369,47,20,11,"(0.0, 0.0, 0.03664497950459847, 0.01650583712158267, 0.0, 0.02548938439096223, 0.09572491856946197, 0.05885302880459243, 0.036485718580663774, 0.0)",13
11370,47,20,11,"(0.0, 0.0, 0.018004387155732684, 0.01650583712158267, 0.0, 0.018895250128217304, 0.09572491856946197, 0.04681386186606392, 0.020768748166351655, 0.0)",404
11371,47,20,11,"(0.0, 0.0, 0.018004387155732684, 0.01650583712158267, 0.0, 0.018895250128217304, 0.09572491856946197, 0.04681386186606392, 0.017810286019245117, 0.0)",1
11372,47,20,11,"(0.0, 0.0, 0.018004387155732684, 0.01650583712158267, 0.0, 0.018895250128217304, 0.07960242880783304, 0.04681386186606392, 0.020768748166351655, 0.0)",32
11373,47,20,11,"(0.0, 0.0, 0.018004387155732684, 0.01650583712158267, 0.0, 0.018895250128217304, 0.18459534722093696, 0.039986887193660954, 0.020768748166351655, 0.0)",1
11374,47,20,11,"(0.0, 0.0, 0.018004387155732684, 0.01650583712158267, 0.0, 0.018895250128217304, 0.07960242880783304, 0.05105470817587262, 0.01702530162365575, 0.0)",2
11375,47,20,11,"(0.0, 0.0, 0.02408931655947822, 0.01650583712158267, 0.0, 0.013425518438675413, 0.09572491856946197, 0.04681386186606392, 0.013341721933105979, 0.0)",1
11376,48,0,11,"(0.0, 0.0, 0.06200374261520503, 0.010654525538403636, 0.0, 0.039885606968950604, 0.16773790467281977, 0.06471128129841798, 0.026121609841380632, 0.0)",4
11377,48,0,11,"(0.0, 0.0, 0.06200374261520503, 0.010654525538403636, 0.0, 0.030645849071221472, 0.16773790467281977, 0.06471128129841798, 0.015883772138770205, 0.0)",1
11378,48,0,11,"(0.0, 0.0, 0.06200374261520503, 0.010654525538403636, 0.0, 0.030645849071221472, 0.16773790467281977, 0.06471128129841798, 0.026121609841380632, 0.0)",268
11379,48,0,11,"(0.0, 0.0, 0.06200374261520503, 0.010654525538403636, 0.0, 0.030645849071221472, 0.16773790467281977, 0.037695078031116706, 0.016851640543895888, 0.0)",37
11380,48,0,11,"(0.0, 0.0, 0.06200374261520503, 0.010654525538403636, 0.0, 0.02121266180286281, 0.16773790467281977, 0.037695078031116706, 0.016851640543895888, 0.0)",32
11381,48,0,11,"(0.0, 0.0, 0.06200374261520503, 0.010654525538403636, 0.0, 0.030645849071221472, 0.16773790467281977, 0.061595585475429745, 0.026121609841380632, 0.0)",2
11382,48,0,11,"(0.0, 0.0, 0.06200374261520503, 0.010654525538403636, 0.0, 0.030645849071221472, 0.31443842210524536, 0.037695078031116706, 0.026121609841380632, 0.0)",1
11383,48,0,11,"(0.0, 0.0, 0.06200374261520503, 0.010654525538403636, 0.0, 0.030645849071221472, 0.16773790467281977, 0.037695078031116706, 0.026121609841380632, 0.0)",200
11384,48,0,11,"(0.0, 0.0, 0.06200374261520503, 0.008037726828188617, 0.0, 0.05688738980923372, 0.22390092274637508, 0.037695078031116706, 0.026121609841380632, 0.0)",9
11385,48,1,6,"(0.03426039533065134, 0.011572197494497125, 0.0, 0.030181603934096246, 0.005422768956954101, 0.0, 0.019795240631728064, 0.0, 0.028146417112716555, 0.09790105578677506)",1
11386,48,1,6,"(0.03426039533065134, 0.01602885531024036, 0.0, 0.030181603934096246, 0.005422768956954101, 0.0, 0.019795240631728064, 0.0, 0.028146417112716555, 0.05874522297052942)",4
11387,48,1,6,"(0.03426039533065134, 0.01604706973748863, 0.0, 0.041982552596742786, 0.005422768956954101, 0.0, 0.011296531479568465, 0.0, 0.028146417112716555, 0.05874522297052942)",1
11388,48,1,6,"(0.03426039533065134, 0.011572197494497125, 0.0, 0.0364961665260759, 0.005422768956954101, 0.0, 0.019795240631728064, 0.0, 0.028146417112716555, 0.05874522297052942)",1
11389,48,1,6,"(0.03426039533065134, 0.011572197494497125, 0.0, 0.030181603934096246, 0.005422768956954101, 0.0, 0.019795240631728064, 0.0, 0.02931328154345393, 0.05874522297052942)",4
11390,48,1,6,"(0.054812206150700205, 0.008206717923223727, 0.0, 0.02984985176665387, 0.005422768956954101, 0.0, 0.019795240631728064, 0.0, 0.028146417112716555, 0.05874522297052942)",2
11391,48,1,6,"(0.03426039533065134, 0.011572197494497125, 0.0, 0.030181603934096246, 0.005422768956954101, 0.0, 0.019795240631728064, 0.0, 0.028146417112716555, 0.05874522297052942)",278
11392,48,1,6,"(0.07568478010656979, 0.011572197494497125, 0.0, 0.030181603934096246, 0.005422768956954101, 0.0, 0.019795240631728064, 0.0, 0.028146417112716555, 0.05874522297052942)",2
11393,48,1,8,"(0.07111035742329365, 0.046525949225991035, 0.0, 0.0, 0.051217346146779696, 0.0, 0.08319516954615302, 0.0680644373470757, 0.0, 0.0)",1
11394,48,1,8,"(0.07111035742329365, 0.046525949225991035, 0.0, 0.0, 0.051217346146779696, 0.0, 0.08319516954615302, 0.09513444883351557, 0.0, 0.0)",223
11395,48,1,8,"(0.051102501547596456, 0.046525949225991035, 0.0, 0.0, 0.046632674489848286, 0.0, 0.08319516954615302, 0.09513444883351557, 0.0, 0.0)",1
11396,48,2,13,"(0.0, 0.02461978404713738, 0.023035932332134326, 0.0, 0.0287437101091463, 0.022173256981297827, 0.0, 0.0, 0.01089208668844536, 0.00476393156717078)",9
11397,48,2,13,"(0.0, 0.02461978404713738, 0.023035932332134326, 0.0, 0.00902156282873148, 0.020549421549171727, 0.0, 0.0, 0.01089208668844536, 0.00476393156717078)",2
11398,48,2,13,"(0.0, 0.02461978404713738, 0.023035932332134326, 0.0, 0.00970885425506607, 0.022173256981297827, 0.0, 0.0, 0.01089208668844536, 0.007799949713080487)",1
11399,48,2,13,"(0.0, 0.031071622205233424, 0.023035932332134326, 0.0, 0.00970885425506607, 0.022173256981297827, 0.0, 0.0, 0.007704132581469461, 0.00476393156717078)",1
11400,48,2,13,"(0.0, 0.031071622205233424, 0.023035932332134326, 0.0, 0.00970885425506607, 0.022173256981297827, 0.0, 0.0, 0.01089208668844536, 0.00476393156717078)",152
11401,48,2,13,"(0.0, 0.03166551126635037, 0.023035932332134326, 0.0, 0.009107717874973765, 0.022173256981297827, 0.0, 0.0, 0.01089208668844536, 0.00476393156717078)",27
11402,48,2,13,"(0.0, 0.02248784076825145, 0.023035932332134326, 0.0, 0.00970885425506607, 0.022173256981297827, 0.0, 0.0, 0.01089208668844536, 0.0059403480664384795)",1
11403,48,2,13,"(0.0, 0.031071622205233424, 0.023035932332134326, 0.0, 0.00970885425506607, 0.022173256981297827, 0.0, 0.0, 0.007611172284440523, 0.006046230436182672)",1
11404,48,2,13,"(0.0, 0.02461978404713738, 0.021238308358545992, 0.0, 0.00970885425506607, 0.022173256981297827, 0.0, 0.0, 0.01089208668844536, 0.00476393156717078)",1
11405,48,2,13,"(0.0, 0.02461978404713738, 0.023035932332134326, 0.0, 0.00970885425506607, 0.022173256981297827, 0.0, 0.0, 0.01089208668844536, 0.00476393156717078)",168
11406,48,3,13,"(0.0, 0.02461978404713738, 0.023035932332134326, 0.0, 0.013397120020122293, 0.017561767141009977, 0.0, 0.0, 0.01089208668844536, 0.0024406349647482155)",1
11407,48,3,13,"(0.0, 0.02461978404713738, 0.023035932332134326, 0.0, 0.013311748015405817, 0.022173256981297827, 0.0, 0.0, 0.01089208668844536, 0.0024406349647482155)",1
11408,48,3,13,"(0.0, 0.02103803017549083, 0.023035932332134326, 0.0, 0.013397120020122293, 0.022173256981297827, 0.0, 0.0, 0.01089208668844536, 0.0024406349647482155)",1
11409,48,3,13,"(0.0, 0.02461978404713738, 0.023035932332134326, 0.0, 0.013397120020122293, 0.022173256981297827, 0.0, 0.0, 0.01089208668844536, 0.0024406349647482155)",345
11410,48,3,13,"(0.0, 0.02461978404713738, 0.023035932332134326, 0.0, 0.011199945324346509, 0.022173256981297827, 0.0, 0.0, 0.01089208668844536, 0.0024406349647482155)",1
11411,48,3,13,"(0.0, 0.025860691110386178, 0.023035932332134326, 0.0, 0.013397120020122293, 0.022173256981297827, 0.0, 0.0, 0.01089208668844536, 0.0024406349647482155)",1
11412,48,3,13,"(0.0, 0.026061981164385146, 0.023035932332134326, 0.0, 0.013397120020122293, 0.022173256981297827, 0.0, 0.0, 0.009294945039518237, 0.0024406349647482155)",1
11413,48,3,13,"(0.0, 0.02461978404713738, 0.023035932332134326, 0.0, 0.011330702604536502, 0.022173256981297827, 0.0, 0.0, 0.01089208668844536, 0.0024406349647482155)",1
11414,48,3,13,"(0.0, 0.02461978404713738, 0.023035932332134326, 0.0, 0.013397120020122293, 0.022173256981297827, 0.0, 0.0, 0.015063933359337665, 0.0024406349647482155)",1
11415,48,3,13,"(0.0, 0.02461978404713738, 0.012826585293421455, 0.0, 0.013397120020122293, 0.022173256981297827, 0.0, 0.0, 0.01089208668844536, 0.0024406349647482155)",2
11416,48,3,13,"(0.0, 0.02461978404713738, 0.023035932332134326, 0.0, 0.013397120020122293, 0.02973498780951363, 0.0, 0.0, 0.01089208668844536, 0.0024406349647482155)",1
11417,48,3,13,"(0.0, 0.02461978404713738, 0.023035932332134326, 0.0, 0.013397120020122293, 0.022173256981297827, 0.0, 0.0, 0.01089208668844536, 0.00263107917798848)",1
11418,48,3,13,"(0.0, 0.018995649598124095, 0.023035932332134326, 0.0, 0.013397120020122293, 0.022173256981297827, 0.0, 0.0, 0.01089208668844536, 0.0024406349647482155)",1
11419,48,4,11,"(0.0, 0.0, 0.09864539577037362, 0.012862552777399353, 0.0, 0.030645849071221472, 0.08153022673827125, 0.07240876560513207, 0.026121609841380632, 0.0)",1
11420,48,4,11,"(0.0, 0.0, 0.09864539577037362, 0.01650583712158267, 0.0, 0.030645849071221472, 0.08153022673827125, 0.07240876560513207, 0.03408336059143882, 0.0)",1
11421,48,4,11,"(0.0, 0.0, 0.09864539577037362, 0.01650583712158267, 0.0, 0.03766308388630954, 0.08153022673827125, 0.07240876560513207, 0.026121609841380632, 0.0)",17
11422,48,4,11,"(0.0, 0.0, 0.09864539577037362, 0.01650583712158267, 0.0, 0.030645849071221472, 0.08153022673827125, 0.07240876560513207, 0.026121609841380632, 0.0)",421
11423,48,4,11,"(0.0, 0.0, 0.09864539577037362, 0.01650583712158267, 0.0, 0.030645849071221472, 0.07883974510669825, 0.07693980969231068, 0.026121609841380632, 0.0)",19
11424,48,4,11,"(0.0, 0.0, 0.10338919095002691, 0.01650583712158267, 0.0, 0.030645849071221472, 0.04895192709809268, 0.07240876560513207, 0.026121609841380632, 0.0)",3
11425,48,4,11,"(0.0, 0.0, 0.09864539577037362, 0.01650583712158267, 0.0, 0.030645849071221472, 0.08153022673827125, 0.11641655478625196, 0.026121609841380632, 0.0)",1
11426,48,4,11,"(0.0, 0.0, 0.09864539577037362, 0.01650583712158267, 0.0, 0.03766308388630954, 0.06886267087143845, 0.07240876560513207, 0.026121609841380632, 0.0)",5
11427,48,4,11,"(0.0, 0.0, 0.09864539577037362, 0.01708360955045878, 0.0, 0.020049488126462782, 0.08153022673827125, 0.07240876560513207, 0.02437936988096238, 0.0)",5
11428,48,4,11,"(0.0, 0.0, 0.09864539577037362, 0.009642977789678235, 0.0, 0.030645849071221472, 0.08153022673827125, 0.07240876560513207, 0.026121609841380632, 0.0)",1
11429,48,4,11,"(0.0, 0.0, 0.09864539577037362, 0.01650583712158267, 0.0, 0.030645849071221472, 0.08153022673827125, 0.10769141267420829, 0.026121609841380632, 0.0)",1
11430,48,4,11,"(0.0, 0.0, 0.09864539577037362, 0.01650583712158267, 0.0, 0.04767763524686206, 0.08153022673827125, 0.07240876560513207, 0.026121609841380632, 0.0)",2
11431,48,4,11,"(0.0, 0.0, 0.10338919095002691, 0.01650583712158267, 0.0, 0.030645849071221472, 0.08153022673827125, 0.07240876560513207, 0.026121609841380632, 0.0)",34
11432,48,5,0,"(0.0402479284341202, 0.0, 0.0, 0.0, 0.0, 0.038664151314593, 0.08380840797570269, 0.06261049614614052, 0.0, 0.0)",108
11433,48,5,0,"(0.07400250769571483, 0.0, 0.0, 0.0, 0.0, 0.038664151314593, 0.08380840797570269, 0.038670017133301926, 0.0, 0.0)",1
11434,48,5,0,"(0.07400250769571483, 0.0, 0.0, 0.0, 0.0, 0.038664151314593, 0.08380840797570269, 0.06261049614614052, 0.0, 0.0)",162
11435,48,5,0,"(0.07400250769571483, 0.0, 0.0, 0.0, 0.0, 0.03179267049644868, 0.07311029631734166, 0.09100150466303476, 0.0, 0.0)",3
11436,48,5,6,"(0.03426039533065134, 0.011572197494497125, 0.0, 0.030181603934096246, 0.005422768956954101, 0.0, 0.019795240631728064, 0.0, 0.028146417112716555, 0.05874522297052942)",48
11437,48,5,6,"(0.025102434747329976, 0.02138640253853915, 0.0, 0.030181603934096246, 0.008219808932221646, 0.0, 0.019795240631728064, 0.0, 0.028146417112716555, 0.05874522297052942)",2
11438,48,5,6,"(0.03426039533065134, 0.011572197494497125, 0.0, 0.030181603934096246, 0.008219808932221646, 0.0, 0.019795240631728064, 0.0, 0.028146417112716555, 0.05874522297052942)",222
11439,48,6,0,"(0.024719292391342306, 0.0, 0.0, 0.0, 0.0, 0.006323886931310055, 0.08132540470947182, 0.06627066634944925, 0.0, 0.0)",50
11440,48,6,0,"(0.046016769014978, 0.0, 0.0, 0.0, 0.0, 0.006323886931310055, 0.07223342597208528, 0.06627066634944925, 0.0, 0.0)",52
11441,48,6,0,"(0.07400250769571483, 0.0, 0.0, 0.0, 0.0, 0.017098731129875016, 0.08380840797570269, 0.0691048466035698, 0.0, 0.0)",15
11442,48,6,0,"(0.03691589075776709, 0.0, 0.0, 0.0, 0.0, 0.006323886931310055, 0.07011830437097326, 0.06627066634944925, 0.0, 0.0)",1
11443,48,6,0,"(0.03774540173826195, 0.0, 0.0, 0.0, 0.0, 0.006323886931310055, 0.07011830437097326, 0.06627066634944925, 0.0, 0.0)",3
11444,48,6,0,"(0.046016769014978, 0.0, 0.0, 0.0, 0.0, 0.006323886931310055, 0.07011830437097326, 0.06627066634944925, 0.0, 0.0)",135
11445,48,7,13,"(0.0, 0.02461978404713738, 0.023035932332134326, 0.0, 0.01810411441758469, 0.033527003661722024, 0.0, 0.0, 0.01089208668844536, 0.00476393156717078)",1
11446,48,7,13,"(0.0, 0.044691496630561024, 0.023035932332134326, 0.0, 0.01810411441758469, 0.022173256981297827, 0.0, 0.0, 0.01089208668844536, 0.00476393156717078)",1
11447,48,7,13,"(0.0, 0.02461978404713738, 0.04831435919826572, 0.0, 0.01810411441758469, 0.022173256981297827, 0.0, 0.0, 0.01089208668844536, 0.007526859772556941)",1
11448,48,7,13,"(0.0, 0.02461978404713738, 0.023035932332134326, 0.0, 0.01810411441758469, 0.022173256981297827, 0.0, 0.0, 0.008006012617768172, 0.00476393156717078)",1
11449,48,7,13,"(0.0, 0.02461978404713738, 0.023035932332134326, 0.0, 0.012661195328736488, 0.022173256981297827, 0.0, 0.0, 0.01089208668844536, 0.006406401620022341)",1
11450,48,7,13,"(0.0, 0.02461978404713738, 0.023035932332134326, 0.0, 0.01810411441758469, 0.022173256981297827, 0.0, 0.0, 0.007505238204117134, 0.00476393156717078)",2
11451,48,7,13,"(0.0, 0.02461978404713738, 0.023035932332134326, 0.0, 0.01810411441758469, 0.022173256981297827, 0.0, 0.0, 0.01089208668844536, 0.0028662394738471243)",4
11452,48,7,13,"(0.0, 0.02461978404713738, 0.023035932332134326, 0.0, 0.01810411441758469, 0.02029085197609527, 0.0, 0.0, 0.01089208668844536, 0.00476393156717078)",1
11453,48,7,13,"(0.0, 0.02461978404713738, 0.023035932332134326, 0.0, 0.01810411441758469, 0.022173256981297827, 0.0, 0.0, 0.01089208668844536, 0.00476393156717078)",299
11454,48,7,13,"(0.0, 0.02461978404713738, 0.023035932332134326, 0.0, 0.01810411441758469, 0.022173256981297827, 0.0, 0.0, 0.02602176109267281, 0.00476393156717078)",1
11455,48,7,13,"(0.0, 0.02461978404713738, 0.023035932332134326, 0.0, 0.01810411441758469, 0.022173256981297827, 0.0, 0.0, 0.01089208668844536, 0.0033643693180209567)",1
11456,48,7,13,"(0.0, 0.02461978404713738, 0.023035932332134326, 0.0, 0.014118060743509072, 0.02411608716031347, 0.0, 0.0, 0.0065791172381358546, 0.00476393156717078)",1
11457,48,7,13,"(0.0, 0.02461978404713738, 0.023035932332134326, 0.0, 0.01810411441758469, 0.029828609831418565, 0.0, 0.0, 0.01089208668844536, 0.00476393156717078)",1
11458,48,8,11,"(0.0, 0.0, 0.09864539577037362, 0.02150422363422624, 0.0, 0.030645849071221472, 0.10134814423727004, 0.03811807723895817, 0.026121609841380632, 0.0)",2
11459,48,8,11,"(0.0, 0.0, 0.10457158551425512, 0.02150422363422624, 0.0, 0.030645849071221472, 0.10134814423727004, 0.0386197297757742, 0.026121609841380632, 0.0)",2
11460,48,8,11,"(0.0, 0.0, 0.09864539577037362, 0.02150422363422624, 0.0, 0.030645849071221472, 0.10134814423727004, 0.0386197297757742, 0.023411269962178648, 0.0)",33
11461,48,8,11,"(0.0, 0.0, 0.09864539577037362, 0.02150422363422624, 0.0, 0.04191353992504878, 0.10134814423727004, 0.0386197297757742, 0.026121609841380632, 0.0)",1
11462,48,8,11,"(0.0, 0.0, 0.08845397286804159, 0.02150422363422624, 0.0, 0.030645849071221472, 0.10134814423727004, 0.0386197297757742, 0.026121609841380632, 0.0)",3
11463,48,8,11,"(0.0, 0.0, 0.09864539577037362, 0.026994708590215726, 0.0, 0.030645849071221472, 0.10134814423727004, 0.0386197297757742, 0.023411269962178648, 0.0)",2
11464,48,8,11,"(0.0, 0.0, 0.09864539577037362, 0.02150422363422624, 0.0, 0.030645849071221472, 0.10134814423727004, 0.0386197297757742, 0.026121609841380632, 0.0)",393
11465,48,8,11,"(0.0, 0.0, 0.09864539577037362, 0.02150422363422624, 0.0, 0.030645849071221472, 0.16773790467281977, 0.0386197297757742, 0.026121609841380632, 0.0)",133
11466,48,8,11,"(0.0, 0.0, 0.09864539577037362, 0.02150422363422624, 0.0, 0.02893221714419804, 0.16773790467281977, 0.0386197297757742, 0.026121609841380632, 0.0)",4
11467,48,8,11,"(0.0, 0.0, 0.08676480000179852, 0.02150422363422624, 0.0, 0.030645849071221472, 0.10134814423727004, 0.0386197297757742, 0.026121609841380632, 0.0)",4
11468,48,8,11,"(0.0, 0.0, 0.09864539577037362, 0.02150422363422624, 0.0, 0.030645849071221472, 0.16773790467281977, 0.0386197297757742, 0.015135400026813448, 0.0)",1
11469,48,9,11,"(0.0, 0.0, 0.11755819882518005, 0.01650583712158267, 0.0, 0.02375279233445006, 0.1254348761332085, 0.08028238650273146, 0.026121609841380632, 0.0)",434
11470,48,9,11,"(0.0, 0.0, 0.11755819882518005, 0.01650583712158267, 0.0, 0.023314948974981063, 0.1254348761332085, 0.08028238650273146, 0.026121609841380632, 0.0)",1
11471,48,9,11,"(0.0, 0.0, 0.11755819882518005, 0.01650583712158267, 0.0, 0.02375279233445006, 0.1254348761332085, 0.09807595863208629, 0.026121609841380632, 0.0)",54
11472,48,9,11,"(0.0, 0.0, 0.11755819882518005, 0.01650583712158267, 0.0, 0.01554190860733091, 0.1254348761332085, 0.08028238650273146, 0.026121609841380632, 0.0)",1
11473,48,9,11,"(0.0, 0.0, 0.11755819882518005, 0.01650583712158267, 0.0, 0.022996372873958906, 0.04871316391703687, 0.08028238650273146, 0.026121609841380632, 0.0)",1
11474,48,9,11,"(0.0, 0.0, 0.11755819882518005, 0.01650583712158267, 0.0, 0.02375279233445006, 0.1254348761332085, 0.180094872447828, 0.031157597728965702, 0.0)",1
11475,48,9,11,"(0.0, 0.0, 0.11755819882518005, 0.01650583712158267, 0.0, 0.008702569896520877, 0.1254348761332085, 0.08028238650273146, 0.026121609841380632, 0.0)",1
11476,48,9,11,"(0.0, 0.0, 0.11755819882518005, 0.01650583712158267, 0.0, 0.02375279233445006, 0.1470865839312331, 0.08028238650273146, 0.026121609841380632, 0.0)",1
11477,48,9,11,"(0.0, 0.0, 0.11755819882518005, 0.01650583712158267, 0.0, 0.013439599105444802, 0.1254348761332085, 0.08028238650273146, 0.026121609841380632, 0.0)",40
11478,48,9,11,"(0.0, 0.0, 0.11755819882518005, 0.01650583712158267, 0.0, 0.049965390718390325, 0.1254348761332085, 0.08028238650273146, 0.026121609841380632, 0.0)",3
11479,48,9,11,"(0.0, 0.0, 0.1221862999378854, 0.01650583712158267, 0.0, 0.02375279233445006, 0.1254348761332085, 0.08028238650273146, 0.026121609841380632, 0.0)",1
11480,48,10,13,"(0.0, 0.02461978404713738, 0.021331417135758958, 0.0, 0.01810411441758469, 0.018327253906796452, 0.0, 0.0, 0.01089208668844536, 0.00476393156717078)",1
11481,48,10,13,"(0.0, 0.02461978404713738, 0.023035932332134326, 0.0, 0.01810411441758469, 0.018327253906796452, 0.0, 0.0, 0.01089208668844536, 0.004666819048487097)",1
11482,48,10,13,"(0.0, 0.02461978404713738, 0.023035932332134326, 0.0, 0.01810411441758469, 0.018327253906796452, 0.0, 0.0, 0.009939641879598504, 0.00476393156717078)",7
11483,48,10,13,"(0.0, 0.02461978404713738, 0.023035932332134326, 0.0, 0.01810411441758469, 0.018327253906796452, 0.0, 0.0, 0.01089208668844536, 0.00476393156717078)",361
11484,48,10,13,"(0.0, 0.02461978404713738, 0.03130018858446915, 0.0, 0.01810411441758469, 0.018327253906796452, 0.0, 0.0, 0.01089208668844536, 0.00476393156717078)",3
11485,48,10,13,"(0.0, 0.02461978404713738, 0.010080627322639901, 0.0, 0.01810411441758469, 0.018327253906796452, 0.0, 0.0, 0.01089208668844536, 0.00476393156717078)",1
11486,48,10,13,"(0.0, 0.02461978404713738, 0.023035932332134326, 0.0, 0.01810411441758469, 0.018327253906796452, 0.0, 0.0, 0.01089208668844536, 0.0027001494210121394)",1
11487,48,10,13,"(0.0, 0.02461978404713738, 0.01734795857206815, 0.0, 0.01810411441758469, 0.018327253906796452, 0.0, 0.0, 0.01089208668844536, 0.00476393156717078)",2
11488,48,10,13,"(0.0, 0.02461978404713738, 0.02194937822292356, 0.0, 0.01810411441758469, 0.011074453935803955, 0.0, 0.0, 0.011946753646592239, 0.00476393156717078)",2
11489,48,10,13,"(0.0, 0.02461978404713738, 0.023035932332134326, 0.0, 0.01810411441758469, 0.009617640951108257, 0.0, 0.0, 0.01089208668844536, 0.00476393156717078)",6
11490,48,11,13,"(0.0, 0.02461978404713738, 0.023035932332134326, 0.0, 0.0072298238581471165, 0.03377380023273993, 0.0, 0.0, 0.01089208668844536, 0.0036872173179800785)",1
11491,48,11,13,"(0.0, 0.014809381447127054, 0.023035932332134326, 0.0, 0.011984893248189084, 0.023796671455901853, 0.0, 0.0, 0.01089208668844536, 0.0036872173179800785)",2
11492,48,11,13,"(0.0, 0.02461978404713738, 0.023035932332134326, 0.0, 0.01810411441758469, 0.022173256981297827, 0.0, 0.0, 0.01089208668844536, 0.0036872173179800785)",84
11493,48,11,13,"(0.0, 0.02461978404713738, 0.023035932332134326, 0.0, 0.01810411441758469, 0.022173256981297827, 0.0, 0.0, 0.011419177885137787, 0.008487959716205829)",1
11494,48,11,13,"(0.0, 0.02461978404713738, 0.023035932332134326, 0.0, 0.009132386317106635, 0.023796671455901853, 0.0, 0.0, 0.01089208668844536, 0.0037357604157650754)",1
11495,48,11,13,"(0.0, 0.02461978404713738, 0.023035932332134326, 0.0, 0.011984893248189084, 0.023796671455901853, 0.0, 0.0, 0.01089208668844536, 0.0036872173179800785)",109
11496,48,12,8,"(0.19235562551390653, 0.046525949225991035, 0.0, 0.0, 0.033287719313589995, 0.0, 0.08319516954615302, 0.1116381245929446, 0.0, 0.0)",20
11497,48,12,8,"(0.13237322777610974, 0.046525949225991035, 0.0, 0.0, 0.03268209171422912, 0.0, 0.08319516954615302, 0.1116381245929446, 0.0, 0.0)",5
11498,48,12,8,"(0.25958297547025305, 0.046525949225991035, 0.0, 0.0, 0.04573034632799446, 0.0, 0.08319516954615302, 0.1116381245929446, 0.0, 0.0)",1
11499,48,12,8,"(0.19235562551390653, 0.046525949225991035, 0.0, 0.0, 0.033287719313589995, 0.0, 0.06188076265985791, 0.1116381245929446, 0.0, 0.0)",1
11500,48,12,8,"(0.19235562551390653, 0.046525949225991035, 0.0, 0.0, 0.04573034632799446, 0.0, 0.08319516954615302, 0.27492907696842817, 0.0, 0.0)",4
11501,48,12,8,"(0.19235562551390653, 0.046525949225991035, 0.0, 0.0, 0.04573034632799446, 0.0, 0.08319516954615302, 0.10353437306733468, 0.0, 0.0)",1
11502,48,12,8,"(0.19235562551390653, 0.046525949225991035, 0.0, 0.0, 0.04867006322296244, 0.0, 0.09359167042883731, 0.05858035412080126, 0.0, 0.0)",2
11503,48,12,8,"(0.19235562551390653, 0.046525949225991035, 0.0, 0.0, 0.04573034632799446, 0.0, 0.08319516954615302, 0.1116381245929446, 0.0, 0.0)",214
11504,48,12,10,"(0.028726017090664996, 0.06927916245295945, 0.09682940930282144, 0.0009645517483870068, 0.0, 0.06291875767155253, 0.0, 0.10994488928074131, 0.0, 0.0)",1
11505,48,12,10,"(0.028726017090664996, 0.06927916245295945, 0.09682940930282144, 0.0017773360538905325, 0.0, 0.04969469620089416, 0.0, 0.10994488928074131, 0.0, 0.0)",4
11506,48,12,10,"(0.028726017090664996, 0.06927916245295945, 0.09682940930282144, 0.0017773360538905325, 0.0, 0.048938017462145406, 0.0, 0.10994488928074131, 0.0, 0.0)",2
11507,48,12,10,"(0.028726017090664996, 0.06927916245295945, 0.09682940930282144, 0.0017773360538905325, 0.0, 0.06291875767155253, 0.0, 0.10994488928074131, 0.0, 0.0)",220
11508,48,13,6,"(0.03426039533065134, 0.011572197494497125, 0.0, 0.030181603934096246, 0.007714029980535656, 0.0, 0.019795240631728064, 0.0, 0.016209741115842353, 0.05874522297052942)",1
11509,48,13,6,"(0.030307288886637185, 0.00864880657833172, 0.0, 0.049119283476969894, 0.005422768956954101, 0.0, 0.011205982938107177, 0.0, 0.016209741115842353, 0.05874522297052942)",1
11510,48,13,6,"(0.020254438361691447, 0.011572197494497125, 0.0, 0.030181603934096246, 0.007317102480435422, 0.0, 0.019795240631728064, 0.0, 0.016209741115842353, 0.05874522297052942)",4
11511,48,13,6,"(0.03426039533065134, 0.005306734180015517, 0.0, 0.030181603934096246, 0.005422768956954101, 0.0, 0.019795240631728064, 0.0, 0.016209741115842353, 0.05874522297052942)",4
11512,48,13,6,"(0.03426039533065134, 0.011572197494497125, 0.0, 0.030181603934096246, 0.005422768956954101, 0.0, 0.019795240631728064, 0.0, 0.016209741115842353, 0.05874522297052942)",158
11513,48,13,6,"(0.03426039533065134, 0.011572197494497125, 0.0, 0.024177441492627447, 0.005422768956954101, 0.0, 0.019795240631728064, 0.0, 0.016209741115842353, 0.05874522297052942)",1
11514,48,14,11,"(0.0, 0.0, 0.07563427679391872, 0.01650583712158267, 0.0, 0.030645849071221472, 0.16773790467281977, 0.046237642847009, 0.026121609841380632, 0.0)",348
11515,48,14,13,"(0.0, 0.02461978404713738, 0.023035932332134326, 0.0, 0.01810411441758469, 0.022173256981297827, 0.0, 0.0, 0.013231566378824392, 0.00476393156717078)",63
11516,48,14,13,"(0.0, 0.027277051208552453, 0.018822341689856865, 0.0, 0.00700312499863246, 0.022173256981297827, 0.0, 0.0, 0.01089208668844536, 0.00476393156717078)",2
11517,48,14,13,"(0.0, 0.026115243091622196, 0.023035932332134326, 0.0, 0.01810411441758469, 0.022173256981297827, 0.0, 0.0, 0.01089208668844536, 0.00476393156717078)",1
11518,48,14,13,"(0.0, 0.02461978404713738, 0.023035932332134326, 0.0, 0.01810411441758469, 0.022173256981297827, 0.0, 0.0, 0.01089208668844536, 0.00476393156717078)",167
11519,48,14,13,"(0.0, 0.02461978404713738, 0.02452757737457735, 0.0, 0.01810411441758469, 0.022173256981297827, 0.0, 0.0, 0.01089208668844536, 0.00476393156717078)",1
11520,48,14,13,"(0.0, 0.02461978404713738, 0.023035932332134326, 0.0, 0.014092320664785038, 0.022173256981297827, 0.0, 0.0, 0.01089208668844536, 0.00476393156717078)",1
11521,48,15,11,"(0.0, 0.0, 0.11839367174953695, 0.01650583712158267, 0.0, 0.020355830679555063, 0.16773790467281977, 0.0404147798164449, 0.020668627869582807, 0.0)",1
11522,48,15,11,"(0.0, 0.0, 0.11839367174953695, 0.01650583712158267, 0.0, 0.020355830679555063, 0.16773790467281977, 0.0404147798164449, 0.026121609841380632, 0.0)",75
11523,48,15,11,"(0.0, 0.0, 0.11839367174953695, 0.01650583712158267, 0.0, 0.10178424836430305, 0.16773790467281977, 0.03533630432484464, 0.026121609841380632, 0.0)",1
11524,48,15,11,"(0.0, 0.0, 0.10572577626209426, 0.01650583712158267, 0.0, 0.030645849071221472, 0.16773790467281977, 0.0404147798164449, 0.026121609841380632, 0.0)",8
11525,48,15,11,"(0.0, 0.0, 0.2239426786993922, 0.01650583712158267, 0.0, 0.020355830679555063, 0.16773790467281977, 0.0404147798164449, 0.026121609841380632, 0.0)",5
11526,48,15,11,"(0.0, 0.0, 0.11839367174953695, 0.01650583712158267, 0.0, 0.030645849071221472, 0.16773790467281977, 0.03942429178555497, 0.026121609841380632, 0.0)",1
11527,48,15,11,"(0.0, 0.0, 0.11839367174953695, 0.016395767315088225, 0.0, 0.030645849071221472, 0.16773790467281977, 0.03605790139480776, 0.026121609841380632, 0.0)",3
11528,48,15,11,"(0.0, 0.0, 0.11839367174953695, 0.01650583712158267, 0.0, 0.020355830679555063, 0.16773790467281977, 0.022604056564615255, 0.01779919682477348, 0.0)",1
11529,48,15,11,"(0.0, 0.0, 0.11839367174953695, 0.010588432933661601, 0.0, 0.018092965994506105, 0.16773790467281977, 0.03533630432484464, 0.026121609841380632, 0.0)",1
11530,48,15,11,"(0.0, 0.0, 0.11839367174953695, 0.01650583712158267, 0.0, 0.030645849071221472, 0.16773790467281977, 0.059433343454539427, 0.026121609841380632, 0.0)",1
11531,48,15,11,"(0.0, 0.0, 0.11839367174953695, 0.01650583712158267, 0.0, 0.020164555906646946, 0.16773790467281977, 0.03533630432484464, 0.026121609841380632, 0.0)",2
11532,48,15,11,"(0.0, 0.0, 0.11839367174953695, 0.01650583712158267, 0.0, 0.030645849071221472, 0.16773790467281977, 0.03533630432484464, 0.026121609841380632, 0.0)",126
11533,48,15,11,"(0.0, 0.0, 0.11839367174953695, 0.01650583712158267, 0.0, 0.030645849071221472, 0.16773790467281977, 0.03605790139480776, 0.026121609841380632, 0.0)",116
11534,48,15,11,"(0.0, 0.0, 0.11839367174953695, 0.01650583712158267, 0.0, 0.030645849071221472, 0.16773790467281977, 0.0404147798164449, 0.026121609841380632, 0.0)",217
11535,48,15,11,"(0.0, 0.0, 0.10257210229445202, 0.01650583712158267, 0.0, 0.030645849071221472, 0.16773790467281977, 0.0404147798164449, 0.02728084634906514, 0.0)",22
11536,48,15,11,"(0.0, 0.0, 0.11839367174953695, 0.013504653774747527, 0.0, 0.027536601907236044, 0.17554567753161773, 0.02605830446568726, 0.026121609841380632, 0.0)",2
11537,48,16,1,"(0.0, 0.0, 0.021649193651133596, 0.0, 0.0, 0.01577350458376403, 0.0, 0.0, 0.0, 0.047529216575968564)",1
11538,48,16,1,"(0.0, 0.0, 0.041406372128065916, 0.0, 0.0, 0.01661547177196837, 0.0, 0.0, 0.0, 0.047529216575968564)",2
11539,48,16,1,"(0.0, 0.0, 0.041406372128065916, 0.0, 0.0, 0.0199117526153351, 0.0, 0.0, 0.0, 0.053079885168575563)",194
11540,48,16,1,"(0.0, 0.0, 0.021649193651133596, 0.0, 0.0, 0.0199117526153351, 0.0, 0.0, 0.0, 0.047529216575968564)",76
11541,48,16,1,"(0.0, 0.0, 0.02919597530333461, 0.0, 0.0, 0.02003177425587054, 0.0, 0.0, 0.0, 0.047529216575968564)",1
11542,48,16,1,"(0.0, 0.0, 0.04544270460652545, 0.0, 0.0, 0.0199117526153351, 0.0, 0.0, 0.0, 0.053079885168575563)",33
11543,48,16,1,"(0.0, 0.0, 0.041406372128065916, 0.0, 0.0, 0.0199117526153351, 0.0, 0.0, 0.0, 0.04674627900453842)",2
11544,48,16,1,"(0.0, 0.0, 0.041406372128065916, 0.0, 0.0, 0.01963277577406613, 0.0, 0.0, 0.0, 0.053079885168575563)",1
11545,48,16,1,"(0.0, 0.0, 0.031240966387959368, 0.0, 0.0, 0.0199117526153351, 0.0, 0.0, 0.0, 0.053079885168575563)",1
11546,48,16,1,"(0.0, 0.0, 0.021649193651133596, 0.0, 0.0, 0.0292128760958928, 0.0, 0.0, 0.0, 0.047529216575968564)",5
11547,48,16,1,"(0.0, 0.0, 0.041406372128065916, 0.0, 0.0, 0.0199117526153351, 0.0, 0.0, 0.0, 0.029801531237074852)",1
11548,48,16,1,"(0.0, 0.0, 0.041406372128065916, 0.0, 0.0, 0.0199117526153351, 0.0, 0.0, 0.0, 0.028282063770117993)",1
11549,48,16,1,"(0.0, 0.0, 0.024416808357317018, 0.0, 0.0, 0.01870006111903883, 0.0, 0.0, 0.0, 0.047529216575968564)",2
11550,48,16,1,"(0.0, 0.0, 0.041406372128065916, 0.0, 0.0, 0.010353454874199235, 0.0, 0.0, 0.0, 0.047529216575968564)",3
11551,48,16,1,"(0.0, 0.0, 0.026173391556683016, 0.0, 0.0, 0.0199117526153351, 0.0, 0.0, 0.0, 0.09012731044809622)",1
11552,48,16,1,"(0.0, 0.0, 0.041406372128065916, 0.0, 0.0, 0.0199117526153351, 0.0, 0.0, 0.0, 0.047529216575968564)",360
11553,48,16,8,"(0.10285098697552415, 0.046525949225991035, 0.0, 0.0, 0.07022106556493442, 0.0, 0.060701614823567854, 0.1116381245929446, 0.0, 0.0)",4
11554,48,16,8,"(0.16507889091742442, 0.046525949225991035, 0.0, 0.0, 0.07022106556493442, 0.0, 0.060701614823567854, 0.1116381245929446, 0.0, 0.0)",167
11555,48,16,8,"(0.16507889091742442, 0.061327773863442216, 0.0, 0.0, 0.07022106556493442, 0.0, 0.060701614823567854, 0.1116381245929446, 0.0, 0.0)",6
11556,48,16,8,"(0.16507889091742442, 0.021224935213111695, 0.0, 0.0, 0.07022106556493442, 0.0, 0.060701614823567854, 0.1116381245929446, 0.0, 0.0)",2
11557,48,17,1,"(0.0, 0.0, 0.10650950881622333, 0.0, 0.0, 0.022640784901484766, 0.0, 0.0, 0.0, 0.03169004790543645)",1
11558,48,17,1,"(0.0, 0.0, 0.10650950881622333, 0.0, 0.0, 0.022640784901484766, 0.0, 0.0, 0.0, 0.04289335011252997)",1
11559,48,17,1,"(0.0, 0.0, 0.047599008094159394, 0.0, 0.0, 0.022640784901484766, 0.0, 0.0, 0.0, 0.048994238739387214)",1
11560,48,17,1,"(0.0, 0.0, 0.10650950881622333, 0.0, 0.0, 0.022640784901484766, 0.0, 0.0, 0.0, 0.04557123282186749)",665
11561,48,17,1,"(0.0, 0.0, 0.10650950881622333, 0.0, 0.0, 0.022640784901484766, 0.0, 0.0, 0.0, 0.04907353221942261)",46
11562,48,17,1,"(0.0, 0.0, 0.10650950881622333, 0.0, 0.0, 0.014771864283985216, 0.0, 0.0, 0.0, 0.04557123282186749)",1
11563,48,17,1,"(0.0, 0.0, 0.11172568501583183, 0.0, 0.0, 0.022640784901484766, 0.0, 0.0, 0.0, 0.050814271142762074)",2
11564,48,17,1,"(0.0, 0.0, 0.10650950881622333, 0.0, 0.0, 0.022640784901484766, 0.0, 0.0, 0.0, 0.04158185566542641)",3
11565,48,17,1,"(0.0, 0.0, 0.10650950881622333, 0.0, 0.0, 0.027578147065000978, 0.0, 0.0, 0.0, 0.06231212642540679)",3
11566,48,17,1,"(0.0, 0.0, 0.10650950881622333, 0.0, 0.0, 0.0199770382992231, 0.0, 0.0, 0.0, 0.04557123282186749)",16
11567,48,17,8,"(0.10294337677241405, 0.04632028014141928, 0.0, 0.0, 0.07022106556493442, 0.0, 0.06019794736614155, 0.1116381245929446, 0.0, 0.0)",3
11568,48,17,8,"(0.059133054849653484, 0.04632028014141928, 0.0, 0.0, 0.07022106556493442, 0.0, 0.08319516954615302, 0.1116381245929446, 0.0, 0.0)",11
11569,48,17,8,"(0.10294337677241405, 0.04632028014141928, 0.0, 0.0, 0.07022106556493442, 0.0, 0.08319516954615302, 0.1116381245929446, 0.0, 0.0)",244
11570,48,17,8,"(0.10294337677241405, 0.04632028014141928, 0.0, 0.0, 0.07022106556493442, 0.0, 0.08319516954615302, 0.10283480627331522, 0.0, 0.0)",1
11571,48,17,8,"(0.10294337677241405, 0.04632028014141928, 0.0, 0.0, 0.07022106556493442, 0.0, 0.08319516954615302, 0.06171832159918154, 0.0, 0.0)",2
11572,48,18,10,"(0.07674993938284776, 0.06927916245295945, 0.0955838333441389, 0.0017773360538905325, 0.0, 0.06291875767155253, 0.0, 0.07565516013912733, 0.0, 0.0)",4
11573,48,18,10,"(0.07734904686468291, 0.06927916245295945, 0.09682940930282144, 0.0017773360538905325, 0.0, 0.06291875767155253, 0.0, 0.10994488928074131, 0.0, 0.0)",160
11574,48,18,11,"(0.0, 0.0, 0.08898107447558858, 0.01670063668101573, 0.0, 0.03150275214907511, 0.13038533056739307, 0.08028238650273146, 0.03237357445593655, 0.0)",2
11575,48,18,11,"(0.0, 0.0, 0.08898107447558858, 0.01650583712158267, 0.0, 0.06794703165829474, 0.13038533056739307, 0.08028238650273146, 0.026121609841380632, 0.0)",1
11576,48,18,11,"(0.0, 0.0, 0.09864539577037362, 0.012592967034324843, 0.0, 0.03150275214907511, 0.13038533056739307, 0.08028238650273146, 0.026121609841380632, 0.0)",1
11577,48,18,11,"(0.0, 0.0, 0.08898107447558858, 0.01650583712158267, 0.0, 0.018455520251667842, 0.13038533056739307, 0.08028238650273146, 0.026121609841380632, 0.0)",3
11578,48,18,11,"(0.0, 0.0, 0.08898107447558858, 0.01650583712158267, 0.0, 0.03150275214907511, 0.13038533056739307, 0.08028238650273146, 0.026121609841380632, 0.0)",436
11579,48,18,11,"(0.0, 0.0, 0.08898107447558858, 0.01670063668101573, 0.0, 0.03150275214907511, 0.13038533056739307, 0.08028238650273146, 0.026121609841380632, 0.0)",6
11580,48,18,11,"(0.0, 0.0, 0.08898107447558858, 0.01650583712158267, 0.0, 0.03150275214907511, 0.13038533056739307, 0.062156290488191934, 0.026121609841380632, 0.0)",4
11581,48,18,11,"(0.0, 0.0, 0.08898107447558858, 0.01650583712158267, 0.0, 0.03150275214907511, 0.13038533056739307, 0.08028238650273146, 0.01584775135889662, 0.0)",2
11582,48,18,11,"(0.0, 0.0, 0.09864539577037362, 0.01650583712158267, 0.0, 0.026517541444020774, 0.13038533056739307, 0.08028238650273146, 0.026121609841380632, 0.0)",2
11583,48,18,11,"(0.0, 0.0, 0.08898107447558858, 0.01650583712158267, 0.0, 0.028746667011168948, 0.13038533056739307, 0.08028238650273146, 0.026121609841380632, 0.0)",1
11584,48,18,11,"(0.0, 0.0, 0.08898107447558858, 0.022114788784274322, 0.0, 0.03150275214907511, 0.13038533056739307, 0.08028238650273146, 0.026121609841380632, 0.0)",1
11585,48,18,11,"(0.0, 0.0, 0.09864539577037362, 0.01650583712158267, 0.0, 0.03150275214907511, 0.13038533056739307, 0.08028238650273146, 0.026121609841380632, 0.0)",85
11586,48,19,13,"(0.0, 0.02461978404713738, 0.027053846948939416, 0.0, 0.01810411441758469, 0.01961658900802308, 0.0, 0.0, 0.01089208668844536, 0.0012146923535806386)",4
11587,48,19,13,"(0.0, 0.02461978404713738, 0.027053846948939416, 0.0, 0.014592621082870802, 0.022173256981297827, 0.0, 0.0, 0.01089208668844536, 0.0012444438725253224)",1
11588,48,19,13,"(0.0, 0.02461978404713738, 0.027053846948939416, 0.0, 0.01810411441758469, 0.022173256981297827, 0.0, 0.0, 0.01089208668844536, 0.0012146923535806386)",318
11589,48,19,13,"(0.0, 0.02312185524015287, 0.039512981199156846, 0.0, 0.01810411441758469, 0.01544884492805123, 0.0, 0.0, 0.01089208668844536, 0.0012146923535806386)",35
11590,48,19,13,"(0.0, 0.02461978404713738, 0.027053846948939416, 0.0, 0.023534348887234834, 0.022173256981297827, 0.0, 0.0, 0.01089208668844536, 0.0012146923535806386)",5
11591,48,19,13,"(0.0, 0.02461978404713738, 0.027053846948939416, 0.0, 0.01924650961476335, 0.022173256981297827, 0.0, 0.0, 0.01089208668844536, 0.0012146923535806386)",2
11592,48,19,13,"(0.0, 0.02461978404713738, 0.03301697301689427, 0.0, 0.01810411441758469, 0.022173256981297827, 0.0, 0.0, 0.01089208668844536, 0.0012146923535806386)",1
11593,48,19,13,"(0.0, 0.02461978404713738, 0.027053846948939416, 0.0, 0.010640140830564339, 0.022173256981297827, 0.0, 0.0, 0.01089208668844536, 0.0012146923535806386)",1
11594,48,19,13,"(0.0, 0.02461978404713738, 0.024641587354135772, 0.0, 0.01810411441758469, 0.022173256981297827, 0.0, 0.0, 0.01089208668844536, 0.0012146923535806386)",1
11595,48,19,13,"(0.0, 0.02461978404713738, 0.022943644633372957, 0.0, 0.01810411441758469, 0.022173256981297827, 0.0, 0.0, 0.01089208668844536, 0.0012146923535806386)",1
11596,48,20,10,"(0.07734904686468291, 0.06927916245295945, 0.055882551179426386, 0.000985386015776744, 0.0, 0.04944900445536674, 0.0, 0.10994488928074131, 0.0, 0.0)",1
11597,48,20,10,"(0.07734904686468291, 0.06927916245295945, 0.07135132554419975, 0.0013352749346132082, 0.0, 0.07098859102941131, 0.0, 0.10994488928074131, 0.0, 0.0)",24
11598,48,20,10,"(0.07734904686468291, 0.06927916245295945, 0.055882551179426386, 0.000985386015776744, 0.0, 0.06177004333592379, 0.0, 0.10994488928074131, 0.0, 0.0)",80
11599,48,20,10,"(0.11362959504409041, 0.06927916245295945, 0.055882551179426386, 0.000985386015776744, 0.0, 0.06177004333592379, 0.0, 0.10994488928074131, 0.0, 0.0)",1
11600,48,20,10,"(0.07734904686468291, 0.06927916245295945, 0.07135132554419975, 0.002465447142626361, 0.0, 0.07098859102941131, 0.0, 0.10994488928074131, 0.0, 0.0)",1
11601,48,20,11,"(0.0, 0.0, 0.018004387155732684, 0.01650583712158267, 0.0, 0.011506699340482426, 0.09572491856946197, 0.04681386186606392, 0.018223172304077523, 0.0)",3
11602,48,20,11,"(0.0, 0.0, 0.018004387155732684, 0.01650583712158267, 0.0, 0.018895250128217304, 0.09572491856946197, 0.04681386186606392, 0.020768748166351655, 0.0)",472
11603,48,20,11,"(0.0, 0.0, 0.018004387155732684, 0.02492672732986405, 0.0, 0.02548938439096223, 0.09572491856946197, 0.05885302880459243, 0.05929289897253925, 0.0)",1
11604,48,20,11,"(0.0, 0.0, 0.018004387155732684, 0.009593689254514603, 0.0, 0.008903124922407135, 0.09572491856946197, 0.04681386186606392, 0.03479283016540107, 0.0)",2
11605,48,20,11,"(0.0, 0.0, 0.016154843108335062, 0.01650583712158267, 0.0, 0.018895250128217304, 0.09572491856946197, 0.04681386186606392, 0.020768748166351655, 0.0)",1
11606,48,20,11,"(0.0, 0.0, 0.018004387155732684, 0.01650583712158267, 0.0, 0.018895250128217304, 0.09572491856946197, 0.03331702344128049, 0.02286938063976651, 0.0)",1
11607,48,20,11,"(0.0, 0.0, 0.018004387155732684, 0.01650583712158267, 0.0, 0.018895250128217304, 0.09572491856946197, 0.060330691303975933, 0.020768748166351655, 0.0)",1
11608,48,20,11,"(0.0, 0.0, 0.018004387155732684, 0.01650583712158267, 0.0, 0.018895250128217304, 0.07960242880783304, 0.04681386186606392, 0.020768748166351655, 0.0)",30
11609,48,20,11,"(0.0, 0.0, 0.018004387155732684, 0.02492672732986405, 0.0, 0.02548938439096223, 0.09572491856946197, 0.05885302880459243, 0.036485718580663774, 0.0)",90
11610,48,20,11,"(0.0, 0.0, 0.018004387155732684, 0.01650583712158267, 0.0, 0.018895250128217304, 0.09572491856946197, 0.12994034557175324, 0.020768748166351655, 0.0)",2
11611,48,20,11,"(0.0, 0.0, 0.018004387155732684, 0.01650583712158267, 0.0, 0.018895250128217304, 0.09572491856946197, 0.04234389839907605, 0.020768748166351655, 0.0)",2
11612,49,0,11,"(0.0, 0.0, 0.06200374261520503, 0.010654525538403636, 0.0, 0.030645849071221472, 0.16773790467281977, 0.037695078031116706, 0.026121609841380632, 0.0)",155
11613,49,0,11,"(0.0, 0.0, 0.06982590256748178, 0.010654525538403636, 0.0, 0.030645849071221472, 0.16773790467281977, 0.037695078031116706, 0.026121609841380632, 0.0)",11
11614,49,0,11,"(0.0, 0.0, 0.06200374261520503, 0.010654525538403636, 0.0, 0.030645849071221472, 0.16773790467281977, 0.037695078031116706, 0.016851640543895888, 0.0)",93
11615,49,0,11,"(0.0, 0.0, 0.06200374261520503, 0.010654525538403636, 0.0, 0.02121266180286281, 0.16773790467281977, 0.037695078031116706, 0.016851640543895888, 0.0)",15
11616,49,0,11,"(0.0, 0.0, 0.06200374261520503, 0.010654525538403636, 0.0, 0.030645849071221472, 0.16773790467281977, 0.06471128129841798, 0.026121609841380632, 0.0)",293
11617,49,0,11,"(0.0, 0.0, 0.06200374261520503, 0.010654525538403636, 0.0, 0.030645849071221472, 0.10240891674655964, 0.06471128129841798, 0.026121609841380632, 0.0)",1
11618,49,0,11,"(0.0, 0.0, 0.06200374261520503, 0.010654525538403636, 0.0, 0.03523605070823176, 0.16773790467281977, 0.037695078031116706, 0.011173387026300689, 0.0)",12
11619,49,0,11,"(0.0, 0.0, 0.06200374261520503, 0.010654525538403636, 0.0, 0.030645849071221472, 0.16773790467281977, 0.06471128129841798, 0.014928938851282766, 0.0)",1
11620,49,0,11,"(0.0, 0.0, 0.06200374261520503, 0.010654525538403636, 0.0, 0.030645849071221472, 0.2643100352235479, 0.037695078031116706, 0.016851640543895888, 0.0)",1
11621,49,0,11,"(0.0, 0.0, 0.06200374261520503, 0.010654525538403636, 0.0, 0.030645849071221472, 0.16773790467281977, 0.06471128129841798, 0.022393449456181175, 0.0)",2
11622,49,0,11,"(0.0, 0.0, 0.06200374261520503, 0.010654525538403636, 0.0, 0.026118127799490607, 0.16773790467281977, 0.03545033268254812, 0.026121609841380632, 0.0)",2
11623,49,1,6,"(0.03426039533065134, 0.011572197494497125, 0.0, 0.03727233191999798, 0.005422768956954101, 0.0, 0.019795240631728064, 0.0, 0.028146417112716555, 0.05874522297052942)",3
11624,49,1,6,"(0.03426039533065134, 0.004339758897578592, 0.0, 0.030181603934096246, 0.005422768956954101, 0.0, 0.019795240631728064, 0.0, 0.028146417112716555, 0.07116097494051055)",1
11625,49,1,6,"(0.03426039533065134, 0.011572197494497125, 0.0, 0.030181603934096246, 0.005422768956954101, 0.0, 0.019795240631728064, 0.0, 0.028146417112716555, 0.05874522297052942)",260
11626,49,1,6,"(0.02422294317470984, 0.011572197494497125, 0.0, 0.030181603934096246, 0.005422768956954101, 0.0, 0.014359778140881137, 0.0, 0.028146417112716555, 0.05874522297052942)",1
11627,49,1,6,"(0.03426039533065134, 0.011572197494497125, 0.0, 0.03727233191999798, 0.005422768956954101, 0.0, 0.019795240631728064, 0.0, 0.028146417112716555, 0.16868549373655717)",1
11628,49,1,8,"(0.07111035742329365, 0.046525949225991035, 0.0, 0.0, 0.051217346146779696, 0.0, 0.08319516954615302, 0.09513444883351557, 0.0, 0.0)",180
11629,49,1,8,"(0.07111035742329365, 0.046525949225991035, 0.0, 0.0, 0.051217346146779696, 0.0, 0.08319516954615302, 0.1519748823534321, 0.0, 0.0)",4
11630,49,1,8,"(0.09959049938508624, 0.05186702008015597, 0.0, 0.0, 0.051217346146779696, 0.0, 0.08319516954615302, 0.09513444883351557, 0.0, 0.0)",1
11631,49,2,13,"(0.0, 0.031071622205233424, 0.023035932332134326, 0.0, 0.00970885425506607, 0.022173256981297827, 0.0, 0.0, 0.01089208668844536, 0.00476393156717078)",140
11632,49,2,13,"(0.0, 0.025335191377890733, 0.023035932332134326, 0.0, 0.00970885425506607, 0.018470784752514343, 0.0, 0.0, 0.01089208668844536, 0.00476393156717078)",1
11633,49,2,13,"(0.0, 0.04158709886059244, 0.023035932332134326, 0.0, 0.00970885425506607, 0.022173256981297827, 0.0, 0.0, 0.01089208668844536, 0.00476393156717078)",1
11634,49,2,13,"(0.0, 0.02461978404713738, 0.024745117565422844, 0.0, 0.00970885425506607, 0.022173256981297827, 0.0, 0.0, 0.01089208668844536, 0.00476393156717078)",1
11635,49,2,13,"(0.0, 0.031071622205233424, 0.023035932332134326, 0.0, 0.008194331608478782, 0.022173256981297827, 0.0, 0.0, 0.01089208668844536, 0.00476393156717078)",3
11636,49,2,13,"(0.0, 0.02461978404713738, 0.023035932332134326, 0.0, 0.008851208314058596, 0.01909725301455796, 0.0, 0.0, 0.01784227870154599, 0.00476393156717078)",1
11637,49,2,13,"(0.0, 0.03166551126635037, 0.023035932332134326, 0.0, 0.009107717874973765, 0.022173256981297827, 0.0, 0.0, 0.01089208668844536, 0.00476393156717078)",6
11638,49,2,13,"(0.0, 0.02461978404713738, 0.023035932332134326, 0.0, 0.00970885425506607, 0.022173256981297827, 0.0, 0.0, 0.01089208668844536, 0.00476393156717078)",78
11639,49,2,13,"(0.0, 0.031071622205233424, 0.023035932332134326, 0.0, 0.0075370173465318675, 0.022173256981297827, 0.0, 0.0, 0.01089208668844536, 0.005604558788182742)",2
11640,49,2,13,"(0.0, 0.02461978404713738, 0.023035932332134326, 0.0, 0.005603488766427036, 0.022173256981297827, 0.0, 0.0, 0.01089208668844536, 0.00476393156717078)",1
11641,49,3,13,"(0.0, 0.018995649598124095, 0.023035932332134326, 0.0, 0.013397120020122293, 0.022173256981297827, 0.0, 0.0, 0.01089208668844536, 0.0024406349647482155)",34
11642,49,3,13,"(0.0, 0.016812793263027655, 0.023035932332134326, 0.0, 0.013397120020122293, 0.022173256981297827, 0.0, 0.0, 0.01089208668844536, 0.0024406349647482155)",28
11643,49,3,13,"(0.0, 0.02461978404713738, 0.02037510334895166, 0.0, 0.013397120020122293, 0.022173256981297827, 0.0, 0.0, 0.01089208668844536, 0.0024406349647482155)",2
11644,49,3,13,"(0.0, 0.02461978404713738, 0.02085395321920053, 0.0, 0.013397120020122293, 0.022173256981297827, 0.0, 0.0, 0.01089208668844536, 0.0024406349647482155)",1
11645,49,3,13,"(0.0, 0.02461978404713738, 0.023035932332134326, 0.0, 0.013397120020122293, 0.022173256981297827, 0.0, 0.0, 0.01089208668844536, 0.0024406349647482155)",299
11646,49,3,13,"(0.0, 0.02461978404713738, 0.02515884196149369, 0.0, 0.013397120020122293, 0.022173256981297827, 0.0, 0.0, 0.01089208668844536, 0.0024406349647482155)",1
11647,49,3,13,"(0.0, 0.02461978404713738, 0.023035932332134326, 0.0, 0.013397120020122293, 0.022173256981297827, 0.0, 0.0, 0.009686978101420135, 0.0024406349647482155)",1
11648,49,3,13,"(0.0, 0.02461978404713738, 0.023035932332134326, 0.0, 0.02004693476531024, 0.022173256981297827, 0.0, 0.0, 0.01089208668844536, 0.0031870608216338016)",1
11649,49,3,13,"(0.0, 0.016812793263027655, 0.010301448308469128, 0.0, 0.013397120020122293, 0.022173256981297827, 0.0, 0.0, 0.01089208668844536, 0.0024406349647482155)",2
11650,49,3,13,"(0.0, 0.02461978404713738, 0.023035932332134326, 0.0, 0.013397120020122293, 0.022173256981297827, 0.0, 0.0, 0.01089208668844536, 0.0029146752314235616)",1
11651,49,4,11,"(0.0, 0.0, 0.07738871778133581, 0.01650583712158267, 0.0, 0.030645849071221472, 0.08153022673827125, 0.05857404215190173, 0.026121609841380632, 0.0)",1
11652,49,4,11,"(0.0, 0.0, 0.09864539577037362, 0.01650583712158267, 0.0, 0.030645849071221472, 0.051415701052618765, 0.07240876560513207, 0.026121609841380632, 0.0)",6
11653,49,4,11,"(0.0, 0.0, 0.09864539577037362, 0.01650583712158267, 0.0, 0.02988014000392991, 0.15955588420508723, 0.07240876560513207, 0.026121609841380632, 0.0)",2
11654,49,4,11,"(0.0, 0.0, 0.09864539577037362, 0.01650583712158267, 0.0, 0.030645849071221472, 0.08153022673827125, 0.057041337911229506, 0.026121609841380632, 0.0)",1
11655,49,4,11,"(0.0, 0.0, 0.09864539577037362, 0.021604508542486425, 0.0, 0.030645849071221472, 0.08153022673827125, 0.04134060207026595, 0.026121609841380632, 0.0)",1
11656,49,4,11,"(0.0, 0.0, 0.09864539577037362, 0.01650583712158267, 0.0, 0.016452332410446573, 0.08153022673827125, 0.07240876560513207, 0.026121609841380632, 0.0)",6
11657,49,4,11,"(0.0, 0.0, 0.09864539577037362, 0.01650583712158267, 0.0, 0.030645849071221472, 0.08153022673827125, 0.07240876560513207, 0.030384900181822255, 0.0)",2
11658,49,4,11,"(0.0, 0.0, 0.09864539577037362, 0.01650583712158267, 0.0, 0.04030128450692415, 0.08153022673827125, 0.07240876560513207, 0.026121609841380632, 0.0)",18
11659,49,4,11,"(0.0, 0.0, 0.09864539577037362, 0.01650583712158267, 0.0, 0.030645849071221472, 0.07883974510669825, 0.07693980969231068, 0.026121609841380632, 0.0)",2
11660,49,4,11,"(0.0, 0.0, 0.09864539577037362, 0.01650583712158267, 0.0, 0.030830774741609713, 0.08153022673827125, 0.07240876560513207, 0.026121609841380632, 0.0)",1
11661,49,4,11,"(0.0, 0.0, 0.09864539577037362, 0.01650583712158267, 0.0, 0.030645849071221472, 0.08153022673827125, 0.07240876560513207, 0.026121609841380632, 0.0)",452
11662,49,4,11,"(0.0, 0.0, 0.09864539577037362, 0.01708360955045878, 0.0, 0.020049488126462782, 0.08153022673827125, 0.07240876560513207, 0.02437936988096238, 0.0)",11
11663,49,5,0,"(0.01809774392400483, 0.0, 0.0, 0.0, 0.0, 0.038664151314593, 0.08380840797570269, 0.0374100191530929, 0.0, 0.0)",2
11664,49,5,0,"(0.07400250769571483, 0.0, 0.0, 0.0, 0.0, 0.038664151314593, 0.08380840797570269, 0.03272906222092216, 0.0, 0.0)",1
11665,49,5,0,"(0.0402479284341202, 0.0, 0.0, 0.0, 0.0, 0.038664151314593, 0.08380840797570269, 0.06261049614614052, 0.0, 0.0)",132
11666,49,5,0,"(0.058167444696949, 0.0, 0.0, 0.0, 0.0, 0.038664151314593, 0.08380840797570269, 0.06261049614614052, 0.0, 0.0)",1
11667,49,5,0,"(0.03306052656014527, 0.0, 0.0, 0.0, 0.0, 0.038664151314593, 0.08380840797570269, 0.06261049614614052, 0.0, 0.0)",1
11668,49,5,0,"(0.0402479284341202, 0.0, 0.0, 0.0, 0.0, 0.038664151314593, 0.08026917317035065, 0.06261049614614052, 0.0, 0.0)",1
11669,49,5,0,"(0.0402479284341202, 0.0, 0.0, 0.0, 0.0, 0.038664151314593, 0.08380840797570269, 0.05856459457799183, 0.0, 0.0)",1
11670,49,5,0,"(0.0402479284341202, 0.0, 0.0, 0.0, 0.0, 0.038664151314593, 0.08380840797570269, 0.0374100191530929, 0.0, 0.0)",8
11671,49,5,0,"(0.07400250769571483, 0.0, 0.0, 0.0, 0.0, 0.038664151314593, 0.08380840797570269, 0.06261049614614052, 0.0, 0.0)",117
11672,49,5,6,"(0.03426039533065134, 0.011572197494497125, 0.0, 0.030181603934096246, 0.008219808932221646, 0.0, 0.019795240631728064, 0.0, 0.058051376632678606, 0.05874522297052942)",2
11673,49,5,6,"(0.03426039533065134, 0.00981120587572798, 0.0, 0.030181603934096246, 0.008219808932221646, 0.0, 0.019795240631728064, 0.0, 0.028146417112716555, 0.05874522297052942)",1
11674,49,5,6,"(0.03426039533065134, 0.011572197494497125, 0.0, 0.030181603934096246, 0.005422768956954101, 0.0, 0.011745527974855572, 0.0, 0.028146417112716555, 0.05874522297052942)",1
11675,49,5,6,"(0.03151820492351189, 0.011572197494497125, 0.0, 0.030181603934096246, 0.008219808932221646, 0.0, 0.019795240631728064, 0.0, 0.028146417112716555, 0.1601346979257823)",1
11676,49,5,6,"(0.03426039533065134, 0.011572197494497125, 0.0, 0.030181603934096246, 0.008219808932221646, 0.0, 0.019795240631728064, 0.0, 0.028146417112716555, 0.05874522297052942)",156
11677,49,5,6,"(0.03426039533065134, 0.011572197494497125, 0.0, 0.030181603934096246, 0.005422768956954101, 0.0, 0.019795240631728064, 0.0, 0.028146417112716555, 0.05874522297052942)",126
11678,49,5,6,"(0.03426039533065134, 0.0075715827809128, 0.0, 0.016785923505375982, 0.008219808932221646, 0.0, 0.019795240631728064, 0.0, 0.028146417112716555, 0.05874522297052942)",2
11679,49,6,0,"(0.03685969057246888, 0.0, 0.0, 0.0, 0.0, 0.006323886931310055, 0.07011830437097326, 0.06627066634944925, 0.0, 0.0)",1
11680,49,6,0,"(0.024719292391342306, 0.0, 0.0, 0.0, 0.0, 0.008817009549925509, 0.08132540470947182, 0.06627066634944925, 0.0, 0.0)",1
11681,49,6,0,"(0.046016769014978, 0.0, 0.0, 0.0, 0.0, 0.006323886931310055, 0.07011830437097326, 0.06627066634944925, 0.0, 0.0)",158
11682,49,6,0,"(0.046016769014978, 0.0, 0.0, 0.0, 0.0, 0.006323886931310055, 0.07223342597208528, 0.06627066634944925, 0.0, 0.0)",88
11683,49,6,0,"(0.024719292391342306, 0.0, 0.0, 0.0, 0.0, 0.006323886931310055, 0.08132540470947182, 0.06627066634944925, 0.0, 0.0)",54
11684,49,7,13,"(0.0, 0.02461978404713738, 0.023035932332134326, 0.0, 0.01810411441758469, 0.019818486630560576, 0.0, 0.0, 0.01089208668844536, 0.004433888475593076)",2
11685,49,7,13,"(0.0, 0.013889257199803454, 0.023035932332134326, 0.0, 0.01810411441758469, 0.022173256981297827, 0.0, 0.0, 0.01089208668844536, 0.00476393156717078)",1
11686,49,7,13,"(0.0, 0.02461978404713738, 0.023035932332134326, 0.0, 0.01810411441758469, 0.022173256981297827, 0.0, 0.0, 0.01089208668844536, 0.0034803174037742438)",1
11687,49,7,13,"(0.0, 0.02461978404713738, 0.023035932332134326, 0.0, 0.01810411441758469, 0.022173256981297827, 0.0, 0.0, 0.01089208668844536, 0.0028662394738471243)",11
11688,49,7,13,"(0.0, 0.025392925481201662, 0.023035932332134326, 0.0, 0.01810411441758469, 0.022173256981297827, 0.0, 0.0, 0.009642293041707349, 0.00476393156717078)",1
11689,49,7,13,"(0.0, 0.02461978404713738, 0.023035932332134326, 0.0, 0.011570921415025566, 0.022173256981297827, 0.0, 0.0, 0.01089208668844536, 0.005103843819855645)",2
11690,49,7,13,"(0.0, 0.02461978404713738, 0.023035932332134326, 0.0, 0.01810411441758469, 0.022173256981297827, 0.0, 0.0, 0.01110452395915702, 0.00476393156717078)",1
11691,49,7,13,"(0.0, 0.02461978404713738, 0.023035932332134326, 0.0, 0.01810411441758469, 0.022173256981297827, 0.0, 0.0, 0.01089208668844536, 0.00476393156717078)",324
11692,49,7,13,"(0.0, 0.02461978404713738, 0.023035932332134326, 0.0, 0.01810411441758469, 0.0349765916189351, 0.0, 0.0, 0.01089208668844536, 0.00476393156717078)",1
11693,49,7,13,"(0.0, 0.02461978404713738, 0.023035932332134326, 0.0, 0.01810411441758469, 0.022173256981297827, 0.0, 0.0, 0.01089208668844536, 0.0036146660037805283)",2
11694,49,7,13,"(0.0, 0.019639617580455026, 0.023035932332134326, 0.0, 0.01810411441758469, 0.021993426249016255, 0.0, 0.0, 0.01089208668844536, 0.00476393156717078)",1
11695,49,8,11,"(0.0, 0.0, 0.09864539577037362, 0.02150422363422624, 0.0, 0.030645849071221472, 0.16773790467281977, 0.0386197297757742, 0.026121609841380632, 0.0)",109
11696,49,8,11,"(0.0, 0.0, 0.08676480000179852, 0.02150422363422624, 0.0, 0.030645849071221472, 0.10134814423727004, 0.0386197297757742, 0.026121609841380632, 0.0)",9
11697,49,8,11,"(0.0, 0.0, 0.09864539577037362, 0.02150422363422624, 0.0, 0.030645849071221472, 0.10134814423727004, 0.0386197297757742, 0.019648061499613245, 0.0)",1
11698,49,8,11,"(0.0, 0.0, 0.09864539577037362, 0.018429191129697542, 0.0, 0.030645849071221472, 0.10134814423727004, 0.0386197297757742, 0.026121609841380632, 0.0)",1
11699,49,8,11,"(0.0, 0.0, 0.09864539577037362, 0.02150422363422624, 0.0, 0.030645849071221472, 0.10134814423727004, 0.02044507322430913, 0.03087319719498501, 0.0)",1
11700,49,8,11,"(0.0, 0.0, 0.09864539577037362, 0.02150422363422624, 0.0, 0.030645849071221472, 0.10134814423727004, 0.0386197297757742, 0.026121609841380632, 0.0)",439
11701,49,8,11,"(0.0, 0.0, 0.09864539577037362, 0.028045466823345834, 0.0, 0.030645849071221472, 0.08329286715311779, 0.0386197297757742, 0.026121609841380632, 0.0)",1
11702,49,8,11,"(0.0, 0.0, 0.09864539577037362, 0.016865515225314816, 0.0, 0.030645849071221472, 0.10134814423727004, 0.0386197297757742, 0.026121609841380632, 0.0)",1
11703,49,8,11,"(0.0, 0.0, 0.09864539577037362, 0.028605778676003748, 0.0, 0.030645849071221472, 0.10134814423727004, 0.0386197297757742, 0.026121609841380632, 0.0)",1
11704,49,8,11,"(0.0, 0.0, 0.09864539577037362, 0.02150422363422624, 0.0, 0.030645849071221472, 0.10134814423727004, 0.0386197297757742, 0.023411269962178648, 0.0)",27
11705,49,9,11,"(0.0, 0.0, 0.11755819882518005, 0.01650583712158267, 0.0, 0.02485821039037151, 0.1254348761332085, 0.08028238650273146, 0.026121609841380632, 0.0)",2
11706,49,9,11,"(0.0, 0.0, 0.11755819882518005, 0.01650583712158267, 0.0, 0.0278519902440352, 0.1254348761332085, 0.08028238650273146, 0.026121609841380632, 0.0)",1
11707,49,9,11,"(0.0, 0.0, 0.11755819882518005, 0.01650583712158267, 0.0, 0.02375279233445006, 0.1254348761332085, 0.08028238650273146, 0.026121609841380632, 0.0)",508
11708,49,9,11,"(0.0, 0.0, 0.11755819882518005, 0.015258635167551226, 0.0, 0.03214231540408932, 0.1254348761332085, 0.08028238650273146, 0.026121609841380632, 0.0)",6
11709,49,9,11,"(0.0, 0.0, 0.11755819882518005, 0.01650583712158267, 0.0, 0.028578665479447842, 0.1254348761332085, 0.07317521267504307, 0.0192590936992744, 0.0)",2
11710,49,9,11,"(0.0, 0.0, 0.11755819882518005, 0.01650583712158267, 0.0, 0.02375279233445006, 0.1254348761332085, 0.09807595863208629, 0.026121609841380632, 0.0)",49
11711,49,9,11,"(0.0, 0.0, 0.11755819882518005, 0.01650583712158267, 0.0, 0.015439530796109473, 0.1254348761332085, 0.08028238650273146, 0.026121609841380632, 0.0)",3
11712,49,9,11,"(0.0, 0.0, 0.11755819882518005, 0.01650583712158267, 0.0, 0.02375279233445006, 0.1232728002607504, 0.08028238650273146, 0.026121609841380632, 0.0)",2
11713,49,9,11,"(0.0, 0.0, 0.11755819882518005, 0.01650583712158267, 0.0, 0.02375279233445006, 0.1254348761332085, 0.0692867225107675, 0.026121609841380632, 0.0)",2
11714,49,10,13,"(0.0, 0.02461978404713738, 0.023035932332134326, 0.0, 0.01810411441758469, 0.018327253906796452, 0.0, 0.0, 0.009939641879598504, 0.00476393156717078)",40
11715,49,10,13,"(0.0, 0.022923384382828545, 0.023035932332134326, 0.0, 0.01810411441758469, 0.018327253906796452, 0.0, 0.0, 0.01089208668844536, 0.00476393156717078)",5
11716,49,10,13,"(0.0, 0.04094648968512043, 0.023035932332134326, 0.0, 0.01810411441758469, 0.018327253906796452, 0.0, 0.0, 0.01089208668844536, 0.00476393156717078)",1
11717,49,10,13,"(0.0, 0.012303686897101363, 0.023035932332134326, 0.0, 0.01810411441758469, 0.018327253906796452, 0.0, 0.0, 0.013916934991652202, 0.00476393156717078)",1
11718,49,10,13,"(0.0, 0.02461978404713738, 0.023035932332134326, 0.0, 0.01810411441758469, 0.02063903808313311, 0.0, 0.0, 0.01089208668844536, 0.00476393156717078)",2
11719,49,10,13,"(0.0, 0.02461978404713738, 0.023035932332134326, 0.0, 0.01810411441758469, 0.014298480021062314, 0.0, 0.0, 0.01089208668844536, 0.00476393156717078)",1
11720,49,10,13,"(0.0, 0.02461978404713738, 0.027028028476816773, 0.0, 0.01810411441758469, 0.018327253906796452, 0.0, 0.0, 0.01102006669063703, 0.00476393156717078)",2
11721,49,10,13,"(0.0, 0.02461978404713738, 0.023035932332134326, 0.0, 0.012398261573457697, 0.028742298147321495, 0.0, 0.0, 0.009939641879598504, 0.00476393156717078)",1
11722,49,10,13,"(0.0, 0.02461978404713738, 0.023035932332134326, 0.0, 0.01810411441758469, 0.018327253906796452, 0.0, 0.0, 0.01089208668844536, 0.008890106700466511)",10
11723,49,10,13,"(0.0, 0.02461978404713738, 0.02194937822292356, 0.0, 0.01810411441758469, 0.011074453935803955, 0.0, 0.0, 0.011946753646592239, 0.00476393156717078)",10
11724,49,10,13,"(0.0, 0.02461978404713738, 0.023035932332134326, 0.0, 0.01810411441758469, 0.018327253906796452, 0.0, 0.0, 0.00410761467711884, 0.00476393156717078)",13
11725,49,10,13,"(0.0, 0.02461978404713738, 0.023035932332134326, 0.0, 0.01810411441758469, 0.018327253906796452, 0.0, 0.0, 0.01089208668844536, 0.00476393156717078)",203
11726,49,11,13,"(0.0, 0.02461978404713738, 0.023035932332134326, 0.0, 0.011984893248189084, 0.023796671455901853, 0.0, 0.0, 0.01089208668844536, 0.005941391765845703)",1
11727,49,11,13,"(0.0, 0.02461978404713738, 0.023035932332134326, 0.0, 0.009132386317106635, 0.023796671455901853, 0.0, 0.0, 0.01089208668844536, 0.0037357604157650754)",36
11728,49,11,13,"(0.0, 0.02461978404713738, 0.04865819081325997, 0.0, 0.01810411441758469, 0.022173256981297827, 0.0, 0.0, 0.01089208668844536, 0.0036872173179800785)",1
11729,49,11,13,"(0.0, 0.02461978404713738, 0.023035932332134326, 0.0, 0.015434173009440414, 0.022173256981297827, 0.0, 0.0, 0.01089208668844536, 0.0036872173179800785)",1
11730,49,11,13,"(0.0, 0.02461978404713738, 0.023035932332134326, 0.0, 0.01810411441758469, 0.022173256981297827, 0.0, 0.0, 0.01089208668844536, 0.003475060268064481)",1
11731,49,11,13,"(0.0, 0.02461978404713738, 0.023035932332134326, 0.0, 0.011984893248189084, 0.023796671455901853, 0.0, 0.0, 0.01089208668844536, 0.0036872173179800785)",178
11732,49,11,13,"(0.0, 0.02461978404713738, 0.023035932332134326, 0.0, 0.01810411441758469, 0.022173256981297827, 0.0, 0.0, 0.01089208668844536, 0.0036872173179800785)",85
11733,49,11,13,"(0.0, 0.02461978404713738, 0.023035932332134326, 0.0, 0.011984893248189084, 0.023796671455901853, 0.0, 0.0, 0.01089208668844536, 0.004395185082329126)",1
11734,49,11,13,"(0.0, 0.02461978404713738, 0.023035932332134326, 0.0, 0.009132386317106635, 0.023210684359580448, 0.0, 0.0, 0.01089208668844536, 0.0037357604157650754)",29
11735,49,11,13,"(0.0, 0.02461978404713738, 0.023035932332134326, 0.0, 0.011984893248189084, 0.023796671455901853, 0.0, 0.0, 0.011788944694120321, 0.0036872173179800785)",1
11736,49,11,13,"(0.0, 0.02461978404713738, 0.03503862067589283, 0.0, 0.009132386317106635, 0.023796671455901853, 0.0, 0.0, 0.01089208668844536, 0.0037357604157650754)",2
11737,49,11,13,"(0.0, 0.02461978404713738, 0.023035932332134326, 0.0, 0.01810411441758469, 0.03783485088645013, 0.0, 0.0, 0.01089208668844536, 0.0036872173179800785)",1
11738,49,11,13,"(0.0, 0.02461978404713738, 0.023035932332134326, 0.0, 0.011984893248189084, 0.023796671455901853, 0.0, 0.0, 0.01508560201378691, 0.0036872173179800785)",1
11739,49,11,13,"(0.0, 0.02461978404713738, 0.023035932332134326, 0.0, 0.01810411441758469, 0.022173256981297827, 0.0, 0.0, 0.01089208668844536, 0.004137326596460456)",1
11740,49,12,8,"(0.19235562551390653, 0.046525949225991035, 0.0, 0.0, 0.045183522654884734, 0.0, 0.08319516954615302, 0.1116381245929446, 0.0, 0.0)",1
11741,49,12,8,"(0.19235562551390653, 0.046525949225991035, 0.0, 0.0, 0.04573034632799446, 0.0, 0.08319516954615302, 0.1116381245929446, 0.0, 0.0)",238
11742,49,12,8,"(0.19235562551390653, 0.046525949225991035, 0.0, 0.0, 0.04573034632799446, 0.0, 0.08418569619109084, 0.1116381245929446, 0.0, 0.0)",3
11743,49,12,8,"(0.13237322777610974, 0.046525949225991035, 0.0, 0.0, 0.03268209171422912, 0.0, 0.08319516954615302, 0.1116381245929446, 0.0, 0.0)",23
11744,49,12,8,"(0.2078593594828419, 0.046525949225991035, 0.0, 0.0, 0.04573034632799446, 0.0, 0.08319516954615302, 0.1116381245929446, 0.0, 0.0)",2
11745,49,12,8,"(0.1964160983307875, 0.046525949225991035, 0.0, 0.0, 0.04573034632799446, 0.0, 0.08319516954615302, 0.1116381245929446, 0.0, 0.0)",2
11746,49,12,10,"(0.028726017090664996, 0.06927916245295945, 0.09682940930282144, 0.0017773360538905325, 0.0, 0.06291875767155253, 0.0, 0.10994488928074131, 0.0, 0.0)",223
11747,49,12,10,"(0.028726017090664996, 0.06927916245295945, 0.09682940930282144, 0.0017773360538905325, 0.0, 0.048938017462145406, 0.0, 0.10994488928074131, 0.0, 0.0)",20
11748,49,12,10,"(0.028726017090664996, 0.06927916245295945, 0.09682940930282144, 0.0017773360538905325, 0.0, 0.06291875767155253, 0.0, 0.195612081540879, 0.0, 0.0)",2
11749,49,12,10,"(0.022698115422776718, 0.06927916245295945, 0.09682940930282144, 0.001396436157167052, 0.0, 0.05792481691233399, 0.0, 0.10994488928074131, 0.0, 0.0)",4
11750,49,12,10,"(0.022698115422776718, 0.06927916245295945, 0.09682940930282144, 0.0017773360538905325, 0.0, 0.06291875767155253, 0.0, 0.10994488928074131, 0.0, 0.0)",20
11751,49,13,6,"(0.03426039533065134, 0.011572197494497125, 0.0, 0.030181603934096246, 0.005422768956954101, 0.0, 0.019795240631728064, 0.0, 0.016209741115842353, 0.05874522297052942)",168
11752,49,13,6,"(0.03426039533065134, 0.009181525683259011, 0.0, 0.030181603934096246, 0.005422768956954101, 0.0, 0.019795240631728064, 0.0, 0.016209741115842353, 0.05874522297052942)",1
11753,49,13,6,"(0.03426039533065134, 0.011572197494497125, 0.0, 0.01925826832049533, 0.005422768956954101, 0.0, 0.019795240631728064, 0.0, 0.016209741115842353, 0.05874522297052942)",1
11754,49,14,11,"(0.0, 0.0, 0.07563427679391872, 0.01650583712158267, 0.0, 0.030645849071221472, 0.16773790467281977, 0.046237642847009, 0.026121609841380632, 0.0)",344
11755,49,14,11,"(0.0, 0.0, 0.07563427679391872, 0.009734523854163709, 0.0, 0.030645849071221472, 0.22099126337808706, 0.046237642847009, 0.026121609841380632, 0.0)",1
11756,49,14,11,"(0.0, 0.0, 0.07563427679391872, 0.024324671820088666, 0.0, 0.030645849071221472, 0.16773790467281977, 0.046237642847009, 0.026121609841380632, 0.0)",1
11757,49,14,11,"(0.0, 0.0, 0.08814533704801183, 0.01650583712158267, 0.0, 0.02689134710822184, 0.16773790467281977, 0.0527778005748926, 0.04997576469065105, 0.0)",2
11758,49,14,13,"(0.0, 0.02461978404713738, 0.023035932332134326, 0.0, 0.01810411441758469, 0.022173256981297827, 0.0, 0.0, 0.013231566378824392, 0.00476393156717078)",98
11759,49,14,13,"(0.0, 0.02461978404713738, 0.023035932332134326, 0.0, 0.01810411441758469, 0.022173256981297827, 0.0, 0.0, 0.01089208668844536, 0.00476393156717078)",209
11760,49,14,13,"(0.0, 0.02461978404713738, 0.023598777582166153, 0.0, 0.01810411441758469, 0.022173256981297827, 0.0, 0.0, 0.010050507936319132, 0.00476393156717078)",1
11761,49,14,13,"(0.0, 0.01105107961666168, 0.023035932332134326, 0.0, 0.01810411441758469, 0.022173256981297827, 0.0, 0.0, 0.01089208668844536, 0.00476393156717078)",1
11762,49,14,13,"(0.0, 0.016326016172672358, 0.023035932332134326, 0.0, 0.01810411441758469, 0.022173256981297827, 0.0, 0.0, 0.01089208668844536, 0.00476393156717078)",1
11763,49,14,13,"(0.0, 0.02461978404713738, 0.023035932332134326, 0.0, 0.01810411441758469, 0.026220099231204438, 0.0, 0.0, 0.01089208668844536, 0.00476393156717078)",1
11764,49,15,11,"(0.0, 0.0, 0.10257210229445202, 0.01650583712158267, 0.0, 0.030645849071221472, 0.16773790467281977, 0.0404147798164449, 0.02728084634906514, 0.0)",16
11765,49,15,11,"(0.0, 0.0, 0.11839367174953695, 0.01650583712158267, 0.0, 0.030645849071221472, 0.16773790467281977, 0.03605790139480776, 0.026121609841380632, 0.0)",117
11766,49,15,11,"(0.0, 0.0, 0.11839367174953695, 0.016395767315088225, 0.0, 0.030645849071221472, 0.16773790467281977, 0.03605790139480776, 0.026121609841380632, 0.0)",15
11767,49,15,11,"(0.0, 0.0, 0.11839367174953695, 0.01650583712158267, 0.0, 0.030645849071221472, 0.16773790467281977, 0.03533630432484464, 0.026121609841380632, 0.0)",119
11768,49,15,11,"(0.0, 0.0, 0.11839367174953695, 0.01650583712158267, 0.0, 0.020355830679555063, 0.16773790467281977, 0.0404147798164449, 0.026121609841380632, 0.0)",141
11769,49,15,11,"(0.0, 0.0, 0.11839367174953695, 0.01650583712158267, 0.0, 0.030645849071221472, 0.16773790467281977, 0.0404147798164449, 0.026121609841380632, 0.0)",129
11770,49,15,11,"(0.0, 0.0, 0.14321711972279733, 0.01650583712158267, 0.0, 0.07231359982094843, 0.16773790467281977, 0.03605790139480776, 0.026121609841380632, 0.0)",2
11771,49,15,11,"(0.0, 0.0, 0.10572577626209426, 0.01650583712158267, 0.0, 0.030645849071221472, 0.16773790467281977, 0.0404147798164449, 0.026121609841380632, 0.0)",33
11772,49,15,11,"(0.0, 0.0, 0.12807767460535502, 0.01650583712158267, 0.0, 0.030645849071221472, 0.16773790467281977, 0.0404147798164449, 0.03509550070580865, 0.0)",1
11773,49,15,11,"(0.0, 0.0, 0.11839367174953695, 0.01650583712158267, 0.0, 0.030645849071221472, 0.16773790467281977, 0.03533630432484464, 0.02452628581549741, 0.0)",4
11774,49,15,11,"(0.0, 0.0, 0.11839367174953695, 0.01650583712158267, 0.0, 0.030645849071221472, 0.16773790467281977, 0.03605790139480776, 0.03809299569139706, 0.0)",1
11775,49,15,11,"(0.0, 0.0, 0.11839367174953695, 0.01650583712158267, 0.0, 0.030645849071221472, 0.09956402921106591, 0.03608155644156191, 0.026121609841380632, 0.0)",1
11776,49,16,1,"(0.0, 0.0, 0.024350018557098584, 0.0, 0.0, 0.0199117526153351, 0.0, 0.0, 0.0, 0.047529216575968564)",1
11777,49,16,1,"(0.0, 0.0, 0.041406372128065916, 0.0, 0.0, 0.0199117526153351, 0.0, 0.0, 0.0, 0.053079885168575563)",208
11778,49,16,1,"(0.0, 0.0, 0.04544270460652545, 0.0, 0.0, 0.0199117526153351, 0.0, 0.0, 0.0, 0.053079885168575563)",27
11779,49,16,1,"(0.0, 0.0, 0.041406372128065916, 0.0, 0.0, 0.0200270665662179, 0.0, 0.0, 0.0, 0.09446415881221931)",1
11780,49,16,1,"(0.0, 0.0, 0.030597999176065652, 0.0, 0.0, 0.0199117526153351, 0.0, 0.0, 0.0, 0.047529216575968564)",1
11781,49,16,1,"(0.0, 0.0, 0.041406372128065916, 0.0, 0.0, 0.017170077548033083, 0.0, 0.0, 0.0, 0.0542519222107294)",1
11782,49,16,1,"(0.0, 0.0, 0.020206077052157746, 0.0, 0.0, 0.02717861032540266, 0.0, 0.0, 0.0, 0.047529216575968564)",15
11783,49,16,1,"(0.0, 0.0, 0.021649193651133596, 0.0, 0.0, 0.0199117526153351, 0.0, 0.0, 0.0, 0.047529216575968564)",28
11784,49,16,1,"(0.0, 0.0, 0.041406372128065916, 0.0, 0.0, 0.02213762797792299, 0.0, 0.0, 0.0, 0.047529216575968564)",1
11785,49,16,1,"(0.0, 0.0, 0.041406372128065916, 0.0, 0.0, 0.0171984654043736, 0.0, 0.0, 0.0, 0.047529216575968564)",2
11786,49,16,1,"(0.0, 0.0, 0.041406372128065916, 0.0, 0.0, 0.0199117526153351, 0.0, 0.0, 0.0, 0.08352507695741894)",8
11787,49,16,1,"(0.0, 0.0, 0.0409987379932941, 0.0, 0.0, 0.0199117526153351, 0.0, 0.0, 0.0, 0.047529216575968564)",2
11788,49,16,1,"(0.0, 0.0, 0.041406372128065916, 0.0, 0.0, 0.0199117526153351, 0.0, 0.0, 0.0, 0.047529216575968564)",385
11789,49,16,1,"(0.0, 0.0, 0.041406372128065916, 0.0, 0.0, 0.029348023374514767, 0.0, 0.0, 0.0, 0.047529216575968564)",4
11790,49,16,8,"(0.16507889091742442, 0.046525949225991035, 0.0, 0.0, 0.07022106556493442, 0.0, 0.043818815906639226, 0.1116381245929446, 0.0, 0.0)",1
11791,49,16,8,"(0.16507889091742442, 0.046525949225991035, 0.0, 0.0, 0.07022106556493442, 0.0, 0.05796226910566157, 0.1116381245929446, 0.0, 0.0)",26
11792,49,16,8,"(0.16507889091742442, 0.046525949225991035, 0.0, 0.0, 0.07022106556493442, 0.0, 0.060701614823567854, 0.1116381245929446, 0.0, 0.0)",241
11793,49,17,1,"(0.0, 0.0, 0.1153515854689223, 0.0, 0.0, 0.02027402607412912, 0.0, 0.0, 0.0, 0.04557123282186749)",1
11794,49,17,1,"(0.0, 0.0, 0.10650950881622333, 0.0, 0.0, 0.022640784901484766, 0.0, 0.0, 0.0, 0.04557123282186749)",669
11795,49,17,1,"(0.0, 0.0, 0.10650950881622333, 0.0, 0.0, 0.02040689921400452, 0.0, 0.0, 0.0, 0.023703897686583895)",1
11796,49,17,1,"(0.0, 0.0, 0.10650950881622333, 0.0, 0.0, 0.017152667980397968, 0.0, 0.0, 0.0, 0.04557123282186749)",2
11797,49,17,1,"(0.0, 0.0, 0.11393370347141492, 0.0, 0.0, 0.022640784901484766, 0.0, 0.0, 0.0, 0.057054488094495086)",1
11798,49,17,1,"(0.0, 0.0, 0.12188493764735099, 0.0, 0.0, 0.024317873952863556, 0.0, 0.0, 0.0, 0.04557123282186749)",3
11799,49,17,1,"(0.0, 0.0, 0.10650950881622333, 0.0, 0.0, 0.03445145675892536, 0.0, 0.0, 0.0, 0.04557123282186749)",1
11800,49,17,1,"(0.0, 0.0, 0.10650950881622333, 0.0, 0.0, 0.022640784901484766, 0.0, 0.0, 0.0, 0.04548078105877571)",1
11801,49,17,1,"(0.0, 0.0, 0.11418999867867992, 0.0, 0.0, 0.0199770382992231, 0.0, 0.0, 0.0, 0.04557123282186749)",1
11802,49,17,1,"(0.0, 0.0, 0.10650950881622333, 0.0, 0.0, 0.014771864283985216, 0.0, 0.0, 0.0, 0.04557123282186749)",3
11803,49,17,1,"(0.0, 0.0, 0.10650950881622333, 0.0, 0.0, 0.03002484342087992, 0.0, 0.0, 0.0, 0.04557123282186749)",2
11804,49,17,1,"(0.0, 0.0, 0.10650950881622333, 0.0, 0.0, 0.03217113891001153, 0.0, 0.0, 0.0, 0.04557123282186749)",1
11805,49,17,1,"(0.0, 0.0, 0.10650950881622333, 0.0, 0.0, 0.0199770382992231, 0.0, 0.0, 0.0, 0.04557123282186749)",44
11806,49,17,1,"(0.0, 0.0, 0.13041204892538139, 0.0, 0.0, 0.022640784901484766, 0.0, 0.0, 0.0, 0.04557123282186749)",1
11807,49,17,1,"(0.0, 0.0, 0.10650950881622333, 0.0, 0.0, 0.022640784901484766, 0.0, 0.0, 0.0, 0.04907353221942261)",13
11808,49,17,1,"(0.0, 0.0, 0.10650950881622333, 0.0, 0.0, 0.01905181494264538, 0.0, 0.0, 0.0, 0.04557123282186749)",1
11809,49,17,1,"(0.0, 0.0, 0.10650950881622333, 0.0, 0.0, 0.013858107542772842, 0.0, 0.0, 0.0, 0.056922080158606225)",1
11810,49,17,1,"(0.0, 0.0, 0.0709418863135704, 0.0, 0.0, 0.022640784901484766, 0.0, 0.0, 0.0, 0.04557123282186749)",2
11811,49,17,1,"(0.0, 0.0, 0.10650950881622333, 0.0, 0.0, 0.020705306322850798, 0.0, 0.0, 0.0, 0.04557123282186749)",1
11812,49,17,1,"(0.0, 0.0, 0.10650950881622333, 0.0, 0.0, 0.05570051838592937, 0.0, 0.0, 0.0, 0.03950216359109276)",1
11813,49,17,8,"(0.10294337677241405, 0.04632028014141928, 0.0, 0.0, 0.07022106556493442, 0.0, 0.08319516954615302, 0.1116381245929446, 0.0, 0.0)",230
11814,49,17,8,"(0.10294337677241405, 0.04632028014141928, 0.0, 0.0, 0.08619436684359494, 0.0, 0.08319516954615302, 0.1116381245929446, 0.0, 0.0)",3
11815,49,17,8,"(0.10294337677241405, 0.04632028014141928, 0.0, 0.0, 0.06076397293667269, 0.0, 0.08319516954615302, 0.1116381245929446, 0.0, 0.0)",1
11816,49,17,8,"(0.10294337677241405, 0.04632028014141928, 0.0, 0.0, 0.07022106556493442, 0.0, 0.03734201798093821, 0.1116381245929446, 0.0, 0.0)",10
11817,49,18,10,"(0.07734904686468291, 0.06927916245295945, 0.09682940930282144, 0.0017773360538905325, 0.0, 0.06291875767155253, 0.0, 0.10994488928074131, 0.0, 0.0)",157
11818,49,18,11,"(0.0, 0.0, 0.09864539577037362, 0.01650583712158267, 0.0, 0.03150275214907511, 0.13038533056739307, 0.08028238650273146, 0.026121609841380632, 0.0)",97
11819,49,18,11,"(0.0, 0.0, 0.08898107447558858, 0.01650583712158267, 0.0, 0.06794703165829474, 0.13038533056739307, 0.08028238650273146, 0.026121609841380632, 0.0)",13
11820,49,18,11,"(0.0, 0.0, 0.08898107447558858, 0.01650583712158267, 0.0, 0.03584826559309013, 0.1586741899832717, 0.08028238650273146, 0.026121609841380632, 0.0)",1
11821,49,18,11,"(0.0, 0.0, 0.08898107447558858, 0.01650583712158267, 0.0, 0.018143899603110917, 0.13038533056739307, 0.08028238650273146, 0.026121609841380632, 0.0)",4
11822,49,18,11,"(0.0, 0.0, 0.08898107447558858, 0.01650583712158267, 0.0, 0.018455520251667842, 0.13038533056739307, 0.08028238650273146, 0.026121609841380632, 0.0)",11
11823,49,18,11,"(0.0, 0.0, 0.08898107447558858, 0.01650583712158267, 0.0, 0.03150275214907511, 0.13038533056739307, 0.08028238650273146, 0.026121609841380632, 0.0)",476
11824,49,18,11,"(0.0, 0.0, 0.09864539577037362, 0.01650583712158267, 0.0, 0.03778835068440665, 0.13038533056739307, 0.08028238650273146, 0.026121609841380632, 0.0)",1
11825,49,19,13,"(0.0, 0.02461978404713738, 0.027053846948939416, 0.0, 0.01810411441758469, 0.022173256981297827, 0.0, 0.0, 0.023411707157905033, 0.0012146923535806386)",1
11826,49,19,13,"(0.0, 0.02461978404713738, 0.018821916545670295, 0.0, 0.01810411441758469, 0.022173256981297827, 0.0, 0.0, 0.01089208668844536, 0.0012146923535806386)",1
11827,49,19,13,"(0.0, 0.02461978404713738, 0.027053846948939416, 0.0, 0.01810411441758469, 0.022173256981297827, 0.0, 0.0, 0.013035146912946554, 0.0012146923535806386)",2
11828,49,19,13,"(0.0, 0.02461978404713738, 0.027053846948939416, 0.0, 0.032960797401166114, 0.022173256981297827, 0.0, 0.0, 0.01089208668844536, 0.0012146923535806386)",1
11829,49,19,13,"(0.0, 0.02461978404713738, 0.027053846948939416, 0.0, 0.01924650961476335, 0.022173256981297827, 0.0, 0.0, 0.01089208668844536, 0.0012146923535806386)",9
11830,49,19,13,"(0.0, 0.02461978404713738, 0.014431898974880246, 0.0, 0.01810411441758469, 0.022173256981297827, 0.0, 0.0, 0.01089208668844536, 0.0012146923535806386)",2
11831,49,19,13,"(0.0, 0.02461978404713738, 0.027053846948939416, 0.0, 0.01810411441758469, 0.022173256981297827, 0.0, 0.0, 0.010658484040138253, 0.0012146923535806386)",1
11832,49,19,13,"(0.0, 0.02312185524015287, 0.039512981199156846, 0.0, 0.01810411441758469, 0.01544884492805123, 0.0, 0.0, 0.01089208668844536, 0.0012146923535806386)",8
11833,49,19,13,"(0.0, 0.02461978404713738, 0.027053846948939416, 0.0, 0.01810411441758469, 0.022173256981297827, 0.0, 0.0, 0.01089208668844536, 0.0012146923535806386)",165
11834,49,19,13,"(0.0, 0.02461978404713738, 0.027053846948939416, 0.0, 0.01810411441758469, 0.022173256981297827, 0.0, 0.0, 0.015839094939430184, 0.0012146923535806386)",1
11835,49,20,10,"(0.07734904686468291, 0.06927916245295945, 0.055882551179426386, 0.000985386015776744, 0.0, 0.06177004333592379, 0.0, 0.10994488928074131, 0.0, 0.0)",77
11836,49,20,10,"(0.07734904686468291, 0.06927916245295945, 0.07135132554419975, 0.0013352749346132082, 0.0, 0.07098859102941131, 0.0, 0.10994488928074131, 0.0, 0.0)",18
11837,49,20,10,"(0.07734904686468291, 0.07777688157901397, 0.055882551179426386, 0.000985386015776744, 0.0, 0.06177004333592379, 0.0, 0.10994488928074131, 0.0, 0.0)",3
11838,49,20,10,"(0.07734904686468291, 0.06927916245295945, 0.1281359391982762, 0.0013352749346132082, 0.0, 0.08212055793357419, 0.0, 0.10994488928074131, 0.0, 0.0)",1
11839,49,20,11,"(0.0, 0.0, 0.018004387155732684, 0.009593689254514603, 0.0, 0.008903124922407135, 0.09572491856946197, 0.04681386186606392, 0.03479283016540107, 0.0)",8
11840,49,20,11,"(0.0, 0.0, 0.018004387155732684, 0.01650583712158267, 0.0, 0.027056226385148877, 0.07960242880783304, 0.04681386186606392, 0.020768748166351655, 0.0)",1
11841,49,20,11,"(0.0, 0.0, 0.018004387155732684, 0.009071237136822534, 0.0, 0.018895250128217304, 0.09572491856946197, 0.04681386186606392, 0.020768748166351655, 0.0)",2
11842,49,20,11,"(0.0, 0.0, 0.018004387155732684, 0.01650583712158267, 0.0, 0.039325060376368376, 0.09572491856946197, 0.04681386186606392, 0.03724817597438836, 0.0)",3
11843,49,20,11,"(0.0, 0.0, 0.018004387155732684, 0.01650583712158267, 0.0, 0.018895250128217304, 0.09572491856946197, 0.04681386186606392, 0.020768748166351655, 0.0)",398
11844,49,20,11,"(0.0, 0.0, 0.018004387155732684, 0.01650583712158267, 0.0, 0.018895250128217304, 0.09572491856946197, 0.03331702344128049, 0.02286938063976651, 0.0)",13
11845,49,20,11,"(0.0, 0.0, 0.02005925626089631, 0.014466384560270464, 0.0, 0.018895250128217304, 0.09572491856946197, 0.04681386186606392, 0.020768748166351655, 0.0)",2
11846,49,20,11,"(0.0, 0.0, 0.018004387155732684, 0.02492672732986405, 0.0, 0.02548938439096223, 0.09572491856946197, 0.05885302880459243, 0.036485718580663774, 0.0)",138
11847,49,20,11,"(0.0, 0.0, 0.018004387155732684, 0.01650583712158267, 0.0, 0.018895250128217304, 0.07960242880783304, 0.04681386186606392, 0.020768748166351655, 0.0)",15
