,round,tube,sp_div_H,tot_pop_0,tot_final_pop,tot_auc,mean_fc,deg_score,nut_score
0,0.0,0.0,0.5779975026630533,40.0,433.0,52452.0,10.824989175010826,0.229996604023199,0.4999999929833524
1,0.0,1.0,0.9445871475139347,40.0,271.0,25794.0,6.774993225006775,0.42570277125959854,0.49999999064117395
2,0.0,2.0,0.5457278407743344,40.0,403.0,51507.0,10.074989925010076,0.17506260134369211,0.49999998561984005
3,0.0,3.0,0.6173506814744818,40.0,314.0,28301.0,7.84999215000785,0.2782628572187156,0.47231567352198833
4,0.0,4.0,0.44876945252262684,40.0,393.0,56219.0,9.824990175009825,0.16152050814746632,0.49999995938277453
5,0.0,5.0,1.2261472810318108,40.0,457.0,39279.0,11.424988575011424,0.41727572195892104,0.7778105381513867
6,0.0,6.0,0.8223451579981792,40.0,581.0,68996.0,14.524985475014525,0.22501732996591706,0.9998434853575555
7,0.0,7.0,1.2192513929568412,40.0,173.0,13337.0,4.324995675004325,0.3257357207092664,0.3835714353353774
8,0.0,8.0,0.30585559213571456,40.0,404.0,56396.0,10.099989900010101,0.17178717525140097,0.49999999847540066
9,0.0,9.0,0.5647555714576444,40.0,557.0,63760.0,13.924986075013924,0.25642052060998755,0.8881652017523615
10,0.0,10.0,0.7052553418548814,40.0,414.0,38073.0,10.34998965001035,0.3561341016506997,0.4999998686243998
11,0.0,11.0,0.9315452596037723,40.0,535.0,53951.0,13.374986625013376,0.29843206127349653,0.918114319150732
12,0.0,12.0,0.9035208001304237,40.0,645.0,46252.0,16.124983875016124,0.4964191510685675,0.9996396839020729
13,0.0,13.0,0.8321648701396129,40.0,647.0,83318.0,16.174983825016174,0.2652568666290325,0.9997928783119521
14,0.0,14.0,1.2029528631196278,40.0,792.0,59890.0,19.799980200019803,0.3274884317145622,0.917946167291037
15,0.0,15.0,1.1488885867401397,40.0,293.0,30558.0,7.324992675007325,0.29267757558868457,0.6049625834546359
16,0.0,16.0,0.8445383568018453,40.0,623.0,79081.0,15.574984425015575,0.24996105892929843,0.9999198543277277
17,0.0,17.0,0.8601333018812953,40.0,637.0,42704.0,15.924984075015926,0.510769117303534,0.9996581071735616
18,0.0,18.0,0.84736850945596,40.0,430.0,37492.0,10.74998925001075,0.3265845875147759,0.999511145582259
19,0.0,19.0,0.7568778861973756,40.0,1124.0,59424.0,28.0999719000281,0.3258032338104596,0.87939630266298
20,0.0,20.0,1.1236502697134567,40.0,381.0,40688.0,9.524990475009524,0.3247381873129589,0.637801267898763
21,1.0,0.0,0.25141943713187453,21.0,414.0,56909.0,10.93332135002153,0.09775237989994967,0.4999999837693718
22,1.0,1.0,0.6790505661113768,13.0,197.0,19608.0,16.638856165195406,0.19395966231437223,0.29591977665363456
23,1.0,2.0,0.3077400432837397,13.0,336.0,55524.0,21.613585010535786,0.08615785633147754,0.49999993190657677
24,1.0,3.0,0.02120257700397865,11.0,319.0,31834.0,16.399979100065902,0.13689077082927714,0.30813030091802107
25,1.0,4.0,0.20832317991689484,15.0,356.0,59698.0,17.71150474125068,0.08013059299034186,0.49999993848800983
26,1.0,5.0,1.0800919208480548,22.0,365.0,34002.0,15.097190456316605,0.3317263921656669,0.5163160976431226
27,1.0,6.0,0.6976447264034273,26.0,634.0,79357.0,18.865168703802482,0.18685692855227642,0.9998046588817279
28,1.0,7.0,0.4659992569610426,4.0,17.0,687.0,5.166617500479162,0.04127946536251936,0.06698775514856314
29,1.0,8.0,0.21930211948840478,18.0,297.0,51392.0,12.16665100003563,0.10214593363376234,0.4601590111796614
30,1.0,9.0,0.09833278166551807,29.0,385.0,60479.0,6.17947698230757,0.08319478454912177,0.5581453708751702
31,1.0,10.0,0.265046086883451,12.0,376.0,33593.0,24.399947600192398,0.1856777830949794,0.3695509495463851
32,1.0,11.0,0.10926146709876977,22.0,409.0,60641.0,9.779389848065989,0.08154635924627429,0.5332183339522872
33,1.0,12.0,0.8702297774464492,31.0,511.0,40126.0,17.04441385054389,0.46011335519763563,0.8425141183089958
34,1.0,13.0,0.6164075757682482,31.0,375.0,69496.0,12.83966247121386,0.14148728277522282,0.6667533473714569
35,1.0,14.0,0.945689893139607,48.0,1130.0,76229.0,19.026457693636214,0.31378060788056206,0.9991923836537938
36,1.0,15.0,1.0303316666731592,21.0,307.0,28236.0,14.2519640539071,0.20472821040608846,0.41484544136039714
37,1.0,16.0,0.6913304792708117,34.0,593.0,79175.0,12.732782505444433,0.19360481615908798,0.9997957520816886
38,1.0,17.0,0.746389109594501,30.0,509.0,37601.0,11.99559468802994,0.4138168415105633,0.7512128149437874
39,1.0,18.0,0.555216249982897,23.0,431.0,37020.0,18.338215070673527,0.264551506302514,0.5662737306018588
40,1.0,19.0,0.689744116811071,44.0,946.0,74067.0,24.950356704319,0.21867738234511847,0.6611510110613614
41,1.0,20.0,1.0260881083278024,15.0,351.0,35182.0,23.077730770469284,0.24293575992021277,0.49999992136386606
42,2.0,0.0,0.09260687558579414,24.0,376.0,60179.0,11.52170064307363,0.068720405624209,0.49999997602518764
43,2.0,1.0,0.680700707235957,10.0,235.0,23759.0,25.24994375012917,0.24886502892167184,0.33809130146410626
44,2.0,2.0,0.28140183959141857,14.0,407.0,57692.0,23.833279097439295,0.09197144588283324,0.49999998554707903
45,2.0,3.0,-0.0,15.0,316.0,32082.0,21.066652622231587,0.13468371073844687,0.2928931712992413
46,2.0,4.0,-0.0,22.0,264.0,48017.0,11.999994545457024,0.05267409117599231,0.3991173663933356
47,2.0,5.0,0.5937771102830394,17.0,487.0,39300.0,16.65905326463851,0.3242186264518079,0.5461714945438985
48,2.0,6.0,0.6826050115230355,29.0,683.0,81298.0,24.133820283786385,0.1937846733726014,0.9998746731259548
49,2.0,7.0,0.167944147734173,2.0,25.0,1000.0,12.499875001249986,0.0206036788943883,0.06709738988967939
50,2.0,8.0,-0.0,19.0,353.0,60272.0,9.805550108027719,0.06445423566890096,0.4999999338343126
51,2.0,9.0,-0.0,24.0,355.0,61723.0,14.791660503474791,0.05745842212432928,0.4999999288652024
52,2.0,10.0,0.5331638407372986,23.0,440.0,36463.0,57.249501482224275,0.27248717702421077,0.47658989443228517
53,2.0,11.0,0.03383915481552586,23.0,367.0,61321.0,9.2954407748951,0.06953775532208151,0.5379581227715056
54,2.0,12.0,0.5387690474270741,24.0,453.0,39884.0,12.707924262749758,0.33440266707317345,0.5035593287020158
55,2.0,13.0,0.6544707175396052,18.0,456.0,66083.0,91.05799350306256,0.14112152091729602,0.6667500807893391
56,2.0,14.0,1.1002081712935399,50.0,1019.0,82298.0,32.16655507626688,0.3305130500727733,0.9774519968955647
57,2.0,15.0,0.9394046171105528,15.0,219.0,26339.0,17.45824171953986,0.19325619482779477,0.3426376585562403
58,2.0,16.0,0.6682484776645385,30.0,648.0,80320.0,21.374985837062997,0.1919301453090273,0.9997988176563996
59,2.0,17.0,0.5623351446188083,24.0,472.0,39618.0,14.422202846947073,0.3375020549054094,0.5022332474986781
60,2.0,18.0,0.5695730450818121,21.0,448.0,37173.0,24.16907594840638,0.26177338863457444,0.5661037105056235
61,2.0,19.0,0.6774507542834032,39.0,962.0,73712.0,24.476177947852257,0.21733313306399593,0.6611570570184899
62,2.0,20.0,0.5987589950703163,23.0,437.0,45184.0,13.35712858845487,0.23890920122725334,0.4999999650780039
63,3.0,0.0,-0.0,17.0,277.0,48333.0,16.294108062289375,0.05166156450321391,0.39911660720303277
64,3.0,1.0,0.6808899872666533,12.0,192.0,21105.0,17.062466015699123,0.2008838138771718,0.30238420338503225
65,3.0,2.0,0.24538207157037592,16.0,389.0,57741.0,19.464243954250747,0.07654485741245465,0.4999999896408678
66,3.0,3.0,-0.0,20.0,280.0,30510.0,13.999993000003501,0.1339563437800677,0.29289316950845035
67,3.0,4.0,-0.0,11.0,257.0,47249.0,23.36361512398625,0.051107579543130166,0.39912526299546625
68,3.0,5.0,0.5979926236664608,23.0,473.0,43250.0,21.191151872872062,0.33803986650104434,0.499999921849555
69,3.0,6.0,0.6787139174772614,38.0,590.0,82979.0,15.420159916912295,0.1969964588029256,0.9998167443760004
70,3.0,7.0,-0.0,1.0,17.0,466.0,16.999830001699983,0.005188401179150981,0.029079731830204958
71,3.0,8.0,-0.0,9.0,277.0,50193.0,30.777743580284913,0.05144042656263703,0.39912505101490225
72,3.0,9.0,-0.0,21.0,269.0,52352.0,12.809517709753472,0.05271478133920249,0.39912405830316355
73,3.0,10.0,0.5004024235381879,19.0,515.0,40646.0,24.523784708076825,0.33310372998637483,0.49999998970194304
74,3.0,11.0,-0.0,24.0,256.0,49683.0,10.666662222224074,0.049353695524347874,0.39911726232786937
75,3.0,12.0,0.538883096084312,27.0,492.0,42843.0,18.440456199007798,0.33689709037563287,0.499999955455801
76,3.0,13.0,0.5733432888383475,22.0,438.0,70673.0,18.696411399889485,0.14306103710363383,0.666743113961477
77,3.0,14.0,0.9012660060700082,48.0,1216.0,77238.0,18.30081219243026,0.31537192074316756,0.999767590509202
78,3.0,15.0,0.2640520518256287,4.0,108.0,17185.0,26.999865000674998,0.10095384205590197,0.15487687547619
79,3.0,16.0,0.6796403680688156,31.0,622.0,82373.0,20.05554227683713,0.19345118598525557,0.9998728962936161
80,3.0,17.0,0.5757403785034139,25.0,457.0,38632.0,18.86839971840512,0.33542740208615585,0.49999994482927945
81,3.0,18.0,0.43784816694971934,20.0,365.0,34760.0,18.696040897842174,0.18676484200981125,0.42026235860794203
82,3.0,19.0,0.604224726476417,38.0,1382.0,73527.0,34.803552632876546,0.22594769242113644,0.9218037840569715
83,3.0,20.0,0.6307183327337349,16.0,532.0,40073.0,36.5832668057011,0.22328062424889972,0.49739623622192275
84,4.0,0.0,-0.0,12.0,399.0,58099.0,33.24997229168976,0.05607842573104416,0.4999999683862839
85,4.0,1.0,0.6778978109318121,6.0,310.0,24227.0,61.499732501237496,0.2524575148996183,0.49154051956307054
86,4.0,2.0,0.13579395875159386,18.0,363.0,58829.0,13.749979375073046,0.0755342049156783,0.499999995640109
87,4.0,3.0,-0.0,17.0,287.0,30750.0,16.882343010386464,0.13616505243410204,0.29289316827034984
88,4.0,4.0,-0.0,12.0,378.0,60948.0,31.499973750021876,0.056454436314117395,0.49999995557895627
89,4.0,5.0,0.5421533344225953,24.0,426.0,36324.0,18.50523882885085,0.2625319297081259,0.4610861088142387
90,4.0,6.0,0.6898366233731918,26.0,664.0,83357.0,25.53844189350624,0.1882398575895271,0.999877765639529
91,4.0,7.0,0.0,1.0,0.0,100.0,0.0,0.0011615593869378493,0.008596082139694317
92,4.0,8.0,-0.0,15.0,367.0,61018.0,24.46665035556643,0.05622421151844448,0.4999999294748072
93,4.0,9.0,-0.0,16.0,296.0,50719.0,18.499988437507227,0.04980876898288944,0.39912544372368985
94,4.0,10.0,0.5315315502943163,26.0,456.0,39534.0,20.7954190135111,0.3108543827287298,0.4976044395571527
95,4.0,11.0,-0.0,12.0,292.0,48459.0,24.333313055572454,0.05163893978300016,0.39911729552893593
96,4.0,12.0,0.4948490198583221,25.0,403.0,34021.0,15.999980150033625,0.24701455764485647,0.44810780505825754
97,4.0,13.0,0.5835274717778098,23.0,407.0,65780.0,16.718239601612858,0.14242274908214247,0.6667486237949564
98,4.0,14.0,0.9044817416994908,71.0,1084.0,88244.0,14.578664512129814,0.32368395093281865,0.9996086522636469
99,4.0,15.0,-0.0,9.0,91.0,17369.0,10.111099876555693,0.0963946842263046,0.13397459608090934
100,4.0,16.0,0.6710969297117138,34.0,607.0,79589.0,18.340896966262115,0.1915636084992809,0.9997983335151618
101,4.0,17.0,0.5416816936981409,24.0,500.0,41072.0,21.70523463938438,0.34143119461416915,0.4999999134382713
102,4.0,18.0,0.5310542528871021,27.0,515.0,42892.0,17.713801264946625,0.2736543789023572,0.8745353646609841
103,4.0,19.0,0.622248305639978,67.0,1309.0,90582.0,20.579923760146286,0.22912317545983707,0.9790102004724796
104,4.0,20.0,0.47575932389809955,32.0,421.0,47902.0,11.979157664939319,0.22412672232498843,0.4999999910368307
105,5.0,0.0,-0.0,24.0,252.0,40225.0,10.499995625001823,0.05285987254049418,0.3991187782375183
106,5.0,1.0,0.6885527145483058,19.0,261.0,40220.0,21.80828602372458,0.27871594343024364,0.4999592710654177
107,5.0,2.0,0.2999595524512935,14.0,360.0,40215.0,28.61521491285005,0.08160255406889938,0.4999999956199592
108,5.0,3.0,-0.0,16.0,316.0,40217.0,19.749987656257716,0.13207589419324361,0.292893181950138
109,5.0,4.0,-0.0,19.0,268.0,40220.0,14.10525573407593,0.05191660613685933,0.3991233865667081
110,5.0,5.0,0.5685806780555741,21.0,477.0,40222.0,25.69113220381865,0.342577277232162,0.499999524686241
111,5.0,6.0,0.677286660589502,33.0,608.0,40234.0,18.54042985903049,0.19310218302848392,0.9997789497942288
112,5.0,7.0,0.0,0.0,0.0,40201.0,,0.0,0.0
113,5.0,8.0,-0.0,17.0,374.0,40218.0,21.99998705883114,0.056429008367757216,0.4999999878525828
114,5.0,9.0,-0.0,16.0,245.0,40217.0,15.312490429693481,0.050750325051282186,0.3991166416178108
115,5.0,10.0,0.523346695865333,30.0,465.0,40231.0,15.999982812524697,0.31229226521229525,0.49660078171251765
116,5.0,11.0,-0.0,14.0,279.0,40215.0,19.92855719388772,0.05147101140428645,0.3991161888217989
117,5.0,12.0,0.5379944016646137,22.0,463.0,40223.0,23.166628032493282,0.34784380904754375,0.49999994198446207
118,5.0,13.0,0.59277993822828,32.0,436.0,40233.0,13.603854235581084,0.1396865994038513,0.6667360825393971
119,5.0,14.0,0.860151939107383,41.0,1241.0,40242.0,33.49992411768198,0.28856891635019033,0.9997077971782427
120,5.0,15.0,-0.0,3.0,105.0,40204.0,34.999883333722224,0.09561476890989473,0.13397457763173204
121,5.0,16.0,0.6795179099240785,31.0,601.0,40232.0,20.1590761622017,0.19301491116604907,0.9998073035408136
122,5.0,17.0,0.5297061990576545,30.0,486.0,40231.0,15.931662425463847,0.34323291153596025,0.49999988364316295
123,5.0,18.0,0.5327818506417862,28.0,405.0,40229.0,13.97617763040045,0.2640962313547227,0.5662778702458519
124,5.0,19.0,0.6431234354951558,72.0,1320.0,40273.0,20.100290097109355,0.23072709104027778,0.9921467830854029
125,5.0,20.0,0.5473416736911515,15.0,435.0,39300.0,30.999931250200348,0.23399400245309587,0.4999909535583338
126,6.0,0.0,-0.0,10.0,282.0,44548.0,28.1999718000282,0.05257902619387245,0.39911313068881304
127,6.0,1.0,0.6718851539975523,10.0,146.0,44548.0,15.833297777859954,0.18524679750983275,0.28033376161263246
128,6.0,2.0,0.410116318288409,22.0,406.0,44560.0,18.824524361451896,0.11352053147683216,0.49999992903772505
129,6.0,3.0,-0.0,14.0,326.0,44552.0,23.285697653073104,0.13297997123417205,0.292893210584229
130,6.0,4.0,-0.0,13.0,293.0,44551.0,22.538444201196768,0.05112111847430567,0.3991123777209761
131,6.0,5.0,0.5686856895923507,30.0,469.0,44568.0,15.431805201459639,0.34531120461693976,0.4999993846460745
132,6.0,6.0,0.6912805119322157,35.0,573.0,44573.0,18.560592306025896,0.1921733135739594,0.9997989268171104
133,6.0,7.0,0.0,0.0,0.0,44538.0,,0.0,0.0
134,6.0,8.0,-0.0,23.0,244.0,44561.0,10.608691039699549,0.05142216123577159,0.39911384806752725
135,6.0,9.0,-0.0,13.0,393.0,44551.0,30.23074597634925,0.055864665977480854,0.4999999855408894
136,6.0,10.0,0.5527545539877752,21.0,439.0,44559.0,21.006222296140216,0.32407144106306773,0.4999999212957492
137,6.0,11.0,-0.0,11.0,265.0,44549.0,24.090887190102556,0.052396741395440705,0.39912413071469854
138,6.0,12.0,0.5419538637364127,20.0,422.0,44558.0,19.461518875761307,0.3401557050183134,0.49999931336477366
139,6.0,13.0,0.5726314894316529,24.0,443.0,44562.0,18.69442341052326,0.1415564419032055,0.6667394047129996
140,6.0,14.0,0.872510073602364,45.0,1032.0,44583.0,20.44165141043196,0.325975677486655,0.9996948790966619
141,6.0,15.0,-0.0,7.0,102.0,44545.0,14.57140775513178,0.09649624833509551,0.13397459596660277
142,6.0,16.0,0.6751271587726255,21.0,671.0,44559.0,32.34612079145576,0.1916526973083602,0.9997499351522967
143,6.0,17.0,0.4467087273399621,28.0,420.0,44566.0,13.285703265318077,0.24301060506316785,0.4374584117491265
144,6.0,18.0,0.5501328335290258,21.0,439.0,44559.0,26.777714290320766,0.2614931509947481,0.6436103963403736
145,6.0,19.0,0.6931111838011156,59.0,825.0,44597.0,16.98178446182839,0.218710048889162,0.6611637740624112
146,6.0,20.0,0.568750408574857,26.0,422.0,43551.0,16.849981075026964,0.21982355391699915,0.49999933836881705
147,7.0,0.0,-0.0,17.0,352.0,47133.0,20.705870173017544,0.057713861894975294,0.4999999330567563
148,7.0,1.0,0.6585918081694841,14.0,176.0,47130.0,12.354148967039777,0.18653778824632816,0.2834418744434103
149,7.0,2.0,0.36951068850290514,20.0,338.0,47136.0,15.568599534873258,0.10296805270207521,0.4999999424411721
150,7.0,3.0,-0.0,9.0,357.0,47125.0,39.666622592641566,0.13379274103402294,0.29289320664433605
151,7.0,4.0,-0.0,17.0,258.0,47133.0,15.176461660904906,0.050708939835007016,0.3991262085508188
152,7.0,5.0,0.4517729179526412,20.0,442.0,47136.0,19.309504144014767,0.264422647224268,0.4644532624435206
153,7.0,6.0,0.6743561031378069,25.0,652.0,47141.0,26.767337278909746,0.19888316432386455,0.9996908997610322
154,7.0,7.0,0.0,0.0,0.0,47116.0,,0.0,0.0
155,7.0,8.0,-0.0,21.0,251.0,47137.0,11.952375260773685,0.05056445255831221,0.399119555660464
156,7.0,9.0,-0.0,17.0,276.0,47133.0,16.235284567479667,0.05476417327566063,0.3991260485058301
157,7.0,10.0,0.5683566429350965,21.0,450.0,47137.0,20.072096489016637,0.30764077587609084,0.4956242422600765
158,7.0,11.0,-0.0,18.0,252.0,47134.0,13.999992222226544,0.053969732664040704,0.3991204042081732
159,7.0,12.0,0.2940130099672798,19.0,359.0,47135.0,15.416643038255856,0.18936275863830898,0.3737643008613398
160,7.0,13.0,0.5266572201485182,19.0,505.0,47135.0,24.403819080409416,0.14757740656939977,0.9997393566317273
161,7.0,14.0,0.6810217299807093,50.0,1288.0,47166.0,19.6370171622058,0.24904404166038596,0.9997299920824437
162,7.0,15.0,-0.0,8.0,92.0,47124.0,11.499985625017969,0.09836145289571552,0.13397456154645782
163,7.0,16.0,0.6719229571701602,49.0,604.0,47165.0,12.214280671770833,0.19107710364444852,0.9998213870666999
164,7.0,17.0,0.5476777688501303,21.0,464.0,47137.0,28.16660009279933,0.33622274055075785,0.4999575214573089
165,7.0,18.0,0.5616755451806462,22.0,417.0,47138.0,17.67855531889341,0.2663076048538705,0.5662755225462803
166,7.0,19.0,0.6051358961417526,47.0,1326.0,47163.0,30.62868932317214,0.22246229998547506,0.9977976566949979
167,7.0,20.0,0.49000399643354414,25.0,488.0,46172.0,19.249976275040062,0.22615776953416988,0.4999998058503067
168,8.0,0.0,-0.0,24.0,230.0,44000.0,9.583329340279441,0.051483872977897915,0.39912622733540837
169,8.0,1.0,0.6883927638893563,13.0,195.0,43989.0,16.944410339582262,0.21761415041154142,0.3184759748297732
170,8.0,2.0,0.5889227829283352,15.0,417.0,43991.0,40.36523193119899,0.15366039087178995,0.4999999334637806
171,8.0,3.0,-0.0,13.0,301.0,43989.0,23.153828343208968,0.13081856263179237,0.29289317796619607
172,8.0,4.0,-0.0,12.0,284.0,43988.0,23.66664694446088,0.05115095256975344,0.39911693128465997
173,8.0,5.0,0.5237111812499402,21.0,446.0,43997.0,22.38966953186999,0.28277924370048035,0.48372940201865133
174,8.0,6.0,0.6774944044487072,39.0,680.0,44015.0,17.526306749312145,0.1946825572383658,0.9998233692252135
175,8.0,7.0,0.0,0.0,0.0,43976.0,,0.0,0.0
176,8.0,8.0,-0.0,12.0,266.0,43988.0,22.16664819445984,0.052139422517102796,0.3991157167949294
177,8.0,9.0,-0.0,7.0,423.0,43983.0,60.428485102164146,0.060957692399748686,0.4999999343796826
178,8.0,10.0,0.5612382614632676,19.0,502.0,43995.0,24.916638151746916,0.33936593898432776,0.49999996630969745
179,8.0,11.0,-0.0,11.0,260.0,43987.0,23.636342148779864,0.052618196543514184,0.399121924458649
180,8.0,12.0,0.5793354491247112,24.0,466.0,44000.0,24.049956975099015,0.3401878371063135,0.4999997117660827
181,8.0,13.0,0.6032779139218958,21.0,412.0,43997.0,18.73075121673434,0.1426978483488469,0.6667336352245355
182,8.0,14.0,0.9506869638772457,78.0,1030.0,44054.0,45.30717932317802,0.2576647745825089,0.8155022938116749
183,8.0,15.0,-0.0,7.0,103.0,43983.0,14.71426469390758,0.09563708521235104,0.13397458102784
184,8.0,16.0,0.6691725337543568,33.0,619.0,44009.0,18.538877693216694,0.19249106313313624,0.9997598964949377
185,8.0,17.0,0.5589746239752346,21.0,494.0,43997.0,21.93267177054553,0.3242251316844986,0.4985899315229416
186,8.0,18.0,0.29065161387493677,17.0,365.0,43993.0,17.095212352671204,0.17201498681869598,0.3835315813918031
187,8.0,19.0,0.6903700723991206,56.0,886.0,44032.0,19.471534188518547,0.2137102712787674,0.6612220416146388
188,8.0,20.0,0.5689353825476205,26.0,410.0,43005.0,15.526300850828768,0.2259442716185125,0.4999999473535136
189,9.0,0.0,-0.0,10.0,306.0,52958.0,30.599969400030602,0.05255599465150318,0.39912079389269095
190,9.0,1.0,0.6829081047004717,17.0,231.0,22987.0,13.749983576408571,0.25463677130201356,0.4712657915704719
191,9.0,2.0,0.5642838426943683,20.0,421.0,57736.0,20.083310575427106,0.1454226184087628,0.49999992540219995
192,9.0,3.0,-0.0,12.0,301.0,30542.0,25.083312430572974,0.13112625058626115,0.2928931940747227
193,9.0,4.0,-0.0,14.0,276.0,48616.0,19.71427163266312,0.05215349467411201,0.39911540875616036
194,9.0,5.0,0.508274015384123,22.0,452.0,38262.0,24.947311782261636,0.26103571323315733,0.46188880203895855
195,9.0,6.0,0.6805436799054716,37.0,587.0,80298.0,21.29954764726397,0.19249787146248387,0.9997034252654106
196,9.0,7.0,0.0,0.0,0.0,0.0,,0.0,0.0
197,9.0,8.0,-0.0,15.0,259.0,49263.0,17.26665515556323,0.05256562350216254,0.39911597594947223
198,9.0,9.0,-0.0,31.0,271.0,52348.0,8.741932663892689,0.0595528134182689,0.399124161071027
199,9.0,10.0,0.5500232061002024,28.0,481.0,41713.0,16.337486440638518,0.3268309674174664,0.49999990888184387
200,9.0,11.0,-0.0,13.0,373.0,60099.0,28.692285621318753,0.05713742164872959,0.49999994820376226
201,9.0,12.0,0.524501586843615,21.0,486.0,40190.0,22.47497137817204,0.322745794704578,0.49877940835890555
202,9.0,13.0,0.6148017035981342,32.0,361.0,68947.0,12.104155894108873,0.14005333466649994,0.6667447922399676
203,9.0,14.0,0.7510585579054431,50.0,1204.0,97323.0,19.36209157062922,0.27274409767485686,0.9996975453621173
204,9.0,15.0,-0.0,4.0,115.0,16696.0,28.74992812517969,0.0964879271154051,0.13397459076250517
205,9.0,16.0,0.6827026083596957,42.0,603.0,81996.0,14.488228070453557,0.19058159313798562,0.9997605854032522
206,9.0,17.0,0.5486683942546544,29.0,538.0,39138.0,17.189461605549553,0.32943165792397255,0.49999933314567535
207,9.0,18.0,0.4122795477714031,15.0,354.0,31701.0,24.403773439674758,0.16599988749565653,0.3798574446319889
208,9.0,19.0,0.6171481461933692,55.0,1333.0,104903.0,23.798399968007477,0.2203850596376642,0.999027962172894
209,9.0,20.0,0.5079909218994656,25.0,433.0,43906.0,15.68013415415363,0.23190541548419918,0.4999999685563795
210,10.0,0.0,-0.0,21.0,372.0,41073.0,17.71427727891558,0.056400672049554346,0.49999992758533707
211,10.0,1.0,0.6917614988524178,9.0,190.0,41061.0,23.333269444634258,0.2091701498299916,0.31138593230521894
212,10.0,2.0,0.5610171954771622,17.0,418.0,41069.0,23.483301630606242,0.134313504807689,0.49999994584132923
213,10.0,3.0,-0.0,17.0,299.0,41069.0,17.588224948102972,0.13562249329592113,0.292893205526794
214,10.0,4.0,-0.0,13.0,236.0,41065.0,18.153832189359854,0.050959852997744415,0.399118648735425
215,10.0,5.0,-0.0,28.0,303.0,41080.0,5.826920835799679,0.13665862329458245,0.30218218066746694
216,10.0,6.0,0.6714135012921498,26.0,621.0,41078.0,28.068600046805106,0.18611649446516942,0.9998435153037603
217,10.0,7.0,0.0,0.0,0.0,41052.0,,0.0,0.0
218,10.0,8.0,-0.0,16.0,352.0,41068.0,21.999986250008593,0.059217009316790636,0.4999999839126783
219,10.0,9.0,-0.0,16.0,250.0,41068.0,15.624990234381103,0.054028974112215855,0.39912064586130314
220,10.0,10.0,0.5701729039541785,23.0,482.0,41075.0,22.344414119805755,0.33468230754335804,0.4999999163138006
221,10.0,11.0,-0.0,18.0,229.0,41070.0,12.722215154324914,0.05141325444325384,0.399118472541635
222,10.0,12.0,0.5468519922342627,25.0,440.0,41077.0,16.277764795535926,0.3103957488059129,0.4935909632053427
223,10.0,13.0,0.6113026775013606,21.0,386.0,41073.0,17.928552704103463,0.1409051389008552,0.6667339841091015
224,10.0,14.0,0.688106977806716,59.0,947.0,41111.0,11.1358137033875,0.21644672183867142,0.6725151216526977
225,10.0,15.0,-0.0,7.0,97.0,41059.0,13.85712306125277,0.09560110566440327,0.13397459512698373
226,10.0,16.0,0.6878910883920365,40.0,615.0,41092.0,15.687491666671262,0.19571133014477038,0.9997073065693649
227,10.0,17.0,0.6104905808955345,28.0,454.0,41080.0,16.44998540001527,0.3316253118562763,0.49998958002910576
228,10.0,18.0,0.5701143675963911,18.0,451.0,41070.0,26.46424091846408,0.26337055677463117,0.5662694801848033
229,10.0,19.0,0.6043527192962934,74.0,1289.0,41126.0,16.68529189638584,0.2206042862290497,0.9997866476220093
230,10.0,20.0,0.622654724644252,17.0,531.0,40245.0,31.866620627855113,0.19909013997638592,0.4872457683081354
231,11.0,0.0,-0.0,19.0,279.0,45593.0,14.684202797788002,0.051329438441069186,0.39911320083479984
232,11.0,1.0,0.6863496155718083,10.0,249.0,45584.0,24.899950200099603,0.238711022409971,0.33809318348750217
233,11.0,2.0,0.6145033203107282,28.0,391.0,45602.0,14.976175249451924,0.1466000399745806,0.4999999339378294
234,11.0,3.0,-0.0,11.0,296.0,45585.0,26.909066446303232,0.13557035920419636,0.2928932040075015
235,11.0,4.0,-0.0,7.0,272.0,45581.0,38.85708734701808,0.05107091239476658,0.39911807195383076
236,11.0,5.0,-0.0,15.0,314.0,45589.0,20.933319377787083,0.13163989375112595,0.29289316834334234
237,11.0,6.0,0.6728812869210854,28.0,623.0,45602.0,22.318165058350544,0.18808476513140315,0.9998023350895117
238,11.0,7.0,0.0,0.0,0.0,45574.0,,0.0,0.0
239,11.0,8.0,-0.0,15.0,296.0,45589.0,19.73332017778655,0.05465429361328322,0.3991257598995138
240,11.0,9.0,-0.0,14.0,409.0,45588.0,29.214264846953682,0.059474375055486584,0.499999932313857
241,11.0,10.0,0.5322716798040397,24.0,486.0,45598.0,19.555534598793898,0.3312047283280817,0.4999999285970722
242,11.0,11.0,-0.0,12.0,309.0,45586.0,25.74997854168455,0.05230751061764494,0.3991146027335344
243,11.0,12.0,0.5611326049582428,24.0,458.0,45598.0,19.055534413609585,0.33794084323186935,0.49993574367075566
244,11.0,13.0,0.6128682007482669,23.0,420.0,45597.0,18.227659889610738,0.14237543133368102,0.6667548849624869
245,11.0,14.0,0.5948085668167474,41.0,1337.0,45615.0,31.088220438300276,0.22334091556423763,0.9997025843167209
246,11.0,15.0,-0.0,1.0,167.0,45575.0,166.9983300166998,0.09745961355507693,0.13397459340361284
247,11.0,16.0,0.6746727891665903,29.0,621.0,45603.0,21.68685260510392,0.1925416689239815,0.9997802598870391
248,11.0,17.0,0.5912698426863288,26.0,496.0,45600.0,20.449976358367515,0.3253429480821258,0.4999999459016834
249,11.0,18.0,0.5481810556897022,32.0,480.0,45606.0,14.749987916679125,0.2644520709618613,0.5662775737104497
250,11.0,19.0,0.6381556566621158,59.0,1257.0,45633.0,21.90514005550837,0.21988826665564976,0.9997161167058771
251,11.0,20.0,0.4790140029322861,34.0,362.0,44542.0,9.495827422573862,0.22557098619969118,0.4999999211218322
252,12.0,0.0,-0.0,18.0,372.0,37794.0,20.666655185191566,0.059042138765748264,0.49999993082682725
253,12.0,1.0,0.6844655178755806,17.0,228.0,37793.0,13.35415096934722,0.2457015661815627,0.338093505560059
254,12.0,2.0,0.47413931305783735,23.0,396.0,37799.0,17.526288801997673,0.12275595820157192,0.49999999024100605
255,12.0,3.0,-0.0,16.0,287.0,37792.0,17.93748878906951,0.13458091825076568,0.2928931811823009
256,12.0,4.0,-0.0,15.0,341.0,37791.0,22.733318177787883,0.06290364428381634,0.4999999335339387
257,12.0,5.0,-0.0,12.0,330.0,37788.0,27.49997708335243,0.13861937099822763,0.2928931748987804
258,12.0,6.0,0.669605983846148,25.0,620.0,37801.0,25.05446689987673,0.18904260744655632,0.9996591735656454
259,12.0,7.0,0.0,0.0,0.0,37776.0,,0.0,0.0
260,12.0,8.0,-0.0,15.0,311.0,37791.0,20.733319511120328,0.053166976839955526,0.399116822888945
261,12.0,9.0,-0.0,19.0,252.0,37795.0,13.263150914131097,0.05425825597884637,0.39911856372525245
262,12.0,10.0,0.5284464364434762,23.0,443.0,37799.0,17.624984677098016,0.30585239339419,0.4984660017311774
263,12.0,11.0,-0.0,13.0,301.0,37789.0,23.153828343208968,0.05358288914193576,0.3991171378178374
264,12.0,12.0,0.5577111239688584,24.0,480.0,37800.0,28.285644626070813,0.3349990688107025,0.4997265988172298
265,12.0,13.0,0.6342305686601142,25.0,409.0,37801.0,18.46050377080887,0.1439725739678417,0.666756812689443
266,12.0,14.0,0.6883996515747519,85.0,873.0,37861.0,11.87166284939026,0.21700856883710284,0.6770460033567469
267,12.0,15.0,-0.0,10.0,107.0,37786.0,10.699989300010701,0.09863820578679083,0.13397456754767412
268,12.0,16.0,0.6661140965871712,28.0,661.0,37804.0,24.120495134661283,0.1957304866329861,0.9997493623495546
269,12.0,17.0,0.36669189371673316,25.0,342.0,37801.0,13.674216537037854,0.16252244511526714,0.35189298675082104
270,12.0,18.0,0.5049233901520876,21.0,487.0,37797.0,20.928551428592932,0.2662211804017297,0.5662763663317066
271,12.0,19.0,0.6863832448122114,60.0,921.0,37836.0,19.27776746420384,0.21221517105050625,0.6736200165651469
272,12.0,20.0,0.4570445330375596,18.0,410.0,37112.0,28.124905859816646,0.13558748732798154,0.3739382102327252
273,13.0,0.0,-0.0,21.0,260.0,44549.0,12.380946485263578,0.05115601554776683,0.39912336627202094
274,13.0,1.0,0.6637254974722313,10.0,174.0,44538.0,23.249909062923045,0.18116948385852893,0.2761278816889653
275,13.0,2.0,0.19968510857370553,17.0,377.0,44545.0,16.68330162790183,0.08006704400272668,0.49999998781600874
276,13.0,3.0,-0.0,12.0,337.0,44540.0,28.08330993057506,0.13311828999585895,0.2928932179663549
277,13.0,4.0,-0.0,18.0,346.0,44546.0,19.22221154321581,0.06334834142696055,0.49999993211507165
278,13.0,5.0,-0.0,19.0,295.0,44547.0,15.526307617732833,0.13209841379353493,0.29289320128158414
279,13.0,6.0,0.6730116670092565,30.0,660.0,44558.0,23.099981850015674,0.18341292634670203,0.9998504495619923
280,13.0,7.0,0.0,0.0,0.0,44528.0,,0.0,0.0
281,13.0,8.0,-0.0,10.0,382.0,44538.0,38.1999618000382,0.056393299996304935,0.49999992741808763
282,13.0,9.0,-0.0,13.0,294.0,44541.0,22.615367218948293,0.05336629327596498,0.39911271728249653
283,13.0,10.0,0.553149631727925,22.0,488.0,44550.0,21.395809717913778,0.30892712270361933,0.4991508420708365
284,13.0,11.0,-0.0,6.0,432.0,44534.0,71.99988000020001,0.05709215111394883,0.4999999324683575
285,13.0,12.0,0.5489880914692494,26.0,487.0,44554.0,17.35619557115958,0.3377884746640183,0.49999992967100537
286,13.0,13.0,0.6787013028096602,13.0,460.0,44541.0,59.97702286277409,0.14536683063256517,0.6667490035439488
287,13.0,14.0,0.6788847792894804,44.0,914.0,44572.0,20.679990464846583,0.21400741181069793,0.6749512548956575
288,13.0,15.0,-0.0,4.0,117.0,44532.0,29.249926875182815,0.10043691149801814,0.13397459525270516
289,13.0,16.0,0.6813998104452295,26.0,621.0,44554.0,24.309504669799733,0.1909056398312433,0.9997402932200258
290,13.0,17.0,0.5293874859370122,18.0,437.0,44546.0,34.8748721099854,0.2380303517133311,0.4422769752691139
291,13.0,18.0,0.540894358706941,25.0,402.0,44553.0,15.881561750947142,0.2519514166399064,0.5543911167724285
292,13.0,19.0,0.6849764189387372,34.0,940.0,44562.0,28.388260249042773,0.2122870308520347,0.6667498934602163
293,13.0,20.0,0.5777125322474359,24.0,431.0,43573.0,26.547552120394226,0.22689953895366965,0.4999999105349078
294,14.0,0.0,-0.0,7.0,298.0,42152.0,42.57136775518892,0.05239548214061229,0.3991236815746634
295,14.0,1.0,0.6809991432654108,7.0,225.0,42152.0,32.083239930833045,0.2471745610041297,0.3379902119270888
296,14.0,2.0,0.19679978896538225,25.0,344.0,42170.0,11.358671311544267,0.0807460220773496,0.49999993256960695
297,14.0,3.0,-0.0,14.0,315.0,42159.0,22.49998392858291,0.13664878445198592,0.2928932172107943
298,14.0,4.0,-0.0,20.0,356.0,42165.0,17.79999110000445,0.06189761428261942,0.4999999327584479
299,14.0,5.0,-0.0,10.0,310.0,42155.0,30.999969000031,0.13153925535633293,0.2928931813378969
300,14.0,6.0,0.6840977964176764,31.0,603.0,42176.0,20.413621303524337,0.18638394962361982,0.9997027936490239
301,14.0,7.0,0.0,0.0,0.0,42145.0,,0.0,0.0
302,14.0,8.0,-0.0,19.0,368.0,42164.0,19.368410858731128,0.056366277623812966,0.4999999886040365
303,14.0,9.0,-0.0,12.0,254.0,42157.0,21.166649027792477,0.054511171732484764,0.3991129889519913
304,14.0,10.0,0.5645044513091838,28.0,504.0,42173.0,18.047601814079506,0.3128237262370944,0.49999993278289856
305,14.0,11.0,-0.0,25.0,294.0,42170.0,11.759995296001883,0.05027713507370324,0.399117386654527
306,14.0,12.0,0.5811158380314033,35.0,448.0,42180.0,14.428557091854975,0.3406857887464825,0.4999996654380511
307,14.0,13.0,0.5513637894942993,30.0,487.0,42175.0,15.099989525008162,0.14638452642789768,0.9997421523617821
308,14.0,14.0,0.6796308006138003,44.0,890.0,42189.0,20.149464387860327,0.21374520912301154,0.6611613794583338
309,14.0,15.0,-0.0,10.0,84.0,42155.0,8.3999916000084,0.09967078584090017,0.13397459011712132
310,14.0,16.0,0.6598688186027613,51.0,573.0,42196.0,11.444439858540939,0.19063173059536243,0.9997979314036997
311,14.0,17.0,0.635041807436042,19.0,474.0,42164.0,36.0728232533328,0.32570551874829545,0.499999906305027
312,14.0,18.0,0.5544275912876475,21.0,424.0,42166.0,20.33122313051387,0.26349321457765695,0.5660850061378606
313,14.0,19.0,0.6026396011947983,41.0,1301.0,42186.0,30.92462637775142,0.2183476115016817,0.9996958820690737
314,14.0,20.0,0.6159997136024922,20.0,454.0,41251.0,27.21870041026869,0.21847980053694427,0.49846206204773835
315,15.0,0.0,-0.0,21.0,244.0,47022.0,11.619042086170435,0.052837425237012514,0.3991219691704413
316,15.0,1.0,0.6689606161585174,7.0,210.0,47008.0,29.666581111362966,0.19021740171789148,0.29547714863256436
317,15.0,2.0,-0.0,22.0,328.0,47023.0,14.909084132234486,0.06055367558113156,0.4999999336846186
318,15.0,3.0,-0.0,16.0,329.0,47017.0,20.562487148445534,0.13112250525046276,0.2928932052657781
319,15.0,4.0,-0.0,19.0,265.0,47020.0,13.947361080336274,0.05666339796309128,0.3991248874840565
320,15.0,5.0,-0.0,13.0,279.0,47014.0,21.461521952675422,0.13237069824553882,0.2928932133802895
321,15.0,6.0,0.6778824376884985,28.0,591.0,47029.0,20.951267121246723,0.1913346525762084,0.9997474542467432
322,15.0,7.0,0.0,0.0,0.0,47001.0,,0.0,0.0
323,15.0,8.0,-0.0,30.0,231.0,47031.0,7.699997433334189,0.05038679672535051,0.39911329508130333
324,15.0,9.0,-0.0,6.0,341.0,47007.0,56.83323861126898,0.05330015186534387,0.3991177117948299
325,15.0,10.0,0.5700471705012848,21.0,455.0,47022.0,21.016642905587645,0.3006912233302116,0.49999943698531
326,15.0,11.0,-0.0,12.0,281.0,47013.0,23.41664715279404,0.051019439418621415,0.3991128144478169
327,15.0,12.0,0.5505727259115015,24.0,455.0,47025.0,26.404697426507575,0.342209099510126,0.49999709434483586
328,15.0,13.0,0.5663633943454228,27.0,473.0,47028.0,20.022699626082716,0.14416530295542496,0.9998079206934143
329,15.0,14.0,0.674151910952977,42.0,911.0,47043.0,21.538626156306503,0.21429361091200194,0.6647319612980189
330,15.0,15.0,-0.0,4.0,89.0,47005.0,22.249944375139066,0.09678114884832256,0.13397458144777585
331,15.0,16.0,0.6764705667387196,15.0,604.0,47016.0,39.95530404822138,0.18936450643587266,0.999783194361491
332,15.0,17.0,0.5251602193279216,33.0,494.0,47034.0,13.690468064064166,0.3319655644063879,0.4999999625713478
333,15.0,18.0,0.5671962664802263,19.0,503.0,47020.0,25.861084459904074,0.27393140911603253,0.7087846380014394
334,15.0,19.0,0.6177049794777008,77.0,1210.0,47078.0,15.378954908147197,0.21964536185755934,0.9997087302804104
335,15.0,20.0,0.4639842039494517,29.0,451.0,45952.0,13.794632467590507,0.22610418627302498,0.4999999921283603
336,16.0,0.0,-0.0,13.0,286.0,43175.0,21.999983076936097,0.05308175537879556,0.3991200481207048
337,16.0,1.0,0.6899150616547802,10.0,224.0,43172.0,22.958284340386257,0.2218178719904581,0.33008945685427127
338,16.0,2.0,-0.0,18.0,274.0,43180.0,15.222213765436797,0.05362023067011701,0.3991255690105442
339,16.0,3.0,-0.0,16.0,300.0,43178.0,18.749988281257323,0.13087326777632824,0.29289321014236136
340,16.0,4.0,-0.0,16.0,256.0,43178.0,15.99999000000625,0.05282749305404122,0.39912444535338043
341,16.0,5.0,-0.0,11.0,320.0,43173.0,29.090882644652144,0.13421932457895347,0.29289321527081835
342,16.0,6.0,0.6778444222523095,36.0,596.0,43198.0,17.54165508681394,0.18920224062818625,0.9997452996245293
343,16.0,7.0,0.0,0.0,0.0,43162.0,,0.0,0.0
344,16.0,8.0,-0.0,10.0,283.0,43172.0,28.2999717000283,0.051879328686428416,0.3991232454740238
345,16.0,9.0,-0.0,17.0,383.0,43179.0,22.529398512118522,0.057716840813548,0.49999993415806776
346,16.0,10.0,0.5782604056995396,23.0,532.0,43185.0,21.797600369442343,0.29268755814420633,0.49999992981319175
347,16.0,11.0,-0.0,19.0,364.0,43181.0,19.15788465374492,0.058540292508023284,0.4999999310607153
348,16.0,12.0,0.5363432381899231,29.0,435.0,43191.0,22.96148097651565,0.2979660055468125,0.4902059914357051
349,16.0,13.0,0.589163690876801,22.0,413.0,43184.0,20.194089674097086,0.13933264810350132,0.6667497091946182
350,16.0,14.0,0.6767988247286394,39.0,915.0,43201.0,23.457868006600904,0.21288601239261296,0.6660272617576413
351,16.0,15.0,-0.0,4.0,96.0,43166.0,23.99994000015,0.09574177322217159,0.1339745785772063
352,16.0,16.0,0.6631584346907645,28.0,632.0,43190.0,23.08203434373372,0.18021123082604007,0.9997708005863445
353,16.0,17.0,0.5749889546247167,22.0,485.0,43184.0,21.004740990046493,0.32705617331098147,0.4999999220017255
354,16.0,18.0,0.5447717463482334,26.0,422.0,43188.0,14.999988300663674,0.2718692316976261,0.5662714899650534
355,16.0,19.0,0.62084260096318,77.0,1214.0,43239.0,15.188986237362608,0.21787562070902367,0.9997735956085364
356,16.0,20.0,0.6508440357860559,19.0,509.0,42289.0,33.558269482090715,0.190055475771164,0.49015249875307987
357,17.0,0.0,-0.0,4.0,300.0,42645.0,74.99981250046875,0.05189579490497365,0.39911471057879067
358,17.0,1.0,0.6857483576983661,12.0,214.0,42653.0,19.249961250085157,0.22058278377007412,0.3254124892111303
359,17.0,2.0,-0.0,16.0,285.0,42657.0,17.812488867194457,0.05163516822670189,0.3991119682004033
360,17.0,3.0,-0.0,14.0,307.0,42655.0,21.92855576531731,0.12988279579110618,0.29289316137327737
361,17.0,4.0,-0.0,11.0,320.0,42652.0,29.090882644652144,0.051518440194808224,0.39912576996363935
362,17.0,5.0,-0.0,11.0,318.0,42652.0,28.909064628123065,0.13427607827040633,0.2928932101816575
363,17.0,6.0,0.6894383997548457,32.0,639.0,42673.0,25.47914084204366,0.18551283782705874,0.9997891461344993
364,17.0,7.0,0.0,0.0,0.0,42641.0,,0.0,0.0
365,17.0,8.0,-0.0,8.0,270.0,42649.0,33.749957812552736,0.052216963644540315,0.39911811057892443
366,17.0,9.0,-0.0,10.0,310.0,42651.0,30.999969000031,0.051798555271674984,0.3991181009013539
367,17.0,10.0,0.5670123200654331,26.0,523.0,42667.0,19.470223528213904,0.2993897382994476,0.4999999410678386
368,17.0,11.0,-0.0,24.0,255.0,42665.0,10.624995572918511,0.05130698900906383,0.39911949406362657
369,17.0,12.0,0.5264217752425426,23.0,469.0,42664.0,20.466640418562857,0.33707228922453036,0.49999995183141666
370,17.0,13.0,0.6605124630997954,14.0,429.0,42655.0,90.34534589558001,0.13938581271139816,0.6667580469266978
371,17.0,14.0,0.6824176689327415,41.0,848.0,42682.0,20.772048341809075,0.21263547327343546,0.6763929053770279
372,17.0,15.0,-0.0,8.0,98.0,42649.0,12.249984687519142,0.10231154323361247,0.13397458657220007
373,17.0,16.0,0.6782093939033127,38.0,580.0,42679.0,15.714277110849094,0.18853271528032112,0.9997910909714088
374,17.0,17.0,0.6168654869666976,24.0,498.0,42665.0,24.378911990091417,0.3271211518568251,0.49999989185666727
375,17.0,18.0,0.5423489422439274,17.0,387.0,42658.0,22.67304001117175,0.23622469251821943,0.5355655254097109
376,17.0,19.0,0.6787697652839302,55.0,934.0,42696.0,17.090902575760154,0.2122078313766136,0.7013478506434734
377,17.0,20.0,0.5220770639132397,21.0,407.0,41663.0,18.18053904708317,0.22412938692064288,0.49999990634652425
378,18.0,0.0,-0.0,18.0,265.0,44986.0,14.722214043214422,0.05312385605474046,0.3991230498522247
379,18.0,1.0,-0.0,11.0,78.0,44979.0,5.571420612256269,0.09993655933443579,0.1354859402530233
380,18.0,2.0,-0.0,10.0,299.0,44978.0,29.8999701000299,0.050980795739046236,0.3991176483065736
381,18.0,3.0,-0.0,10.0,356.0,44978.0,35.5999644000356,0.13240639269492538,0.2928931824481763
382,18.0,4.0,-0.0,15.0,277.0,44983.0,18.46665435556376,0.05093265601154662,0.39911801335446717
383,18.0,5.0,-0.0,15.0,320.0,44983.0,21.333319111120595,0.1374610202278873,0.29289321306538085
384,18.0,6.0,0.6697334617507181,33.0,566.0,45001.0,16.98119257971711,0.19097926402018406,0.9996985457169425
385,18.0,7.0,0.0,0.0,0.0,44968.0,,0.0,0.0
386,18.0,8.0,-0.0,12.0,259.0,44980.0,21.58331534723721,0.05086341953351714,0.3991142820317777
387,18.0,9.0,-0.0,17.0,241.0,44985.0,14.176462249139854,0.05192478318299387,0.39912587098471564
388,18.0,10.0,0.4929830735067806,25.0,416.0,44993.0,27.53250427980819,0.21150411741650543,0.4373605513952571
389,18.0,11.0,-0.0,9.0,302.0,44977.0,33.55551827164636,0.05551067563598344,0.39911755049694053
390,18.0,12.0,0.5928725761140212,20.0,468.0,44988.0,24.33329964450184,0.33751682839022024,0.4999999264958537
391,18.0,13.0,0.6080208233443289,19.0,391.0,44987.0,19.744026233726682,0.1401709779785093,0.666740059944759
392,18.0,14.0,0.6554817739013927,45.0,913.0,45013.0,20.42192761883504,0.20905097564263941,0.6690278829260166
393,18.0,15.0,-0.0,4.0,113.0,44972.0,28.249929375176563,0.10139225940008045,0.1339745831733815
394,18.0,16.0,0.6761937712193291,20.0,708.0,44988.0,41.043904738625805,0.18771213454359736,0.9997418195963854
395,18.0,17.0,0.5804605000576997,23.0,494.0,44991.0,20.52305961303259,0.3283767581464442,0.49999988027971887
396,18.0,18.0,0.5722806988018472,20.0,459.0,44988.0,23.233301977830415,0.2623417694485807,0.5662765669106411
397,18.0,19.0,0.5568287825201167,36.0,1363.0,45004.0,46.83775904147847,0.21606766889893425,0.9997279465788702
398,18.0,20.0,0.5395369966054024,19.0,417.0,43921.0,20.34613101580862,0.2181334161345002,0.49999992614886235
399,19.0,0.0,-0.0,12.0,294.0,47988.0,24.49997958335035,0.0513647907625262,0.3991147157563314
400,19.0,1.0,-0.0,4.0,98.0,17075.0,24.499938750153127,0.09848533425189077,0.13397459547884982
401,19.0,2.0,-0.0,7.0,336.0,48674.0,47.99993142866939,0.051245510936103855,0.39911574035716313
402,19.0,3.0,-0.0,18.0,279.0,29869.0,15.499991388893672,0.13127827932646408,0.2928931772543055
403,19.0,4.0,-0.0,13.0,271.0,48983.0,20.846137810663222,0.051597155125979066,0.39911387326052294
404,19.0,5.0,-0.0,17.0,311.0,33160.0,18.29410688581948,0.13564612402215082,0.29289320177139
405,19.0,6.0,0.6750586062366862,38.0,617.0,80242.0,16.311585178539133,0.1916819480656945,0.9997160719865081
406,19.0,7.0,0.0,0.0,0.0,0.0,,0.0,0.0
407,19.0,8.0,-0.0,18.0,254.0,48078.0,14.111103271609293,0.052112435852768035,0.3991162544217781
408,19.0,9.0,-0.0,15.0,288.0,50753.0,19.199987200008533,0.05020105884990056,0.399121342097444
409,19.0,10.0,0.5129121548148228,15.0,521.0,42587.0,32.352221640079975,0.3069033926851029,0.499998594155297
410,19.0,11.0,-0.0,9.0,374.0,59783.0,41.555509382767355,0.05703279420603269,0.4999999336991864
411,19.0,12.0,0.5191742840448136,26.0,458.0,39715.0,16.124986788207103,0.3329250571117701,0.4999756672942123
412,19.0,13.0,0.5878453651166408,19.0,375.0,68488.0,18.690456235850547,0.13727137404841672,0.6667378359293423
413,19.0,14.0,0.683483595311707,54.0,915.0,89901.0,17.81127061189788,0.2095528046666023,0.6769020254365612
414,19.0,15.0,-0.0,5.0,103.0,17439.0,20.5999588000824,0.09680502133393565,0.13397459463037542
415,19.0,16.0,0.6772604015958343,28.0,630.0,79589.0,22.499983928582907,0.19595887302139503,0.9998457653037128
416,19.0,17.0,0.5803470127110121,24.0,468.0,39513.0,19.94442179015533,0.3286879096815516,0.4999990497851644
417,19.0,18.0,0.5469960192598992,22.0,444.0,39253.0,19.34372879560136,0.27820870637764616,0.8736551736699107
418,19.0,19.0,0.6260009630869106,54.0,1289.0,119284.0,23.358637340351127,0.2143674838553732,0.9996745144709781
419,19.0,20.0,0.6832569128186969,19.0,584.0,41914.0,42.474914162701026,0.1957903857712775,0.49666295091322754
420,20.0,0.0,-0.0,13.0,265.0,44173.0,20.384599704154073,0.050047915383668706,0.3991164246732668
421,20.0,1.0,-0.0,6.0,106.0,44166.0,17.666637222271298,0.09446208646478504,0.13397457816948355
422,20.0,2.0,-0.0,14.0,358.0,44174.0,25.571410306135498,0.056272246258834535,0.4999999720377547
423,20.0,3.0,-0.0,12.0,330.0,44172.0,27.49997708335243,0.12973282500333816,0.2928931853914244
424,20.0,4.0,-0.0,11.0,299.0,44171.0,27.181793471096846,0.052049361310697706,0.3991206644882357
425,20.0,5.0,-0.0,13.0,307.0,44173.0,23.615366449718117,0.13415092362119274,0.2928931905242804
426,20.0,6.0,0.6732749296365108,33.0,614.0,44193.0,19.0118920479116,0.18478958477694518,0.9997966002024882
427,20.0,7.0,0.0,0.0,0.0,44160.0,,0.0,0.0
428,20.0,8.0,-0.0,14.0,260.0,44174.0,18.571415306131925,0.05343387021132129,0.39912491592695576
429,20.0,9.0,-0.0,20.0,245.0,44180.0,12.249993875003062,0.051152078741327656,0.3991184328009788
430,20.0,10.0,0.5552674846705401,25.0,513.0,44185.0,24.86305177660202,0.3003963613773276,0.4998917455327664
431,20.0,11.0,-0.0,13.0,247.0,44173.0,18.999985384626626,0.051104639554012454,0.39911941375521287
432,20.0,12.0,0.5746920848586952,18.0,497.0,44178.0,29.357092870006213,0.3358635732990928,0.4999999304680469
433,20.0,13.0,0.5307057614151862,13.0,556.0,44173.0,79.99936500621243,0.13992054426880696,0.9996793230501577
434,20.0,14.0,0.6130584679047204,59.0,1150.0,44219.0,18.97568814159965,0.21629101638239634,0.999708887573098
435,20.0,15.0,-0.0,5.0,104.0,44165.0,20.799958400083202,0.10036672559179105,0.1339745909676361
436,20.0,16.0,0.6847853979076108,37.0,604.0,44197.0,22.316787770630572,0.19986401230494089,0.9997267712502284
437,20.0,17.0,0.5724346321023186,16.0,505.0,44176.0,29.616629772271246,0.3253236325474228,0.49999991696004875
438,20.0,18.0,0.534246515906697,30.0,456.0,44190.0,17.359976576042328,0.2635955406404079,0.5662736370725667
439,20.0,19.0,0.5999171488068351,60.0,1186.0,44220.0,19.53173837427913,0.21488575952916733,0.9996337838463237
440,20.0,20.0,0.5375444124735402,27.0,455.0,43127.0,15.523518139109118,0.21478985274749318,0.49999992945404026
441,21.0,0.0,-0.0,12.0,270.0,45407.0,22.499981250015626,0.05134003101781659,0.3991170727798905
442,21.0,1.0,-0.0,5.0,120.0,45400.0,23.999952000096002,0.09890151871201591,0.1339745924575091
443,21.0,2.0,-0.0,22.0,250.0,45417.0,11.363631198349456,0.051596571240269506,0.3991130506209758
444,21.0,3.0,-0.0,24.0,264.0,45419.0,10.999995416668577,0.1270988906495848,0.2928932168302163
445,21.0,4.0,-0.0,12.0,323.0,45407.0,26.916644236129805,0.0565721878445683,0.3991188900840934
446,21.0,5.0,-0.0,17.0,317.0,45412.0,18.647047854677734,0.13750168145946762,0.29289320069755365
447,21.0,6.0,0.6830989432516774,31.0,643.0,45426.0,20.65124711391315,0.19131856860836893,0.9998607979216488
448,21.0,7.0,0.0,0.0,0.0,45395.0,,0.0,0.0
449,21.0,8.0,-0.0,13.0,317.0,45408.0,24.384596627233364,0.05202923063571896,0.3991158542378783
450,21.0,9.0,-0.0,15.0,243.0,45410.0,16.1999892000072,0.05034188396684114,0.39911256290019115
451,21.0,10.0,0.5071203862192191,31.0,449.0,45426.0,14.80665103291133,0.26511314608592373,0.48761123605426004
452,21.0,11.0,-0.0,17.0,300.0,45412.0,17.64704844291268,0.05077259254519928,0.3991171602296316
453,21.0,12.0,0.5229498508331385,30.0,438.0,45425.0,13.732943580202004,0.3392225574208948,0.4999999298175656
454,21.0,13.0,0.615554029391041,28.0,409.0,45423.0,14.138878256181524,0.13618864101358719,0.6667467346350694
455,21.0,14.0,0.6479346251357886,68.0,1012.0,45463.0,15.0173863267399,0.21041635856869656,0.7097326221514457
456,21.0,15.0,-0.0,6.0,107.0,45401.0,17.833303611160648,0.10478270502470644,0.13397457145723135
457,21.0,16.0,0.6809782654259081,35.0,668.0,45430.0,19.186263479757724,0.19575393217293857,0.9997346139267836
458,21.0,17.0,0.5840043600198614,32.0,506.0,45427.0,15.142847953520398,0.3225090428943066,0.49999990729793586
459,21.0,18.0,0.5447717463482334,32.0,422.0,45427.0,18.142824145486244,0.252273745579775,0.5600973074491515
460,21.0,19.0,0.6528419171175354,58.0,922.0,45453.0,18.537327692123515,0.2057539286688863,0.7805516908690142
461,21.0,20.0,0.6586619801083462,24.0,563.0,44496.0,60.0679181521281,0.2040222126693183,0.4978373066668885
462,22.0,0.0,-0.0,14.0,258.0,45633.0,18.428558265315527,0.050734805402814054,0.39912010598635606
463,22.0,1.0,-0.0,10.0,112.0,45629.0,11.1999888000112,0.0967423432820066,0.1339745955448347
464,22.0,2.0,-0.0,10.0,293.0,45629.0,29.299970700029302,0.05141557649580719,0.39912651715334735
465,22.0,3.0,-0.0,7.0,323.0,45626.0,46.142791224583966,0.13194876894672192,0.29289321186201767
466,22.0,4.0,-0.0,16.0,250.0,45635.0,15.624990234381103,0.0523530831230089,0.3991231211395444
467,22.0,5.0,-0.0,17.0,311.0,45636.0,18.29410688581948,0.13285498288166042,0.2928931992110828
468,22.0,6.0,0.6323564799566412,19.0,623.0,45638.0,32.029726539866125,0.17403641786318325,0.9997608388529253
469,22.0,7.0,0.0,0.0,0.0,45619.0,,0.0,0.0
470,22.0,8.0,-0.0,13.0,260.0,45632.0,19.99998461539645,0.0517591076532099,0.39911829813564703
471,22.0,9.0,-0.0,15.0,357.0,45634.0,23.799984133343912,0.05673977927467,0.4999999269578952
472,22.0,10.0,0.48706715883655083,16.0,446.0,45635.0,28.051224148752077,0.24708224264581446,0.47680409187034667
473,22.0,11.0,-0.0,20.0,264.0,45639.0,13.1999934000033,0.05204282749682121,0.3991243071508921
474,22.0,12.0,0.5382674532283414,17.0,480.0,45636.0,31.54754849794287,0.2959521115749475,0.48914894765668404
475,22.0,13.0,0.6303020361947,17.0,459.0,45636.0,47.58314019538028,0.13370689884862752,0.666738124543963
476,22.0,14.0,0.6441190208228188,47.0,995.0,45666.0,22.12877613522295,0.20432528132539263,0.7271613863306681
477,22.0,15.0,-0.0,3.0,107.0,45622.0,35.66654777817407,0.09639166869284677,0.13397457578942717
478,22.0,16.0,0.6811888902793013,32.0,622.0,45651.0,19.365067115780107,0.19050010095478387,0.9997521239507643
479,22.0,17.0,0.5454476396028454,18.0,472.0,45637.0,26.76781324626677,0.3249435598894742,0.4999994394350086
480,22.0,18.0,0.5544566667847229,16.0,461.0,45635.0,27.388855917147847,0.2707905599617004,0.5662663176555807
481,22.0,19.0,0.6714845377515523,49.0,974.0,45668.0,22.185702038783226,0.20812968330972204,0.7435225229031481
482,22.0,20.0,0.4275610958903743,30.0,373.0,44565.0,10.906691832494543,0.22050441748948624,0.49999989255891664
483,23.0,0.0,-0.0,13.0,261.0,38706.0,20.076907633147975,0.05165240629270895,0.3991145463418344
484,23.0,1.0,-0.0,4.0,107.0,38697.0,26.74993312516719,0.09491247475907294,0.13397457685636904
485,23.0,2.0,-0.0,15.0,280.0,38708.0,18.66665422223052,0.05295856479016492,0.3991154694485396
486,23.0,3.0,-0.0,23.0,295.0,38716.0,12.826081379964618,0.12979621111511996,0.29289320154856147
487,23.0,4.0,-0.0,11.0,316.0,38704.0,28.72724661159399,0.05137387881880617,0.39911366140351334
488,23.0,5.0,-0.0,9.0,325.0,38702.0,36.1110709876989,0.13653863675438627,0.2928932105784996
489,23.0,6.0,0.6825185387118164,29.0,639.0,38722.0,22.575740646631086,0.18748164651199584,0.999861984437113
490,23.0,7.0,0.0,0.0,0.0,38693.0,,0.0,0.0
491,23.0,8.0,-0.0,11.0,283.0,38704.0,25.727249338864237,0.05031849986028991,0.3991178424727583
492,23.0,9.0,-0.0,20.0,393.0,38713.0,19.649990175004913,0.057238844226336405,0.49999992729418086
493,23.0,10.0,0.5628984115526788,26.0,487.0,38719.0,18.319531367819643,0.29780907347204755,0.4999999326746932
494,23.0,11.0,-0.0,11.0,396.0,38704.0,35.999967272757026,0.05640335597927737,0.49999998146987545
495,23.0,12.0,0.4484428725367724,19.0,381.0,38712.0,18.474973245887263,0.22459345858006896,0.42455006609733115
496,23.0,13.0,0.5716995699888885,25.0,402.0,38718.0,15.37011797057773,0.13415973746795995,0.6667563175043241
497,23.0,14.0,0.6186608703628432,51.0,1312.0,38744.0,24.766657030162598,0.2142256717655242,0.9997087234162857
498,23.0,15.0,-0.0,3.0,106.0,38696.0,35.333215555948144,0.1001752966594105,0.13397457139018154
499,23.0,16.0,0.676554326380339,37.0,589.0,38730.0,17.646840614221006,0.18927689978679663,0.9996928589284173
500,23.0,17.0,0.5748091463329303,17.0,535.0,38710.0,29.621176354500875,0.3226126177837628,0.4999999418279423
501,23.0,18.0,0.5623351446188083,22.0,476.0,38715.0,22.399970023580643,0.26534369750640596,0.566267087713646
502,23.0,19.0,0.6680281964459738,37.0,914.0,38730.0,25.971649868289838,0.20979020077220167,0.731558183634291
503,23.0,20.0,0.6513086568916493,12.0,564.0,37955.0,116.99898001006353,0.16406035765657212,0.4610716135081635
504,24.0,0.0,-0.0,11.0,261.0,43013.0,23.727251157044403,0.05120330974725762,0.3991252296039951
505,24.0,1.0,-0.0,7.0,109.0,43009.0,15.571406326562391,0.09666457563700825,0.1339745961948582
506,24.0,2.0,-0.0,11.0,305.0,43013.0,27.727247520684074,0.047868038807277524,0.39912563377411747
507,24.0,3.0,-0.0,17.0,339.0,43019.0,19.94116474049133,0.12655629024551762,0.29289321715563565
508,24.0,4.0,-0.0,17.0,304.0,43019.0,17.882342422151517,0.05203405891312207,0.3991198518373964
509,24.0,5.0,-0.0,16.0,308.0,43018.0,19.24998796875752,0.13097177014730654,0.29289318830273003
510,24.0,6.0,0.6784869254784038,34.0,603.0,43036.0,17.622796572797906,0.18739277228595308,0.9997761641923115
511,24.0,7.0,0.0,0.0,0.0,43002.0,,0.0,0.0
512,24.0,8.0,-0.0,15.0,269.0,43017.0,17.93332137778575,0.05261023515801366,0.3991181045172848
513,24.0,9.0,-0.0,24.0,284.0,43026.0,11.833328402779832,0.05321232852999136,0.3991212925225389
514,24.0,10.0,0.537741431529181,22.0,529.0,43024.0,22.833308559060768,0.29697462887964465,0.4999998918652542
515,24.0,11.0,-0.0,17.0,251.0,43019.0,14.764697197236943,0.05085841798720381,0.39911469749606143
516,24.0,12.0,-0.0,16.0,332.0,43018.0,11.857134387761151,0.13488365907539002,0.2936343567701123
517,24.0,13.0,0.5814957129133242,21.0,425.0,43023.0,19.866643922253218,0.1389026063742027,0.6667358719251182
518,24.0,14.0,0.6632372361681613,62.0,978.0,43064.0,16.22415195240902,0.20756597241532715,0.6853722160663511
519,24.0,15.0,-0.0,6.0,94.0,43008.0,15.666640555599075,0.09386625778835178,0.13397459590810268
520,24.0,16.0,0.6427009759659899,34.0,616.0,43036.0,17.996200610946943,0.17852960088933623,0.9998455865524262
521,24.0,17.0,0.5785752640856954,31.0,505.0,43033.0,20.5345858405872,0.3208880178778827,0.4999999243600608
522,24.0,18.0,0.5527545539877752,23.0,439.0,43025.0,17.97766125121531,0.2700333537638554,0.7902786235291085
523,24.0,19.0,0.5892742907607011,45.0,1224.0,43047.0,28.90998622100662,0.21154810884957886,0.9996764322772886
524,24.0,20.0,0.5959001651679219,23.0,445.0,42039.0,21.46108098832474,0.2144984570133699,0.4999999118027363
525,25.0,0.0,-0.0,12.0,379.0,47470.0,31.583307013910822,0.057228537796222834,0.49999993087414474
526,25.0,1.0,-0.0,8.0,88.0,47466.0,10.999986250017187,0.09605012259580381,0.13397456612056446
527,25.0,2.0,-0.0,14.0,346.0,47472.0,24.7142680612371,0.05820951383009909,0.4999999321460725
528,25.0,3.0,-0.0,20.0,268.0,47478.0,13.39999330000335,0.12949886844200598,0.2928932007074704
529,25.0,4.0,-0.0,14.0,343.0,47472.0,24.4999825000125,0.05705547105617659,0.49999992626055645
530,25.0,5.0,-0.0,18.0,316.0,47476.0,17.555545802474555,0.1342615540548967,0.29289320693313536
531,25.0,6.0,0.6710173695902983,29.0,625.0,47487.0,21.40929860931991,0.18570595183482597,0.9997498017802298
532,25.0,7.0,0.0,0.0,0.0,47458.0,,0.0,0.0
533,25.0,8.0,-0.0,14.0,267.0,47472.0,19.07141494898932,0.052609839193412666,0.3991129802109963
534,25.0,9.0,-0.0,16.0,258.0,47474.0,16.124989921881298,0.050437409038500025,0.39911256942306306
535,25.0,10.0,0.5478417423969224,22.0,430.0,47480.0,33.699868400639545,0.2280407947450025,0.46359508890865
536,25.0,11.0,-0.0,11.0,269.0,47469.0,24.454523223160706,0.05446200291361136,0.3991145604978573
537,25.0,12.0,-0.0,16.0,274.0,47474.0,17.12498929688169,0.1302924885636444,0.2928932118856241
538,25.0,13.0,0.5360626901105194,19.0,541.0,47477.0,26.326893626763823,0.14208707015191446,0.9997222733488678
539,25.0,14.0,0.6743441821248388,53.0,957.0,47511.0,19.28348785089789,0.2087568883016454,0.6742782656510462
540,25.0,15.0,-0.0,6.0,89.0,47464.0,14.833308611152315,0.09686574536829251,0.13397457313096783
541,25.0,16.0,0.6752922869192546,35.0,621.0,47493.0,17.85293090350457,0.18701560571821596,0.9998092452855339
542,25.0,17.0,0.5985140843525405,18.0,535.0,47476.0,38.23323984473343,0.3189460477045336,0.49999906191644705
543,25.0,18.0,0.5766999537503794,31.0,444.0,47489.0,13.635704728238908,0.2744916336702792,0.5662725316482637
544,25.0,19.0,0.5897475455509326,55.0,1070.0,47513.0,29.205325259131513,0.2017695810037956,0.8446030154666728
545,25.0,20.0,0.5345996503593464,21.0,451.0,46452.0,20.208314918998575,0.22234926536767985,0.49999995824381593
546,26.0,0.0,-0.0,22.0,256.0,44541.0,11.636358347109843,0.05193183978420923,0.3991180308864728
547,26.0,1.0,-0.0,4.0,128.0,44523.0,31.999920000200003,0.09968308922574232,0.13397459532201805
548,26.0,2.0,-0.0,23.0,284.0,44542.0,12.347820718338818,0.05113788411963904,0.3991171262359685
549,26.0,3.0,-0.0,17.0,280.0,44536.0,16.470578546718503,0.13003925155726925,0.29289321066798246
550,26.0,4.0,-0.0,23.0,232.0,44542.0,10.086952136107767,0.05118344985194201,0.3991253699785008
551,26.0,5.0,-0.0,15.0,336.0,44534.0,22.399985066676624,0.13421745944611063,0.29289320352356696
552,26.0,6.0,0.6881223246692919,38.0,609.0,44557.0,17.858962367283702,0.18924575888495032,0.9997495129788458
553,26.0,7.0,0.0,0.0,0.0,44519.0,,0.0,0.0
554,26.0,8.0,-0.0,19.0,249.0,44538.0,13.105256260391442,0.05077339292679206,0.3991190700033792
555,26.0,9.0,-0.0,13.0,266.0,44532.0,20.4615227219056,0.050988933102845024,0.3991169450018247
556,26.0,10.0,0.371382912182901,18.0,409.0,44537.0,19.07140378831091,0.1777644150418275,0.3997768532762398
557,26.0,11.0,-0.0,13.0,294.0,44532.0,22.615367218948293,0.05458756414920507,0.39911343726596493
558,26.0,12.0,-0.0,16.0,322.0,44535.0,20.12498742188286,0.1308782220646525,0.29289319915077106
559,26.0,13.0,0.6376139474259532,26.0,418.0,44545.0,29.376731189086275,0.14035717197607656,0.6667540122312181
560,26.0,14.0,0.612691979660587,44.0,1198.0,44563.0,26.132466862632413,0.21213878479907533,0.9996995911754665
561,26.0,15.0,-0.0,4.0,106.0,44523.0,26.499933750165628,0.09788327223921067,0.13397457976675986
562,26.0,16.0,0.6758143206570398,26.0,641.0,44545.0,24.4464098150655,0.19238473273124335,0.9997835667132677
563,26.0,17.0,0.558285715062025,36.0,479.0,44555.0,12.842299122196277,0.3122020920057823,0.49999990636307057
564,26.0,18.0,0.5623351446188083,25.0,448.0,44544.0,17.333316719595928,0.2721819938057334,0.5662668759170105
565,26.0,19.0,0.6261465180694801,46.0,1213.0,44565.0,29.390889727760484,0.21197104088642438,0.9997167360904019
566,26.0,20.0,0.6090853615853011,20.0,527.0,43588.0,28.033293711179397,0.20679081595766124,0.49798525817244754
567,27.0,0.0,-0.0,11.0,389.0,38973.0,35.36360421490526,0.05827230134959316,0.4999999328981528
568,27.0,1.0,-0.0,8.0,137.0,38970.0,17.12497859377676,0.10347720497604962,0.13397457749705832
569,27.0,2.0,-0.0,10.0,337.0,38972.0,33.6999663000337,0.0487056353399683,0.39911845943524393
570,27.0,3.0,-0.0,9.0,320.0,38971.0,35.555516049426615,0.1274574091594496,0.2928932170430809
571,27.0,4.0,-0.0,12.0,287.0,38974.0,23.91664673612772,0.050855214635459944,0.39911947209468857
572,27.0,5.0,-0.0,19.0,294.0,38981.0,15.47367606648628,0.12937149432300166,0.29289320098394833
573,27.0,6.0,0.6898853797280977,22.0,607.0,38984.0,29.151755550097,0.178584909604958,0.9997686641676404
574,27.0,7.0,0.0,0.0,0.0,38962.0,,0.0,0.0
575,27.0,8.0,-0.0,10.0,292.0,38972.0,29.199970800029202,0.050299100469192504,0.39912616210197693
576,27.0,9.0,-0.0,7.0,318.0,38969.0,45.42850653070496,0.05315431666864723,0.3991222812479034
577,27.0,10.0,0.5629078070118805,20.0,479.0,38982.0,23.966634688942207,0.28140844195584724,0.4991439109684188
578,27.0,11.0,-0.0,20.0,243.0,38982.0,12.149993925003038,0.05424774249308206,0.39912440879103805
579,27.0,12.0,-0.0,18.0,287.0,38980.0,15.944435586424675,0.12878225123699105,0.29289320783420614
580,27.0,13.0,0.5647741438527267,17.0,448.0,38979.0,24.82140029084955,0.14186669749223924,0.6667355944370497
581,27.0,14.0,0.5923473060897183,69.0,1124.0,39031.0,16.663392290041017,0.20897506692758305,0.999675485971002
582,27.0,15.0,-0.0,1.0,189.0,38963.0,188.9981100188998,0.09721168923710621,0.1339745850187155
583,27.0,16.0,0.6741478155729237,27.0,633.0,38989.0,23.403391170920703,0.191591356373067,0.9997455317774468
584,27.0,17.0,0.6127816344017176,26.0,483.0,38988.0,18.486094504260976,0.3139071357996136,0.4999998880771377
585,27.0,18.0,0.5635313279139859,29.0,458.0,38991.0,14.963877502633489,0.2698265435220226,0.5662687204001842
586,27.0,19.0,0.6222912464430289,69.0,1140.0,39031.0,19.174064777646155,0.20953370477932454,0.9996675884236795
587,27.0,20.0,0.6681467101503826,25.0,494.0,38095.0,38.86352657749196,0.19712569173931593,0.49530636314409227
588,28.0,0.0,-0.0,19.0,250.0,46201.0,13.157887811637995,0.05162452597567313,0.39911322608560096
589,28.0,1.0,-0.0,7.0,85.0,46189.0,12.14283979594315,0.09833056468583412,0.133974595076364
590,28.0,2.0,-0.0,13.0,369.0,46195.0,28.384593550312655,0.056672140833862295,0.4999999296112234
591,28.0,3.0,-0.0,14.0,317.0,46196.0,22.64284096939931,0.12493317188276354,0.2928932171000409
592,28.0,4.0,-0.0,18.0,292.0,46200.0,16.222213209881552,0.05184118733866927,0.39911498886761576
593,28.0,5.0,-0.0,9.0,339.0,46191.0,37.666624814861315,0.1327309762416553,0.29289319667466474
594,28.0,6.0,0.6723628202612651,32.0,630.0,46214.0,19.627517689037965,0.18005175595402,0.9996793361635165
595,28.0,7.0,0.0,0.0,0.0,46182.0,,0.0,0.0
596,28.0,8.0,-0.0,16.0,311.0,46198.0,19.437487851570094,0.05232879913853017,0.39911946491299843
597,28.0,9.0,-0.0,19.0,261.0,46201.0,13.736834875350066,0.053153819588962925,0.3991141754436721
598,28.0,10.0,0.533105386193655,23.0,529.0,46205.0,21.312479849352712,0.2922141824564013,0.49999994269903636
599,28.0,11.0,-0.0,14.0,269.0,46196.0,19.214271989805724,0.05144373128544533,0.39912379946544085
600,28.0,12.0,-0.0,18.0,310.0,46200.0,17.222212654326302,0.13448406252971157,0.2928932081112875
601,28.0,13.0,0.5850358990886623,36.0,390.0,46218.0,10.240254102297076,0.13934173422785945,0.6667337833535689
602,28.0,14.0,0.6044101553019103,55.0,1193.0,46237.0,25.45452885331939,0.20928435647192067,0.9997060096784574
603,28.0,15.0,-0.0,10.0,84.0,46192.0,8.3999916000084,0.10009258363414442,0.1339745670929039
604,28.0,16.0,0.684824922534093,38.0,652.0,46220.0,17.46665687730041,0.19463248265533906,0.9997501929793048
605,28.0,17.0,0.5709585464738804,27.0,531.0,46209.0,18.539759370813158,0.3145510452247552,0.49999996044533246
606,28.0,18.0,0.5305913492362904,19.0,471.0,46201.0,22.82689766522001,0.2683554060704233,0.5662718020377974
607,28.0,19.0,0.6020666803502219,50.0,1159.0,46232.0,22.957132031298457,0.20978247853543386,0.999681633263914
608,28.0,20.0,0.46556748968912554,25.0,420.0,45150.0,15.720767336406453,0.22268080942670643,0.49999992740886223
609,29.0,0.0,-0.0,25.0,259.0,48537.0,10.359995856001659,0.05312080484075277,0.39912633120747953
610,29.0,1.0,-0.0,4.0,120.0,17688.0,29.999925000187503,0.09752580253836407,0.13397457585953476
611,29.0,2.0,-0.0,20.0,290.0,49643.0,14.499992750003626,0.048889993763913786,0.39911755756056855
612,29.0,3.0,-0.0,17.0,302.0,35091.0,17.7646954325321,0.12106007388485573,0.2928932092070772
613,29.0,4.0,-0.0,15.0,267.0,51146.0,17.799988133341245,0.05196269120970709,0.39912418540157335
614,29.0,5.0,-0.0,20.0,324.0,34533.0,16.19999190000405,0.13191069063555083,0.2928931970230484
615,29.0,6.0,0.6748622281610098,30.0,556.0,84957.0,18.5694315239291,0.17631971540832236,0.9997939819058175
616,29.0,7.0,0.0,0.0,0.0,0.0,,0.0,0.0
617,29.0,8.0,-0.0,21.0,273.0,50359.0,12.999993809526758,0.05143839914180148,0.39912475582946016
618,29.0,9.0,-0.0,17.0,258.0,48087.0,15.176461660904906,0.05257714273366343,0.3991131349345305
619,29.0,10.0,0.5837473854336312,28.0,488.0,43815.0,19.090887079922034,0.2900500503335445,0.49999929945812527
620,29.0,11.0,-0.0,18.0,274.0,49527.0,15.222213765436797,0.05114901527209925,0.39911964212232987
621,29.0,12.0,-0.0,9.0,349.0,32695.0,38.7777346914059,0.13063847967121378,0.29289320555732024
622,29.0,13.0,0.6135334188506503,19.0,409.0,66582.0,39.38219301115852,0.13713282320497155,0.6667356304583292
623,29.0,14.0,0.6476820806139212,63.0,919.0,93179.0,16.9520748822099,0.20771589732516516,0.7421286064586449
624,29.0,15.0,-0.0,5.0,99.0,16970.0,19.7999604000792,0.09958113211895603,0.13397456542025965
625,29.0,16.0,0.6800019036063838,37.0,649.0,84130.0,17.424990581622772,0.1955136990916051,0.9997812284258489
626,29.0,17.0,0.6045364845808017,27.0,533.0,46198.0,21.97616453518554,0.3184494047499269,0.4999998809676407
627,29.0,18.0,0.5788929597055046,22.0,463.0,38964.0,22.299969517699722,0.26531612105868474,0.566272332313295
628,29.0,19.0,0.5891319230735497,53.0,1029.0,103067.0,22.8627744830866,0.20357764726044425,0.8199065064934928
629,29.0,20.0,0.5769287655548124,16.0,455.0,44322.0,41.964127169123444,0.22179082053937593,0.4999991266073279
630,30.0,0.0,-0.0,14.0,355.0,44964.0,25.357124744910898,0.058162504483155186,0.49999992960610695
631,30.0,1.0,-0.0,2.0,141.0,44952.0,70.4996475017625,0.09828294038512497,0.13397457366755272
632,30.0,2.0,-0.0,20.0,357.0,44970.0,17.849991075004464,0.05653146548246801,0.49999997625378334
633,30.0,3.0,-0.0,10.0,311.0,44960.0,31.0999689000311,0.12820370880271648,0.2928931894433876
634,30.0,4.0,-0.0,11.0,288.0,44961.0,26.18179438018693,0.05068362843945562,0.39912228491877244
635,30.0,5.0,-0.0,14.0,290.0,44964.0,20.714270918377917,0.12972876961576463,0.2928932174371056
636,30.0,6.0,0.6730116670092565,29.0,585.0,44979.0,20.07351521411069,0.17331283317243318,0.9997700473929977
637,30.0,7.0,0.0,0.0,0.0,44950.0,,0.0,0.0
638,30.0,8.0,-0.0,11.0,288.0,44961.0,26.18179438018693,0.0510529963664027,0.39912502714099374
639,30.0,9.0,-0.0,11.0,292.0,44961.0,26.54543041324508,0.04921863795992398,0.3991142253261486
640,30.0,10.0,0.5525787651476708,27.0,460.0,44977.0,17.55950443596862,0.29187437068108224,0.4999999026319044
641,30.0,11.0,-0.0,15.0,278.0,44965.0,18.533320977786016,0.05049809998004473,0.39911481779320734
642,30.0,12.0,-0.0,19.0,264.0,44969.0,13.894729529089721,0.13069281011871448,0.2928931747462983
643,30.0,13.0,0.6204941966615425,22.0,417.0,44972.0,21.44114550524523,0.14048592640633395,0.6667471722197228
644,30.0,14.0,0.6494545972182142,37.0,1036.0,44987.0,32.2975921820939,0.20678748644614275,0.7283551692060928
645,30.0,15.0,-0.0,1.0,173.0,44951.0,172.9982700172998,0.09909025770282376,0.13397459582280358
646,30.0,16.0,0.6808197554813307,32.0,702.0,44982.0,21.937486289071067,0.19589348461195089,0.9998617151501499
647,30.0,17.0,0.6030983222492501,28.0,481.0,44978.0,16.472209959886467,0.31850852544800534,0.49999992393761694
648,30.0,18.0,0.5572392954379534,27.0,436.0,44977.0,15.86784211200745,0.2612141044172155,0.663028083616778
649,30.0,19.0,0.613544241521863,54.0,1128.0,45004.0,20.228563483569467,0.21221832939626772,0.9997859555400391
650,30.0,20.0,0.5392763414970504,20.0,500.0,43958.0,23.888865881054897,0.21813026830867133,0.4999928982370525
651,31.0,0.0,-0.0,16.0,267.0,36767.0,16.68748957031902,0.051669196943723184,0.39911579622908167
652,31.0,1.0,-0.0,5.0,98.0,36756.0,19.599960800078403,0.0970763822149171,0.13397457964282355
653,31.0,2.0,-0.0,17.0,251.0,36768.0,14.764697197236943,0.0547718282028018,0.39912534207300243
654,31.0,3.0,-0.0,21.0,295.0,36772.0,14.04761235827983,0.12427668972766637,0.2928932137915603
655,31.0,4.0,-0.0,17.0,250.0,36768.0,14.705873702427235,0.051874206731287176,0.39911523412489247
656,31.0,5.0,-0.0,21.0,313.0,36772.0,14.904754807259616,0.13152078218881025,0.2928931923485675
657,31.0,6.0,0.6799717773377278,23.0,568.0,36774.0,27.312469269011938,0.1719168901217204,0.9997474413701612
658,31.0,7.0,0.0,0.0,0.0,36751.0,,0.0,0.0
659,31.0,8.0,-0.0,22.0,245.0,36773.0,11.136358574382466,0.051917032879954306,0.39911382382462823
660,31.0,9.0,-0.0,16.0,271.0,36767.0,16.937489414069116,0.05164481122208786,0.3991149820530431
661,31.0,10.0,0.5412746491377616,18.0,518.0,36769.0,33.26659115578367,0.29300818050443167,0.4999893447487582
662,31.0,11.0,-0.0,5.0,498.0,36756.0,99.59980080039841,0.05651030835041204,0.49999992769211354
663,31.0,12.0,-0.0,14.0,308.0,36765.0,21.99998428572551,0.1372256387509433,0.2928931855050668
664,31.0,13.0,0.5259972824041503,14.0,529.0,36765.0,34.54439575069201,0.14174508648378503,0.9998061822231583
665,31.0,14.0,0.6546198775477933,58.0,950.0,36809.0,16.23484259316878,0.20647567740070027,0.7176173945851851
666,31.0,15.0,-0.0,11.0,107.0,36762.0,9.72726388430556,0.09944122285686618,0.1339745901570193
667,31.0,16.0,0.6771391660953856,39.0,594.0,36790.0,16.64813727538518,0.19882823875874434,0.9996838163587862
668,31.0,17.0,0.6000779940271714,18.0,504.0,36769.0,30.94637410088513,0.3161961711243302,0.4999998867051161
669,31.0,18.0,0.5333256715444716,25.0,382.0,36776.0,17.79758881667876,0.23720025016986213,0.5360922624893021
670,31.0,19.0,0.5925099225299856,47.0,1109.0,36798.0,23.67306429560501,0.20842789431646158,0.9996887708144281
671,31.0,20.0,-0.0,27.0,307.0,36128.0,11.370366159123645,0.1088276052824434,0.2928932039005656
672,32.0,0.0,-0.0,10.0,273.0,39052.0,27.2999727000273,0.05104591271641845,0.3991143100655842
673,32.0,1.0,-0.0,2.0,118.0,39044.0,58.99970500147499,0.0962365685861134,0.13397458697574394
674,32.0,2.0,-0.0,22.0,338.0,39064.0,15.363629380168463,0.056004911087753184,0.49999998890543984
675,32.0,3.0,-0.0,11.0,328.0,39053.0,29.818154710768447,0.12427229968481568,0.29289320466502256
676,32.0,4.0,-0.0,16.0,260.0,39058.0,16.24998984375635,0.05174704564727506,0.3991173720507716
677,32.0,5.0,-0.0,17.0,307.0,39059.0,18.058812906580645,0.12940088268734962,0.29289321764529586
678,32.0,6.0,0.6691325276386018,31.0,591.0,39073.0,18.838223172894676,0.17067741752020282,0.999748159469713
679,32.0,7.0,0.0,0.0,0.0,39042.0,,0.0,0.0
680,32.0,8.0,-0.0,13.0,251.0,39055.0,19.307677455632728,0.0512503228050224,0.39911564074759354
681,32.0,9.0,-0.0,15.0,312.0,39057.0,20.79998613334258,0.056302434780837296,0.3991186756177396
682,32.0,10.0,0.5430434706024746,30.0,519.0,39072.0,16.607940980772984,0.283603583817455,0.49999999245346094
683,32.0,11.0,-0.0,21.0,244.0,39063.0,11.619042086170435,0.049024706320789146,0.39911314910567197
684,32.0,12.0,-0.0,11.0,337.0,39053.0,30.63633578514929,0.12943066996599784,0.29289321240648736
685,32.0,13.0,0.6219032216968854,26.0,421.0,39068.0,23.06813758274911,0.13899451878454916,0.6667353112200398
686,32.0,14.0,0.589603571131038,52.0,1161.0,39094.0,21.191236229731246,0.21323276648641665,0.9996452575274986
687,32.0,15.0,-0.0,8.0,92.0,39050.0,11.499985625017969,0.09598522550343958,0.13397456269364338
688,32.0,16.0,0.6883840041780268,17.0,687.0,39059.0,42.96963833571494,0.20256101115492164,0.9997525997187895
689,32.0,17.0,-0.0,22.0,327.0,39064.0,8.174995912502045,0.13020119755875093,0.2949911283173309
690,32.0,18.0,0.5087978222023039,31.0,456.0,39073.0,13.319038814745884,0.2683524407281097,0.566269173478034
691,32.0,19.0,0.6346172289272038,59.0,983.0,39101.0,16.560891210349396,0.20307772484237185,0.7781351195276264
692,32.0,20.0,-0.0,12.0,338.0,38343.0,28.166643194464005,0.11048017060287652,0.2928931994362515
693,33.0,0.0,-0.0,14.0,254.0,36753.0,18.142844183682726,0.04994790305550356,0.3991181296268691
694,33.0,1.0,-0.0,8.0,90.0,36747.0,11.249985937517579,0.09507409240860287,0.13397457606325103
695,33.0,2.0,-0.0,17.0,249.0,36756.0,14.647050207617525,0.05077458967549442,0.3991152975663532
696,33.0,3.0,-0.0,19.0,280.0,36758.0,14.736834349034554,0.12577786452663708,0.29289321192280426
697,33.0,4.0,-0.0,20.0,254.0,36759.0,12.699993650003176,0.051575721056599355,0.3991237545460813
698,33.0,5.0,-0.0,14.0,322.0,36753.0,22.999983571440307,0.13714764057823325,0.2928931837871326
699,33.0,6.0,0.6819059578666169,29.0,588.0,36768.0,21.394719660679783,0.17616600267914262,0.9997821060313834
700,33.0,7.0,0.0,0.0,0.0,36739.0,,0.0,0.0
701,33.0,8.0,-0.0,20.0,246.0,36759.0,12.299993850003075,0.050916338697117425,0.399112482046584
702,33.0,9.0,-0.0,15.0,395.0,36754.0,26.333315777789483,0.06076765114737159,0.49999992965097373
703,33.0,10.0,0.5678269311108926,31.0,494.0,36770.0,22.5647729159087,0.2510088910952848,0.4884476750766912
704,33.0,11.0,-0.0,13.0,287.0,36752.0,22.07690609468762,0.04388883384236952,0.39912104692995765
705,33.0,12.0,-0.0,18.0,329.0,36757.0,18.27776762346243,0.1300029873872397,0.29289321664174994
706,33.0,13.0,0.567506416214338,23.0,420.0,36762.0,17.123001283396768,0.13801583713367194,0.6667567808615082
707,33.0,14.0,0.6091771365672953,67.0,1010.0,36806.0,18.141727770713075,0.20604541720220648,0.7903909157824076
708,33.0,15.0,-0.0,3.0,131.0,36742.0,43.666521111596296,0.1005708641773807,0.13397456232212457
709,33.0,16.0,0.6829081047004717,30.0,588.0,36769.0,19.574647364723226,0.1936201361452875,0.9997361474332465
710,33.0,17.0,-0.0,22.0,306.0,36761.0,13.909084586779734,0.13168195284169126,0.29289320206597813
711,33.0,18.0,0.514043633040633,24.0,457.0,36763.0,21.024965487577255,0.2406437796201062,0.5420492217039077
712,33.0,19.0,0.6114770363484523,42.0,1104.0,36781.0,25.845442420253633,0.21098891839606126,0.9997335709376353
713,33.0,20.0,-0.0,20.0,319.0,36132.0,15.949992025003988,0.1131103010199046,0.29289318532663344
714,34.0,0.0,-0.0,7.0,291.0,37893.0,41.571369183758314,0.050996834705473226,0.39912439346598216
715,34.0,1.0,-0.0,3.0,116.0,37889.0,38.666537778207406,0.09736065699828023,0.1339745605511763
716,34.0,2.0,-0.0,7.0,301.0,37893.0,42.99993857151633,0.05144893024448194,0.3991258793003569
717,34.0,3.0,-0.0,11.0,353.0,37897.0,32.0908799173819,0.12408575808437627,0.2928931794654568
718,34.0,4.0,-0.0,9.0,276.0,37895.0,30.666632592630453,0.051603891677092784,0.3991265611471134
719,34.0,5.0,-0.0,18.0,275.0,37904.0,15.277769290128173,0.13501590782007789,0.29289319952247406
720,34.0,6.0,0.6854139308698534,28.0,628.0,37914.0,22.74357318870376,0.1752701190599657,0.9998657929591834
721,34.0,7.0,0.0,0.0,0.0,37886.0,,0.0,0.0
722,34.0,8.0,-0.0,19.0,291.0,37905.0,15.315781412746626,0.052012906933765146,0.3991204177738328
723,34.0,9.0,-0.0,22.0,345.0,37908.0,15.681811053722248,0.06011524973561755,0.49999997555342457
724,34.0,10.0,0.5471773084084136,19.0,524.0,37905.0,28.833285694547246,0.28932956032809365,0.4999998209806684
725,34.0,11.0,-0.0,14.0,251.0,37900.0,17.928558622458127,0.04326965464370558,0.3991224544665296
726,34.0,12.0,-0.0,17.0,295.0,37903.0,17.352930968864136,0.13271508864151094,0.2928932099963407
727,34.0,13.0,0.608806000525648,30.0,373.0,37916.0,14.708315642387753,0.13577807913309503,0.6667350476414513
728,34.0,14.0,0.6489450054124969,46.0,942.0,37932.0,22.80390740245175,0.20957916721350056,0.7158113936166489
729,34.0,15.0,-0.0,5.0,86.0,37891.0,17.1999656000688,0.09882000591589313,0.13397456642088768
730,34.0,16.0,0.6867600010486111,29.0,620.0,37915.0,22.828928840043964,0.19750573247793923,0.9997481186287597
731,34.0,17.0,-0.0,11.0,350.0,37897.0,31.81815289258828,0.12786845560607152,0.29289319654022017
732,34.0,18.0,0.5650381794408375,25.0,404.0,37911.0,17.74997582504269,0.26365448058540175,0.5659001547468188
733,34.0,19.0,0.5760546054751459,55.0,1164.0,37941.0,20.562491202929138,0.20868625641633864,0.9997510577840041
734,34.0,20.0,-0.0,16.0,357.0,37247.0,22.312486054696215,0.11151241815573343,0.2928932017784045
735,35.0,0.0,-0.0,11.0,269.0,34961.0,24.454523223160706,0.050150474052299776,0.3991167940443252
736,35.0,1.0,-0.0,7.0,88.0,34957.0,12.571410612270554,0.0976215779873415,0.1339745724774205
737,35.0,2.0,-0.0,11.0,265.0,34961.0,24.090887190102556,0.04941746522923418,0.399125301566177
738,35.0,3.0,-0.0,19.0,274.0,34969.0,14.421045041555242,0.12353359185993285,0.29289320929775275
739,35.0,4.0,-0.0,15.0,273.0,34965.0,18.199987866674757,0.05200656406129289,0.3991125468130047
740,35.0,5.0,-0.0,14.0,290.0,34964.0,20.714270918377917,0.13528543239125201,0.29289320137123154
741,35.0,6.0,0.6848953634394133,31.0,608.0,34981.0,19.552070745233806,0.17593259272462425,0.9998432211536299
742,35.0,7.0,0.0,0.0,0.0,34950.0,,0.0,0.0
743,35.0,8.0,-0.0,18.0,271.0,34968.0,15.055547191362672,0.05233853382345399,0.39911980258767843
744,35.0,9.0,-0.0,22.0,253.0,34972.0,11.499994772729648,0.05365193545957758,0.3991227012083649
745,35.0,10.0,0.5311286417359007,43.0,488.0,34993.0,10.508969028569915,0.28185308863516045,0.4999999210936913
746,35.0,11.0,-0.0,13.0,380.0,34963.0,29.230746745579427,0.050250664763906494,0.4999999858272346
747,35.0,12.0,-0.0,13.0,305.0,34963.0,23.461520414215066,0.13042836750753617,0.2928931808720011
748,35.0,13.0,0.5698180009006855,24.0,397.0,34974.0,15.962169361997958,0.1366723940198752,0.6667372987307703
749,35.0,14.0,0.6127150103293943,47.0,1092.0,34997.0,22.51097963340169,0.21350650325366893,0.9997041906123412
750,35.0,15.0,-0.0,3.0,123.0,34953.0,40.99986333378889,0.09983446000680507,0.13397457398946122
751,35.0,16.0,0.678853368284019,24.0,664.0,34974.0,27.657119159204544,0.20018037653336485,0.9998269385195852
752,35.0,17.0,-0.0,17.0,312.0,34967.0,18.35293038062919,0.12350869248809815,0.29289321224871145
753,35.0,18.0,0.5813918879159063,21.0,455.0,34971.0,20.60712191328916,0.2796089363519084,0.8310876005216616
754,35.0,19.0,0.5992951764570886,62.0,1018.0,35012.0,15.942851435036328,0.2010801835499404,0.7842491544929854
755,35.0,20.0,-0.0,14.0,353.0,34360.0,25.214267704094496,0.1110273869924222,0.2928932106767155
756,36.0,0.0,-0.0,17.0,268.0,33922.0,15.764696609001994,0.05107568320111644,0.39912112378586206
757,36.0,1.0,-0.0,2.0,147.0,33907.0,73.49963250183748,0.09711865338551762,0.13397457786807399
758,36.0,2.0,-0.0,9.0,279.0,33914.0,30.99996555559383,0.049409751958663595,0.3991187768213461
759,36.0,3.0,-0.0,10.0,314.0,33915.0,31.3999686000314,0.1232246773504796,0.29289318728935954
760,36.0,4.0,-0.0,11.0,319.0,33916.0,28.999973636387605,0.05255120367328703,0.3991255273467983
761,36.0,5.0,-0.0,14.0,327.0,33919.0,23.357126173481305,0.13351485474141134,0.292893191035131
762,36.0,6.0,0.6771276502781725,28.0,633.0,33933.0,22.489567020411386,0.1751956270303272,0.9997171375211922
763,36.0,7.0,0.0,0.0,0.0,33905.0,,0.0,0.0
764,36.0,8.0,-0.0,16.0,263.0,33921.0,16.43748972656892,0.05118736129883339,0.3991238108776938
765,36.0,9.0,-0.0,17.0,261.0,33922.0,15.352932145334032,0.0520302780727222,0.3991135140343429
766,36.0,10.0,0.5492409192904626,29.0,453.0,33934.0,24.634552833041216,0.28339519207252195,0.4999725753336022
767,36.0,11.0,-0.0,22.0,325.0,33927.0,14.772720557854292,0.050502792540627395,0.49999995233167216
768,36.0,12.0,-0.0,21.0,301.0,33926.0,14.33332650793976,0.1331666397891531,0.2928931951492588
769,36.0,13.0,0.615176724111747,18.0,426.0,33923.0,24.38458062727767,0.13502295427631483,0.6667380704426074
770,36.0,14.0,0.5958262891643622,64.0,1187.0,33969.0,17.682390899541947,0.2165731883666583,0.9997247442254279
771,36.0,15.0,-0.0,6.0,96.0,33911.0,15.99997333337778,0.10240687641415536,0.1339745829803155
772,36.0,16.0,0.6719583059278957,42.0,624.0,33947.0,14.74544756116034,0.197890549712741,0.999782273681049
773,36.0,17.0,-0.0,11.0,341.0,33916.0,30.999971818207438,0.1229198521224516,0.2928931780471885
774,36.0,18.0,0.5407984011448976,32.0,467.0,33937.0,14.894271821894442,0.26191755589380394,0.674084456468528
775,36.0,19.0,0.5466764389445209,47.0,1215.0,33952.0,29.834910424965116,0.20362915696812078,0.9997602617573806
776,36.0,20.0,-0.0,20.0,306.0,33339.0,15.299992350003825,0.11075189913147587,0.2928931960715224
777,37.0,0.0,-0.0,13.0,304.0,37513.0,23.38459739646354,0.051619345819698625,0.39912421596363323
778,37.0,1.0,-0.0,9.0,98.0,37509.0,10.8888767901369,0.09829748670688432,0.1339745802588237
779,37.0,2.0,-0.0,18.0,334.0,37518.0,18.55554524691931,0.05663007602333947,0.4999999322339762
780,37.0,3.0,-0.0,21.0,312.0,37521.0,14.857135782316295,0.12076837559852949,0.2928932077607308
781,37.0,4.0,-0.0,17.0,258.0,37517.0,15.176461660904906,0.05002419199679653,0.3991254952454444
782,37.0,5.0,-0.0,16.0,310.0,37516.0,19.374987890632568,0.13206169725081185,0.29289319931550273
783,37.0,6.0,0.6774594164752061,35.0,600.0,37535.0,17.522716318348028,0.1748560875574534,0.9997445234032373
784,37.0,7.0,0.0,0.0,0.0,37500.0,,0.0,0.0
785,37.0,8.0,-0.0,12.0,238.0,37512.0,19.83331680556933,0.052083878305885456,0.399121028906569
786,37.0,9.0,-0.0,15.0,286.0,37515.0,19.06665395556403,0.050901994664396155,0.39911447979014214
787,37.0,10.0,0.531078169328742,22.0,506.0,37522.0,22.858794130153008,0.2796594332030339,0.4999928487518849
788,37.0,11.0,-0.0,13.0,253.0,37513.0,19.461523491135775,0.045882034725525433,0.3991200279621484
789,37.0,12.0,-0.0,15.0,290.0,37515.0,19.333320444453037,0.13449879673296583,0.29289318356669336
790,37.0,13.0,0.5859526183035508,23.0,396.0,37523.0,21.078909629587862,0.1385320592857009,0.6667596273779393
791,37.0,14.0,0.6041703654918579,62.0,1177.0,37562.0,20.962787035818366,0.2124402639680164,0.9996359675966963
792,37.0,15.0,-0.0,4.0,91.0,37504.0,22.749943125142188,0.10153816418573647,0.1339745841046085
793,37.0,16.0,0.6710661848673234,31.0,683.0,37531.0,22.691161263603945,0.19030564210081236,0.9997777346863955
794,37.0,17.0,-0.0,18.0,317.0,37518.0,17.61110132716593,0.11898513355429308,0.29289318084641913
795,37.0,18.0,0.5965722379639397,23.0,465.0,37523.0,19.226173833159493,0.27401252178480007,0.9457681232727252
796,37.0,19.0,0.5861036877766841,48.0,1180.0,37548.0,28.888866191855666,0.2031487054164386,0.9996848243142171
797,37.0,20.0,-0.0,14.0,354.0,36877.0,25.285696224502697,0.1128364737628953,0.2928931929247457
798,38.0,0.0,-0.0,11.0,362.0,35013.0,32.909060991762736,0.05566363561224286,0.4999999395575191
799,38.0,1.0,-0.0,5.0,109.0,35007.0,21.7999564000872,0.09457023776059381,0.1339745721981176
800,38.0,2.0,-0.0,14.0,268.0,35016.0,19.142843469397523,0.049435795981504715,0.39912331573914606
801,38.0,3.0,-0.0,15.0,338.0,35017.0,22.533318311121125,0.12618127543619018,0.2928931802219269
802,38.0,4.0,-0.0,12.0,256.0,35014.0,21.333315555570373,0.052198119827715606,0.39911491053300474
803,38.0,5.0,-0.0,19.0,274.0,35021.0,14.421045041555242,0.13747387309569337,0.29289321748134234
804,38.0,6.0,0.6852069885995125,21.0,588.0,35023.0,28.069417087218564,0.17208902940086357,0.9997807353283219
805,38.0,7.0,0.0,0.0,0.0,35002.0,,0.0,0.0
806,38.0,8.0,-0.0,14.0,358.0,35016.0,25.571410306135498,0.056310972380537394,0.4999999899148032
807,38.0,9.0,-0.0,12.0,265.0,35014.0,22.083314930570893,0.04606677607705567,0.3991176105384838
808,38.0,10.0,0.5536436714657456,23.0,483.0,35025.0,19.79462376995137,0.28346294847223896,0.4999999301042294
809,38.0,11.0,-0.0,11.0,276.0,35013.0,25.090886281012473,0.04563345729388191,0.399121163034575
810,38.0,12.0,-0.0,13.0,335.0,35015.0,25.76921094676081,0.1322314949611575,0.2928932023254076
811,38.0,13.0,0.6041721804455888,19.0,414.0,35021.0,24.89162234315443,0.13625567268704686,0.6667552210381571
812,38.0,14.0,0.5963404914049925,57.0,1160.0,35059.0,22.94165319121368,0.21115450431326743,0.999648320586142
813,38.0,15.0,-0.0,3.0,102.0,35005.0,33.99988666704444,0.1059088825432255,0.1339745877002767
814,38.0,16.0,0.6557523548629153,32.0,563.0,35034.0,18.38634968802846,0.18416526272577238,0.99987334745815
815,38.0,17.0,-0.0,16.0,296.0,35018.0,18.499988437507227,0.11299911799626194,0.2928931849704107
816,38.0,18.0,0.5545764848877636,30.0,432.0,35032.0,13.424990662507295,0.2636914024668716,0.5662735538700036
817,38.0,19.0,0.589364692800405,67.0,1010.0,35069.0,18.270443649698375,0.19947987140093815,0.8392648715742878
818,38.0,20.0,-0.0,16.0,327.0,34414.0,20.437487226570482,0.11149944971059,0.2928932043224147
819,39.0,0.0,-0.0,12.0,318.0,50746.0,26.49997791668507,0.05219302949281557,0.3991121569031434
820,39.0,1.0,-0.0,10.0,100.0,17220.0,9.99999000001,0.09582260572830503,0.13397457845577465
821,39.0,2.0,-0.0,11.0,257.0,50199.0,23.36361512398625,0.05115119971432436,0.3991213278545901
822,39.0,3.0,-0.0,18.0,308.0,34461.0,17.111101604943553,0.12380230538595483,0.2928931799058263
823,39.0,4.0,-0.0,9.0,298.0,45440.0,33.11107432102853,0.050381764454481504,0.39911304478190746
824,39.0,5.0,-0.0,11.0,315.0,31685.0,28.63633760332945,0.1333043699294706,0.2928931914790288
825,39.0,6.0,0.6713273569417174,24.0,639.0,83166.0,27.87497269534192,0.17597867312955096,0.9998490056031508
826,39.0,7.0,0.0,0.0,0.0,0.0,,0.0,0.0
827,39.0,8.0,-0.0,24.0,250.0,50725.0,10.416662326390698,0.052199654881388335,0.3991249845818121
828,39.0,9.0,-0.0,17.0,368.0,61214.0,21.64704608997289,0.05348267039426102,0.49999992794329085
829,39.0,10.0,0.5108598072346828,26.0,443.0,40597.0,16.44164950141238,0.21925958628056352,0.4694255132159133
830,39.0,11.0,-0.0,7.0,346.0,46502.0,49.42850081642741,0.04195024941413128,0.3991144741915741
831,39.0,12.0,-0.0,16.0,321.0,32744.0,20.062487460945338,0.13158960340590864,0.29289318775813655
832,39.0,13.0,0.5788984634615931,20.0,399.0,67538.0,19.949980050019953,0.13914835347574628,0.6667358212670503
833,39.0,14.0,0.6191084399025901,43.0,1029.0,97406.0,25.593733351398008,0.20733780115423162,0.7819960765989622
834,39.0,15.0,-0.0,6.0,100.0,16124.0,16.666638888935186,0.10247728417580171,0.13397458140073937
835,39.0,16.0,0.6704394067500361,21.0,683.0,79796.0,39.83743811417516,0.19608484528488845,0.9997656428462849
836,39.0,17.0,-0.0,13.0,346.0,35328.0,26.615364142027584,0.1113401031206861,0.29289321787406297
837,39.0,18.0,0.5865765926400227,15.0,428.0,34431.0,28.76131422272706,0.24051625542315314,0.5463158327278597
838,39.0,19.0,0.6391261574446081,36.0,961.0,95016.0,26.30934894191221,0.2018938872888334,0.7368459227281593
839,39.0,20.0,-0.0,12.0,335.0,35175.0,27.916643402797167,0.10887425322227229,0.2928932018309458
840,40.0,0.0,-0.0,16.0,227.0,36516.0,14.187491132818042,0.051244376588443274,0.3991150466583685
841,40.0,1.0,-0.0,5.0,113.0,36505.0,22.5999548000904,0.10129723728072193,0.1339745846109972
842,40.0,2.0,-0.0,11.0,261.0,36511.0,23.727251157044403,0.050323356092074945,0.3991242471545591
843,40.0,3.0,-0.0,17.0,273.0,36517.0,16.05881408305054,0.11937261358791196,0.29289319902237365
844,40.0,4.0,-0.0,15.0,369.0,36515.0,24.599983600010933,0.057762359103047944,0.49999998631574494
845,40.0,5.0,-0.0,15.0,325.0,36515.0,21.666652222231853,0.13311864293774556,0.29289318141113496
846,40.0,6.0,0.6853733665363666,40.0,530.0,36540.0,13.301783450857519,0.1703178838655377,0.9997425673512564
847,40.0,7.0,0.0,0.0,0.0,36500.0,,0.0,0.0
848,40.0,8.0,-0.0,14.0,390.0,36514.0,27.857122959197888,0.05638484494271123,0.4999999309972887
849,40.0,9.0,-0.0,18.0,272.0,36518.0,15.111102716054047,0.04927874681031985,0.39912375566069824
850,40.0,10.0,0.5830670627447743,32.0,467.0,36532.0,15.819984414876604,0.27606221603799974,0.4999999316515443
851,40.0,11.0,-0.0,11.0,264.0,36511.0,23.999978181838017,0.0422050589042805,0.39911355104268575
852,40.0,12.0,-0.0,16.0,303.0,36516.0,18.937488164069897,0.1295609598412376,0.29289318801726694
853,40.0,13.0,0.5630089622970024,21.0,407.0,36521.0,18.374983113441747,0.1366906653733836,0.6667482312451173
854,40.0,14.0,0.5759981602467564,51.0,1130.0,36551.0,20.954753909640335,0.2124171224044682,0.9996724415255651
855,40.0,15.0,-0.0,8.0,103.0,36508.0,12.874983906270117,0.10134190621650196,0.1339745669324245
856,40.0,16.0,0.6568482923356727,48.0,590.0,36548.0,12.132481173153945,0.1959395011880135,0.9997883414727656
857,40.0,17.0,-0.0,15.0,317.0,36515.0,21.133319244453837,0.11166780989814817,0.29289320485456527
858,40.0,18.0,0.5233203742347093,21.0,419.0,36521.0,19.349975393790405,0.2514797329175408,0.5592319084583559
859,40.0,19.0,0.6000403582960404,45.0,956.0,36545.0,20.805288980686356,0.20259922376987594,0.7553091638201948
860,40.0,20.0,-0.0,25.0,337.0,35895.0,13.479994608002157,0.11395926904680698,0.2928931907024538
861,41.0,0.0,-0.0,7.0,307.0,39086.0,43.85708020417114,0.052021776604301295,0.39911378921781504
862,41.0,1.0,-0.0,11.0,87.0,39090.0,7.909083719014801,0.0936766441370066,0.1339745942851479
863,41.0,2.0,-0.0,12.0,357.0,39091.0,29.749975208353995,0.057750524969966244,0.49999995045262147
864,41.0,3.0,-0.0,12.0,322.0,39091.0,26.833310972240856,0.12140115242299931,0.2928931821695545
865,41.0,4.0,-0.0,22.0,261.0,39101.0,11.863630971076832,0.05293398273714289,0.3991149637135393
866,41.0,5.0,-0.0,14.0,311.0,39093.0,22.21426984695011,0.12845928090651992,0.2928932039779335
867,41.0,6.0,0.6829760326103127,28.0,604.0,39107.0,21.57141316327631,0.17121285234206607,0.999744087705734
868,41.0,7.0,0.0,0.0,0.0,39079.0,,0.0,0.0
869,41.0,8.0,-0.0,22.0,263.0,39101.0,11.954540020663627,0.051887449389324325,0.39911834029015536
870,41.0,9.0,-0.0,14.0,257.0,39093.0,18.357129744907326,0.05235232151247493,0.39911983942761986
871,41.0,10.0,0.5643907989344482,22.0,532.0,39101.0,22.83807272020684,0.2807849798275873,0.4999999443467109
872,41.0,11.0,-0.0,13.0,374.0,39092.0,28.76920863907028,0.05192594435347686,0.4999999302099073
873,41.0,12.0,-0.0,16.0,279.0,39095.0,17.437489101569312,0.13065140150775223,0.29289320657852147
874,41.0,13.0,0.6116467970255077,22.0,432.0,39101.0,20.270809379374057,0.139275935789134,0.6667492212649592
875,41.0,14.0,0.6198837591914008,59.0,1029.0,39138.0,26.95095402925105,0.20397574653570916,0.7775920769471647
876,41.0,15.0,-0.0,1.0,175.0,39080.0,174.9982500174998,0.09951657086014642,0.13397459079036433
877,41.0,16.0,0.6887133237019798,32.0,627.0,39111.0,34.7517926994286,0.19574365735638088,0.9997825611925476
878,41.0,17.0,-0.0,18.0,310.0,39097.0,17.222212654326302,0.1147776046636313,0.29289320241397765
879,41.0,18.0,0.5700471705012848,23.0,420.0,39102.0,17.149984629181837,0.264384886290318,0.5662768404000948
880,41.0,19.0,0.5799151714181009,53.0,1110.0,39132.0,19.7600542990236,0.20333677740972567,0.9996565123131829
881,41.0,20.0,-0.0,16.0,360.0,38418.0,22.49998593750879,0.11306192749735666,0.2928932068138079
882,42.0,0.0,-0.0,18.0,266.0,36574.0,14.777769567905796,0.05128113532923828,0.39912321621106306
883,42.0,1.0,-0.0,6.0,100.0,36562.0,16.666638888935186,0.09825885273498647,0.13397459567270387
884,42.0,2.0,-0.0,17.0,351.0,36573.0,20.647046678207836,0.05736070735961374,0.4999999293769948
885,42.0,3.0,-0.0,22.0,310.0,36578.0,14.090902685953324,0.12074986599958193,0.29289318351779636
886,42.0,4.0,-0.0,11.0,308.0,36567.0,27.999974545477688,0.05471874163187718,0.3991224073539471
887,42.0,5.0,-0.0,15.0,310.0,36571.0,20.666652888898074,0.13479531878497053,0.2928931963021586
888,42.0,6.0,0.6796774220054622,28.0,574.0,36584.0,22.12278757670916,0.1749444025729392,0.9997153827317817
889,42.0,7.0,0.0,0.0,0.0,36556.0,,0.0,0.0
890,42.0,8.0,-0.0,12.0,282.0,36568.0,23.499980416682988,0.05253593535581802,0.3991123146118528
891,42.0,9.0,-0.0,17.0,285.0,36573.0,16.764696020767047,0.05201606101747169,0.39912491275442563
892,42.0,10.0,0.5294060419981895,25.0,464.0,36581.0,25.371151169843493,0.27450741235720943,0.49912358471778995
893,42.0,11.0,-0.0,10.0,391.0,36566.0,39.0999609000391,0.054252791876026274,0.4999999322054999
894,42.0,12.0,-0.0,9.0,310.0,36565.0,34.44440617288203,0.13080276977448968,0.29289321579644634
895,42.0,13.0,0.5768437630129735,22.0,531.0,36578.0,28.361061327273227,0.14376483429949594,0.999719561710417
896,42.0,14.0,0.5855763360450937,41.0,1186.0,36597.0,27.517181608340714,0.2092751555005733,0.9997223053613126
897,42.0,15.0,-0.0,8.0,101.0,36564.0,12.624984218769727,0.10043032319876388,0.13397456748630732
898,42.0,16.0,0.6732884056657049,38.0,584.0,36594.0,15.408687144050274,0.20020534596230077,0.9998146822214796
899,42.0,17.0,-0.0,10.0,357.0,36566.0,35.6999643000357,0.1085512172675216,0.29289320948153796
900,42.0,18.0,0.5424041363328164,19.0,503.0,36575.0,24.596126176071373,0.2713833112948181,0.821941010035738
901,42.0,19.0,0.5815748966549693,63.0,1133.0,36619.0,17.23952884197105,0.2038356880487645,0.9998365223384084
902,42.0,20.0,-0.0,16.0,341.0,35951.0,21.312486679695827,0.11294168245360658,0.29289320244427575
903,43.0,0.0,-0.0,11.0,249.0,34768.0,22.636343057869947,0.05235508864655991,0.39912499024697257
904,43.0,1.0,-0.0,5.0,98.0,34762.0,19.599960800078403,0.09844093321335579,0.1339745718042673
905,43.0,2.0,-0.0,22.0,256.0,34779.0,11.636358347109843,0.04962351667157017,0.39911657660727373
906,43.0,3.0,-0.0,15.0,324.0,34772.0,21.5999856000096,0.12061024563112277,0.29289317267913695
907,43.0,4.0,-0.0,14.0,368.0,34771.0,26.285695510217494,0.06024878231675468,0.49999996279803294
908,43.0,5.0,-0.0,19.0,317.0,34776.0,16.684201745156976,0.13309275774589036,0.29289318107106466
909,43.0,6.0,0.6818809242925372,32.0,574.0,34789.0,20.729450418230886,0.17452535530689262,0.999819338544014
910,43.0,7.0,0.0,0.0,0.0,34757.0,,0.0,0.0
911,43.0,8.0,-0.0,13.0,273.0,34770.0,20.999983846166273,0.053358796061767855,0.39911291019958495
912,43.0,9.0,-0.0,20.0,322.0,34777.0,16.099991950004025,0.05854058768681214,0.49999995679795206
913,43.0,10.0,0.5797713243114464,24.0,469.0,34781.0,19.046199780757547,0.28757995896795085,0.4999999450995528
914,43.0,11.0,-0.0,21.0,243.0,34778.0,11.571423061227113,0.04126365085236583,0.3991235590295408
915,43.0,12.0,-0.0,19.0,295.0,34776.0,15.526307617732833,0.1323107997958426,0.29289321697088755
916,43.0,13.0,0.6321960772430696,26.0,382.0,34783.0,16.841646093086098,0.13794801358766617,0.666756265069447
917,43.0,14.0,0.588973462006965,55.0,1142.0,34812.0,20.146276516324924,0.21052721835586097,0.9996867789778048
918,43.0,15.0,-0.0,8.0,96.0,34765.0,11.99998500001875,0.10220005851582592,0.13397456227179672
919,43.0,16.0,0.684246112644572,37.0,623.0,34794.0,17.022717626038713,0.194704430696078,0.9996802925211284
920,43.0,17.0,-0.0,20.0,308.0,34777.0,15.39999230000385,0.1071942382235036,0.29289320096866833
921,43.0,18.0,0.5353857982033186,28.0,388.0,34785.0,15.321718694932464,0.2510564728917074,0.5573774812058254
922,43.0,19.0,0.5905641088321969,63.0,955.0,34820.0,15.621668794344544,0.19961984414025624,0.7964235115297671
923,43.0,20.0,-0.0,23.0,286.0,34159.0,12.434777202270782,0.11555062844515973,0.2928932101780878
924,44.0,0.0,-0.0,5.0,344.0,34980.0,68.7998624002752,0.05140540282043771,0.39912640229687424
925,44.0,1.0,-0.0,8.0,92.0,34983.0,11.499985625017969,0.09797341990221098,0.13397457387972234
926,44.0,2.0,-0.0,11.0,315.0,34986.0,28.63633760332945,0.05117704170976989,0.3991230882097677
927,44.0,3.0,-0.0,13.0,288.0,34988.0,22.153829112439144,0.11658420900365063,0.29289319168672345
928,44.0,4.0,-0.0,20.0,244.0,34995.0,12.19999390000305,0.05321626243045663,0.3991184054707182
929,44.0,5.0,-0.0,24.0,292.0,34999.0,12.166661597224335,0.13553069104284354,0.2928932141510948
930,44.0,6.0,0.6796490894965843,29.0,610.0,35004.0,20.901427829729997,0.18082325749800376,0.9998382469100522
931,44.0,7.0,0.0,0.0,0.0,34975.0,,0.0,0.0
932,44.0,8.0,-0.0,12.0,278.0,34987.0,23.1666473611272,0.051119063241617746,0.3991266490942411
933,44.0,9.0,-0.0,13.0,259.0,34988.0,19.923061597644924,0.05019670894353012,0.3991155806886644
934,44.0,10.0,0.4470606519579599,22.0,462.0,34997.0,18.395815238737583,0.2209429802639512,0.4718607793999511
935,44.0,11.0,-0.0,10.0,270.0,34985.0,26.999973000027,0.04064402994431293,0.3991119717065046
936,44.0,12.0,-0.0,16.0,258.0,34991.0,16.124989921881298,0.1324772581688085,0.2928931762175474
937,44.0,13.0,0.5607295608885196,17.0,515.0,34992.0,35.1546809214459,0.1447983205386918,0.9997138814296666
938,44.0,14.0,0.6038611636581905,69.0,990.0,35044.0,15.240378319159994,0.2015267714898561,0.7868318823827118
939,44.0,15.0,-0.0,3.0,91.0,34978.0,30.333232222559257,0.10155331944440793,0.1339745760079979
940,44.0,16.0,0.6825739632808767,29.0,620.0,35004.0,21.482827794008784,0.19281032595373926,0.9998021425046317
941,44.0,17.0,-0.0,13.0,333.0,34988.0,25.61536491125776,0.11073095773146768,0.29289319722199314
942,44.0,18.0,0.5437558904157354,17.0,492.0,34992.0,27.208297243112465,0.26087945625427666,0.5662551330790676
943,44.0,19.0,0.5885571710881912,53.0,1122.0,35028.0,22.047103701986217,0.2019985989295907,0.9996929683653607
944,44.0,20.0,-0.0,20.0,301.0,34355.0,15.049992475003762,0.10969253093668097,0.29289320370254557
945,45.0,0.0,-0.0,21.0,244.0,36272.0,11.619042086170435,0.05214623640169491,0.39911627128026583
946,45.0,1.0,-0.0,5.0,93.0,36256.0,18.5999628000744,0.09326174003087928,0.1339745833774364
947,45.0,2.0,-0.0,20.0,226.0,36271.0,11.299994350002825,0.05285880190842707,0.3991224359189677
948,45.0,3.0,-0.0,20.0,261.0,36271.0,13.049993475003262,0.11185067362189083,0.2928931870067737
949,45.0,4.0,-0.0,6.0,295.0,36257.0,49.1665847223588,0.053710843486517446,0.39911712795503407
950,45.0,5.0,-0.0,13.0,284.0,36264.0,21.846137041433046,0.12996958979829276,0.2928931993678817
951,45.0,6.0,0.6764725150730571,32.0,626.0,36283.0,20.32538343601297,0.17796721668414628,0.9998788016036295
952,45.0,7.0,0.0,0.0,0.0,36251.0,,0.0,0.0
953,45.0,8.0,-0.0,11.0,302.0,36262.0,27.45452049589046,0.05210752253422157,0.39911347868663594
954,45.0,9.0,-0.0,9.0,321.0,36260.0,35.66662703708107,0.04967869568476013,0.399123494412955
955,45.0,10.0,0.5180970072945836,22.0,502.0,36273.0,20.79462442125489,0.27931310034952606,0.4999999342480145
956,45.0,11.0,-0.0,19.0,350.0,36270.0,18.42104293629319,0.046813159023722295,0.4999999272979302
957,45.0,12.0,-0.0,12.0,324.0,36263.0,26.99997750001875,0.13336918656627306,0.2928932081755191
958,45.0,13.0,0.6236548495681085,27.0,437.0,36278.0,23.749954049022087,0.14004932773506673,0.6667496410228752
959,45.0,14.0,0.5783697858818604,49.0,1139.0,36300.0,21.8973595882309,0.21222489895126206,0.9996755816830541
960,45.0,15.0,-0.0,5.0,102.0,36256.0,20.3999592000816,0.09649659983808945,0.133974593031438
961,45.0,16.0,0.6848647395704119,29.0,638.0,36280.0,24.444422783971934,0.19085377591378994,0.999718975221818
962,45.0,17.0,-0.0,13.0,361.0,36264.0,27.769209408300455,0.1120780258538473,0.29289317219587474
963,45.0,18.0,0.5480207790147398,22.0,455.0,36273.0,21.0058547495277,0.26247321227933573,0.5662669165236607
964,45.0,19.0,0.5603788540093131,54.0,1128.0,36305.0,20.599990207148622,0.2022111767568655,0.9996541992944544
965,45.0,20.0,-0.0,19.0,328.0,35644.0,17.263148808869047,0.1123564765118008,0.29289321290141757
966,46.0,0.0,-0.0,16.0,358.0,35172.0,22.37498601563374,0.05643253939262005,0.4999999602165591
967,46.0,1.0,-0.0,3.0,115.0,35159.0,38.33320555598148,0.08852866529955317,0.1339745916233569
968,46.0,2.0,-0.0,9.0,308.0,35165.0,34.222184197573114,0.05058142850053626,0.39912197691977613
969,46.0,3.0,-0.0,14.0,293.0,35170.0,20.928556479602516,0.12255270140963637,0.29289321769632193
970,46.0,4.0,-0.0,20.0,246.0,35176.0,12.299993850003075,0.053396576711632115,0.39912442812911486
971,46.0,5.0,-0.0,13.0,300.0,35169.0,23.076905325457442,0.12998146749413875,0.29289318556580723
972,46.0,6.0,0.6811113020442049,33.0,620.0,35189.0,20.04544002067268,0.18194370981412855,0.9998086565828015
973,46.0,7.0,0.0,0.0,0.0,35156.0,,0.0,0.0
974,46.0,8.0,-0.0,14.0,248.0,35170.0,17.714273061233527,0.05209296939886765,0.3991247417793975
975,46.0,9.0,-0.0,13.0,305.0,35169.0,23.461520414215066,0.05337385826343499,0.39912135333663046
976,46.0,10.0,0.5147900742765956,22.0,508.0,35178.0,21.00950398006689,0.2768019666724426,0.4999998970557913
977,46.0,11.0,-0.0,20.0,249.0,35176.0,12.449993775003113,0.040717429528894344,0.39911252584044443
978,46.0,12.0,-0.0,15.0,309.0,35171.0,20.599986266675824,0.12993767825576896,0.292893194655921
979,46.0,13.0,0.6072685162517149,31.0,453.0,35187.0,13.978061104384473,0.1371798565445178,0.666739775520407
980,46.0,14.0,0.5507570032471669,56.0,1143.0,35212.0,20.64310224483127,0.21282577324549778,0.9996959642556957
981,46.0,15.0,-0.0,3.0,152.0,35159.0,50.66649777834074,0.0992087491230631,0.1339745705492088
982,46.0,16.0,0.6770972521535552,30.0,638.0,35186.0,21.616056719557243,0.19017500280116706,0.9998189501996438
983,46.0,17.0,-0.0,14.0,352.0,35170.0,25.1428391836863,0.1101212037217415,0.29289321009392055
984,46.0,18.0,0.5726113533871375,27.0,470.0,35183.0,17.414268915326083,0.2568578786749879,0.5662659284260259
985,46.0,19.0,0.5256547826792886,57.0,1073.0,35213.0,19.790502143106323,0.20210732052701186,0.9997109788746414
986,46.0,20.0,-0.0,14.0,320.0,34534.0,22.85712653062391,0.11435175336803793,0.29289319468278474
987,47.0,0.0,-0.0,15.0,242.0,34538.0,16.13332257778495,0.0540294547932727,0.3991180142688796
988,47.0,1.0,-0.0,7.0,119.0,34530.0,16.99997571432041,0.08901030743633298,0.13397459357094577
989,47.0,2.0,-0.0,17.0,258.0,34540.0,15.176461660904906,0.052558953794581864,0.3991247724613255
990,47.0,3.0,-0.0,11.0,316.0,34534.0,28.72724661159399,0.11808106807451602,0.2928931964355752
991,47.0,4.0,-0.0,19.0,259.0,34542.0,13.631571772856962,0.05504489682280678,0.39911964283878476
992,47.0,5.0,-0.0,11.0,307.0,34534.0,27.90906553721315,0.13320777718413923,0.29289321652023703
993,47.0,6.0,0.6703088895131024,31.0,620.0,34554.0,19.773096514025646,0.18260155153756708,0.9999005806998043
994,47.0,7.0,0.0,0.0,0.0,34523.0,,0.0,0.0
995,47.0,8.0,-0.0,14.0,294.0,34537.0,20.999985000010714,0.05556092625358411,0.39912663928521186
996,47.0,9.0,-0.0,10.0,225.0,34533.0,22.4999775000225,0.05258075377853,0.3991172248325615
997,47.0,10.0,0.517472387745351,28.0,442.0,34551.0,18.999967604241363,0.24476559477324156,0.48867221557368967
998,47.0,11.0,-0.0,9.0,391.0,34532.0,43.44439617289314,0.044856956475672005,0.4999999553396478
999,47.0,12.0,-0.0,17.0,310.0,34540.0,18.23528339100977,0.13009528891308597,0.29289321161714355
1000,47.0,13.0,0.6456718116320189,17.0,458.0,34540.0,49.71646127322039,0.1392029009692176,0.6667502366074562
1001,47.0,14.0,0.5379112755801142,47.0,1136.0,34570.0,22.88234145994847,0.21640017538012446,0.9996478260551732
1002,47.0,15.0,-0.0,14.0,90.0,34537.0,6.428566836737974,0.09402349755878114,0.13397458191311762
1003,47.0,16.0,0.674830321414019,33.0,566.0,34556.0,16.994434154944553,0.1860308400135734,0.9997558957840713
1004,47.0,17.0,-0.0,24.0,267.0,34547.0,11.124995364585265,0.11045186274948315,0.29289317855487995
1005,47.0,18.0,0.5873853707125098,29.0,434.0,34552.0,15.216655986515441,0.28300516377768503,0.5662748108143569
1006,47.0,19.0,0.5801550277469949,66.0,1124.0,34589.0,20.12961780007753,0.19924983583753675,0.999794668997801
1007,47.0,20.0,-0.0,17.0,321.0,33919.0,18.88234183391657,0.11246411153303315,0.2928932012499744
1008,48.0,0.0,-0.0,13.0,252.0,35937.0,19.384600473384253,0.05305236264968738,0.39912538284373067
1009,48.0,1.0,-0.0,6.0,112.0,35930.0,18.66663555560741,0.08641968155680235,0.13397459621528063
1010,48.0,2.0,-0.0,19.0,335.0,35943.0,17.631569667594913,0.05599260196475353,0.49999992978129737
1011,48.0,3.0,-0.0,14.0,324.0,35938.0,23.142840612256705,0.1214489415910538,0.29289317536755355
1012,48.0,4.0,-0.0,13.0,265.0,35937.0,20.384599704154073,0.05352583416477852,0.3991155245459015
1013,48.0,5.0,-0.0,11.0,308.0,35935.0,27.999974545477688,0.13035993011310354,0.2928931744642812
1014,48.0,6.0,0.6673291945344779,31.0,579.0,35955.0,18.56040475530279,0.18121293997335197,0.9998028629766015
1015,48.0,7.0,0.0,0.0,0.0,35924.0,,0.0,0.0
1016,48.0,8.0,-0.0,15.0,294.0,35939.0,19.599986933342045,0.052753687214107337,0.3991125544573395
1017,48.0,9.0,-0.0,11.0,393.0,35935.0,35.727240247963415,0.0632837324968657,0.49999996061656926
1018,48.0,10.0,0.5504296606550267,25.0,497.0,35949.0,18.999982023830114,0.2844284612364123,0.49999991011384015
1019,48.0,11.0,-0.0,21.0,263.0,35945.0,12.523803560093542,0.03943056614950924,0.3991225643001449
1020,48.0,12.0,-0.0,21.0,280.0,35945.0,13.333326984130007,0.13493222536076233,0.2928931806928914
1021,48.0,13.0,0.4768674452099766,18.0,599.0,35942.0,39.92851698523312,0.14332597157539473,0.9996796417985666
1022,48.0,14.0,0.5725773021952155,62.0,1179.0,35986.0,19.05162239536985,0.21974733733554153,0.999736652863574
1023,48.0,15.0,-0.0,3.0,129.0,35927.0,42.99985666714444,0.09482332210479649,0.13397458432368758
1024,48.0,16.0,0.68163902514621,25.0,634.0,35949.0,25.616645105574413,0.19021396859976247,0.9997531795953087
1025,48.0,17.0,-0.0,19.0,332.0,35943.0,17.473675013855257,0.11066878878981312,0.2928932180149044
1026,48.0,18.0,0.5665031131655012,24.0,457.0,35948.0,19.138867515461875,0.2570841166661728,0.6337752024825831
1027,48.0,19.0,0.5608348091490428,54.0,1102.0,35978.0,19.03909056975818,0.19900716977552513,0.9998234270084545
1028,48.0,20.0,-0.0,13.0,359.0,35341.0,27.615363372797407,0.11206148262250804,0.29289321490687936
1029,49.0,0.0,-0.0,17.0,308.0,50621.0,18.117636401390353,0.053589347161401846,0.39911598883626476
1030,49.0,1.0,-0.0,3.0,103.0,17804.0,34.33321888927037,0.0847082026408198,0.13397459350634688
1031,49.0,2.0,-0.0,16.0,246.0,49179.0,15.374990390631007,0.05172450790493199,0.3991132205528063
1032,49.0,3.0,-0.0,21.0,293.0,35964.0,13.952374308393187,0.1242102884234153,0.2928932035380668
1033,49.0,4.0,-0.0,11.0,283.0,49689.0,25.727249338864237,0.05253526573336187,0.3991145535559075
1034,49.0,5.0,-0.0,12.0,324.0,34259.0,26.99997750001875,0.1336715272784884,0.29289321149248837
1035,49.0,6.0,0.6906097846388977,24.0,646.0,79682.0,29.562469804721022,0.18385022567827192,0.9997907119285517
1036,49.0,7.0,0.0,0.0,0.0,0.0,,0.0,0.0
1037,49.0,8.0,-0.0,8.0,267.0,48625.0,33.37495828130215,0.05353514430968609,0.39911684390476987
1038,49.0,9.0,-0.0,22.0,245.0,49001.0,11.136358574382466,0.0553068615373129,0.3991249663561848
1039,49.0,10.0,0.5441668466059661,39.0,487.0,46677.0,12.131026565166987,0.2846159236033253,0.49999989790355637
1040,49.0,11.0,-0.0,12.0,240.0,46699.0,19.999983333347224,0.040007776739943934,0.3991216181268301
1041,49.0,12.0,-0.0,15.0,316.0,32196.0,21.066652622231587,0.13804967104829746,0.29289320756409365
1042,49.0,13.0,0.5588903287426898,31.0,482.0,81338.0,17.1766472349176,0.13967930592295175,0.9996480469713316
1043,49.0,14.0,0.5592280610458739,69.0,1157.0,113627.0,15.882435343371057,0.2182594838612295,0.999726012156469
1044,49.0,15.0,-0.0,5.0,102.0,17556.0,20.3999592000816,0.09555771483102071,0.1339745780780145
1045,49.0,16.0,0.6777212627458942,29.0,645.0,81934.0,22.61867002819914,0.19366132573024175,0.9997221628799826
1046,49.0,17.0,-0.0,23.0,323.0,36503.0,14.043472155012108,0.11071343238682319,0.29289319869227803
1047,49.0,18.0,0.5091773660561526,17.0,436.0,38404.0,23.227245929785898,0.26255067897509476,0.5662774917452364
1048,49.0,19.0,0.6093185706793278,53.0,1157.0,117430.0,21.18332469497745,0.20165581965895985,0.9997562752381174
1049,49.0,20.0,-0.0,18.0,325.0,38313.0,18.05554552469693,0.11050676340659227,0.29289320119584483
